season,season_type,week,player_id,player_name,position,position_group,recent_team,mfl_id,sportradar_id,fantasypros_id,pff_id,sleeper_id,nfl_id,espn_id,yahoo_id,fleaflicker_id,cbs_id,pfr_id,cfbref_id,rotowire_id,rotoworld_id,ktc_id,stats_id,stats_global_id,fantasy_data_id,swish_id,name,merge_name,receptions,targets,receiving_yards,receiving_tds,receiving_fumbles,receiving_fumbles_lost,receiving_air_yards,receiving_yards_after_catch,receiving_first_downs,receiving_epa,receiving_2pt_conversions,racr,target_share,air_yards_share,wopr,player_display_name,team_abbr,avg_cushion,avg_separation,avg_intended_air_yards,percent_share_of_intended_air_yards,catch_percentage,yards,rec_touchdowns,avg_yac,avg_expected_yac,avg_yac_above_expectation,player_gsis_id,player_first_name,player_last_name,player_short_name,game_type,team,opponent,pfr_player_name,pfr_player_id,receiving_broken_tackles,receiving_drop,receiving_drop_pct,receiving_rat
2017,REG,1,00-0032392,A.Hooper,TE,TE,ATL,12677,90c2a93f-d837-4e1b-b57c-56648903a8db,15581.0,10715.0,3202.0,,3043275.0,29315.0,,2067004.0,HoopAu00,austin-hooper-1,10748.0,11301.0,384.0,29315.0,739424.0,17963.0,739424.0,Austin Hooper,austin hooper,2,2,128.0,1,0.0,0.0,45.0,83.0,2.0,11.335708,0,2.8444445,0.06666667,0.20833333,0.24583334,,,,,,,,,,,,,,,,,,,,,,,,,
2017,REG,1,00-0030061,Z.Ertz,TE,TE,PHI,11247,de3421f7-2147-4835-89a5-724e87bad463,11689.0,7816.0,1339.0,zachertz/2540158,15835.0,26658.0,,1685963.0,ErtzZa00,zach-ertz-1,8781.0,8409.0,305.0,26658.0,503177.0,14856.0,503177.0,Zach Ertz,zach ertz,8,8,93.0,0,0.0,0.0,78.0,15.0,6.0,7.477927,0,1.1923077,0.21052632,0.19451371,0.45194906,Zach Ertz,PHI,4.5,2.710967696925789,9.355,18.12633210618097,100.0,93.0,0.0,2.27,2.1770008992323753,0.09299910076762474,00-0030061,Zachary,Ertz,Z.Ertz,,,,,,,,,
2017,REG,1,00-0024389,De.Walker,TE,TE,TEN,8416,ccce5e8e-52ca-4f0f-a40f-fe5e7227d156,9172.0,3120.0,284.0,delaniewalker/2495966,9761.0,7924.0,4353.0,1109396.0,WalkHu00,,4888.0,3976.0,,7924.0,218943.0,7175.0,,Delanie Walker,delanie walker,7,9,76.0,0,0.0,0.0,104.0,12.0,5.0,5.525133,0,0.7307692,0.2195122,0.2795699,0.5249672,Delanie Walker,TEN,7.572500000000002,3.0971480445054085,10.901111111111113,26.669022507339353,77.77777777777779,76.0,0.0,2.358571428571428,3.0257901293372567,-0.6672187007658286,00-0024389,Delanie,Walker,D.Walker,,,,,,,,,
2017,REG,1,00-0031299,J.Matthews,TE,TE,BUF,11676,7b96a836-666b-47b6-a0a7-9dbb0b4c53e8,12124.0,8677.0,1800.0,jordanmatthews/2543500,16763.0,27570.0,,1759816.0,MattJo00,jordan-matthews-1,9273.0,9420.0,,27570.0,555648.0,15974.0,555648.0,Jordan Matthews,jordan matthews,2,3,61.0,0,0.0,0.0,56.0,42.0,2.0,5.050018,0,1.0892857,0.11111111,0.30601093,0.3808743,,,,,,,,,,,,,,,,,,,,,,,,,
2017,REG,1,00-0022127,J.Witten,TE,TE,DAL,6997,e38c9b1b-7c51-48a2-ac1d-a752502e8930,9275.0,1384.0,23.0,jasonwitten/2505629,4527.0,6405.0,,396134.0,WittJa00,jason-witten-1,3086.0,1990.0,,6405.0,184571.0,722.0,,Jason Witten,jason witten,7,9,59.0,1,0.0,0.0,61.0,12.0,1.0,2.5612717,0,0.9672131,0.23684211,0.2053872,0.4990342,Jason Witten,DAL,4.081999999999999,1.5526122168685002,6.372222222222222,18.549065269422343,77.77777777777779,59.0,1.0,1.7257142857142875,1.55828967550644,0.1674246102078476,00-0022127,Christopher,Witten,J.Witten,,,,,,,,,
2017,REG,1,00-0027061,J.Cook,TE,TE,LV,9474,3b7a1409-d154-4e5c-8c94-9d4a0e0993c7,9265.0,5012.0,367.0,jaredcook/71265,12537.0,9353.0,6126.0,584314.0,CookJa02,jared-cook-2,5981.0,5165.0,,9353.0,296480.0,8534.0,296480.0,Jared Cook,jared cook,5,5,56.0,0,0.0,0.0,39.0,17.0,4.0,4.378546,0,1.4358975,0.15625,0.19796954,0.37295368,Jared Cook,LV,7.837999999999999,2.8286891684978563,6.723999999999999,17.454054615304738,100.0,56.0,0.0,4.476000000000001,5.09244080420317,-0.6164408042031688,00-0027061,Jared,Cook,J.Cook,,,,,,,,,
2017,REG,1,00-0029697,C.Fleener,TE,TE,NO,10743,9102665d-a658-4264-81c3-b9810776ddf0,11220.0,7038.0,1107.0,cobyfleener/2532838,14900.0,25744.0,,1244492.0,FleeCo00,coby-fleener-1,8064.0,7418.0,,25744.0,399848.0,13997.0,,Coby Fleener,coby fleener,5,6,54.0,1,0.0,0.0,45.0,12.0,3.0,5.0050325,0,1.2,0.16216215,0.18595041,0.37340853,Coby Fleener,NO,8.100000000000001,1.6398879190733489,8.49,19.676310402101276,83.33333333333334,54.0,1.0,2.161999999999999,2.29138594669987,-0.12938594669987102,00-0029697,Jacoby,Fleener,C.Fleener,,,,,,,,,
2017,REG,1,00-0028112,C.Clay,TE,TE,BUF,10409,04ca4fb9-194e-47fe-8fc8-adb5790a8e78,10003.0,6326.0,801.0,charlesclay/2495139,14145.0,24961.0,,1265552.0,ClayCh00,charles-clay-1,7424.0,6681.0,,24961.0,400516.0,12751.0,,Charles Clay,charles clay,4,9,53.0,1,0.0,0.0,47.0,24.0,3.0,-2.9247289,0,1.1276596,0.33333334,0.2568306,0.67978144,Charles Clay,BUF,4.83125,2.648184709144717,6.58888888888889,33.299640610961376,44.44444444444444,53.0,1.0,5.827499999999999,6.177036845672319,-0.34953684567232024,00-0028112,Charles,Clay,C.Clay,,,,,,,,,
2017,REG,1,00-0031302,C.Fiedorowicz,TE,TE,HOU,11698,048ff76e-1243-4e80-bfec-7b6dee148132,12146.0,8700.0,1951.0,c.j.fiedorowicz/2543721,16766.0,27593.0,,1737104.0,FiedC.00,cj-fiedorowicz-1,9269.0,9613.0,,27593.0,553670.0,16200.0,,C.J. Fiedorowicz,cj fiedorowicz,4,4,46.0,0,0.0,0.0,31.0,15.0,4.0,1.9081013,0,1.483871,0.11111111,0.10064935,0.23712121,,,,,,,,,,,,,,,,,,,,,,,,,
2017,REG,1,00-0028142,V.Green,TE,TE,DEN,10432,6ef43c53-53d7-4b0f-ad99-17664d663ae8,10026.0,6356.0,868.0,virgilgreen/2495288,14085.0,24991.0,7502.0,1130615.0,GreeVi00,virgil-green-1,7416.0,6570.0,,24991.0,323254.0,13016.0,,Virgil Green,virgil green,1,1,44.0,0,0.0,0.0,25.0,19.0,1.0,3.5006564,0,1.76,0.035714287,0.12077295,0.13811249,,,,,,,,,,,,,,,,,,,,,,,,,
2017,REG,1,00-0033881,E.Engram,TE,TE,NYG,13189,e21365af-8d66-416e-b0a5-8816d18fcfd9,16411.0,11778.0,4066.0,,3051876.0,30136.0,,2079887.0,EngrEv00,evan-engram-1,11805.0,12205.0,229.0,30136.0,749185.0,18912.0,749185.0,Evan Engram,evan engram,4,5,44.0,0,0.0,0.0,29.0,20.0,2.0,2.658935,0,1.5172414,0.13157895,0.14572865,0.29937848,Evan Engram,NYG,4.29,3.6323915829620086,6.046000000000001,15.28156910322515,80.0,44.0,0.0,4.5825,4.63908416682537,-0.056584166825370374,00-0033881,Evan,Engram,E.Engram,,,,,,,,,
2017,REG,1,00-0026201,M.Bennett,TE,TE,GB,9044,0ca741f8-58bd-4933-9d5c-0e04de3f4cff,9429.0,4375.0,40.0,martellusbennett/1062,11295.0,8838.0,,564954.0,BennMa00,martellus-bennett-1,5709.0,4639.0,,8838.0,302238.0,1181.0,,Martellus Bennett,martellus bennett,3,6,43.0,0,0.0,0.0,36.0,26.0,2.0,2.228017,0,1.1944444,0.14285715,0.12456747,0.30148295,Martellus Bennett,GB,4.948333333333333,2.8957559271954048,6.333333333333335,12.715834560299824,50.0,43.0,0.0,9.073333333333332,7.045781214351867,2.0275521189814656,00-0026201,Martellus,Bennett,M.Bennett,,,,,,,,,
2017,REG,1,00-0033080,S.DeValve,TE,TE,CLE,12792,a2451bf7-83dd-496c-b527-c14d8d518598,15671.0,10772.0,3296.0,,2566659.0,29372.0,,1984760.0,DevaSe00,,11221.0,11444.0,,29372.0,623676.0,18057.0,,Seth DeValve,seth devalve,4,5,42.0,0,0.0,0.0,35.0,28.0,2.0,2.4285452,0,1.2,0.16666667,0.0997151,0.31980056,Seth DeValve,CLE,5.550000000000001,5.668214599071149,5.757999999999998,8.568197375078121,80.0,42.0,0.0,7.342500000000001,7.465071600376376,-0.12257160037637505,00-0033080,Seth,DeValve,S.DeValve,,,,,,,,,
2017,REG,1,00-0030181,J.Doyle,TE,TE,IND,11516,bd413539-9351-454e-9d61-4e8635d7e9f5,11987.0,8520.0,1706.0,jackdoyle/2540232,16504.0,27299.0,,2041264.0,DoylJa00,,9081.0,9075.0,,27299.0,477386.0,15602.0,477386.0,Jack Doyle,jack doyle,2,3,41.0,0,0.0,0.0,31.0,24.0,2.0,1.150531,0,1.3225807,0.14285715,0.13963965,0.31203347,,,,,,,,,,,,,,,,,,,,,,,,,
2017,REG,1,00-0032135,J.James,TE,TE,PIT,12211,a37a5bfd-b48c-4d8b-817a-d8ce7ca3592d,13959.0,9593.0,2463.0,jessejames/2552633,2979590.0,28548.0,,1983808.0,JameJe00,jesse-james-1,10150.0,10403.0,,28548.0,652019.0,16920.0,652019.0,Jesse James,jesse james,6,8,41.0,2,0.0,0.0,34.0,26.0,3.0,5.6396956,0,1.2058823,0.22222222,0.15111111,0.4391111,Jesse James,PIT,6.741666666666666,3.5014864617562345,6.145,21.520816004903036,75.0,41.0,2.0,4.693333333333333,4.829478016084522,-0.13614468275118874,00-0032135,Jesse,James,J.James,,,,,,,,,
2017,REG,1,00-0030506,T.Kelce,TE,TE,KC,11244,c3859e06-5f23-4302-a71b-04820a899d5f,11594.0,7844.0,1466.0,traviskelce/2540258,15847.0,26686.0,,1725130.0,KelcTr00,travis-kelce-1,8783.0,8411.0,264.0,26686.0,448240.0,15048.0,448240.0,Travis Kelce,travis kelce,5,7,40.0,0,0.0,0.0,50.0,23.0,2.0,-1.3914691,0,0.8,0.20588236,0.1923077,0.44343892,Travis Kelce,KC,5.3100000000000005,2.821360786906432,7.119999999999999,19.267792940812615,71.42857142857143,40.0,0.0,5.784,4.075142366004821,1.708857633995179,00-0030506,Travis,Kelce,T.Kelce,,,,,,,,,
2017,REG,1,00-0027125,Z.Miller,TE,TE,CHI,9611,338b1ed8-131f-41f4-850a-1f93534558c7,9635.0,5104.0,749.0,zachmiller/238457,12699.0,9444.0,,1674135.0,MillZa02,,6124.0,5394.0,,9444.0,245993.0,12415.0,,Zach Miller,zach miller,4,6,39.0,0,0.0,0.0,35.0,13.0,2.0,0.73316365,0,1.1142857,0.15,0.20231214,0.36661848,Zach Miller,CHI,5.946000000000001,3.6792841243393664,6.0200000000000005,17.387955519183553,66.66666666666666,39.0,0.0,2.5124999999999993,2.6075070356555585,-0.09500703565555924,00-0027125,Zachary,Miller,Z.Miller,,,,,,,,,
2017,REG,1,00-0033895,G.Everett,TE,TE,LA,13236,ebeceb00-57e0-4b74-9cf7-853da2afed18,16459.0,11799.0,4089.0,,3918639.0,30157.0,,2142692.0,EverGe00,gerald-everett-1,11737.0,12284.0,55.0,30157.0,838487.0,18935.0,838487.0,Gerald Everett,gerald everett,1,1,39.0,0,0.0,0.0,30.0,9.0,1.0,2.9262674,0,1.3,0.033333335,0.12,0.134,,,,,,,,,,,,,,,,,,,,,,,,,
2017,REG,1,00-0030472,J.Reed,TE,TE,WAS,11248,c3bf8d3e-3b2e-4f9e-ad74-c0a684035f17,11690.0,7866.0,1500.0,jordanreed/2540160,15860.0,26708.0,,1691412.0,ReedJo02,jordan-reed-1,8615.0,8412.0,,26708.0,508876.0,15100.0,,Jordan Reed,jordan reed,5,8,36.0,0,0.0,0.0,46.0,13.0,1.0,-0.58491784,0,0.7826087,0.2,0.123655915,0.38655913,Jordan Reed,WAS,7.635000000000001,3.704599586595548,5.706250000000001,12.343509179893466,62.5,36.0,0.0,2.638000000000001,2.610629068838898,0.027370931161102785,00-0030472,Jordan,Reed,J.Reed,,,,,,,,,
2017,REG,1,00-0031609,A.Derby,TE,TE,DEN,12351,f0805b80-e01c-46fd-99a6-dae1134fb764,14072.0,9635.0,2503.0,a.j.derby/2552580,3046413.0,28590.0,,2061203.0,DerbA.00,aj-derby-1,10484.0,10576.0,,28590.0,543797.0,16962.0,,A.J. Derby,aj derby,3,3,34.0,0,0.0,0.0,20.0,14.0,3.0,3.7172017,0,1.7,0.10714286,0.096618354,0.22834714,,,,,,,,,,,,,,,,,,,,,,,,,
2017,REG,1,00-0032004,W.Tye,TE,TE,NYJ,12532,9ace8914-bf2c-422a-af03-62a78bc27880,14439.0,10070.0,3043.0,willtye/2553830,2512523.0,29046.0,,2175071.0,,,10700.0,11056.0,,29046.0,553297.0,17754.0,,Will Tye,will tye,3,3,34.0,0,0.0,0.0,15.0,19.0,1.0,2.60261,0,2.2666667,0.078947365,0.07772021,0.1728252,,,,,,,,,,,,,,,,,,,,,,,,,
2017,REG,1,00-0027656,R.Gronkowski,TE,TE,NE,9902,2142a164-48ad-47d6-bb27-0bc58c6b2e62,9721.0,5567.0,515.0,robgronkowski/497240,13229.0,24017.0,,1244303.0,GronRo00,rob-gronkowski-1,6443.0,5729.0,,24017.0,381091.0,10974.0,381091.0,Rob Gronkowski,rob gronkowski,2,6,33.0,0,0.0,0.0,113.0,4.0,2.0,2.5332696,0,0.2920354,0.16666667,0.19929454,0.38950616,Rob Gronkowski,NE,2.911666666666667,1.4178775706927595,18.875,20.85289730983815,33.33333333333333,33.0,0.0,3.8099999999999987,2.6909389136021673,1.1190610863978314,00-0027656,Robert,Gronkowski,R.Gronkowski,,,,,,,,,
2017,REG,1,00-0030422,D.Sims,TE,TE,CHI,11249,9c04a540-cb7c-41dc-8e7c-50b7af29a3a2,11691.0,7888.0,1357.0,dionsims/2540200,15974.0,26729.0,,1700507.0,SimsDi00,dion-sims-1,8784.0,8532.0,,26729.0,511525.0,14876.0,,Dion Sims,dion sims,2,3,31.0,0,0.0,0.0,4.0,20.0,2.0,2.0049875,0,7.75,0.075,0.023121387,0.12868497,,,,,,,,,,,,,,,,,,,,,,,,,
2017,REG,1,00-0033288,G.Kittle,TE,TE,SF,13299,2ada91b0-036e-454f-83c3-6d939ff584a9,16499.0,11901.0,4217.0,,3040151.0,30259.0,,2818265.0,KittGe00,george-kittle-1,11892.0,12276.0,298.0,30259.0,733672.0,19063.0,733672.0,George Kittle,george kittle,5,6,27.0,0,0.0,0.0,22.0,17.0,1.0,-6.679084,0,1.2272727,0.17142858,0.08627451,0.317535,George Kittle,SF,4.88,2.076971437017971,3.603333333333334,8.293375273313131,83.33333333333334,27.0,0.0,3.4179999999999993,2.906738707707359,0.5112612922926401,00-0033288,George,Kittle,G.Kittle,,,,,,,,,
2017,REG,1,00-0027981,K.Rudolph,TE,TE,MIN,10312,1059e9dc-97df-4643-9116-883a0573d8b1,9906.0,6195.0,943.0,kylerudolph/2495438,14054.0,24830.0,7444.0,1633122.0,RudoKy00,kyle-rudolph-1,7246.0,6459.0,,24830.0,469472.0,13275.0,469472.0,Kyle Rudolph,kyle rudolph,3,3,26.0,1,0.0,0.0,23.0,3.0,1.0,2.7445343,0,1.1304348,0.09375,0.09623431,0.20798902,,,,,,,,,,,,,,,,,,,,,,,,,
2017,REG,1,00-0031690,E.Tomlinson,TE,TE,NYJ,13065,b3d7169b-9cf6-4fea-815a-26e4fb0ec16a,14339.0,9786.0,2755.0,,2511973.0,28658.0,,1759992.0,TomlEr01,,10553.0,10747.0,,28658.0,554431.0,17223.0,554431.0,Eric Tomlinson,eric tomlinson,2,2,25.0,0,0.0,0.0,20.0,5.0,1.0,1.4305707,0,1.25,0.05263158,0.103626944,0.15148623,,,,,,,,,,,,,,,,,,,,,,,,,
2017,REG,1,00-0032117,N.O'Leary,TE,TE,BUF,12207,c257b2e6-dfc9-45c8-b30c-a497f2ce82a2,13957.0,9627.0,2495.0,,2576804.0,28582.0,,1860760.0,OLeaNi00,nick-oleary-1,10250.0,10568.0,,28582.0,605423.0,16954.0,,Nick O'Leary,nick oleary,1,2,22.0,0,0.0,0.0,18.0,15.0,1.0,1.5148867,0,1.2222222,0.074074075,0.09836066,0.17996357,,,,,,,,,,,,,,,,,,,,,,,,,
2017,REG,1,00-0032055,D.Funchess,TE,TE,CAR,12205,7f5f2a81-ac40-420c-9421-5b9e2a21faf8,13915.0,9474.0,2346.0,,2977609.0,28429.0,,2001877.0,FuncDe00,devin-funchess-1,10138.0,10391.0,,28429.0,696127.0,16802.0,696127.0,Devin Funchess,devin funchess,2,2,20.0,0,0.0,0.0,15.0,5.0,1.0,1.6558809,0,1.3333334,0.083333336,0.06912442,0.1733871,,,,,,,,,,,,,,,,,,,,,,,,,
2017,REG,1,00-0032227,J.Heuerman,TE,TE,DEN,12208,1fe3aadd-336b-4838-888e-8c9609747afc,13961.0,9525.0,2397.0,jeffheuerman/2552399,2576389.0,28480.0,,1824413.0,HeueJe00,jeff-heuerman-1,10246.0,10492.0,,28480.0,593517.0,16853.0,,Jeff Heuerman,jeff heuerman,1,2,20.0,0,0.0,0.0,14.0,5.0,1.0,0.72814256,0,1.4285715,0.071428575,0.06763285,0.15448585,,,,,,,,,,,,,,,,,,,,,,,,,
2017,REG,1,00-0033885,D.Njoku,TE,TE,CLE,13192,8f86fcea-90e8-49ea-bc78-5c7659313e57,16399.0,11784.0,4033.0,,3123076.0,30142.0,,2136474.0,NjokDa00,david-njoku-1,11734.0,12186.0,252.0,30142.0,832098.0,18876.0,832098.0,David Njoku,david njoku,2,2,20.0,0,0.0,0.0,12.0,8.0,1.0,3.0329993,0,1.6666666,0.06666667,0.034188036,0.123931624,,,,,,,,,,,,,,,,,,,,,,,,,
2017,REG,1,00-0025418,G.Olsen,TE,TE,CAR,8687,587d0a98-7ec5-45a5-adba-8af26e8f256b,9238.0,3647.0,58.0,gregolsen/2495700,10475.0,8285.0,,502524.0,OlseGr00,greg-olsen-1,5206.0,4190.0,,8285.0,230925.0,1658.0,,Greg Olsen,greg olsen,2,4,18.0,0,0.0,0.0,40.0,0.0,1.0,-0.00026783015,0,0.45,0.16666667,0.1843318,0.37903225,,,,,,,,,,,,,,,,,,,,,,,,,
2017,REG,1,00-0027985,L.Kendricks,TE,TE,GB,10318,27921351-a775-4649-bd49-7b4c486d1ba2,9912.0,6199.0,964.0,lancekendricks/2495187,14007.0,24834.0,7425.0,1117803.0,KendLa00,lance-kendricks-1,7412.0,6614.0,,24834.0,332066.0,13386.0,,Lance Kendricks,lance kendricks,2,4,18.0,0,0.0,0.0,11.0,6.0,0.0,-6.0389066,0,1.6363636,0.0952381,0.038062282,0.16950074,,,,,,,,,,,,,,,,,,,,,,,,,
2017,REG,1,00-0031951,J.O'Shaughnessy,TE,TE,JAX,12330,e5c6b0d4-3e77-422b-a6d8-574a10ed385e,14146.0,9606.0,2476.0,,2508079.0,28561.0,,2174148.0,O'ShJa00,,10249.0,10549.0,,28561.0,552352.0,16933.0,552352.0,James O'Shaughnessy,james oshaughnessy,1,1,18.0,0,0.0,0.0,5.0,13.0,1.0,1.6161333,0,3.6,0.04761905,0.028901733,0.091659784,,,,,,,,,,,,,,,,,,,,,,,,,
2017,REG,1,00-0021547,A.Gates,TE,TE,LAC,7236,82da09c2-e542-4f7d-87d9-24dfd8e014de,9027.0,1609.0,322.0,antoniogates/2505299,5362.0,6663.0,,396811.0,,,3172.0,611.0,,6663.0,234249.0,7884.0,,Antonio Gates,antonio gates,2,3,17.0,0,0.0,0.0,16.0,8.0,1.0,0.3030615,0,1.0625,0.09090909,0.08080808,0.1929293,,,,,,,,,,,,,,,,,,,,,,,,,
2017,REG,1,00-0033110,T.Higbee,TE,TE,LA,12678,0df7912d-9e81-47ea-b4f7-d04986df4ee8,15623.0,10744.0,3271.0,,2573401.0,29344.0,,1853103.0,HigbTy00,tyler-higbee-1,10854.0,11430.0,159.0,29344.0,604176.0,18032.0,604176.0,Tyler Higbee,tyler higbee,2,3,17.0,0,0.0,0.0,22.0,5.0,1.0,1.19658,0,0.77272725,0.1,0.088,0.2116,,,,,,,,,,,,,,,,,,,,,,,,,
2017,REG,1,00-0027873,J.Gresham,TE,TE,ARI,9838,b44773b9-af17-4d6c-a453-132e20849712,9685.0,5546.0,530.0,jermainegresham/497238,13228.0,23996.0,,1123667.0,GresJe00,jermaine-gresham-1,6455.0,5549.0,,23996.0,333278.0,11026.0,,Jermaine Gresham,jermaine gresham,3,4,15.0,0,0.0,0.0,25.0,4.0,1.0,-0.3754959,0,0.6,0.08510638,0.059382424,0.16922727,,,,,,,,,,,,,,,,,,,,,,,,,
2017,REG,1,00-0030155,D.Harris,TE,TE,KC,11448,8506c15c-15cc-4d2c-aebf-270c605fe0ec,11881.0,8524.0,1619.0,demetriusharris/2541187,16318.0,27174.0,,2060074.0,HarrDe03,,9847.0,8683.0,,27174.0,602269.0,15305.0,602269.0,Demetrius Harris,demetrius harris,2,2,15.0,1,0.0,0.0,11.0,4.0,1.0,3.4713833,0,1.3636364,0.05882353,0.042307694,0.117850676,,,,,,,,,,,,,,,,,,,,,,,,,
2017,REG,1,00-0031598,N.Boyle,TE,TE,BAL,12328,9480dd9f-151f-4e6d-b5a3-35f07bda4cac,13963.0,9604.0,2474.0,,2574591.0,28559.0,,1888149.0,BoylNi00,,10252.0,10547.0,,28559.0,608753.0,16931.0,608753.0,Nick Boyle,nick boyle,1,1,14.0,0,0.0,0.0,0.0,14.0,1.0,0.69925773,0,0.0,0.05882353,0.0,0.0882353,,,,,,,,,,,,,,,,,,,,,,,,,
2017,REG,1,00-0032725,S.Anderson,TE,TE,HOU,12859,5cb0bf9c-03b4-4201-97c5-a59c6db50841,15760.0,11160.0,3496.0,,2576854.0,29789.0,,1880821.0,AndeSt01,,10885.0,11556.0,,29789.0,607660.0,18262.0,607660.0,Stephen Anderson,stephen anderson,2,5,14.0,0,0.0,0.0,35.0,11.0,1.0,-7.303632,0,0.4,0.1388889,0.11363637,0.28787878,Stephen Anderson,HOU,6.805000000000001,3.9754369148270365,8.177999999999999,12.325546345139413,40.0,14.0,0.0,5.225000000000001,6.980166940239542,-1.7551669402395405,00-0032725,Stephen,Anderson,S.Anderson,,,,,,,,,
2017,REG,1,00-0029119,D.Carrier,TE,TE,LA,10940,d3fab07b-f02a-433d-9612-cb0a751f324d,11417.0,7406.0,1718.0,derekcarrier/2534241,15403.0,26416.0,,1977121.0,CarrDe00,,9203.0,7527.0,,26416.0,654887.0,15640.0,654887.0,Derek Carrier,derek carrier,1,2,12.0,0,0.0,0.0,5.0,10.0,1.0,-0.634631,0,2.4,0.06666667,0.02,0.114,,,,,,,,,,,,,,,,,,,,,,,,,
2017,REG,1,00-0025549,B.Celek,TE,TE,PHI,8838,645a8bf9-2079-4df4-904a-3d8f08438b85,9070.0,3778.0,221.0,brentcelek/2507218,10605.0,8416.0,4697.0,408126.0,CeleBr00,brent-celek-1,5403.0,4269.0,,8416.0,229510.0,5511.0,,Brent Celek,brent celek,1,2,11.0,0,0.0,0.0,-1.0,13.0,1.0,0.33407363,0,0.0,0.05263158,-0.0024937657,0.07720173,,,,,,,,,,,,,,,,,,,,,,,,,
2017,REG,1,00-0032394,N.Vannett,TE,TE,SEA,12680,c731aa8a-778b-4ccd-a19f-517eb66f47b7,15645.0,10728.0,3258.0,,2576399.0,29328.0,,1871322.0,VannNi00,nick-vannett-1,10949.0,11329.0,,29328.0,606488.0,18019.0,606488.0,Nick Vannett,nick vannett,1,1,10.0,0,0.0,0.0,6.0,4.0,0.0,0.69995993,0,1.6666666,0.037037037,0.021582734,0.07066347,,,,,,,,,,,,,,,,,,,,,,,,,
2017,REG,1,00-0029587,R.Ellison,TE,TE,NYG,10838,cccc9f16-9508-434f-b7a4-9a29cb0cacf9,11315.0,7128.0,1211.0,rhettellison/2532835,15003.0,25838.0,,1244464.0,ElliRh00,rhett-ellison-1,8114.0,7580.0,,25838.0,399295.0,14445.0,,Rhett Ellison,rhett ellison,1,1,9.0,0,0.0,0.0,2.0,7.0,0.0,0.8312284,0,4.5,0.02631579,0.010050251,0.04650886,,,,,,,,,,,,,,,,,,,,,,,,,
2017,REG,1,00-0031387,E.Ebron,TE,TE,DET,11695,9fbcfae9-dd14-415c-8952-9b1b5dff0dfc,12143.0,8645.0,2118.0,ericebron/2543466,16732.0,27538.0,,1865396.0,EbroEr00,eric-ebron-1,9210.0,9390.0,,27538.0,605752.0,16451.0,605752.0,Eric Ebron,eric ebron,2,3,9.0,0,0.0,0.0,16.0,4.0,1.0,0.49289805,0,0.5625,0.07692308,0.05479452,0.15374078,,,,,,,,,,,,,,,,,,,,,,,,,
2017,REG,1,00-0027696,J.Graham,TE,TE,SEA,9925,fd85786d-3900-4dc0-9b30-334ee30413ed,9712.0,5619.0,616.0,jimmygraham/497236,13232.0,24070.0,6610.0,1691166.0,GrahJi00,jimmy-graham-1,6532.0,5842.0,,24070.0,295918.0,11488.0,295918.0,Jimmy Graham,jimmy graham,3,8,8.0,0,0.0,0.0,17.0,23.0,0.0,-8.457096,0,0.47058824,0.2962963,0.06115108,0.4872502,Jimmy Graham,SEA,5.918333333333333,3.5342500517771116,4.328749999999999,12.26187947029247,37.5,8.0,0.0,7.240000000000002,7.83850801313353,-0.5985080131335279,00-0027696,Jimmy,Graham,J.Graham,,,,,,,,,
2017,REG,1,00-0031558,M.Williams,TE,TE,BAL,12206,52f4a43a-64a9-4d69-a9e2-28bd60f68e49,13919.0,9488.0,2360.0,,2970726.0,28443.0,,1983769.0,WillMa04,maxx-williams-1,10128.0,10298.0,,28443.0,651658.0,16816.0,651658.0,Maxx Williams,maxx williams,1,1,5.0,0,0.0,0.0,-4.0,9.0,0.0,-0.21928261,0,0.0,0.05882353,-0.04494382,0.05677462,,,,,,,,,,,,,,,,,,,,,,,,,
2017,REG,1,00-0032214,T.Kroft,TE,TE,CIN,12212,36f54823-9d51-4180-9c91-d10281deb4bf,13960.0,9518.0,2390.0,tylerkroft/2552586,2582410.0,28473.0,,1824200.0,KrofTy00,tyler-kroft-1,10247.0,10490.0,,28473.0,592268.0,16846.0,592268.0,Tyler Kroft,tyler kroft,1,1,5.0,0,0.0,0.0,5.0,0.0,0.0,0.3747356,0,1.0,0.03448276,0.02232143,0.067349136,,,,,,,,,,,,,,,,,,,,,,,,,
2017,REG,1,00-0030549,T.Eifert,TE,TE,CIN,11250,14ecf9dd-3a77-4847-8e62-407cd1182f1c,11692.0,7802.0,1388.0,tylereifert/2540148,15788.0,26644.0,,1691608.0,EifeTy00,tyler-eifert-1,8782.0,8408.0,,26644.0,508968.0,14918.0,,Tyler Eifert,tyler eifert,1,1,4.0,0,0.0,0.0,4.0,0.0,0.0,-0.24209835,0,1.0,0.03448276,0.017857144,0.06422414,,,,,,,,,,,,,,,,,,,,,,,,,
2017,REG,1,00-0022943,B.Watson,TE,TE,BAL,7422,d81844de-54c3-42ee-9850-072dc4131b6f,9040.0,1753.0,663.0,benjaminwatson/2506122,5557.0,6791.0,,493107.0,WatsBe00,benjamin-watson-1,3872.0,48.0,,6791.0,246082.0,11756.0,,Ben Watson,ben watson,0,1,0.0,0,0.0,0.0,0.0,0.0,0.0,-0.4711468,0,,0.05882353,0.0,0.0882353,,,,,,,,,,,,,,,,,,,,,,,,,
2017,REG,1,00-0024221,V.Davis,TE,TE,WAS,8247,0a95e792-6455-4927-9539-f95fa7f41fbb,9621.0,2951.0,200.0,vernondavis/2495826,9592.0,7755.0,,409254.0,DaviVe00,vernon-davis-1,4732.0,3638.0,,7755.0,215595.0,5084.0,,Vernon Davis,vernon davis,0,1,0.0,0,0.0,0.0,15.0,0.0,0.0,-0.7076468,0,0.0,0.025,0.04032258,0.0657258,,,,,,,,,,,,,,,,,,,,,,,,,
2017,REG,1,00-0024243,M.Lewis,TE,TE,JAX,8269,9c21e9af-681c-41ef-9b00-fbc9e1668ed1,9413.0,2973.0,111.0,marcedeslewis/2495888,9614.0,7777.0,4007.0,415313.0,LewiMa00,marcedes-lewis-1,4891.0,3615.0,,7777.0,214197.0,3061.0,214197.0,Marcedes Lewis,marcedes lewis,0,2,0.0,0,0.0,0.0,4.0,0.0,0.0,-2.0393784,0,0.0,0.0952381,0.023121387,0.15904212,,,,,,,,,,,,,,,,,,,,,,,,,
2017,REG,1,00-0027675,E.Dickson,TE,TE,CAR,9912,46bb9a85-523c-4530-95c3-2c2a9737e65f,9706.0,5595.0,701.0,eddickson/497224,13272.0,24045.0,6604.0,565631.0,DickEd00,ed-dickson-1,6530.0,5840.0,,24045.0,296060.0,12153.0,,Ed Dickson,ed dickson,0,1,0.0,0,0.0,0.0,21.0,0.0,0.0,-0.5174862,0,0.0,0.041666668,0.09677419,0.13024193,,,,,,,,,,,,,,,,,,,,,,,,,
2017,REG,1,00-0029689,D.Allen,TE,TE,NE,10742,cc745cc3-d52a-454b-98c8-ac9155a9405c,11219.0,7066.0,1105.0,dwayneallen/2533046,14901.0,25774.0,8485.0,1630216.0,AlleDw00,dwayne-allen-1,8041.0,7452.0,,25774.0,463515.0,13987.0,,Dwayne Allen,dwayne allen,0,2,0.0,0,0.0,0.0,57.0,0.0,0.0,-1.0758554,0,0.0,0.055555556,0.1005291,0.1537037,,,,,,,,,,,,,,,,,,,,,,,,,
2017,REG,1,00-0030089,L.Willson,TE,TE,SEA,11381,16c67c97-ffd9-4f92-917d-ad6124ce1f6e,11812.0,7940.0,1603.0,lukewillson/2541199,16121.0,26781.0,,2057661.0,WillLu00,luke-willson-1,8907.0,8567.0,,26781.0,466869.0,15263.0,466869.0,Luke Willson,luke willson,0,1,0.0,0,0.0,0.0,7.0,0.0,0.0,-0.7153069,0,0.0,0.037037037,0.025179856,0.07318146,,,,,,,,,,,,,,,,,,,,,,,,,
2017,REG,1,00-0030108,R.Griffin,TE,TE,HOU,11399,cb1df42c-b59c-4e23-a9a2-fbfc2b39ef71,11830.0,7982.0,1425.0,ryangriffin/2541316,15887.0,26824.0,,2057695.0,GrifRy00,ryan-griffin-1,8911.0,8600.0,,26824.0,465129.0,14985.0,465129.0,Ryan Griffin,ryan griffin,0,1,0.0,0,0.0,0.0,4.0,0.0,0.0,-0.8356828,0,0.0,0.027777778,0.012987013,0.050757576,,,,,,,,,,,,,,,,,,,,,,,,,
2017,REG,1,00-0030443,L.Toilolo,TE,TE,ATL,11252,67d56171-7522-430c-b7d9-8f7e2b6624d3,11694.0,7915.0,1642.0,levinetoilolo/2540203,15980.0,26756.0,,1685990.0,ToilLe00,levine-toilolo-1,8789.0,8414.0,,26756.0,503205.0,15378.0,503205.0,Levine Toilolo,levine toilolo,0,1,0.0,0,0.0,0.0,21.0,0.0,0.0,-0.5249509,0,0.0,0.033333335,0.097222224,0.11805555,,,,,,,,,,,,,,,,,,,,,,,,,
2017,REG,1,00-0030470,V.McDonald,TE,TE,PIT,11257,8f24a248-b328-43ec-8677-67600e42a8f7,11699.0,7836.0,1587.0,vancemcdonald/2540215,15853.0,26678.0,,1673357.0,McDoVa00,vance-mcdonald-1,8785.0,8413.0,,26678.0,494969.0,15239.0,,Vance McDonald,vance mcdonald,0,1,0.0,0,0.0,0.0,5.0,0.0,0.0,-1.2554276,0,0.0,0.027777778,0.022222223,0.05722222,,,,,,,,,,,,,,,,,,,,,,,,,
2017,REG,1,00-0031044,T.Niklas,TE,TE,ARI,11703,2b159c76-53d6-4670-b341-392bc7d6d5f2,12151.0,8687.0,2245.0,troyniklas/2543628,16797.0,27580.0,,1893206.0,NiklTr00,troy-niklas-1,9292.0,9319.0,,27580.0,610949.0,16648.0,,Troy Niklas,troy niklas,0,2,0.0,0,0.0,0.0,20.0,0.0,0.0,-0.9092257,0,0.0,0.04255319,0.047505938,0.09708394,,,,,,,,,,,,,,,,,,,,,,,,,
2017,REG,1,00-0032319,R.Travis,TE,TE,KC,12898,75dfd9cc-5419-49e1-bade-0632d03ca4b4,14613.0,10320.0,3041.0,,3936647.0,29208.0,,2195596.0,,,10837.0,11245.0,,29208.0,602069.0,17750.0,602069.0,Ross Travis,ross travis,0,1,0.0,0,0.0,0.0,16.0,0.0,0.0,-0.47829837,0,0.0,0.029411765,0.06153846,0.08719457,,,,,,,,,,,,,,,,,,,,,,,,,
2017,REG,1,00-0033858,J.Smith,TE,TE,TEN,13193,e4f25a37-74de-4bfb-b6c9-f50a4fab0b87,16460.0,11855.0,4144.0,,3054212.0,30213.0,,2081506.0,SmitJo01,jonnu-smith-1,11807.0,12344.0,84.0,30213.0,743749.0,18990.0,743749.0,Jonnu Smith,jonnu smith,0,1,0.0,0,0.0,0.0,4.0,0.0,0.0,-0.660178,0,0.0,0.024390243,0.010752688,0.044112246,,,,,,,,,,,,,,,,,,,,,,,,,
2017,REG,2,00-0027656,R.Gronkowski,TE,TE,NE,9902,2142a164-48ad-47d6-bb27-0bc58c6b2e62,9721.0,5567.0,515.0,robgronkowski/497240,13229.0,24017.0,,1244303.0,GronRo00,rob-gronkowski-1,6443.0,5729.0,,24017.0,381091.0,10974.0,381091.0,Rob Gronkowski,rob gronkowski,6,9,116.0,1,0.0,0.0,87.0,60.0,5.0,10.647291,0,1.3333334,0.23076923,0.30960855,0.5628798,Rob Gronkowski,NE,3.7062500000000003,1.9351376474224697,9.91777777777778,30.3326876677881,66.66666666666666,116.0,1.0,10.111666666666665,8.363741169547666,1.7479254971189988,00-0027656,Robert,Gronkowski,R.Gronkowski,,,,,,,,,
2017,REG,2,00-0030506,T.Kelce,TE,TE,KC,11244,c3859e06-5f23-4302-a71b-04820a899d5f,11594.0,7844.0,1466.0,traviskelce/2540258,15847.0,26686.0,,1725130.0,KelcTr00,travis-kelce-1,8783.0,8411.0,264.0,26686.0,448240.0,15048.0,448240.0,Travis Kelce,travis kelce,8,10,103.0,1,0.0,0.0,46.0,64.0,4.0,5.184219,0,2.2391305,0.37037036,0.31506848,0.7761035,Travis Kelce,KC,6.215,2.789389363804795,5.11,32.64758497316637,80.0,103.0,1.0,8.04625,7.071261170310777,0.9749888296892237,00-0030506,Travis,Kelce,T.Kelce,,,,,,,,,
2017,REG,2,00-0022127,J.Witten,TE,TE,DAL,6997,e38c9b1b-7c51-48a2-ac1d-a752502e8930,9275.0,1384.0,23.0,jasonwitten/2505629,4527.0,6405.0,,396134.0,WittJa00,jason-witten-1,3086.0,1990.0,,6405.0,184571.0,722.0,,Jason Witten,jason witten,10,13,97.0,1,0.0,0.0,111.0,13.0,4.0,2.6283305,0,0.8738739,0.26530612,0.32937685,0.628523,Jason Witten,DAL,4.9399999999999995,1.753889460516344,8.972307692307693,31.587499322970263,76.92307692307693,97.0,1.0,1.1119999999999994,1.7234135408128506,-0.6114135408128512,00-0022127,Christopher,Witten,J.Witten,,,,,,,,,
2017,REG,2,00-0030061,Z.Ertz,TE,TE,PHI,11247,de3421f7-2147-4835-89a5-724e87bad463,11689.0,7816.0,1339.0,zachertz/2540158,15835.0,26658.0,,1685963.0,ErtzZa00,zach-ertz-1,8781.0,8409.0,305.0,26658.0,503177.0,14856.0,503177.0,Zach Ertz,zach ertz,5,10,97.0,0,0.0,0.0,95.0,32.0,5.0,4.1052327,0,1.0210526,0.22222222,0.16994633,0.45229578,Zach Ertz,PHI,4.428888888888888,2.0533758775129565,8.934,15.647330811265233,50.0,97.0,0.0,7.254000000000002,3.4681986150785065,3.7858013849214958,00-0030061,Zachary,Ertz,Z.Ertz,,,,,,,,,
2017,REG,2,00-0033895,G.Everett,TE,TE,LA,13236,ebeceb00-57e0-4b74-9cf7-853da2afed18,16459.0,11799.0,4089.0,,3918639.0,30157.0,,2142692.0,EverGe00,gerald-everett-1,11737.0,12284.0,55.0,30157.0,838487.0,18935.0,838487.0,Gerald Everett,gerald everett,3,3,95.0,0,0.0,0.0,36.0,59.0,2.0,5.4446692,0,2.6388888,0.12,0.23225807,0.34258065,,,,,,,,,,,,,,,,,,,,,,,,,
2017,REG,2,00-0022943,B.Watson,TE,TE,BAL,7422,d81844de-54c3-42ee-9850-072dc4131b6f,9040.0,1753.0,663.0,benjaminwatson/2506122,5557.0,6791.0,,493107.0,WatsBe00,benjamin-watson-1,3872.0,48.0,,6791.0,246082.0,11756.0,,Ben Watson,ben watson,8,8,91.0,0,0.0,0.0,53.0,38.0,7.0,6.089232,0,1.7169812,0.24242425,0.28494623,0.5630987,Benjamin Watson,BAL,6.036666666666666,2.6707088106823833,6.456250000000001,26.178408514951855,100.0,91.0,0.0,4.918749999999999,5.330121669156632,-0.41137166915663315,00-0022943,Benjamin,Watson,B.Watson,,,,,,,,,
2017,REG,2,00-0033090,H.Henry,TE,TE,LAC,12676,705899da-3c20-4bc3-b5d0-2e6e40655131,15561.0,10669.0,3214.0,,3046439.0,29269.0,,2079848.0,HenrHu00,hunter-henry-1,10735.0,11299.0,212.0,29269.0,744425.0,17975.0,744425.0,Hunter Henry,hunter henry,7,7,80.0,0,0.0,0.0,74.0,6.0,4.0,4.9582787,0,1.081081,0.17948718,0.24915825,0.44364154,Hunter Henry,LAC,5.113333333333333,3.9366783624979296,10.140000000000002,26.009527299377062,100.0,80.0,0.0,1.2885714285714265,2.079742510540251,-0.7911710819688245,00-0033090,Hunter,Henry,H.Henry,,,,,,,,,
2017,REG,2,00-0030181,J.Doyle,TE,TE,IND,11516,bd413539-9351-454e-9d61-4e8635d7e9f5,11987.0,8520.0,1706.0,jackdoyle/2540232,16504.0,27299.0,,2041264.0,DoylJa00,,9081.0,9075.0,,27299.0,477386.0,15602.0,477386.0,Jack Doyle,jack doyle,8,8,79.0,0,0.0,0.0,57.0,22.0,4.0,5.5243683,0,1.3859649,0.22222222,0.1826923,0.46121794,Jack Doyle,IND,6.505714285714285,3.1370569397913846,6.94625,17.719460476387876,100.0,79.0,0.0,2.92875,4.480838397646963,-1.5520883976469628,00-0030181,John,Doyle,J.Doyle,,,,,,,,,
2017,REG,2,00-0032055,D.Funchess,TE,TE,CAR,12205,7f5f2a81-ac40-420c-9421-5b9e2a21faf8,13915.0,9474.0,2346.0,,2977609.0,28429.0,,2001877.0,FuncDe00,devin-funchess-1,10138.0,10391.0,,28429.0,696127.0,16802.0,696127.0,Devin Funchess,devin funchess,4,6,68.0,0,0.0,0.0,92.0,14.0,2.0,4.125937,0,0.73913044,0.19354838,0.33333334,0.5236559,,,,,,,,,,,,,,,,,,,,,,,,,
2017,REG,2,00-0024389,De.Walker,TE,TE,TEN,8416,ccce5e8e-52ca-4f0f-a40f-fe5e7227d156,9172.0,3120.0,284.0,delaniewalker/2495966,9761.0,7924.0,4353.0,1109396.0,WalkHu00,,4888.0,3976.0,,7924.0,218943.0,7175.0,,Delanie Walker,delanie walker,4,4,61.0,0,0.0,0.0,52.0,9.0,4.0,6.830632,0,1.1730769,0.17391305,0.21138212,0.40883705,,,,,,,,,,,,,,,,,,,,,,,,,
2017,REG,2,00-0033080,S.DeValve,TE,TE,CLE,12792,a2451bf7-83dd-496c-b527-c14d8d518598,15671.0,10772.0,3296.0,,2566659.0,29372.0,,1984760.0,DevaSe00,,11221.0,11444.0,,29372.0,623676.0,18057.0,,Seth DeValve,seth devalve,2,4,61.0,0,0.0,0.0,44.0,32.0,2.0,4.5756516,0,1.3863636,0.0952381,0.09034908,0.20610149,,,,,,,,,,,,,,,,,,,,,,,,,
2017,REG,2,00-0033881,E.Engram,TE,TE,NYG,13189,e21365af-8d66-416e-b0a5-8816d18fcfd9,16411.0,11778.0,4066.0,,3051876.0,30136.0,,2079887.0,EngrEv00,evan-engram-1,11805.0,12205.0,229.0,30136.0,749185.0,18912.0,749185.0,Evan Engram,evan engram,4,7,49.0,1,0.0,0.0,87.0,14.0,2.0,-4.295841,0,0.5632184,0.21875,0.28246754,0.52585226,Evan Engram,NYG,8.982,2.337718496565035,12.114285714285712,26.712868168215458,57.14285714285714,49.0,1.0,3.3500000000000014,3.534440112092625,-0.18444011209262356,00-0033881,Evan,Engram,E.Engram,,,,,,,,,
2017,REG,2,00-0030472,J.Reed,TE,TE,WAS,11248,c3bf8d3e-3b2e-4f9e-ad74-c0a684035f17,11690.0,7866.0,1500.0,jordanreed/2540160,15860.0,26708.0,,1691412.0,ReedJo02,jordan-reed-1,8615.0,8412.0,,26708.0,508876.0,15100.0,,Jordan Reed,jordan reed,6,6,48.0,0,1.0,0.0,27.0,21.0,3.0,2.8922818,0,1.7777778,0.22222222,0.27,0.5223333,Jordan Reed,WAS,6.476666666666667,3.9413752467685153,3.921666666666667,20.37758725210011,100.0,48.0,0.0,3.510000000000003,3.466333160802634,0.04366683919736891,00-0030472,Jordan,Reed,J.Reed,,,,,,,,,
2017,REG,2,00-0026201,M.Bennett,TE,TE,GB,9044,0ca741f8-58bd-4933-9d5c-0e04de3f4cff,9429.0,4375.0,40.0,martellusbennett/1062,11295.0,8838.0,,564954.0,BennMa00,martellus-bennett-1,5709.0,4639.0,,8838.0,302238.0,1181.0,,Martellus Bennett,martellus bennett,5,11,47.0,0,0.0,0.0,74.0,32.0,2.0,-3.1529486,0,0.6351351,0.2244898,0.2642857,0.5217347,Martellus Bennett,GB,7.681,2.5972640803106426,5.67,25.241814723380152,45.45454545454545,47.0,0.0,6.856,5.614713433590259,1.241286566409741,00-0026201,Martellus,Bennett,M.Bennett,,,,,,,,,
2017,REG,2,00-0027981,K.Rudolph,TE,TE,MIN,10312,1059e9dc-97df-4643-9116-883a0573d8b1,9906.0,6195.0,943.0,kylerudolph/2495438,14054.0,24830.0,7444.0,1633122.0,RudoKy00,kyle-rudolph-1,7246.0,6459.0,,24830.0,469472.0,13275.0,469472.0,Kyle Rudolph,kyle rudolph,4,6,45.0,0,0.0,0.0,50.0,11.0,3.0,3.9898381,0,0.9,0.16666667,0.17301038,0.37110728,Kyle Rudolph,MIN,3.6050000000000004,3.9561755779577923,8.196666666666667,17.237390908135012,66.66666666666666,45.0,0.0,3.460000000000001,3.0616102277932384,0.3983897722067624,00-0027981,Kyle,Rudolph,K.Rudolph,,,,,,,,,
2017,REG,2,00-0027125,Z.Miller,TE,TE,CHI,9611,338b1ed8-131f-41f4-850a-1f93534558c7,9635.0,5104.0,749.0,zachmiller/238457,12699.0,9444.0,,1674135.0,MillZa02,,6124.0,5394.0,,9444.0,245993.0,12415.0,,Zach Miller,zach miller,6,9,42.0,0,0.0,0.0,53.0,13.0,2.0,-3.960311,0,0.7924528,0.2,0.16932908,0.41853034,Zach Miller,CHI,7.498888888888889,1.654536325142095,5.933333333333333,16.643809998753266,66.66666666666666,42.0,0.0,2.1266666666666674,2.821100196988804,-0.6944335303221365,00-0027125,Zachary,Miller,Z.Miller,,,,,,,,,
2017,REG,2,00-0030549,T.Eifert,TE,TE,CIN,11250,14ecf9dd-3a77-4847-8e62-407cd1182f1c,11692.0,7802.0,1388.0,tylereifert/2540148,15788.0,26644.0,,1691608.0,EifeTy00,tyler-eifert-1,8782.0,8408.0,,26644.0,508968.0,14918.0,,Tyler Eifert,tyler eifert,3,4,42.0,0,0.0,0.0,43.0,11.0,2.0,2.207269,0,0.9767442,0.12903225,0.14726028,0.2966306,,,,,,,,,,,,,,,,,,,,,,,,,
2017,REG,2,00-0031387,E.Ebron,TE,TE,DET,11695,9fbcfae9-dd14-415c-8952-9b1b5dff0dfc,12143.0,8645.0,2118.0,ericebron/2543466,16732.0,27538.0,,1865396.0,EbroEr00,eric-ebron-1,9210.0,9390.0,,27538.0,605752.0,16451.0,605752.0,Eric Ebron,eric ebron,5,5,42.0,1,0.0,0.0,21.0,21.0,4.0,5.9434304,0,2.0,0.23809524,0.09210526,0.42161655,Eric Ebron,DET,7.09,4.118172380148962,5.062,10.627309371850856,100.0,42.0,1.0,3.878,3.452462911789641,0.4255370882103593,00-0031387,Eric,Ebron,E.Ebron,,,,,,,,,
2017,REG,2,00-0032429,J.Adams,TE,TE,NYG,12681,47426d59-7af4-4714-8050-a85a0ae70f65,15831.0,10818.0,3340.0,,2978727.0,29418.0,,2000078.0,AdamJe01,jerell-adams-1,10876.0,11283.0,,29418.0,694014.0,18101.0,694014.0,Jerell Adams,jerell adams,1,1,38.0,0,0.0,0.0,32.0,6.0,1.0,2.5635717,0,1.1875,0.03125,0.103896104,0.11960227,,,,,,,,,,,,,,,,,,,,,,,,,
2017,REG,2,00-0029697,C.Fleener,TE,TE,NO,10743,9102665d-a658-4264-81c3-b9810776ddf0,11220.0,7038.0,1107.0,cobyfleener/2532838,14900.0,25744.0,,1244492.0,FleeCo00,coby-fleener-1,8064.0,7418.0,,25744.0,399848.0,13997.0,,Coby Fleener,coby fleener,3,4,33.0,1,0.0,0.0,30.0,10.0,2.0,2.692612,0,1.1,0.09090909,0.07125891,0.18624488,,,,,,,,,,,,,,,,,,,,,,,,,
2017,REG,2,00-0031299,J.Matthews,TE,TE,BUF,11676,7b96a836-666b-47b6-a0a7-9dbb0b4c53e8,12124.0,8677.0,1800.0,jordanmatthews/2543500,16763.0,27570.0,,1759816.0,MattJo00,jordan-matthews-1,9273.0,9420.0,,27570.0,555648.0,15974.0,555648.0,Jordan Matthews,jordan matthews,3,3,30.0,0,0.0,0.0,21.0,9.0,2.0,4.6367974,0,1.4285715,0.12,0.12962963,0.27074075,,,,,,,,,,,,,,,,,,,,,,,,,
2017,REG,2,00-0033858,J.Smith,TE,TE,TEN,13193,e4f25a37-74de-4bfb-b6c9-f50a4fab0b87,16460.0,11855.0,4144.0,,3054212.0,30213.0,,2081506.0,SmitJo01,jonnu-smith-1,11807.0,12344.0,84.0,30213.0,743749.0,18990.0,743749.0,Jonnu Smith,jonnu smith,2,3,30.0,1,0.0,0.0,2.0,38.0,1.0,-2.0689044,0,15.0,0.13043478,0.008130081,0.20134322,,,,,,,,,,,,,,,,,,,,,,,,,
2017,REG,2,00-0030216,J.Hill,TE,TE,NO,11529,687cdc33-bd0d-4b70-adb3-33f97dc26a3c,13565.0,8200.0,1777.0,joshhill/2541834,16143.0,26950.0,,2060083.0,HillJo02,,9071.0,8764.0,,26950.0,469509.0,15866.0,,Josh Hill,josh hill,3,3,29.0,0,0.0,0.0,5.0,24.0,0.0,-0.5252805,0,5.8,0.06818182,0.011876484,0.11058626,,,,,,,,,,,,,,,,,,,,,,,,,
2017,REG,2,00-0032135,J.James,TE,TE,PIT,12211,a37a5bfd-b48c-4d8b-817a-d8ce7ca3592d,13959.0,9593.0,2463.0,jessejames/2552633,2979590.0,28548.0,,1983808.0,JameJe00,jesse-james-1,10150.0,10403.0,,28548.0,652019.0,16920.0,652019.0,Jesse James,jesse james,4,5,27.0,0,0.0,0.0,20.0,9.0,1.0,0.32653633,0,1.35,0.14285715,0.052083332,0.25074404,Jesse James,PIT,6.495000000000001,2.3348934106840473,4.194,5.534441805225652,80.0,27.0,0.0,1.9375,2.497136963826563,-0.5596369638265628,00-0032135,Jesse,James,J.James,,,,,,,,,
2017,REG,2,00-0033885,D.Njoku,TE,TE,CLE,13192,8f86fcea-90e8-49ea-bc78-5c7659313e57,16399.0,11784.0,4033.0,,3123076.0,30142.0,,2136474.0,NjokDa00,david-njoku-1,11734.0,12186.0,252.0,30142.0,832098.0,18876.0,832098.0,David Njoku,david njoku,3,4,27.0,1,0.0,0.0,24.0,6.0,1.0,2.1498494,0,1.125,0.0952381,0.049281314,0.17735407,,,,,,,,,,,,,,,,,,,,,,,,,
2017,REG,2,00-0027675,E.Dickson,TE,TE,CAR,9912,46bb9a85-523c-4530-95c3-2c2a9737e65f,9706.0,5595.0,701.0,eddickson/497224,13272.0,24045.0,6604.0,565631.0,DickEd00,ed-dickson-1,6530.0,5840.0,,24045.0,296060.0,12153.0,,Ed Dickson,ed dickson,2,3,26.0,0,0.0,0.0,51.0,6.0,1.0,0.4443999,0,0.50980395,0.09677419,0.18478261,0.2745091,,,,,,,,,,,,,,,,,,,,,,,,,
2017,REG,2,00-0028067,J.Thomas,TE,TE,MIA,10372,87f6826a-f35a-4b49-9673-da54ccb9becd,9966.0,6281.0,874.0,juliusthomas/2495353,14204.0,24916.0,,1755056.0,ThomJu00,,7415.0,6598.0,,24916.0,550870.0,13027.0,,Julius Thomas,julius thomas,3,3,26.0,0,0.0,0.0,16.0,10.0,2.0,0.32506874,0,1.625,0.0882353,0.04819277,0.16608788,,,,,,,,,,,,,,,,,,,,,,,,,
2017,REG,2,00-0027061,J.Cook,TE,TE,LV,9474,3b7a1409-d154-4e5c-8c94-9d4a0e0993c7,9265.0,5012.0,367.0,jaredcook/71265,12537.0,9353.0,6126.0,584314.0,CookJa02,jared-cook-2,5981.0,5165.0,,9353.0,296480.0,8534.0,296480.0,Jared Cook,jared cook,4,6,25.0,0,0.0,0.0,13.0,19.0,0.0,-2.0765886,0,1.9230769,0.21428572,0.09848485,0.39036795,Jared Cook,LV,4.1899999999999995,4.023087025239027,2.471666666666666,12.064757565896512,66.66666666666666,25.0,0.0,5.035000000000001,4.765819979404299,0.26918002059570245,00-0027061,Jared,Cook,J.Cook,,,,,,,,,
2017,REG,2,00-0030089,L.Willson,TE,TE,SEA,11381,16c67c97-ffd9-4f92-917d-ad6124ce1f6e,11812.0,7940.0,1603.0,lukewillson/2541199,16121.0,26781.0,,2057661.0,WillLu00,luke-willson-1,8907.0,8567.0,,26781.0,466869.0,15263.0,466869.0,Luke Willson,luke willson,3,3,25.0,0,0.0,0.0,0.0,25.0,1.0,0.35474467,0,0.0,0.07692308,0.0,0.115384616,,,,,,,,,,,,,,,,,,,,,,,,,
2017,REG,2,00-0031273,C.Brate,TE,TE,TB,12110,5afe93fd-0caf-4cca-83fc-7f405bebfa3e,13470.0,9207.0,2214.0,,17453.0,28267.0,,2132787.0,BratCa00,,10008.0,10193.0,,28267.0,552926.0,16593.0,552926.0,Cameron Brate,cameron brate,2,3,24.0,0,0.0,0.0,33.0,0.0,2.0,2.4135013,0,0.72727275,0.09677419,0.08753315,0.2064345,,,,,,,,,,,,,,,,,,,,,,,,,
2017,REG,2,00-0028112,C.Clay,TE,TE,BUF,10409,04ca4fb9-194e-47fe-8fc8-adb5790a8e78,10003.0,6326.0,801.0,charlesclay/2495139,14145.0,24961.0,,1265552.0,ClayCh00,charles-clay-1,7424.0,6681.0,,24961.0,400516.0,12751.0,,Charles Clay,charles clay,3,3,23.0,0,1.0,0.0,0.0,23.0,2.0,1.5290308,0,0.0,0.12,0.0,0.18,,,,,,,,,,,,,,,,,,,,,,,,,
2017,REG,2,00-0031384,R.Rodgers,TE,TE,GB,11785,e00b3426-238b-4bdb-85c3-bbf08b7469e3,12233.0,8733.0,2146.0,richardrodgers/2550313,16786.0,27626.0,,2129433.0,RodgRi00,richard-rodgers-1,9559.0,9547.0,,27626.0,607699.0,16491.0,607699.0,Richard Rodgers,richard rodgers,2,4,22.0,0,0.0,0.0,23.0,22.0,1.0,1.1383206,0,0.95652175,0.08163265,0.08214286,0.17994899,,,,,,,,,,,,,,,,,,,,,,,,,
2017,REG,2,00-0029587,R.Ellison,TE,TE,NYG,10838,cccc9f16-9508-434f-b7a4-9a29cb0cacf9,11315.0,7128.0,1211.0,rhettellison/2532835,15003.0,25838.0,,1244464.0,ElliRh00,rhett-ellison-1,8114.0,7580.0,,25838.0,399295.0,14445.0,,Rhett Ellison,rhett ellison,2,2,21.0,0,0.0,0.0,5.0,16.0,2.0,1.8898896,0,4.2,0.0625,0.016233766,0.10511363,,,,,,,,,,,,,,,,,,,,,,,,,
2017,REG,2,00-0031558,M.Williams,TE,TE,BAL,12206,52f4a43a-64a9-4d69-a9e2-28bd60f68e49,13919.0,9488.0,2360.0,,2970726.0,28443.0,,1983769.0,WillMa04,maxx-williams-1,10128.0,10298.0,,28443.0,651658.0,16816.0,651658.0,Maxx Williams,maxx williams,4,4,21.0,0,0.0,0.0,-11.0,32.0,2.0,2.0336363,0,0.0,0.121212125,-0.059139784,0.14042033,,,,,,,,,,,,,,,,,,,,,,,,,
2017,REG,2,00-0033879,O.Howard,TE,TE,TB,13188,93ed8c6f-b676-46d3-bf82-6155e89b4a68,16380.0,11774.0,4055.0,,3043080.0,30132.0,,2061190.0,HowaO.00,oj-howard-1,11806.0,12161.0,,30132.0,732147.0,18901.0,732147.0,O.J. Howard,oj howard,1,3,17.0,0,0.0,0.0,36.0,1.0,1.0,0.4705218,0,0.4722222,0.09677419,0.09549072,0.2120048,,,,,,,,,,,,,,,,,,,,,,,,,
2017,REG,2,00-0031044,T.Niklas,TE,TE,ARI,11703,2b159c76-53d6-4670-b341-392bc7d6d5f2,12151.0,8687.0,2245.0,troyniklas/2543628,16797.0,27580.0,,1893206.0,NiklTr00,troy-niklas-1,9292.0,9319.0,,27580.0,610949.0,16648.0,,Troy Niklas,troy niklas,1,1,16.0,0,0.0,0.0,9.0,7.0,1.0,1.1658134,0,1.7777778,0.027777778,0.021531101,0.056738436,,,,,,,,,,,,,,,,,,,,,,,,,
2017,REG,2,00-0032227,J.Heuerman,TE,TE,DEN,12208,1fe3aadd-336b-4838-888e-8c9609747afc,13961.0,9525.0,2397.0,jeffheuerman/2552399,2576389.0,28480.0,,1824413.0,HeueJe00,jeff-heuerman-1,10246.0,10492.0,,28480.0,593517.0,16853.0,,Jeff Heuerman,jeff heuerman,1,1,15.0,0,0.0,0.0,5.0,10.0,1.0,1.8014086,0,3.0,0.033333335,0.022123894,0.06548673,,,,,,,,,,,,,,,,,,,,,,,,,
2017,REG,2,00-0024221,V.Davis,TE,TE,WAS,8247,0a95e792-6455-4927-9539-f95fa7f41fbb,9621.0,2951.0,200.0,vernondavis/2495826,9592.0,7755.0,,409254.0,DaviVe00,vernon-davis-1,4732.0,3638.0,,7755.0,215595.0,5084.0,,Vernon Davis,vernon davis,1,1,13.0,0,0.0,0.0,-4.0,17.0,1.0,1.654547,0,0.0,0.037037037,-0.04,0.027555555,,,,,,,,,,,,,,,,,,,,,,,,,
2017,REG,2,00-0033288,G.Kittle,TE,TE,SF,13299,2ada91b0-036e-454f-83c3-6d939ff584a9,16499.0,11901.0,4217.0,,3040151.0,30259.0,,2818265.0,KittGe00,george-kittle-1,11892.0,12276.0,298.0,30259.0,733672.0,19063.0,733672.0,George Kittle,george kittle,2,2,13.0,0,0.0,0.0,3.0,10.0,1.0,0.27955747,0,4.3333335,0.07692308,0.025210084,0.13303168,,,,,,,,,,,,,,,,,,,,,,,,,
2017,REG,2,00-0021547,A.Gates,TE,TE,LAC,7236,82da09c2-e542-4f7d-87d9-24dfd8e014de,9027.0,1609.0,322.0,antoniogates/2505299,5362.0,6663.0,,396811.0,,,3172.0,611.0,,6663.0,234249.0,7884.0,,Antonio Gates,antonio gates,2,4,11.0,1,0.0,0.0,28.0,0.0,1.0,0.9468236,0,0.39285713,0.102564104,0.09427609,0.21983942,,,,,,,,,,,,,,,,,,,,,,,,,
2017,REG,2,00-0028142,V.Green,TE,TE,DEN,10432,6ef43c53-53d7-4b0f-ad99-17664d663ae8,10026.0,6356.0,868.0,virgilgreen/2495288,14085.0,24991.0,7502.0,1130615.0,GreeVi00,virgil-green-1,7416.0,6570.0,,24991.0,323254.0,13016.0,,Virgil Green,virgil green,2,3,11.0,1,0.0,0.0,16.0,11.0,1.0,2.0958297,0,0.6875,0.1,0.07079646,0.19955753,,,,,,,,,,,,,,,,,,,,,,,,,
2017,REG,2,00-0025418,G.Olsen,TE,TE,CAR,8687,587d0a98-7ec5-45a5-adba-8af26e8f256b,9238.0,3647.0,58.0,gregolsen/2495700,10475.0,8285.0,,502524.0,OlseGr00,greg-olsen-1,5206.0,4190.0,,8285.0,230925.0,1658.0,,Greg Olsen,greg olsen,1,2,10.0,0,0.0,0.0,15.0,0.0,1.0,-0.19182828,0,0.6666667,0.06451613,0.054347824,0.13481767,,,,,,,,,,,,,,,,,,,,,,,,,
2017,REG,2,00-0029391,S.McGrath,TE,TE,LAC,11123,5b3f26e8-4500-47c0-b985-5b5b1eed6098,11888.0,7515.0,1323.0,seanmcgrath/2535943,15515.0,25992.0,,1979404.0,,,8606.0,7728.0,,25992.0,343561.0,14820.0,,Sean McGrath,sean mcgrath,1,1,10.0,0,0.0,0.0,3.0,7.0,1.0,0.54239875,0,3.3333333,0.025641026,0.01010101,0.045532245,,,,,,,,,,,,,,,,,,,,,,,,,
2017,REG,2,00-0030710,T.Burton,TE,TE,PHI,11705,bc0f07a4-3e7b-4e61-987a-05533dc225be,12153.0,9185.0,1793.0,treyburton/2550284,16974.0,27789.0,,2130223.0,BurtTr01,,9490.0,9737.0,,27789.0,542788.0,15965.0,,Trey Burton,trey burton,1,1,10.0,0,0.0,0.0,10.0,0.0,1.0,0.9877774,0,1.0,0.022222223,0.017889088,0.045855694,,,,,,,,,,,,,,,,,,,,,,,,,
2017,REG,2,00-0028097,L.Smith,TE,TE,LV,10398,cf23126f-055b-4617-819b-bb4bcb84541a,9992.0,6311.0,812.0,leesmith/2495347,14215.0,24946.0,7585.0,1276441.0,SmitLe00,lee-smith-2,7425.0,6665.0,,24946.0,334184.0,12777.0,334184.0,Lee Smith,lee smith,1,1,9.0,0,0.0,0.0,3.0,6.0,1.0,0.7453516,0,3.0,0.035714287,0.022727273,0.069480516,,,,,,,,,,,,,,,,,,,,,,,,,
2017,REG,2,00-0029119,D.Carrier,TE,TE,LA,10940,d3fab07b-f02a-433d-9612-cb0a751f324d,11417.0,7406.0,1718.0,derekcarrier/2534241,15403.0,26416.0,,1977121.0,CarrDe00,,9203.0,7527.0,,26416.0,654887.0,15640.0,654887.0,Derek Carrier,derek carrier,1,1,9.0,0,0.0,0.0,2.0,7.0,1.0,0.63369036,0,4.5,0.04,0.012903226,0.06903226,,,,,,,,,,,,,,,,,,,,,,,,,
2017,REG,2,00-0031598,N.Boyle,TE,TE,BAL,12328,9480dd9f-151f-4e6d-b5a3-35f07bda4cac,13963.0,9604.0,2474.0,,2574591.0,28559.0,,1888149.0,BoylNi00,,10252.0,10547.0,,28559.0,608753.0,16931.0,608753.0,Nick Boyle,nick boyle,1,1,9.0,0,0.0,0.0,-2.0,11.0,1.0,0.75118405,0,0.0,0.030303031,-0.010752688,0.037927665,,,,,,,,,,,,,,,,,,,,,,,,,
2017,REG,2,00-0027732,M.Hoomanawanui,TE,TE,NO,9946,add7a245-2444-491f-bdfb-b1b0d76f6a28,9740.0,5655.0,622.0,michaelhoomanawanui/497246,13387.0,24108.0,,1115114.0,HoomMi00,michael-hoomanawanui-1,6535.0,5909.0,,24108.0,333398.0,11535.0,,Michael Hoomanawanui,michael hoomanawanui,1,1,8.0,0,0.0,0.0,0.0,8.0,0.0,0.36869025,0,0.0,0.022727273,0.0,0.03409091,,,,,,,,,,,,,,,,,,,,,,,,,
2017,REG,2,00-0032120,N.Sterling,TE,TE,NYJ,12363,5e3b63cd-db76-48a8-82dd-7ccc8222f6ae,14116.0,9653.0,2519.0,nealsterling/2553451,2513770.0,28608.0,,2174212.0,SterNe00,,10493.0,10593.0,,28608.0,554911.0,16979.0,,Neal Sterling,neal sterling,1,1,8.0,0,0.0,0.0,7.0,1.0,1.0,0.6958855,0,1.1428572,0.041666668,0.043209877,0.09274691,,,,,,,,,,,,,,,,,,,,,,,,,
2017,REG,2,00-0032256,C.Walford,TE,TE,LV,12210,2e56cca7-b898-4aac-bbc5-b5bda9163be1,13956.0,9501.0,2373.0,clivewalford/2552397,2512593.0,28456.0,,1759387.0,WalfCl00,clive-walford-1,10127.0,10471.0,,28456.0,553616.0,16829.0,,Clive Walford,clive walford,1,1,7.0,0,0.0,0.0,7.0,0.0,0.0,0.06187524,0,1.0,0.035714287,0.053030305,0.09069264,,,,,,,,,,,,,,,,,,,,,,,,,
2017,REG,2,00-0032392,A.Hooper,TE,TE,ATL,12677,90c2a93f-d837-4e1b-b57c-56648903a8db,15581.0,10715.0,3202.0,,3043275.0,29315.0,,2067004.0,HoopAu00,austin-hooper-1,10748.0,11301.0,384.0,29315.0,739424.0,17963.0,739424.0,Austin Hooper,austin hooper,2,2,7.0,0,0.0,0.0,7.0,0.0,0.0,0.023862217,0,1.0,0.074074075,0.027777778,0.13055556,,,,,,,,,,,,,,,,,,,,,,,,,
2017,REG,2,00-0028903,G.Celek,TE,TE,SF,11007,16cc9ade-f9ad-4d32-b5b9-d7568ee80f58,11507.0,7274.0,1223.0,garrettcelek/2534820,15204.0,26253.0,,1975891.0,,,8516.0,7982.0,,26253.0,403184.0,14496.0,,Garrett Celek,garrett celek,1,1,6.0,0,0.0,0.0,3.0,3.0,0.0,-0.61623085,0,2.0,0.03846154,0.025210084,0.07533937,,,,,,,,,,,,,,,,,,,,,,,,,
2017,REG,2,00-0032745,A.Cross,TE,TE,TB,12996,cc1df018-baa8-4344-b13c-cd5ef1a52d26,16217.0,10931.0,3595.0,,2586700.0,29571.0,,1906373.0,,,11406.0,11727.0,,29571.0,614284.0,18376.0,,Alan Cross,alan cross,1,1,6.0,0,0.0,0.0,1.0,5.0,0.0,0.13117401,0,6.0,0.032258064,0.0026525198,0.050243862,,,,,,,,,,,,,,,,,,,,,,,,,
2017,REG,2,00-0033387,J.Hollister,TE,TE,NE,13391,ad2a1d03-020b-487a-bd5f-7ca9fbc250fe,16527.0,12051.0,4421.0,,3125404.0,30661.0,,2818962.0,HollJa03,,12271.0,12491.0,,30661.0,696882.0,19281.0,696882.0,Jacob Hollister,jacob hollister,1,2,5.0,0,0.0,0.0,5.0,0.0,0.0,-1.6873834,0,1.0,0.051282052,0.017793594,0.089378595,,,,,,,,,,,,,,,,,,,,,,,,,
2017,REG,2,00-0032004,W.Tye,TE,TE,NYJ,12532,9ace8914-bf2c-422a-af03-62a78bc27880,14439.0,10070.0,3043.0,willtye/2553830,2512523.0,29046.0,,2175071.0,,,10700.0,11056.0,,29046.0,553297.0,17754.0,,Will Tye,will tye,1,3,4.0,0,0.0,0.0,5.0,0.0,0.0,-2.0823703,0,0.8,0.125,0.030864198,0.20910494,,,,,,,,,,,,,,,,,,,,,,,,,
2017,REG,2,00-0029738,D.Fells,TE,TE,DET,11337,54d4e35a-2e6c-48f6-86ad-92dd596c173c,13636.0,8549.0,1592.0,darrenfells/2540928,15773.0,26612.0,,2053740.0,FellDa01,,9758.0,8472.0,,26612.0,266414.0,15247.0,266414.0,Darren Fells,darren fells,1,1,3.0,0,0.0,0.0,3.0,0.0,0.0,-1.277675,0,1.0,0.04761905,0.013157895,0.080639094,,,,,,,,,,,,,,,,,,,,,,,,,
2017,REG,2,00-0027696,J.Graham,TE,TE,SEA,9925,fd85786d-3900-4dc0-9b30-334ee30413ed,9712.0,5619.0,616.0,jimmygraham/497236,13232.0,24070.0,6610.0,1691166.0,GrahJi00,jimmy-graham-1,6532.0,5842.0,,24070.0,295918.0,11488.0,295918.0,Jimmy Graham,jimmy graham,1,2,1.0,0,0.0,0.0,12.0,0.0,0.0,-1.0096756,0,0.083333336,0.051282052,0.04137931,0.1058886,,,,,,,,,,,,,,,,,,,,,,,,,
2017,REG,2,00-0024243,M.Lewis,TE,TE,JAX,8269,9c21e9af-681c-41ef-9b00-fbc9e1668ed1,9413.0,2973.0,111.0,marcedeslewis/2495888,9614.0,7777.0,4007.0,415313.0,LewiMa00,marcedes-lewis-1,4891.0,3615.0,,7777.0,214197.0,3061.0,214197.0,Marcedes Lewis,marcedes lewis,0,2,0.0,0,0.0,0.0,28.0,0.0,0.0,-1.8852998,0,0.0,0.05882353,0.093023255,0.15335158,,,,,,,,,,,,,,,,,,,,,,,,,
2017,REG,2,00-0029689,D.Allen,TE,TE,NE,10742,cc745cc3-d52a-454b-98c8-ac9155a9405c,11219.0,7066.0,1105.0,dwayneallen/2533046,14901.0,25774.0,8485.0,1630216.0,AlleDw00,dwayne-allen-1,8041.0,7452.0,,25774.0,463515.0,13987.0,,Dwayne Allen,dwayne allen,0,1,0.0,0,0.0,0.0,6.0,0.0,0.0,-0.7496728,0,0.0,0.025641026,0.021352313,0.053408157,,,,,,,,,,,,,,,,,,,,,,,,,
2017,REG,2,00-0030422,D.Sims,TE,TE,CHI,11249,9c04a540-cb7c-41dc-8e7c-50b7af29a3a2,11691.0,7888.0,1357.0,dionsims/2540200,15974.0,26729.0,,1700507.0,SimsDi00,dion-sims-1,8784.0,8532.0,,26729.0,511525.0,14876.0,,Dion Sims,dion sims,0,1,0.0,0,0.0,0.0,6.0,0.0,0.0,-6.5037527,0,0.0,0.022222223,0.019169329,0.046751864,,,,,,,,,,,,,,,,,,,,,,,,,
2017,REG,2,00-0031609,A.Derby,TE,TE,DEN,12351,f0805b80-e01c-46fd-99a6-dae1134fb764,14072.0,9635.0,2503.0,a.j.derby/2552580,3046413.0,28590.0,,2061203.0,DerbA.00,aj-derby-1,10484.0,10576.0,,28590.0,543797.0,16962.0,,A.J. Derby,aj derby,0,1,0.0,0,0.0,0.0,19.0,0.0,0.0,-0.34008992,0,0.0,0.033333335,0.084070794,0.108849555,,,,,,,,,,,,,,,,,,,,,,,,,
2017,REG,2,00-0032062,B.Bell,TE,TE,MIN,12213,0cc4e449-185a-4b08-9f07-c907ad0c3e05,13966.0,9550.0,2422.0,,2514206.0,28505.0,,1737101.0,BellBl00,blake-bell-1,10248.0,10366.0,,28505.0,542871.0,16878.0,542871.0,Blake Bell,blake bell,0,1,0.0,0,0.0,0.0,-1.0,0.0,0.0,-2.6640027,0,0.0,0.027777778,-0.0034602077,0.03924452,,,,,,,,,,,,,,,,,,,,,,,,,
2017,REG,2,00-0032139,B.Koyack,TE,TE,JAX,12209,666e3121-3daa-4413-b1ec-8e728f7cc645,13958.0,9662.0,2528.0,benkoyack/2552396,2579846.0,28617.0,,1893200.0,KoyaBe00,ben-koyack-1,10254.0,10601.0,,28617.0,610943.0,16988.0,,Ben Koyack,ben koyack,0,1,0.0,0,0.0,0.0,0.0,0.0,0.0,-0.43136272,0,,0.029411765,0.0,0.04411765,,,,,,,,,,,,,,,,,,,,,,,,,
2017,REG,2,00-0032319,R.Travis,TE,TE,KC,12898,75dfd9cc-5419-49e1-bade-0632d03ca4b4,14613.0,10320.0,3041.0,,3936647.0,29208.0,,2195596.0,,,10837.0,11245.0,,29208.0,602069.0,17750.0,602069.0,Ross Travis,ross travis,0,1,0.0,0,0.0,0.0,3.0,0.0,0.0,-0.41447046,0,0.0,0.037037037,0.020547945,0.069939114,,,,,,,,,,,,,,,,,,,,,,,,,
2017,REG,2,00-0032430,D.Morgan,TE,TE,MIN,12816,4bff1c89-f4d1-4699-8c85-69bbbbaec5a2,15857.0,10822.0,3344.0,,2582138.0,29422.0,,1907784.0,MorgDa01,david-morgan-1,11139.0,11477.0,,29422.0,612030.0,18105.0,,David Morgan,david morgan,0,1,0.0,0,0.0,0.0,19.0,0.0,0.0,-0.33614045,0,0.0,0.027777778,0.065743946,0.087687425,,,,,,,,,,,,,,,,,,,,,,,,,
2017,REG,2,00-0033110,T.Higbee,TE,TE,LA,12678,0df7912d-9e81-47ea-b4f7-d04986df4ee8,15623.0,10744.0,3271.0,,2573401.0,29344.0,,1853103.0,HigbTy00,tyler-higbee-1,10854.0,11430.0,159.0,29344.0,604176.0,18032.0,604176.0,Tyler Higbee,tyler higbee,0,1,0.0,0,0.0,0.0,25.0,0.0,0.0,-1.5264449,0,0.0,0.04,0.16129032,0.17290322,,,,,,,,,,,,,,,,,,,,,,,,,
2017,REG,3,00-0027656,R.Gronkowski,TE,TE,NE,9902,2142a164-48ad-47d6-bb27-0bc58c6b2e62,9721.0,5567.0,515.0,robgronkowski/497240,13229.0,24017.0,,1244303.0,GronRo00,rob-gronkowski-1,6443.0,5729.0,,24017.0,381091.0,10974.0,381091.0,Rob Gronkowski,rob gronkowski,8,10,89.0,1,1.0,0.0,61.0,42.0,5.0,3.3189335,0,1.4590164,0.2857143,0.14698794,0.53146297,Rob Gronkowski,NE,5.31,3.2335749450265476,7.103999999999999,17.118072289156625,80.0,89.0,1.0,5.1137500000000005,5.4577082097530365,-0.34395820975303604,00-0027656,Robert,Gronkowski,R.Gronkowski,,,,,,,,,
2017,REG,3,00-0027696,J.Graham,TE,TE,SEA,9925,fd85786d-3900-4dc0-9b30-334ee30413ed,9712.0,5619.0,616.0,jimmygraham/497236,13232.0,24070.0,6610.0,1691166.0,GrahJi00,jimmy-graham-1,6532.0,5842.0,,24070.0,295918.0,11488.0,295918.0,Jimmy Graham,jimmy graham,7,11,72.0,0,0.0,0.0,84.0,31.0,4.0,-2.2787123,0,0.85714287,0.22916667,0.18421052,0.47269738,Jimmy Graham,SEA,6.441000000000001,2.536451915651836,9.016363636363636,20.587441619097042,63.63636363636363,72.0,0.0,4.961428571428572,3.2923530329957265,1.6690755384328453,00-0027696,Jimmy,Graham,J.Graham,,,,,,,,,
2017,REG,3,00-0024243,M.Lewis,TE,TE,JAX,8269,9c21e9af-681c-41ef-9b00-fbc9e1668ed1,9413.0,2973.0,111.0,marcedeslewis/2495888,9614.0,7777.0,4007.0,415313.0,LewiMa00,marcedes-lewis-1,4891.0,3615.0,,7777.0,214197.0,3061.0,214197.0,Marcedes Lewis,marcedes lewis,4,5,62.0,3,0.0,0.0,62.0,12.0,4.0,8.070738,0,1.0,0.16666667,0.3647059,0.50529414,Marcedes Lewis,JAX,4.1339999999999995,2.1530668143080662,14.758,33.33483917600289,80.0,62.0,3.0,3.5775000000000023,2.5644888316408014,1.013011168359201,00-0024243,Marcedes,Lewis,M.Lewis,,,,,,,,,
2017,REG,3,00-0030108,R.Griffin,TE,TE,HOU,11399,cb1df42c-b59c-4e23-a9a2-fbfc2b39ef71,11830.0,7982.0,1425.0,ryangriffin/2541316,15887.0,26824.0,,2057695.0,GrifRy00,ryan-griffin-1,8911.0,8600.0,,26824.0,465129.0,14985.0,465129.0,Ryan Griffin,ryan griffin,5,6,61.0,1,0.0,0.0,56.0,26.0,3.0,5.4909472,0,1.0892857,0.18181819,0.13861386,0.36975697,Ryan Griffin,HOU,6.67,3.9869306404954052,10.831666666666665,15.547103009425387,83.33333333333334,61.0,1.0,5.419999999999999,3.6881485672200824,1.7318514327799166,00-0030108,Ryan,Griffin,R.Griffin,,,,,,,,,
2017,REG,3,00-0031299,J.Matthews,TE,TE,BUF,11676,7b96a836-666b-47b6-a0a7-9dbb0b4c53e8,12124.0,8677.0,1800.0,jordanmatthews/2543500,16763.0,27570.0,,1759816.0,MattJo00,jordan-matthews-1,9273.0,9420.0,,27570.0,555648.0,15974.0,555648.0,Jordan Matthews,jordan matthews,3,5,61.0,0,0.0,0.0,32.0,32.0,2.0,5.1411214,0,1.90625,0.1923077,0.23880596,0.4556257,,,,,,,,,,,,,,,,,,,,,,,,,
2017,REG,3,00-0024221,V.Davis,TE,TE,WAS,8247,0a95e792-6455-4927-9539-f95fa7f41fbb,9621.0,2951.0,200.0,vernondavis/2495826,9592.0,7755.0,,409254.0,DaviVe00,vernon-davis-1,4732.0,3638.0,,7755.0,215595.0,5084.0,,Vernon Davis,vernon davis,5,5,58.0,1,0.0,0.0,34.0,24.0,2.0,4.0044737,0,1.7058823,0.16666667,0.19883041,0.3891813,Vernon Davis,WAS,2.716666666666667,3.2691834342155417,7.198000000000002,19.350502715199745,100.0,58.0,1.0,4.887999999999999,2.813640575047839,2.07435942495216,00-0024221,Vernon,Davis,V.Davis,,,,,,,,,
2017,REG,3,00-0032055,D.Funchess,TE,TE,CAR,12205,7f5f2a81-ac40-420c-9421-5b9e2a21faf8,13915.0,9474.0,2346.0,,2977609.0,28429.0,,2001877.0,FuncDe00,devin-funchess-1,10138.0,10391.0,,28429.0,696127.0,16802.0,696127.0,Devin Funchess,devin funchess,4,10,58.0,0,0.0,0.0,164.0,16.0,1.0,-8.768352,0,0.35365853,0.3030303,0.5412541,0.8334233,,,,,,,,,,,,,,,,,,,,,,,,,
2017,REG,3,00-0030061,Z.Ertz,TE,TE,PHI,11247,de3421f7-2147-4835-89a5-724e87bad463,11689.0,7816.0,1339.0,zachertz/2540158,15835.0,26658.0,,1685963.0,ErtzZa00,zach-ertz-1,8781.0,8409.0,305.0,26658.0,503177.0,14856.0,503177.0,Zach Ertz,zach ertz,8,10,55.0,1,1.0,1.0,55.0,6.0,3.0,-3.5941248,0,1.0,0.32258064,0.2606635,0.6663354,Zach Ertz,PHI,6.737777777777778,2.6739776082229794,6.198,27.98573170181063,80.0,55.0,1.0,1.3712500000000007,2.203965893584325,-0.8327158935843242,00-0030061,Zachary,Ertz,Z.Ertz,,,,,,,,,
2017,REG,3,00-0030089,L.Willson,TE,TE,SEA,11381,16c67c97-ffd9-4f92-917d-ad6124ce1f6e,11812.0,7940.0,1603.0,lukewillson/2541199,16121.0,26781.0,,2057661.0,WillLu00,luke-willson-1,8907.0,8567.0,,26781.0,466869.0,15263.0,466869.0,Luke Willson,luke willson,3,4,53.0,1,0.0,0.0,50.0,7.0,2.0,3.4083052,0,1.06,0.083333336,0.10964912,0.20175439,,,,,,,,,,,,,,,,,,,,,,,,,
2017,REG,3,00-0027985,L.Kendricks,TE,TE,GB,10318,27921351-a775-4649-bd49-7b4c486d1ba2,9912.0,6199.0,964.0,lancekendricks/2495187,14007.0,24834.0,7425.0,1117803.0,KendLa00,lance-kendricks-1,7412.0,6614.0,,24834.0,332066.0,13386.0,,Lance Kendricks,lance kendricks,2,3,52.0,1,0.0,0.0,28.0,34.0,2.0,2.9349103,0,1.8571428,0.071428575,0.10852713,0.18311185,,,,,,,,,,,,,,,,,,,,,,,,,
2017,REG,3,00-0027873,J.Gresham,TE,TE,ARI,9838,b44773b9-af17-4d6c-a453-132e20849712,9685.0,5546.0,530.0,jermainegresham/497238,13228.0,23996.0,,1123667.0,GresJe00,jermaine-gresham-1,6455.0,5549.0,,23996.0,333278.0,11026.0,,Jermaine Gresham,jermaine gresham,5,9,47.0,0,0.0,0.0,51.0,10.0,3.0,-2.6160505,0,0.92156863,0.1875,0.13672923,0.37696046,Jermaine Gresham,ARI,5.144285714285715,2.5272027350781947,4.96,10.45702640024362,55.55555555555556,47.0,0.0,2.539999999999999,2.6703509866305923,-0.1303509866305932,00-0027873,Jermaine,Gresham,J.Gresham,,,,,,,,,
2017,REG,3,00-0033881,E.Engram,TE,TE,NYG,13189,e21365af-8d66-416e-b0a5-8816d18fcfd9,16411.0,11778.0,4066.0,,3051876.0,30136.0,,2079887.0,EngrEv00,evan-engram-1,11805.0,12205.0,229.0,30136.0,749185.0,18912.0,749185.0,Evan Engram,evan engram,5,7,45.0,0,0.0,0.0,31.0,13.0,2.0,0.88299364,0,1.451613,0.14893617,0.10726643,0.29849076,Evan Engram,NYG,6.771666666666666,2.5088900050846337,4.674285714285714,10.72154138541189,71.42857142857143,45.0,0.0,2.208000000000001,2.9197426334336343,-0.7117426334336332,00-0033881,Evan,Engram,E.Engram,,,,,,,,,
2017,REG,3,00-0027061,J.Cook,TE,TE,LV,9474,3b7a1409-d154-4e5c-8c94-9d4a0e0993c7,9265.0,5012.0,367.0,jaredcook/71265,12537.0,9353.0,6126.0,584314.0,CookJa02,jared-cook-2,5981.0,5165.0,,9353.0,296480.0,8534.0,296480.0,Jared Cook,jared cook,4,6,43.0,1,0.0,0.0,33.0,24.0,2.0,3.35221,0,1.3030303,0.2,0.14932127,0.4045249,Jared Cook,LV,4.198333333333333,3.5271360833128647,5.471666666666668,15.677379303758176,66.66666666666666,43.0,1.0,6.309999999999999,4.637903355846774,1.6720966441532248,00-0027061,Jared,Cook,J.Cook,,,,,,,,,
2017,REG,3,00-0028112,C.Clay,TE,TE,BUF,10409,04ca4fb9-194e-47fe-8fc8-adb5790a8e78,10003.0,6326.0,801.0,charlesclay/2495139,14145.0,24961.0,,1265552.0,ClayCh00,charles-clay-1,7424.0,6681.0,,24961.0,400516.0,12751.0,,Charles Clay,charles clay,6,6,39.0,1,0.0,0.0,12.0,27.0,1.0,1.4376353,0,3.25,0.23076923,0.08955224,0.40884042,Charles Clay,BUF,5.295,4.17596034369399,2.5149999999999992,11.739536331103157,100.0,39.0,1.0,3.870000000000001,6.194500130480729,-2.324500130480728,00-0028112,Charles,Clay,C.Clay,,,,,,,,,
2017,REG,3,00-0031273,C.Brate,TE,TE,TB,12110,5afe93fd-0caf-4cca-83fc-7f405bebfa3e,13470.0,9207.0,2214.0,,17453.0,28267.0,,2132787.0,BratCa00,,10008.0,10193.0,,28267.0,552926.0,16593.0,552926.0,Cameron Brate,cameron brate,4,4,33.0,1,0.0,0.0,19.0,14.0,2.0,3.5047202,0,1.7368422,0.1,0.041484717,0.1790393,,,,,,,,,,,,,,,,,,,,,,,,,
2017,REG,3,00-0024389,De.Walker,TE,TE,TEN,8416,ccce5e8e-52ca-4f0f-a40f-fe5e7227d156,9172.0,3120.0,284.0,delaniewalker/2495966,9761.0,7924.0,4353.0,1109396.0,WalkHu00,,4888.0,3976.0,,7924.0,218943.0,7175.0,,Delanie Walker,delanie walker,4,6,31.0,0,0.0,0.0,24.0,6.0,2.0,0.021634087,0,1.2916666,0.19354838,0.09836066,0.35917503,Delanie Walker,TEN,7.215999999999999,3.1980314886852965,3.7483333333333326,9.311472694903324,66.66666666666666,31.0,0.0,1.6400000000000006,1.512930310159959,0.12706968984004163,00-0024389,Delanie,Walker,D.Walker,,,,,,,,,
2017,REG,3,00-0031418,A.Seferian-Jenkins,TE,TE,NYJ,11697,e78261de-af00-4530-824c-500addbe9f98,12145.0,8673.0,2222.0,austinseferian-jenkins/2543683,16795.0,27566.0,,1824731.0,SefeAu00,austin-seferian-jenkins-1,9241.0,9400.0,,27566.0,593347.0,16608.0,,Austin Seferian-Jenkins,austin seferian-jenkins,5,6,31.0,0,0.0,0.0,19.0,16.0,1.0,-1.137341,0,1.6315789,0.26086956,0.07723577,0.4453694,Austin Seferian-Jenkins,NYJ,6.913333333333334,2.3356366675790095,3.9016666666666686,9.829526368827683,83.33333333333334,31.0,0.0,3.423999999999998,2.856726618493417,0.5672733815065811,00-0031418,Austin,Seferian-Jenkins,A.Seferian-Jenkins,,,,,,,,,
2017,REG,3,00-0032117,N.O'Leary,TE,TE,BUF,12207,c257b2e6-dfc9-45c8-b30c-a497f2ce82a2,13957.0,9627.0,2495.0,,2576804.0,28582.0,,1860760.0,OLeaNi00,nick-oleary-1,10250.0,10568.0,,28582.0,605423.0,16954.0,,Nick O'Leary,nick oleary,1,1,31.0,0,0.0,0.0,31.0,0.0,1.0,1.9468303,0,1.0,0.03846154,0.23134328,0.21963261,,,,,,,,,,,,,,,,,,,,,,,,,
2017,REG,3,00-0021547,A.Gates,TE,TE,LAC,7236,82da09c2-e542-4f7d-87d9-24dfd8e014de,9027.0,1609.0,322.0,antoniogates/2505299,5362.0,6663.0,,396811.0,,,3172.0,611.0,,6663.0,234249.0,7884.0,,Antonio Gates,antonio gates,2,5,30.0,0,0.0,0.0,37.0,11.0,2.0,-5.984768,0,0.8108108,0.12820514,0.08851675,0.25426942,Antonio Gates,LAC,3.3560000000000003,1.6394713266192293,7.546000000000004,8.936734645538742,40.0,30.0,0.0,8.004999999999995,9.593123812827798,-1.5881238128278028,00-0021547,Antonio,Gates,A.Gates,,,,,,,,,
2017,REG,3,00-0033080,S.DeValve,TE,TE,CLE,12792,a2451bf7-83dd-496c-b527-c14d8d518598,15671.0,10772.0,3296.0,,2566659.0,29372.0,,1984760.0,DevaSe00,,11221.0,11444.0,,29372.0,623676.0,18057.0,,Seth DeValve,seth devalve,2,5,29.0,0,0.0,0.0,95.0,2.0,1.0,1.4614967,0,0.30526316,0.10869565,0.20474137,0.30636245,Seth DeValve,CLE,6.2125,1.939688334949712,18.322000000000003,18.95313954691218,40.0,29.0,0.0,1.0999999999999979,1.5638567162586696,-0.46385671625867175,00-0033080,Seth,DeValve,S.DeValve,,,,,,,,,
2017,REG,3,00-0032214,T.Kroft,TE,TE,CIN,12212,36f54823-9d51-4180-9c91-d10281deb4bf,13960.0,9518.0,2390.0,tylerkroft/2552586,2582410.0,28473.0,,1824200.0,KrofTy00,tyler-kroft-1,10247.0,10490.0,,28473.0,592268.0,16846.0,592268.0,Tyler Kroft,tyler kroft,3,4,28.0,0,0.0,0.0,24.0,11.0,2.0,1.2801284,0,1.1666666,0.15384616,0.099585064,0.3004788,,,,,,,,,,,,,,,,,,,,,,,,,
2017,REG,3,00-0033858,J.Smith,TE,TE,TEN,13193,e4f25a37-74de-4bfb-b6c9-f50a4fab0b87,16460.0,11855.0,4144.0,,3054212.0,30213.0,,2081506.0,SmitJo01,jonnu-smith-1,11807.0,12344.0,84.0,30213.0,743749.0,18990.0,743749.0,Jonnu Smith,jonnu smith,1,2,24.0,1,0.0,0.0,47.0,7.0,1.0,1.7853878,0,0.5106383,0.06451613,0.19262294,0.23161025,,,,,,,,,,,,,,,,,,,,,,,,,
2017,REG,3,00-0029697,C.Fleener,TE,TE,NO,10743,9102665d-a658-4264-81c3-b9810776ddf0,11220.0,7038.0,1107.0,cobyfleener/2532838,14900.0,25744.0,,1244492.0,FleeCo00,coby-fleener-1,8064.0,7418.0,,25744.0,399848.0,13997.0,,Coby Fleener,coby fleener,1,1,21.0,0,0.0,0.0,17.0,4.0,1.0,2.7929888,0,1.2352941,0.03448276,0.08252427,0.109491125,,,,,,,,,,,,,,,,,,,,,,,,,
2017,REG,3,00-0032135,J.James,TE,TE,PIT,12211,a37a5bfd-b48c-4d8b-817a-d8ce7ca3592d,13959.0,9593.0,2463.0,jessejames/2552633,2979590.0,28548.0,,1983808.0,JameJe00,jesse-james-1,10150.0,10403.0,,28548.0,652019.0,16920.0,652019.0,Jesse James,jesse james,2,4,19.0,0,0.0,0.0,23.0,10.0,0.0,-0.56257313,0,0.82608694,0.102564104,0.048728812,0.18795632,,,,,,,,,,,,,,,,,,,,,,,,,
2017,REG,3,00-0033387,J.Hollister,TE,TE,NE,13391,ad2a1d03-020b-487a-bd5f-7ca9fbc250fe,16527.0,12051.0,4421.0,,3125404.0,30661.0,,2818962.0,HollJa03,,12271.0,12491.0,,30661.0,696882.0,19281.0,696882.0,Jacob Hollister,jacob hollister,1,1,19.0,0,0.0,0.0,16.0,3.0,1.0,1.4128805,0,1.1875,0.028571429,0.038554218,0.069845095,,,,,,,,,,,,,,,,,,,,,,,,,
2017,REG,3,00-0028142,V.Green,TE,TE,DEN,10432,6ef43c53-53d7-4b0f-ad99-17664d663ae8,10026.0,6356.0,868.0,virgilgreen/2495288,14085.0,24991.0,7502.0,1130615.0,GreeVi00,virgil-green-1,7416.0,6570.0,,24991.0,323254.0,13016.0,,Virgil Green,virgil green,3,3,18.0,0,0.0,0.0,11.0,7.0,1.0,0.27351436,0,1.6363636,0.075,0.026699029,0.13118932,,,,,,,,,,,,,,,,,,,,,,,,,
2017,REG,3,00-0027125,Z.Miller,TE,TE,CHI,9611,338b1ed8-131f-41f4-850a-1f93534558c7,9635.0,5104.0,749.0,zachmiller/238457,12699.0,9444.0,,1674135.0,MillZa02,,6124.0,5394.0,,9444.0,245993.0,12415.0,,Zach Miller,zach miller,1,3,17.0,0,0.0,0.0,30.0,1.0,1.0,-3.0097816,0,0.56666666,0.14285715,0.32608697,0.44254658,,,,,,,,,,,,,,,,,,,,,,,,,
2017,REG,3,00-0029119,D.Carrier,TE,TE,LA,10940,d3fab07b-f02a-433d-9612-cb0a751f324d,11417.0,7406.0,1718.0,derekcarrier/2534241,15403.0,26416.0,,1977121.0,CarrDe00,,9203.0,7527.0,,26416.0,654887.0,15640.0,654887.0,Derek Carrier,derek carrier,1,1,17.0,0,0.0,0.0,3.0,14.0,1.0,1.0791237,0,5.6666665,0.035714287,0.013636364,0.063116886,,,,,,,,,,,,,,,,,,,,,,,,,
2017,REG,3,00-0028067,J.Thomas,TE,TE,MIA,10372,87f6826a-f35a-4b49-9673-da54ccb9becd,9966.0,6281.0,874.0,juliusthomas/2495353,14204.0,24916.0,,1755056.0,ThomJu00,,7415.0,6598.0,,24916.0,550870.0,13027.0,,Julius Thomas,julius thomas,3,5,16.0,0,0.0,0.0,15.0,6.0,0.0,-2.2880101,0,1.0666667,0.11111111,0.031712472,0.1888654,Julius Thomas,MIA,3.283333333333333,2.7234795837279475,3.0900000000000007,3.341262975778548,60.0,16.0,0.0,2.1033333333333317,2.972684792294558,-0.8693514589612263,00-0028067,Julius,Thomas,J.Thomas,,,,,,,,,
2017,REG,3,00-0030181,J.Doyle,TE,TE,IND,11516,bd413539-9351-454e-9d61-4e8635d7e9f5,11987.0,8520.0,1706.0,jackdoyle/2540232,16504.0,27299.0,,2041264.0,DoylJa00,,9081.0,9075.0,,27299.0,477386.0,15602.0,477386.0,Jack Doyle,jack doyle,2,5,16.0,0,1.0,1.0,5.0,15.0,0.0,-6.668938,0,3.2,0.20833333,0.027624309,0.33183703,Jack Doyle,IND,5.02,5.840057001487214,2.5279999999999965,6.72340425531914,40.0,16.0,0.0,7.500000000000002,8.229491548659098,-0.7294915486590963,00-0030181,John,Doyle,J.Doyle,,,,,,,,,
2017,REG,3,00-0031598,N.Boyle,TE,TE,BAL,12328,9480dd9f-151f-4e6d-b5a3-35f07bda4cac,13963.0,9604.0,2474.0,,2574591.0,28559.0,,1888149.0,BoylNi00,,10252.0,10547.0,,28559.0,608753.0,16931.0,608753.0,Nick Boyle,nick boyle,2,2,14.0,0,0.0,0.0,5.0,9.0,0.0,-0.34646404,0,2.8,0.074074075,0.02538071,0.12887761,,,,,,,,,,,,,,,,,,,,,,,,,
2017,REG,3,00-0032725,S.Anderson,TE,TE,HOU,12859,5cb0bf9c-03b4-4201-97c5-a59c6db50841,15760.0,11160.0,3496.0,,2576854.0,29789.0,,1880821.0,AndeSt01,,10885.0,11556.0,,29789.0,607660.0,18262.0,607660.0,Stephen Anderson,stephen anderson,1,3,14.0,0,0.0,0.0,57.0,4.0,1.0,-0.99029624,0,0.24561404,0.09090909,0.14108911,0.23512602,,,,,,,,,,,,,,,,,,,,,,,,,
2017,REG,3,00-0022943,B.Watson,TE,TE,BAL,7422,d81844de-54c3-42ee-9850-072dc4131b6f,9040.0,1753.0,663.0,benjaminwatson/2506122,5557.0,6791.0,,493107.0,WatsBe00,benjamin-watson-1,3872.0,48.0,,6791.0,246082.0,11756.0,,Ben Watson,ben watson,3,3,12.0,1,0.0,0.0,1.0,11.0,2.0,2.504471,0,12.0,0.11111111,0.005076142,0.17021997,,,,,,,,,,,,,,,,,,,,,,,,,
2017,REG,3,00-0026201,M.Bennett,TE,TE,GB,9044,0ca741f8-58bd-4933-9d5c-0e04de3f4cff,9429.0,4375.0,40.0,martellusbennett/1062,11295.0,8838.0,,564954.0,BennMa00,martellus-bennett-1,5709.0,4639.0,,8838.0,302238.0,1181.0,,Martellus Bennett,martellus bennett,3,4,12.0,0,0.0,0.0,8.0,10.0,1.0,-1.3629593,0,1.5,0.0952381,0.031007752,0.16456257,,,,,,,,,,,,,,,,,,,,,,,,,
2017,REG,3,00-0031951,J.O'Shaughnessy,TE,TE,JAX,12330,e5c6b0d4-3e77-422b-a6d8-574a10ed385e,14146.0,9606.0,2476.0,,2508079.0,28561.0,,2174148.0,O'ShJa00,,10249.0,10549.0,,28561.0,552352.0,16933.0,552352.0,James O'Shaughnessy,james oshaughnessy,1,1,12.0,0,0.0,0.0,7.0,5.0,1.0,0.80047584,0,1.7142857,0.033333335,0.04117647,0.07882353,,,,,,,,,,,,,,,,,,,,,,,,,
2017,REG,3,00-0033879,O.Howard,TE,TE,TB,13188,93ed8c6f-b676-46d3-bf82-6155e89b4a68,16380.0,11774.0,4055.0,,3043080.0,30132.0,,2061190.0,HowaO.00,oj-howard-1,11806.0,12161.0,,30132.0,732147.0,18901.0,732147.0,O.J. Howard,oj howard,1,1,12.0,0,0.0,0.0,11.0,1.0,1.0,0.8296183,0,1.0909091,0.025,0.024017468,0.054312225,,,,,,,,,,,,,,,,,,,,,,,,,
2017,REG,3,00-0033885,D.Njoku,TE,TE,CLE,13192,8f86fcea-90e8-49ea-bc78-5c7659313e57,16399.0,11784.0,4033.0,,3123076.0,30142.0,,2136474.0,NjokDa00,david-njoku-1,11734.0,12186.0,252.0,30142.0,832098.0,18876.0,832098.0,David Njoku,david njoku,2,4,12.0,1,0.0,0.0,32.0,3.0,2.0,0.9947334,0,0.375,0.08695652,0.06896552,0.17871064,,,,,,,,,,,,,,,,,,,,,,,,,
2017,REG,3,00-0031044,T.Niklas,TE,TE,ARI,11703,2b159c76-53d6-4670-b341-392bc7d6d5f2,12151.0,8687.0,2245.0,troyniklas/2543628,16797.0,27580.0,,1893206.0,NiklTr00,troy-niklas-1,9292.0,9319.0,,27580.0,610949.0,16648.0,,Troy Niklas,troy niklas,1,1,10.0,0,0.0,0.0,6.0,4.0,0.0,0.9214754,0,1.6666666,0.020833334,0.01608579,0.042510055,,,,,,,,,,,,,,,,,,,,,,,,,
2017,REG,3,00-0031387,E.Ebron,TE,TE,DET,11695,9fbcfae9-dd14-415c-8952-9b1b5dff0dfc,12143.0,8645.0,2118.0,ericebron/2543466,16732.0,27538.0,,1865396.0,EbroEr00,eric-ebron-1,9210.0,9390.0,,27538.0,605752.0,16451.0,605752.0,Eric Ebron,eric ebron,2,7,9.0,0,0.0,0.0,49.0,10.0,0.0,-4.060522,0,0.18367347,0.15555556,0.125,0.32083333,Eric Ebron,DET,3.7520000000000002,2.954690456961445,6.482857142857142,11.695273439513427,28.57142857142857,9.0,0.0,5.754999999999999,1.7860053383574268,3.968994661642572,00-0031387,Eric,Ebron,E.Ebron,,,,,,,,,
2017,REG,3,00-0032392,A.Hooper,TE,TE,ATL,12677,90c2a93f-d837-4e1b-b57c-56648903a8db,15581.0,10715.0,3202.0,,3043275.0,29315.0,,2067004.0,HoopAu00,austin-hooper-1,10748.0,11301.0,384.0,29315.0,739424.0,17963.0,739424.0,Austin Hooper,austin hooper,1,2,9.0,0,0.0,0.0,23.0,3.0,0.0,0.18034384,0,0.39130434,0.057142857,0.06628242,0.13211198,,,,,,,,,,,,,,,,,,,,,,,,,
2017,REG,3,00-0027675,E.Dickson,TE,TE,CAR,9912,46bb9a85-523c-4530-95c3-2c2a9737e65f,9706.0,5595.0,701.0,eddickson/497224,13272.0,24045.0,6604.0,565631.0,DickEd00,ed-dickson-1,6530.0,5840.0,,24045.0,296060.0,12153.0,,Ed Dickson,ed dickson,1,1,8.0,0,0.0,0.0,3.0,5.0,1.0,-0.12343612,0,2.6666667,0.030303031,0.00990099,0.052385237,,,,,,,,,,,,,,,,,,,,,,,,,
2017,REG,3,00-0029738,D.Fells,TE,TE,DET,11337,54d4e35a-2e6c-48f6-86ad-92dd596c173c,13636.0,8549.0,1592.0,darrenfells/2540928,15773.0,26612.0,,2053740.0,FellDa01,,9758.0,8472.0,,26612.0,266414.0,15247.0,266414.0,Darren Fells,darren fells,1,1,8.0,0,0.0,0.0,5.0,3.0,0.0,0.48302302,0,1.6,0.022222223,0.0127551025,0.042261906,,,,,,,,,,,,,,,,,,,,,,,,,
2017,REG,3,00-0033288,G.Kittle,TE,TE,SF,13299,2ada91b0-036e-454f-83c3-6d939ff584a9,16499.0,11901.0,4217.0,,3040151.0,30259.0,,2818265.0,KittGe00,george-kittle-1,11892.0,12276.0,298.0,30259.0,733672.0,19063.0,733672.0,George Kittle,george kittle,1,3,8.0,0,0.0,0.0,20.0,4.0,0.0,-2.0012517,0,0.4,0.08108108,0.06410257,0.16649342,,,,,,,,,,,,,,,,,,,,,,,,,
2017,REG,3,00-0030710,T.Burton,TE,TE,PHI,11705,bc0f07a4-3e7b-4e61-987a-05533dc225be,12153.0,9185.0,1793.0,treyburton/2550284,16974.0,27789.0,,2130223.0,BurtTr01,,9490.0,9737.0,,27789.0,542788.0,15965.0,,Trey Burton,trey burton,2,3,7.0,0,0.0,0.0,0.0,4.0,0.0,-0.9545527,0,0.0,0.09677419,0.0,0.14516129,,,,,,,,,,,,,,,,,,,,,,,,,
2017,REG,3,00-0033258,D.Daniels,TE,TE,IND,13396,7574eb56-a34a-419e-9682-c4788cfe2019,16582.0,12122.0,4323.0,,3052166.0,30523.0,,2079698.0,DaniDa02,,11890.0,12453.0,,30523.0,747895.0,19176.0,747895.0,Darrell Daniels,darrell daniels,1,1,6.0,0,0.0,0.0,3.0,3.0,0.0,0.21155222,0,2.0,0.041666668,0.016574586,0.07410221,,,,,,,,,,,,,,,,,,,,,,,,,
2017,REG,3,00-0031609,A.Derby,TE,TE,DEN,12351,f0805b80-e01c-46fd-99a6-dae1134fb764,14072.0,9635.0,2503.0,a.j.derby/2552580,3046413.0,28590.0,,2061203.0,DerbA.00,aj-derby-1,10484.0,10576.0,,28590.0,543797.0,16962.0,,A.J. Derby,aj derby,1,2,5.0,0,0.0,0.0,8.0,0.0,0.0,0.002220186,0,0.625,0.05,0.019417476,0.08859223,,,,,,,,,,,,,,,,,,,,,,,,,
2017,REG,3,00-0032745,A.Cross,TE,TE,TB,12996,cc1df018-baa8-4344-b13c-cd5ef1a52d26,16217.0,10931.0,3595.0,,2586700.0,29571.0,,1906373.0,,,11406.0,11727.0,,29571.0,614284.0,18376.0,,Alan Cross,alan cross,1,1,5.0,0,0.0,0.0,5.0,0.0,0.0,-0.5105944,0,1.0,0.025,0.01091703,0.04514192,,,,,,,,,,,,,,,,,,,,,,,,,
2017,REG,3,00-0027981,K.Rudolph,TE,TE,MIN,10312,1059e9dc-97df-4643-9116-883a0573d8b1,9906.0,6195.0,943.0,kylerudolph/2495438,14054.0,24830.0,7444.0,1633122.0,RudoKy00,kyle-rudolph-1,7246.0,6459.0,,24830.0,469472.0,13275.0,469472.0,Kyle Rudolph,kyle rudolph,1,2,4.0,0,0.0,0.0,20.0,0.0,0.0,-0.38834494,0,0.2,0.060606062,0.062111802,0.13438736,,,,,,,,,,,,,,,,,,,,,,,,,
2017,REG,3,00-0033110,T.Higbee,TE,TE,LA,12678,0df7912d-9e81-47ea-b4f7-d04986df4ee8,15623.0,10744.0,3271.0,,2573401.0,29344.0,,1853103.0,HigbTy00,tyler-higbee-1,10854.0,11430.0,159.0,29344.0,604176.0,18032.0,604176.0,Tyler Higbee,tyler higbee,1,3,4.0,0,0.0,0.0,30.0,1.0,0.0,-1.0708462,0,0.13333334,0.10714286,0.13636364,0.25616884,,,,,,,,,,,,,,,,,,,,,,,,,
2017,REG,3,00-0022127,J.Witten,TE,TE,DAL,6997,e38c9b1b-7c51-48a2-ac1d-a752502e8930,9275.0,1384.0,23.0,jasonwitten/2505629,4527.0,6405.0,,396134.0,WittJa00,jason-witten-1,3086.0,1990.0,,6405.0,184571.0,722.0,,Jason Witten,jason witten,1,4,3.0,0,0.0,0.0,6.0,0.0,0.0,-4.9012613,0,0.5,0.22222222,0.03550296,0.3581854,,,,,,,,,,,,,,,,,,,,,,,,,
2017,REG,3,00-0030216,J.Hill,TE,TE,NO,11529,687cdc33-bd0d-4b70-adb3-33f97dc26a3c,13565.0,8200.0,1777.0,joshhill/2541834,16143.0,26950.0,,2060083.0,HillJo02,,9071.0,8764.0,,26950.0,469509.0,15866.0,,Josh Hill,josh hill,1,1,3.0,0,0.0,0.0,-2.0,5.0,0.0,-0.27654538,0,0.0,0.03448276,-0.009708738,0.04492802,,,,,,,,,,,,,,,,,,,,,,,,,
2017,REG,3,00-0033896,A.Shaheen,TE,TE,CHI,13254,87171077-4c1c-4b67-b159-2cc6242988e0,16457.0,11800.0,4085.0,,4198676.0,30158.0,,2818105.0,ShahAd00,,11898.0,12283.0,,30158.0,1049770.0,18931.0,1049770.0,Adam Shaheen,adam shaheen,1,1,2.0,1,0.0,0.0,2.0,0.0,1.0,0.87530166,0,1.0,0.04761905,0.02173913,0.08664596,,,,,,,,,,,,,,,,,,,,,,,,,
2017,REG,3,00-0028903,G.Celek,TE,TE,SF,11007,16cc9ade-f9ad-4d32-b5b9-d7568ee80f58,11507.0,7274.0,1223.0,garrettcelek/2534820,15204.0,26253.0,,1975891.0,,,8516.0,7982.0,,26253.0,403184.0,14496.0,,Garrett Celek,garrett celek,1,2,1.0,1,0.0,0.0,2.0,0.0,1.0,0.10728872,0,0.5,0.054054055,0.0064102565,0.085568264,,,,,,,,,,,,,,,,,,,,,,,,,
2017,REG,3,00-0030506,T.Kelce,TE,TE,KC,11244,c3859e06-5f23-4302-a71b-04820a899d5f,11594.0,7844.0,1466.0,traviskelce/2540258,15847.0,26686.0,,1725130.0,KelcTr00,travis-kelce-1,8783.0,8411.0,264.0,26686.0,448240.0,15048.0,448240.0,Travis Kelce,travis kelce,1,1,1.0,0,0.0,0.0,-3.0,4.0,0.0,-0.39062625,0,0.0,0.04761905,-0.029411765,0.050840337,,,,,,,,,,,,,,,,,,,,,,,,,
2017,REG,3,00-0027732,M.Hoomanawanui,TE,TE,NO,9946,add7a245-2444-491f-bdfb-b1b0d76f6a28,9740.0,5655.0,622.0,michaelhoomanawanui/497246,13387.0,24108.0,,1115114.0,HoomMi00,michael-hoomanawanui-1,6535.0,5909.0,,24108.0,333398.0,11535.0,,Michael Hoomanawanui,michael hoomanawanui,0,1,0.0,0,0.0,0.0,17.0,0.0,0.0,-0.44348034,0,0.0,0.03448276,0.08252427,0.109491125,,,,,,,,,,,,,,,,,,,,,,,,,
2017,REG,3,00-0029689,D.Allen,TE,TE,NE,10742,cc745cc3-d52a-454b-98c8-ac9155a9405c,11219.0,7066.0,1105.0,dwayneallen/2533046,14901.0,25774.0,8485.0,1630216.0,AlleDw00,dwayne-allen-1,8041.0,7452.0,,25774.0,463515.0,13987.0,,Dwayne Allen,dwayne allen,0,2,0.0,0,0.0,0.0,9.0,0.0,0.0,-0.982548,0,0.0,0.057142857,0.021686748,0.10089501,,,,,,,,,,,,,,,,,,,,,,,,,
2017,REG,3,00-0032120,N.Sterling,TE,TE,NYJ,12363,5e3b63cd-db76-48a8-82dd-7ccc8222f6ae,14116.0,9653.0,2519.0,nealsterling/2553451,2513770.0,28608.0,,2174212.0,SterNe00,,10493.0,10593.0,,28608.0,554911.0,16979.0,,Neal Sterling,neal sterling,0,1,0.0,0,0.0,0.0,10.0,0.0,0.0,-0.63358194,0,0.0,0.04347826,0.040650405,0.09367268,,,,,,,,,,,,,,,,,,,,,,,,,
2017,REG,3,00-0032256,C.Walford,TE,TE,LV,12210,2e56cca7-b898-4aac-bbc5-b5bda9163be1,13956.0,9501.0,2373.0,clivewalford/2552397,2512593.0,28456.0,,1759387.0,WalfCl00,clive-walford-1,10127.0,10471.0,,28456.0,553616.0,16829.0,,Clive Walford,clive walford,1,1,-1.0,0,0.0,0.0,-3.0,2.0,0.0,-0.6795272,0,0.0,0.033333335,-0.013574661,0.04049774,,,,,,,,,,,,,,,,,,,,,,,,,
2017,REG,3,00-0028093,N.Paul,TE,TE,WAS,10394,38f5843a-8318-4eb7-b517-c83d415e77a4,9988.0,6307.0,918.0,nilespaul/2495211,14156.0,24942.0,7556.0,1272502.0,PaulNi00,niles-paul-1,7384.0,6661.0,,24942.0,406159.0,13170.0,,Niles Paul,niles paul,1,1,-3.0,0,0.0,0.0,-3.0,0.0,0.0,-1.2016892,0,0.0,0.033333335,-0.01754386,0.0377193,,,,,,,,,,,,,,,,,,,,,,,,,
2017,REG,4,00-0028112,C.Clay,TE,TE,BUF,10409,04ca4fb9-194e-47fe-8fc8-adb5790a8e78,10003.0,6326.0,801.0,charlesclay/2495139,14145.0,24961.0,,1265552.0,ClayCh00,charles-clay-1,7424.0,6681.0,,24961.0,400516.0,12751.0,,Charles Clay,charles clay,5,7,112.0,0,0.0,0.0,113.0,33.0,4.0,5.578256,0,0.99115044,0.35,0.34036145,0.76325303,Charles Clay,BUF,5.791428571428571,3.5794961701872485,14.08,33.67615403013633,71.42857142857143,112.0,0.0,8.908,6.172900454227374,2.7350995457726253,00-0028112,Charles,Clay,C.Clay,,,,,,,,,
2017,REG,4,00-0030506,T.Kelce,TE,TE,KC,11244,c3859e06-5f23-4302-a71b-04820a899d5f,11594.0,7844.0,1466.0,traviskelce/2540258,15847.0,26686.0,,1725130.0,KelcTr00,travis-kelce-1,8783.0,8411.0,264.0,26686.0,448240.0,15048.0,448240.0,Travis Kelce,travis kelce,7,8,111.0,1,0.0,0.0,101.0,20.0,6.0,10.849673,0,1.0990099,0.22857143,0.35191637,0.5891986,Travis Kelce,KC,5.398333333333333,1.9725901290426169,11.5825,31.767690619857376,87.5,111.0,1.0,3.6528571428571417,2.7652116882127302,0.8876454546444115,00-0030506,Travis,Kelce,T.Kelce,,,,,,,,,
2017,REG,4,00-0024221,V.Davis,TE,TE,WAS,8247,0a95e792-6455-4927-9539-f95fa7f41fbb,9621.0,2951.0,200.0,vernondavis/2495826,9592.0,7755.0,,409254.0,DaviVe00,vernon-davis-1,4732.0,3638.0,,7755.0,215595.0,5084.0,,Vernon Davis,vernon davis,2,3,89.0,0,0.0,0.0,49.0,47.0,2.0,5.50888,0,1.8163265,0.125,0.18421052,0.31644738,,,,,,,,,,,,,,,,,,,,,,,,,
2017,REG,4,00-0030061,Z.Ertz,TE,TE,PHI,11247,de3421f7-2147-4835-89a5-724e87bad463,11689.0,7816.0,1339.0,zachertz/2540158,15835.0,26658.0,,1685963.0,ErtzZa00,zach-ertz-1,8781.0,8409.0,305.0,26658.0,503177.0,14856.0,503177.0,Zach Ertz,zach ertz,5,8,81.0,0,0.0,0.0,74.0,26.0,3.0,3.0665948,0,1.0945946,0.26666668,0.2761194,0.5932836,Zach Ertz,PHI,4.945714285714287,2.1765475837182255,8.441250000000002,28.395425111428818,62.5,81.0,0.0,6.795999999999999,7.316124224325359,-0.5201242243253592,00-0030061,Zachary,Ertz,Z.Ertz,,,,,,,,,
2017,REG,4,00-0027656,R.Gronkowski,TE,TE,NE,9902,2142a164-48ad-47d6-bb27-0bc58c6b2e62,9721.0,5567.0,515.0,robgronkowski/497240,13229.0,24017.0,,1244303.0,GronRo00,rob-gronkowski-1,6443.0,5729.0,,24017.0,381091.0,10974.0,381091.0,Rob Gronkowski,rob gronkowski,4,5,80.0,0,0.0,0.0,68.0,29.0,3.0,7.5636353,0,1.1764706,0.11111111,0.1994135,0.30625612,Rob Gronkowski,NE,6.438,2.158277027476193,12.361999999999998,18.27670835920636,80.0,80.0,0.0,8.535,6.3585814833168115,2.1764185166831886,00-0027656,Robert,Gronkowski,R.Gronkowski,,,,,,,,,
2017,REG,4,00-0031273,C.Brate,TE,TE,TB,12110,5afe93fd-0caf-4cca-83fc-7f405bebfa3e,13470.0,9207.0,2214.0,,17453.0,28267.0,,2132787.0,BratCa00,,10008.0,10193.0,,28267.0,552926.0,16593.0,552926.0,Cameron Brate,cameron brate,4,6,80.0,1,0.0,0.0,55.0,32.0,3.0,1.8494002,0,1.4545455,0.15789473,0.15406163,0.34468526,Cameron Brate,TB,5.25,2.5134075521940846,9.24,14.037930772541968,66.66666666666666,80.0,1.0,8.379999999999999,7.817099876304837,0.5629001236951616,00-0031273,Cameron,Brate,C.Brate,,,,,,,,,
2017,REG,4,00-0031609,A.Derby,TE,TE,DEN,12351,f0805b80-e01c-46fd-99a6-dae1134fb764,14072.0,9635.0,2503.0,a.j.derby/2552580,3046413.0,28590.0,,2061203.0,DerbA.00,aj-derby-1,10484.0,10576.0,,28590.0,543797.0,16962.0,,A.J. Derby,aj derby,4,6,75.0,1,0.0,0.0,56.0,29.0,3.0,4.4081364,0,1.3392857,0.24,0.2074074,0.5051852,A.J. Derby,DEN,5.342499999999999,3.8053234412561197,9.838333333333335,21.962199568420274,66.66666666666666,75.0,1.0,7.367499999999998,6.689269883307361,0.678230116692637,00-0031609,Alexander,Derby,A.Derby,,,,,,,,,
2017,REG,4,00-0032055,D.Funchess,TE,TE,CAR,12205,7f5f2a81-ac40-420c-9421-5b9e2a21faf8,13915.0,9474.0,2346.0,,2977609.0,28429.0,,2001877.0,FuncDe00,devin-funchess-1,10138.0,10391.0,,28429.0,696127.0,16802.0,696127.0,Devin Funchess,devin funchess,7,9,70.0,2,0.0,0.0,99.0,31.0,6.0,8.462205,0,0.7070707,0.31034482,0.4562212,0.78487206,,,,,,,,,,,,,,,,,,,,,,,,,
2017,REG,4,00-0032214,T.Kroft,TE,TE,CIN,12212,36f54823-9d51-4180-9c91-d10281deb4bf,13960.0,9518.0,2390.0,tylerkroft/2552586,2582410.0,28473.0,,1824200.0,KrofTy00,tyler-kroft-1,10247.0,10490.0,,28473.0,592268.0,16846.0,592268.0,Tyler Kroft,tyler kroft,6,7,68.0,2,0.0,0.0,73.0,18.0,6.0,8.11194,0,0.9315069,0.23333333,0.5069444,0.7048611,Tyler Kroft,CIN,5.964,2.503651211144424,11.335714285714285,52.21768886549092,85.71428571428571,68.0,2.0,3.396666666666666,3.257394866113335,0.1392718005533311,00-0032214,Tyler,Kroft,T.Kroft,,,,,,,,,
2017,REG,4,00-0033879,O.Howard,TE,TE,TB,13188,93ed8c6f-b676-46d3-bf82-6155e89b4a68,16380.0,11774.0,4055.0,,3043080.0,30132.0,,2061190.0,HowaO.00,oj-howard-1,11806.0,12161.0,,30132.0,732147.0,18901.0,732147.0,O.J. Howard,oj howard,2,4,63.0,1,0.0,0.0,62.0,36.0,1.0,3.1729417,0,1.016129,0.10526316,0.17366947,0.27946335,,,,,,,,,,,,,,,,,,,,,,,,,
2017,REG,4,00-0027675,E.Dickson,TE,TE,CAR,9912,46bb9a85-523c-4530-95c3-2c2a9737e65f,9706.0,5595.0,701.0,eddickson/497224,13272.0,24045.0,6604.0,565631.0,DickEd00,ed-dickson-1,6530.0,5840.0,,24045.0,296060.0,12153.0,,Ed Dickson,ed dickson,3,4,62.0,0,0.0,0.0,42.0,22.0,3.0,4.0113072,0,1.4761904,0.13793103,0.19354838,0.34238043,,,,,,,,,,,,,,,,,,,,,,,,,
2017,REG,4,00-0033881,E.Engram,TE,TE,NYG,13189,e21365af-8d66-416e-b0a5-8816d18fcfd9,16411.0,11778.0,4066.0,,3051876.0,30136.0,,2079887.0,EngrEv00,evan-engram-1,11805.0,12205.0,229.0,30136.0,749185.0,18912.0,749185.0,Evan Engram,evan engram,6,11,62.0,0,0.0,0.0,71.0,20.0,4.0,0.8724483,0,0.87323946,0.2244898,0.16284403,0.45072553,Evan Engram,NYG,8.87375,1.4242923183112477,6.53,17.074736141485218,54.54545454545454,62.0,0.0,3.7300000000000004,4.533623241047304,-0.8036232410473039,00-0033881,Evan,Engram,E.Engram,,,,,,,,,
2017,REG,4,00-0027696,J.Graham,TE,TE,SEA,9925,fd85786d-3900-4dc0-9b30-334ee30413ed,9712.0,5619.0,616.0,jimmygraham/497236,13232.0,24070.0,6610.0,1691166.0,GrahJi00,jimmy-graham-1,6532.0,5842.0,,24070.0,295918.0,11488.0,295918.0,Jimmy Graham,jimmy graham,4,6,61.0,0,0.0,0.0,84.0,12.0,3.0,-4.586233,0,0.72619045,0.23076923,0.26086956,0.5287625,Jimmy Graham,SEA,4.5575,1.437414653632343,13.069999999999999,24.652624960704184,66.66666666666666,61.0,0.0,3.2850000000000037,2.719794870443934,0.5652051295560696,00-0027696,Jimmy,Graham,J.Graham,,,,,,,,,
2017,REG,4,00-0024389,De.Walker,TE,TE,TEN,8416,ccce5e8e-52ca-4f0f-a40f-fe5e7227d156,9172.0,3120.0,284.0,delaniewalker/2495966,9761.0,7924.0,4353.0,1109396.0,WalkHu00,,4888.0,3976.0,,7924.0,218943.0,7175.0,,Delanie Walker,delanie walker,3,7,51.0,0,0.0,0.0,78.0,14.0,3.0,-8.867277,0,0.65384614,0.35,0.3482143,0.76875,Delanie Walker,TEN,8.13,1.1924639408585378,10.292857142857144,33.51786378861184,42.857142857142854,51.0,0.0,4.196666666666665,3.057293416507491,1.1393732501591742,00-0024389,Delanie,Walker,D.Walker,,,,,,,,,
2017,REG,4,00-0032392,A.Hooper,TE,TE,ATL,12677,90c2a93f-d837-4e1b-b57c-56648903a8db,15581.0,10715.0,3202.0,,3043275.0,29315.0,,2067004.0,HoopAu00,austin-hooper-1,10748.0,11301.0,384.0,29315.0,739424.0,17963.0,739424.0,Austin Hooper,austin hooper,5,7,50.0,0,0.0,0.0,42.0,15.0,2.0,0.31911388,0,1.1904762,0.16666667,0.11081794,0.32757255,Austin Hooper,ATL,3.6975,3.24886855661487,5.881428571428572,11.862843970609424,71.42857142857143,50.0,0.0,3.1260000000000003,4.37305256081977,-1.2470525608197693,00-0032392,Austin,Hooper,A.Hooper,,,,,,,,,
2017,REG,4,00-0033110,T.Higbee,TE,TE,LA,12678,0df7912d-9e81-47ea-b4f7-d04986df4ee8,15623.0,10744.0,3271.0,,2573401.0,29344.0,,1853103.0,HigbTy00,tyler-higbee-1,10854.0,11430.0,159.0,29344.0,604176.0,18032.0,604176.0,Tyler Higbee,tyler higbee,3,6,47.0,0,0.0,0.0,91.0,23.0,2.0,1.3301294,0,0.51648355,0.17142858,0.39055794,0.53053343,Tyler Higbee,LAR,6.706666666666667,2.6515186159457667,13.665000000000001,29.192480239265116,50.0,47.0,0.0,8.446666666666667,4.579292916572883,3.867373750093784,00-0033110,Tyler,Higbee,T.Higbee,,,,,,,,,
2017,REG,4,00-0027061,J.Cook,TE,TE,LV,9474,3b7a1409-d154-4e5c-8c94-9d4a0e0993c7,9265.0,5012.0,367.0,jaredcook/71265,12537.0,9353.0,6126.0,584314.0,CookJa02,jared-cook-2,5981.0,5165.0,,9353.0,296480.0,8534.0,296480.0,Jared Cook,jared cook,3,8,46.0,0,0.0,0.0,125.0,14.0,2.0,-0.18822546,0,0.368,0.22857143,0.3396739,0.5806289,Jared Cook,LV,3.4216666666666664,1.8575313039858128,14.732499999999998,33.463940942646225,37.5,46.0,0.0,5.513333333333335,5.856241377082824,-0.3429080437494889,00-0027061,Jared,Cook,J.Cook,,,,,,,,,
2017,REG,4,00-0031418,A.Seferian-Jenkins,TE,TE,NYJ,11697,e78261de-af00-4530-824c-500addbe9f98,12145.0,8673.0,2222.0,austinseferian-jenkins/2543683,16795.0,27566.0,,1824731.0,SefeAu00,austin-seferian-jenkins-1,9241.0,9400.0,,27566.0,593347.0,16608.0,,Austin Seferian-Jenkins,austin seferian-jenkins,4,4,46.0,0,0.0,0.0,31.0,15.0,1.0,1.9513034,0,1.483871,0.12903225,0.15897436,0.30483043,,,,,,,,,,,,,,,,,,,,,,,,,
2017,REG,4,00-0027125,Z.Miller,TE,TE,CHI,9611,338b1ed8-131f-41f4-850a-1f93534558c7,9635.0,5104.0,749.0,zachmiller/238457,12699.0,9444.0,,1674135.0,MillZa02,,6124.0,5394.0,,9444.0,245993.0,12415.0,,Zach Miller,zach miller,2,2,45.0,0,0.0,0.0,18.0,27.0,2.0,3.0821376,0,2.5,0.060606062,0.062937066,0.13496503,,,,,,,,,,,,,,,,,,,,,,,,,
2017,REG,4,00-0022943,B.Watson,TE,TE,BAL,7422,d81844de-54c3-42ee-9850-072dc4131b6f,9040.0,1753.0,663.0,benjaminwatson/2506122,5557.0,6791.0,,493107.0,WatsBe00,benjamin-watson-1,3872.0,48.0,,6791.0,246082.0,11756.0,,Ben Watson,ben watson,5,6,43.0,0,0.0,0.0,36.0,12.0,1.0,-1.2538044,0,1.1944444,0.12765957,0.121212125,0.27633783,Benjamin Watson,BAL,6.3933333333333335,2.924572833366149,5.75,11.772735028152189,83.33333333333334,43.0,0.0,2.97,4.0546728412910396,-1.0846728412910394,00-0022943,Benjamin,Watson,B.Watson,,,,,,,,,
2017,REG,4,00-0029738,D.Fells,TE,TE,DET,11337,54d4e35a-2e6c-48f6-86ad-92dd596c173c,13636.0,8549.0,1592.0,darrenfells/2540928,15773.0,26612.0,,2053740.0,FellDa01,,9758.0,8472.0,,26612.0,266414.0,15247.0,266414.0,Darren Fells,darren fells,4,5,40.0,0,0.0,0.0,0.0,35.0,4.0,4.95966,0,0.0,0.16129032,0.0,0.24193548,Darren Fells,DET,7.494999999999999,4.199125403071437,1.0620000000000005,2.636020651310565,80.0,40.0,0.0,8.82,8.07266942614396,0.7473305738560398,00-0029738,Darren,Fells,D.Fells,,,,,,,,,
2017,REG,4,00-0032135,J.James,TE,TE,PIT,12211,a37a5bfd-b48c-4d8b-817a-d8ce7ca3592d,13959.0,9593.0,2463.0,jessejames/2552633,2979590.0,28548.0,,1983808.0,JameJe00,jesse-james-1,10150.0,10403.0,,28548.0,652019.0,16920.0,652019.0,Jesse James,jesse james,3,3,40.0,0,0.0,0.0,18.0,22.0,2.0,2.2749987,0,2.2222223,0.1,0.06081081,0.19256757,,,,,,,,,,,,,,,,,,,,,,,,,
2017,REG,4,00-0026201,M.Bennett,TE,TE,GB,9044,0ca741f8-58bd-4933-9d5c-0e04de3f4cff,9429.0,4375.0,40.0,martellusbennett/1062,11295.0,8838.0,,564954.0,BennMa00,martellus-bennett-1,5709.0,4639.0,,8838.0,302238.0,1181.0,,Martellus Bennett,martellus bennett,6,7,39.0,0,0.0,0.0,22.0,19.0,1.0,-0.23951562,0,1.7727273,0.25925925,0.10784314,0.46437907,Martellus Bennett,GB,4.147142857142857,3.010500987193004,3.931428571428571,12.228937077852827,85.71428571428571,39.0,0.0,3.3000000000000007,3.2152959681235984,0.0847040318764023,00-0026201,Martellus,Bennett,M.Bennett,,,,,,,,,
2017,REG,4,00-0031598,N.Boyle,TE,TE,BAL,12328,9480dd9f-151f-4e6d-b5a3-35f07bda4cac,13963.0,9604.0,2474.0,,2574591.0,28559.0,,1888149.0,BoylNi00,,10252.0,10547.0,,28559.0,608753.0,16931.0,608753.0,Nick Boyle,nick boyle,5,5,36.0,0,0.0,0.0,28.0,8.0,2.0,2.0212796,0,1.2857143,0.10638298,0.09427609,0.22556773,Nick Boyle,BAL,5.6775,4.208306610239545,5.190000000000001,8.855144173349258,100.0,36.0,0.0,2.009999999999999,3.1018589059337502,-1.0918589059337513,00-0031598,Nicholas,Boyle,N.Boyle,,,,,,,,,
2017,REG,4,00-0033288,G.Kittle,TE,TE,SF,13299,2ada91b0-036e-454f-83c3-6d939ff584a9,16499.0,11901.0,4217.0,,3040151.0,30259.0,,2818265.0,KittGe00,george-kittle-1,11892.0,12276.0,298.0,30259.0,733672.0,19063.0,733672.0,George Kittle,george kittle,2,3,35.0,0,0.0,0.0,17.0,26.0,2.0,1.8374422,0,2.0588236,0.0625,0.041666668,0.12291667,,,,,,,,,,,,,,,,,,,,,,,,,
2017,REG,4,00-0027981,K.Rudolph,TE,TE,MIN,10312,1059e9dc-97df-4643-9116-883a0573d8b1,9906.0,6195.0,943.0,kylerudolph/2495438,14054.0,24830.0,7444.0,1633122.0,RudoKy00,kyle-rudolph-1,7246.0,6459.0,,24830.0,469472.0,13275.0,469472.0,Kyle Rudolph,kyle rudolph,2,4,34.0,0,0.0,0.0,54.0,7.0,2.0,1.4747859,0,0.6296296,0.13333334,0.14835165,0.30384615,,,,,,,,,,,,,,,,,,,,,,,,,
2017,REG,4,00-0028067,J.Thomas,TE,TE,MIA,10372,87f6826a-f35a-4b49-9673-da54ccb9becd,9966.0,6281.0,874.0,juliusthomas/2495353,14204.0,24916.0,,1755056.0,ThomJu00,,7415.0,6598.0,,24916.0,550870.0,13027.0,,Julius Thomas,julius thomas,2,4,29.0,0,0.0,0.0,14.0,19.0,1.0,-3.7441363,0,2.0714285,0.14285715,0.0952381,0.2809524,,,,,,,,,,,,,,,,,,,,,,,,,
2017,REG,4,00-0032725,S.Anderson,TE,TE,HOU,12859,5cb0bf9c-03b4-4201-97c5-a59c6db50841,15760.0,11160.0,3496.0,,2576854.0,29789.0,,1880821.0,AndeSt01,,10885.0,11556.0,,29789.0,607660.0,18262.0,607660.0,Stephen Anderson,stephen anderson,2,2,28.0,0,0.0,0.0,5.0,23.0,2.0,2.0815747,0,5.6,0.05882353,0.015723271,0.099241585,,,,,,,,,,,,,,,,,,,,,,,,,
2017,REG,4,00-0030181,J.Doyle,TE,TE,IND,11516,bd413539-9351-454e-9d61-4e8635d7e9f5,11987.0,8520.0,1706.0,jackdoyle/2540232,16504.0,27299.0,,2041264.0,DoylJa00,,9081.0,9075.0,,27299.0,477386.0,15602.0,477386.0,Jack Doyle,jack doyle,5,7,27.0,0,0.0,0.0,40.0,12.0,0.0,-1.1677005,0,0.675,0.25,0.19138756,0.5089713,Jack Doyle,IND,4.408333333333334,1.7606984379469324,5.807142857142857,16.295197626874046,71.42857142857143,27.0,0.0,2.653999999999999,2.7992923412627535,-0.14529234126275448,00-0030181,John,Doyle,J.Doyle,,,,,,,,,
2017,REG,4,00-0031387,E.Ebron,TE,TE,DET,11695,9fbcfae9-dd14-415c-8952-9b1b5dff0dfc,12143.0,8645.0,2118.0,ericebron/2543466,16732.0,27538.0,,1865396.0,EbroEr00,eric-ebron-1,9210.0,9390.0,,27538.0,605752.0,16451.0,605752.0,Eric Ebron,eric ebron,2,4,27.0,0,0.0,0.0,31.0,27.0,2.0,1.2152563,0,0.87096775,0.12903225,0.1573604,0.3037007,,,,,,,,,,,,,,,,,,,,,,,,,
2017,REG,4,00-0029697,C.Fleener,TE,TE,NO,10743,9102665d-a658-4264-81c3-b9810776ddf0,11220.0,7038.0,1107.0,cobyfleener/2532838,14900.0,25744.0,,1244492.0,FleeCo00,coby-fleener-1,8064.0,7418.0,,25744.0,399848.0,13997.0,,Coby Fleener,coby fleener,2,4,21.0,0,0.0,0.0,34.0,3.0,1.0,0.6873138,0,0.61764705,0.1,0.23776224,0.31643358,,,,,,,,,,,,,,,,,,,,,,,,,
2017,REG,4,00-0030443,L.Toilolo,TE,TE,ATL,11252,67d56171-7522-430c-b7d9-8f7e2b6624d3,11694.0,7915.0,1642.0,levinetoilolo/2540203,15980.0,26756.0,,1685990.0,ToilLe00,levine-toilolo-1,8789.0,8414.0,,26756.0,503205.0,15378.0,503205.0,Levine Toilolo,levine toilolo,3,3,21.0,0,0.0,0.0,9.0,12.0,0.0,1.3476449,0,2.3333333,0.071428575,0.023746701,0.12376555,,,,,,,,,,,,,,,,,,,,,,,,,
2017,REG,4,00-0030472,J.Reed,TE,TE,WAS,11248,c3bf8d3e-3b2e-4f9e-ad74-c0a684035f17,11690.0,7866.0,1500.0,jordanreed/2540160,15860.0,26708.0,,1691412.0,ReedJo02,jordan-reed-1,8615.0,8412.0,,26708.0,508876.0,15100.0,,Jordan Reed,jordan reed,3,5,21.0,0,0.0,0.0,28.0,5.0,1.0,-1.0711572,0,0.75,0.20833333,0.10526316,0.38618422,Jordan Reed,WAS,3.6599999999999993,1.782267239701898,4.438000000000001,8.656134191535012,60.0,21.0,0.0,3.0633333333333326,4.028301626254385,-0.9649682929210526,00-0030472,Jordan,Reed,J.Reed,,,,,,,,,
2017,REG,4,00-0021547,A.Gates,TE,TE,LAC,7236,82da09c2-e542-4f7d-87d9-24dfd8e014de,9027.0,1609.0,322.0,antoniogates/2505299,5362.0,6663.0,,396811.0,,,3172.0,611.0,,6663.0,234249.0,7884.0,,Antonio Gates,antonio gates,3,5,18.0,0,0.0,0.0,16.0,8.0,1.0,-0.3092259,0,1.125,0.13513513,0.06130268,0.24561457,Antonio Gates,LAC,5.41,2.7477017472667593,4.178,7.781999701981819,60.0,18.0,0.0,2.479999999999999,1.649501328501439,0.83049867149856,00-0021547,Antonio,Gates,A.Gates,,,,,,,,,
2017,REG,4,00-0030780,R.Hewitt,TE,TE,CIN,11927,fa26e15f-2375-4acc-aaae-cf32cfe4bc3e,12881.0,9107.0,1891.0,ryanhewitt/2550206,17169.0,28021.0,,2130137.0,,,9654.0,9985.0,,28021.0,503183.0,16111.0,,Ryan Hewitt,ryan hewitt,1,1,16.0,0,0.0,0.0,14.0,2.0,1.0,1.0441982,0,1.1428572,0.033333335,0.097222224,0.11805555,,,,,,,,,,,,,,,,,,,,,,,,,
2017,REG,4,00-0033090,H.Henry,TE,TE,LAC,12676,705899da-3c20-4bc3-b5d0-2e6e40655131,15561.0,10669.0,3214.0,,3046439.0,29269.0,,2079848.0,HenrHu00,hunter-henry-1,10735.0,11299.0,212.0,29269.0,744425.0,17975.0,744425.0,Hunter Henry,hunter henry,2,3,16.0,1,0.0,0.0,16.0,5.0,2.0,2.673106,0,1.0,0.08108108,0.06130268,0.1645335,,,,,,,,,,,,,,,,,,,,,,,,,
2017,REG,4,00-0028097,L.Smith,TE,TE,LV,10398,cf23126f-055b-4617-819b-bb4bcb84541a,9992.0,6311.0,812.0,leesmith/2495347,14215.0,24946.0,7585.0,1276441.0,SmitLe00,lee-smith-2,7425.0,6665.0,,24946.0,334184.0,12777.0,334184.0,Lee Smith,lee smith,2,2,15.0,0,0.0,0.0,8.0,7.0,1.0,0.77057266,0,1.875,0.057142857,0.02173913,0.100931674,,,,,,,,,,,,,,,,,,,,,,,,,
2017,REG,4,00-0033559,M.Roberts,TE,TE,DET,13197,bb9f0c5a-cbc2-43bb-9aa5-77cdc7e77bb6,16500.0,11882.0,4164.0,,3059945.0,30240.0,,2082652.0,RobeMi01,michael-roberts-3,11896.0,12354.0,,30240.0,749874.0,19010.0,,Michael Roberts,michael roberts,1,1,15.0,0,0.0,0.0,13.0,2.0,1.0,1.3761995,0,1.1538461,0.032258064,0.065989845,0.09457999,,,,,,,,,,,,,,,,,,,,,,,,,
2017,REG,4,00-0027732,M.Hoomanawanui,TE,TE,NO,9946,add7a245-2444-491f-bdfb-b1b0d76f6a28,9740.0,5655.0,622.0,michaelhoomanawanui/497246,13387.0,24108.0,,1115114.0,HoomMi00,michael-hoomanawanui-1,6535.0,5909.0,,24108.0,333398.0,11535.0,,Michael Hoomanawanui,michael hoomanawanui,1,2,13.0,0,0.0,0.0,2.0,8.0,0.0,0.37559107,0,6.5,0.05,0.013986014,0.08479021,,,,,,,,,,,,,,,,,,,,,,,,,
2017,REG,4,00-0030108,R.Griffin,TE,TE,HOU,11399,cb1df42c-b59c-4e23-a9a2-fbfc2b39ef71,11830.0,7982.0,1425.0,ryangriffin/2541316,15887.0,26824.0,,2057695.0,GrifRy00,ryan-griffin-1,8911.0,8600.0,,26824.0,465129.0,14985.0,465129.0,Ryan Griffin,ryan griffin,2,5,13.0,0,0.0,0.0,43.0,8.0,1.0,-0.14432077,0,0.30232558,0.14705883,0.13522013,0.31524232,Ryan Griffin,HOU,2.95,2.0119032975215205,12.120000000000001,17.928463654921448,40.0,13.0,0.0,1.8999999999999986,3.2733966733267152,-1.3733966733267167,00-0030108,Ryan,Griffin,R.Griffin,,,,,,,,,
2017,REG,4,00-0027873,J.Gresham,TE,TE,ARI,9838,b44773b9-af17-4d6c-a453-132e20849712,9685.0,5546.0,530.0,jermainegresham/497238,13228.0,23996.0,,1123667.0,GresJe00,jermaine-gresham-1,6455.0,5549.0,,23996.0,333278.0,11026.0,,Jermaine Gresham,jermaine gresham,2,3,12.0,0,0.0,0.0,10.0,6.0,0.0,-5.306285,0,1.2,0.05882353,0.022883296,0.1042536,,,,,,,,,,,,,,,,,,,,,,,,,
2017,REG,4,00-0032062,B.Bell,TE,TE,MIN,12213,0cc4e449-185a-4b08-9f07-c907ad0c3e05,13966.0,9550.0,2422.0,,2514206.0,28505.0,,1737101.0,BellBl00,blake-bell-1,10248.0,10366.0,,28505.0,542871.0,16878.0,542871.0,Blake Bell,blake bell,1,1,12.0,0,0.0,0.0,12.0,0.0,1.0,0.875076,0,1.0,0.033333335,0.032967035,0.073076926,,,,,,,,,,,,,,,,,,,,,,,,,
2017,REG,4,00-0029587,R.Ellison,TE,TE,NYG,10838,cccc9f16-9508-434f-b7a4-9a29cb0cacf9,11315.0,7128.0,1211.0,rhettellison/2532835,15003.0,25838.0,,1244464.0,ElliRh00,rhett-ellison-1,8114.0,7580.0,,25838.0,399295.0,14445.0,,Rhett Ellison,rhett ellison,2,2,11.0,1,0.0,0.0,8.0,3.0,1.0,2.7335799,0,1.375,0.040816326,0.018348623,0.074068524,,,,,,,,,,,,,,,,,,,,,,,,,
2017,REG,4,00-0032134,C.Uzomah,TE,TE,CIN,12317,19858900-5c8e-49a7-ab02-34ef625724ca,14084.0,9590.0,2460.0,c.j.uzomah/2552559,2574576.0,28545.0,,2174118.0,UzomC.00,cj-uzomah-1,10462.0,10534.0,,28545.0,593305.0,16917.0,593305.0,C.J. Uzomah,cj uzomah,1,1,11.0,0,0.0,0.0,5.0,6.0,1.0,0.8192393,0,2.2,0.033333335,0.034722224,0.07430556,,,,,,,,,,,,,,,,,,,,,,,,,
2017,REG,4,00-0033885,D.Njoku,TE,TE,CLE,13192,8f86fcea-90e8-49ea-bc78-5c7659313e57,16399.0,11784.0,4033.0,,3123076.0,30142.0,,2136474.0,NjokDa00,david-njoku-1,11734.0,12186.0,252.0,30142.0,832098.0,18876.0,832098.0,David Njoku,david njoku,2,2,11.0,0,0.0,0.0,5.0,6.0,1.0,1.2875631,0,2.2,0.048780486,0.020746889,0.08769355,,,,,,,,,,,,,,,,,,,,,,,,,
2017,REG,4,00-0031299,J.Matthews,TE,TE,BUF,11676,7b96a836-666b-47b6-a0a7-9dbb0b4c53e8,12124.0,8677.0,1800.0,jordanmatthews/2543500,16763.0,27570.0,,1759816.0,MattJo00,jordan-matthews-1,9273.0,9420.0,,27570.0,555648.0,15974.0,555648.0,Jordan Matthews,jordan matthews,2,2,10.0,1,0.0,0.0,9.0,1.0,1.0,1.1359564,0,1.1111112,0.1,0.027108435,0.1689759,,,,,,,,,,,,,,,,,,,,,,,,,
2017,REG,4,00-0022127,J.Witten,TE,TE,DAL,6997,e38c9b1b-7c51-48a2-ac1d-a752502e8930,9275.0,1384.0,23.0,jasonwitten/2505629,4527.0,6405.0,,396134.0,WittJa00,jason-witten-1,3086.0,1990.0,,6405.0,184571.0,722.0,,Jason Witten,jason witten,1,2,9.0,0,0.0,0.0,9.0,0.0,0.0,-0.07264133,0,1.0,0.057142857,0.0259366,0.10386991,,,,,,,,,,,,,,,,,,,,,,,,,
2017,REG,4,00-0030422,D.Sims,TE,TE,CHI,11249,9c04a540-cb7c-41dc-8e7c-50b7af29a3a2,11691.0,7888.0,1357.0,dionsims/2540200,15974.0,26729.0,,1700507.0,SimsDi00,dion-sims-1,8784.0,8532.0,,26729.0,511525.0,14876.0,,Dion Sims,dion sims,1,1,8.0,0,0.0,0.0,5.0,3.0,0.0,-0.4534663,0,1.6,0.030303031,0.017482517,0.057692308,,,,,,,,,,,,,,,,,,,,,,,,,
2017,REG,4,00-0033895,G.Everett,TE,TE,LA,13236,ebeceb00-57e0-4b74-9cf7-853da2afed18,16459.0,11799.0,4089.0,,3918639.0,30157.0,,2142692.0,EverGe00,gerald-everett-1,11737.0,12284.0,55.0,30157.0,838487.0,18935.0,838487.0,Gerald Everett,gerald everett,1,3,8.0,0,0.0,0.0,33.0,4.0,1.0,0.27147073,0,0.24242425,0.08571429,0.1416309,0.22771306,,,,,,,,,,,,,,,,,,,,,,,,,
2017,REG,4,00-0030089,L.Willson,TE,TE,SEA,11381,16c67c97-ffd9-4f92-917d-ad6124ce1f6e,11812.0,7940.0,1603.0,lukewillson/2541199,16121.0,26781.0,,2057661.0,WillLu00,luke-willson-1,8907.0,8567.0,,26781.0,466869.0,15263.0,466869.0,Luke Willson,luke willson,1,1,6.0,1,0.0,0.0,5.0,1.0,1.0,1.8546374,0,1.2,0.03846154,0.015527951,0.068561874,,,,,,,,,,,,,,,,,,,,,,,,,
2017,REG,4,00-0033080,S.DeValve,TE,TE,CLE,12792,a2451bf7-83dd-496c-b527-c14d8d518598,15671.0,10772.0,3296.0,,2566659.0,29372.0,,1984760.0,DevaSe00,,11221.0,11444.0,,29372.0,623676.0,18057.0,,Seth DeValve,seth devalve,1,4,2.0,0,0.0,0.0,15.0,1.0,0.0,-3.7698762,0,0.13333334,0.09756097,0.062240664,0.18990993,,,,,,,,,,,,,,,,,,,,,,,,,
2017,REG,4,00-0024243,M.Lewis,TE,TE,JAX,8269,9c21e9af-681c-41ef-9b00-fbc9e1668ed1,9413.0,2973.0,111.0,marcedeslewis/2495888,9614.0,7777.0,4007.0,415313.0,LewiMa00,marcedes-lewis-1,4891.0,3615.0,,7777.0,214197.0,3061.0,214197.0,Marcedes Lewis,marcedes lewis,0,4,0.0,0,0.0,0.0,51.0,0.0,0.0,-3.2667177,0,0.0,0.114285715,0.20816326,0.31714284,,,,,,,,,,,,,,,,,,,,,,,,,
2017,REG,4,00-0025549,B.Celek,TE,TE,PHI,8838,645a8bf9-2079-4df4-904a-3d8f08438b85,9070.0,3778.0,221.0,brentcelek/2507218,10605.0,8416.0,4697.0,408126.0,CeleBr00,brent-celek-1,5403.0,4269.0,,8416.0,229510.0,5511.0,,Brent Celek,brent celek,0,1,0.0,0,0.0,0.0,-5.0,0.0,0.0,-0.56858385,0,0.0,0.033333335,-0.018656716,0.0369403,,,,,,,,,,,,,,,,,,,,,,,,,
2017,REG,4,00-0027215,L.Paulsen,TE,TE,SF,10123,518c96c5-65bb-4559-8074-9cdb2ca32f99,9850.0,5795.0,587.0,loganpaulsen/2507828,13726.0,24608.0,,559624.0,,,6871.0,6368.0,,24608.0,300115.0,11345.0,,Logan Paulsen,logan paulsen,0,1,0.0,0,0.0,0.0,21.0,0.0,0.0,-0.4570037,0,0.0,0.020833334,0.05147059,0.06727941,,,,,,,,,,,,,,,,,,,,,,,,,
2017,REG,4,00-0027985,L.Kendricks,TE,TE,GB,10318,27921351-a775-4649-bd49-7b4c486d1ba2,9912.0,6199.0,964.0,lancekendricks/2495187,14007.0,24834.0,7425.0,1117803.0,KendLa00,lance-kendricks-1,7412.0,6614.0,,24834.0,332066.0,13386.0,,Lance Kendricks,lance kendricks,1,1,0.0,0,0.0,0.0,-1.0,1.0,0.0,-0.5545823,0,0.0,0.037037037,-0.004901961,0.052124184,,,,,,,,,,,,,,,,,,,,,,,,,
2017,REG,4,00-0028093,N.Paul,TE,TE,WAS,10394,38f5843a-8318-4eb7-b517-c83d415e77a4,9988.0,6307.0,918.0,nilespaul/2495211,14156.0,24942.0,7556.0,1272502.0,PaulNi00,niles-paul-1,7384.0,6661.0,,24942.0,406159.0,13170.0,,Niles Paul,niles paul,0,1,0.0,0,0.0,0.0,0.0,0.0,0.0,-0.5110056,0,,0.041666668,0.0,0.0625,,,,,,,,,,,,,,,,,,,,,,,,,
2017,REG,4,00-0029689,D.Allen,TE,TE,NE,10742,cc745cc3-d52a-454b-98c8-ac9155a9405c,11219.0,7066.0,1105.0,dwayneallen/2533046,14901.0,25774.0,8485.0,1630216.0,AlleDw00,dwayne-allen-1,8041.0,7452.0,,25774.0,463515.0,13987.0,,Dwayne Allen,dwayne allen,0,1,0.0,0,0.0,0.0,36.0,0.0,0.0,-0.78067356,0,0.0,0.022222223,0.10557185,0.10723363,,,,,,,,,,,,,,,,,,,,,,,,,
2017,REG,4,00-0030155,D.Harris,TE,TE,KC,11448,8506c15c-15cc-4d2c-aebf-270c605fe0ec,11881.0,8524.0,1619.0,demetriusharris/2541187,16318.0,27174.0,,2060074.0,HarrDe03,,9847.0,8683.0,,27174.0,602269.0,15305.0,602269.0,Demetrius Harris,demetrius harris,0,3,0.0,0,0.0,0.0,11.0,0.0,0.0,-2.2350683,0,0.0,0.08571429,0.038327526,0.1554007,,,,,,,,,,,,,,,,,,,,,,,,,
2017,REG,4,00-0030470,V.McDonald,TE,TE,PIT,11257,8f24a248-b328-43ec-8677-67600e42a8f7,11699.0,7836.0,1587.0,vancemcdonald/2540215,15853.0,26678.0,,1673357.0,McDoVa00,vance-mcdonald-1,8785.0,8413.0,,26678.0,494969.0,15239.0,,Vance McDonald,vance mcdonald,0,1,0.0,0,0.0,0.0,10.0,0.0,0.0,-0.33523235,0,0.0,0.033333335,0.033783782,0.07364865,,,,,,,,,,,,,,,,,,,,,,,,,
2017,REG,4,00-0031690,E.Tomlinson,TE,TE,NYJ,13065,b3d7169b-9cf6-4fea-815a-26e4fb0ec16a,14339.0,9786.0,2755.0,,2511973.0,28658.0,,1759992.0,TomlEr01,,10553.0,10747.0,,28658.0,554431.0,17223.0,554431.0,Eric Tomlinson,eric tomlinson,0,1,0.0,0,0.0,0.0,6.0,0.0,0.0,-0.6210427,0,0.0,0.032258064,0.03076923,0.06992556,,,,,,,,,,,,,,,,,,,,,,,,,
2017,REG,4,00-0031951,J.O'Shaughnessy,TE,TE,JAX,12330,e5c6b0d4-3e77-422b-a6d8-574a10ed385e,14146.0,9606.0,2476.0,,2508079.0,28561.0,,2174148.0,O'ShJa00,,10249.0,10549.0,,28561.0,552352.0,16933.0,552352.0,James O'Shaughnessy,james oshaughnessy,0,1,0.0,0,0.0,0.0,2.0,0.0,0.0,-0.89036924,0,0.0,0.028571429,0.008163265,0.04857143,,,,,,,,,,,,,,,,,,,,,,,,,
2017,REG,4,00-0032430,D.Morgan,TE,TE,MIN,12816,4bff1c89-f4d1-4699-8c85-69bbbbaec5a2,15857.0,10822.0,3344.0,,2582138.0,29422.0,,1907784.0,MorgDa01,david-morgan-1,11139.0,11477.0,,29422.0,612030.0,18105.0,,David Morgan,david morgan,0,1,0.0,0,0.0,0.0,16.0,0.0,0.0,-0.62127435,0,0.0,0.033333335,0.043956045,0.08076923,,,,,,,,,,,,,,,,,,,,,,,,,
2017,REG,4,00-0033258,D.Daniels,TE,TE,IND,13396,7574eb56-a34a-419e-9682-c4788cfe2019,16582.0,12122.0,4323.0,,3052166.0,30523.0,,2079698.0,DaniDa02,,11890.0,12453.0,,30523.0,747895.0,19176.0,747895.0,Darrell Daniels,darrell daniels,0,2,0.0,0,0.0,0.0,8.0,0.0,0.0,-2.0249116,0,0.0,0.071428575,0.03827751,0.13393712,,,,,,,,,,,,,,,,,,,,,,,,,
2017,REG,4,00-0033387,J.Hollister,TE,TE,NE,13391,ad2a1d03-020b-487a-bd5f-7ca9fbc250fe,16527.0,12051.0,4421.0,,3125404.0,30661.0,,2818962.0,HollJa03,,12271.0,12491.0,,30661.0,696882.0,19281.0,696882.0,Jacob Hollister,jacob hollister,0,1,0.0,0,0.0,0.0,2.0,0.0,0.0,-0.8401178,0,0.0,0.022222223,0.0058651026,0.037438907,,,,,,,,,,,,,,,,,,,,,,,,,
2017,REG,5,00-0027675,E.Dickson,TE,TE,CAR,9912,46bb9a85-523c-4530-95c3-2c2a9737e65f,9706.0,5595.0,701.0,eddickson/497224,13272.0,24045.0,6604.0,565631.0,DickEd00,ed-dickson-1,6530.0,5840.0,,24045.0,296060.0,12153.0,,Ed Dickson,ed dickson,5,5,175.0,0,0.0,0.0,83.0,92.0,4.0,14.150761,0,2.1084337,0.15151516,0.3640351,0.4820973,Ed Dickson,CAR,5.9075,3.7654047809706364,16.048000000000002,33.64501656253931,100.0,175.0,0.0,18.951999999999998,12.56877349757924,6.383226502420758,00-0027675,Edward,Dickson,E.Dickson,,,,,,,,,
2017,REG,5,00-0030506,T.Kelce,TE,TE,KC,11244,c3859e06-5f23-4302-a71b-04820a899d5f,11594.0,7844.0,1466.0,traviskelce/2540258,15847.0,26686.0,,1725130.0,KelcTr00,travis-kelce-1,8783.0,8411.0,264.0,26686.0,448240.0,15048.0,448240.0,Travis Kelce,travis kelce,8,11,98.0,0,0.0,0.0,119.0,42.0,5.0,6.712464,0,0.8235294,0.2972973,0.35416666,0.6938626,Travis Kelce,KC,6.726666666666666,2.986141110531703,10.040909090909093,33.209056195315554,72.72727272727273,98.0,0.0,5.846249999999999,4.082436320136846,1.7638136798631523,00-0030506,Travis,Kelce,T.Kelce,,,,,,,,,
2017,REG,5,00-0033110,T.Higbee,TE,TE,LA,12678,0df7912d-9e81-47ea-b4f7-d04986df4ee8,15623.0,10744.0,3271.0,,2573401.0,29344.0,,1853103.0,HigbTy00,tyler-higbee-1,10854.0,11430.0,159.0,29344.0,604176.0,18032.0,604176.0,Tyler Higbee,tyler higbee,4,8,98.0,0,0.0,0.0,126.0,20.0,4.0,-0.85737175,0,0.7777778,0.17391305,0.22743683,0.42007533,Tyler Higbee,LAR,6.34,2.055933029966112,14.386250000000002,21.18038941440612,50.0,98.0,0.0,6.032499999999998,3.489382706199308,2.54311729380069,00-0033110,Tyler,Higbee,T.Higbee,,,,,,,,,
2017,REG,5,00-0033288,G.Kittle,TE,TE,SF,13299,2ada91b0-036e-454f-83c3-6d939ff584a9,16499.0,11901.0,4217.0,,3040151.0,30259.0,,2818265.0,KittGe00,george-kittle-1,11892.0,12276.0,298.0,30259.0,733672.0,19063.0,733672.0,George Kittle,george kittle,7,9,83.0,1,0.0,0.0,63.0,34.0,4.0,7.810334,0,1.3174603,0.2,0.16492146,0.41544503,George Kittle,SF,5.08375,4.348375282602195,6.99,16.255393917469835,77.77777777777779,83.0,1.0,5.201428571428571,5.070979251116569,0.1304493203120023,00-0033288,George,Kittle,G.Kittle,,,,,,,,,
2017,REG,5,00-0031273,C.Brate,TE,TE,TB,12110,5afe93fd-0caf-4cca-83fc-7f405bebfa3e,13470.0,9207.0,2214.0,,17453.0,28267.0,,2132787.0,BratCa00,,10008.0,10193.0,,28267.0,552926.0,16593.0,552926.0,Cameron Brate,cameron brate,5,9,68.0,1,0.0,0.0,99.0,18.0,3.0,1.96229,0,0.68686867,0.2,0.18299446,0.42809612,Cameron Brate,TB,4.687142857142858,3.060664128403273,10.596666666666666,17.917261591643495,55.55555555555556,68.0,1.0,5.168000000000004,2.908100661867638,2.2598993381323655,00-0031273,Cameron,Brate,C.Brate,,,,,,,,,
2017,REG,5,00-0032725,S.Anderson,TE,TE,HOU,12859,5cb0bf9c-03b4-4201-97c5-a59c6db50841,15760.0,11160.0,3496.0,,2576854.0,29789.0,,1880821.0,AndeSt01,,10885.0,11556.0,,29789.0,607660.0,18262.0,607660.0,Stephen Anderson,stephen anderson,2,2,63.0,0,0.0,0.0,63.0,0.0,2.0,3.767451,0,1.0,0.06896552,0.1409396,0.202106,,,,,,,,,,,,,,,,,,,,,,,,,
2017,REG,5,00-0022127,J.Witten,TE,TE,DAL,6997,e38c9b1b-7c51-48a2-ac1d-a752502e8930,9275.0,1384.0,23.0,jasonwitten/2505629,4527.0,6405.0,,396134.0,WittJa00,jason-witten-1,3086.0,1990.0,,6405.0,184571.0,722.0,,Jason Witten,jason witten,8,10,61.0,0,1.0,1.0,65.0,13.0,5.0,3.045242,0,0.93846154,0.2777778,0.23809524,0.5833333,Jason Witten,DAL,4.114285714285715,3.032740902630653,6.718999999999999,21.56913100703028,80.0,61.0,0.0,1.44625,2.09736844628236,-0.6511184462823598,00-0022127,Christopher,Witten,J.Witten,,,,,,,,,
2017,REG,5,00-0030061,Z.Ertz,TE,TE,PHI,11247,de3421f7-2147-4835-89a5-724e87bad463,11689.0,7816.0,1339.0,zachertz/2540158,15835.0,26658.0,,1685963.0,ErtzZa00,zach-ertz-1,8781.0,8409.0,305.0,26658.0,503177.0,14856.0,503177.0,Zach Ertz,zach ertz,6,12,61.0,1,0.0,0.0,78.0,24.0,3.0,0.12883273,0,0.78205127,0.4,0.271777,0.7902439,Zach Ertz,PHI,4.920000000000001,2.784701297615248,6.198333333333334,28.0024094571192,50.0,61.0,1.0,5.234999999999999,4.460140123085523,0.7748598769144763,00-0030061,Zachary,Ertz,Z.Ertz,,,,,,,,,
2017,REG,5,00-0032117,N.O'Leary,TE,TE,BUF,12207,c257b2e6-dfc9-45c8-b30c-a497f2ce82a2,13957.0,9627.0,2495.0,,2576804.0,28582.0,,1860760.0,OLeaNi00,nick-oleary-1,10250.0,10568.0,,28582.0,605423.0,16954.0,,Nick O'Leary,nick oleary,5,6,54.0,0,0.0,0.0,35.0,29.0,4.0,4.1642723,0,1.5428572,0.17142858,0.18229167,0.38474703,Nick O'Leary,BUF,7.460000000000001,4.121058190672368,4.641666666666668,15.922474415413642,83.33333333333334,54.0,0.0,7.053999999999999,8.614653615527823,-1.5606536155278237,00-0032117,Nicklaus,O'Leary,N.O'Leary,,,,,,,,,
2017,REG,5,00-0026201,M.Bennett,TE,TE,GB,9044,0ca741f8-58bd-4933-9d5c-0e04de3f4cff,9429.0,4375.0,40.0,martellusbennett/1062,11295.0,8838.0,,564954.0,BennMa00,martellus-bennett-1,5709.0,4639.0,,8838.0,302238.0,1181.0,,Martellus Bennett,martellus bennett,3,3,53.0,0,0.0,0.0,29.0,24.0,2.0,3.3373072,0,1.8275862,0.10714286,0.13122173,0.2525695,,,,,,,,,,,,,,,,,,,,,,,,,
2017,REG,5,00-0032055,D.Funchess,TE,TE,CAR,12205,7f5f2a81-ac40-420c-9421-5b9e2a21faf8,13915.0,9474.0,2346.0,,2977609.0,28429.0,,2001877.0,FuncDe00,devin-funchess-1,10138.0,10391.0,,28429.0,696127.0,16802.0,696127.0,Devin Funchess,devin funchess,7,8,53.0,1,0.0,0.0,47.0,14.0,5.0,8.181172,0,1.1276596,0.24242425,0.20614035,0.50793463,,,,,,,,,,,,,,,,,,,,,,,,,
2017,REG,5,00-0033885,D.Njoku,TE,TE,CLE,13192,8f86fcea-90e8-49ea-bc78-5c7659313e57,16399.0,11784.0,4033.0,,3123076.0,30142.0,,2136474.0,NjokDa00,david-njoku-1,11734.0,12186.0,252.0,30142.0,832098.0,18876.0,832098.0,David Njoku,david njoku,3,3,48.0,1,0.0,0.0,36.0,12.0,2.0,4.50681,0,1.3333334,0.083333336,0.10557185,0.1989003,,,,,,,,,,,,,,,,,,,,,,,,,
2017,REG,5,00-0027981,K.Rudolph,TE,TE,MIN,10312,1059e9dc-97df-4643-9116-883a0573d8b1,9906.0,6195.0,943.0,kylerudolph/2495438,14054.0,24830.0,7444.0,1633122.0,RudoKy00,kyle-rudolph-1,7246.0,6459.0,,24830.0,469472.0,13275.0,469472.0,Kyle Rudolph,kyle rudolph,6,9,45.0,1,0.0,0.0,53.0,24.0,2.0,0.05984321,0,0.8490566,0.28125,0.26767677,0.60924876,Kyle Rudolph,MIN,5.778571428571428,2.519912510776645,6.346666666666667,31.64718266939997,66.66666666666666,45.0,1.0,4.8883333333333345,4.962800380472033,-0.07446704713869856,00-0027981,Kyle,Rudolph,K.Rudolph,,,,,,,,,
2017,REG,5,00-0033090,H.Henry,TE,TE,LAC,12676,705899da-3c20-4bc3-b5d0-2e6e40655131,15561.0,10669.0,3214.0,,3046439.0,29269.0,,2079848.0,HenrHu00,hunter-henry-1,10735.0,11299.0,212.0,29269.0,744425.0,17975.0,744425.0,Hunter Henry,hunter henry,3,8,42.0,1,0.0,0.0,74.0,3.0,2.0,0.3542176,0,0.5675676,0.1904762,0.26523298,0.47137737,Hunter Henry,LAC,5.967142857142856,3.075880758071447,11.988750000000001,29.065397902903218,37.5,42.0,1.0,1.176666666666667,2.1537890844302487,-0.9771224177635818,00-0033090,Hunter,Henry,H.Henry,,,,,,,,,
2017,REG,5,00-0027125,Z.Miller,TE,TE,CHI,9611,338b1ed8-131f-41f4-850a-1f93534558c7,9635.0,5104.0,749.0,zachmiller/238457,12699.0,9444.0,,1674135.0,MillZa02,,6124.0,5394.0,,9444.0,245993.0,12415.0,,Zach Miller,zach miller,3,7,39.0,1,0.0,0.0,65.0,9.0,1.0,-4.568463,0,0.6,0.26923078,0.33854166,0.64082533,Zach Miller,CHI,6.355,2.0578652411104694,10.854285714285714,40.40844546083073,42.857142857142854,39.0,1.0,2.8566666666666642,3.062030928851982,-0.20536426218531778,00-0027125,Zachary,Miller,Z.Miller,,,,,,,,,
2017,REG,5,00-0032214,T.Kroft,TE,TE,CIN,12212,36f54823-9d51-4180-9c91-d10281deb4bf,13960.0,9518.0,2390.0,tylerkroft/2552586,2582410.0,28473.0,,1824200.0,KrofTy00,tyler-kroft-1,10247.0,10490.0,,28473.0,592268.0,16846.0,592268.0,Tyler Kroft,tyler kroft,4,5,38.0,0,0.0,0.0,37.0,13.0,2.0,1.7248837,0,1.027027,0.14705883,0.11077844,0.29813313,Tyler Kroft,CIN,5.0633333333333335,1.3948033841673977,8.174000000000001,13.916033913309958,80.0,38.0,0.0,3.8249999999999993,3.505405553138189,0.31959444686181016,00-0032214,Tyler,Kroft,T.Kroft,,,,,,,,,
2017,REG,5,00-0027696,J.Graham,TE,TE,SEA,9925,fd85786d-3900-4dc0-9b30-334ee30413ed,9712.0,5619.0,616.0,jimmygraham/497236,13232.0,24070.0,6610.0,1691166.0,GrahJi00,jimmy-graham-1,6532.0,5842.0,,24070.0,295918.0,11488.0,295918.0,Jimmy Graham,jimmy graham,6,8,37.0,1,0.0,0.0,33.0,16.0,2.0,0.7963026,0,1.1212121,0.21621622,0.110738255,0.4018411,Jimmy Graham,SEA,6.522499999999999,2.4988504231032658,4.2625,11.830419095198447,75.0,37.0,1.0,2.771666666666666,3.995604757522642,-1.223938090855976,00-0027696,Jimmy,Graham,J.Graham,,,,,,,,,
2017,REG,5,00-0031690,E.Tomlinson,TE,TE,NYJ,13065,b3d7169b-9cf6-4fea-815a-26e4fb0ec16a,14339.0,9786.0,2755.0,,2511973.0,28658.0,,1759992.0,TomlEr01,,10553.0,10747.0,,28658.0,554431.0,17223.0,554431.0,Eric Tomlinson,eric tomlinson,1,1,34.0,0,0.0,0.0,8.0,26.0,1.0,2.6633825,0,4.25,0.033333335,0.071428575,0.1,,,,,,,,,,,,,,,,,,,,,,,,,
2017,REG,5,00-0028112,C.Clay,TE,TE,BUF,10409,04ca4fb9-194e-47fe-8fc8-adb5790a8e78,10003.0,6326.0,801.0,charlesclay/2495139,14145.0,24961.0,,1265552.0,ClayCh00,charles-clay-1,7424.0,6681.0,,24961.0,400516.0,12751.0,,Charles Clay,charles clay,2,3,31.0,0,0.0,0.0,22.0,10.0,2.0,1.970129,0,1.4090909,0.08571429,0.114583336,0.20877977,,,,,,,,,,,,,,,,,,,,,,,,,
2017,REG,5,00-0031418,A.Seferian-Jenkins,TE,TE,NYJ,11697,e78261de-af00-4530-824c-500addbe9f98,12145.0,8673.0,2222.0,austinseferian-jenkins/2543683,16795.0,27566.0,,1824731.0,SefeAu00,austin-seferian-jenkins-1,9241.0,9400.0,,27566.0,593347.0,16608.0,,Austin Seferian-Jenkins,austin seferian-jenkins,6,8,29.0,1,0.0,0.0,18.0,13.0,3.0,1.6588122,0,1.6111112,0.26666668,0.16071428,0.5125,Austin Seferian-Jenkins,NYJ,5.568,2.1203399452553167,5.95,28.592023065833732,75.0,29.0,1.0,0.6666666666666655,2.5982663163149105,-1.9315996496482448,00-0031418,Austin,Seferian-Jenkins,A.Seferian-Jenkins,,,,,,,,,
2017,REG,5,00-0032319,R.Travis,TE,TE,KC,12898,75dfd9cc-5419-49e1-bade-0632d03ca4b4,14613.0,10320.0,3041.0,,3936647.0,29208.0,,2195596.0,,,10837.0,11245.0,,29208.0,602069.0,17750.0,602069.0,Ross Travis,ross travis,2,2,26.0,0,1.0,0.0,18.0,8.0,1.0,1.2867357,0,1.4444444,0.054054055,0.05357143,0.11858108,,,,,,,,,,,,,,,,,,,,,,,,,
2017,REG,5,00-0024389,De.Walker,TE,TE,TEN,8416,ccce5e8e-52ca-4f0f-a40f-fe5e7227d156,9172.0,3120.0,284.0,delaniewalker/2495966,9761.0,7924.0,4353.0,1109396.0,WalkHu00,,4888.0,3976.0,,7924.0,218943.0,7175.0,,Delanie Walker,delanie walker,3,5,25.0,0,0.0,0.0,37.0,5.0,2.0,-1.7167087,0,0.6756757,0.16129032,0.15811966,0.35261923,Delanie Walker,TEN,8.020000000000001,1.8326076132994031,6.804,14.489543847693687,60.0,25.0,0.0,1.9666666666666661,2.1615577866896274,-0.19489112002296127,00-0024389,Delanie,Walker,D.Walker,,,,,,,,,
2017,REG,5,00-0027061,J.Cook,TE,TE,LV,9474,3b7a1409-d154-4e5c-8c94-9d4a0e0993c7,9265.0,5012.0,367.0,jaredcook/71265,12537.0,9353.0,6126.0,584314.0,CookJa02,jared-cook-2,5981.0,5165.0,,9353.0,296480.0,8534.0,296480.0,Jared Cook,jared cook,3,6,25.0,0,1.0,1.0,56.0,9.0,2.0,-9.156927,0,0.44642857,0.24,0.23728813,0.5261017,Jared Cook,LV,4.816666666666667,1.9012891790211761,9.758333333333333,22.35415394013439,50.0,25.0,0.0,2.3633333333333346,4.448288225776953,-2.0849548924436188,00-0027061,Jared,Cook,J.Cook,,,,,,,,,
2017,REG,5,00-0027985,L.Kendricks,TE,TE,GB,10318,27921351-a775-4649-bd49-7b4c486d1ba2,9912.0,6199.0,964.0,lancekendricks/2495187,14007.0,24834.0,7425.0,1117803.0,KendLa00,lance-kendricks-1,7412.0,6614.0,,24834.0,332066.0,13386.0,,Lance Kendricks,lance kendricks,1,1,24.0,0,0.0,0.0,22.0,2.0,1.0,1.7053158,0,1.0909091,0.035714287,0.09954751,0.12325469,,,,,,,,,,,,,,,,,,,,,,,,,
2017,REG,5,00-0029738,D.Fells,TE,TE,DET,11337,54d4e35a-2e6c-48f6-86ad-92dd596c173c,13636.0,8549.0,1592.0,darrenfells/2540928,15773.0,26612.0,,2053740.0,FellDa01,,9758.0,8472.0,,26612.0,266414.0,15247.0,266414.0,Darren Fells,darren fells,2,2,24.0,2,0.0,0.0,17.0,7.0,2.0,4.810924,0,1.4117647,0.057142857,0.065891474,0.13183832,,,,,,,,,,,,,,,,,,,,,,,,,
2017,REG,5,00-0032135,J.James,TE,TE,PIT,12211,a37a5bfd-b48c-4d8b-817a-d8ce7ca3592d,13959.0,9593.0,2463.0,jessejames/2552633,2979590.0,28548.0,,1983808.0,JameJe00,jesse-james-1,10150.0,10403.0,,28548.0,652019.0,16920.0,652019.0,Jesse James,jesse james,3,5,24.0,0,0.0,0.0,29.0,5.0,2.0,0.6812122,0,0.82758623,0.09259259,0.06105263,0.18162572,Jesse James,PIT,5.725,2.247241568204841,6.631999999999998,6.544822958196816,60.0,24.0,0.0,1.1600000000000013,1.7999729877380257,-0.6399729877380245,00-0032135,Jesse,James,J.James,,,,,,,,,
2017,REG,5,00-0033080,S.DeValve,TE,TE,CLE,12792,a2451bf7-83dd-496c-b527-c14d8d518598,15671.0,10772.0,3296.0,,2566659.0,29372.0,,1984760.0,DevaSe00,,11221.0,11444.0,,29372.0,623676.0,18057.0,,Seth DeValve,seth devalve,3,4,24.0,0,0.0,0.0,11.0,15.0,1.0,-3.3103333,0,2.1818182,0.11111111,0.032258064,0.18924731,,,,,,,,,,,,,,,,,,,,,,,,,
2017,REG,5,00-0021547,A.Gates,TE,TE,LAC,7236,82da09c2-e542-4f7d-87d9-24dfd8e014de,9027.0,1609.0,322.0,antoniogates/2505299,5362.0,6663.0,,396811.0,,,3172.0,611.0,,6663.0,234249.0,7884.0,,Antonio Gates,antonio gates,2,3,23.0,0,0.0,0.0,24.0,7.0,1.0,1.0598676,0,0.9583333,0.071428575,0.086021505,0.1673579,,,,,,,,,,,,,,,,,,,,,,,,,
2017,REG,5,00-0030108,R.Griffin,TE,TE,HOU,11399,cb1df42c-b59c-4e23-a9a2-fbfc2b39ef71,11830.0,7982.0,1425.0,ryangriffin/2541316,15887.0,26824.0,,2057695.0,GrifRy00,ryan-griffin-1,8911.0,8600.0,,26824.0,465129.0,14985.0,465129.0,Ryan Griffin,ryan griffin,2,4,22.0,0,0.0,0.0,56.0,11.0,1.0,0.61678004,0,0.39285713,0.13793103,0.12527964,0.2945923,,,,,,,,,,,,,,,,,,,,,,,,,
2017,REG,5,00-0030155,D.Harris,TE,TE,KC,11448,8506c15c-15cc-4d2c-aebf-270c605fe0ec,11881.0,8524.0,1619.0,demetriusharris/2541187,16318.0,27174.0,,2060074.0,HarrDe03,,9847.0,8683.0,,27174.0,602269.0,15305.0,602269.0,Demetrius Harris,demetrius harris,3,3,21.0,0,0.0,0.0,14.0,7.0,2.0,1.9258399,0,1.5,0.08108108,0.041666668,0.15078829,,,,,,,,,,,,,,,,,,,,,,,,,
2017,REG,5,00-0032134,C.Uzomah,TE,TE,CIN,12317,19858900-5c8e-49a7-ab02-34ef625724ca,14084.0,9590.0,2460.0,c.j.uzomah/2552559,2574576.0,28545.0,,2174118.0,UzomC.00,cj-uzomah-1,10462.0,10534.0,,28545.0,593305.0,16917.0,593305.0,C.J. Uzomah,cj uzomah,1,2,21.0,0,0.0,0.0,8.0,8.0,1.0,0.7776345,0,2.625,0.05882353,0.023952097,0.10500176,,,,,,,,,,,,,,,,,,,,,,,,,
2017,REG,5,00-0033858,J.Smith,TE,TE,TEN,13193,e4f25a37-74de-4bfb-b6c9-f50a4fab0b87,16460.0,11855.0,4144.0,,3054212.0,30213.0,,2081506.0,SmitJo01,jonnu-smith-1,11807.0,12344.0,84.0,30213.0,743749.0,18990.0,743749.0,Jonnu Smith,jonnu smith,5,5,21.0,0,0.0,0.0,8.0,13.0,1.0,-0.11333297,0,2.625,0.16129032,0.034188036,0.2658671,Jonnu Smith,TEN,6.7875,3.285818597508846,0.9620000000000012,2.04863920950637,100.0,21.0,0.0,3.2379999999999987,5.118998204584841,-1.8809982045848423,00-0033858,Jonnu,Smith,J.Smith,,,,,,,,,
2017,REG,5,00-0030422,D.Sims,TE,TE,CHI,11249,9c04a540-cb7c-41dc-8e7c-50b7af29a3a2,11691.0,7888.0,1357.0,dionsims/2540200,15974.0,26729.0,,1700507.0,SimsDi00,dion-sims-1,8784.0,8532.0,,26729.0,511525.0,14876.0,,Dion Sims,dion sims,1,4,17.0,0,0.0,0.0,29.0,12.0,0.0,-2.0698032,0,0.5862069,0.15384616,0.15104167,0.3364984,,,,,,,,,,,,,,,,,,,,,,,,,
2017,REG,5,00-0027873,J.Gresham,TE,TE,ARI,9838,b44773b9-af17-4d6c-a453-132e20849712,9685.0,5546.0,530.0,jermainegresham/497238,13228.0,23996.0,,1123667.0,GresJe00,jermaine-gresham-1,6455.0,5549.0,,23996.0,333278.0,11026.0,,Jermaine Gresham,jermaine gresham,2,2,16.0,0,0.0,0.0,16.0,0.0,1.0,2.7723396,0,1.0,0.045454547,0.038369305,0.09504033,,,,,,,,,,,,,,,,,,,,,,,,,
2017,REG,5,00-0030710,T.Burton,TE,TE,PHI,11705,bc0f07a4-3e7b-4e61-987a-05533dc225be,12153.0,9185.0,1793.0,treyburton/2550284,16974.0,27789.0,,2130223.0,BurtTr01,,9490.0,9737.0,,27789.0,542788.0,15965.0,,Trey Burton,trey burton,2,2,16.0,1,0.0,0.0,16.0,0.0,1.0,1.7794181,0,1.0,0.06666667,0.05574913,0.13902439,,,,,,,,,,,,,,,,,,,,,,,,,
2017,REG,5,00-0031384,R.Rodgers,TE,TE,GB,11785,e00b3426-238b-4bdb-85c3-bbf08b7469e3,12233.0,8733.0,2146.0,richardrodgers/2550313,16786.0,27626.0,,2129433.0,RodgRi00,richard-rodgers-1,9559.0,9547.0,,27626.0,607699.0,16491.0,607699.0,Richard Rodgers,richard rodgers,1,1,16.0,0,0.0,0.0,13.0,3.0,1.0,1.6024237,0,1.2307693,0.035714287,0.05882353,0.0947479,,,,,,,,,,,,,,,,,,,,,,,,,
2017,REG,5,00-0028067,J.Thomas,TE,TE,MIA,10372,87f6826a-f35a-4b49-9673-da54ccb9becd,9966.0,6281.0,874.0,juliusthomas/2495353,14204.0,24916.0,,1755056.0,ThomJu00,,7415.0,6598.0,,24916.0,550870.0,13027.0,,Julius Thomas,julius thomas,1,4,15.0,0,0.0,0.0,40.0,6.0,1.0,-1.16683,0,0.375,0.15384616,0.23529412,0.39547512,,,,,,,,,,,,,,,,,,,,,,,,,
2017,REG,5,00-0024243,M.Lewis,TE,TE,JAX,8269,9c21e9af-681c-41ef-9b00-fbc9e1668ed1,9413.0,2973.0,111.0,marcedeslewis/2495888,9614.0,7777.0,4007.0,415313.0,LewiMa00,marcedes-lewis-1,4891.0,3615.0,,7777.0,214197.0,3061.0,214197.0,Marcedes Lewis,marcedes lewis,1,2,14.0,0,0.0,0.0,5.0,15.0,1.0,1.3076028,0,2.8,0.14285715,0.04385965,0.24498747,,,,,,,,,,,,,,,,,,,,,,,,,
2017,REG,5,00-0033258,D.Daniels,TE,TE,IND,13396,7574eb56-a34a-419e-9682-c4788cfe2019,16582.0,12122.0,4323.0,,3052166.0,30523.0,,2079698.0,DaniDa02,,11890.0,12453.0,,30523.0,747895.0,19176.0,747895.0,Darrell Daniels,darrell daniels,1,4,13.0,0,0.0,0.0,59.0,13.0,1.0,-6.2606153,0,0.22033899,0.121212125,0.15012723,0.28690723,,,,,,,,,,,,,,,,,,,,,,,,,
2017,REG,5,00-0032429,J.Adams,TE,TE,NYG,12681,47426d59-7af4-4714-8050-a85a0ae70f65,15831.0,10818.0,3340.0,,2978727.0,29418.0,,2000078.0,AdamJe01,jerell-adams-1,10876.0,11283.0,,29418.0,694014.0,18101.0,694014.0,Jerell Adams,jerell adams,1,1,11.0,0,0.0,0.0,9.0,2.0,1.0,1.511197,0,1.2222222,0.027777778,0.027777778,0.06111111,,,,,,,,,,,,,,,,,,,,,,,,,
2017,REG,5,00-0029587,R.Ellison,TE,TE,NYG,10838,cccc9f16-9508-434f-b7a4-9a29cb0cacf9,11315.0,7128.0,1211.0,rhettellison/2532835,15003.0,25838.0,,1244464.0,ElliRh00,rhett-ellison-1,8114.0,7580.0,,25838.0,399295.0,14445.0,,Rhett Ellison,rhett ellison,1,2,9.0,0,0.0,0.0,5.0,8.0,0.0,-0.056998193,0,1.8,0.055555556,0.015432099,0.094135806,,,,,,,,,,,,,,,,,,,,,,,,,
2017,REG,5,00-0031598,N.Boyle,TE,TE,BAL,12328,9480dd9f-151f-4e6d-b5a3-35f07bda4cac,13963.0,9604.0,2474.0,,2574591.0,28559.0,,1888149.0,BoylNi00,,10252.0,10547.0,,28559.0,608753.0,16931.0,608753.0,Nick Boyle,nick boyle,1,2,9.0,0,0.0,0.0,2.0,9.0,0.0,0.43773535,0,4.5,0.07692308,0.0091743115,0.12180664,,,,,,,,,,,,,,,,,,,,,,,,,
2017,REG,5,00-0033895,G.Everett,TE,TE,LA,13236,ebeceb00-57e0-4b74-9cf7-853da2afed18,16459.0,11799.0,4089.0,,3918639.0,30157.0,,2142692.0,EverGe00,gerald-everett-1,11737.0,12284.0,55.0,30157.0,838487.0,18935.0,838487.0,Gerald Everett,gerald everett,1,3,8.0,0,0.0,0.0,28.0,0.0,0.0,-1.7168888,0,0.2857143,0.06521739,0.050541516,0.13320515,,,,,,,,,,,,,,,,,,,,,,,,,
2017,REG,5,00-0028903,G.Celek,TE,TE,SF,11007,16cc9ade-f9ad-4d32-b5b9-d7568ee80f58,11507.0,7274.0,1223.0,garrettcelek/2534820,15204.0,26253.0,,1975891.0,,,8516.0,7982.0,,26253.0,403184.0,14496.0,,Garrett Celek,garrett celek,1,1,6.0,0,0.0,0.0,-1.0,7.0,0.0,0.1950267,0,0.0,0.022222223,-0.002617801,0.031500872,,,,,,,,,,,,,,,,,,,,,,,,,
2017,REG,5,00-0031387,E.Ebron,TE,TE,DET,11695,9fbcfae9-dd14-415c-8952-9b1b5dff0dfc,12143.0,8645.0,2118.0,ericebron/2543466,16732.0,27538.0,,1865396.0,EbroEr00,eric-ebron-1,9210.0,9390.0,,27538.0,605752.0,16451.0,605752.0,Eric Ebron,eric ebron,1,4,6.0,0,0.0,0.0,47.0,4.0,1.0,-2.8868093,0,0.12765957,0.114285715,0.18217054,0.29894796,,,,,,,,,,,,,,,,,,,,,,,,,
2017,REG,5,00-0025549,B.Celek,TE,TE,PHI,8838,645a8bf9-2079-4df4-904a-3d8f08438b85,9070.0,3778.0,221.0,brentcelek/2507218,10605.0,8416.0,4697.0,408126.0,CeleBr00,brent-celek-1,5403.0,4269.0,,8416.0,229510.0,5511.0,,Brent Celek,brent celek,1,1,5.0,0,0.0,0.0,1.0,4.0,0.0,-0.029569482,0,5.0,0.033333335,0.0034843206,0.052439023,,,,,,,,,,,,,,,,,,,,,,,,,
2017,REG,5,00-0031260,L.Thomas,TE,TE,BUF,11647,b24625a0-d402-4d59-a778-aa4b073bfe5e,12095.0,8755.0,2251.0,loganthomas/2543767,16813.0,27648.0,,1691193.0,ThomLo00,logan-thomas-1,9323.0,9354.0,,27648.0,507528.0,16656.0,507528.0,Logan Thomas,logan thomas,1,2,3.0,0,0.0,0.0,5.0,3.0,0.0,-0.7285249,0,0.6,0.057142857,0.026041666,0.10394345,,,,,,,,,,,,,,,,,,,,,,,,,
2017,REG,5,00-0032394,N.Vannett,TE,TE,SEA,12680,c731aa8a-778b-4ccd-a19f-517eb66f47b7,15645.0,10728.0,3258.0,,2576399.0,29328.0,,1871322.0,VannNi00,nick-vannett-1,10949.0,11329.0,,29328.0,606488.0,18019.0,606488.0,Nick Vannett,nick vannett,2,2,3.0,0,0.0,0.0,-6.0,9.0,0.0,-0.9281963,0,0.0,0.054054055,-0.020134227,0.06698712,,,,,,,,,,,,,,,,,,,,,,,,,
2017,REG,5,00-0022943,B.Watson,TE,TE,BAL,7422,d81844de-54c3-42ee-9850-072dc4131b6f,9040.0,1753.0,663.0,benjaminwatson/2506122,5557.0,6791.0,,493107.0,WatsBe00,benjamin-watson-1,3872.0,48.0,,6791.0,246082.0,11756.0,,Ben Watson,ben watson,2,4,2.0,0,1.0,0.0,16.0,4.0,0.0,-3.0730772,0,0.125,0.15384616,0.07339449,0.28214538,,,,,,,,,,,,,,,,,,,,,,,,,
2017,REG,5,00-0024268,A.Fasano,TE,TE,MIA,8294,04eb8101-538f-44ac-ba09-ce30b5344fc2,9023.0,2998.0,51.0,anthonyfasano/2495835,9639.0,7802.0,3911.0,410446.0,FasaAn00,anthony-fasano-1,4755.0,3604.0,,7802.0,217412.0,1545.0,,Anthony Fasano,anthony fasano,0,1,0.0,0,0.0,0.0,13.0,0.0,0.0,-5.2403803,0,0.0,0.03846154,0.07647059,0.111221716,,,,,,,,,,,,,,,,,,,,,,,,,
2017,REG,5,00-0029878,M.Gray,TE,TE,MIA,11434,fda00e5c-b7df-487a-9a24-5e4087c575e1,11865.0,8286.0,1636.0,marqueisgray/2540259,16323.0,27213.0,,1631039.0,,,8980.0,8679.0,,27213.0,464295.0,15371.0,,MarQueis Gray,marqueis gray,0,1,0.0,0,0.0,0.0,-2.0,0.0,0.0,-0.4724485,0,0.0,0.03846154,-0.011764706,0.049457014,,,,,,,,,,,,,,,,,,,,,,,,,
2017,REG,5,00-0030089,L.Willson,TE,TE,SEA,11381,16c67c97-ffd9-4f92-917d-ad6124ce1f6e,11812.0,7940.0,1603.0,lukewillson/2541199,16121.0,26781.0,,2057661.0,WillLu00,luke-willson-1,8907.0,8567.0,,26781.0,466869.0,15263.0,466869.0,Luke Willson,luke willson,0,1,0.0,0,0.0,0.0,3.0,0.0,0.0,-9.468909,0,0.0,0.027027028,0.010067114,0.04758752,,,,,,,,,,,,,,,,,,,,,,,,,
2017,REG,5,00-0030470,V.McDonald,TE,TE,PIT,11257,8f24a248-b328-43ec-8677-67600e42a8f7,11699.0,7836.0,1587.0,vancemcdonald/2540215,15853.0,26678.0,,1673357.0,McDoVa00,vance-mcdonald-1,8785.0,8413.0,,26678.0,494969.0,15239.0,,Vance McDonald,vance mcdonald,0,2,0.0,0,0.0,0.0,29.0,0.0,0.0,-5.2727723,0,0.0,0.037037037,0.06105263,0.098292395,,,,,,,,,,,,,,,,,,,,,,,,,
2017,REG,5,00-0031951,J.O'Shaughnessy,TE,TE,JAX,12330,e5c6b0d4-3e77-422b-a6d8-574a10ed385e,14146.0,9606.0,2476.0,,2508079.0,28561.0,,2174148.0,O'ShJa00,,10249.0,10549.0,,28561.0,552352.0,16933.0,552352.0,James O'Shaughnessy,james oshaughnessy,0,1,0.0,0,0.0,0.0,6.0,0.0,0.0,-2.94199,0,0.0,0.071428575,0.05263158,0.14398496,,,,,,,,,,,,,,,,,,,,,,,,,
2017,REG,5,00-0033338,C.Carter,TE,TE,CIN,13369,53fd9a69-1b10-4fd6-90e7-ee84cca9e041,16543.0,47149.0,4362.0,,3040470.0,30577.0,,2060620.0,CartCe00,,11889.0,12499.0,,30577.0,728274.0,19219.0,728274.0,Cethan Carter,cethan carter,0,1,0.0,0,0.0,0.0,21.0,0.0,0.0,-0.47073177,0,0.0,0.029411765,0.06287425,0.088129625,,,,,,,,,,,,,,,,,,,,,,,,,
2017,REG,5,00-0033387,J.Hollister,TE,TE,NE,13391,ad2a1d03-020b-487a-bd5f-7ca9fbc250fe,16527.0,12051.0,4421.0,,3125404.0,30661.0,,2818962.0,HollJa03,,12271.0,12491.0,,30661.0,696882.0,19281.0,696882.0,Jacob Hollister,jacob hollister,0,1,0.0,0,0.0,0.0,0.0,0.0,0.0,-1.3143898,0,,0.025,0.0,0.0375,,,,,,,,,,,,,,,,,,,,,,,,,
2017,REG,5,00-0033611,R.Seals-Jones,TE,TE,ARI,13382,52735659-a294-4f64-a7f4-3591450834e5,16730.0,12020.0,4531.0,,3051806.0,30494.0,,2080003.0,SealRi00,,11876.0,12463.0,,30494.0,744568.0,19410.0,744568.0,Ricky Seals-Jones,ricky seals-jones,0,1,0.0,0,0.0,0.0,16.0,0.0,0.0,-1.6433414,0,0.0,0.022727273,0.038369305,0.060949422,,,,,,,,,,,,,,,,,,,,,,,,,
2017,REG,5,00-0033879,O.Howard,TE,TE,TB,13188,93ed8c6f-b676-46d3-bf82-6155e89b4a68,16380.0,11774.0,4055.0,,3043080.0,30132.0,,2061190.0,HowaO.00,oj-howard-1,11806.0,12161.0,,30132.0,732147.0,18901.0,732147.0,O.J. Howard,oj howard,0,1,0.0,0,0.0,0.0,19.0,0.0,0.0,-2.0928109,0,0.0,0.022222223,0.03512015,0.05791744,,,,,,,,,,,,,,,,,,,,,,,,,
2017,REG,5,00-0033881,E.Engram,TE,TE,NYG,13189,e21365af-8d66-416e-b0a5-8816d18fcfd9,16411.0,11778.0,4066.0,,3051876.0,30136.0,,2079887.0,EngrEv00,evan-engram-1,11805.0,12205.0,229.0,30136.0,749185.0,18912.0,749185.0,Evan Engram,evan engram,0,4,0.0,0,0.0,0.0,65.0,0.0,0.0,-1.9673748,0,0.0,0.11111111,0.20061728,0.30709878,,,,,,,,,,,,,,,,,,,,,,,,,
2017,REG,6,00-0033090,H.Henry,TE,TE,LAC,12676,705899da-3c20-4bc3-b5d0-2e6e40655131,15561.0,10669.0,3214.0,,3046439.0,29269.0,,2079848.0,HenrHu00,hunter-henry-1,10735.0,11299.0,212.0,29269.0,744425.0,17975.0,744425.0,Hunter Henry,hunter henry,5,7,90.0,0,0.0,0.0,83.0,45.0,4.0,4.1721864,0,1.0843374,0.19444445,0.3860465,0.56189924,Hunter Henry,LAC,4.845,4.036795238004282,10.850000000000003,37.74475698240733,71.42857142857143,90.0,0.0,10.258,9.032856024318843,1.2251439756811564,00-0033090,Hunter,Henry,H.Henry,,,,,,,,,
2017,REG,6,00-0027656,R.Gronkowski,TE,TE,NE,9902,2142a164-48ad-47d6-bb27-0bc58c6b2e62,9721.0,5567.0,515.0,robgronkowski/497240,13229.0,24017.0,,1244303.0,GronRo00,rob-gronkowski-1,6443.0,5729.0,,24017.0,381091.0,10974.0,381091.0,Rob Gronkowski,rob gronkowski,6,10,83.0,2,0.0,0.0,100.0,36.0,4.0,6.718732,0,0.83,0.2631579,0.20833333,0.5405702,Rob Gronkowski,NE,3.0399999999999996,2.05880348225274,9.851999999999999,21.162520943420542,60.0,83.0,2.0,6.711666666666669,5.488846561663574,1.2228201050030947,00-0027656,Robert,Gronkowski,R.Gronkowski,,,,,,,,,
2017,REG,6,00-0033881,E.Engram,TE,TE,NYG,13189,e21365af-8d66-416e-b0a5-8816d18fcfd9,16411.0,11778.0,4066.0,,3051876.0,30136.0,,2079887.0,EngrEv00,evan-engram-1,11805.0,12205.0,229.0,30136.0,749185.0,18912.0,749185.0,Evan Engram,evan engram,5,7,82.0,1,0.0,0.0,42.0,57.0,5.0,7.8786635,0,1.9523809,0.36842105,0.61764705,0.9849845,Evan Engram,NYG,3.6183333333333336,2.454063998632326,6.117142857142857,55.675464829020925,71.42857142857143,82.0,1.0,11.261999999999999,11.734871241863466,-0.4728712418634675,00-0033881,Evan,Engram,E.Engram,,,,,,,,,
2017,REG,6,00-0031273,C.Brate,TE,TE,TB,12110,5afe93fd-0caf-4cca-83fc-7f405bebfa3e,13470.0,9207.0,2214.0,,17453.0,28267.0,,2132787.0,BratCa00,,10008.0,10193.0,,28267.0,552926.0,16593.0,552926.0,Cameron Brate,cameron brate,6,8,76.0,1,0.0,0.0,81.0,11.0,5.0,8.916693,0,0.9382716,0.1904762,0.17763157,0.41005638,Cameron Brate,TB,5.872857142857143,2.7211247855167513,11.28125,19.258674405701854,75.0,76.0,1.0,2.521666666666666,1.8663375332821868,0.6553291333844793,00-0031273,Cameron,Brate,C.Brate,,,,,,,,,
2017,REG,6,00-0024221,V.Davis,TE,TE,WAS,8247,0a95e792-6455-4927-9539-f95fa7f41fbb,9621.0,2951.0,200.0,vernondavis/2495826,9592.0,7755.0,,409254.0,DaviVe00,vernon-davis-1,4732.0,3638.0,,7755.0,215595.0,5084.0,,Vernon Davis,vernon davis,3,4,65.0,0,1.0,1.0,70.0,43.0,2.0,-5.060047,0,0.9285714,0.11111111,0.25270757,0.34356198,,,,,,,,,,,,,,,,,,,,,,,,,
2017,REG,6,00-0030108,R.Griffin,TE,TE,HOU,11399,cb1df42c-b59c-4e23-a9a2-fbfc2b39ef71,11830.0,7982.0,1425.0,ryangriffin/2541316,15887.0,26824.0,,2057695.0,GrifRy00,ryan-griffin-1,8911.0,8600.0,,26824.0,465129.0,14985.0,465129.0,Ryan Griffin,ryan griffin,3,8,52.0,0,0.0,0.0,67.0,28.0,3.0,-0.13573411,1,0.7761194,0.27586207,0.3101852,0.63092273,Ryan Griffin,HOU,3.77,3.5438509725731295,7.229999999999999,28.044996121024045,37.5,52.0,0.0,10.49666666666667,11.95496923454751,-1.4583025678808408,00-0030108,Ryan,Griffin,R.Griffin,,,,,,,,,
2017,REG,6,00-0030181,J.Doyle,TE,TE,IND,11516,bd413539-9351-454e-9d61-4e8635d7e9f5,11987.0,8520.0,1706.0,jackdoyle/2540232,16504.0,27299.0,,2041264.0,DoylJa00,,9081.0,9075.0,,27299.0,477386.0,15602.0,477386.0,Jack Doyle,jack doyle,7,11,50.0,1,1.0,1.0,62.0,33.0,3.0,-2.954817,0,0.8064516,0.30555555,0.28703704,0.65925926,Jack Doyle,IND,4.5225,3.740646226771824,4.301818181818183,21.252133297404114,63.63636363636363,50.0,1.0,5.075714285714284,5.214551485567118,-0.13883719985283438,00-0030181,John,Doyle,J.Doyle,,,,,,,,,
2017,REG,6,00-0032392,A.Hooper,TE,TE,ATL,12677,90c2a93f-d837-4e1b-b57c-56648903a8db,15581.0,10715.0,3202.0,,3043275.0,29315.0,,2067004.0,HoopAu00,austin-hooper-1,10748.0,11301.0,384.0,29315.0,739424.0,17963.0,739424.0,Austin Hooper,austin hooper,7,9,48.0,0,0.0,0.0,93.0,12.0,3.0,-4.2352467,0,0.516129,0.2647059,0.3029316,0.60911095,Austin Hooper,ATL,6.554285714285713,2.8025578759416896,8.483333333333333,27.08407236608726,77.77777777777779,48.0,0.0,2.249999999999999,2.3258677540355683,-0.07586775403556922,00-0032392,Austin,Hooper,A.Hooper,,,,,,,,,
2017,REG,6,00-0027981,K.Rudolph,TE,TE,MIN,10312,1059e9dc-97df-4643-9116-883a0573d8b1,9906.0,6195.0,943.0,kylerudolph/2495438,14054.0,24830.0,7444.0,1633122.0,RudoKy00,kyle-rudolph-1,7246.0,6459.0,,24830.0,469472.0,13275.0,469472.0,Kyle Rudolph,kyle rudolph,5,9,47.0,0,0.0,0.0,80.0,24.0,4.0,1.5040898,0,0.5875,0.25,0.29520294,0.5816421,Kyle Rudolph,MIN,4.631111111111111,2.3365844585746034,7.988888888888888,27.38943278351301,55.55555555555556,47.0,0.0,5.572000000000001,6.642796656662813,-1.0707966566628118,00-0027981,Kyle,Rudolph,K.Rudolph,,,,,,,,,
2017,REG,6,00-0031418,A.Seferian-Jenkins,TE,TE,NYJ,11697,e78261de-af00-4530-824c-500addbe9f98,12145.0,8673.0,2222.0,austinseferian-jenkins/2543683,16795.0,27566.0,,1824731.0,SefeAu00,austin-seferian-jenkins-1,9241.0,9400.0,,27566.0,593347.0,16608.0,,Austin Seferian-Jenkins,austin seferian-jenkins,8,11,46.0,1,1.0,0.0,85.0,14.0,3.0,-4.705392,0,0.5411765,0.24444444,0.19767442,0.50503874,Austin Seferian-Jenkins,NYJ,6.720999999999999,2.3589363283285567,7.205454545454544,18.670938258227128,72.72727272727273,46.0,1.0,2.3462500000000013,1.668680615307996,0.6775693846920052,00-0031418,Austin,Seferian-Jenkins,A.Seferian-Jenkins,,,,,,,,,
2017,REG,6,00-0033288,G.Kittle,TE,TE,SF,13299,2ada91b0-036e-454f-83c3-6d939ff584a9,16499.0,11901.0,4217.0,,3040151.0,30259.0,,2818265.0,KittGe00,george-kittle-1,11892.0,12276.0,298.0,30259.0,733672.0,19063.0,733672.0,George Kittle,george kittle,4,8,46.0,0,0.0,0.0,82.0,11.0,1.0,-1.8893888,0,0.5609756,0.17021276,0.17446809,0.3774468,George Kittle,SF,7.061999999999999,2.1331327215892357,10.695,18.109852894486185,50.0,46.0,0.0,3.0675,2.6337742956934562,0.43372570430654367,00-0033288,George,Kittle,G.Kittle,,,,,,,,,
2017,REG,6,00-0030422,D.Sims,TE,TE,CHI,11249,9c04a540-cb7c-41dc-8e7c-50b7af29a3a2,11691.0,7888.0,1357.0,dionsims/2540200,15974.0,26729.0,,1700507.0,SimsDi00,dion-sims-1,8784.0,8532.0,,26729.0,511525.0,14876.0,,Dion Sims,dion sims,2,4,42.0,1,0.0,0.0,60.0,7.0,2.0,3.9502883,0,0.7,0.25,0.45801526,0.6956107,,,,,,,,,,,,,,,,,,,,,,,,,
2017,REG,6,00-0030472,J.Reed,TE,TE,WAS,11248,c3bf8d3e-3b2e-4f9e-ad74-c0a684035f17,11690.0,7866.0,1500.0,jordanreed/2540160,15860.0,26708.0,,1691412.0,ReedJo02,jordan-reed-1,8615.0,8412.0,,26708.0,508876.0,15100.0,,Jordan Reed,jordan reed,4,5,37.0,0,0.0,0.0,51.0,17.0,1.0,2.4451137,0,0.7254902,0.1388889,0.18411553,0.3372142,Jordan Reed,WAS,9.586666666666668,2.6824332343153316,8.968,15.414761593729583,80.0,37.0,0.0,4.170000000000001,4.272445614131868,-0.10244561413186748,00-0030472,Jordan,Reed,J.Reed,,,,,,,,,
2017,REG,6,00-0030506,T.Kelce,TE,TE,KC,11244,c3859e06-5f23-4302-a71b-04820a899d5f,11594.0,7844.0,1466.0,traviskelce/2540258,15847.0,26686.0,,1725130.0,KelcTr00,travis-kelce-1,8783.0,8411.0,264.0,26686.0,448240.0,15048.0,448240.0,Travis Kelce,travis kelce,4,7,37.0,0,0.0,0.0,61.0,7.0,3.0,1.4299984,0,0.60655737,0.21875,0.2053872,0.47189605,Travis Kelce,KC,4.165,1.7473227379182734,8.279999999999998,20.067862336403298,57.14285714285714,37.0,0.0,2.440000000000003,2.0180959891132773,0.4219040108867258,00-0030506,Travis,Kelce,T.Kelce,,,,,,,,,
2017,REG,6,00-0027675,E.Dickson,TE,TE,CAR,9912,46bb9a85-523c-4530-95c3-2c2a9737e65f,9706.0,5595.0,701.0,eddickson/497224,13272.0,24045.0,6604.0,565631.0,DickEd00,ed-dickson-1,6530.0,5840.0,,24045.0,296060.0,12153.0,,Ed Dickson,ed dickson,4,8,36.0,0,0.0,0.0,50.0,24.0,3.0,-1.2331231,0,0.72,0.15384616,0.125,0.31826922,Ed Dickson,CAR,5.753333333333333,3.88289120094049,6.771249999999998,14.119272272324448,50.0,36.0,0.0,6.165000000000003,8.067082803323729,-1.9020828033237258,00-0027675,Edward,Dickson,E.Dickson,,,,,,,,,
2017,REG,6,00-0032055,D.Funchess,TE,TE,CAR,12205,7f5f2a81-ac40-420c-9421-5b9e2a21faf8,13915.0,9474.0,2346.0,,2977609.0,28429.0,,2001877.0,FuncDe00,devin-funchess-1,10138.0,10391.0,,28429.0,696127.0,16802.0,696127.0,Devin Funchess,devin funchess,3,9,36.0,0,0.0,0.0,107.0,8.0,2.0,-4.1316657,0,0.3364486,0.17307693,0.2675,0.44686538,,,,,,,,,,,,,,,,,,,,,,,,,
2017,REG,6,00-0027873,J.Gresham,TE,TE,ARI,9838,b44773b9-af17-4d6c-a453-132e20849712,9685.0,5546.0,530.0,jermainegresham/497238,13228.0,23996.0,,1123667.0,GresJe00,jermaine-gresham-1,6455.0,5549.0,,23996.0,333278.0,11026.0,,Jermaine Gresham,jermaine gresham,2,2,32.0,0,0.0,0.0,17.0,15.0,1.0,0.5373324,0,1.882353,0.09090909,0.06967213,0.18513413,,,,,,,,,,,,,,,,,,,,,,,,,
2017,REG,6,00-0022943,B.Watson,TE,TE,BAL,7422,d81844de-54c3-42ee-9850-072dc4131b6f,9040.0,1753.0,663.0,benjaminwatson/2506122,5557.0,6791.0,,493107.0,WatsBe00,benjamin-watson-1,3872.0,48.0,,6791.0,246082.0,11756.0,,Ben Watson,ben watson,6,8,28.0,0,0.0,0.0,31.0,17.0,1.0,-2.4147701,0,0.9032258,0.19512194,0.10472973,0.36599374,Benjamin Watson,BAL,4.225,3.540307859266784,3.50875,9.591334654547941,75.0,28.0,0.0,3.195,3.102814321109387,0.0921856788906128,00-0022943,Benjamin,Watson,B.Watson,,,,,,,,,
2017,REG,6,00-0027732,M.Hoomanawanui,TE,TE,NO,9946,add7a245-2444-491f-bdfb-b1b0d76f6a28,9740.0,5655.0,622.0,michaelhoomanawanui/497246,13387.0,24108.0,,1115114.0,HoomMi00,michael-hoomanawanui-1,6535.0,5909.0,,24108.0,333398.0,11535.0,,Michael Hoomanawanui,michael hoomanawanui,2,3,27.0,1,0.0,0.0,48.0,7.0,2.0,1.1977462,0,0.5625,0.1,0.34042552,0.3882979,,,,,,,,,,,,,,,,,,,,,,,,,
2017,REG,6,00-0029738,D.Fells,TE,TE,DET,11337,54d4e35a-2e6c-48f6-86ad-92dd596c173c,13636.0,8549.0,1592.0,darrenfells/2540928,15773.0,26612.0,,2053740.0,FellDa01,,9758.0,8472.0,,26612.0,266414.0,15247.0,266414.0,Darren Fells,darren fells,2,4,26.0,1,0.0,0.0,23.0,7.0,1.0,0.17028883,0,1.1304348,0.078431375,0.08041958,0.17394076,,,,,,,,,,,,,,,,,,,,,,,,,
2017,REG,6,00-0030470,V.McDonald,TE,TE,PIT,11257,8f24a248-b328-43ec-8677-67600e42a8f7,11699.0,7836.0,1587.0,vancemcdonald/2540215,15853.0,26678.0,,1673357.0,McDoVa00,vance-mcdonald-1,8785.0,8413.0,,26678.0,494969.0,15239.0,,Vance McDonald,vance mcdonald,1,2,26.0,0,0.0,0.0,52.0,7.0,1.0,1.7904888,0,0.5,0.083333336,0.22608696,0.28326088,,,,,,,,,,,,,,,,,,,,,,,,,
2017,REG,6,00-0027125,Z.Miller,TE,TE,CHI,9611,338b1ed8-131f-41f4-850a-1f93534558c7,9635.0,5104.0,749.0,zachmiller/238457,12699.0,9444.0,,1674135.0,MillZa02,,6124.0,5394.0,,9444.0,245993.0,12415.0,,Zach Miller,zach miller,2,3,25.0,1,0.0,0.0,26.0,0.0,1.0,2.7324579,0,0.96153843,0.1875,0.19847329,0.4201813,,,,,,,,,,,,,,,,,,,,,,,,,
2017,REG,6,00-0028142,V.Green,TE,TE,DEN,10432,6ef43c53-53d7-4b0f-ad99-17664d663ae8,10026.0,6356.0,868.0,virgilgreen/2495288,14085.0,24991.0,7502.0,1130615.0,GreeVi00,virgil-green-1,7416.0,6570.0,,24991.0,323254.0,13016.0,,Virgil Green,virgil green,1,1,24.0,0,0.0,0.0,18.0,6.0,1.0,1.6843094,0,1.3333334,0.018867925,0.0385439,0.055282615,,,,,,,,,,,,,,,,,,,,,,,,,
2017,REG,6,00-0032227,J.Heuerman,TE,TE,DEN,12208,1fe3aadd-336b-4838-888e-8c9609747afc,13961.0,9525.0,2397.0,jeffheuerman/2552399,2576389.0,28480.0,,1824413.0,HeueJe00,jeff-heuerman-1,10246.0,10492.0,,28480.0,593517.0,16853.0,,Jeff Heuerman,jeff heuerman,2,2,24.0,1,0.0,0.0,20.0,4.0,1.0,2.4262686,0,1.2,0.03773585,0.042826552,0.08658236,,,,,,,,,,,,,,,,,,,,,,,,,
2017,REG,6,00-0026201,M.Bennett,TE,TE,GB,9044,0ca741f8-58bd-4933-9d5c-0e04de3f4cff,9429.0,4375.0,40.0,martellusbennett/1062,11295.0,8838.0,,564954.0,BennMa00,martellus-bennett-1,5709.0,4639.0,,8838.0,302238.0,1181.0,,Martellus Bennett,martellus bennett,2,4,22.0,0,0.0,0.0,33.0,8.0,1.0,-1.4538827,0,0.6666667,0.10810811,0.113793105,0.24181734,,,,,,,,,,,,,,,,,,,,,,,,,
2017,REG,6,00-0028067,J.Thomas,TE,TE,MIA,10372,87f6826a-f35a-4b49-9673-da54ccb9becd,9966.0,6281.0,874.0,juliusthomas/2495353,14204.0,24916.0,,1755056.0,ThomJu00,,7415.0,6598.0,,24916.0,550870.0,13027.0,,Julius Thomas,julius thomas,3,5,22.0,0,0.0,0.0,60.0,0.0,1.0,-1.1621077,0,0.36666667,0.15151516,0.28846154,0.4291958,Julius Thomas,MIA,5.206000000000001,1.943153105202791,11.402000000000001,27.191643613469424,60.0,22.0,0.0,0.27333333333333104,1.5264467661580359,-1.2531134328247049,00-0028067,Julius,Thomas,J.Thomas,,,,,,,,,
2017,REG,6,00-0032139,B.Koyack,TE,TE,JAX,12209,666e3121-3daa-4413-b1ec-8e728f7cc645,13958.0,9662.0,2528.0,benkoyack/2552396,2579846.0,28617.0,,1893200.0,KoyaBe00,ben-koyack-1,10254.0,10601.0,,28617.0,610943.0,16988.0,,Ben Koyack,ben koyack,1,1,21.0,0,0.0,0.0,16.0,5.0,0.0,1.8314382,0,1.3125,0.028571429,0.0855615,0.10275019,,,,,,,,,,,,,,,,,,,,,,,,,
2017,REG,6,00-0031044,T.Niklas,TE,TE,ARI,11703,2b159c76-53d6-4670-b341-392bc7d6d5f2,12151.0,8687.0,2245.0,troyniklas/2543628,16797.0,27580.0,,1893206.0,NiklTr00,troy-niklas-1,9292.0,9319.0,,27580.0,610949.0,16648.0,,Troy Niklas,troy niklas,2,2,20.0,1,0.0,0.0,17.0,3.0,1.0,1.9411188,0,1.1764706,0.09090909,0.06967213,0.18513413,,,,,,,,,,,,,,,,,,,,,,,,,
2017,REG,6,00-0030061,Z.Ertz,TE,TE,PHI,11247,de3421f7-2147-4835-89a5-724e87bad463,11689.0,7816.0,1339.0,zachertz/2540158,15835.0,26658.0,,1685963.0,ErtzZa00,zach-ertz-1,8781.0,8409.0,305.0,26658.0,503177.0,14856.0,503177.0,Zach Ertz,zach ertz,2,5,18.0,2,0.0,0.0,42.0,0.0,2.0,1.029501,0,0.42857143,0.16666667,0.15384616,0.3576923,Zach Ertz,PHI,4.543333333333334,1.324396188799735,10.185999999999998,18.499818379949144,40.0,18.0,2.0,,,,00-0030061,Zachary,Ertz,Z.Ertz,,,,,,,,,
2017,REG,6,00-0024389,De.Walker,TE,TE,TEN,8416,ccce5e8e-52ca-4f0f-a40f-fe5e7227d156,9172.0,3120.0,284.0,delaniewalker/2495966,9761.0,7924.0,4353.0,1109396.0,WalkHu00,,4888.0,3976.0,,7924.0,218943.0,7175.0,,Delanie Walker,delanie walker,4,8,17.0,0,0.0,0.0,45.0,19.0,1.0,-5.434062,0,0.37777779,0.25,0.16791044,0.49253732,Delanie Walker,TEN,7.973333333333333,2.656769327030276,6.392499999999998,19.235687956067096,50.0,17.0,0.0,5.230000000000002,4.817785432311439,0.41221456768856335,00-0024389,Delanie,Walker,D.Walker,,,,,,,,,
2017,REG,6,00-0032725,S.Anderson,TE,TE,HOU,12859,5cb0bf9c-03b4-4201-97c5-a59c6db50841,15760.0,11160.0,3496.0,,2576854.0,29789.0,,1880821.0,AndeSt01,,10885.0,11556.0,,29789.0,607660.0,18262.0,607660.0,Stephen Anderson,stephen anderson,2,2,17.0,0,0.0,0.0,1.0,16.0,0.0,1.1450218,0,17.0,0.06896552,0.0046296297,0.10668901,,,,,,,,,,,,,,,,,,,,,,,,,
2017,REG,6,00-0021547,A.Gates,TE,TE,LAC,7236,82da09c2-e542-4f7d-87d9-24dfd8e014de,9027.0,1609.0,322.0,antoniogates/2505299,5362.0,6663.0,,396811.0,,,3172.0,611.0,,6663.0,234249.0,7884.0,,Antonio Gates,antonio gates,1,1,16.0,0,0.0,0.0,14.0,2.0,1.0,1.3000581,0,1.1428572,0.027777778,0.06511628,0.087248065,,,,,,,,,,,,,,,,,,,,,,,,,
2017,REG,6,00-0031598,N.Boyle,TE,TE,BAL,12328,9480dd9f-151f-4e6d-b5a3-35f07bda4cac,13963.0,9604.0,2474.0,,2574591.0,28559.0,,1888149.0,BoylNi00,,10252.0,10547.0,,28559.0,608753.0,16931.0,608753.0,Nick Boyle,nick boyle,2,3,15.0,0,0.0,0.0,-7.0,17.0,1.0,0.35399935,1,0.0,0.07317073,-0.02364865,0.09320205,,,,,,,,,,,,,,,,,,,,,,,,,
2017,REG,6,00-0033879,O.Howard,TE,TE,TB,13188,93ed8c6f-b676-46d3-bf82-6155e89b4a68,16380.0,11774.0,4055.0,,3043080.0,30132.0,,2061190.0,HowaO.00,oj-howard-1,11806.0,12161.0,,30132.0,732147.0,18901.0,732147.0,O.J. Howard,oj howard,1,3,15.0,0,0.0,0.0,21.0,3.0,1.0,-0.13210206,0,0.71428573,0.071428575,0.04605263,0.1393797,,,,,,,,,,,,,,,,,,,,,,,,,
2017,REG,6,00-0027061,J.Cook,TE,TE,LV,9474,3b7a1409-d154-4e5c-8c94-9d4a0e0993c7,9265.0,5012.0,367.0,jaredcook/71265,12537.0,9353.0,6126.0,584314.0,CookJa02,jared-cook-2,5981.0,5165.0,,9353.0,296480.0,8534.0,296480.0,Jared Cook,jared cook,2,3,14.0,0,0.0,0.0,14.0,6.0,1.0,0.87027663,0,1.0,0.1,0.07692308,0.20384616,,,,,,,,,,,,,,,,,,,,,,,,,
2017,REG,6,00-0028903,G.Celek,TE,TE,SF,11007,16cc9ade-f9ad-4d32-b5b9-d7568ee80f58,11507.0,7274.0,1223.0,garrettcelek/2534820,15204.0,26253.0,,1975891.0,,,8516.0,7982.0,,26253.0,403184.0,14496.0,,Garrett Celek,garrett celek,1,2,13.0,0,0.0,0.0,12.0,5.0,1.0,-0.04718972,0,1.0833334,0.04255319,0.025531914,0.08170213,,,,,,,,,,,,,,,,,,,,,,,,,
2017,REG,6,00-0031951,J.O'Shaughnessy,TE,TE,JAX,12330,e5c6b0d4-3e77-422b-a6d8-574a10ed385e,14146.0,9606.0,2476.0,,2508079.0,28561.0,,2174148.0,O'ShJa00,,10249.0,10549.0,,28561.0,552352.0,16933.0,552352.0,James O'Shaughnessy,james oshaughnessy,2,3,11.0,0,0.0,0.0,10.0,7.0,1.0,-0.46518952,0,1.1,0.08571429,0.053475935,0.16600458,,,,,,,,,,,,,,,,,,,,,,,,,
2017,REG,6,00-0031609,A.Derby,TE,TE,DEN,12351,f0805b80-e01c-46fd-99a6-dae1134fb764,14072.0,9635.0,2503.0,a.j.derby/2552580,3046413.0,28590.0,,2061203.0,DerbA.00,aj-derby-1,10484.0,10576.0,,28590.0,543797.0,16962.0,,A.J. Derby,aj derby,1,4,10.0,0,0.0,0.0,42.0,5.0,0.0,-3.2993548,0,0.23809524,0.0754717,0.08993576,0.17616259,,,,,,,,,,,,,,,,,,,,,,,,,
2017,REG,6,00-0033858,J.Smith,TE,TE,TEN,13193,e4f25a37-74de-4bfb-b6c9-f50a4fab0b87,16460.0,11855.0,4144.0,,3054212.0,30213.0,,2081506.0,SmitJo01,jonnu-smith-1,11807.0,12344.0,84.0,30213.0,743749.0,18990.0,743749.0,Jonnu Smith,jonnu smith,1,1,10.0,0,0.0,0.0,9.0,1.0,0.0,0.34961396,0,1.1111112,0.03125,0.03358209,0.07038246,,,,,,,,,,,,,,,,,,,,,,,,,
2017,REG,6,00-0030710,T.Burton,TE,TE,PHI,11705,bc0f07a4-3e7b-4e61-987a-05533dc225be,12153.0,9185.0,1793.0,treyburton/2550284,16974.0,27789.0,,2130223.0,BurtTr01,,9490.0,9737.0,,27789.0,542788.0,15965.0,,Trey Burton,trey burton,1,1,9.0,0,0.0,0.0,6.0,3.0,1.0,1.5826454,0,1.5,0.033333335,0.021978023,0.06538462,,,,,,,,,,,,,,,,,,,,,,,,,
2017,REG,6,00-0031387,E.Ebron,TE,TE,DET,11695,9fbcfae9-dd14-415c-8952-9b1b5dff0dfc,12143.0,8645.0,2118.0,ericebron/2543466,16732.0,27538.0,,1865396.0,EbroEr00,eric-ebron-1,9210.0,9390.0,,27538.0,605752.0,16451.0,605752.0,Eric Ebron,eric ebron,1,3,9.0,0,0.0,0.0,4.0,4.0,0.0,-5.949237,0,2.25,0.05882353,0.013986014,0.0980255,,,,,,,,,,,,,,,,,,,,,,,,,
2017,REG,6,00-0033080,S.DeValve,TE,TE,CLE,12792,a2451bf7-83dd-496c-b527-c14d8d518598,15671.0,10772.0,3296.0,,2566659.0,29372.0,,1984760.0,DevaSe00,,11221.0,11444.0,,29372.0,623676.0,18057.0,,Seth DeValve,seth devalve,2,3,9.0,1,0.0,0.0,8.0,2.0,1.0,1.0087607,0,1.125,0.083333336,0.026845638,0.14379194,,,,,,,,,,,,,,,,,,,,,,,,,
2017,REG,6,00-0031558,M.Williams,TE,TE,BAL,12206,52f4a43a-64a9-4d69-a9e2-28bd60f68e49,13919.0,9488.0,2360.0,,2970726.0,28443.0,,1983769.0,WillMa04,maxx-williams-1,10128.0,10298.0,,28443.0,651658.0,16816.0,651658.0,Maxx Williams,maxx williams,1,1,6.0,0,1.0,1.0,5.0,1.0,0.0,-4.095026,0,1.2,0.024390243,0.016891891,0.04840969,,,,,,,,,,,,,,,,,,,,,,,,,
2017,REG,6,00-0032429,J.Adams,TE,TE,NYG,12681,47426d59-7af4-4714-8050-a85a0ae70f65,15831.0,10818.0,3340.0,,2978727.0,29418.0,,2000078.0,AdamJe01,jerell-adams-1,10876.0,11283.0,,29418.0,694014.0,18101.0,694014.0,Jerell Adams,jerell adams,1,1,6.0,0,0.0,0.0,6.0,0.0,1.0,0.716589,0,1.0,0.05263158,0.0882353,0.14071207,,,,,,,,,,,,,,,,,,,,,,,,,
2017,REG,6,00-0028042,L.Stocker,TE,TE,TB,10354,5b712aed-201c-43dd-b978-b7b6ef91178e,9948.0,6256.0,963.0,lukestocker/2495234,14099.0,24891.0,7589.0,1125485.0,StocLu00,luke-stocker-1,7413.0,6552.0,,24891.0,334186.0,13370.0,334186.0,Luke Stocker,luke stocker,1,1,5.0,0,0.0,0.0,4.0,1.0,0.0,0.36629277,0,1.25,0.023809524,0.00877193,0.041854635,,,,,,,,,,,,,,,,,,,,,,,,,
2017,REG,6,00-0033895,G.Everett,TE,TE,LA,13236,ebeceb00-57e0-4b74-9cf7-853da2afed18,16459.0,11799.0,4089.0,,3918639.0,30157.0,,2142692.0,EverGe00,gerald-everett-1,11737.0,12284.0,55.0,30157.0,838487.0,18935.0,838487.0,Gerald Everett,gerald everett,1,3,4.0,1,0.0,0.0,1.0,5.0,1.0,-1.2724769,0,4.0,0.14285715,0.004464286,0.21741071,,,,,,,,,,,,,,,,,,,,,,,,,
2017,REG,6,00-0024243,M.Lewis,TE,TE,JAX,8269,9c21e9af-681c-41ef-9b00-fbc9e1668ed1,9413.0,2973.0,111.0,marcedeslewis/2495888,9614.0,7777.0,4007.0,415313.0,LewiMa00,marcedes-lewis-1,4891.0,3615.0,,7777.0,214197.0,3061.0,214197.0,Marcedes Lewis,marcedes lewis,0,2,0.0,0,0.0,0.0,17.0,0.0,0.0,-5.7171717,0,0.0,0.057142857,0.09090909,0.14935064,,,,,,,,,,,,,,,,,,,,,,,,,
2017,REG,6,00-0028093,N.Paul,TE,TE,WAS,10394,38f5843a-8318-4eb7-b517-c83d415e77a4,9988.0,6307.0,918.0,nilespaul/2495211,14156.0,24942.0,7556.0,1272502.0,PaulNi00,niles-paul-1,7384.0,6661.0,,24942.0,406159.0,13170.0,,Niles Paul,niles paul,0,0,0.0,0,0.0,0.0,0.0,0.0,0.0,,0,,,,,,,,,,,,,,,,,,,,,,,,,,,,,
2017,REG,6,00-0029697,C.Fleener,TE,TE,NO,10743,9102665d-a658-4264-81c3-b9810776ddf0,11220.0,7038.0,1107.0,cobyfleener/2532838,14900.0,25744.0,,1244492.0,FleeCo00,coby-fleener-1,8064.0,7418.0,,25744.0,399848.0,13997.0,,Coby Fleener,coby fleener,0,1,0.0,0,0.0,0.0,6.0,0.0,0.0,-1.6804838,0,0.0,0.033333335,0.04255319,0.07978723,,,,,,,,,,,,,,,,,,,,,,,,,
2017,REG,6,00-0030155,D.Harris,TE,TE,KC,11448,8506c15c-15cc-4d2c-aebf-270c605fe0ec,11881.0,8524.0,1619.0,demetriusharris/2541187,16318.0,27174.0,,2060074.0,HarrDe03,,9847.0,8683.0,,27174.0,602269.0,15305.0,602269.0,Demetrius Harris,demetrius harris,0,2,0.0,0,0.0,0.0,14.0,0.0,0.0,-4.1019344,0,0.0,0.0625,0.047138046,0.12674664,,,,,,,,,,,,,,,,,,,,,,,,,
2017,REG,6,00-0031690,E.Tomlinson,TE,TE,NYJ,13065,b3d7169b-9cf6-4fea-815a-26e4fb0ec16a,14339.0,9786.0,2755.0,,2511973.0,28658.0,,1759992.0,TomlEr01,,10553.0,10747.0,,28658.0,554431.0,17223.0,554431.0,Eric Tomlinson,eric tomlinson,0,1,0.0,0,0.0,0.0,6.0,0.0,0.0,-3.3079379,0,0.0,0.022222223,0.013953488,0.043100774,,,,,,,,,,,,,,,,,,,,,,,,,
2017,REG,6,00-0031744,M.LaCosse,TE,TE,NYG,12596,25e58aee-1b33-4468-9a81-6586426b91d5,14288.0,9840.0,2944.0,mattlacosse/2553667,2576179.0,28875.0,,2174931.0,,,10727.0,10980.0,,28875.0,606055.0,17415.0,606055.0,Matt LaCosse,matt lacosse,0,1,0.0,0,0.0,0.0,2.0,0.0,0.0,-0.9746741,0,0.0,0.05263158,0.029411765,0.09953561,,,,,,,,,,,,,,,,,,,,,,,,,
2017,REG,6,00-0033110,T.Higbee,TE,TE,LA,12678,0df7912d-9e81-47ea-b4f7-d04986df4ee8,15623.0,10744.0,3271.0,,2573401.0,29344.0,,1853103.0,HigbTy00,tyler-higbee-1,10854.0,11430.0,159.0,29344.0,604176.0,18032.0,604176.0,Tyler Higbee,tyler higbee,1,3,0.0,0,0.0,0.0,28.0,2.0,0.0,-1.7194527,0,0.0,0.14285715,0.125,0.3017857,,,,,,,,,,,,,,,,,,,,,,,,,
2017,REG,6,00-0033885,D.Njoku,TE,TE,CLE,13192,8f86fcea-90e8-49ea-bc78-5c7659313e57,16399.0,11784.0,4033.0,,3123076.0,30142.0,,2136474.0,NjokDa00,david-njoku-1,11734.0,12186.0,252.0,30142.0,832098.0,18876.0,832098.0,David Njoku,david njoku,2,5,0.0,0,0.0,0.0,13.0,3.0,0.0,-4.4108214,0,0.0,0.1388889,0.043624163,0.23887025,David Njoku,CLE,8.592500000000001,2.03155376615324,3.839999999999999,5.665053699988197,40.0,0.0,0.0,0.5550000000000033,1.723894608346967,-1.1688946083469638,00-0033885,David,Njoku,D.Njoku,,,,,,,,,
2017,REG,7,00-0027061,J.Cook,TE,TE,LV,9474,3b7a1409-d154-4e5c-8c94-9d4a0e0993c7,9265.0,5012.0,367.0,jaredcook/71265,12537.0,9353.0,6126.0,584314.0,CookJa02,jared-cook-2,5981.0,5165.0,,9353.0,296480.0,8534.0,296480.0,Jared Cook,jared cook,6,7,107.0,0,0.0,0.0,83.0,32.0,6.0,8.998945,0,1.2891567,0.13461539,0.14043993,0.30023104,Jared Cook,LV,5.466666666666668,2.1574059492064603,11.434285714285716,13.899694359544318,85.71428571428571,107.0,0.0,6.609999999999999,6.9714721703361135,-0.3614721703361141,00-0027061,Jared,Cook,J.Cook,,,,,,,,,
2017,REG,7,00-0033879,O.Howard,TE,TE,TB,13188,93ed8c6f-b676-46d3-bf82-6155e89b4a68,16380.0,11774.0,4055.0,,3043080.0,30132.0,,2061190.0,HowaO.00,oj-howard-1,11806.0,12161.0,,30132.0,732147.0,18901.0,732147.0,O.J. Howard,oj howard,6,6,98.0,2,1.0,0.0,75.0,23.0,4.0,11.395816,0,1.3066666,0.13636364,0.1633987,0.31892455,O.J. Howard,TB,6.739999999999999,7.293131853566066,11.598333333333334,15.548753239789075,100.0,98.0,2.0,4.409999999999999,3.1725019957311815,1.2374980042688177,00-0033879,O'Terrius,Howard,O.Howard,,,,,,,,,
2017,REG,7,00-0030061,Z.Ertz,TE,TE,PHI,11247,de3421f7-2147-4835-89a5-724e87bad463,11689.0,7816.0,1339.0,zachertz/2540158,15835.0,26658.0,,1685963.0,ErtzZa00,zach-ertz-1,8781.0,8409.0,305.0,26658.0,503177.0,14856.0,503177.0,Zach Ertz,zach ertz,5,5,89.0,1,0.0,0.0,60.0,29.0,4.0,7.1092567,0,1.4833333,0.2,0.16806723,0.41764706,Zach Ertz,PHI,3.1725,2.18088008268174,10.905999999999999,15.943512075317232,100.0,89.0,1.0,6.894000000000001,5.187659443894883,1.7063405561051184,00-0030061,Zachary,Ertz,Z.Ertz,,,,,,,,,
2017,REG,7,00-0033090,H.Henry,TE,TE,LAC,12676,705899da-3c20-4bc3-b5d0-2e6e40655131,15561.0,10669.0,3214.0,,3046439.0,29269.0,,2079848.0,HenrHu00,hunter-henry-1,10735.0,11299.0,212.0,29269.0,744425.0,17975.0,744425.0,Hunter Henry,hunter henry,4,5,73.0,0,0.0,0.0,34.0,49.0,3.0,5.9759007,0,2.1470587,0.2,0.2556391,0.47894737,Hunter Henry,LAC,6.255,2.873866888388423,6.224000000000001,27.59109850164022,80.0,73.0,0.0,12.722499999999998,11.441689463448029,1.2808105365519697,00-0033090,Hunter,Henry,H.Henry,,,,,,,,,
2017,REG,7,00-0024221,V.Davis,TE,TE,WAS,8247,0a95e792-6455-4927-9539-f95fa7f41fbb,9621.0,2951.0,200.0,vernondavis/2495826,9592.0,7755.0,,409254.0,DaviVe00,vernon-davis-1,4732.0,3638.0,,7755.0,215595.0,5084.0,,Vernon Davis,vernon davis,4,4,67.0,0,0.0,0.0,34.0,33.0,2.0,3.713251,0,1.9705882,0.1,0.13076924,0.24153847,,,,,,,,,,,,,,,,,,,,,,,,,
2017,REG,7,00-0031609,A.Derby,TE,TE,DEN,12351,f0805b80-e01c-46fd-99a6-dae1134fb764,14072.0,9635.0,2503.0,a.j.derby/2552580,3046413.0,28590.0,,2061203.0,DerbA.00,aj-derby-1,10484.0,10576.0,,28590.0,543797.0,16962.0,,A.J. Derby,aj derby,6,7,66.0,0,1.0,1.0,70.0,19.0,2.0,-2.3134077,0,0.94285715,0.2,0.32258064,0.5258064,A.J. Derby,DEN,3.827142857142857,3.512453323821109,9.211428571428572,31.173854186811056,85.71428571428571,66.0,0.0,3.2950000000000004,3.8525631633154886,-0.5575631633154883,00-0031609,Alexander,Derby,A.Derby,,,,,,,,,
2017,REG,7,00-0030472,J.Reed,TE,TE,WAS,11248,c3bf8d3e-3b2e-4f9e-ad74-c0a684035f17,11690.0,7866.0,1500.0,jordanreed/2540160,15860.0,26708.0,,1691412.0,ReedJo02,jordan-reed-1,8615.0,8412.0,,26708.0,508876.0,15100.0,,Jordan Reed,jordan reed,8,10,64.0,2,0.0,0.0,74.0,10.0,4.0,4.485754,0,0.8648649,0.25,0.2846154,0.5742308,Jordan Reed,WAS,5.664285714285714,2.485792611121924,7.532999999999999,27.565134660421535,80.0,64.0,2.0,1.4825000000000013,1.1500709655987578,0.3324290344012435,00-0030472,Jordan,Reed,J.Reed,,,,,,,,,
2017,REG,7,00-0024389,De.Walker,TE,TE,TEN,8416,ccce5e8e-52ca-4f0f-a40f-fe5e7227d156,9172.0,3120.0,284.0,delaniewalker/2495966,9761.0,7924.0,4353.0,1109396.0,WalkHu00,,4888.0,3976.0,,7924.0,218943.0,7175.0,,Delanie Walker,delanie walker,7,10,63.0,0,1.0,1.0,114.0,14.0,3.0,-2.7804565,0,0.55263156,0.29411766,0.3737705,0.70281583,Delanie Walker,TEN,4.645714285714286,2.511718263261355,11.788,40.76071922544951,70.0,63.0,0.0,2.5528571428571425,2.8532437928932746,-0.3003866500361321,00-0024389,Delanie,Walker,D.Walker,,,,,,,,,
2017,REG,7,00-0031273,C.Brate,TE,TE,TB,12110,5afe93fd-0caf-4cca-83fc-7f405bebfa3e,13470.0,9207.0,2214.0,,17453.0,28267.0,,2132787.0,BratCa00,,10008.0,10193.0,,28267.0,552926.0,16593.0,552926.0,Cameron Brate,cameron brate,6,9,60.0,0,0.0,0.0,76.0,14.0,4.0,-0.6771159,0,0.7894737,0.20454545,0.16557734,0.4227223,Cameron Brate,TB,5.902857142857143,2.7337723401523704,8.953333333333333,18.00428992760747,66.66666666666666,60.0,0.0,2.3666666666666667,1.7731821283168567,0.59348453834981,00-0031273,Cameron,Brate,C.Brate,,,,,,,,,
2017,REG,7,00-0033881,E.Engram,TE,TE,NYG,13189,e21365af-8d66-416e-b0a5-8816d18fcfd9,16411.0,11778.0,4066.0,,3051876.0,30136.0,,2079887.0,EngrEv00,evan-engram-1,11805.0,12205.0,229.0,30136.0,749185.0,18912.0,749185.0,Evan Engram,evan engram,6,12,60.0,1,0.0,0.0,114.0,42.0,4.0,-0.6858112,0,0.5263158,0.31578946,0.3838384,0.7423711,Evan Engram,NYG,6.932500000000001,3.25437328590094,8.658333333333333,37.80656429663052,50.0,60.0,1.0,7.348333333333334,5.341722723766438,2.006610609566896,00-0033881,Evan,Engram,E.Engram,,,,,,,,,
2017,REG,7,00-0028067,J.Thomas,TE,TE,MIA,10372,87f6826a-f35a-4b49-9673-da54ccb9becd,9966.0,6281.0,874.0,juliusthomas/2495353,14204.0,24916.0,,1755056.0,ThomJu00,,7415.0,6598.0,,24916.0,550870.0,13027.0,,Julius Thomas,julius thomas,3,4,58.0,0,0.0,0.0,62.0,11.0,3.0,2.9743836,0,0.9354839,0.11111111,0.17318435,0.2878957,,,,,,,,,,,,,,,,,,,,,,,,,
2017,REG,7,00-0032117,N.O'Leary,TE,TE,BUF,12207,c257b2e6-dfc9-45c8-b30c-a497f2ce82a2,13957.0,9627.0,2495.0,,2576804.0,28582.0,,1860760.0,OLeaNi00,nick-oleary-1,10250.0,10568.0,,28582.0,605423.0,16954.0,,Nick O'Leary,nick oleary,2,2,58.0,0,0.0,0.0,27.0,31.0,2.0,5.2850833,0,2.148148,0.0625,0.06923077,0.14221154,,,,,,,,,,,,,,,,,,,,,,,,,
2017,REG,7,00-0033885,D.Njoku,TE,TE,CLE,13192,8f86fcea-90e8-49ea-bc78-5c7659313e57,16399.0,11784.0,4033.0,,3123076.0,30142.0,,2136474.0,NjokDa00,david-njoku-1,11734.0,12186.0,252.0,30142.0,832098.0,18876.0,832098.0,David Njoku,david njoku,2,5,58.0,0,0.0,0.0,107.0,14.0,2.0,-0.0072536306,0,0.5420561,0.13157895,0.4163424,0.4888081,David Njoku,CLE,5.58,1.5081707285897843,19.983999999999998,34.908989274359776,40.0,58.0,0.0,8.489999999999998,6.339124273018172,2.150875726981827,00-0033885,David,Njoku,D.Njoku,,,,,,,,,
2017,REG,7,00-0022127,J.Witten,TE,TE,DAL,6997,e38c9b1b-7c51-48a2-ac1d-a752502e8930,9275.0,1384.0,23.0,jasonwitten/2505629,4527.0,6405.0,,396134.0,WittJa00,jason-witten-1,3086.0,1990.0,,6405.0,184571.0,722.0,,Jason Witten,jason witten,4,4,54.0,1,0.0,0.0,43.0,11.0,4.0,5.714094,0,1.255814,0.14814815,0.3359375,0.45737848,,,,,,,,,,,,,,,,,,,,,,,,,
2017,REG,7,00-0027656,R.Gronkowski,TE,TE,NE,9902,2142a164-48ad-47d6-bb27-0bc58c6b2e62,9721.0,5567.0,515.0,robgronkowski/497240,13229.0,24017.0,,1244303.0,GronRo00,rob-gronkowski-1,6443.0,5729.0,,24017.0,381091.0,10974.0,381091.0,Rob Gronkowski,rob gronkowski,3,7,51.0,0,0.0,0.0,100.0,9.0,3.0,4.325089,0,0.51,0.2413793,0.4587156,0.6831699,Rob Gronkowski,NE,5.83,2.1798032490437884,13.870000000000001,44.83905232531289,42.857142857142854,51.0,0.0,4.183333333333333,4.058325220590746,0.12500811274258705,00-0027656,Robert,Gronkowski,R.Gronkowski,,,,,,,,,
2017,REG,7,00-0027696,J.Graham,TE,TE,SEA,9925,fd85786d-3900-4dc0-9b30-334ee30413ed,9712.0,5619.0,616.0,jimmygraham/497236,13232.0,24070.0,6610.0,1691166.0,GrahJi00,jimmy-graham-1,6532.0,5842.0,,24070.0,295918.0,11488.0,295918.0,Jimmy Graham,jimmy graham,3,6,51.0,1,0.0,0.0,46.0,26.0,3.0,-0.8329557,0,1.1086956,0.16216215,0.115869015,0.32435155,Jimmy Graham,SEA,4.926,2.4485217062591476,8.488333333333333,13.264402541931453,50.0,51.0,1.0,9.923333333333332,2.1956992048174775,7.727634128515854,00-0027696,Jimmy,Graham,J.Graham,,,,,,,,,
2017,REG,7,00-0030181,J.Doyle,TE,TE,IND,11516,bd413539-9351-454e-9d61-4e8635d7e9f5,11987.0,8520.0,1706.0,jackdoyle/2540232,16504.0,27299.0,,2041264.0,DoylJa00,,9081.0,9075.0,,27299.0,477386.0,15602.0,477386.0,Jack Doyle,jack doyle,6,7,44.0,0,0.0,0.0,21.0,28.0,2.0,0.6083734,0,2.0952382,0.1891892,0.07266436,0.33464885,Jack Doyle,IND,5.494999999999999,4.287864570913667,3.1114285714285717,7.618581222890727,85.71428571428571,44.0,0.0,4.648333333333333,5.317096471637494,-0.6687631383041603,00-0030181,John,Doyle,J.Doyle,,,,,,,,,
2017,REG,7,00-0027981,K.Rudolph,TE,TE,MIN,10312,1059e9dc-97df-4643-9116-883a0573d8b1,9906.0,6195.0,943.0,kylerudolph/2495438,14054.0,24830.0,7444.0,1633122.0,RudoKy00,kyle-rudolph-1,7246.0,6459.0,,24830.0,469472.0,13275.0,469472.0,Kyle Rudolph,kyle rudolph,5,7,43.0,0,0.0,0.0,35.0,35.0,3.0,1.9083091,0,1.2285714,0.22580644,0.1724138,0.45939934,Kyle Rudolph,MIN,5.33,3.674517187133053,4.928571428571431,17.746000720127565,71.42857142857143,43.0,0.0,6.721999999999999,7.499144650956987,-0.7771446509569886,00-0027981,Kyle,Rudolph,K.Rudolph,,,,,,,,,
2017,REG,7,00-0032055,D.Funchess,TE,TE,CAR,12205,7f5f2a81-ac40-420c-9421-5b9e2a21faf8,13915.0,9474.0,2346.0,,2977609.0,28429.0,,2001877.0,FuncDe00,devin-funchess-1,10138.0,10391.0,,28429.0,696127.0,16802.0,696127.0,Devin Funchess,devin funchess,4,8,41.0,0,0.0,0.0,74.0,25.0,3.0,0.7850018,0,0.5540541,0.23529412,0.27306274,0.5440851,,,,,,,,,,,,,,,,,,,,,,,,,
2017,REG,7,00-0022943,B.Watson,TE,TE,BAL,7422,d81844de-54c3-42ee-9850-072dc4131b6f,9040.0,1753.0,663.0,benjaminwatson/2506122,5557.0,6791.0,,493107.0,WatsBe00,benjamin-watson-1,3872.0,48.0,,6791.0,246082.0,11756.0,,Ben Watson,ben watson,5,5,38.0,0,0.0,0.0,22.0,16.0,3.0,1.977691,0,1.7272727,0.12820514,0.09282701,0.2572866,Benjamin Watson,BAL,7.633333333333333,3.6485715133124343,3.759999999999998,8.885527932696847,100.0,38.0,0.0,3.840000000000002,4.995773358189399,-1.1557733581893967,00-0022943,Benjamin,Watson,B.Watson,,,,,,,,,
2017,REG,7,00-0030470,V.McDonald,TE,TE,PIT,11257,8f24a248-b328-43ec-8677-67600e42a8f7,11699.0,7836.0,1587.0,vancemcdonald/2540215,15853.0,26678.0,,1673357.0,McDoVa00,vance-mcdonald-1,8785.0,8413.0,,26678.0,494969.0,15239.0,,Vance McDonald,vance mcdonald,2,3,37.0,0,0.0,0.0,24.0,18.0,2.0,1.4960737,0,1.5416666,0.12,0.07185629,0.2302994,,,,,,,,,,,,,,,,,,,,,,,,,
2017,REG,7,00-0030506,T.Kelce,TE,TE,KC,11244,c3859e06-5f23-4302-a71b-04820a899d5f,11594.0,7844.0,1466.0,traviskelce/2540258,15847.0,26686.0,,1725130.0,KelcTr00,travis-kelce-1,8783.0,8411.0,264.0,26686.0,448240.0,15048.0,448240.0,Travis Kelce,travis kelce,4,5,33.0,1,0.0,0.0,48.0,5.0,3.0,3.5581875,0,0.6875,0.1388889,0.16438356,0.32340184,Travis Kelce,KC,7.574999999999999,4.097273443519802,8.97,16.87612883804937,80.0,33.0,1.0,1.8125,2.9343008094685956,-1.1218008094685956,00-0030506,Travis,Kelce,T.Kelce,,,,,,,,,
2017,REG,7,00-0028093,N.Paul,TE,TE,WAS,10394,38f5843a-8318-4eb7-b517-c83d415e77a4,9988.0,6307.0,918.0,nilespaul/2495211,14156.0,24942.0,7556.0,1272502.0,PaulNi00,niles-paul-1,7384.0,6661.0,,24942.0,406159.0,13170.0,,Niles Paul,niles paul,1,1,32.0,0,0.0,0.0,20.0,12.0,1.0,2.6142933,0,1.6,0.025,0.07692308,0.09134615,,,,,,,,,,,,,,,,,,,,,,,,,
2017,REG,7,00-0024243,M.Lewis,TE,TE,JAX,8269,9c21e9af-681c-41ef-9b00-fbc9e1668ed1,9413.0,2973.0,111.0,marcedeslewis/2495888,9614.0,7777.0,4007.0,415313.0,LewiMa00,marcedes-lewis-1,4891.0,3615.0,,7777.0,214197.0,3061.0,214197.0,Marcedes Lewis,marcedes lewis,2,3,29.0,1,0.0,0.0,7.0,23.0,2.0,2.3323092,0,4.142857,0.11111111,0.023809524,0.18333334,,,,,,,,,,,,,,,,,,,,,,,,,
2017,REG,7,00-0027125,Z.Miller,TE,TE,CHI,9611,338b1ed8-131f-41f4-850a-1f93534558c7,9635.0,5104.0,749.0,zachmiller/238457,12699.0,9444.0,,1674135.0,MillZa02,,6124.0,5394.0,,9444.0,245993.0,12415.0,,Zach Miller,zach miller,2,3,29.0,0,0.0,0.0,46.0,9.0,1.0,1.829214,0,0.6304348,0.42857143,0.4181818,0.9355844,,,,,,,,,,,,,,,,,,,,,,,,,
2017,REG,7,00-0033080,S.DeValve,TE,TE,CLE,12792,a2451bf7-83dd-496c-b527-c14d8d518598,15671.0,10772.0,3296.0,,2566659.0,29372.0,,1984760.0,DevaSe00,,11221.0,11444.0,,29372.0,623676.0,18057.0,,Seth DeValve,seth devalve,2,4,27.0,0,0.0,0.0,11.0,13.0,2.0,0.78104407,0,2.4545455,0.10526316,0.042801555,0.18785582,,,,,,,,,,,,,,,,,,,,,,,,,
2017,REG,7,00-0031690,E.Tomlinson,TE,TE,NYJ,13065,b3d7169b-9cf6-4fea-815a-26e4fb0ec16a,14339.0,9786.0,2755.0,,2511973.0,28658.0,,1759992.0,TomlEr01,,10553.0,10747.0,,28658.0,554431.0,17223.0,554431.0,Eric Tomlinson,eric tomlinson,1,1,26.0,0,0.0,0.0,-4.0,30.0,1.0,1.819869,0,0.0,0.03846154,-0.020618556,0.04325932,,,,,,,,,,,,,,,,,,,,,,,,,
2017,REG,7,00-0024268,A.Fasano,TE,TE,MIA,8294,04eb8101-538f-44ac-ba09-ce30b5344fc2,9023.0,2998.0,51.0,anthonyfasano/2495835,9639.0,7802.0,3911.0,410446.0,FasaAn00,anthony-fasano-1,4755.0,3604.0,,7802.0,217412.0,1545.0,,Anthony Fasano,anthony fasano,3,4,25.0,1,1.0,0.0,38.0,5.0,2.0,-3.6253967,0,0.65789473,0.11111111,0.10614525,0.24096835,,,,,,,,,,,,,,,,,,,,,,,,,
2017,REG,7,00-0032214,T.Kroft,TE,TE,CIN,12212,36f54823-9d51-4180-9c91-d10281deb4bf,13960.0,9518.0,2390.0,tylerkroft/2552586,2582410.0,28473.0,,1824200.0,KrofTy00,tyler-kroft-1,10247.0,10490.0,,28473.0,592268.0,16846.0,592268.0,Tyler Kroft,tyler kroft,4,4,23.0,1,0.0,0.0,12.0,11.0,1.0,1.9129363,0,1.9166666,0.13793103,0.044609666,0.23812331,,,,,,,,,,,,,,,,,,,,,,,,,
2017,REG,7,00-0029697,C.Fleener,TE,TE,NO,10743,9102665d-a658-4264-81c3-b9810776ddf0,11220.0,7038.0,1107.0,cobyfleener/2532838,14900.0,25744.0,,1244492.0,FleeCo00,coby-fleener-1,8064.0,7418.0,,25744.0,399848.0,13997.0,,Coby Fleener,coby fleener,2,3,22.0,0,0.0,0.0,13.0,14.0,1.0,1.1461568,0,1.6923077,0.078947365,0.049056605,0.15276067,,,,,,,,,,,,,,,,,,,,,,,,,
2017,REG,7,00-0031260,L.Thomas,TE,TE,BUF,11647,b24625a0-d402-4d59-a778-aa4b073bfe5e,12095.0,8755.0,2251.0,loganthomas/2543767,16813.0,27648.0,,1691193.0,ThomLo00,logan-thomas-1,9323.0,9354.0,,27648.0,507528.0,16656.0,507528.0,Logan Thomas,logan thomas,1,1,22.0,1,0.0,0.0,22.0,0.0,1.0,3.0754972,0,1.0,0.03125,0.056410257,0.08636218,,,,,,,,,,,,,,,,,,,,,,,,,
2017,REG,7,00-0033858,J.Smith,TE,TE,TEN,13193,e4f25a37-74de-4bfb-b6c9-f50a4fab0b87,16460.0,11855.0,4144.0,,3054212.0,30213.0,,2081506.0,SmitJo01,jonnu-smith-1,11807.0,12344.0,84.0,30213.0,743749.0,18990.0,743749.0,Jonnu Smith,jonnu smith,2,4,22.0,0,0.0,0.0,23.0,16.0,0.0,-0.60028076,0,0.95652175,0.11764706,0.07540984,0.22925748,,,,,,,,,,,,,,,,,,,,,,,,,
2017,REG,7,00-0031418,A.Seferian-Jenkins,TE,TE,NYJ,11697,e78261de-af00-4530-824c-500addbe9f98,12145.0,8673.0,2222.0,austinseferian-jenkins/2543683,16795.0,27566.0,,1824731.0,SefeAu00,austin-seferian-jenkins-1,9241.0,9400.0,,27566.0,593347.0,16608.0,,Austin Seferian-Jenkins,austin seferian-jenkins,3,5,21.0,1,0.0,0.0,47.0,6.0,2.0,3.3438475,0,0.44680852,0.1923077,0.24226804,0.45804918,Austin Seferian-Jenkins,NYJ,,3.636539646301018,11.792,28.29038913679766,60.0,21.0,1.0,1.880000000000005,5.149754198370222,-3.269754198370217,00-0031418,Austin,Seferian-Jenkins,A.Seferian-Jenkins,,,,,,,,,
2017,REG,7,00-0027675,E.Dickson,TE,TE,CAR,9912,46bb9a85-523c-4530-95c3-2c2a9737e65f,9706.0,5595.0,701.0,eddickson/497224,13272.0,24045.0,6604.0,565631.0,DickEd00,ed-dickson-1,6530.0,5840.0,,24045.0,296060.0,12153.0,,Ed Dickson,ed dickson,3,5,18.0,0,0.0,0.0,35.0,4.0,2.0,0.5450019,0,0.51428574,0.14705883,0.12915128,0.31099415,Ed Dickson,CAR,5.816666666666666,0.6697603479010528,9.788,17.059992331021014,60.0,18.0,0.0,0.3366666666666684,0.2397707681798238,0.0968958984868446,00-0027675,Edward,Dickson,E.Dickson,,,,,,,,,
2017,REG,7,00-0027873,J.Gresham,TE,TE,ARI,9838,b44773b9-af17-4d6c-a453-132e20849712,9685.0,5546.0,530.0,jermainegresham/497238,13228.0,23996.0,,1123667.0,GresJe00,jermaine-gresham-1,6455.0,5549.0,,23996.0,333278.0,11026.0,,Jermaine Gresham,jermaine gresham,1,3,18.0,0,0.0,0.0,30.0,4.0,1.0,-1.1991749,0,0.6,0.09375,0.095846646,0.20771766,,,,,,,,,,,,,,,,,,,,,,,,,
2017,REG,7,00-0026201,M.Bennett,TE,TE,GB,9044,0ca741f8-58bd-4933-9d5c-0e04de3f4cff,9429.0,4375.0,40.0,martellusbennett/1062,11295.0,8838.0,,564954.0,BennMa00,martellus-bennett-1,5709.0,4639.0,,8838.0,302238.0,1181.0,,Martellus Bennett,martellus bennett,2,3,17.0,0,0.0,0.0,59.0,0.0,1.0,-1.5066338,0,0.2881356,0.12,0.23505977,0.34454182,,,,,,,,,,,,,,,,,,,,,,,,,
2017,REG,7,00-0030155,D.Harris,TE,TE,KC,11448,8506c15c-15cc-4d2c-aebf-270c605fe0ec,11881.0,8524.0,1619.0,demetriusharris/2541187,16318.0,27174.0,,2060074.0,HarrDe03,,9847.0,8683.0,,27174.0,602269.0,15305.0,602269.0,Demetrius Harris,demetrius harris,2,3,16.0,0,0.0,0.0,22.0,9.0,1.0,3.0217955,0,0.72727275,0.083333336,0.07534247,0.17773972,,,,,,,,,,,,,,,,,,,,,,,,,
2017,REG,7,00-0033288,G.Kittle,TE,TE,SF,13299,2ada91b0-036e-454f-83c3-6d939ff584a9,16499.0,11901.0,4217.0,,3040151.0,30259.0,,2818265.0,KittGe00,george-kittle-1,11892.0,12276.0,298.0,30259.0,733672.0,19063.0,733672.0,George Kittle,george kittle,1,2,16.0,0,0.0,0.0,26.0,9.0,1.0,0.5687286,0,0.61538464,0.054054055,0.12093023,0.16573225,,,,,,,,,,,,,,,,,,,,,,,,,
2017,REG,7,00-0030089,L.Willson,TE,TE,SEA,11381,16c67c97-ffd9-4f92-917d-ad6124ce1f6e,11812.0,7940.0,1603.0,lukewillson/2541199,16121.0,26781.0,,2057661.0,WillLu00,luke-willson-1,8907.0,8567.0,,26781.0,466869.0,15263.0,466869.0,Luke Willson,luke willson,1,1,13.0,0,0.0,0.0,-2.0,15.0,1.0,1.0710807,0,0.0,0.027027028,-0.005037783,0.037014093,,,,,,,,,,,,,,,,,,,,,,,,,
2017,REG,7,00-0033110,T.Higbee,TE,TE,LA,12678,0df7912d-9e81-47ea-b4f7-d04986df4ee8,15623.0,10744.0,3271.0,,2573401.0,29344.0,,1853103.0,HigbTy00,tyler-higbee-1,10854.0,11430.0,159.0,29344.0,604176.0,18032.0,604176.0,Tyler Higbee,tyler higbee,3,3,13.0,0,0.0,0.0,13.0,0.0,0.0,-0.20420167,0,1.0,0.08108108,0.055555556,0.16051051,,,,,,,,,,,,,,,,,,,,,,,,,
2017,REG,7,00-0031035,X.Grimble,TE,TE,PIT,11701,c9557ff2-899f-41e3-8a0e-35ca874db9b2,12149.0,9092.0,2082.0,xaviergrimble/2550521,17348.0,28184.0,,2130777.0,,,9283.0,9614.0,,28184.0,555680.0,16395.0,,Xavier Grimble,xavier grimble,1,1,12.0,0,0.0,0.0,12.0,0.0,0.0,0.47280625,0,1.0,0.04,0.035928145,0.0851497,,,,,,,,,,,,,,,,,,,,,,,,,
2017,REG,7,00-0031598,N.Boyle,TE,TE,BAL,12328,9480dd9f-151f-4e6d-b5a3-35f07bda4cac,13963.0,9604.0,2474.0,,2574591.0,28559.0,,1888149.0,BoylNi00,,10252.0,10547.0,,28559.0,608753.0,16931.0,608753.0,Nick Boyle,nick boyle,2,3,12.0,0,0.0,0.0,3.0,4.0,1.0,0.098857194,0,4.0,0.07692308,0.012658228,0.124245375,,,,,,,,,,,,,,,,,,,,,,,,,
2017,REG,7,00-0032394,N.Vannett,TE,TE,SEA,12680,c731aa8a-778b-4ccd-a19f-517eb66f47b7,15645.0,10728.0,3258.0,,2576399.0,29328.0,,1871322.0,VannNi00,nick-vannett-1,10949.0,11329.0,,29328.0,606488.0,18019.0,606488.0,Nick Vannett,nick vannett,1,1,12.0,0,0.0,0.0,2.0,10.0,1.0,0.8468583,0,6.0,0.027027028,0.005037783,0.044066988,,,,,,,,,,,,,,,,,,,,,,,,,
2017,REG,7,00-0028903,G.Celek,TE,TE,SF,11007,16cc9ade-f9ad-4d32-b5b9-d7568ee80f58,11507.0,7274.0,1223.0,garrettcelek/2534820,15204.0,26253.0,,1975891.0,,,8516.0,7982.0,,26253.0,403184.0,14496.0,,Garrett Celek,garrett celek,1,1,11.0,0,0.0,0.0,10.0,1.0,1.0,0.6174389,0,1.1,0.027027028,0.046511628,0.07309868,,,,,,,,,,,,,,,,,,,,,,,,,
2017,REG,7,00-0031484,C.Manhertz,TE,TE,CAR,12955,7c7b5515-7786-4e24-9ce0-34e6a8bd5727,14014.0,10211.0,3048.0,,2531358.0,28365.0,,2167520.0,ManhCh00,,10033.0,10295.0,,28365.0,563293.0,17762.0,563293.0,Chris Manhertz,chris manhertz,1,2,11.0,0,0.0,0.0,20.0,6.0,1.0,0.21978424,0,0.55,0.05882353,0.073800735,0.13989581,,,,,,,,,,,,,,,,,,,,,,,,,
2017,REG,7,00-0031299,J.Matthews,TE,TE,BUF,11676,7b96a836-666b-47b6-a0a7-9dbb0b4c53e8,12124.0,8677.0,1800.0,jordanmatthews/2543500,16763.0,27570.0,,1759816.0,MattJo00,jordan-matthews-1,9273.0,9420.0,,27570.0,555648.0,15974.0,555648.0,Jordan Matthews,jordan matthews,2,3,10.0,0,0.0,0.0,12.0,4.0,2.0,-0.3135356,0,0.8333333,0.09375,0.03076923,0.16216347,,,,,,,,,,,,,,,,,,,,,,,,,
2017,REG,7,00-0028142,V.Green,TE,TE,DEN,10432,6ef43c53-53d7-4b0f-ad99-17664d663ae8,10026.0,6356.0,868.0,virgilgreen/2495288,14085.0,24991.0,7502.0,1130615.0,GreeVi00,virgil-green-1,7416.0,6570.0,,24991.0,323254.0,13016.0,,Virgil Green,virgil green,1,2,7.0,0,0.0,0.0,39.0,1.0,0.0,-0.46190917,0,0.17948718,0.057142857,0.1797235,0.21152073,,,,,,,,,,,,,,,,,,,,,,,,,
2017,REG,7,00-0030710,T.Burton,TE,TE,PHI,11705,bc0f07a4-3e7b-4e61-987a-05533dc225be,12153.0,9185.0,1793.0,treyburton/2550284,16974.0,27789.0,,2130223.0,BurtTr01,,9490.0,9737.0,,27789.0,542788.0,15965.0,,Trey Burton,trey burton,1,1,7.0,0,0.0,0.0,1.0,6.0,0.0,0.24777336,0,7.0,0.04,0.0028011205,0.061960783,,,,,,,,,,,,,,,,,,,,,,,,,
2017,REG,7,00-0032134,C.Uzomah,TE,TE,CIN,12317,19858900-5c8e-49a7-ab02-34ef625724ca,14084.0,9590.0,2460.0,c.j.uzomah/2552559,2574576.0,28545.0,,2174118.0,UzomC.00,cj-uzomah-1,10462.0,10534.0,,28545.0,593305.0,16917.0,593305.0,C.J. Uzomah,cj uzomah,1,2,7.0,0,0.0,0.0,5.0,7.0,1.0,0.09074253,0,1.4,0.06896552,0.01858736,0.11645943,,,,,,,,,,,,,,,,,,,,,,,,,
2017,REG,7,00-0032139,B.Koyack,TE,TE,JAX,12209,666e3121-3daa-4413-b1ec-8e728f7cc645,13958.0,9662.0,2528.0,benkoyack/2552396,2579846.0,28617.0,,1893200.0,KoyaBe00,ben-koyack-1,10254.0,10601.0,,28617.0,610943.0,16988.0,,Ben Koyack,ben koyack,1,1,7.0,0,0.0,0.0,6.0,1.0,0.0,0.46254298,0,1.1666666,0.037037037,0.020408163,0.06984127,,,,,,,,,,,,,,,,,,,,,,,,,
2017,REG,7,00-0032141,G.Swaim,TE,TE,DAL,12378,d0f9112d-2496-450a-9fc5-d2d01b4d2454,14164.0,9679.0,2545.0,geoffswaim/2553454,3046704.0,28634.0,,2174207.0,SwaiGe00,geoff-swaim-1,10507.0,10617.0,,28634.0,728021.0,17005.0,728021.0,Geoff Swaim,geoff swaim,1,1,7.0,0,0.0,0.0,1.0,6.0,1.0,0.8667379,0,7.0,0.037037037,0.0078125,0.061024304,,,,,,,,,,,,,,,,,,,,,,,,,
2017,REG,7,00-0033258,D.Daniels,TE,TE,IND,13396,7574eb56-a34a-419e-9682-c4788cfe2019,16582.0,12122.0,4323.0,,3052166.0,30523.0,,2079698.0,DaniDa02,,11890.0,12453.0,,30523.0,747895.0,19176.0,747895.0,Darrell Daniels,darrell daniels,1,3,7.0,0,0.0,0.0,18.0,0.0,1.0,-0.5523622,0,0.3888889,0.08108108,0.062283736,0.16522023,,,,,,,,,,,,,,,,,,,,,,,,,
2017,REG,7,00-0032392,A.Hooper,TE,TE,ATL,12677,90c2a93f-d837-4e1b-b57c-56648903a8db,15581.0,10715.0,3202.0,,3043275.0,29315.0,,2067004.0,HoopAu00,austin-hooper-1,10748.0,11301.0,384.0,29315.0,739424.0,17963.0,739424.0,Austin Hooper,austin hooper,1,1,6.0,0,0.0,0.0,2.0,4.0,0.0,0.21199794,0,3.0,0.030303031,0.0070422534,0.050384123,,,,,,,,,,,,,,,,,,,,,,,,,
2017,REG,7,00-0033315,C.Hikutini,TE,TE,SF,13511,c4caac75-07d3-44b2-88ca-524e495a1a6b,16503.0,12276.0,4460.0,,2968204.0,30559.0,,2006894.0,HikuCo00,,11891.0,12478.0,,30559.0,698168.0,19326.0,698168.0,Cole Hikutini,cole hikutini,1,2,5.0,0,0.0,0.0,4.0,1.0,1.0,0.65175474,0,1.25,0.054054055,0.018604651,0.094104335,,,,,,,,,,,,,,,,,,,,,,,,,
2017,REG,7,00-0021547,A.Gates,TE,TE,LAC,7236,82da09c2-e542-4f7d-87d9-24dfd8e014de,9027.0,1609.0,322.0,antoniogates/2505299,5362.0,6663.0,,396811.0,,,3172.0,611.0,,6663.0,234249.0,7884.0,,Antonio Gates,antonio gates,1,1,4.0,0,0.0,0.0,4.0,0.0,0.0,-0.26485804,0,1.0,0.04,0.030075189,0.08105263,,,,,,,,,,,,,,,,,,,,,,,,,
2017,REG,7,00-0025549,B.Celek,TE,TE,PHI,8838,645a8bf9-2079-4df4-904a-3d8f08438b85,9070.0,3778.0,221.0,brentcelek/2507218,10605.0,8416.0,4697.0,408126.0,CeleBr00,brent-celek-1,5403.0,4269.0,,8416.0,229510.0,5511.0,,Brent Celek,brent celek,1,2,3.0,0,0.0,0.0,10.0,4.0,0.0,-1.2449217,0,0.3,0.08,0.028011205,0.13960785,,,,,,,,,,,,,,,,,,,,,,,,,
2017,REG,7,00-0032319,R.Travis,TE,TE,KC,12898,75dfd9cc-5419-49e1-bade-0632d03ca4b4,14613.0,10320.0,3041.0,,3936647.0,29208.0,,2195596.0,,,10837.0,11245.0,,29208.0,602069.0,17750.0,602069.0,Ross Travis,ross travis,1,1,3.0,0,0.0,0.0,1.0,2.0,1.0,0.50231916,0,3.0,0.027777778,0.0034246575,0.044063926,,,,,,,,,,,,,,,,,,,,,,,,,
2017,REG,7,00-0029119,D.Carrier,TE,TE,LA,10940,d3fab07b-f02a-433d-9612-cb0a751f324d,11417.0,7406.0,1718.0,derekcarrier/2534241,15403.0,26416.0,,1977121.0,CarrDe00,,9203.0,7527.0,,26416.0,654887.0,15640.0,654887.0,Derek Carrier,derek carrier,0,1,0.0,0,0.0,0.0,6.0,0.0,0.0,-0.76478875,0,0.0,0.027027028,0.025641026,0.05848926,,,,,,,,,,,,,,,,,,,,,,,,,
2017,REG,7,00-0029587,R.Ellison,TE,TE,NYG,10838,cccc9f16-9508-434f-b7a4-9a29cb0cacf9,11315.0,7128.0,1211.0,rhettellison/2532835,15003.0,25838.0,,1244464.0,ElliRh00,rhett-ellison-1,8114.0,7580.0,,25838.0,399295.0,14445.0,,Rhett Ellison,rhett ellison,0,1,0.0,0,0.0,0.0,3.0,0.0,0.0,-0.512691,0,0.0,0.02631579,0.01010101,0.04654439,,,,,,,,,,,,,,,,,,,,,,,,,
2017,REG,7,00-0031044,T.Niklas,TE,TE,ARI,11703,2b159c76-53d6-4670-b341-392bc7d6d5f2,12151.0,8687.0,2245.0,troyniklas/2543628,16797.0,27580.0,,1893206.0,NiklTr00,troy-niklas-1,9292.0,9319.0,,27580.0,610949.0,16648.0,,Troy Niklas,troy niklas,0,1,0.0,0,0.0,0.0,2.0,0.0,0.0,-0.46239045,0,0.0,0.03125,0.0063897762,0.051347844,,,,,,,,,,,,,,,,,,,,,,,,,
2017,REG,7,00-0031951,J.O'Shaughnessy,TE,TE,JAX,12330,e5c6b0d4-3e77-422b-a6d8-574a10ed385e,14146.0,9606.0,2476.0,,2508079.0,28561.0,,2174148.0,O'ShJa00,,10249.0,10549.0,,28561.0,552352.0,16933.0,552352.0,James O'Shaughnessy,james oshaughnessy,0,1,0.0,0,0.0,0.0,2.0,0.0,0.0,-0.6886567,0,0.0,0.037037037,0.006802721,0.06031746,,,,,,,,,,,,,,,,,,,,,,,,,
2017,REG,7,00-0032256,C.Walford,TE,TE,LV,12210,2e56cca7-b898-4aac-bbc5-b5bda9163be1,13956.0,9501.0,2373.0,clivewalford/2552397,2512593.0,28456.0,,1759387.0,WalfCl00,clive-walford-1,10127.0,10471.0,,28456.0,553616.0,16829.0,,Clive Walford,clive walford,0,1,0.0,0,0.0,0.0,12.0,0.0,0.0,-0.41091886,0,0.0,0.01923077,0.020304568,0.043059353,,,,,,,,,,,,,,,,,,,,,,,,,
2017,REG,8,00-0030506,T.Kelce,TE,TE,KC,11244,c3859e06-5f23-4302-a71b-04820a899d5f,11594.0,7844.0,1466.0,traviskelce/2540258,15847.0,26686.0,,1725130.0,KelcTr00,travis-kelce-1,8783.0,8411.0,264.0,26686.0,448240.0,15048.0,448240.0,Travis Kelce,travis kelce,7,10,133.0,1,0.0,0.0,128.0,42.0,6.0,8.971397,0,1.0390625,0.3448276,0.44755244,0.8305281,Travis Kelce,KC,3.998888888888889,3.688053707177987,11.712000000000002,40.098603122432216,70.0,133.0,1.0,7.394285714285713,5.037761218373297,2.3565244959124163,00-0030506,Travis,Kelce,T.Kelce,,,,,,,,,
2017,REG,8,00-0030181,J.Doyle,TE,TE,IND,11516,bd413539-9351-454e-9d61-4e8635d7e9f5,11987.0,8520.0,1706.0,jackdoyle/2540232,16504.0,27299.0,,2041264.0,DoylJa00,,9081.0,9075.0,,27299.0,477386.0,15602.0,477386.0,Jack Doyle,jack doyle,12,14,121.0,1,0.0,0.0,97.0,35.0,6.0,1.7154098,0,1.2474227,0.36842105,0.38492063,0.822076,Jack Doyle,IND,7.0183333333333335,3.0010066389361443,6.799285714285714,34.00492980387954,85.71428571428571,121.0,1.0,3.516666666666667,4.425093722421988,-0.9084270557553213,00-0030181,John,Doyle,J.Doyle,,,,,,,,,
2017,REG,8,00-0031273,C.Brate,TE,TE,TB,12110,5afe93fd-0caf-4cca-83fc-7f405bebfa3e,13470.0,9207.0,2214.0,,17453.0,28267.0,,2132787.0,BratCa00,,10008.0,10193.0,,28267.0,552926.0,16593.0,552926.0,Cameron Brate,cameron brate,4,5,64.0,0,0.0,0.0,70.0,4.0,3.0,1.5992703,0,0.9142857,0.1388889,0.18229167,0.3359375,Cameron Brate,TB,5.5,2.7258681766368102,12.312000000000001,15.658942334596698,80.0,64.0,0.0,3.2699999999999996,4.990071835650724,-1.7200718356507245,00-0031273,Cameron,Brate,C.Brate,,,,,,,,,
2017,REG,8,00-0031387,E.Ebron,TE,TE,DET,11695,9fbcfae9-dd14-415c-8952-9b1b5dff0dfc,12143.0,8645.0,2118.0,ericebron/2543466,16732.0,27538.0,,1865396.0,EbroEr00,eric-ebron-1,9210.0,9390.0,,27538.0,605752.0,16451.0,605752.0,Eric Ebron,eric ebron,2,6,58.0,0,0.0,0.0,60.0,39.0,2.0,-0.8668749,0,0.96666664,0.13333334,0.13129103,0.29190373,Eric Ebron,DET,6.45,3.0164982847556026,11.851666666666665,14.244506319985575,33.33333333333333,58.0,0.0,19.380000000000003,6.865615640024771,12.514384359975232,00-0031387,Eric,Ebron,E.Ebron,,,,,,,,,
2017,REG,8,00-0027061,J.Cook,TE,TE,LV,9474,3b7a1409-d154-4e5c-8c94-9d4a0e0993c7,9265.0,5012.0,367.0,jaredcook/71265,12537.0,9353.0,6126.0,584314.0,CookJa02,jared-cook-2,5981.0,5165.0,,9353.0,296480.0,8534.0,296480.0,Jared Cook,jared cook,4,5,57.0,0,0.0,0.0,35.0,25.0,3.0,3.7639515,0,1.6285714,0.10204082,0.108359136,0.22891262,Jared Cook,LV,7.220000000000001,3.3221426181758233,6.2059999999999995,10.31513862110232,80.0,57.0,0.0,6.7575,6.209687969822028,0.5478120301779725,00-0027061,Jared,Cook,J.Cook,,,,,,,,,
2017,REG,8,00-0027656,R.Gronkowski,TE,TE,NE,9902,2142a164-48ad-47d6-bb27-0bc58c6b2e62,9721.0,5567.0,515.0,robgronkowski/497240,13229.0,24017.0,,1244303.0,GronRo00,rob-gronkowski-1,6443.0,5729.0,,24017.0,381091.0,10974.0,381091.0,Rob Gronkowski,rob gronkowski,5,9,57.0,1,0.0,0.0,115.0,15.0,4.0,2.5495176,0,0.49565217,0.19148937,0.2853598,0.4869859,Rob Gronkowski,NE,4.476666666666667,2.0223866385207927,12.171111111111111,29.017987231449837,55.55555555555556,57.0,1.0,3.6239999999999997,2.864665205188021,0.7593347948119789,00-0027656,Robert,Gronkowski,R.Gronkowski,,,,,,,,,
2017,REG,8,00-0032392,A.Hooper,TE,TE,ATL,12677,90c2a93f-d837-4e1b-b57c-56648903a8db,15581.0,10715.0,3202.0,,3043275.0,29315.0,,2067004.0,HoopAu00,austin-hooper-1,10748.0,11301.0,384.0,29315.0,739424.0,17963.0,739424.0,Austin Hooper,austin hooper,4,6,47.0,1,0.0,0.0,50.0,3.0,3.0,3.216378,0,0.94,0.22222222,0.22026432,0.48751837,Austin Hooper,ATL,3.731666666666667,3.7312732297584414,9.653333333333334,20.488149982313402,66.66666666666666,47.0,1.0,1.2725000000000009,1.5304002421965848,-0.2579002421965839,00-0032392,Austin,Hooper,A.Hooper,,,,,,,,,
2017,REG,8,00-0032214,T.Kroft,TE,TE,CIN,12212,36f54823-9d51-4180-9c91-d10281deb4bf,13960.0,9518.0,2390.0,tylerkroft/2552586,2582410.0,28473.0,,1824200.0,KrofTy00,tyler-kroft-1,10247.0,10490.0,,28473.0,592268.0,16846.0,592268.0,Tyler Kroft,tyler kroft,5,6,46.0,0,0.0,0.0,31.0,25.0,2.0,2.007844,0,1.483871,0.21428572,0.18902439,0.45374563,Tyler Kroft,CIN,4.6325,3.749940838891927,5.231666666666666,15.793710691823899,83.33333333333334,46.0,0.0,4.998,6.190219616905051,-1.1922196169050512,00-0032214,Tyler,Kroft,T.Kroft,,,,,,,,,
2017,REG,8,00-0032135,J.James,TE,TE,PIT,12211,a37a5bfd-b48c-4d8b-817a-d8ce7ca3592d,13959.0,9593.0,2463.0,jessejames/2552633,2979590.0,28548.0,,1983808.0,JameJe00,jesse-james-1,10150.0,10403.0,,28548.0,652019.0,16920.0,652019.0,Jesse James,jesse james,2,3,42.0,0,0.0,0.0,20.0,36.0,2.0,2.439625,0,2.1,0.09677419,0.052083332,0.18161963,,,,,,,,,,,,,,,,,,,,,,,,,
2017,REG,8,00-0027696,J.Graham,TE,TE,SEA,9925,fd85786d-3900-4dc0-9b30-334ee30413ed,9712.0,5619.0,616.0,jimmygraham/497236,13232.0,24070.0,6610.0,1691166.0,GrahJi00,jimmy-graham-1,6532.0,5842.0,,24070.0,295918.0,11488.0,295918.0,Jimmy Graham,jimmy graham,4,5,39.0,2,0.0,0.0,36.0,6.0,3.0,4.381638,0,1.0833334,0.13513513,0.06963249,0.25144544,Jimmy Graham,SEA,6.5625,2.5379089373670687,8.823999999999998,7.77869849609478,80.0,39.0,2.0,2.1775,2.010876143256752,0.1666238567432483,00-0027696,Jimmy,Graham,J.Graham,,,,,,,,,
2017,REG,8,00-0030061,Z.Ertz,TE,TE,PHI,11247,de3421f7-2147-4835-89a5-724e87bad463,11689.0,7816.0,1339.0,zachertz/2540158,15835.0,26658.0,,1685963.0,ErtzZa00,zach-ertz-1,8781.0,8409.0,305.0,26658.0,503177.0,14856.0,503177.0,Zach Ertz,zach ertz,4,6,34.0,1,0.0,0.0,60.0,16.0,3.0,3.032045,0,0.56666666,0.1875,0.2,0.42125,Zach Ertz,PHI,4.168333333333333,5.373093244646142,11.0,21.0211166671975,66.66666666666666,34.0,1.0,4.3125,6.6037895891156495,-2.2912895891156495,00-0030061,Zachary,Ertz,Z.Ertz,,,,,,,,,
2017,REG,8,00-0022127,J.Witten,TE,TE,DAL,6997,e38c9b1b-7c51-48a2-ac1d-a752502e8930,9275.0,1384.0,23.0,jasonwitten/2505629,4527.0,6405.0,,396134.0,WittJa00,jason-witten-1,3086.0,1990.0,,6405.0,184571.0,722.0,,Jason Witten,jason witten,3,5,31.0,0,0.0,0.0,25.0,16.0,1.0,-1.1933745,0,1.24,0.22727273,0.14450867,0.44206515,Jason Witten,DAL,5.425,2.099829333072321,5.204000000000002,13.010650532526633,60.0,31.0,0.0,5.236666666666665,6.16780552808829,-0.9311388614216254,00-0022127,Christopher,Witten,J.Witten,,,,,,,,,
2017,REG,8,00-0030216,J.Hill,TE,TE,NO,11529,687cdc33-bd0d-4b70-adb3-33f97dc26a3c,13565.0,8200.0,1777.0,joshhill/2541834,16143.0,26950.0,,2060083.0,HillJo02,,9071.0,8764.0,,26950.0,469509.0,15866.0,,Josh Hill,josh hill,3,4,29.0,0,0.0,0.0,11.0,30.0,1.0,0.27413934,0,2.6363637,0.14814815,0.074324325,0.27424926,,,,,,,,,,,,,,,,,,,,,,,,,
2017,REG,8,00-0031598,N.Boyle,TE,TE,BAL,12328,9480dd9f-151f-4e6d-b5a3-35f07bda4cac,13963.0,9604.0,2474.0,,2574591.0,28559.0,,1888149.0,BoylNi00,,10252.0,10547.0,,28559.0,608753.0,16931.0,608753.0,Nick Boyle,nick boyle,4,4,29.0,0,0.0,0.0,-4.0,33.0,2.0,0.7171296,0,0.0,0.1904762,-0.032520324,0.26295006,,,,,,,,,,,,,,,,,,,,,,,,,
2017,REG,8,00-0031418,A.Seferian-Jenkins,TE,TE,NYJ,11697,e78261de-af00-4530-824c-500addbe9f98,12145.0,8673.0,2222.0,austinseferian-jenkins/2543683,16795.0,27566.0,,1824731.0,SefeAu00,austin-seferian-jenkins-1,9241.0,9400.0,,27566.0,593347.0,16608.0,,Austin Seferian-Jenkins,austin seferian-jenkins,5,5,28.0,0,0.0,0.0,26.0,2.0,1.0,-1.8761626,0,1.0769231,0.15625,0.11158799,0.3124866,Austin Seferian-Jenkins,NYJ,4.26,2.8862533867353437,4.450000000000001,10.373927638940696,100.0,28.0,0.0,1.1499999999999986,0.8966689743664119,0.25333102563358667,00-0031418,Austin,Seferian-Jenkins,A.Seferian-Jenkins,,,,,,,,,
2017,REG,8,00-0032430,D.Morgan,TE,TE,MIN,12816,4bff1c89-f4d1-4699-8c85-69bbbbaec5a2,15857.0,10822.0,3344.0,,2582138.0,29422.0,,1907784.0,MorgDa01,david-morgan-1,11139.0,11477.0,,29422.0,612030.0,18105.0,,David Morgan,david morgan,3,3,28.0,0,0.0,0.0,2.0,26.0,2.0,2.988989,0,14.0,0.069767445,0.007968128,0.11022885,,,,,,,,,,,,,,,,,,,,,,,,,
2017,REG,8,00-0027981,K.Rudolph,TE,TE,MIN,10312,1059e9dc-97df-4643-9116-883a0573d8b1,9906.0,6195.0,943.0,kylerudolph/2495438,14054.0,24830.0,7444.0,1633122.0,RudoKy00,kyle-rudolph-1,7246.0,6459.0,,24830.0,469472.0,13275.0,469472.0,Kyle Rudolph,kyle rudolph,6,7,27.0,1,0.0,0.0,34.0,7.0,1.0,-0.50216436,0,0.7941176,0.1627907,0.13545817,0.33900675,Kyle Rudolph,MIN,5.868333333333333,2.56343439711923,6.057142857142856,15.934458266000217,85.71428571428571,27.0,1.0,1.0366666666666688,1.958790964044783,-0.9221242973781141,00-0027981,Kyle,Rudolph,K.Rudolph,,,,,,,,,
2017,REG,8,00-0021547,A.Gates,TE,TE,LAC,7236,82da09c2-e542-4f7d-87d9-24dfd8e014de,9027.0,1609.0,322.0,antoniogates/2505299,5362.0,6663.0,,396811.0,,,3172.0,611.0,,6663.0,234249.0,7884.0,,Antonio Gates,antonio gates,2,2,25.0,0,0.0,0.0,19.0,6.0,0.0,1.6059619,0,1.3157895,0.06896552,0.055882353,0.14256592,,,,,,,,,,,,,,,,,,,,,,,,,
2017,REG,8,00-0027675,E.Dickson,TE,TE,CAR,9912,46bb9a85-523c-4530-95c3-2c2a9737e65f,9706.0,5595.0,701.0,eddickson/497224,13272.0,24045.0,6604.0,565631.0,DickEd00,ed-dickson-1,6530.0,5840.0,,24045.0,296060.0,12153.0,,Ed Dickson,ed dickson,4,5,24.0,0,0.0,0.0,34.0,2.0,1.0,-3.0908277,0,0.7058824,0.16666667,0.09970675,0.3197947,Ed Dickson,CAR,7.92,1.9260739687494397,7.127999999999998,11.665357423409269,80.0,24.0,0.0,0.8200000000000021,1.0492676114923398,-0.22926761149233776,00-0027675,Edward,Dickson,E.Dickson,,,,,,,,,
2017,REG,8,00-0028903,G.Celek,TE,TE,SF,11007,16cc9ade-f9ad-4d32-b5b9-d7568ee80f58,11507.0,7274.0,1223.0,garrettcelek/2534820,15204.0,26253.0,,1975891.0,,,8516.0,7982.0,,26253.0,403184.0,14496.0,,Garrett Celek,garrett celek,1,2,24.0,0,0.0,0.0,21.0,9.0,1.0,1.7442354,0,1.1428572,0.055555556,0.125,0.17083333,,,,,,,,,,,,,,,,,,,,,,,,,
2017,REG,8,00-0033288,G.Kittle,TE,TE,SF,13299,2ada91b0-036e-454f-83c3-6d939ff584a9,16499.0,11901.0,4217.0,,3040151.0,30259.0,,2818265.0,KittGe00,george-kittle-1,11892.0,12276.0,298.0,30259.0,733672.0,19063.0,733672.0,George Kittle,george kittle,2,4,22.0,0,0.0,0.0,30.0,3.0,1.0,-0.15879047,0,0.73333335,0.11111111,0.17857143,0.29166666,,,,,,,,,,,,,,,,,,,,,,,,,
2017,REG,8,00-0028097,L.Smith,TE,TE,LV,10398,cf23126f-055b-4617-819b-bb4bcb84541a,9992.0,6311.0,812.0,leesmith/2495347,14215.0,24946.0,7585.0,1276441.0,SmitLe00,lee-smith-2,7425.0,6665.0,,24946.0,334184.0,12777.0,334184.0,Lee Smith,lee smith,1,3,21.0,0,0.0,0.0,22.0,2.0,1.0,0.9666088,0,0.95454544,0.06122449,0.06811146,0.13951476,,,,,,,,,,,,,,,,,,,,,,,,,
2017,REG,8,00-0030710,T.Burton,TE,TE,PHI,11705,bc0f07a4-3e7b-4e61-987a-05533dc225be,12153.0,9185.0,1793.0,treyburton/2550284,16974.0,27789.0,,2130223.0,BurtTr01,,9490.0,9737.0,,27789.0,542788.0,15965.0,,Trey Burton,trey burton,2,2,21.0,0,0.0,0.0,15.0,6.0,2.0,2.3050258,0,1.4,0.0625,0.05,0.12875,,,,,,,,,,,,,,,,,,,,,,,,,
2017,REG,8,00-0031299,J.Matthews,TE,TE,BUF,11676,7b96a836-666b-47b6-a0a7-9dbb0b4c53e8,12124.0,8677.0,1800.0,jordanmatthews/2543500,16763.0,27570.0,,1759816.0,MattJo00,jordan-matthews-1,9273.0,9420.0,,27570.0,555648.0,15974.0,555648.0,Jordan Matthews,jordan matthews,3,4,21.0,0,0.0,0.0,27.0,5.0,1.0,0.57893276,0,0.7777778,0.14814815,0.13170731,0.31441733,,,,,,,,,,,,,,,,,,,,,,,,,
2017,REG,8,00-0031609,A.Derby,TE,TE,DEN,12351,f0805b80-e01c-46fd-99a6-dae1134fb764,14072.0,9635.0,2503.0,a.j.derby/2552580,3046413.0,28590.0,,2061203.0,DerbA.00,aj-derby-1,10484.0,10576.0,,28590.0,543797.0,16962.0,,A.J. Derby,aj derby,2,4,21.0,1,0.0,0.0,28.0,0.0,2.0,-0.69199127,0,0.75,0.11111111,0.08888889,0.22888888,,,,,,,,,,,,,,,,,,,,,,,,,
2017,REG,8,00-0024221,V.Davis,TE,TE,WAS,8247,0a95e792-6455-4927-9539-f95fa7f41fbb,9621.0,2951.0,200.0,vernondavis/2495826,9592.0,7755.0,,409254.0,DaviVe00,vernon-davis-1,4732.0,3638.0,,7755.0,215595.0,5084.0,,Vernon Davis,vernon davis,2,4,20.0,0,0.0,0.0,20.0,12.0,0.0,-0.7328752,0,1.0,0.102564104,0.093023255,0.21896243,,,,,,,,,,,,,,,,,,,,,,,,,
2017,REG,8,00-0030443,L.Toilolo,TE,TE,ATL,11252,67d56171-7522-430c-b7d9-8f7e2b6624d3,11694.0,7915.0,1642.0,levinetoilolo/2540203,15980.0,26756.0,,1685990.0,ToilLe00,levine-toilolo-1,8789.0,8414.0,,26756.0,503205.0,15378.0,503205.0,Levine Toilolo,levine toilolo,2,3,20.0,0,0.0,0.0,15.0,10.0,1.0,0.1518547,0,1.3333334,0.11111111,0.066079296,0.21292217,,,,,,,,,,,,,,,,,,,,,,,,,
2017,REG,8,00-0031690,E.Tomlinson,TE,TE,NYJ,13065,b3d7169b-9cf6-4fea-815a-26e4fb0ec16a,14339.0,9786.0,2755.0,,2511973.0,28658.0,,1759992.0,TomlEr01,,10553.0,10747.0,,28658.0,554431.0,17223.0,554431.0,Eric Tomlinson,eric tomlinson,1,1,20.0,1,0.0,0.0,18.0,2.0,1.0,2.3389711,0,1.1111112,0.03125,0.07725322,0.10095225,,,,,,,,,,,,,,,,,,,,,,,,,
2017,REG,8,00-0033885,D.Njoku,TE,TE,CLE,13192,8f86fcea-90e8-49ea-bc78-5c7659313e57,16399.0,11784.0,4033.0,,3123076.0,30142.0,,2136474.0,NjokDa00,david-njoku-1,11734.0,12186.0,252.0,30142.0,832098.0,18876.0,832098.0,David Njoku,david njoku,2,7,19.0,0,0.0,0.0,61.0,18.0,1.0,-4.482062,0,0.3114754,0.20588236,0.32972974,0.53963435,David Njoku,CLE,6.525999999999999,4.618736136352868,8.561428571428573,32.2742204749852,28.57142857142857,19.0,0.0,9.139999999999993,8.221717135039398,0.9182828649605952,00-0033885,David,Njoku,D.Njoku,,,,,,,,,
2017,REG,8,00-0032141,G.Swaim,TE,TE,DAL,12378,d0f9112d-2496-450a-9fc5-d2d01b4d2454,14164.0,9679.0,2545.0,geoffswaim/2553454,3046704.0,28634.0,,2174207.0,SwaiGe00,geoff-swaim-1,10507.0,10617.0,,28634.0,728021.0,17005.0,728021.0,Geoff Swaim,geoff swaim,1,1,18.0,0,0.0,0.0,13.0,5.0,1.0,1.2555091,0,1.3846154,0.045454547,0.07514451,0.12078297,,,,,,,,,,,,,,,,,,,,,,,,,
2017,REG,8,00-0028142,V.Green,TE,TE,DEN,10432,6ef43c53-53d7-4b0f-ad99-17664d663ae8,10026.0,6356.0,868.0,virgilgreen/2495288,14085.0,24991.0,7502.0,1130615.0,GreeVi00,virgil-green-1,7416.0,6570.0,,24991.0,323254.0,13016.0,,Virgil Green,virgil green,1,2,16.0,0,0.0,0.0,11.0,16.0,1.0,0.74979573,0,1.4545455,0.055555556,0.034920637,0.107777774,,,,,,,,,,,,,,,,,,,,,,,,,
2017,REG,8,00-0033879,O.Howard,TE,TE,TB,13188,93ed8c6f-b676-46d3-bf82-6155e89b4a68,16380.0,11774.0,4055.0,,3043080.0,30132.0,,2061190.0,HowaO.00,oj-howard-1,11806.0,12161.0,,30132.0,732147.0,18901.0,732147.0,O.J. Howard,oj howard,2,2,16.0,0,0.0,0.0,2.0,14.0,1.0,0.5764542,0,8.0,0.055555556,0.0052083335,0.086979166,,,,,,,,,,,,,,,,,,,,,,,,,
2017,REG,8,00-0030422,D.Sims,TE,TE,CHI,11249,9c04a540-cb7c-41dc-8e7c-50b7af29a3a2,11691.0,7888.0,1357.0,dionsims/2540200,15974.0,26729.0,,1700507.0,SimsDi00,dion-sims-1,8784.0,8532.0,,26729.0,511525.0,14876.0,,Dion Sims,dion sims,3,5,15.0,0,0.0,0.0,64.0,5.0,2.0,1.2559615,0,0.234375,0.15625,0.21333334,0.38370833,Dion Sims,CHI,4.093333333333333,2.645143217438908,10.106000000000002,18.524085343500257,60.0,15.0,0.0,1.5899999999999987,1.5853533520457859,0.004646647954212879,00-0030422,Dion,Sims,D.Sims,,,,,,,,,
2017,REG,8,00-0025549,B.Celek,TE,TE,PHI,8838,645a8bf9-2079-4df4-904a-3d8f08438b85,9070.0,3778.0,221.0,brentcelek/2507218,10605.0,8416.0,4697.0,408126.0,CeleBr00,brent-celek-1,5403.0,4269.0,,8416.0,229510.0,5511.0,,Brent Celek,brent celek,1,2,14.0,0,0.0,0.0,28.0,3.0,1.0,0.9622938,0,0.5,0.0625,0.093333334,0.15908334,,,,,,,,,,,,,,,,,,,,,,,,,
2017,REG,8,00-0033387,J.Hollister,TE,TE,NE,13391,ad2a1d03-020b-487a-bd5f-7ca9fbc250fe,16527.0,12051.0,4421.0,,3125404.0,30661.0,,2818962.0,HollJa03,,12271.0,12491.0,,30661.0,696882.0,19281.0,696882.0,Jacob Hollister,jacob hollister,1,1,13.0,0,0.0,0.0,13.0,0.0,1.0,0.5435731,0,1.0,0.021276595,0.032258064,0.05449554,,,,,,,,,,,,,,,,,,,,,,,,,
2017,REG,8,00-0029738,D.Fells,TE,TE,DET,11337,54d4e35a-2e6c-48f6-86ad-92dd596c173c,13636.0,8549.0,1592.0,darrenfells/2540928,15773.0,26612.0,,2053740.0,FellDa01,,9758.0,8472.0,,26612.0,266414.0,15247.0,266414.0,Darren Fells,darren fells,1,3,12.0,0,0.0,0.0,28.0,13.0,1.0,-0.34562007,0,0.42857143,0.06666667,0.061269145,0.1428884,,,,,,,,,,,,,,,,,,,,,,,,,
2017,REG,8,00-0024268,A.Fasano,TE,TE,MIA,8294,04eb8101-538f-44ac-ba09-ce30b5344fc2,9023.0,2998.0,51.0,anthonyfasano/2495835,9639.0,7802.0,3911.0,410446.0,FasaAn00,anthony-fasano-1,4755.0,3604.0,,7802.0,217412.0,1545.0,,Anthony Fasano,anthony fasano,2,2,11.0,0,0.0,0.0,-1.0,12.0,0.0,0.24539378,0,0.0,0.045454547,-0.0032467532,0.06590909,,,,,,,,,,,,,,,,,,,,,,,,,
2017,REG,8,00-0032055,D.Funchess,TE,TE,CAR,12205,7f5f2a81-ac40-420c-9421-5b9e2a21faf8,13915.0,9474.0,2346.0,,2977609.0,28429.0,,2001877.0,FuncDe00,devin-funchess-1,10138.0,10391.0,,28429.0,696127.0,16802.0,696127.0,Devin Funchess,devin funchess,2,6,11.0,0,0.0,0.0,153.0,6.0,0.0,-3.0710893,0,0.07189543,0.2,0.44868034,0.61407626,,,,,,,,,,,,,,,,,,,,,,,,,
2017,REG,8,00-0032227,J.Heuerman,TE,TE,DEN,12208,1fe3aadd-336b-4838-888e-8c9609747afc,13961.0,9525.0,2397.0,jeffheuerman/2552399,2576389.0,28480.0,,1824413.0,HeueJe00,jeff-heuerman-1,10246.0,10492.0,,28480.0,593517.0,16853.0,,Jeff Heuerman,jeff heuerman,1,2,11.0,0,0.0,0.0,31.0,7.0,1.0,-3.087647,0,0.3548387,0.055555556,0.0984127,0.15222222,,,,,,,,,,,,,,,,,,,,,,,,,
2017,REG,8,00-0032725,S.Anderson,TE,TE,HOU,12859,5cb0bf9c-03b4-4201-97c5-a59c6db50841,15760.0,11160.0,3496.0,,2576854.0,29789.0,,1880821.0,AndeSt01,,10885.0,11556.0,,29789.0,607660.0,18262.0,607660.0,Stephen Anderson,stephen anderson,1,2,11.0,0,0.0,0.0,17.0,4.0,1.0,-4.81355,0,0.64705884,0.06666667,0.036480688,0.12553649,,,,,,,,,,,,,,,,,,,,,,,,,
2017,REG,8,00-0033090,H.Henry,TE,TE,LAC,12676,705899da-3c20-4bc3-b5d0-2e6e40655131,15561.0,10669.0,3214.0,,3046439.0,29269.0,,2079848.0,HenrHu00,hunter-henry-1,10735.0,11299.0,212.0,29269.0,744425.0,17975.0,744425.0,Hunter Henry,hunter henry,2,2,11.0,0,0.0,0.0,4.0,7.0,0.0,0.6464412,0,2.75,0.06896552,0.011764706,0.11168357,,,,,,,,,,,,,,,,,,,,,,,,,
2017,REG,8,00-0030108,R.Griffin,TE,TE,HOU,11399,cb1df42c-b59c-4e23-a9a2-fbfc2b39ef71,11830.0,7982.0,1425.0,ryangriffin/2541316,15887.0,26824.0,,2057695.0,GrifRy00,ryan-griffin-1,8911.0,8600.0,,26824.0,465129.0,14985.0,465129.0,Ryan Griffin,ryan griffin,1,2,10.0,0,0.0,0.0,29.0,4.0,0.0,-0.54972094,0,0.3448276,0.06666667,0.06223176,0.14356223,,,,,,,,,,,,,,,,,,,,,,,,,
2017,REG,8,00-0033315,C.Hikutini,TE,TE,SF,13511,c4caac75-07d3-44b2-88ca-524e495a1a6b,16503.0,12276.0,4460.0,,2968204.0,30559.0,,2006894.0,HikuCo00,,11891.0,12478.0,,30559.0,698168.0,19326.0,698168.0,Cole Hikutini,cole hikutini,1,1,10.0,0,0.0,0.0,9.0,1.0,1.0,1.7120323,0,1.1111112,0.027777778,0.05357143,0.079166666,,,,,,,,,,,,,,,,,,,,,,,,,
2017,REG,8,00-0032098,D.Brown,TE,TE,CHI,12585,1b016b52-62ba-4da9-9ead-6bad689f8d33,14470.0,10144.0,2751.0,,2519013.0,29102.0,,2175305.0,BrowDa04,,10713.0,11092.0,,29102.0,561380.0,17219.0,561380.0,Daniel Brown,daniel brown,1,1,9.0,0,0.0,0.0,4.0,5.0,0.0,0.24456556,0,2.25,0.03125,0.013333334,0.056208335,,,,,,,,,,,,,,,,,,,,,,,,,
2017,REG,8,00-0032394,N.Vannett,TE,TE,SEA,12680,c731aa8a-778b-4ccd-a19f-517eb66f47b7,15645.0,10728.0,3258.0,,2576399.0,29328.0,,1871322.0,VannNi00,nick-vannett-1,10949.0,11329.0,,29328.0,606488.0,18019.0,606488.0,Nick Vannett,nick vannett,1,1,8.0,0,0.0,0.0,5.0,3.0,0.0,0.32002008,0,1.6,0.027027028,0.00967118,0.047310367,,,,,,,,,,,,,,,,,,,,,,,,,
2017,REG,8,00-0031260,L.Thomas,TE,TE,BUF,11647,b24625a0-d402-4d59-a778-aa4b073bfe5e,12095.0,8755.0,2251.0,loganthomas/2543767,16813.0,27648.0,,1691193.0,ThomLo00,logan-thomas-1,9323.0,9354.0,,27648.0,507528.0,16656.0,507528.0,Logan Thomas,logan thomas,1,1,7.0,0,0.0,0.0,6.0,1.0,0.0,0.029366646,0,1.1666666,0.037037037,0.029268293,0.07604336,,,,,,,,,,,,,,,,,,,,,,,,,
2017,REG,8,00-0022943,B.Watson,TE,TE,BAL,7422,d81844de-54c3-42ee-9850-072dc4131b6f,9040.0,1753.0,663.0,benjaminwatson/2506122,5557.0,6791.0,,493107.0,WatsBe00,benjamin-watson-1,3872.0,48.0,,6791.0,246082.0,11756.0,,Ben Watson,ben watson,2,4,6.0,1,0.0,0.0,30.0,2.0,1.0,0.9346173,0,0.2,0.1904762,0.24390244,0.456446,,,,,,,,,,,,,,,,,,,,,,,,,
2017,REG,8,00-0030472,J.Reed,TE,TE,WAS,11248,c3bf8d3e-3b2e-4f9e-ad74-c0a684035f17,11690.0,7866.0,1500.0,jordanreed/2540160,15860.0,26708.0,,1691412.0,ReedJo02,jordan-reed-1,8615.0,8412.0,,26708.0,508876.0,15100.0,,Jordan Reed,jordan reed,1,1,5.0,0,0.0,0.0,-1.0,6.0,0.0,-0.06488836,0,0.0,0.025641026,-0.004651163,0.035205726,,,,,,,,,,,,,,,,,,,,,,,,,
2017,REG,8,00-0032117,N.O'Leary,TE,TE,BUF,12207,c257b2e6-dfc9-45c8-b30c-a497f2ce82a2,13957.0,9627.0,2495.0,,2576804.0,28582.0,,1860760.0,OLeaNi00,nick-oleary-1,10250.0,10568.0,,28582.0,605423.0,16954.0,,Nick O'Leary,nick oleary,1,3,5.0,0,0.0,0.0,35.0,0.0,0.0,-1.1836503,0,0.14285715,0.11111111,0.17073171,0.28617886,,,,,,,,,,,,,,,,,,,,,,,,,
2017,REG,8,00-0028067,J.Thomas,TE,TE,MIA,10372,87f6826a-f35a-4b49-9673-da54ccb9becd,9966.0,6281.0,874.0,juliusthomas/2495353,14204.0,24916.0,,1755056.0,ThomJu00,,7415.0,6598.0,,24916.0,550870.0,13027.0,,Julius Thomas,julius thomas,2,3,2.0,0,0.0,0.0,6.0,0.0,0.0,-3.4106042,0,0.33333334,0.06818182,0.019480519,0.11590909,,,,,,,,,,,,,,,,,,,,,,,,,
2017,REG,8,00-0027125,Z.Miller,TE,TE,CHI,9611,338b1ed8-131f-41f4-850a-1f93534558c7,9635.0,5104.0,749.0,zachmiller/238457,12699.0,9444.0,,1674135.0,MillZa02,,6124.0,5394.0,,9444.0,245993.0,12415.0,,Zach Miller,zach miller,0,2,0.0,0,0.0,0.0,25.0,0.0,0.0,-1.5391611,0,0.0,0.0625,0.083333336,0.15208334,,,,,,,,,,,,,,,,,,,,,,,,,
2017,REG,8,00-0030089,L.Willson,TE,TE,SEA,11381,16c67c97-ffd9-4f92-917d-ad6124ce1f6e,11812.0,7940.0,1603.0,lukewillson/2541199,16121.0,26781.0,,2057661.0,WillLu00,luke-willson-1,8907.0,8567.0,,26781.0,466869.0,15263.0,466869.0,Luke Willson,luke willson,0,1,0.0,0,0.0,0.0,17.0,0.0,0.0,-0.47507682,0,0.0,0.027027028,0.032882012,0.063557945,,,,,,,,,,,,,,,,,,,,,,,,,
2017,REG,8,00-0030155,D.Harris,TE,TE,KC,11448,8506c15c-15cc-4d2c-aebf-270c605fe0ec,11881.0,8524.0,1619.0,demetriusharris/2541187,16318.0,27174.0,,2060074.0,HarrDe03,,9847.0,8683.0,,27174.0,602269.0,15305.0,602269.0,Demetrius Harris,demetrius harris,0,2,0.0,0,0.0,0.0,33.0,0.0,0.0,-2.6311572,0,0.0,0.06896552,0.115384616,0.18421751,,,,,,,,,,,,,,,,,,,,,,,,,
2017,REG,8,00-0032319,R.Travis,TE,TE,KC,12898,75dfd9cc-5419-49e1-bade-0632d03ca4b4,14613.0,10320.0,3041.0,,3936647.0,29208.0,,2195596.0,,,10837.0,11245.0,,29208.0,602069.0,17750.0,602069.0,Ross Travis,ross travis,0,2,0.0,0,0.0,0.0,16.0,0.0,0.0,-6.214615,0,0.0,0.06896552,0.055944055,0.14260912,,,,,,,,,,,,,,,,,,,,,,,,,
2017,REG,8,00-0033080,S.DeValve,TE,TE,CLE,12792,a2451bf7-83dd-496c-b527-c14d8d518598,15671.0,10772.0,3296.0,,2566659.0,29372.0,,1984760.0,DevaSe00,,11221.0,11444.0,,29372.0,623676.0,18057.0,,Seth DeValve,seth devalve,1,3,0.0,0,0.0,0.0,21.0,0.0,0.0,-3.9187524,0,0.0,0.0882353,0.113513514,0.2118124,,,,,,,,,,,,,,,,,,,,,,,,,
2017,REG,8,00-0033559,M.Roberts,TE,TE,DET,13197,bb9f0c5a-cbc2-43bb-9aa5-77cdc7e77bb6,16500.0,11882.0,4164.0,,3059945.0,30240.0,,2082652.0,RobeMi01,michael-roberts-3,11896.0,12354.0,,30240.0,749874.0,19010.0,,Michael Roberts,michael roberts,0,2,0.0,0,0.0,0.0,14.0,0.0,0.0,-1.0401293,0,0.0,0.044444446,0.030634573,0.08811087,,,,,,,,,,,,,,,,,,,,,,,,,
2017,REG,8,00-0033896,A.Shaheen,TE,TE,CHI,13254,87171077-4c1c-4b67-b159-2cc6242988e0,16457.0,11800.0,4085.0,,4198676.0,30158.0,,2818105.0,ShahAd00,,11898.0,12283.0,,30158.0,1049770.0,18931.0,1049770.0,Adam Shaheen,adam shaheen,0,1,0.0,0,0.0,0.0,8.0,0.0,0.0,-1.1020598,0,0.0,0.03125,0.026666667,0.06554167,,,,,,,,,,,,,,,,,,,,,,,,,
2017,REG,8,00-0029697,C.Fleener,TE,TE,NO,10743,9102665d-a658-4264-81c3-b9810776ddf0,11220.0,7038.0,1107.0,cobyfleener/2532838,14900.0,25744.0,,1244492.0,FleeCo00,coby-fleener-1,8064.0,7418.0,,25744.0,399848.0,13997.0,,Coby Fleener,coby fleener,1,1,-1.0,0,0.0,0.0,-1.0,0.0,0.0,-0.9442584,0,0.0,0.037037037,-0.006756757,0.050825827,,,,,,,,,,,,,,,,,,,,,,,,,
2017,REG,9,00-0027061,J.Cook,TE,TE,LV,9474,3b7a1409-d154-4e5c-8c94-9d4a0e0993c7,9265.0,5012.0,367.0,jaredcook/71265,12537.0,9353.0,6126.0,584314.0,CookJa02,jared-cook-2,5981.0,5165.0,,9353.0,296480.0,8534.0,296480.0,Jared Cook,jared cook,8,9,126.0,0,0.0,0.0,78.0,51.0,6.0,11.760095,0,1.6153846,0.31034482,0.24074075,0.63403577,Jared Cook,LV,5.611666666666667,3.1045902337333766,11.520000000000001,31.22703451599302,88.88888888888889,126.0,0.0,3.2799999999999994,3.0770305831113802,0.20296941688861914,00-0027061,Jared,Cook,J.Cook,,,,,,,,,
2017,REG,9,00-0032055,D.Funchess,TE,TE,CAR,12205,7f5f2a81-ac40-420c-9421-5b9e2a21faf8,13915.0,9474.0,2346.0,,2977609.0,28429.0,,2001877.0,FuncDe00,devin-funchess-1,10138.0,10391.0,,28429.0,696127.0,16802.0,696127.0,Devin Funchess,devin funchess,5,7,86.0,0,0.0,0.0,67.0,44.0,3.0,5.980828,0,1.2835821,0.3043478,0.35638297,0.70598984,,,,,,,,,,,,,,,,,,,,,,,,,
2017,REG,9,00-0028067,J.Thomas,TE,TE,MIA,10372,87f6826a-f35a-4b49-9673-da54ccb9becd,9966.0,6281.0,874.0,juliusthomas/2495353,14204.0,24916.0,,1755056.0,ThomJu00,,7415.0,6598.0,,24916.0,550870.0,13027.0,,Julius Thomas,julius thomas,6,8,84.0,1,0.0,0.0,70.0,18.0,3.0,4.3557596,0,1.2,0.19512194,0.3255814,0.5205899,Julius Thomas,MIA,5.3549999999999995,3.054471648815438,8.2425,29.798002620995085,75.0,84.0,1.0,3.6566666666666676,5.4480787255933665,-1.7914120589266989,00-0028067,Julius,Thomas,J.Thomas,,,,,,,,,
2017,REG,9,00-0032214,T.Kroft,TE,TE,CIN,12212,36f54823-9d51-4180-9c91-d10281deb4bf,13960.0,9518.0,2390.0,tylerkroft/2552586,2582410.0,28473.0,,1824200.0,KrofTy00,tyler-kroft-1,10247.0,10490.0,,28473.0,592268.0,16846.0,592268.0,Tyler Kroft,tyler kroft,2,2,79.0,0,0.0,0.0,21.0,58.0,2.0,5.607394,0,3.7619047,0.11764706,0.104477614,0.24960491,,,,,,,,,,,,,,,,,,,,,,,,,
2017,REG,9,00-0030506,T.Kelce,TE,TE,KC,11244,c3859e06-5f23-4302-a71b-04820a899d5f,11594.0,7844.0,1466.0,traviskelce/2540258,15847.0,26686.0,,1725130.0,KelcTr00,travis-kelce-1,8783.0,8411.0,264.0,26686.0,448240.0,15048.0,448240.0,Travis Kelce,travis kelce,7,9,73.0,1,0.0,0.0,57.0,27.0,7.0,2.7497268,0,1.2807018,0.27272728,0.2446352,0.58033556,Travis Kelce,KC,8.493333333333334,2.259334333133923,6.643333333333334,26.79844023127605,77.77777777777779,73.0,1.0,3.9399999999999986,3.2807695490317395,0.6592304509682592,00-0030506,Travis,Kelce,T.Kelce,,,,,,,,,
2017,REG,9,00-0024221,V.Davis,TE,TE,WAS,8247,0a95e792-6455-4927-9539-f95fa7f41fbb,9621.0,2951.0,200.0,vernondavis/2495826,9592.0,7755.0,,409254.0,DaviVe00,vernon-davis-1,4732.0,3638.0,,7755.0,215595.0,5084.0,,Vernon Davis,vernon davis,6,9,72.0,0,0.0,0.0,93.0,34.0,3.0,1.0086366,0,0.7741935,0.3,0.37051794,0.70936257,Vernon Davis,WAS,4.784000000000001,1.82986226543406,9.649999999999999,32.46364893656786,66.66666666666666,72.0,0.0,5.866666666666668,2.4517768621960463,3.4148898044706217,00-0024221,Vernon,Davis,V.Davis,,,,,,,,,
2017,REG,9,00-0024389,De.Walker,TE,TE,TEN,8416,ccce5e8e-52ca-4f0f-a40f-fe5e7227d156,9172.0,3120.0,284.0,delaniewalker/2495966,9761.0,7924.0,4353.0,1109396.0,WalkHu00,,4888.0,3976.0,,7924.0,218943.0,7175.0,,Delanie Walker,delanie walker,5,5,71.0,0,0.0,0.0,49.0,22.0,2.0,4.957794,0,1.4489796,0.17857143,0.175,0.39035714,Delanie Walker,TEN,8.114,3.3743560090448037,7.824,14.108482400461627,100.0,71.0,0.0,6.376,5.310949267170509,1.0650507328294916,00-0024389,Delanie,Walker,D.Walker,,,,,,,,,
2017,REG,9,00-0033881,E.Engram,TE,TE,NYG,13189,e21365af-8d66-416e-b0a5-8816d18fcfd9,16411.0,11778.0,4066.0,,3051876.0,30136.0,,2079887.0,EngrEv00,evan-engram-1,11805.0,12205.0,229.0,30136.0,749185.0,18912.0,749185.0,Evan Engram,evan engram,4,10,70.0,1,0.0,0.0,88.0,30.0,4.0,3.2648964,0,0.79545456,0.2631579,0.27760252,0.58905864,Evan Engram,NYG,3.5088888888888894,2.7175115304427995,8.254,25.274052299589677,40.0,70.0,1.0,8.457499999999998,4.737313138333548,3.72018686166645,00-0033881,Evan,Engram,E.Engram,,,,,,,,,
2017,REG,9,00-0030181,J.Doyle,TE,TE,IND,11516,bd413539-9351-454e-9d61-4e8635d7e9f5,11987.0,8520.0,1706.0,jackdoyle/2540232,16504.0,27299.0,,2041264.0,DoylJa00,,9081.0,9075.0,,27299.0,477386.0,15602.0,477386.0,Jack Doyle,jack doyle,8,9,63.0,0,0.0,0.0,38.0,37.0,1.0,0.34488347,0,1.6578947,0.3,0.18357489,0.5785024,Jack Doyle,IND,3.8400000000000003,4.117277858110153,3.9166666666666674,16.35275561328633,88.88888888888889,63.0,0.0,4.832499999999999,4.011378204245702,0.8211217957542969,00-0030181,John,Doyle,J.Doyle,,,,,,,,,
2017,REG,9,00-0027696,J.Graham,TE,TE,SEA,9925,fd85786d-3900-4dc0-9b30-334ee30413ed,9712.0,5619.0,616.0,jimmygraham/497236,13232.0,24070.0,6610.0,1691166.0,GrahJi00,jimmy-graham-1,6532.0,5842.0,,24070.0,295918.0,11488.0,295918.0,Jimmy Graham,jimmy graham,5,8,59.0,0,0.0,0.0,59.0,26.0,3.0,1.7739875,0,1.0,0.19512194,0.1121673,0.37120003,Jimmy Graham,SEA,5.1659999999999995,3.4081468472518663,7.532500000000001,10.700523839119242,62.5,59.0,0.0,5.208,5.564031041695079,-0.35603104169507915,00-0027696,Jimmy,Graham,J.Graham,,,,,,,,,
2017,REG,9,00-0032117,N.O'Leary,TE,TE,BUF,12207,c257b2e6-dfc9-45c8-b30c-a497f2ce82a2,13957.0,9627.0,2495.0,,2576804.0,28582.0,,1860760.0,OLeaNi00,nick-oleary-1,10250.0,10568.0,,28582.0,605423.0,16954.0,,Nick O'Leary,nick oleary,4,5,51.0,0,1.0,1.0,33.0,28.0,2.0,0.11271621,0,1.5454545,0.125,0.09593023,0.25465116,Nick O'Leary,BUF,2.6350000000000002,2.5000706788276803,5.106,7.362440881301188,80.0,51.0,0.0,7.3225,6.077721038314849,1.2447789616851512,00-0032117,Nicklaus,O'Leary,N.O'Leary,,,,,,,,,
2017,REG,9,00-0024243,M.Lewis,TE,TE,JAX,8269,9c21e9af-681c-41ef-9b00-fbc9e1668ed1,9413.0,2973.0,111.0,marcedeslewis/2495888,9614.0,7777.0,4007.0,415313.0,LewiMa00,marcedes-lewis-1,4891.0,3615.0,,7777.0,214197.0,3061.0,214197.0,Marcedes Lewis,marcedes lewis,3,6,49.0,0,0.0,0.0,37.0,35.0,2.0,2.212563,0,1.3243244,0.16216215,0.13405797,0.33708382,Marcedes Lewis,JAX,4.66,6.904866849338936,5.488333333333332,12.577823612543447,50.0,49.0,0.0,11.57,9.66975383569661,1.9002461643033897,00-0024243,Marcedes,Lewis,M.Lewis,,,,,,,,,
2017,REG,9,00-0029697,C.Fleener,TE,TE,NO,10743,9102665d-a658-4264-81c3-b9810776ddf0,11220.0,7038.0,1107.0,cobyfleener/2532838,14900.0,25744.0,,1244492.0,FleeCo00,coby-fleener-1,8064.0,7418.0,,25744.0,399848.0,13997.0,,Coby Fleener,coby fleener,2,2,46.0,0,0.0,0.0,20.0,26.0,2.0,4.2664456,0,2.3,0.074074075,0.09803922,0.17973857,,,,,,,,,,,,,,,,,,,,,,,,,
2017,REG,9,00-0031299,J.Matthews,TE,TE,BUF,11676,7b96a836-666b-47b6-a0a7-9dbb0b4c53e8,12124.0,8677.0,1800.0,jordanmatthews/2543500,16763.0,27570.0,,1759816.0,MattJo00,jordan-matthews-1,9273.0,9420.0,,27570.0,555648.0,15974.0,555648.0,Jordan Matthews,jordan matthews,6,8,46.0,0,1.0,1.0,44.0,18.0,2.0,-4.574453,0,1.0454545,0.2,0.12790698,0.3895349,,,,,,,,,,,,,,,,,,,,,,,,,
2017,REG,9,00-0032725,S.Anderson,TE,TE,HOU,12859,5cb0bf9c-03b4-4201-97c5-a59c6db50841,15760.0,11160.0,3496.0,,2576854.0,29789.0,,1880821.0,AndeSt01,,10885.0,11556.0,,29789.0,607660.0,18262.0,607660.0,Stephen Anderson,stephen anderson,4,6,44.0,0,0.0,0.0,22.0,40.0,2.0,-0.9235962,0,2.0,0.13636364,0.047722343,0.2379511,Stephen Anderson,HOU,2.6966666666666668,1.61774729945756,11.575000000000001,13.015611237092148,66.66666666666666,44.0,0.0,0.9375,1.5835207006356598,-0.6460207006356598,00-0032725,Stephen,Anderson,S.Anderson,,,,,,,,,
2017,REG,9,00-0033895,G.Everett,TE,TE,LA,13236,ebeceb00-57e0-4b74-9cf7-853da2afed18,16459.0,11799.0,4089.0,,3918639.0,30157.0,,2142692.0,EverGe00,gerald-everett-1,11737.0,12284.0,55.0,30157.0,838487.0,18935.0,838487.0,Gerald Everett,gerald everett,1,2,44.0,0,0.0,0.0,36.0,10.0,1.0,2.6806083,0,1.2222222,0.09090909,0.16289593,0.2503908,,,,,,,,,,,,,,,,,,,,,,,,,
2017,REG,9,00-0022943,B.Watson,TE,TE,BAL,7422,d81844de-54c3-42ee-9850-072dc4131b6f,9040.0,1753.0,663.0,benjaminwatson/2506122,5557.0,6791.0,,493107.0,WatsBe00,benjamin-watson-1,3872.0,48.0,,6791.0,246082.0,11756.0,,Ben Watson,ben watson,7,10,41.0,0,0.0,0.0,67.0,12.0,3.0,-2.5446386,0,0.6119403,0.1923077,0.15764706,0.39881447,Benjamin Watson,BAL,5.195555555555556,2.6078842980667236,5.794000000000001,15.267457180500662,70.0,41.0,0.0,2.4314285714285697,3.488424519842348,-1.0569959484137783,00-0022943,Benjamin,Watson,B.Watson,,,,,,,,,
2017,REG,9,00-0030710,T.Burton,TE,TE,PHI,11705,bc0f07a4-3e7b-4e61-987a-05533dc225be,12153.0,9185.0,1793.0,treyburton/2550284,16974.0,27789.0,,2130223.0,BurtTr01,,9490.0,9737.0,,27789.0,542788.0,15965.0,,Trey Burton,trey burton,2,4,41.0,1,0.0,0.0,81.0,2.0,2.0,4.121545,0,0.50617284,0.14285715,0.26384366,0.39897627,,,,,,,,,,,,,,,,,,,,,,,,,
2017,REG,9,00-0025549,B.Celek,TE,TE,PHI,8838,645a8bf9-2079-4df4-904a-3d8f08438b85,9070.0,3778.0,221.0,brentcelek/2507218,10605.0,8416.0,4697.0,408126.0,CeleBr00,brent-celek-1,5403.0,4269.0,,8416.0,229510.0,5511.0,,Brent Celek,brent celek,3,4,39.0,0,0.0,0.0,16.0,28.0,2.0,2.5248861,0,2.4375,0.14285715,0.052117262,0.2507678,,,,,,,,,,,,,,,,,,,,,,,,,
2017,REG,9,00-0032392,A.Hooper,TE,TE,ATL,12677,90c2a93f-d837-4e1b-b57c-56648903a8db,15581.0,10715.0,3202.0,,3043275.0,29315.0,,2067004.0,HoopAu00,austin-hooper-1,10748.0,11301.0,384.0,29315.0,739424.0,17963.0,739424.0,Austin Hooper,austin hooper,3,6,36.0,0,0.0,0.0,61.0,34.0,2.0,-5.597325,0,0.59016395,0.16216215,0.15404041,0.35107154,Austin Hooper,ATL,3.943333333333333,4.923879959296938,10.188333333333333,14.44573103008247,50.0,36.0,0.0,10.953333333333333,13.033827069890927,-2.080493736557594,00-0032392,Austin,Hooper,A.Hooper,,,,,,,,,
2017,REG,9,00-0031387,E.Ebron,TE,TE,DET,11695,9fbcfae9-dd14-415c-8952-9b1b5dff0dfc,12143.0,8645.0,2118.0,ericebron/2543466,16732.0,27538.0,,1865396.0,EbroEr00,eric-ebron-1,9210.0,9390.0,,27538.0,605752.0,16451.0,605752.0,Eric Ebron,eric ebron,3,4,35.0,0,0.0,0.0,40.0,10.0,2.0,1.4580481,0,0.875,0.121212125,0.14134276,0.2807581,,,,,,,,,,,,,,,,,,,,,,,,,
2017,REG,9,00-0027985,L.Kendricks,TE,TE,GB,10318,27921351-a775-4649-bd49-7b4c486d1ba2,9912.0,6199.0,964.0,lancekendricks/2495187,14007.0,24834.0,7425.0,1117803.0,KendLa00,lance-kendricks-1,7412.0,6614.0,,24834.0,332066.0,13386.0,,Lance Kendricks,lance kendricks,2,3,32.0,0,0.0,0.0,19.0,9.0,2.0,0.21825044,0,1.6842105,0.078947365,0.081196584,0.17525867,,,,,,,,,,,,,,,,,,,,,,,,,
2017,REG,9,00-0031558,M.Williams,TE,TE,BAL,12206,52f4a43a-64a9-4d69-a9e2-28bd60f68e49,13919.0,9488.0,2360.0,,2970726.0,28443.0,,1983769.0,WillMa04,maxx-williams-1,10128.0,10298.0,,28443.0,651658.0,16816.0,651658.0,Maxx Williams,maxx williams,3,3,29.0,0,0.0,0.0,-2.0,31.0,2.0,1.4630759,0,0.0,0.057692308,-0.004705882,0.083244346,,,,,,,,,,,,,,,,,,,,,,,,,
2017,REG,9,00-0033288,G.Kittle,TE,TE,SF,13299,2ada91b0-036e-454f-83c3-6d939ff584a9,16499.0,11901.0,4217.0,,3040151.0,30259.0,,2818265.0,KittGe00,george-kittle-1,11892.0,12276.0,298.0,30259.0,733672.0,19063.0,733672.0,George Kittle,george kittle,3,5,27.0,0,0.0,0.0,29.0,9.0,2.0,0.1980043,0,0.9310345,0.09803922,0.06872038,0.19516309,George Kittle,SF,5.46,1.84785869032752,4.994,6.083566816908272,60.0,27.0,0.0,3.5766666666666658,2.691452992966589,0.8852136737000769,00-0033288,George,Kittle,G.Kittle,,,,,,,,,
2017,REG,9,00-0031260,L.Thomas,TE,TE,BUF,11647,b24625a0-d402-4d59-a778-aa4b073bfe5e,12095.0,8755.0,2251.0,loganthomas/2543767,16813.0,27648.0,,1691193.0,ThomLo00,logan-thomas-1,9323.0,9354.0,,27648.0,507528.0,16656.0,507528.0,Logan Thomas,logan thomas,2,3,25.0,0,0.0,0.0,23.0,4.0,1.0,1.1331205,0,1.0869565,0.075,0.06686047,0.15930232,,,,,,,,,,,,,,,,,,,,,,,,,
2017,REG,9,00-0027873,J.Gresham,TE,TE,ARI,9838,b44773b9-af17-4d6c-a453-132e20849712,9685.0,5546.0,530.0,jermainegresham/497238,13228.0,23996.0,,1123667.0,GresJe00,jermaine-gresham-1,6455.0,5549.0,,23996.0,333278.0,11026.0,,Jermaine Gresham,jermaine gresham,2,3,23.0,1,0.0,0.0,37.0,0.0,2.0,-0.9378604,0,0.6216216,0.10344828,0.11246201,0.23389582,,,,,,,,,,,,,,,,,,,,,,,,,
2017,REG,9,00-0029587,R.Ellison,TE,TE,NYG,10838,cccc9f16-9508-434f-b7a4-9a29cb0cacf9,11315.0,7128.0,1211.0,rhettellison/2532835,15003.0,25838.0,,1244464.0,ElliRh00,rhett-ellison-1,8114.0,7580.0,,25838.0,399295.0,14445.0,,Rhett Ellison,rhett ellison,2,2,21.0,0,0.0,0.0,5.0,16.0,1.0,1.4683325,0,4.2,0.05263158,0.01577287,0.08998838,,,,,,,,,,,,,,,,,,,,,,,,,
2017,REG,9,00-0031418,A.Seferian-Jenkins,TE,TE,NYJ,11697,e78261de-af00-4530-824c-500addbe9f98,12145.0,8673.0,2222.0,austinseferian-jenkins/2543683,16795.0,27566.0,,1824731.0,SefeAu00,austin-seferian-jenkins-1,9241.0,9400.0,,27566.0,593347.0,16608.0,,Austin Seferian-Jenkins,austin seferian-jenkins,2,2,20.0,0,0.0,0.0,7.0,13.0,1.0,2.601327,0,2.857143,0.1,0.055555556,0.18888889,,,,,,,,,,,,,,,,,,,,,,,,,
2017,REG,9,00-0031044,T.Niklas,TE,TE,ARI,11703,2b159c76-53d6-4670-b341-392bc7d6d5f2,12151.0,8687.0,2245.0,troyniklas/2543628,16797.0,27580.0,,1893206.0,NiklTr00,troy-niklas-1,9292.0,9319.0,,27580.0,610949.0,16648.0,,Troy Niklas,troy niklas,1,3,16.0,0,0.0,0.0,30.0,8.0,1.0,-1.0812894,0,0.53333336,0.10344828,0.09118541,0.2190022,,,,,,,,,,,,,,,,,,,,,,,,,
2017,REG,9,00-0028042,L.Stocker,TE,TE,TB,10354,5b712aed-201c-43dd-b978-b7b6ef91178e,9948.0,6256.0,963.0,lukestocker/2495234,14099.0,24891.0,7589.0,1125485.0,StocLu00,luke-stocker-1,7413.0,6552.0,,24891.0,334186.0,13370.0,334186.0,Luke Stocker,luke stocker,2,2,13.0,1,0.0,0.0,0.0,13.0,1.0,1.6708891,0,0.0,0.074074075,0.0,0.11111111,,,,,,,,,,,,,,,,,,,,,,,,,
2017,REG,9,00-0028903,G.Celek,TE,TE,SF,11007,16cc9ade-f9ad-4d32-b5b9-d7568ee80f58,11507.0,7274.0,1223.0,garrettcelek/2534820,15204.0,26253.0,,1975891.0,,,8516.0,7982.0,,26253.0,403184.0,14496.0,,Garrett Celek,garrett celek,1,4,13.0,0,0.0,0.0,23.0,10.0,1.0,-7.530585,0,0.5652174,0.078431375,0.054502368,0.15579872,,,,,,,,,,,,,,,,,,,,,,,,,
2017,REG,9,00-0031609,A.Derby,TE,TE,DEN,12351,f0805b80-e01c-46fd-99a6-dae1134fb764,14072.0,9635.0,2503.0,a.j.derby/2552580,3046413.0,28590.0,,2061203.0,DerbA.00,aj-derby-1,10484.0,10576.0,,28590.0,543797.0,16962.0,,A.J. Derby,aj derby,1,3,11.0,0,0.0,0.0,24.0,6.0,0.0,-1.5928872,0,0.45833334,0.08108108,0.08108108,0.17837837,,,,,,,,,,,,,,,,,,,,,,,,,
2017,REG,9,00-0029738,D.Fells,TE,TE,DET,11337,54d4e35a-2e6c-48f6-86ad-92dd596c173c,13636.0,8549.0,1592.0,darrenfells/2540928,15773.0,26612.0,,2053740.0,FellDa01,,9758.0,8472.0,,26612.0,266414.0,15247.0,266414.0,Darren Fells,darren fells,1,1,10.0,0,0.0,0.0,1.0,9.0,1.0,0.6706879,0,10.0,0.030303031,0.003533569,0.047928043,,,,,,,,,,,,,,,,,,,,,,,,,
2017,REG,9,00-0030089,L.Willson,TE,TE,SEA,11381,16c67c97-ffd9-4f92-917d-ad6124ce1f6e,11812.0,7940.0,1603.0,lukewillson/2541199,16121.0,26781.0,,2057661.0,WillLu00,luke-willson-1,8907.0,8567.0,,26781.0,466869.0,15263.0,466869.0,Luke Willson,luke willson,1,2,10.0,1,0.0,0.0,39.0,6.0,1.0,0.252971,0,0.25641027,0.048780486,0.07414449,0.12507187,,,,,,,,,,,,,,,,,,,,,,,,,
2017,REG,9,00-0024268,A.Fasano,TE,TE,MIA,8294,04eb8101-538f-44ac-ba09-ce30b5344fc2,9023.0,2998.0,51.0,anthonyfasano/2495835,9639.0,7802.0,3911.0,410446.0,FasaAn00,anthony-fasano-1,4755.0,3604.0,,7802.0,217412.0,1545.0,,Anthony Fasano,anthony fasano,2,2,9.0,0,0.0,0.0,3.0,6.0,0.0,0.060106147,0,3.0,0.048780486,0.013953488,0.08293817,,,,,,,,,,,,,,,,,,,,,,,,,
2017,REG,9,00-0031273,C.Brate,TE,TE,TB,12110,5afe93fd-0caf-4cca-83fc-7f405bebfa3e,13470.0,9207.0,2214.0,,17453.0,28267.0,,2132787.0,BratCa00,,10008.0,10193.0,,28267.0,552926.0,16593.0,552926.0,Cameron Brate,cameron brate,1,4,9.0,0,0.0,0.0,13.0,8.0,1.0,-1.8680629,0,0.6923077,0.14814815,0.05485232,0.26061884,,,,,,,,,,,,,,,,,,,,,,,,,
2017,REG,9,00-0030443,L.Toilolo,TE,TE,ATL,11252,67d56171-7522-430c-b7d9-8f7e2b6624d3,11694.0,7915.0,1642.0,levinetoilolo/2540203,15980.0,26756.0,,1685990.0,ToilLe00,levine-toilolo-1,8789.0,8414.0,,26756.0,503205.0,15378.0,503205.0,Levine Toilolo,levine toilolo,1,1,8.0,0,0.0,0.0,0.0,8.0,0.0,0.40547702,0,0.0,0.027027028,0.0,0.04054054,,,,,,,,,,,,,,,,,,,,,,,,,
2017,REG,9,00-0033110,T.Higbee,TE,TE,LA,12678,0df7912d-9e81-47ea-b4f7-d04986df4ee8,15623.0,10744.0,3271.0,,2573401.0,29344.0,,1853103.0,HigbTy00,tyler-higbee-1,10854.0,11430.0,159.0,29344.0,604176.0,18032.0,604176.0,Tyler Higbee,tyler higbee,1,2,8.0,1,0.0,0.0,22.0,0.0,1.0,1.3752582,0,0.36363637,0.09090909,0.09954751,0.2060469,,,,,,,,,,,,,,,,,,,,,,,,,
2017,REG,9,00-0031690,E.Tomlinson,TE,TE,NYJ,13065,b3d7169b-9cf6-4fea-815a-26e4fb0ec16a,14339.0,9786.0,2755.0,,2511973.0,28658.0,,1759992.0,TomlEr01,,10553.0,10747.0,,28658.0,554431.0,17223.0,554431.0,Eric Tomlinson,eric tomlinson,1,2,6.0,0,0.0,0.0,6.0,1.0,0.0,-0.73364675,0,1.0,0.1,0.04761905,0.18333334,,,,,,,,,,,,,,,,,,,,,,,,,
2017,REG,9,00-0031951,J.O'Shaughnessy,TE,TE,JAX,12330,e5c6b0d4-3e77-422b-a6d8-574a10ed385e,14146.0,9606.0,2476.0,,2508079.0,28561.0,,2174148.0,O'ShJa00,,10249.0,10549.0,,28561.0,552352.0,16933.0,552352.0,James O'Shaughnessy,james oshaughnessy,1,1,6.0,0,0.0,0.0,5.0,1.0,0.0,0.19493929,0,1.2,0.027027028,0.018115941,0.0532217,,,,,,,,,,,,,,,,,,,,,,,,,
2017,REG,9,00-0033879,O.Howard,TE,TE,TB,13188,93ed8c6f-b676-46d3-bf82-6155e89b4a68,16380.0,11774.0,4055.0,,3043080.0,30132.0,,2061190.0,HowaO.00,oj-howard-1,11806.0,12161.0,,30132.0,732147.0,18901.0,732147.0,O.J. Howard,oj howard,1,2,6.0,0,1.0,1.0,15.0,1.0,0.0,-4.9411035,0,0.4,0.074074075,0.06329114,0.15541491,,,,,,,,,,,,,,,,,,,,,,,,,
2017,REG,9,00-0022127,J.Witten,TE,TE,DAL,6997,e38c9b1b-7c51-48a2-ac1d-a752502e8930,9275.0,1384.0,23.0,jasonwitten/2505629,4527.0,6405.0,,396134.0,WittJa00,jason-witten-1,3086.0,1990.0,,6405.0,184571.0,722.0,,Jason Witten,jason witten,1,1,5.0,0,0.0,0.0,4.0,1.0,1.0,1.1085008,0,1.25,0.032258064,0.013793103,0.05804227,,,,,,,,,,,,,,,,,,,,,,,,,
2017,REG,9,00-0029119,D.Carrier,TE,TE,LA,10940,d3fab07b-f02a-433d-9612-cb0a751f324d,11417.0,7406.0,1718.0,derekcarrier/2534241,15403.0,26416.0,,1977121.0,CarrDe00,,9203.0,7527.0,,26416.0,654887.0,15640.0,654887.0,Derek Carrier,derek carrier,1,1,5.0,0,0.0,0.0,5.0,0.0,0.0,0.15237151,0,1.0,0.045454547,0.022624435,0.08401892,,,,,,,,,,,,,,,,,,,,,,,,,
2017,REG,9,00-0031384,R.Rodgers,TE,TE,GB,11785,e00b3426-238b-4bdb-85c3-bbf08b7469e3,12233.0,8733.0,2146.0,richardrodgers/2550313,16786.0,27626.0,,2129433.0,RodgRi00,richard-rodgers-1,9559.0,9547.0,,27626.0,607699.0,16491.0,607699.0,Richard Rodgers,richard rodgers,1,2,5.0,0,0.0,0.0,5.0,3.0,0.0,-1.2741885,0,1.0,0.05263158,0.021367522,0.09390464,,,,,,,,,,,,,,,,,,,,,,,,,
2017,REG,9,00-0032319,R.Travis,TE,TE,KC,12898,75dfd9cc-5419-49e1-bade-0632d03ca4b4,14613.0,10320.0,3041.0,,3936647.0,29208.0,,2195596.0,,,10837.0,11245.0,,29208.0,602069.0,17750.0,602069.0,Ross Travis,ross travis,1,2,3.0,0,0.0,0.0,24.0,2.0,0.0,-1.5162199,0,0.125,0.060606062,0.10300429,0.1630121,,,,,,,,,,,,,,,,,,,,,,,,,
2017,REG,9,00-0027675,E.Dickson,TE,TE,CAR,9912,46bb9a85-523c-4530-95c3-2c2a9737e65f,9706.0,5595.0,701.0,eddickson/497224,13272.0,24045.0,6604.0,565631.0,DickEd00,ed-dickson-1,6530.0,5840.0,,24045.0,296060.0,12153.0,,Ed Dickson,ed dickson,0,2,0.0,0,0.0,0.0,34.0,0.0,0.0,-1.9093004,0,0.0,0.08695652,0.18085106,0.25703052,,,,,,,,,,,,,,,,,,,,,,,,,
2017,REG,9,00-0029878,M.Gray,TE,TE,MIA,11434,fda00e5c-b7df-487a-9a24-5e4087c575e1,11865.0,8286.0,1636.0,marqueisgray/2540259,16323.0,27213.0,,1631039.0,,,8980.0,8679.0,,27213.0,464295.0,15371.0,,MarQueis Gray,marqueis gray,0,0,0.0,0,0.0,0.0,0.0,0.0,0.0,,0,,,,,,,,,,,,,,,,,,,,,,,,,,,,,
2017,REG,9,00-0030155,D.Harris,TE,TE,KC,11448,8506c15c-15cc-4d2c-aebf-270c605fe0ec,11881.0,8524.0,1619.0,demetriusharris/2541187,16318.0,27174.0,,2060074.0,HarrDe03,,9847.0,8683.0,,27174.0,602269.0,15305.0,602269.0,Demetrius Harris,demetrius harris,0,1,0.0,0,0.0,0.0,6.0,0.0,0.0,-0.79672486,0,0.0,0.030303031,0.025751073,0.063480295,,,,,,,,,,,,,,,,,,,,,,,,,
2017,REG,9,00-0032134,C.Uzomah,TE,TE,CIN,12317,19858900-5c8e-49a7-ab02-34ef625724ca,14084.0,9590.0,2460.0,c.j.uzomah/2552559,2574576.0,28545.0,,2174118.0,UzomC.00,cj-uzomah-1,10462.0,10534.0,,28545.0,593305.0,16917.0,593305.0,C.J. Uzomah,cj uzomah,0,1,0.0,0,0.0,0.0,0.0,0.0,0.0,-0.5293587,0,,0.05882353,0.0,0.0882353,,,,,,,,,,,,,,,,,,,,,,,,,
2017,REG,9,00-0032227,J.Heuerman,TE,TE,DEN,12208,1fe3aadd-336b-4838-888e-8c9609747afc,13961.0,9525.0,2397.0,jeffheuerman/2552399,2576389.0,28480.0,,1824413.0,HeueJe00,jeff-heuerman-1,10246.0,10492.0,,28480.0,593517.0,16853.0,,Jeff Heuerman,jeff heuerman,0,1,0.0,0,0.0,0.0,2.0,0.0,0.0,-0.5312457,0,0.0,0.027027028,0.006756757,0.04527027,,,,,,,,,,,,,,,,,,,,,,,,,
2017,REG,9,00-0033528,J.Sprinkle,TE,TE,WAS,13194,2dcc8e56-ac32-4774-a011-b1e65ca73786,16461.0,11909.0,4221.0,,2980073.0,30267.0,,1999945.0,SpriJe00,jeremy-sprinkle-1,11899.0,12368.0,,30267.0,693833.0,19067.0,693833.0,Jeremy Sprinkle,jeremy sprinkle,0,1,0.0,0,0.0,0.0,10.0,0.0,0.0,-0.78502285,0,0.0,0.033333335,0.03984064,0.077888444,,,,,,,,,,,,,,,,,,,,,,,,,
2017,REG,9,00-0033858,J.Smith,TE,TE,TEN,13193,e4f25a37-74de-4bfb-b6c9-f50a4fab0b87,16460.0,11855.0,4144.0,,3054212.0,30213.0,,2081506.0,SmitJo01,jonnu-smith-1,11807.0,12344.0,84.0,30213.0,743749.0,18990.0,743749.0,Jonnu Smith,jonnu smith,0,1,0.0,0,0.0,0.0,11.0,0.0,0.0,-0.72762585,0,0.0,0.035714287,0.039285716,0.08107143,,,,,,,,,,,,,,,,,,,,,,,,,
2017,REG,10,00-0032055,D.Funchess,TE,TE,CAR,12205,7f5f2a81-ac40-420c-9421-5b9e2a21faf8,13915.0,9474.0,2346.0,,2977609.0,28429.0,,2001877.0,FuncDe00,devin-funchess-1,10138.0,10391.0,,28429.0,696127.0,16802.0,696127.0,Devin Funchess,devin funchess,5,6,92.0,2,0.0,0.0,55.0,47.0,5.0,12.087943,0,1.6727272,0.17142858,0.2059925,0.40133762,,,,,,,,,,,,,,,,,,,,,,,,,
2017,REG,10,00-0024221,V.Davis,TE,TE,WAS,8247,0a95e792-6455-4927-9539-f95fa7f41fbb,9621.0,2951.0,200.0,vernondavis/2495826,9592.0,7755.0,,409254.0,DaviVe00,vernon-davis-1,4732.0,3638.0,,7755.0,215595.0,5084.0,,Vernon Davis,vernon davis,7,11,76.0,0,0.0,0.0,52.0,49.0,5.0,4.671145,0,1.4615384,0.24444444,0.14647888,0.4692019,Vernon Davis,WAS,6.719999999999999,4.890909838753439,6.337272727272728,18.79482340253438,63.63636363636363,76.0,0.0,6.324285714285714,6.855745705893794,-0.53145999160808,00-0024221,Vernon,Davis,V.Davis,,,,,,,,,
2017,REG,10,00-0027656,R.Gronkowski,TE,TE,NE,9902,2142a164-48ad-47d6-bb27-0bc58c6b2e62,9721.0,5567.0,515.0,robgronkowski/497240,13229.0,24017.0,,1244303.0,GronRo00,rob-gronkowski-1,6443.0,5729.0,,24017.0,381091.0,10974.0,381091.0,Rob Gronkowski,rob gronkowski,4,7,74.0,0,0.0,0.0,91.0,28.0,4.0,3.3355877,0,0.8131868,0.1891892,0.29449838,0.48993266,Rob Gronkowski,NE,3.9820000000000007,1.9977711998284862,12.812857142857142,28.698963266350958,57.14285714285714,74.0,0.0,7.53,5.813543019010069,1.716456980989931,00-0027656,Robert,Gronkowski,R.Gronkowski,,,,,,,,,
2017,REG,10,00-0033080,S.DeValve,TE,TE,CLE,12792,a2451bf7-83dd-496c-b527-c14d8d518598,15671.0,10772.0,3296.0,,2566659.0,29372.0,,1984760.0,DevaSe00,,11221.0,11444.0,,29372.0,623676.0,18057.0,,Seth DeValve,seth devalve,4,6,70.0,0,1.0,1.0,67.0,25.0,3.0,-0.07015179,0,1.0447761,0.15384616,0.16421568,0.3457202,Seth DeValve,CLE,9.095,4.161016117021376,10.841666666666669,15.220646731246202,66.66666666666666,70.0,0.0,6.872500000000003,8.099259884096796,-1.2267598840967926,00-0033080,Seth,DeValve,S.DeValve,,,,,,,,,
2017,REG,10,00-0028903,G.Celek,TE,TE,SF,11007,16cc9ade-f9ad-4d32-b5b9-d7568ee80f58,11507.0,7274.0,1223.0,garrettcelek/2534820,15204.0,26253.0,,1975891.0,,,8516.0,7982.0,,26253.0,403184.0,14496.0,,Garrett Celek,garrett celek,4,6,67.0,1,0.0,0.0,47.0,39.0,3.0,4.8479753,0,1.4255319,0.24,0.24226804,0.5295876,Garrett Celek,SF,6.28,4.009345334881022,7.613333333333334,24.55649930115042,66.66666666666666,67.0,1.0,10.4925,4.607368582591562,5.885131417408438,00-0028903,Garrett,Celek,G.Celek,,,,,,,,,
2017,REG,10,00-0031418,A.Seferian-Jenkins,TE,TE,NYJ,11697,e78261de-af00-4530-824c-500addbe9f98,12145.0,8673.0,2222.0,austinseferian-jenkins/2543683,16795.0,27566.0,,1824731.0,SefeAu00,austin-seferian-jenkins-1,9241.0,9400.0,,27566.0,593347.0,16608.0,,Austin Seferian-Jenkins,austin seferian-jenkins,6,9,67.0,0,0.0,0.0,81.0,8.0,3.0,2.8293917,0,0.8271605,0.23076923,0.2148541,0.49655172,Austin Seferian-Jenkins,NYJ,3.742,2.8432343909273956,8.385555555555555,20.359329898297766,66.66666666666666,67.0,0.0,2.248333333333335,3.365853425801182,-1.117520092467847,00-0031418,Austin,Seferian-Jenkins,A.Seferian-Jenkins,,,,,,,,,
2017,REG,10,00-0027873,J.Gresham,TE,TE,ARI,9838,b44773b9-af17-4d6c-a453-132e20849712,9685.0,5546.0,530.0,jermainegresham/497238,13228.0,23996.0,,1123667.0,GresJe00,jermaine-gresham-1,6455.0,5549.0,,23996.0,333278.0,11026.0,,Jermaine Gresham,jermaine gresham,5,7,64.0,1,0.0,0.0,50.0,37.0,4.0,5.0279007,0,1.28,0.14893617,0.0907441,0.28692514,Jermaine Gresham,ARI,6.425,2.7025875061199467,6.981428571428571,9.207898405999169,71.42857142857143,64.0,1.0,7.5040000000000004,6.020481351744275,1.4835186482557257,00-0027873,Jermaine,Gresham,J.Gresham,,,,,,,,,
2017,REG,10,00-0024389,De.Walker,TE,TE,TEN,8416,ccce5e8e-52ca-4f0f-a40f-fe5e7227d156,9172.0,3120.0,284.0,delaniewalker/2495966,9761.0,7924.0,4353.0,1109396.0,WalkHu00,,4888.0,3976.0,,7924.0,218943.0,7175.0,,Delanie Walker,delanie walker,6,9,63.0,0,0.0,0.0,91.0,19.0,3.0,1.394278,0,0.6923077,0.20454545,0.22921914,0.4672716,Delanie Walker,TEN,6.4725,2.783381178822434,9.81111111111111,24.036367595818813,66.66666666666666,63.0,0.0,3.5316666666666676,3.732047099978424,-0.20038043331175626,00-0024389,Delanie,Walker,D.Walker,,,,,,,,,
2017,REG,10,00-0022127,J.Witten,TE,TE,DAL,6997,e38c9b1b-7c51-48a2-ac1d-a752502e8930,9275.0,1384.0,23.0,jasonwitten/2505629,4527.0,6405.0,,396134.0,WittJa00,jason-witten-1,3086.0,1990.0,,6405.0,184571.0,722.0,,Jason Witten,jason witten,7,7,59.0,0,0.0,0.0,49.0,10.0,3.0,4.113372,0,1.2040817,0.23333333,0.18148148,0.47703704,Jason Witten,DAL,5.195,2.6224614360157377,6.82857142857143,18.571040055946234,100.0,59.0,0.0,1.5999999999999979,1.8321863820661288,-0.23218638206613096,00-0022127,Christopher,Witten,J.Witten,,,,,,,,,
2017,REG,10,00-0032392,A.Hooper,TE,TE,ATL,12677,90c2a93f-d837-4e1b-b57c-56648903a8db,15581.0,10715.0,3202.0,,3043275.0,29315.0,,2067004.0,HoopAu00,austin-hooper-1,10748.0,11301.0,384.0,29315.0,739424.0,17963.0,739424.0,Austin Hooper,austin hooper,6,6,49.0,1,0.0,0.0,20.0,29.0,3.0,3.7506514,0,2.45,0.21428572,0.0921659,0.3859447,Austin Hooper,ATL,8.506666666666666,5.514551568672284,2.2449999999999997,5.798037190082643,100.0,49.0,1.0,5.921666666666667,4.235761818996859,1.685904847669808,00-0032392,Austin,Hooper,A.Hooper,,,,,,,,,
2017,REG,10,00-0031387,E.Ebron,TE,TE,DET,11695,9fbcfae9-dd14-415c-8952-9b1b5dff0dfc,12143.0,8645.0,2118.0,ericebron/2543466,16732.0,27538.0,,1865396.0,EbroEr00,eric-ebron-1,9210.0,9390.0,,27538.0,605752.0,16451.0,605752.0,Eric Ebron,eric ebron,2,3,39.0,1,0.0,0.0,29.0,13.0,1.0,3.4005527,0,1.3448275,0.12,0.19333333,0.31533334,,,,,,,,,,,,,,,,,,,,,,,,,
2017,REG,10,00-0033896,A.Shaheen,TE,TE,CHI,13254,87171077-4c1c-4b67-b159-2cc6242988e0,16457.0,11800.0,4085.0,,4198676.0,30158.0,,2818105.0,ShahAd00,,11898.0,12283.0,,30158.0,1049770.0,18931.0,1049770.0,Adam Shaheen,adam shaheen,2,2,39.0,0,0.0,0.0,6.0,33.0,1.0,1.5853224,0,6.5,0.057142857,0.018126888,0.09840311,,,,,,,,,,,,,,,,,,,,,,,,,
2017,REG,10,00-0026201,M.Bennett,TE,TE,NE,9044,0ca741f8-58bd-4933-9d5c-0e04de3f4cff,9429.0,4375.0,40.0,martellusbennett/1062,11295.0,8838.0,,564954.0,BennMa00,martellus-bennett-1,5709.0,4639.0,,8838.0,302238.0,1181.0,,Martellus Bennett,martellus bennett,3,3,38.0,0,0.0,0.0,5.0,33.0,1.0,2.0849195,0,7.6,0.08108108,0.01618123,0.13294849,,,,,,,,,,,,,,,,,,,,,,,,,
2017,REG,10,00-0027981,K.Rudolph,TE,TE,MIN,10312,1059e9dc-97df-4643-9116-883a0573d8b1,9906.0,6195.0,943.0,kylerudolph/2495438,14054.0,24830.0,7444.0,1633122.0,RudoKy00,kyle-rudolph-1,7246.0,6459.0,,24830.0,469472.0,13275.0,469472.0,Kyle Rudolph,kyle rudolph,5,7,37.0,0,0.0,0.0,37.0,21.0,2.0,-7.303502,0,1.0,0.2413793,0.16228071,0.47566545,Kyle Rudolph,MIN,3.49,3.359015442110046,5.554285714285713,16.258938652615733,71.42857142857143,37.0,0.0,4.087999999999999,5.3097022790081665,-1.2217022790081673,00-0027981,Kyle,Rudolph,K.Rudolph,,,,,,,,,
2017,REG,10,00-0027675,E.Dickson,TE,TE,CAR,9912,46bb9a85-523c-4530-95c3-2c2a9737e65f,9706.0,5595.0,701.0,eddickson/497224,13272.0,24045.0,6604.0,565631.0,DickEd00,ed-dickson-1,6530.0,5840.0,,24045.0,296060.0,12153.0,,Ed Dickson,ed dickson,3,5,33.0,1,0.0,0.0,48.0,2.0,2.0,3.2766294,0,0.6875,0.14285715,0.17977528,0.34012842,Ed Dickson,CAR,6.264,5.3439755275944405,9.098000000000003,19.227355340462406,60.0,33.0,1.0,2.0166666666666657,2.3804068839010237,-0.363740217234358,00-0027675,Edward,Dickson,E.Dickson,,,,,,,,,
2017,REG,10,00-0033881,E.Engram,TE,TE,NYG,13189,e21365af-8d66-416e-b0a5-8816d18fcfd9,16411.0,11778.0,4066.0,,3051876.0,30136.0,,2079887.0,EngrEv00,evan-engram-1,11805.0,12205.0,229.0,30136.0,749185.0,18912.0,749185.0,Evan Engram,evan engram,6,9,31.0,1,0.0,0.0,88.0,11.0,1.0,-0.9563512,0,0.35227272,0.24324325,0.26911315,0.55324405,Evan Engram,NYG,3.7824999999999993,2.2479406027300968,9.474444444444444,28.050264811342473,66.66666666666666,31.0,1.0,1.8500000000000003,1.3346434730264416,0.5153565269735587,00-0033881,Evan,Engram,E.Engram,,,,,,,,,
2017,REG,10,00-0032725,S.Anderson,TE,TE,HOU,12859,5cb0bf9c-03b4-4201-97c5-a59c6db50841,15760.0,11160.0,3496.0,,2576854.0,29789.0,,1880821.0,AndeSt01,,10885.0,11556.0,,29789.0,607660.0,18262.0,607660.0,Stephen Anderson,stephen anderson,2,3,30.0,0,0.0,0.0,32.0,9.0,2.0,2.2716212,0,0.9375,0.08571429,0.09195402,0.19293925,,,,,,,,,,,,,,,,,,,,,,,,,
2017,REG,10,00-0024243,M.Lewis,TE,TE,JAX,8269,9c21e9af-681c-41ef-9b00-fbc9e1668ed1,9413.0,2973.0,111.0,marcedeslewis/2495888,9614.0,7777.0,4007.0,415313.0,LewiMa00,marcedes-lewis-1,4891.0,3615.0,,7777.0,214197.0,3061.0,214197.0,Marcedes Lewis,marcedes lewis,2,5,29.0,0,0.0,0.0,58.0,12.0,1.0,0.36420584,0,0.5,0.09803922,0.11788618,0.22957915,Marcedes Lewis,JAX,3.4033333333333338,2.3479629233122843,11.196000000000002,11.868970635004773,40.0,29.0,0.0,5.859999999999999,4.391934308870987,1.4680656911290129,00-0024243,Marcedes,Lewis,M.Lewis,,,,,,,,,
2017,REG,10,00-0027696,J.Graham,TE,TE,SEA,9925,fd85786d-3900-4dc0-9b30-334ee30413ed,9712.0,5619.0,616.0,jimmygraham/497236,13232.0,24070.0,6610.0,1691166.0,GrahJi00,jimmy-graham-1,6532.0,5842.0,,24070.0,295918.0,11488.0,295918.0,Jimmy Graham,jimmy graham,6,9,27.0,2,0.0,0.0,62.0,4.0,2.0,3.1070979,0,0.43548387,0.3,0.23846154,0.6169231,Jimmy Graham,SEA,6.625,2.202345809070291,6.787777777777778,24.305721333651633,66.66666666666666,27.0,2.0,1.0799999999999994,1.120010448943982,-0.040010448943982535,00-0027696,Jimmy,Graham,J.Graham,,,,,,,,,
2017,REG,10,00-0032098,D.Brown,TE,TE,CHI,12585,1b016b52-62ba-4da9-9ead-6bad689f8d33,14470.0,10144.0,2751.0,,2519013.0,29102.0,,2175305.0,BrowDa04,,10713.0,11092.0,,29102.0,561380.0,17219.0,561380.0,Daniel Brown,daniel brown,2,3,23.0,0,0.0,0.0,28.0,0.0,2.0,1.9884402,0,0.8214286,0.08571429,0.08459215,0.18778592,,,,,,,,,,,,,,,,,,,,,,,,,
2017,REG,10,00-0032394,N.Vannett,TE,TE,SEA,12680,c731aa8a-778b-4ccd-a19f-517eb66f47b7,15645.0,10728.0,3258.0,,2576399.0,29328.0,,1871322.0,VannNi00,nick-vannett-1,10949.0,11329.0,,29328.0,606488.0,18019.0,606488.0,Nick Vannett,nick vannett,2,2,22.0,0,0.0,0.0,18.0,4.0,1.0,1.3152971,0,1.2222222,0.06666667,0.06923077,0.14846154,,,,,,,,,,,,,,,,,,,,,,,,,
2017,REG,10,00-0033110,T.Higbee,TE,TE,LA,12678,0df7912d-9e81-47ea-b4f7-d04986df4ee8,15623.0,10744.0,3271.0,,2573401.0,29344.0,,1853103.0,HigbTy00,tyler-higbee-1,10854.0,11430.0,159.0,29344.0,604176.0,18032.0,604176.0,Tyler Higbee,tyler higbee,2,4,22.0,0,0.0,0.0,28.0,2.0,1.0,0.15056323,0,0.78571427,0.11111111,0.11155379,0.24475431,,,,,,,,,,,,,,,,,,,,,,,,,
2017,REG,10,00-0033858,J.Smith,TE,TE,TEN,13193,e4f25a37-74de-4bfb-b6c9-f50a4fab0b87,16460.0,11855.0,4144.0,,3054212.0,30213.0,,2081506.0,SmitJo01,jonnu-smith-1,11807.0,12344.0,84.0,30213.0,743749.0,18990.0,743749.0,Jonnu Smith,jonnu smith,2,5,20.0,0,0.0,0.0,30.0,15.0,1.0,-0.31464744,0,0.6666667,0.11363637,0.075566754,0.22335127,Jonnu Smith,TEN,5.57,2.341926040488837,4.496000000000001,6.1193379790940785,40.0,20.0,0.0,8.184999999999995,9.069497345992204,-0.8844973459922087,00-0033858,Jonnu,Smith,J.Smith,,,,,,,,,
2017,REG,10,00-0030470,V.McDonald,TE,TE,PIT,11257,8f24a248-b328-43ec-8677-67600e42a8f7,11699.0,7836.0,1587.0,vancemcdonald/2540215,15853.0,26678.0,,1673357.0,McDoVa00,vance-mcdonald-1,8785.0,8413.0,,26678.0,494969.0,15239.0,,Vance McDonald,vance mcdonald,2,2,16.0,1,0.0,0.0,9.0,7.0,1.0,3.335637,0,1.7777778,0.06666667,0.0375,0.12625,,,,,,,,,,,,,,,,,,,,,,,,,
2017,REG,10,00-0031299,J.Matthews,TE,TE,BUF,11676,7b96a836-666b-47b6-a0a7-9dbb0b4c53e8,12124.0,8677.0,1800.0,jordanmatthews/2543500,16763.0,27570.0,,1759816.0,MattJo00,jordan-matthews-1,9273.0,9420.0,,27570.0,555648.0,15974.0,555648.0,Jordan Matthews,jordan matthews,1,2,14.0,0,0.0,0.0,13.0,7.0,1.0,0.8504137,0,1.0769231,0.074074075,0.0513834,0.1470795,,,,,,,,,,,,,,,,,,,,,,,,,
2017,REG,10,00-0028112,C.Clay,TE,TE,BUF,10409,04ca4fb9-194e-47fe-8fc8-adb5790a8e78,10003.0,6326.0,801.0,charlesclay/2495139,14145.0,24961.0,,1265552.0,ClayCh00,charles-clay-1,7424.0,6681.0,,24961.0,400516.0,12751.0,,Charles Clay,charles clay,2,3,13.0,0,0.0,0.0,15.0,5.0,1.0,-5.2159734,0,0.8666667,0.11111111,0.05928854,0.20816864,,,,,,,,,,,,,,,,,,,,,,,,,
2017,REG,10,00-0029689,D.Allen,TE,TE,NE,10742,cc745cc3-d52a-454b-98c8-ac9155a9405c,11219.0,7066.0,1105.0,dwayneallen/2533046,14901.0,25774.0,8485.0,1630216.0,AlleDw00,dwayne-allen-1,8041.0,7452.0,,25774.0,463515.0,13987.0,,Dwayne Allen,dwayne allen,1,2,11.0,1,0.0,0.0,12.0,0.0,1.0,2.4746015,0,0.9166667,0.054054055,0.03883495,0.10826555,,,,,,,,,,,,,,,,,,,,,,,,,
2017,REG,10,00-0030443,L.Toilolo,TE,TE,ATL,11252,67d56171-7522-430c-b7d9-8f7e2b6624d3,11694.0,7915.0,1642.0,levinetoilolo/2540203,15980.0,26756.0,,1685990.0,ToilLe00,levine-toilolo-1,8789.0,8414.0,,26756.0,503205.0,15378.0,503205.0,Levine Toilolo,levine toilolo,1,1,10.0,0,0.0,0.0,5.0,5.0,1.0,1.0385067,0,2.0,0.035714287,0.023041476,0.06970046,,,,,,,,,,,,,,,,,,,,,,,,,
2017,REG,10,00-0031273,C.Brate,TE,TE,TB,12110,5afe93fd-0caf-4cca-83fc-7f405bebfa3e,13470.0,9207.0,2214.0,,17453.0,28267.0,,2132787.0,BratCa00,,10008.0,10193.0,,28267.0,552926.0,16593.0,552926.0,Cameron Brate,cameron brate,1,3,10.0,0,0.0,0.0,13.0,0.0,1.0,-0.26234746,0,0.7692308,0.0882353,0.036723163,0.15805915,,,,,,,,,,,,,,,,,,,,,,,,,
2017,REG,10,00-0031302,C.Fiedorowicz,TE,TE,HOU,11698,048ff76e-1243-4e80-bfec-7b6dee148132,12146.0,8700.0,1951.0,c.j.fiedorowicz/2543721,16766.0,27593.0,,1737104.0,FiedC.00,cj-fiedorowicz-1,9269.0,9613.0,,27593.0,553670.0,16200.0,,C.J. Fiedorowicz,cj fiedorowicz,2,5,10.0,0,0.0,0.0,33.0,2.0,0.0,-6.4709973,0,0.3030303,0.14285715,0.094827585,0.280665,C.J. Fiedorowicz,HOU,4.822500000000001,2.0227861091963812,7.322,10.289199291756834,40.0,10.0,0.0,0.7650000000000006,1.4641848932877792,-0.6991848932877787,00-0031302,Colton,Fiedorowicz,C.Fiedorowicz,,,,,,,,,
2017,REG,10,00-0027985,L.Kendricks,TE,TE,GB,10318,27921351-a775-4649-bd49-7b4c486d1ba2,9912.0,6199.0,964.0,lancekendricks/2495187,14007.0,24834.0,7425.0,1117803.0,KendLa00,lance-kendricks-1,7412.0,6614.0,,24834.0,332066.0,13386.0,,Lance Kendricks,lance kendricks,1,2,9.0,0,0.0,0.0,12.0,9.0,1.0,0.19495666,0,0.75,0.083333336,0.08053691,0.18137585,,,,,,,,,,,,,,,,,,,,,,,,,
2017,REG,10,00-0030181,J.Doyle,TE,TE,IND,11516,bd413539-9351-454e-9d61-4e8635d7e9f5,11987.0,8520.0,1706.0,jackdoyle/2540232,16504.0,27299.0,,2041264.0,DoylJa00,,9081.0,9075.0,,27299.0,477386.0,15602.0,477386.0,Jack Doyle,jack doyle,2,5,9.0,0,0.0,0.0,7.0,9.0,0.0,-7.9022627,0,1.2857143,0.2173913,0.039772727,0.35392785,Jack Doyle,IND,8.25,3.608015153923124,0.7539999999999992,2.0521474062380904,40.0,9.0,0.0,4.434999999999999,9.445377141824792,-5.010377141824794,00-0030181,John,Doyle,J.Doyle,,,,,,,,,
2017,REG,10,00-0028067,J.Thomas,TE,TE,MIA,10372,87f6826a-f35a-4b49-9673-da54ccb9becd,9966.0,6281.0,874.0,juliusthomas/2495353,14204.0,24916.0,,1755056.0,ThomJu00,,7415.0,6598.0,,24916.0,550870.0,13027.0,,Julius Thomas,julius thomas,2,5,8.0,1,0.0,0.0,71.0,11.0,1.0,-5.2164226,0,0.112676054,0.13513513,0.21712539,0.35469046,Julius Thomas,MIA,5.401999999999999,3.132076390648133,14.008000000000001,22.366992399565692,40.0,8.0,1.0,5.39,4.959974932135083,0.4300250678649169,00-0028067,Julius,Thomas,J.Thomas,,,,,,,,,
2017,REG,10,00-0031384,R.Rodgers,TE,TE,GB,11785,e00b3426-238b-4bdb-85c3-bbf08b7469e3,12233.0,8733.0,2146.0,richardrodgers/2550313,16786.0,27626.0,,2129433.0,RodgRi00,richard-rodgers-1,9559.0,9547.0,,27626.0,607699.0,16491.0,607699.0,Richard Rodgers,richard rodgers,1,1,8.0,0,0.0,0.0,5.0,3.0,0.0,0.4146054,0,1.6,0.041666668,0.033557046,0.08598993,,,,,,,,,,,,,,,,,,,,,,,,,
2017,REG,10,00-0032117,N.O'Leary,TE,TE,BUF,12207,c257b2e6-dfc9-45c8-b30c-a497f2ce82a2,13957.0,9627.0,2495.0,,2576804.0,28582.0,,1860760.0,OLeaNi00,nick-oleary-1,10250.0,10568.0,,28582.0,605423.0,16954.0,,Nick O'Leary,nick oleary,1,2,7.0,1,0.0,0.0,13.0,0.0,1.0,1.2854416,0,0.53846157,0.074074075,0.0513834,0.1470795,,,,,,,,,,,,,,,,,,,,,,,,,
2017,REG,10,00-0033090,H.Henry,TE,TE,LAC,12676,705899da-3c20-4bc3-b5d0-2e6e40655131,15561.0,10669.0,3214.0,,3046439.0,29269.0,,2079848.0,HenrHu00,hunter-henry-1,10735.0,11299.0,212.0,29269.0,744425.0,17975.0,744425.0,Hunter Henry,hunter henry,1,2,7.0,0,0.0,0.0,27.0,3.0,0.0,-0.12825073,0,0.25925925,0.055555556,0.07988165,0.13925049,,,,,,,,,,,,,,,,,,,,,,,,,
2017,REG,10,00-0027732,M.Hoomanawanui,TE,TE,NO,9946,add7a245-2444-491f-bdfb-b1b0d76f6a28,9740.0,5655.0,622.0,michaelhoomanawanui/497246,13387.0,24108.0,,1115114.0,HoomMi00,michael-hoomanawanui-1,6535.0,5909.0,,24108.0,333398.0,11535.0,,Michael Hoomanawanui,michael hoomanawanui,1,1,4.0,0,0.0,0.0,0.0,4.0,0.0,-0.054488514,0,0.0,0.04347826,0.0,0.06521739,,,,,,,,,,,,,,,,,,,,,,,,,
2017,REG,10,00-0032214,T.Kroft,TE,TE,CIN,12212,36f54823-9d51-4180-9c91-d10281deb4bf,13960.0,9518.0,2390.0,tylerkroft/2552586,2582410.0,28473.0,,1824200.0,KrofTy00,tyler-kroft-1,10247.0,10490.0,,28473.0,592268.0,16846.0,592268.0,Tyler Kroft,tyler kroft,1,6,4.0,0,0.0,0.0,89.0,3.0,0.0,-4.005158,0,0.04494382,0.1764706,0.26646706,0.45123282,Tyler Kroft,CIN,5.45,1.949884349468887,14.091666666666669,29.047995327584434,16.666666666666664,4.0,0.0,4.340000000000003,7.615460182310926,-3.2754601823109226,00-0032214,Tyler,Kroft,T.Kroft,,,,,,,,,
2017,REG,10,00-0032227,J.Heuerman,TE,TE,DEN,12208,1fe3aadd-336b-4838-888e-8c9609747afc,13961.0,9525.0,2397.0,jeffheuerman/2552399,2576389.0,28480.0,,1824413.0,HeueJe00,jeff-heuerman-1,10246.0,10492.0,,28480.0,593517.0,16853.0,,Jeff Heuerman,jeff heuerman,1,3,4.0,0,0.0,0.0,19.0,3.0,0.0,-7.6823363,0,0.21052632,0.09375,0.07279693,0.19158286,,,,,,,,,,,,,,,,,,,,,,,,,
2017,REG,10,00-0021547,A.Gates,TE,TE,LAC,7236,82da09c2-e542-4f7d-87d9-24dfd8e014de,9027.0,1609.0,322.0,antoniogates/2505299,5362.0,6663.0,,396811.0,,,3172.0,611.0,,6663.0,234249.0,7884.0,,Antonio Gates,antonio gates,1,2,3.0,0,0.0,0.0,7.0,0.0,0.0,-0.83820415,0,0.42857143,0.055555556,0.020710059,0.09783038,,,,,,,,,,,,,,,,,,,,,,,,,
2017,REG,10,00-0033885,D.Njoku,TE,TE,CLE,13192,8f86fcea-90e8-49ea-bc78-5c7659313e57,16399.0,11784.0,4033.0,,3123076.0,30142.0,,2136474.0,NjokDa00,david-njoku-1,11734.0,12186.0,252.0,30142.0,832098.0,18876.0,832098.0,David Njoku,david njoku,1,6,3.0,0,0.0,0.0,84.0,0.0,0.0,-4.168832,0,0.035714287,0.15384616,0.20588236,0.37488687,David Njoku,CLE,4.245,1.0948377517350536,16.583333333333332,23.28138892788619,16.666666666666664,3.0,0.0,0.28000000000000114,0.3961397166549432,-0.11613971665494205,00-0033885,David,Njoku,D.Njoku,,,,,,,,,
2017,REG,10,00-0031609,A.Derby,TE,TE,DEN,12351,f0805b80-e01c-46fd-99a6-dae1134fb764,14072.0,9635.0,2503.0,a.j.derby/2552580,3046413.0,28590.0,,2061203.0,DerbA.00,aj-derby-1,10484.0,10576.0,,28590.0,543797.0,16962.0,,A.J. Derby,aj derby,1,1,2.0,0,0.0,0.0,1.0,1.0,0.0,-0.623677,0,2.0,0.03125,0.0038314175,0.049556993,,,,,,,,,,,,,,,,,,,,,,,,,
2017,REG,10,00-0032430,D.Morgan,TE,TE,MIN,12816,4bff1c89-f4d1-4699-8c85-69bbbbaec5a2,15857.0,10822.0,3344.0,,2582138.0,29422.0,,1907784.0,MorgDa01,david-morgan-1,11139.0,11477.0,,29422.0,612030.0,18105.0,,David Morgan,david morgan,1,1,1.0,1,0.0,0.0,1.0,0.0,1.0,1.280038,0,1.0,0.03448276,0.004385965,0.05479431,,,,,,,,,,,,,,,,,,,,,,,,,
2017,REG,10,00-0029697,C.Fleener,TE,TE,NO,10743,9102665d-a658-4264-81c3-b9810776ddf0,11220.0,7038.0,1107.0,cobyfleener/2532838,14900.0,25744.0,,1244492.0,FleeCo00,coby-fleener-1,8064.0,7418.0,,25744.0,399848.0,13997.0,,Coby Fleener,coby fleener,0,1,0.0,0,0.0,0.0,4.0,0.0,0.0,-0.6532918,0,0.0,0.04347826,0.04,0.09321739,,,,,,,,,,,,,,,,,,,,,,,,,
2017,REG,10,00-0029738,D.Fells,TE,TE,DET,11337,54d4e35a-2e6c-48f6-86ad-92dd596c173c,13636.0,8549.0,1592.0,darrenfells/2540928,15773.0,26612.0,,2053740.0,FellDa01,,9758.0,8472.0,,26612.0,266414.0,15247.0,266414.0,Darren Fells,darren fells,0,1,0.0,0,0.0,0.0,-2.0,0.0,0.0,-0.6771363,0,0.0,0.04,-0.013333334,0.050666668,,,,,,,,,,,,,,,,,,,,,,,,,
2017,REG,10,00-0031044,T.Niklas,TE,TE,ARI,11703,2b159c76-53d6-4670-b341-392bc7d6d5f2,12151.0,8687.0,2245.0,troyniklas/2543628,16797.0,27580.0,,1893206.0,NiklTr00,troy-niklas-1,9292.0,9319.0,,27580.0,610949.0,16648.0,,Troy Niklas,troy niklas,0,2,0.0,0,0.0,0.0,25.0,0.0,0.0,-2.3561804,0,0.0,0.04255319,0.04537205,0.09559023,,,,,,,,,,,,,,,,,,,,,,,,,
2017,REG,10,00-0032120,N.Sterling,TE,TE,NYJ,12363,5e3b63cd-db76-48a8-82dd-7ccc8222f6ae,14116.0,9653.0,2519.0,nealsterling/2553451,2513770.0,28608.0,,2174212.0,SterNe00,,10493.0,10593.0,,28608.0,554911.0,16979.0,,Neal Sterling,neal sterling,0,1,0.0,0,0.0,0.0,13.0,0.0,0.0,-0.509847,0,0.0,0.025641026,0.03448276,0.06259947,,,,,,,,,,,,,,,,,,,,,,,,,
2017,REG,10,00-0032135,J.James,TE,TE,PIT,12211,a37a5bfd-b48c-4d8b-817a-d8ce7ca3592d,13959.0,9593.0,2463.0,jessejames/2552633,2979590.0,28548.0,,1983808.0,JameJe00,jesse-james-1,10150.0,10403.0,,28548.0,652019.0,16920.0,652019.0,Jesse James,jesse james,0,2,0.0,0,0.0,0.0,15.0,0.0,0.0,-2.7502668,0,0.0,0.06666667,0.0625,0.14375,,,,,,,,,,,,,,,,,,,,,,,,,
2017,REG,10,00-0032139,B.Koyack,TE,TE,JAX,12209,666e3121-3daa-4413-b1ec-8e728f7cc645,13958.0,9662.0,2528.0,benkoyack/2552396,2579846.0,28617.0,,1893200.0,KoyaBe00,ben-koyack-1,10254.0,10601.0,,28617.0,610943.0,16988.0,,Ben Koyack,ben koyack,0,1,0.0,0,0.0,0.0,5.0,0.0,0.0,-0.4682072,0,0.0,0.019607844,0.010162601,0.036525585,,,,,,,,,,,,,,,,,,,,,,,,,
2017,REG,10,00-0033258,D.Daniels,TE,TE,IND,13396,7574eb56-a34a-419e-9682-c4788cfe2019,16582.0,12122.0,4323.0,,3052166.0,30523.0,,2079698.0,DaniDa02,,11890.0,12453.0,,30523.0,747895.0,19176.0,747895.0,Darrell Daniels,darrell daniels,0,2,0.0,0,0.0,0.0,6.0,0.0,0.0,-0.87344724,0,0.0,0.08695652,0.03409091,0.15429842,,,,,,,,,,,,,,,,,,,,,,,,,
2017,REG,10,00-0033895,G.Everett,TE,TE,LA,13236,ebeceb00-57e0-4b74-9cf7-853da2afed18,16459.0,11799.0,4089.0,,3918639.0,30157.0,,2142692.0,EverGe00,gerald-everett-1,11737.0,12284.0,55.0,30157.0,838487.0,18935.0,838487.0,Gerald Everett,gerald everett,0,2,0.0,0,0.0,0.0,15.0,0.0,0.0,-1.6246462,0,0.0,0.055555556,0.059760958,0.125166,,,,,,,,,,,,,,,,,,,,,,,,,
2017,REG,10,00-0030216,J.Hill,TE,TE,NO,11529,687cdc33-bd0d-4b70-adb3-33f97dc26a3c,13565.0,8200.0,1777.0,joshhill/2541834,16143.0,26950.0,,2060083.0,HillJo02,,9071.0,8764.0,,26950.0,469509.0,15866.0,,Josh Hill,josh hill,1,1,-2.0,0,1.0,1.0,-3.0,1.0,0.0,-5.103654,0,0.0,0.04347826,-0.03,0.044217393,,,,,,,,,,,,,,,,,,,,,,,,,
2017,REG,11,00-0030506,T.Kelce,TE,TE,KC,11244,c3859e06-5f23-4302-a71b-04820a899d5f,11594.0,7844.0,1466.0,traviskelce/2540258,15847.0,26686.0,,1725130.0,KelcTr00,travis-kelce-1,8783.0,8411.0,264.0,26686.0,448240.0,15048.0,448240.0,Travis Kelce,travis kelce,8,14,109.0,0,0.0,0.0,145.0,42.0,4.0,-1.3205026,0,0.7517241,0.35897437,0.47697368,0.8723431,Travis Kelce,KC,7.166363636363636,3.1498607701387455,9.639999999999999,45.15524625267665,57.14285714285714,109.0,0.0,6.047500000000001,6.1694526859891425,-0.12195268598914133,00-0030506,Travis,Kelce,T.Kelce,,,,,,,,,
2017,REG,11,00-0024389,De.Walker,TE,TE,TEN,8416,ccce5e8e-52ca-4f0f-a40f-fe5e7227d156,9172.0,3120.0,284.0,delaniewalker/2495966,9761.0,7924.0,4353.0,1109396.0,WalkHu00,,4888.0,3976.0,,7924.0,218943.0,7175.0,,Delanie Walker,delanie walker,6,9,92.0,0,0.0,0.0,88.0,37.0,2.0,-0.12144593,0,1.0454545,0.27272728,0.30877194,0.62523127,Delanie Walker,TEN,5.967142857142858,3.9534164589302443,10.048888888888886,33.10637674793176,66.66666666666666,92.0,0.0,6.556666666666668,5.318810393267976,1.237856273398692,00-0024389,Delanie,Walker,D.Walker,,,,,,,,,
2017,REG,11,00-0029697,C.Fleener,TE,TE,NO,10743,9102665d-a658-4264-81c3-b9810776ddf0,11220.0,7038.0,1107.0,cobyfleener/2532838,14900.0,25744.0,,1244492.0,FleeCo00,coby-fleener-1,8064.0,7418.0,,25744.0,399848.0,13997.0,,Coby Fleener,coby fleener,5,5,91.0,0,0.0,0.0,52.0,39.0,3.0,5.9800735,0,1.75,0.125,0.17161717,0.307632,Coby Fleener,NO,3.265,3.5386725862168227,9.624,16.63670308394413,100.0,91.0,0.0,8.575999999999999,7.197830967024311,1.3781690329756877,00-0029697,Jacoby,Fleener,C.Fleener,,,,,,,,,
2017,REG,11,00-0024221,V.Davis,TE,TE,WAS,8247,0a95e792-6455-4927-9539-f95fa7f41fbb,9621.0,2951.0,200.0,vernondavis/2495826,9592.0,7755.0,,409254.0,DaviVe00,vernon-davis-1,4732.0,3638.0,,7755.0,215595.0,5084.0,,Vernon Davis,vernon davis,3,6,67.0,0,0.0,0.0,103.0,9.0,2.0,4.4731407,0,0.65048546,0.2,0.31117824,0.51782477,Vernon Davis,WAS,5.499999999999999,3.006046276670078,15.298333333333334,30.038943613574627,50.0,67.0,0.0,5.746666666666666,5.259134425026332,0.48753224164033426,00-0024221,Vernon,Davis,V.Davis,,,,,,,,,
2017,REG,11,00-0027696,J.Graham,TE,TE,SEA,9925,fd85786d-3900-4dc0-9b30-334ee30413ed,9712.0,5619.0,616.0,jimmygraham/497236,13232.0,24070.0,6610.0,1691166.0,GrahJi00,jimmy-graham-1,6532.0,5842.0,,24070.0,295918.0,11488.0,295918.0,Jimmy Graham,jimmy graham,7,11,58.0,1,0.0,0.0,74.0,17.0,5.0,4.964046,1,0.7837838,0.275,0.29959515,0.6222166,Jimmy Graham,SEA,5.72375,1.7921873396439814,7.181818181818182,29.29506433789446,63.63636363636363,58.0,1.0,2.495714285714286,2.5843833939061693,-0.08866910819188334,00-0027696,Jimmy,Graham,J.Graham,,,,,,,,,
2017,REG,11,00-0027981,K.Rudolph,TE,TE,MIN,10312,1059e9dc-97df-4643-9116-883a0573d8b1,9906.0,6195.0,943.0,kylerudolph/2495438,14054.0,24830.0,7444.0,1633122.0,RudoKy00,kyle-rudolph-1,7246.0,6459.0,,24830.0,469472.0,13275.0,469472.0,Kyle Rudolph,kyle rudolph,5,7,58.0,0,0.0,0.0,42.0,32.0,4.0,3.6051252,0,1.3809524,0.18421052,0.18181819,0.4035885,Kyle Rudolph,MIN,4.277142857142858,4.777351819204175,3.8742857142857123,12.212915428262622,71.42857142857143,58.0,0.0,6.784000000000003,5.818760120030595,0.965239879969408,00-0027981,Kyle,Rudolph,K.Rudolph,,,,,,,,,
2017,REG,11,00-0033611,R.Seals-Jones,TE,TE,ARI,13382,52735659-a294-4f64-a7f4-3591450834e5,16730.0,12020.0,4531.0,,3051806.0,30494.0,,2080003.0,SealRi00,,11876.0,12463.0,,30494.0,744568.0,19410.0,744568.0,Ricky Seals-Jones,ricky seals-jones,3,5,54.0,2,0.0,0.0,68.0,12.0,3.0,5.4373784,0,0.7941176,0.14705883,0.22895622,0.3808576,Ricky Seals-Jones,ARI,5.996,1.5745044970319324,13.285999999999996,22.763252578556,60.0,54.0,2.0,4.830000000000003,2.1589422836483814,2.6710577163516214,00-0033611,Roderick,Seals-Jones,R.Seals-Jones,,,,,,,,,
2017,REG,11,00-0033879,O.Howard,TE,TE,TB,13188,93ed8c6f-b676-46d3-bf82-6155e89b4a68,16380.0,11774.0,4055.0,,3043080.0,30132.0,,2061190.0,HowaO.00,oj-howard-1,11806.0,12161.0,,30132.0,732147.0,18901.0,732147.0,O.J. Howard,oj howard,3,4,52.0,1,0.0,0.0,65.0,4.0,3.0,4.699453,0,0.8,0.11111111,0.2024922,0.3084112,,,,,,,,,,,,,,,,,,,,,,,,,
2017,REG,11,00-0031387,E.Ebron,TE,TE,DET,11695,9fbcfae9-dd14-415c-8952-9b1b5dff0dfc,12143.0,8645.0,2118.0,ericebron/2543466,16732.0,27538.0,,1865396.0,EbroEr00,eric-ebron-1,9210.0,9390.0,,27538.0,605752.0,16451.0,605752.0,Eric Ebron,eric ebron,4,7,49.0,0,0.0,0.0,53.0,8.0,2.0,0.6139347,0,0.9245283,0.22580644,0.15142857,0.4447097,Eric Ebron,DET,5.125,2.3526188173116074,8.057142857142855,16.977213208512687,57.14285714285714,49.0,0.0,2.6300000000000026,2.3191737879379133,0.31082621206208927,00-0031387,Eric,Ebron,E.Ebron,,,,,,,,,
2017,REG,11,00-0033896,A.Shaheen,TE,TE,CHI,13254,87171077-4c1c-4b67-b159-2cc6242988e0,16457.0,11800.0,4085.0,,4198676.0,30158.0,,2818105.0,ShahAd00,,11898.0,12283.0,,30158.0,1049770.0,18931.0,1049770.0,Adam Shaheen,adam shaheen,4,4,41.0,1,0.0,0.0,35.0,6.0,3.0,3.6645844,0,1.1714286,0.13333334,0.15086207,0.30560344,,,,,,,,,,,,,,,,,,,,,,,,,
2017,REG,11,00-0027656,R.Gronkowski,TE,TE,NE,9902,2142a164-48ad-47d6-bb27-0bc58c6b2e62,9721.0,5567.0,515.0,robgronkowski/497240,13229.0,24017.0,,1244303.0,GronRo00,rob-gronkowski-1,6443.0,5729.0,,24017.0,381091.0,10974.0,381091.0,Rob Gronkowski,rob gronkowski,3,3,37.0,0,0.0,0.0,27.0,10.0,3.0,4.397335,0,1.3703704,0.08108108,0.09375,0.18724662,,,,,,,,,,,,,,,,,,,,,,,,,
2017,REG,11,00-0027061,J.Cook,TE,TE,LV,9474,3b7a1409-d154-4e5c-8c94-9d4a0e0993c7,9265.0,5012.0,367.0,jaredcook/71265,12537.0,9353.0,6126.0,584314.0,CookJa02,jared-cook-2,5981.0,5165.0,,9353.0,296480.0,8534.0,296480.0,Jared Cook,jared cook,2,5,36.0,0,0.0,0.0,56.0,0.0,2.0,1.8732004,0,0.64285713,0.10204082,0.10831721,0.22888328,Jared Cook,LV,3.336,1.6458718905364365,10.639999999999999,10.547812122053255,40.0,36.0,0.0,0.23499999999999943,0.9413583152943374,-0.706358315294338,00-0027061,Jared,Cook,J.Cook,,,,,,,,,
2017,REG,11,00-0033043,A.Traylor,TE,TE,DEN,13534,8f9e7e75-ceab-4483-a234-8318f6923f30,16129.0,,3878.0,,2576449.0,30008.0,,2237885.0,,,11277.0,12057.0,,30008.0,606529.0,18700.0,,Austin Traylor,austin traylor,4,5,36.0,0,0.0,0.0,35.0,7.0,3.0,2.2770977,0,1.0285715,0.125,0.121527776,0.27256945,Austin Traylor,DEN,6.8,2.447537340653988,6.497999999999999,9.17485598102338,80.0,36.0,0.0,2.0549999999999997,1.4171888848895833,0.6378111151104164,00-0033043,Austin,Traylor,A.Traylor,,,,,,,,,
2017,REG,11,00-0022943,B.Watson,TE,TE,BAL,7422,d81844de-54c3-42ee-9850-072dc4131b6f,9040.0,1753.0,663.0,benjaminwatson/2506122,5557.0,6791.0,,493107.0,WatsBe00,benjamin-watson-1,3872.0,48.0,,6791.0,246082.0,11756.0,,Ben Watson,ben watson,1,1,33.0,0,0.0,0.0,9.0,24.0,1.0,2.4303498,0,3.6666667,0.035714287,0.055555556,0.09246032,,,,,,,,,,,,,,,,,,,,,,,,,
2017,REG,11,00-0030443,L.Toilolo,TE,TE,ATL,11252,67d56171-7522-430c-b7d9-8f7e2b6624d3,11694.0,7915.0,1642.0,levinetoilolo/2540203,15980.0,26756.0,,1685990.0,ToilLe00,levine-toilolo-1,8789.0,8414.0,,26756.0,503205.0,15378.0,503205.0,Levine Toilolo,levine toilolo,2,2,31.0,1,0.0,0.0,30.0,1.0,1.0,3.2648463,0,1.0333333,0.074074075,0.12820514,0.2008547,,,,,,,,,,,,,,,,,,,,,,,,,
2017,REG,11,00-0028067,J.Thomas,TE,TE,MIA,10372,87f6826a-f35a-4b49-9673-da54ccb9becd,9966.0,6281.0,874.0,juliusthomas/2495353,14204.0,24916.0,,1755056.0,ThomJu00,,7415.0,6598.0,,24916.0,550870.0,13027.0,,Julius Thomas,julius thomas,4,4,30.0,0,0.0,0.0,12.0,18.0,2.0,1.840257,0,2.5,0.11111111,0.03305785,0.18980716,,,,,,,,,,,,,,,,,,,,,,,,,
2017,REG,11,00-0025549,B.Celek,TE,TE,PHI,8838,645a8bf9-2079-4df4-904a-3d8f08438b85,9070.0,3778.0,221.0,brentcelek/2507218,10605.0,8416.0,4697.0,408126.0,CeleBr00,brent-celek-1,5403.0,4269.0,,8416.0,229510.0,5511.0,,Brent Celek,brent celek,1,2,28.0,0,0.0,0.0,11.0,22.0,1.0,1.9371502,0,2.5454545,0.07692308,0.04526749,0.14707185,,,,,,,,,,,,,,,,,,,,,,,,,
2017,REG,11,00-0028112,C.Clay,TE,TE,BUF,10409,04ca4fb9-194e-47fe-8fc8-adb5790a8e78,10003.0,6326.0,801.0,charlesclay/2495139,14145.0,24961.0,,1265552.0,ClayCh00,charles-clay-1,7424.0,6681.0,,24961.0,400516.0,12751.0,,Charles Clay,charles clay,3,4,27.0,0,0.0,0.0,32.0,7.0,2.0,3.91693,0,0.84375,0.102564104,0.07305936,0.2049877,,,,,,,,,,,,,,,,,,,,,,,,,
2017,REG,11,00-0024243,M.Lewis,TE,TE,JAX,8269,9c21e9af-681c-41ef-9b00-fbc9e1668ed1,9413.0,2973.0,111.0,marcedeslewis/2495888,9614.0,7777.0,4007.0,415313.0,LewiMa00,marcedes-lewis-1,4891.0,3615.0,,7777.0,214197.0,3061.0,214197.0,Marcedes Lewis,marcedes lewis,2,2,26.0,1,0.0,0.0,17.0,9.0,2.0,3.3369634,0,1.5294118,0.06896552,0.10493827,0.17690507,,,,,,,,,,,,,,,,,,,,,,,,,
2017,REG,11,00-0033090,H.Henry,TE,TE,LAC,12676,705899da-3c20-4bc3-b5d0-2e6e40655131,15561.0,10669.0,3214.0,,3046439.0,29269.0,,2079848.0,HenrHu00,hunter-henry-1,10735.0,11299.0,212.0,29269.0,744425.0,17975.0,744425.0,Hunter Henry,hunter henry,2,5,25.0,0,0.0,0.0,47.0,4.0,2.0,-1.1471875,0,0.5319149,0.1388889,0.16151203,0.32139176,Hunter Henry,LAC,8.658,2.743984503136949,10.468,17.630018862840206,40.0,25.0,0.0,2.6499999999999986,1.8268869329983837,0.8231130670016149,00-0033090,Hunter,Henry,H.Henry,,,,,,,,,
2017,REG,11,00-0029689,D.Allen,TE,TE,NE,10742,cc745cc3-d52a-454b-98c8-ac9155a9405c,11219.0,7066.0,1105.0,dwayneallen/2533046,14901.0,25774.0,8485.0,1630216.0,AlleDw00,dwayne-allen-1,8041.0,7452.0,,25774.0,463515.0,13987.0,,Dwayne Allen,dwayne allen,2,2,24.0,0,0.0,0.0,7.0,17.0,1.0,1.3324056,0,3.4285715,0.054054055,0.024305556,0.09809497,,,,,,,,,,,,,,,,,,,,,,,,,
2017,REG,11,00-0032098,D.Brown,TE,TE,CHI,12585,1b016b52-62ba-4da9-9ead-6bad689f8d33,14470.0,10144.0,2751.0,,2519013.0,29102.0,,2175305.0,BrowDa04,,10713.0,11092.0,,29102.0,561380.0,17219.0,561380.0,Daniel Brown,daniel brown,2,5,23.0,0,0.0,0.0,52.0,16.0,2.0,0.30017778,0,0.44230768,0.16666667,0.22413793,0.40689656,Daniel Brown,CHI,5.2625,4.168862447247511,9.574000000000002,20.836597893270657,40.0,23.0,0.0,8.464999999999996,9.229551762337906,-0.7645517623379092,00-0032098,Daniel,Brown,D.Brown,,,,,,,,,
2017,REG,11,00-0032725,S.Anderson,TE,TE,HOU,12859,5cb0bf9c-03b4-4201-97c5-a59c6db50841,15760.0,11160.0,3496.0,,2576854.0,29789.0,,1880821.0,AndeSt01,,10885.0,11556.0,,29789.0,607660.0,18262.0,607660.0,Stephen Anderson,stephen anderson,1,3,22.0,0,0.0,0.0,34.0,3.0,1.0,-4.066664,0,0.64705884,0.09375,0.1184669,0.22355182,,,,,,,,,,,,,,,,,,,,,,,,,
2017,REG,11,00-0032135,J.James,TE,TE,PIT,12211,a37a5bfd-b48c-4d8b-817a-d8ce7ca3592d,13959.0,9593.0,2463.0,jessejames/2552633,2979590.0,28548.0,,1983808.0,JameJe00,jesse-james-1,10150.0,10403.0,,28548.0,652019.0,16920.0,652019.0,Jesse James,jesse james,5,8,21.0,1,0.0,0.0,55.0,7.0,2.0,-0.10858996,0,0.38181818,0.17777778,0.1378446,0.3631579,Jesse James,PIT,6.744285714285715,3.635928155885872,8.675,16.72248861473218,62.5,21.0,1.0,1.5160000000000011,1.8529419141907966,-0.33694191419079544,00-0032135,Jesse,James,J.James,,,,,,,,,
2017,REG,11,00-0031302,C.Fiedorowicz,TE,TE,HOU,11698,048ff76e-1243-4e80-bfec-7b6dee148132,12146.0,8700.0,1951.0,c.j.fiedorowicz/2543721,16766.0,27593.0,,1737104.0,FiedC.00,cj-fiedorowicz-1,9269.0,9613.0,,27593.0,553670.0,16200.0,,C.J. Fiedorowicz,cj fiedorowicz,2,2,18.0,0,0.0,0.0,14.0,4.0,1.0,0.80849165,0,1.2857143,0.0625,0.048780486,0.12789634,,,,,,,,,,,,,,,,,,,,,,,,,
2017,REG,11,00-0026201,M.Bennett,TE,TE,NE,9044,0ca741f8-58bd-4933-9d5c-0e04de3f4cff,9429.0,4375.0,40.0,martellusbennett/1062,11295.0,8838.0,,564954.0,BennMa00,martellus-bennett-1,5709.0,4639.0,,8838.0,302238.0,1181.0,,Martellus Bennett,martellus bennett,3,3,15.0,0,0.0,0.0,-1.0,16.0,0.0,0.22707793,0,0.0,0.08108108,-0.0034722222,0.119191065,,,,,,,,,,,,,,,,,,,,,,,,,
2017,REG,11,00-0028142,V.Green,TE,TE,DEN,10432,6ef43c53-53d7-4b0f-ad99-17664d663ae8,10026.0,6356.0,868.0,virgilgreen/2495288,14085.0,24991.0,7502.0,1130615.0,GreeVi00,virgil-green-1,7416.0,6570.0,,24991.0,323254.0,13016.0,,Virgil Green,virgil green,2,4,13.0,0,0.0,0.0,21.0,2.0,0.0,-1.4734478,0,0.61904764,0.1,0.072916664,0.20104167,,,,,,,,,,,,,,,,,,,,,,,,,
2017,REG,11,00-0033885,D.Njoku,TE,TE,CLE,13192,8f86fcea-90e8-49ea-bc78-5c7659313e57,16399.0,11784.0,4033.0,,3123076.0,30142.0,,2136474.0,NjokDa00,david-njoku-1,11734.0,12186.0,252.0,30142.0,832098.0,18876.0,832098.0,David Njoku,david njoku,1,1,13.0,0,0.0,0.0,13.0,0.0,1.0,1.945338,0,1.0,0.032258064,0.04868914,0.08246949,,,,,,,,,,,,,,,,,,,,,,,,,
2017,REG,11,00-0031273,C.Brate,TE,TE,TB,12110,5afe93fd-0caf-4cca-83fc-7f405bebfa3e,13470.0,9207.0,2214.0,,17453.0,28267.0,,2132787.0,BratCa00,,10008.0,10193.0,,28267.0,552926.0,16593.0,552926.0,Cameron Brate,cameron brate,1,3,12.0,0,0.0,0.0,39.0,1.0,0.0,-1.1031966,0,0.30769232,0.083333336,0.12149533,0.21004672,,,,,,,,,,,,,,,,,,,,,,,,,
2017,REG,11,00-0031951,J.O'Shaughnessy,TE,TE,JAX,12330,e5c6b0d4-3e77-422b-a6d8-574a10ed385e,14146.0,9606.0,2476.0,,2508079.0,28561.0,,2174148.0,O'ShJa00,,10249.0,10549.0,,28561.0,552352.0,16933.0,552352.0,James O'Shaughnessy,james oshaughnessy,1,1,12.0,0,0.0,0.0,-2.0,14.0,1.0,1.0019456,0,0.0,0.03448276,-0.012345679,0.043082163,,,,,,,,,,,,,,,,,,,,,,,,,
2017,REG,11,00-0032214,T.Kroft,TE,TE,CIN,12212,36f54823-9d51-4180-9c91-d10281deb4bf,13960.0,9518.0,2390.0,tylerkroft/2552586,2582410.0,28473.0,,1824200.0,KrofTy00,tyler-kroft-1,10247.0,10490.0,,28473.0,592268.0,16846.0,592268.0,Tyler Kroft,tyler kroft,2,3,12.0,1,0.0,0.0,5.0,8.0,1.0,1.2952995,0,2.4,0.125,0.029239766,0.20796783,,,,,,,,,,,,,,,,,,,,,,,,,
2017,REG,11,00-0028093,N.Paul,TE,TE,WAS,10394,38f5843a-8318-4eb7-b517-c83d415e77a4,9988.0,6307.0,918.0,nilespaul/2495211,14156.0,24942.0,7556.0,1272502.0,PaulNi00,niles-paul-1,7384.0,6661.0,,24942.0,406159.0,13170.0,,Niles Paul,niles paul,2,2,11.0,0,0.0,0.0,9.0,2.0,1.0,0.22647132,0,1.2222222,0.06666667,0.027190333,0.11903323,,,,,,,,,,,,,,,,,,,,,,,,,
2017,REG,11,00-0032319,R.Travis,TE,TE,KC,12898,75dfd9cc-5419-49e1-bade-0632d03ca4b4,14613.0,10320.0,3041.0,,3936647.0,29208.0,,2195596.0,,,10837.0,11245.0,,29208.0,602069.0,17750.0,602069.0,Ross Travis,ross travis,1,3,11.0,0,0.0,0.0,42.0,4.0,1.0,-1.8329394,0,0.26190478,0.07692308,0.13815789,0.21209514,,,,,,,,,,,,,,,,,,,,,,,,,
2017,REG,11,00-0027873,J.Gresham,TE,TE,ARI,9838,b44773b9-af17-4d6c-a453-132e20849712,9685.0,5546.0,530.0,jermainegresham/497238,13228.0,23996.0,,1123667.0,GresJe00,jermaine-gresham-1,6455.0,5549.0,,23996.0,333278.0,11026.0,,Jermaine Gresham,jermaine gresham,1,1,10.0,0,0.0,0.0,6.0,4.0,1.0,0.6830369,0,1.6666666,0.029411765,0.02020202,0.058259062,,,,,,,,,,,,,,,,,,,,,,,,,
2017,REG,11,00-0029391,S.McGrath,TE,TE,LAC,11123,5b3f26e8-4500-47c0-b985-5b5b1eed6098,11888.0,7515.0,1323.0,seanmcgrath/2535943,15515.0,25992.0,,1979404.0,,,8606.0,7728.0,,25992.0,343561.0,14820.0,,Sean McGrath,sean mcgrath,1,1,10.0,0,0.0,0.0,5.0,5.0,1.0,1.5847862,0,2.0,0.027777778,0.01718213,0.05369416,,,,,,,,,,,,,,,,,,,,,,,,,
2017,REG,11,00-0029738,D.Fells,TE,TE,DET,11337,54d4e35a-2e6c-48f6-86ad-92dd596c173c,13636.0,8549.0,1592.0,darrenfells/2540928,15773.0,26612.0,,2053740.0,FellDa01,,9758.0,8472.0,,26612.0,266414.0,15247.0,266414.0,Darren Fells,darren fells,1,1,9.0,0,0.0,0.0,-3.0,12.0,0.0,0.67631876,0,0.0,0.032258064,-0.008571428,0.042387098,,,,,,,,,,,,,,,,,,,,,,,,,
2017,REG,11,00-0033881,E.Engram,TE,TE,NYG,13189,e21365af-8d66-416e-b0a5-8816d18fcfd9,16411.0,11778.0,4066.0,,3051876.0,30136.0,,2079887.0,EngrEv00,evan-engram-1,11805.0,12205.0,229.0,30136.0,749185.0,18912.0,749185.0,Evan Engram,evan engram,1,6,9.0,0,0.0,0.0,56.0,0.0,0.0,-8.495547,0,0.16071428,0.17142858,0.2488889,0.43136507,Evan Engram,NYG,4.586,2.067490115078202,9.913333333333332,23.703821782967363,16.666666666666664,9.0,0.0,-0.07000000000000028,1.5639160488021844,-1.6339160488021847,00-0033881,Evan,Engram,E.Engram,,,,,,,,,
2017,REG,11,00-0030061,Z.Ertz,TE,TE,PHI,11247,de3421f7-2147-4835-89a5-724e87bad463,11689.0,7816.0,1339.0,zachertz/2540158,15835.0,26658.0,,1685963.0,ErtzZa00,zach-ertz-1,8781.0,8409.0,305.0,26658.0,503177.0,14856.0,503177.0,Zach Ertz,zach ertz,2,5,8.0,0,0.0,0.0,17.0,5.0,0.0,-1.8747343,0,0.47058824,0.1923077,0.06995885,0.33743274,Zach Ertz,PHI,6.32,2.207288363507017,4.292,8.978328173374614,40.0,8.0,0.0,3.004999999999999,2.858584935827537,0.1464150641724622,00-0030061,Zachary,Ertz,Z.Ertz,,,,,,,,,
2017,REG,11,00-0032117,N.O'Leary,TE,TE,BUF,12207,c257b2e6-dfc9-45c8-b30c-a497f2ce82a2,13957.0,9627.0,2495.0,,2576804.0,28582.0,,1860760.0,OLeaNi00,nick-oleary-1,10250.0,10568.0,,28582.0,605423.0,16954.0,,Nick O'Leary,nick oleary,1,3,8.0,0,0.0,0.0,78.0,0.0,1.0,-1.015801,0,0.102564104,0.07692308,0.1780822,0.24004215,,,,,,,,,,,,,,,,,,,,,,,,,
2017,REG,11,00-0033895,G.Everett,TE,TE,LA,13236,ebeceb00-57e0-4b74-9cf7-853da2afed18,16459.0,11799.0,4089.0,,3918639.0,30157.0,,2142692.0,EverGe00,gerald-everett-1,11737.0,12284.0,55.0,30157.0,838487.0,18935.0,838487.0,Gerald Everett,gerald everett,1,2,8.0,0,0.0,0.0,8.0,4.0,0.0,0.21200262,0,1.0,0.055555556,0.022857143,0.09933333,,,,,,,,,,,,,,,,,,,,,,,,,
2017,REG,11,00-0022127,J.Witten,TE,TE,DAL,6997,e38c9b1b-7c51-48a2-ac1d-a752502e8930,9275.0,1384.0,23.0,jasonwitten/2505629,4527.0,6405.0,,396134.0,WittJa00,jason-witten-1,3086.0,1990.0,,6405.0,184571.0,722.0,,Jason Witten,jason witten,1,1,7.0,0,0.0,0.0,6.0,1.0,0.0,0.25709826,0,1.1666666,0.032258064,0.022988506,0.06447905,,,,,,,,,,,,,,,,,,,,,,,,,
2017,REG,11,00-0029587,R.Ellison,TE,TE,NYG,10838,cccc9f16-9508-434f-b7a4-9a29cb0cacf9,11315.0,7128.0,1211.0,rhettellison/2532835,15003.0,25838.0,,1244464.0,ElliRh00,rhett-ellison-1,8114.0,7580.0,,25838.0,399295.0,14445.0,,Rhett Ellison,rhett ellison,1,1,7.0,0,0.0,0.0,2.0,5.0,0.0,0.3044945,0,3.5,0.028571429,0.008888889,0.049079366,,,,,,,,,,,,,,,,,,,,,,,,,
2017,REG,11,00-0033528,J.Sprinkle,TE,TE,WAS,13194,2dcc8e56-ac32-4774-a011-b1e65ca73786,16461.0,11909.0,4221.0,,2980073.0,30267.0,,1999945.0,SpriJe00,jeremy-sprinkle-1,11899.0,12368.0,,30267.0,693833.0,19067.0,693833.0,Jeremy Sprinkle,jeremy sprinkle,1,1,7.0,1,0.0,0.0,7.0,0.0,1.0,2.0330057,0,1.0,0.033333335,0.021148037,0.06480362,,,,,,,,,,,,,,,,,,,,,,,,,
2017,REG,11,00-0031558,M.Williams,TE,TE,BAL,12206,52f4a43a-64a9-4d69-a9e2-28bd60f68e49,13919.0,9488.0,2360.0,,2970726.0,28443.0,,1983769.0,WillMa04,maxx-williams-1,10128.0,10298.0,,28443.0,651658.0,16816.0,651658.0,Maxx Williams,maxx williams,2,2,6.0,0,0.0,0.0,2.0,4.0,0.0,-1.6862603,0,3.0,0.071428575,0.012345679,0.11578483,,,,,,,,,,,,,,,,,,,,,,,,,
2017,REG,11,00-0032429,J.Adams,TE,TE,NYG,12681,47426d59-7af4-4714-8050-a85a0ae70f65,15831.0,10818.0,3340.0,,2978727.0,29418.0,,2000078.0,AdamJe01,jerell-adams-1,10876.0,11283.0,,29418.0,694014.0,18101.0,694014.0,Jerell Adams,jerell adams,1,1,6.0,0,0.0,0.0,-6.0,12.0,0.0,0.1543424,0,0.0,0.028571429,-0.026666667,0.024190476,,,,,,,,,,,,,,,,,,,,,,,,,
2017,REG,11,00-0027985,L.Kendricks,TE,TE,GB,10318,27921351-a775-4649-bd49-7b4c486d1ba2,9912.0,6199.0,964.0,lancekendricks/2495187,14007.0,24834.0,7425.0,1117803.0,KendLa00,lance-kendricks-1,7412.0,6614.0,,24834.0,332066.0,13386.0,,Lance Kendricks,lance kendricks,1,4,5.0,0,0.0,0.0,54.0,0.0,0.0,-5.1505175,0,0.09259259,0.114285715,0.16666667,0.28809524,,,,,,,,,,,,,,,,,,,,,,,,,
2017,REG,11,00-0032430,D.Morgan,TE,TE,MIN,12816,4bff1c89-f4d1-4699-8c85-69bbbbaec5a2,15857.0,10822.0,3344.0,,2582138.0,29422.0,,1907784.0,MorgDa01,david-morgan-1,11139.0,11477.0,,29422.0,612030.0,18105.0,,David Morgan,david morgan,1,1,5.0,0,0.0,0.0,1.0,4.0,0.0,0.020569827,0,5.0,0.02631579,0.0043290043,0.042503987,,,,,,,,,,,,,,,,,,,,,,,,,
2017,REG,11,00-0033080,S.DeValve,TE,TE,CLE,12792,a2451bf7-83dd-496c-b527-c14d8d518598,15671.0,10772.0,3296.0,,2566659.0,29372.0,,1984760.0,DevaSe00,,11221.0,11444.0,,29372.0,623676.0,18057.0,,Seth DeValve,seth devalve,1,3,5.0,0,0.0,0.0,49.0,5.0,0.0,-1.7870672,0,0.10204082,0.09677419,0.1835206,0.2736257,,,,,,,,,,,,,,,,,,,,,,,,,
2017,REG,11,00-0033110,T.Higbee,TE,TE,LA,12678,0df7912d-9e81-47ea-b4f7-d04986df4ee8,15623.0,10744.0,3271.0,,2573401.0,29344.0,,1853103.0,HigbTy00,tyler-higbee-1,10854.0,11430.0,159.0,29344.0,604176.0,18032.0,604176.0,Tyler Higbee,tyler higbee,1,5,5.0,0,0.0,0.0,40.0,0.0,0.0,-2.6530898,0,0.125,0.1388889,0.114285715,0.28833333,Tyler Higbee,LAR,7.956,1.4574398894151244,8.242,11.31490074407622,20.0,5.0,0.0,0.4099999999999966,0.5547191368737359,-0.14471913687373927,00-0033110,Tyler,Higbee,T.Higbee,,,,,,,,,
2017,REG,11,00-0032256,C.Walford,TE,TE,LV,12210,2e56cca7-b898-4aac-bbc5-b5bda9163be1,13956.0,9501.0,2373.0,clivewalford/2552397,2512593.0,28456.0,,1759387.0,WalfCl00,clive-walford-1,10127.0,10471.0,,28456.0,553616.0,16829.0,,Clive Walford,clive walford,1,2,4.0,0,0.0,0.0,21.0,4.0,0.0,-1.150915,0,0.1904762,0.040816326,0.040618956,0.08965776,,,,,,,,,,,,,,,,,,,,,,,,,
2017,REG,11,00-0030216,J.Hill,TE,TE,NO,11529,687cdc33-bd0d-4b70-adb3-33f97dc26a3c,13565.0,8200.0,1777.0,joshhill/2541834,16143.0,26950.0,,2060083.0,HillJo02,,9071.0,8764.0,,26950.0,469509.0,15866.0,,Josh Hill,josh hill,1,1,3.0,1,0.0,0.0,3.0,0.0,1.0,1.3459376,0,1.0,0.025,0.00990099,0.04443069,,,,,,,,,,,,,,,,,,,,,,,,,
2017,REG,11,00-0031384,R.Rodgers,TE,TE,GB,11785,e00b3426-238b-4bdb-85c3-bbf08b7469e3,12233.0,8733.0,2146.0,richardrodgers/2550313,16786.0,27626.0,,2129433.0,RodgRi00,richard-rodgers-1,9559.0,9547.0,,27626.0,607699.0,16491.0,607699.0,Richard Rodgers,richard rodgers,1,1,3.0,0,0.0,0.0,3.0,0.0,0.0,-0.7341178,0,1.0,0.028571429,0.009259259,0.049338624,,,,,,,,,,,,,,,,,,,,,,,,,
2017,REG,11,00-0031598,N.Boyle,TE,TE,BAL,12328,9480dd9f-151f-4e6d-b5a3-35f07bda4cac,13963.0,9604.0,2474.0,,2574591.0,28559.0,,1888149.0,BoylNi00,,10252.0,10547.0,,28559.0,608753.0,16931.0,608753.0,Nick Boyle,nick boyle,1,2,2.0,0,0.0,0.0,22.0,3.0,0.0,-1.2279079,0,0.09090909,0.071428575,0.13580246,0.20220459,,,,,,,,,,,,,,,,,,,,,,,,,
2017,REG,11,00-0021547,A.Gates,TE,TE,LAC,7236,82da09c2-e542-4f7d-87d9-24dfd8e014de,9027.0,1609.0,322.0,antoniogates/2505299,5362.0,6663.0,,396811.0,,,3172.0,611.0,,6663.0,234249.0,7884.0,,Antonio Gates,antonio gates,0,2,0.0,0,0.0,0.0,20.0,0.0,0.0,-1.8312231,0,0.0,0.055555556,0.06872852,0.13144329,,,,,,,,,,,,,,,,,,,,,,,,,
2017,REG,11,00-0029878,M.Gray,TE,TE,MIA,11434,fda00e5c-b7df-487a-9a24-5e4087c575e1,11865.0,8286.0,1636.0,marqueisgray/2540259,16323.0,27213.0,,1631039.0,,,8980.0,8679.0,,27213.0,464295.0,15371.0,,MarQueis Gray,marqueis gray,0,1,0.0,0,0.0,0.0,16.0,0.0,0.0,-0.6733257,0,0.0,0.027777778,0.044077136,0.07252066,,,,,,,,,,,,,,,,,,,,,,,,,
2017,REG,11,00-0030155,D.Harris,TE,TE,KC,11448,8506c15c-15cc-4d2c-aebf-270c605fe0ec,11881.0,8524.0,1619.0,demetriusharris/2541187,16318.0,27174.0,,2060074.0,HarrDe03,,9847.0,8683.0,,27174.0,602269.0,15305.0,602269.0,Demetrius Harris,demetrius harris,0,1,0.0,0,0.0,0.0,2.0,0.0,0.0,-1.149991,0,0.0,0.025641026,0.0065789474,0.043066803,,,,,,,,,,,,,,,,,,,,,,,,,
2017,REG,11,00-0030710,T.Burton,TE,TE,PHI,11705,bc0f07a4-3e7b-4e61-987a-05533dc225be,12153.0,9185.0,1793.0,treyburton/2550284,16974.0,27789.0,,2130223.0,BurtTr01,,9490.0,9737.0,,27789.0,542788.0,15965.0,,Trey Burton,trey burton,0,0,0.0,0,0.0,0.0,0.0,0.0,0.0,,1,,,,,,,,,,,,,,,,,,,,,,,,,,,,,
2017,REG,11,00-0033858,J.Smith,TE,TE,TEN,13193,e4f25a37-74de-4bfb-b6c9-f50a4fab0b87,16460.0,11855.0,4144.0,,3054212.0,30213.0,,2081506.0,SmitJo01,jonnu-smith-1,11807.0,12344.0,84.0,30213.0,743749.0,18990.0,743749.0,Jonnu Smith,jonnu smith,0,1,0.0,0,0.0,0.0,12.0,0.0,0.0,-0.4783683,0,0.0,0.030303031,0.042105265,0.07492823,,,,,,,,,,,,,,,,,,,,,,,,,
2017,REG,11,00-0030089,L.Willson,TE,TE,SEA,11381,16c67c97-ffd9-4f92-917d-ad6124ce1f6e,11812.0,7940.0,1603.0,lukewillson/2541199,16121.0,26781.0,,2057661.0,WillLu00,luke-willson-1,8907.0,8567.0,,26781.0,466869.0,15263.0,466869.0,Luke Willson,luke willson,2,2,-1.0,0,0.0,0.0,-6.0,5.0,0.0,-2.5474489,0,0.0,0.05,-0.024291499,0.057995953,,,,,,,,,,,,,,,,,,,,,,,,,
2017,REG,11,00-0032392,A.Hooper,TE,TE,ATL,12677,90c2a93f-d837-4e1b-b57c-56648903a8db,15581.0,10715.0,3202.0,,3043275.0,29315.0,,2067004.0,HoopAu00,austin-hooper-1,10748.0,11301.0,384.0,29315.0,739424.0,17963.0,739424.0,Austin Hooper,austin hooper,2,2,-1.0,0,0.0,0.0,-3.0,2.0,0.0,-1.5155113,0,0.0,0.074074075,-0.012820513,0.10213675,,,,,,,,,,,,,,,,,,,,,,,,,
2017,REG,12,00-0032055,D.Funchess,TE,TE,CAR,12205,7f5f2a81-ac40-420c-9421-5b9e2a21faf8,13915.0,9474.0,2346.0,,2977609.0,28429.0,,2001877.0,FuncDe00,devin-funchess-1,10138.0,10391.0,,28429.0,696127.0,16802.0,696127.0,Devin Funchess,devin funchess,7,12,108.0,0,0.0,0.0,182.0,31.0,5.0,6.4535933,0,0.5934066,0.42857143,0.51267606,1.0017303,,,,,,,,,,,,,,,,,,,,,,,,,
2017,REG,12,00-0030061,Z.Ertz,TE,TE,PHI,11247,de3421f7-2147-4835-89a5-724e87bad463,11689.0,7816.0,1339.0,zachertz/2540158,15835.0,26658.0,,1685963.0,ErtzZa00,zach-ertz-1,8781.0,8409.0,305.0,26658.0,503177.0,14856.0,503177.0,Zach Ertz,zach ertz,10,12,103.0,1,0.0,0.0,90.0,27.0,7.0,6.3286114,0,1.1444445,0.30769232,0.29801324,0.6701477,Zach Ertz,PHI,4.851111111111111,3.2691590762884872,7.315,28.725701943844495,83.33333333333334,103.0,1.0,2.965,4.528391611876316,-1.563391611876316,00-0030061,Zachary,Ertz,Z.Ertz,,,,,,,,,
2017,REG,12,00-0030181,J.Doyle,TE,TE,IND,11516,bd413539-9351-454e-9d61-4e8635d7e9f5,11987.0,8520.0,1706.0,jackdoyle/2540232,16504.0,27299.0,,2041264.0,DoylJa00,,9081.0,9075.0,,27299.0,477386.0,15602.0,477386.0,Jack Doyle,jack doyle,7,8,94.0,0,0.0,0.0,61.0,41.0,5.0,6.5439014,0,1.5409836,0.2962963,0.40666667,0.72911114,Jack Doyle,IND,3.2975000000000003,3.254305663730302,8.302499999999998,39.08438272331411,87.5,94.0,0.0,5.900000000000001,6.03887022389238,-0.13887022389237913,00-0030181,John,Doyle,J.Doyle,,,,,,,,,
2017,REG,12,00-0027656,R.Gronkowski,TE,TE,NE,9902,2142a164-48ad-47d6-bb27-0bc58c6b2e62,9721.0,5567.0,515.0,robgronkowski/497240,13229.0,24017.0,,1244303.0,GronRo00,rob-gronkowski-1,6443.0,5729.0,,24017.0,381091.0,10974.0,381091.0,Rob Gronkowski,rob gronkowski,5,8,82.0,2,0.0,0.0,81.0,26.0,5.0,6.8377686,0,1.0123457,0.2857143,0.35840708,0.6794564,Rob Gronkowski,NE,5.181428571428571,3.1024964510336726,9.708749999999998,34.636996075633235,62.5,82.0,2.0,5.9,6.6051128581491865,-0.7051128581491861,00-0027656,Robert,Gronkowski,R.Gronkowski,,,,,,,,,
2017,REG,12,00-0033090,H.Henry,TE,TE,LAC,12676,705899da-3c20-4bc3-b5d0-2e6e40655131,15561.0,10669.0,3214.0,,3046439.0,29269.0,,2079848.0,HenrHu00,hunter-henry-1,10735.0,11299.0,212.0,29269.0,744425.0,17975.0,744425.0,Hunter Henry,hunter henry,5,5,76.0,1,0.0,0.0,18.0,58.0,4.0,8.63226,0,4.2222223,0.15151516,0.058441557,0.26818183,Hunter Henry,LAC,4.9125,2.736497297968565,9.277999999999997,14.411755568672527,100.0,76.0,1.0,6.9860000000000015,4.259803725117308,2.7261962748826933,00-0033090,Hunter,Henry,H.Henry,,,,,,,,,
2017,REG,12,00-0033611,R.Seals-Jones,TE,TE,ARI,13382,52735659-a294-4f64-a7f4-3591450834e5,16730.0,12020.0,4531.0,,3051806.0,30494.0,,2080003.0,SealRi00,,11876.0,12463.0,,30494.0,744568.0,19410.0,744568.0,Ricky Seals-Jones,ricky seals-jones,4,6,72.0,1,0.0,0.0,58.0,28.0,4.0,7.004413,0,1.2413793,0.16216215,0.17058824,0.362655,Ricky Seals-Jones,ARI,6.308333333333334,2.5189685928125316,9.311666666666667,16.225713704876135,66.66666666666666,72.0,1.0,7.635,6.908535304754196,0.726464695245804,00-0033611,Roderick,Seals-Jones,R.Seals-Jones,,,,,,,,,
2017,REG,12,00-0024389,De.Walker,TE,TE,TEN,8416,ccce5e8e-52ca-4f0f-a40f-fe5e7227d156,9172.0,3120.0,284.0,delaniewalker/2495966,9761.0,7924.0,4353.0,1109396.0,WalkHu00,,4888.0,3976.0,,7924.0,218943.0,7175.0,,Delanie Walker,delanie walker,4,5,63.0,1,0.0,0.0,67.0,20.0,3.0,3.490744,0,0.9402985,0.20833333,0.37853107,0.57747173,Delanie Walker,TEN,4.785,2.108222877305758,14.216000000000003,37.778368323146424,80.0,63.0,1.0,5.469999999999999,6.34608010801297,-0.876080108012971,00-0024389,Delanie,Walker,D.Walker,,,,,,,,,
2017,REG,12,00-0027981,K.Rudolph,TE,TE,MIN,10312,1059e9dc-97df-4643-9116-883a0573d8b1,9906.0,6195.0,943.0,kylerudolph/2495438,14054.0,24830.0,7444.0,1633122.0,RudoKy00,kyle-rudolph-1,7246.0,6459.0,,24830.0,469472.0,13275.0,469472.0,Kyle Rudolph,kyle rudolph,4,4,63.0,2,0.0,0.0,41.0,22.0,3.0,5.928317,0,1.5365853,0.13333334,0.12974684,0.29082277,,,,,,,,,,,,,,,,,,,,,,,,,
2017,REG,12,00-0028112,C.Clay,TE,TE,BUF,10409,04ca4fb9-194e-47fe-8fc8-adb5790a8e78,10003.0,6326.0,801.0,charlesclay/2495139,14145.0,24961.0,,1265552.0,ClayCh00,charles-clay-1,7424.0,6681.0,,24961.0,400516.0,12751.0,,Charles Clay,charles clay,4,4,60.0,0,0.0,0.0,38.0,22.0,3.0,5.358004,0,1.5789474,0.13793103,0.16101696,0.31960842,,,,,,,,,,,,,,,,,,,,,,,,,
2017,REG,12,00-0028067,J.Thomas,TE,TE,MIA,10372,87f6826a-f35a-4b49-9673-da54ccb9becd,9966.0,6281.0,874.0,juliusthomas/2495353,14204.0,24916.0,,1755056.0,ThomJu00,,7415.0,6598.0,,24916.0,550870.0,13027.0,,Julius Thomas,julius thomas,5,6,52.0,0,0.0,0.0,28.0,24.0,2.0,3.0924108,0,1.8571428,0.18181819,0.14432989,0.3737582,Julius Thomas,MIA,3.5060000000000002,3.2442425036945153,4.8500000000000005,15.70341589768496,83.33333333333334,52.0,0.0,5.227999999999999,4.722769753582179,0.5052302464178196,00-0028067,Julius,Thomas,J.Thomas,,,,,,,,,
2017,REG,12,00-0033879,O.Howard,TE,TE,TB,13188,93ed8c6f-b676-46d3-bf82-6155e89b4a68,16380.0,11774.0,4055.0,,3043080.0,30132.0,,2061190.0,HowaO.00,oj-howard-1,11806.0,12161.0,,30132.0,732147.0,18901.0,732147.0,O.J. Howard,oj howard,3,4,52.0,0,0.0,0.0,40.0,19.0,2.0,4.1181226,0,1.3,0.09090909,0.11594203,0.21752305,,,,,,,,,,,,,,,,,,,,,,,,,
2017,REG,12,00-0033110,T.Higbee,TE,TE,LA,12678,0df7912d-9e81-47ea-b4f7-d04986df4ee8,15623.0,10744.0,3271.0,,2573401.0,29344.0,,1853103.0,HigbTy00,tyler-higbee-1,10854.0,11430.0,159.0,29344.0,604176.0,18032.0,604176.0,Tyler Higbee,tyler higbee,3,3,48.0,0,0.0,0.0,31.0,17.0,1.0,2.0998085,0,1.548387,0.069767445,0.094512194,0.1708097,,,,,,,,,,,,,,,,,,,,,,,,,
2017,REG,12,00-0033885,D.Njoku,TE,TE,CLE,13192,8f86fcea-90e8-49ea-bc78-5c7659313e57,16399.0,11784.0,4033.0,,3123076.0,30142.0,,2136474.0,NjokDa00,david-njoku-1,11734.0,12186.0,252.0,30142.0,832098.0,18876.0,832098.0,David Njoku,david njoku,4,4,47.0,0,0.0,0.0,38.0,9.0,1.0,2.4623797,0,1.2368422,0.13333334,0.10497238,0.27348065,,,,,,,,,,,,,,,,,,,,,,,,,
2017,REG,12,00-0022127,J.Witten,TE,TE,DAL,6997,e38c9b1b-7c51-48a2-ac1d-a752502e8930,9275.0,1384.0,23.0,jasonwitten/2505629,4527.0,6405.0,,396134.0,WittJa00,jason-witten-1,3086.0,1990.0,,6405.0,184571.0,722.0,,Jason Witten,jason witten,7,7,44.0,0,0.0,0.0,33.0,11.0,1.0,0.5989998,0,1.3333334,0.28,0.15789473,0.53052634,Jason Witten,DAL,6.23,3.9173203910179097,4.24142857142857,12.639421030225623,100.0,44.0,0.0,2.044285714285716,2.393146593044321,-0.34886087875860516,00-0022127,Christopher,Witten,J.Witten,,,,,,,,,
2017,REG,12,00-0030506,T.Kelce,TE,TE,KC,11244,c3859e06-5f23-4302-a71b-04820a899d5f,11594.0,7844.0,1466.0,traviskelce/2540258,15847.0,26686.0,,1725130.0,KelcTr00,travis-kelce-1,8783.0,8411.0,264.0,26686.0,448240.0,15048.0,448240.0,Travis Kelce,travis kelce,3,4,39.0,0,0.0,0.0,22.0,20.0,2.0,2.9530795,0,1.7727273,0.114285715,0.13253012,0.26419964,,,,,,,,,,,,,,,,,,,,,,,,,
2017,REG,12,00-0032392,A.Hooper,TE,TE,ATL,12677,90c2a93f-d837-4e1b-b57c-56648903a8db,15581.0,10715.0,3202.0,,3043275.0,29315.0,,2067004.0,HoopAu00,austin-hooper-1,10748.0,11301.0,384.0,29315.0,739424.0,17963.0,739424.0,Austin Hooper,austin hooper,3,5,38.0,0,0.0,0.0,10.0,30.0,1.0,1.0726559,0,3.8,0.14705883,0.031152649,0.24239509,Austin Hooper,ATL,4.305,4.115487220317457,1.9740000000000009,3.032351224307968,60.0,38.0,0.0,9.743333333333332,7.613543776176736,2.129789557156596,00-0032392,Austin,Hooper,A.Hooper,,,,,,,,,
2017,REG,12,00-0031302,C.Fiedorowicz,TE,TE,HOU,11698,048ff76e-1243-4e80-bfec-7b6dee148132,12146.0,8700.0,1951.0,c.j.fiedorowicz/2543721,16766.0,27593.0,,1737104.0,FiedC.00,cj-fiedorowicz-1,9269.0,9613.0,,27593.0,553670.0,16200.0,,C.J. Fiedorowicz,cj fiedorowicz,4,8,37.0,0,0.0,0.0,72.0,15.0,2.0,-1.1415833,0,0.5138889,0.21621622,0.2580645,0.5049695,C.J. Fiedorowicz,HOU,9.58,3.111496871267178,9.75,25.320564843369585,50.0,37.0,0.0,3.782499999999999,1.970083700683972,1.8124162993160269,00-0031302,Colton,Fiedorowicz,C.Fiedorowicz,,,,,,,,,
2017,REG,12,00-0027696,J.Graham,TE,TE,SEA,9925,fd85786d-3900-4dc0-9b30-334ee30413ed,9712.0,5619.0,616.0,jimmygraham/497236,13232.0,24070.0,6610.0,1691166.0,GrahJi00,jimmy-graham-1,6532.0,5842.0,,24070.0,295918.0,11488.0,295918.0,Jimmy Graham,jimmy graham,3,6,34.0,1,0.0,0.0,76.0,8.0,3.0,-0.41887492,0,0.4473684,0.18181819,0.22960725,0.43345234,Jimmy Graham,SEA,4.484,1.2038675502909473,12.635,23.70914777169664,50.0,34.0,1.0,3.0800000000000005,3.0864009620460515,-0.006400962046051006,00-0027696,Jimmy,Graham,J.Graham,,,,,,,,,
2017,REG,12,00-0031387,E.Ebron,TE,TE,DET,11695,9fbcfae9-dd14-415c-8952-9b1b5dff0dfc,12143.0,8645.0,2118.0,ericebron/2543466,16732.0,27538.0,,1865396.0,EbroEr00,eric-ebron-1,9210.0,9390.0,,27538.0,605752.0,16451.0,605752.0,Eric Ebron,eric ebron,4,4,34.0,0,0.0,0.0,21.0,13.0,3.0,2.9215848,0,1.6190476,0.114285715,0.06840391,0.21931131,,,,,,,,,,,,,,,,,,,,,,,,,
2017,REG,12,00-0033043,A.Traylor,TE,TE,DEN,13534,8f9e7e75-ceab-4483-a234-8318f6923f30,16129.0,,3878.0,,2576449.0,30008.0,,2237885.0,,,11277.0,12057.0,,30008.0,606529.0,18700.0,,Austin Traylor,austin traylor,1,4,34.0,0,0.0,0.0,62.0,21.0,1.0,0.8445225,0,0.5483871,0.11764706,0.19935691,0.31602043,,,,,,,,,,,,,,,,,,,,,,,,,
2017,REG,12,00-0030155,D.Harris,TE,TE,KC,11448,8506c15c-15cc-4d2c-aebf-270c605fe0ec,11881.0,8524.0,1619.0,demetriusharris/2541187,16318.0,27174.0,,2060074.0,HarrDe03,,9847.0,8683.0,,27174.0,602269.0,15305.0,602269.0,Demetrius Harris,demetrius harris,2,2,33.0,0,0.0,0.0,18.0,15.0,1.0,1.7452043,0,1.8333334,0.057142857,0.10843374,0.1616179,,,,,,,,,,,,,,,,,,,,,,,,,
2017,REG,12,00-0033080,S.DeValve,TE,TE,CLE,12792,a2451bf7-83dd-496c-b527-c14d8d518598,15671.0,10772.0,3296.0,,2566659.0,29372.0,,1984760.0,DevaSe00,,11221.0,11444.0,,29372.0,623676.0,18057.0,,Seth DeValve,seth devalve,2,2,33.0,0,0.0,0.0,30.0,3.0,1.0,2.2448447,0,1.1,0.06666667,0.08287293,0.15801105,,,,,,,,,,,,,,,,,,,,,,,,,
2017,REG,12,00-0032135,J.James,TE,TE,PIT,12211,a37a5bfd-b48c-4d8b-817a-d8ce7ca3592d,13959.0,9593.0,2463.0,jessejames/2552633,2979590.0,28548.0,,1983808.0,JameJe00,jesse-james-1,10150.0,10403.0,,28548.0,652019.0,16920.0,652019.0,Jesse James,jesse james,3,4,32.0,0,0.0,0.0,26.0,18.0,2.0,3.4623175,0,1.2307693,0.08888889,0.08496732,0.19281046,,,,,,,,,,,,,,,,,,,,,,,,,
2017,REG,12,00-0022943,B.Watson,TE,TE,BAL,7422,d81844de-54c3-42ee-9850-072dc4131b6f,9040.0,1753.0,663.0,benjaminwatson/2506122,5557.0,6791.0,,493107.0,WatsBe00,benjamin-watson-1,3872.0,48.0,,6791.0,246082.0,11756.0,,Ben Watson,ben watson,3,3,29.0,0,0.0,0.0,22.0,7.0,1.0,0.9524946,0,1.3181819,0.09090909,0.07746479,0.190589,,,,,,,,,,,,,,,,,,,,,,,,,
2017,REG,12,00-0032394,N.Vannett,TE,TE,SEA,12680,c731aa8a-778b-4ccd-a19f-517eb66f47b7,15645.0,10728.0,3258.0,,2576399.0,29328.0,,1871322.0,VannNi00,nick-vannett-1,10949.0,11329.0,,29328.0,606488.0,18019.0,606488.0,Nick Vannett,nick vannett,2,4,29.0,1,0.0,0.0,45.0,0.0,2.0,1.8843147,0,0.64444447,0.121212125,0.13595167,0.27698433,,,,,,,,,,,,,,,,,,,,,,,,,
2017,REG,12,00-0031418,A.Seferian-Jenkins,TE,TE,NYJ,11697,e78261de-af00-4530-824c-500addbe9f98,12145.0,8673.0,2222.0,austinseferian-jenkins/2543683,16795.0,27566.0,,1824731.0,SefeAu00,austin-seferian-jenkins-1,9241.0,9400.0,,27566.0,593347.0,16608.0,,Austin Seferian-Jenkins,austin seferian-jenkins,2,7,27.0,0,0.0,0.0,52.0,17.0,1.0,-2.847794,0,0.5192308,0.20588236,0.14647888,0.41135874,Austin Seferian-Jenkins,NYJ,3.2616666666666667,2.445962413005194,9.229999999999999,18.903420228795458,28.57142857142857,27.0,0.0,9.990000000000002,12.865171409754112,-2.8751714097541097,00-0031418,Austin,Seferian-Jenkins,A.Seferian-Jenkins,,,,,,,,,
2017,REG,12,00-0031384,R.Rodgers,TE,TE,GB,11785,e00b3426-238b-4bdb-85c3-bbf08b7469e3,12233.0,8733.0,2146.0,richardrodgers/2550313,16786.0,27626.0,,2129433.0,RodgRi00,richard-rodgers-1,9559.0,9547.0,,27626.0,607699.0,16491.0,607699.0,Richard Rodgers,richard rodgers,1,3,25.0,0,0.0,0.0,11.0,18.0,1.0,-0.021745063,0,2.2727273,0.12,0.08661418,0.24062993,,,,,,,,,,,,,,,,,,,,,,,,,
2017,REG,12,00-0031044,T.Niklas,TE,TE,ARI,11703,2b159c76-53d6-4670-b341-392bc7d6d5f2,12151.0,8687.0,2245.0,troyniklas/2543628,16797.0,27580.0,,1893206.0,NiklTr00,troy-niklas-1,9292.0,9319.0,,27580.0,610949.0,16648.0,,Troy Niklas,troy niklas,2,2,22.0,0,0.0,0.0,16.0,6.0,1.0,1.579216,0,1.375,0.054054055,0.047058824,0.114022255,,,,,,,,,,,,,,,,,,,,,,,,,
2017,REG,12,00-0032098,D.Brown,TE,TE,CHI,12585,1b016b52-62ba-4da9-9ead-6bad689f8d33,14470.0,10144.0,2751.0,,2519013.0,29102.0,,2175305.0,BrowDa04,,10713.0,11092.0,,29102.0,561380.0,17219.0,561380.0,Daniel Brown,daniel brown,2,3,20.0,0,0.0,0.0,25.0,0.0,1.0,0.6970187,0,0.8,0.09375,0.091240875,0.20449361,,,,,,,,,,,,,,,,,,,,,,,,,
2017,REG,12,00-0032117,N.O'Leary,TE,TE,BUF,12207,c257b2e6-dfc9-45c8-b30c-a497f2ce82a2,13957.0,9627.0,2495.0,,2576804.0,28582.0,,1860760.0,OLeaNi00,nick-oleary-1,10250.0,10568.0,,28582.0,605423.0,16954.0,,Nick O'Leary,nick oleary,2,2,18.0,0,0.0,0.0,16.0,2.0,0.0,1.2981942,0,1.125,0.06896552,0.06779661,0.1509059,,,,,,,,,,,,,,,,,,,,,,,,,
2017,REG,12,00-0033881,E.Engram,TE,TE,NYG,13189,e21365af-8d66-416e-b0a5-8816d18fcfd9,16411.0,11778.0,4066.0,,3051876.0,30136.0,,2079887.0,EngrEv00,evan-engram-1,11805.0,12205.0,229.0,30136.0,749185.0,18912.0,749185.0,Evan Engram,evan engram,3,7,18.0,0,0.0,0.0,50.0,3.0,1.0,-3.6817732,0,0.36,0.26923078,0.2617801,0.5870922,Evan Engram,NYG,4.202,1.7101448308135294,6.637142857142857,25.888777443441434,42.857142857142854,18.0,0.0,0.6733333333333343,1.658125471867109,-0.9847921385337747,00-0033881,Evan,Engram,E.Engram,,,,,,,,,
2017,REG,12,00-0028093,N.Paul,TE,TE,WAS,10394,38f5843a-8318-4eb7-b517-c83d415e77a4,9988.0,6307.0,918.0,nilespaul/2495211,14156.0,24942.0,7556.0,1272502.0,PaulNi00,niles-paul-1,7384.0,6661.0,,24942.0,406159.0,13170.0,,Niles Paul,niles paul,3,5,16.0,0,0.0,0.0,31.0,10.0,0.0,-1.8394564,0,0.516129,0.16666667,0.13716814,0.3460177,Niles Paul,WAS,6.9719999999999995,2.7347900132127085,6.282000000000001,12.670942756867968,60.0,16.0,0.0,3.4599999999999995,2.8475886152039798,0.6124113847960198,00-0028093,Niles,Paul,N.Paul,,,,,,,,,
2017,REG,12,00-0028142,V.Green,TE,TE,DEN,10432,6ef43c53-53d7-4b0f-ad99-17664d663ae8,10026.0,6356.0,868.0,virgilgreen/2495288,14085.0,24991.0,7502.0,1130615.0,GreeVi00,virgil-green-1,7416.0,6570.0,,24991.0,323254.0,13016.0,,Virgil Green,virgil green,1,3,16.0,0,0.0,0.0,15.0,5.0,1.0,-5.7442026,0,1.0666667,0.0882353,0.048231512,0.166115,,,,,,,,,,,,,,,,,,,,,,,,,
2017,REG,12,00-0027675,E.Dickson,TE,TE,CAR,9912,46bb9a85-523c-4530-95c3-2c2a9737e65f,9706.0,5595.0,701.0,eddickson/497224,13272.0,24045.0,6604.0,565631.0,DickEd00,ed-dickson-1,6530.0,5840.0,,24045.0,296060.0,12153.0,,Ed Dickson,ed dickson,1,3,15.0,0,0.0,0.0,27.0,16.0,1.0,-0.28368336,0,0.5555556,0.10714286,0.07605634,0.21395372,,,,,,,,,,,,,,,,,,,,,,,,,
2017,REG,12,00-0031299,J.Matthews,TE,TE,BUF,11676,7b96a836-666b-47b6-a0a7-9dbb0b4c53e8,12124.0,8677.0,1800.0,jordanmatthews/2543500,16763.0,27570.0,,1759816.0,MattJo00,jordan-matthews-1,9273.0,9420.0,,27570.0,555648.0,15974.0,555648.0,Jordan Matthews,jordan matthews,2,3,15.0,0,0.0,0.0,18.0,1.0,1.0,0.55855614,0,0.8333333,0.10344828,0.076271184,0.20856224,,,,,,,,,,,,,,,,,,,,,,,,,
2017,REG,12,00-0032214,T.Kroft,TE,TE,CIN,12212,36f54823-9d51-4180-9c91-d10281deb4bf,13960.0,9518.0,2390.0,tylerkroft/2552586,2582410.0,28473.0,,1824200.0,KrofTy00,tyler-kroft-1,10247.0,10490.0,,28473.0,592268.0,16846.0,592268.0,Tyler Kroft,tyler kroft,3,4,14.0,1,0.0,0.0,13.0,4.0,1.0,-0.77520996,0,1.0769231,0.15384616,0.07878788,0.28592074,,,,,,,,,,,,,,,,,,,,,,,,,
2017,REG,12,00-0033288,G.Kittle,TE,TE,SF,13299,2ada91b0-036e-454f-83c3-6d939ff584a9,16499.0,11901.0,4217.0,,3040151.0,30259.0,,2818265.0,KittGe00,george-kittle-1,11892.0,12276.0,298.0,30259.0,733672.0,19063.0,733672.0,George Kittle,george kittle,1,2,14.0,0,0.0,0.0,4.0,3.0,0.0,0.72008973,0,3.5,0.05263158,0.013793103,0.08860254,,,,,,,,,,,,,,,,,,,,,,,,,
2017,REG,12,00-0027873,J.Gresham,TE,TE,ARI,9838,b44773b9-af17-4d6c-a453-132e20849712,9685.0,5546.0,530.0,jermainegresham/497238,13228.0,23996.0,,1123667.0,GresJe00,jermaine-gresham-1,6455.0,5549.0,,23996.0,333278.0,11026.0,,Jermaine Gresham,jermaine gresham,2,3,13.0,0,0.0,0.0,8.0,10.0,1.0,-0.5409819,0,1.625,0.08108108,0.023529412,0.1380922,,,,,,,,,,,,,,,,,,,,,,,,,
2017,REG,12,00-0028097,L.Smith,TE,TE,LV,10398,cf23126f-055b-4617-819b-bb4bcb84541a,9992.0,6311.0,812.0,leesmith/2495347,14215.0,24946.0,7585.0,1276441.0,SmitLe00,lee-smith-2,7425.0,6665.0,,24946.0,334184.0,12777.0,334184.0,Lee Smith,lee smith,1,1,12.0,0,0.0,0.0,9.0,3.0,1.0,0.63133305,0,1.3333334,0.041666668,0.04522613,0.09415829,,,,,,,,,,,,,,,,,,,,,,,,,
2017,REG,12,00-0031558,M.Williams,TE,TE,BAL,12206,52f4a43a-64a9-4d69-a9e2-28bd60f68e49,13919.0,9488.0,2360.0,,2970726.0,28443.0,,1983769.0,WillMa04,maxx-williams-1,10128.0,10298.0,,28443.0,651658.0,16816.0,651658.0,Maxx Williams,maxx williams,1,1,12.0,0,0.0,0.0,2.0,10.0,1.0,0.85263556,0,6.0,0.030303031,0.0070422534,0.050384123,,,,,,,,,,,,,,,,,,,,,,,,,
2017,REG,12,00-0024243,M.Lewis,TE,TE,JAX,8269,9c21e9af-681c-41ef-9b00-fbc9e1668ed1,9413.0,2973.0,111.0,marcedeslewis/2495888,9614.0,7777.0,4007.0,415313.0,LewiMa00,marcedes-lewis-1,4891.0,3615.0,,7777.0,214197.0,3061.0,214197.0,Marcedes Lewis,marcedes lewis,1,2,10.0,0,0.0,0.0,14.0,0.0,1.0,-0.21195532,0,0.71428573,0.0625,0.05511811,0.13233268,,,,,,,,,,,,,,,,,,,,,,,,,
2017,REG,12,00-0025418,G.Olsen,TE,TE,CAR,8687,587d0a98-7ec5-45a5-adba-8af26e8f256b,9238.0,3647.0,58.0,gregolsen/2495700,10475.0,8285.0,,502524.0,OlseGr00,greg-olsen-1,5206.0,4190.0,,8285.0,230925.0,1658.0,,Greg Olsen,greg olsen,1,4,10.0,0,0.0,0.0,47.0,4.0,1.0,-1.6311581,0,0.21276596,0.14285715,0.13239437,0.30696177,,,,,,,,,,,,,,,,,,,,,,,,,
2017,REG,12,00-0029587,R.Ellison,TE,TE,NYG,10838,cccc9f16-9508-434f-b7a4-9a29cb0cacf9,11315.0,7128.0,1211.0,rhettellison/2532835,15003.0,25838.0,,1244464.0,ElliRh00,rhett-ellison-1,8114.0,7580.0,,25838.0,399295.0,14445.0,,Rhett Ellison,rhett ellison,1,1,9.0,0,0.0,0.0,2.0,7.0,1.0,0.7175284,0,4.5,0.03846154,0.010471204,0.06502215,,,,,,,,,,,,,,,,,,,,,,,,,
2017,REG,12,00-0031598,N.Boyle,TE,TE,BAL,12328,9480dd9f-151f-4e6d-b5a3-35f07bda4cac,13963.0,9604.0,2474.0,,2574591.0,28559.0,,1888149.0,BoylNi00,,10252.0,10547.0,,28559.0,608753.0,16931.0,608753.0,Nick Boyle,nick boyle,1,1,9.0,0,0.0,0.0,4.0,5.0,0.0,0.6832692,0,2.25,0.030303031,0.014084507,0.0553137,,,,,,,,,,,,,,,,,,,,,,,,,
2017,REG,12,00-0033895,G.Everett,TE,TE,LA,13236,ebeceb00-57e0-4b74-9cf7-853da2afed18,16459.0,11799.0,4089.0,,3918639.0,30157.0,,2142692.0,EverGe00,gerald-everett-1,11737.0,12284.0,55.0,30157.0,838487.0,18935.0,838487.0,Gerald Everett,gerald everett,1,1,9.0,0,0.0,0.0,-1.0,10.0,0.0,0.5987495,0,0.0,0.023255814,-0.0030487804,0.032749575,,,,,,,,,,,,,,,,,,,,,,,,,
2017,REG,12,00-0029697,C.Fleener,TE,TE,NO,10743,9102665d-a658-4264-81c3-b9810776ddf0,11220.0,7038.0,1107.0,cobyfleener/2532838,14900.0,25744.0,,1244492.0,FleeCo00,coby-fleener-1,8064.0,7418.0,,25744.0,399848.0,13997.0,,Coby Fleener,coby fleener,1,2,8.0,0,0.0,0.0,9.0,3.0,0.0,-1.0565213,0,0.8888889,0.0625,0.033333335,0.11708333,,,,,,,,,,,,,,,,,,,,,,,,,
2017,REG,12,00-0028903,G.Celek,TE,TE,SF,11007,16cc9ade-f9ad-4d32-b5b9-d7568ee80f58,11507.0,7274.0,1223.0,garrettcelek/2534820,15204.0,26253.0,,1975891.0,,,8516.0,7982.0,,26253.0,403184.0,14496.0,,Garrett Celek,garrett celek,2,2,7.0,0,0.0,0.0,5.0,2.0,0.0,-1.729402,0,1.4,0.05263158,0.01724138,0.09101634,,,,,,,,,,,,,,,,,,,,,,,,,
2017,REG,12,00-0031951,J.O'Shaughnessy,TE,TE,JAX,12330,e5c6b0d4-3e77-422b-a6d8-574a10ed385e,14146.0,9606.0,2476.0,,2508079.0,28561.0,,2174148.0,O'ShJa00,,10249.0,10549.0,,28561.0,552352.0,16933.0,552352.0,James O'Shaughnessy,james oshaughnessy,1,2,7.0,0,0.0,0.0,13.0,4.0,0.0,0.06830851,0,0.53846157,0.0625,0.051181104,0.12957677,,,,,,,,,,,,,,,,,,,,,,,,,
2017,REG,12,00-0031273,C.Brate,TE,TE,TB,12110,5afe93fd-0caf-4cca-83fc-7f405bebfa3e,13470.0,9207.0,2214.0,,17453.0,28267.0,,2132787.0,BratCa00,,10008.0,10193.0,,28267.0,552926.0,16593.0,552926.0,Cameron Brate,cameron brate,1,2,6.0,0,0.0,0.0,19.0,1.0,0.0,-3.7033417,0,0.31578946,0.045454547,0.055072464,0.10673254,,,,,,,,,,,,,,,,,,,,,,,,,
2017,REG,12,00-0027061,J.Cook,TE,TE,LV,9474,3b7a1409-d154-4e5c-8c94-9d4a0e0993c7,9265.0,5012.0,367.0,jaredcook/71265,12537.0,9353.0,6126.0,584314.0,CookJa02,jared-cook-2,5981.0,5165.0,,9353.0,296480.0,8534.0,296480.0,Jared Cook,jared cook,1,5,2.0,0,0.0,0.0,33.0,1.0,0.0,-2.5837054,0,0.060606062,0.20833333,0.16582915,0.4285804,Jared Cook,LV,4.398,2.6029784913233778,6.195999999999999,18.646924280727088,20.0,2.0,0.0,1.0900000000000034,2.1701403181241403,-1.080140318124137,00-0027061,Jared,Cook,J.Cook,,,,,,,,,
2017,REG,12,00-0029689,D.Allen,TE,TE,NE,10742,cc745cc3-d52a-454b-98c8-ac9155a9405c,11219.0,7066.0,1105.0,dwayneallen/2533046,14901.0,25774.0,8485.0,1630216.0,AlleDw00,dwayne-allen-1,8041.0,7452.0,,25774.0,463515.0,13987.0,,Dwayne Allen,dwayne allen,1,2,2.0,0,0.0,0.0,-5.0,10.0,0.0,-1.2370999,0,0.0,0.071428575,-0.022123894,0.09165613,,,,,,,,,,,,,,,,,,,,,,,,,
2017,REG,12,00-0031035,X.Grimble,TE,TE,PIT,11701,c9557ff2-899f-41e3-8a0e-35ca874db9b2,12149.0,9092.0,2082.0,xaviergrimble/2550521,17348.0,28184.0,,2130777.0,,,9283.0,9614.0,,28184.0,555680.0,16395.0,,Xavier Grimble,xavier grimble,1,1,1.0,1,0.0,0.0,0.0,1.0,1.0,2.4037201,0,0.0,0.022222223,0.0,0.033333335,,,,,,,,,,,,,,,,,,,,,,,,,
2017,REG,12,00-0033896,A.Shaheen,TE,TE,CHI,13254,87171077-4c1c-4b67-b159-2cc6242988e0,16457.0,11800.0,4085.0,,4198676.0,30158.0,,2818105.0,ShahAd00,,11898.0,12283.0,,30158.0,1049770.0,18931.0,1049770.0,Adam Shaheen,adam shaheen,1,1,1.0,0,0.0,0.0,1.0,0.0,0.0,-0.4857052,0,1.0,0.03125,0.003649635,0.049429744,,,,,,,,,,,,,,,,,,,,,,,,,
2017,REG,12,00-0021547,A.Gates,TE,TE,LAC,7236,82da09c2-e542-4f7d-87d9-24dfd8e014de,9027.0,1609.0,322.0,antoniogates/2505299,5362.0,6663.0,,396811.0,,,3172.0,611.0,,6663.0,234249.0,7884.0,,Antonio Gates,antonio gates,0,2,0.0,0,0.0,0.0,22.0,0.0,0.0,-1.1797484,0,0.0,0.060606062,0.071428575,0.14090909,,,,,,,,,,,,,,,,,,,,,,,,,
2017,REG,12,00-0024221,V.Davis,TE,TE,WAS,8247,0a95e792-6455-4927-9539-f95fa7f41fbb,9621.0,2951.0,200.0,vernondavis/2495826,9592.0,7755.0,,409254.0,DaviVe00,vernon-davis-1,4732.0,3638.0,,7755.0,215595.0,5084.0,,Vernon Davis,vernon davis,0,1,0.0,0,0.0,0.0,5.0,0.0,0.0,-0.48111904,0,0.0,0.033333335,0.022123894,0.06548673,,,,,,,,,,,,,,,,,,,,,,,,,
2017,REG,12,00-0025549,B.Celek,TE,TE,PHI,8838,645a8bf9-2079-4df4-904a-3d8f08438b85,9070.0,3778.0,221.0,brentcelek/2507218,10605.0,8416.0,4697.0,408126.0,CeleBr00,brent-celek-1,5403.0,4269.0,,8416.0,229510.0,5511.0,,Brent Celek,brent celek,0,1,0.0,0,0.0,0.0,9.0,0.0,0.0,-0.42180634,0,0.0,0.025641026,0.029801324,0.059322465,,,,,,,,,,,,,,,,,,,,,,,,,
2017,REG,12,00-0029738,D.Fells,TE,TE,DET,11337,54d4e35a-2e6c-48f6-86ad-92dd596c173c,13636.0,8549.0,1592.0,darrenfells/2540928,15773.0,26612.0,,2053740.0,FellDa01,,9758.0,8472.0,,26612.0,266414.0,15247.0,266414.0,Darren Fells,darren fells,0,3,0.0,0,0.0,0.0,35.0,0.0,0.0,-3.2655146,0,0.0,0.08571429,0.11400651,0.20837599,,,,,,,,,,,,,,,,,,,,,,,,,
2017,REG,12,00-0030422,D.Sims,TE,TE,CHI,11249,9c04a540-cb7c-41dc-8e7c-50b7af29a3a2,11691.0,7888.0,1357.0,dionsims/2540200,15974.0,26729.0,,1700507.0,SimsDi00,dion-sims-1,8784.0,8532.0,,26729.0,511525.0,14876.0,,Dion Sims,dion sims,1,1,-3.0,0,0.0,0.0,-4.0,1.0,0.0,-1.0494652,0,0.0,0.03125,-0.01459854,0.036656022,,,,,,,,,,,,,,,,,,,,,,,,,
2017,REG,13,00-0027656,R.Gronkowski,TE,TE,NE,9902,2142a164-48ad-47d6-bb27-0bc58c6b2e62,9721.0,5567.0,515.0,robgronkowski/497240,13229.0,24017.0,,1244303.0,GronRo00,rob-gronkowski-1,6443.0,5729.0,,24017.0,381091.0,10974.0,381091.0,Rob Gronkowski,rob gronkowski,9,11,147.0,0,0.0,0.0,156.0,30.0,7.0,11.940267,0,0.9423077,0.36666667,0.6393443,0.997541,Rob Gronkowski,NE,5.473999999999999,2.4743149688604347,12.42545454545455,61.65366051693807,81.81818181818183,147.0,0.0,5.225555555555553,4.722773188296717,0.5027823672588356,00-0027656,Robert,Gronkowski,R.Gronkowski,,,,,,,,,
2017,REG,13,00-0033881,E.Engram,TE,TE,NYG,13189,e21365af-8d66-416e-b0a5-8816d18fcfd9,16411.0,11778.0,4066.0,,3051876.0,30136.0,,2079887.0,EngrEv00,evan-engram-1,11805.0,12205.0,229.0,30136.0,749185.0,18912.0,749185.0,Evan Engram,evan engram,7,8,99.0,1,0.0,0.0,58.0,46.0,5.0,8.771039,0,1.7068965,0.24242425,0.32768363,0.5930149,Evan Engram,NYG,5.788571428571429,4.302547613315008,7.51125,31.984883163889926,87.5,99.0,1.0,7.175714285714285,4.893067554901271,2.2826467308130143,00-0033881,Evan,Engram,E.Engram,,,,,,,,,
2017,REG,13,00-0030506,T.Kelce,TE,TE,KC,11244,c3859e06-5f23-4302-a71b-04820a899d5f,11594.0,7844.0,1466.0,traviskelce/2540258,15847.0,26686.0,,1725130.0,KelcTr00,travis-kelce-1,8783.0,8411.0,264.0,26686.0,448240.0,15048.0,448240.0,Travis Kelce,travis kelce,4,8,94.0,2,0.0,0.0,146.0,35.0,3.0,5.153729,0,0.6438356,0.25,0.34679335,0.61775535,Travis Kelce,KC,4.548571428571429,3.653225022436315,17.380000000000003,34.61720403336238,50.0,94.0,2.0,9.349999999999998,7.848446941210227,1.5015530587897707,00-0030506,Travis,Kelce,T.Kelce,,,,,,,,,
2017,REG,13,00-0033090,H.Henry,TE,TE,LAC,12676,705899da-3c20-4bc3-b5d0-2e6e40655131,15561.0,10669.0,3214.0,,3046439.0,29269.0,,2079848.0,HenrHu00,hunter-henry-1,10735.0,11299.0,212.0,29269.0,744425.0,17975.0,744425.0,Hunter Henry,hunter henry,7,9,81.0,0,0.0,0.0,91.0,11.0,5.0,4.759849,0,0.8901099,0.20930232,0.25,0.4889535,Hunter Henry,LAC,6.175,2.717057312383381,8.641111111111112,22.236518556642082,77.77777777777779,81.0,0.0,3.014285714285714,2.581714317992432,0.432571396293282,00-0033090,Hunter,Henry,H.Henry,,,,,,,,,
2017,REG,13,00-0032725,S.Anderson,TE,TE,HOU,12859,5cb0bf9c-03b4-4201-97c5-a59c6db50841,15760.0,11160.0,3496.0,,2576854.0,29789.0,,1880821.0,AndeSt01,,10885.0,11556.0,,29789.0,607660.0,18262.0,607660.0,Stephen Anderson,stephen anderson,5,12,79.0,1,0.0,0.0,115.0,16.0,4.0,5.799537,0,0.6869565,0.25,0.3042328,0.587963,Stephen Anderson,HOU,3.9924999999999997,2.013420142838834,10.305833333333334,32.00403705812328,41.66666666666667,79.0,1.0,3.2679999999999993,4.039416778498617,-0.7714167784986175,00-0032725,Stephen,Anderson,S.Anderson,,,,,,,,,
2017,REG,13,00-0033885,D.Njoku,TE,TE,CLE,13192,8f86fcea-90e8-49ea-bc78-5c7659313e57,16399.0,11784.0,4033.0,,3123076.0,30142.0,,2136474.0,NjokDa00,david-njoku-1,11734.0,12186.0,252.0,30142.0,832098.0,18876.0,832098.0,David Njoku,david njoku,4,6,74.0,1,0.0,0.0,88.0,24.0,3.0,5.8216453,0,0.84090906,0.1875,0.20045558,0.4215689,David Njoku,CLE,5.1579999999999995,2.544843295518968,13.780000000000001,20.004355084561222,66.66666666666666,74.0,1.0,7.425000000000001,5.615510584015624,1.8094894159843768,00-0033885,David,Njoku,D.Njoku,,,,,,,,,
2017,REG,13,00-0024389,De.Walker,TE,TE,TEN,8416,ccce5e8e-52ca-4f0f-a40f-fe5e7227d156,9172.0,3120.0,284.0,delaniewalker/2495966,9761.0,7924.0,4353.0,1109396.0,WalkHu00,,4888.0,3976.0,,7924.0,218943.0,7175.0,,Delanie Walker,delanie walker,5,5,63.0,1,0.0,0.0,49.0,14.0,3.0,7.2465773,0,1.2857143,0.23809524,0.25789472,0.5376692,Delanie Walker,TEN,9.134,2.566088715211167,8.902,22.739348114846223,100.0,63.0,1.0,3.6980000000000004,2.5318850547392815,1.166114945260719,00-0024389,Delanie,Walker,D.Walker,,,,,,,,,
2017,REG,13,00-0032055,D.Funchess,TE,TE,CAR,12205,7f5f2a81-ac40-420c-9421-5b9e2a21faf8,13915.0,9474.0,2346.0,,2977609.0,28429.0,,2001877.0,FuncDe00,devin-funchess-1,10138.0,10391.0,,28429.0,696127.0,16802.0,696127.0,Devin Funchess,devin funchess,4,7,60.0,1,0.0,0.0,63.0,40.0,1.0,-0.6226566,0,0.95238096,0.25,0.39375,0.650625,,,,,,,,,,,,,,,,,,,,,,,,,
2017,REG,13,00-0032256,C.Walford,TE,TE,LV,12210,2e56cca7-b898-4aac-bbc5-b5bda9163be1,13956.0,9501.0,2373.0,clivewalford/2552397,2512593.0,28456.0,,1759387.0,WalfCl00,clive-walford-1,10127.0,10471.0,,28456.0,553616.0,16829.0,,Clive Walford,clive walford,4,4,57.0,0,0.0,0.0,43.0,14.0,2.0,3.6839442,0,1.3255814,0.114285715,0.14675768,0.27415895,,,,,,,,,,,,,,,,,,,,,,,,,
2017,REG,13,00-0024243,M.Lewis,TE,TE,JAX,8269,9c21e9af-681c-41ef-9b00-fbc9e1668ed1,9413.0,2973.0,111.0,marcedeslewis/2495888,9614.0,7777.0,4007.0,415313.0,LewiMa00,marcedes-lewis-1,4891.0,3615.0,,7777.0,214197.0,3061.0,214197.0,Marcedes Lewis,marcedes lewis,4,5,46.0,0,0.0,0.0,21.0,30.0,2.0,3.1598141,1,2.1904762,0.14285715,0.08108108,0.27104247,Marcedes Lewis,JAX,4.373333333333333,4.149023031482709,4.484,8.166982369226286,80.0,46.0,0.0,7.114999999999999,7.930046499740115,-0.8150464997401157,00-0024243,Marcedes,Lewis,M.Lewis,,,,,,,,,
2017,REG,13,00-0033611,R.Seals-Jones,TE,TE,ARI,13382,52735659-a294-4f64-a7f4-3591450834e5,16730.0,12020.0,4531.0,,3051806.0,30494.0,,2080003.0,SealRi00,,11876.0,12463.0,,30494.0,744568.0,19410.0,744568.0,Ricky Seals-Jones,ricky seals-jones,2,5,44.0,0,0.0,0.0,75.0,22.0,2.0,3.639861,0,0.58666664,0.15625,0.19379845,0.37003392,Ricky Seals-Jones,ARI,4.976666666666667,1.7472274165384583,14.798000000000002,20.096694461797544,40.0,44.0,0.0,11.120000000000001,3.278691701432763,7.841308298567238,00-0033611,Roderick,Seals-Jones,R.Seals-Jones,,,,,,,,,
2017,REG,13,00-0030710,T.Burton,TE,TE,PHI,11705,bc0f07a4-3e7b-4e61-987a-05533dc225be,12153.0,9185.0,1793.0,treyburton/2550284,16974.0,27789.0,,2130223.0,BurtTr01,,9490.0,9737.0,,27789.0,542788.0,15965.0,,Trey Burton,trey burton,4,7,42.0,0,0.0,0.0,76.0,2.0,2.0,-0.8635588,0,0.55263156,0.15555556,0.1436673,0.33390045,Trey Burton,PHI,6.724000000000001,2.8480097676449003,10.8,14.519195682651862,57.14285714285714,42.0,0.0,0.5700000000000003,0.6927790596856482,-0.12277905968564795,00-0030710,Lawrence,Burton,T.Burton,,,,,,,,,
2017,REG,13,00-0032394,N.Vannett,TE,TE,SEA,12680,c731aa8a-778b-4ccd-a19f-517eb66f47b7,15645.0,10728.0,3258.0,,2576399.0,29328.0,,1871322.0,VannNi00,nick-vannett-1,10949.0,11329.0,,29328.0,606488.0,18019.0,606488.0,Nick Vannett,nick vannett,3,3,40.0,0,0.0,0.0,25.0,15.0,2.0,2.2200196,0,1.6,0.11111111,0.14204545,0.2660985,,,,,,,,,,,,,,,,,,,,,,,,,
2017,REG,13,00-0031273,C.Brate,TE,TE,TB,12110,5afe93fd-0caf-4cca-83fc-7f405bebfa3e,13470.0,9207.0,2214.0,,17453.0,28267.0,,2132787.0,BratCa00,,10008.0,10193.0,,28267.0,552926.0,16593.0,552926.0,Cameron Brate,cameron brate,2,6,39.0,2,0.0,0.0,78.0,5.0,2.0,5.4247575,0,0.5,0.1875,0.28057554,0.47765288,Cameron Brate,TB,4.637499999999999,1.4853452563862657,12.418333333333331,28.708484241350074,33.33333333333333,39.0,2.0,5.404999999999999,2.3448032635355958,3.0601967364644036,00-0031273,Cameron,Brate,C.Brate,,,,,,,,,
2017,REG,13,00-0031387,E.Ebron,TE,TE,DET,11695,9fbcfae9-dd14-415c-8952-9b1b5dff0dfc,12143.0,8645.0,2118.0,ericebron/2543466,16732.0,27538.0,,1865396.0,EbroEr00,eric-ebron-1,9210.0,9390.0,,27538.0,605752.0,16451.0,605752.0,Eric Ebron,eric ebron,4,4,38.0,0,0.0,0.0,27.0,11.0,3.0,4.528144,0,1.4074074,0.11764706,0.0851735,0.23609205,,,,,,,,,,,,,,,,,,,,,,,,,
2017,REG,13,00-0027981,K.Rudolph,TE,TE,MIN,10312,1059e9dc-97df-4643-9116-883a0573d8b1,9906.0,6195.0,943.0,kylerudolph/2495438,14054.0,24830.0,7444.0,1633122.0,RudoKy00,kyle-rudolph-1,7246.0,6459.0,,24830.0,469472.0,13275.0,469472.0,Kyle Rudolph,kyle rudolph,4,5,36.0,1,0.0,0.0,39.0,21.0,3.0,2.8917053,0,0.9230769,0.16666667,0.24223602,0.41956523,Kyle Rudolph,MIN,5.1433333333333335,3.378612136010818,9.709999999999999,30.482827902304262,80.0,36.0,1.0,5.0425,4.516947886254002,0.5255521137459986,00-0027981,Kyle,Rudolph,K.Rudolph,,,,,,,,,
2017,REG,13,00-0028142,V.Green,TE,TE,DEN,10432,6ef43c53-53d7-4b0f-ad99-17664d663ae8,10026.0,6356.0,868.0,virgilgreen/2495288,14085.0,24991.0,7502.0,1130615.0,GreeVi00,virgil-green-1,7416.0,6570.0,,24991.0,323254.0,13016.0,,Virgil Green,virgil green,1,1,36.0,0,0.0,0.0,12.0,24.0,1.0,3.0869308,0,3.0,0.025,0.04195804,0.06687063,,,,,,,,,,,,,,,,,,,,,,,,,
2017,REG,13,00-0033080,S.DeValve,TE,TE,CLE,12792,a2451bf7-83dd-496c-b527-c14d8d518598,15671.0,10772.0,3296.0,,2566659.0,29372.0,,1984760.0,DevaSe00,,11221.0,11444.0,,29372.0,623676.0,18057.0,,Seth DeValve,seth devalve,2,3,33.0,0,0.0,0.0,23.0,29.0,2.0,1.1139505,0,1.4347826,0.09375,0.0523918,0.17729926,,,,,,,,,,,,,,,,,,,,,,,,,
2017,REG,13,00-0021547,A.Gates,TE,TE,LAC,7236,82da09c2-e542-4f7d-87d9-24dfd8e014de,9027.0,1609.0,322.0,antoniogates/2505299,5362.0,6663.0,,396811.0,,,3172.0,611.0,,6663.0,234249.0,7884.0,,Antonio Gates,antonio gates,3,4,32.0,0,0.0,0.0,30.0,6.0,2.0,3.7238407,0,1.0666667,0.093023255,0.082417585,0.1972272,,,,,,,,,,,,,,,,,,,,,,,,,
2017,REG,13,00-0028903,G.Celek,TE,TE,SF,11007,16cc9ade-f9ad-4d32-b5b9-d7568ee80f58,11507.0,7274.0,1223.0,garrettcelek/2534820,15204.0,26253.0,,1975891.0,,,8516.0,7982.0,,26253.0,403184.0,14496.0,,Garrett Celek,garrett celek,2,4,30.0,0,0.0,0.0,47.0,12.0,2.0,0.77243775,0,0.63829786,0.10810811,0.16549295,0.27800724,,,,,,,,,,,,,,,,,,,,,,,,,
2017,REG,13,00-0032214,T.Kroft,TE,TE,CIN,12212,36f54823-9d51-4180-9c91-d10281deb4bf,13960.0,9518.0,2390.0,tylerkroft/2552586,2582410.0,28473.0,,1824200.0,KrofTy00,tyler-kroft-1,10247.0,10490.0,,28473.0,592268.0,16846.0,592268.0,Tyler Kroft,tyler kroft,2,2,30.0,0,0.0,0.0,20.0,10.0,2.0,2.3490758,0,1.5,0.057142857,0.057471264,0.12594417,,,,,,,,,,,,,,,,,,,,,,,,,
2017,REG,13,00-0024268,A.Fasano,TE,TE,MIA,8294,04eb8101-538f-44ac-ba09-ce30b5344fc2,9023.0,2998.0,51.0,anthonyfasano/2495835,9639.0,7802.0,3911.0,410446.0,FasaAn00,anthony-fasano-1,4755.0,3604.0,,7802.0,217412.0,1545.0,,Anthony Fasano,anthony fasano,1,1,29.0,0,0.0,0.0,22.0,7.0,1.0,1.6300806,0,1.3181819,0.03125,0.05882353,0.08805147,,,,,,,,,,,,,,,,,,,,,,,,,
2017,REG,13,00-0031951,J.O'Shaughnessy,TE,TE,JAX,12330,e5c6b0d4-3e77-422b-a6d8-574a10ed385e,14146.0,9606.0,2476.0,,2508079.0,28561.0,,2174148.0,O'ShJa00,,10249.0,10549.0,,28561.0,552352.0,16933.0,552352.0,James O'Shaughnessy,james oshaughnessy,1,1,29.0,0,0.0,0.0,8.0,21.0,1.0,4.4933925,0,3.625,0.028571429,0.03088803,0.06447876,,,,,,,,,,,,,,,,,,,,,,,,,
2017,REG,13,00-0027696,J.Graham,TE,TE,SEA,9925,fd85786d-3900-4dc0-9b30-334ee30413ed,9712.0,5619.0,616.0,jimmygraham/497236,13232.0,24070.0,6610.0,1691166.0,GrahJi00,jimmy-graham-1,6532.0,5842.0,,24070.0,295918.0,11488.0,295918.0,Jimmy Graham,jimmy graham,3,4,26.0,1,0.0,0.0,15.0,12.0,1.0,2.9212456,0,1.7333333,0.14814815,0.08522727,0.2818813,,,,,,,,,,,,,,,,,,,,,,,,,
2017,REG,13,00-0030443,L.Toilolo,TE,TE,ATL,11252,67d56171-7522-430c-b7d9-8f7e2b6624d3,11694.0,7915.0,1642.0,levinetoilolo/2540203,15980.0,26756.0,,1685990.0,ToilLe00,levine-toilolo-1,8789.0,8414.0,,26756.0,503205.0,15378.0,503205.0,Levine Toilolo,levine toilolo,2,2,25.0,0,0.0,0.0,7.0,18.0,1.0,2.8581777,0,3.5714285,0.06896552,0.021806853,0.11871307,,,,,,,,,,,,,,,,,,,,,,,,,
2017,REG,13,00-0022943,B.Watson,TE,TE,BAL,7422,d81844de-54c3-42ee-9850-072dc4131b6f,9040.0,1753.0,663.0,benjaminwatson/2506122,5557.0,6791.0,,493107.0,WatsBe00,benjamin-watson-1,3872.0,48.0,,6791.0,246082.0,11756.0,,Ben Watson,ben watson,3,5,24.0,1,0.0,0.0,35.0,17.0,3.0,1.174738,0,0.6857143,0.1388889,0.11666667,0.29,Benjamin Watson,BAL,5.714,2.375420121506454,7.242,11.998409490042746,60.0,24.0,1.0,5.989999999999999,6.5351182437286,-0.5451182437286004,00-0022943,Benjamin,Watson,B.Watson,,,,,,,,,
2017,REG,13,00-0030061,Z.Ertz,TE,TE,PHI,11247,de3421f7-2147-4835-89a5-724e87bad463,11689.0,7816.0,1339.0,zachertz/2540158,15835.0,26658.0,,1685963.0,ErtzZa00,zach-ertz-1,8781.0,8409.0,305.0,26658.0,503177.0,14856.0,503177.0,Zach Ertz,zach ertz,2,4,24.0,0,0.0,0.0,47.0,1.0,2.0,0.5994568,0,0.5106383,0.08888889,0.08884688,0.19552615,,,,,,,,,,,,,,,,,,,,,,,,,
2017,REG,13,00-0033559,M.Roberts,TE,TE,DET,13197,bb9f0c5a-cbc2-43bb-9aa5-77cdc7e77bb6,16500.0,11882.0,4164.0,,3059945.0,30240.0,,2082652.0,RobeMi01,michael-roberts-3,11896.0,12354.0,,30240.0,749874.0,19010.0,,Michael Roberts,michael roberts,1,1,23.0,0,0.0,0.0,20.0,3.0,1.0,2.3019404,0,1.15,0.029411765,0.06309148,0.08828168,,,,,,,,,,,,,,,,,,,,,,,,,
2017,REG,13,00-0032134,C.Uzomah,TE,TE,CIN,12317,19858900-5c8e-49a7-ab02-34ef625724ca,14084.0,9590.0,2460.0,c.j.uzomah/2552559,2574576.0,28545.0,,2174118.0,UzomC.00,cj-uzomah-1,10462.0,10534.0,,28545.0,593305.0,16917.0,593305.0,C.J. Uzomah,cj uzomah,1,1,21.0,0,0.0,0.0,10.0,11.0,1.0,1.54457,0,2.1,0.028571429,0.028735632,0.06297208,,,,,,,,,,,,,,,,,,,,,,,,,
2017,REG,13,00-0032392,A.Hooper,TE,TE,ATL,12677,90c2a93f-d837-4e1b-b57c-56648903a8db,15581.0,10715.0,3202.0,,3043275.0,29315.0,,2067004.0,HoopAu00,austin-hooper-1,10748.0,11301.0,384.0,29315.0,739424.0,17963.0,739424.0,Austin Hooper,austin hooper,3,4,21.0,0,0.0,0.0,14.0,11.0,0.0,-0.8293115,0,1.5,0.13793103,0.043613706,0.23742615,,,,,,,,,,,,,,,,,,,,,,,,,
2017,REG,13,00-0028067,J.Thomas,TE,TE,MIA,10372,87f6826a-f35a-4b49-9673-da54ccb9becd,9966.0,6281.0,874.0,juliusthomas/2495353,14204.0,24916.0,,1755056.0,ThomJu00,,7415.0,6598.0,,24916.0,550870.0,13027.0,,Julius Thomas,julius thomas,3,3,20.0,1,0.0,0.0,14.0,6.0,1.0,2.1826825,0,1.4285715,0.09375,0.037433155,0.16682822,,,,,,,,,,,,,,,,,,,,,,,,,
2017,REG,13,00-0028112,C.Clay,TE,TE,BUF,10409,04ca4fb9-194e-47fe-8fc8-adb5790a8e78,10003.0,6326.0,801.0,charlesclay/2495139,14145.0,24961.0,,1265552.0,ClayCh00,charles-clay-1,7424.0,6681.0,,24961.0,400516.0,12751.0,,Charles Clay,charles clay,3,3,20.0,0,0.0,0.0,11.0,9.0,1.0,0.89518535,0,1.8181819,0.0882353,0.04029304,0.16055807,,,,,,,,,,,,,,,,,,,,,,,,,
2017,REG,13,00-0033288,G.Kittle,TE,TE,SF,13299,2ada91b0-036e-454f-83c3-6d939ff584a9,16499.0,11901.0,4217.0,,3040151.0,30259.0,,2818265.0,KittGe00,george-kittle-1,11892.0,12276.0,298.0,30259.0,733672.0,19063.0,733672.0,George Kittle,george kittle,2,3,20.0,0,0.0,0.0,28.0,9.0,0.0,0.85321045,0,0.71428573,0.08108108,0.09859155,0.19063571,,,,,,,,,,,,,,,,,,,,,,,,,
2017,REG,13,00-0027675,E.Dickson,TE,TE,CAR,9912,46bb9a85-523c-4530-95c3-2c2a9737e65f,9706.0,5595.0,701.0,eddickson/497224,13272.0,24045.0,6604.0,565631.0,DickEd00,ed-dickson-1,6530.0,5840.0,,24045.0,296060.0,12153.0,,Ed Dickson,ed dickson,2,2,18.0,0,0.0,0.0,-2.0,20.0,2.0,2.1830328,0,0.0,0.071428575,-0.0125,0.09839286,,,,,,,,,,,,,,,,,,,,,,,,,
2017,REG,13,00-0027873,J.Gresham,TE,TE,ARI,9838,b44773b9-af17-4d6c-a453-132e20849712,9685.0,5546.0,530.0,jermainegresham/497238,13228.0,23996.0,,1123667.0,GresJe00,jermaine-gresham-1,6455.0,5549.0,,23996.0,333278.0,11026.0,,Jermaine Gresham,jermaine gresham,2,3,17.0,0,0.0,0.0,31.0,6.0,0.0,-0.44262826,0,0.5483871,0.09375,0.08010336,0.19669735,,,,,,,,,,,,,,,,,,,,,,,,,
2017,REG,13,00-0033879,O.Howard,TE,TE,TB,13188,93ed8c6f-b676-46d3-bf82-6155e89b4a68,16380.0,11774.0,4055.0,,3043080.0,30132.0,,2061190.0,HowaO.00,oj-howard-1,11806.0,12161.0,,30132.0,732147.0,18901.0,732147.0,O.J. Howard,oj howard,1,2,17.0,0,0.0,0.0,27.0,3.0,1.0,0.7368325,0,0.6296296,0.0625,0.097122304,0.16173561,,,,,,,,,,,,,,,,,,,,,,,,,
2017,REG,13,00-0030181,J.Doyle,TE,TE,IND,11516,bd413539-9351-454e-9d61-4e8635d7e9f5,11987.0,8520.0,1706.0,jackdoyle/2540232,16504.0,27299.0,,2041264.0,DoylJa00,,9081.0,9075.0,,27299.0,477386.0,15602.0,477386.0,Jack Doyle,jack doyle,3,5,16.0,0,0.0,0.0,2.0,16.0,1.0,-1.3132743,0,8.0,0.14705883,0.009661836,0.22735152,Jack Doyle,IND,8.036666666666667,4.157659667615372,0.6239999999999994,1.488762704585579,60.0,16.0,0.0,5.140000000000001,4.672796488216288,0.4672035117837128,00-0030181,John,Doyle,J.Doyle,,,,,,,,,
2017,REG,13,00-0031302,C.Fiedorowicz,TE,TE,HOU,11698,048ff76e-1243-4e80-bfec-7b6dee148132,12146.0,8700.0,1951.0,c.j.fiedorowicz/2543721,16766.0,27593.0,,1737104.0,FiedC.00,cj-fiedorowicz-1,9269.0,9613.0,,27593.0,553670.0,16200.0,,C.J. Fiedorowicz,cj fiedorowicz,2,3,16.0,0,0.0,0.0,31.0,1.0,0.0,0.14806917,0,0.516129,0.0625,0.08201058,0.15115741,,,,,,,,,,,,,,,,,,,,,,,,,
2017,REG,13,00-0033043,A.Traylor,TE,TE,DEN,13534,8f9e7e75-ceab-4483-a234-8318f6923f30,16129.0,,3878.0,,2576449.0,30008.0,,2237885.0,,,11277.0,12057.0,,30008.0,606529.0,18700.0,,Austin Traylor,austin traylor,2,2,16.0,0,0.0,0.0,11.0,5.0,1.0,0.6052903,0,1.4545455,0.05,0.03846154,0.10192308,,,,,,,,,,,,,,,,,,,,,,,,,
2017,REG,13,00-0024221,V.Davis,TE,TE,WAS,8247,0a95e792-6455-4927-9539-f95fa7f41fbb,9621.0,2951.0,200.0,vernondavis/2495826,9592.0,7755.0,,409254.0,DaviVe00,vernon-davis-1,4732.0,3638.0,,7755.0,215595.0,5084.0,,Vernon Davis,vernon davis,2,2,15.0,0,0.0,0.0,6.0,9.0,0.0,0.5361499,0,2.5,0.055555556,0.032967035,0.10641026,,,,,,,,,,,,,,,,,,,,,,,,,
2017,REG,13,00-0029119,D.Carrier,TE,TE,LA,10940,d3fab07b-f02a-433d-9612-cb0a751f324d,11417.0,7406.0,1718.0,derekcarrier/2534241,15403.0,26416.0,,1977121.0,CarrDe00,,9203.0,7527.0,,26416.0,654887.0,15640.0,654887.0,Derek Carrier,derek carrier,1,1,14.0,0,0.0,0.0,2.0,12.0,1.0,1.347067,0,7.0,0.032258064,0.011049724,0.056121904,,,,,,,,,,,,,,,,,,,,,,,,,
2017,REG,13,00-0031299,J.Matthews,TE,TE,BUF,11676,7b96a836-666b-47b6-a0a7-9dbb0b4c53e8,12124.0,8677.0,1800.0,jordanmatthews/2543500,16763.0,27570.0,,1759816.0,MattJo00,jordan-matthews-1,9273.0,9420.0,,27570.0,555648.0,15974.0,555648.0,Jordan Matthews,jordan matthews,1,3,14.0,0,0.0,0.0,21.0,5.0,0.0,0.73287994,0,0.6666667,0.0882353,0.07692308,0.1861991,,,,,,,,,,,,,,,,,,,,,,,,,
2017,REG,13,00-0032098,D.Brown,TE,TE,CHI,12585,1b016b52-62ba-4da9-9ead-6bad689f8d33,14470.0,10144.0,2751.0,,2519013.0,29102.0,,2175305.0,BrowDa04,,10713.0,11092.0,,29102.0,561380.0,17219.0,561380.0,Daniel Brown,daniel brown,1,1,13.0,0,0.0,0.0,5.0,8.0,1.0,1.6684921,0,2.6,0.06666667,0.08928572,0.1625,,,,,,,,,,,,,,,,,,,,,,,,,
2017,REG,13,00-0032135,J.James,TE,TE,PIT,12211,a37a5bfd-b48c-4d8b-817a-d8ce7ca3592d,13959.0,9593.0,2463.0,jessejames/2552633,2979590.0,28548.0,,1983808.0,JameJe00,jesse-james-1,10150.0,10403.0,,28548.0,652019.0,16920.0,652019.0,Jesse James,jesse james,1,1,13.0,0,0.0,0.0,3.0,10.0,1.0,1.8367842,0,4.3333335,0.025,0.00802139,0.043114975,,,,,,,,,,,,,,,,,,,,,,,,,
2017,REG,13,00-0032745,A.Cross,TE,TE,TB,12996,cc1df018-baa8-4344-b13c-cd5ef1a52d26,16217.0,10931.0,3595.0,,2586700.0,29571.0,,1906373.0,,,11406.0,11727.0,,29571.0,614284.0,18376.0,,Alan Cross,alan cross,1,1,13.0,0,0.0,0.0,3.0,10.0,1.0,1.2608641,0,4.3333335,0.03125,0.010791367,0.054428957,,,,,,,,,,,,,,,,,,,,,,,,,
2017,REG,13,00-0028093,N.Paul,TE,TE,WAS,10394,38f5843a-8318-4eb7-b517-c83d415e77a4,9988.0,6307.0,918.0,nilespaul/2495211,14156.0,24942.0,7556.0,1272502.0,PaulNi00,niles-paul-1,7384.0,6661.0,,24942.0,406159.0,13170.0,,Niles Paul,niles paul,3,3,12.0,0,0.0,0.0,10.0,2.0,0.0,-0.167007,0,1.2,0.083333336,0.054945055,0.16346154,,,,,,,,,,,,,,,,,,,,,,,,,
2017,REG,13,00-0027985,L.Kendricks,TE,TE,GB,10318,27921351-a775-4649-bd49-7b4c486d1ba2,9912.0,6199.0,964.0,lancekendricks/2495187,14007.0,24834.0,7425.0,1117803.0,KendLa00,lance-kendricks-1,7412.0,6614.0,,24834.0,332066.0,13386.0,,Lance Kendricks,lance kendricks,1,1,11.0,0,0.0,0.0,0.0,11.0,0.0,-0.2520331,0,0.0,0.045454547,0.0,0.06818182,,,,,,,,,,,,,,,,,,,,,,,,,
2017,REG,13,00-0031598,N.Boyle,TE,TE,BAL,12328,9480dd9f-151f-4e6d-b5a3-35f07bda4cac,13963.0,9604.0,2474.0,,2574591.0,28559.0,,1888149.0,BoylNi00,,10252.0,10547.0,,28559.0,608753.0,16931.0,608753.0,Nick Boyle,nick boyle,1,3,11.0,0,0.0,0.0,-3.0,13.0,1.0,-1.2119902,0,0.0,0.083333336,-0.01,0.118,,,,,,,,,,,,,,,,,,,,,,,,,
2017,REG,13,00-0033421,A.Auclair,TE,TE,TB,13445,d6647491-8a3c-4f9f-999c-823823bd478d,16501.0,24606.0,4468.0,,4081127.0,30468.0,,2819226.0,AuclAn00,,12230.0,12603.0,,30468.0,1050026.0,19335.0,1050026.0,Antony Auclair,antony auclair,1,1,11.0,0,0.0,0.0,5.0,6.0,1.0,0.9705841,0,2.2,0.03125,0.017985612,0.059464928,,,,,,,,,,,,,,,,,,,,,,,,,
2017,REG,13,00-0029738,D.Fells,TE,TE,DET,11337,54d4e35a-2e6c-48f6-86ad-92dd596c173c,13636.0,8549.0,1592.0,darrenfells/2540928,15773.0,26612.0,,2053740.0,FellDa01,,9758.0,8472.0,,26612.0,266414.0,15247.0,266414.0,Darren Fells,darren fells,2,2,10.0,0,0.0,0.0,7.0,3.0,1.0,1.0930724,0,1.4285715,0.05882353,0.02208202,0.10369271,,,,,,,,,,,,,,,,,,,,,,,,,
2017,REG,13,00-0031260,L.Thomas,TE,TE,BUF,11647,b24625a0-d402-4d59-a778-aa4b073bfe5e,12095.0,8755.0,2251.0,loganthomas/2543767,16813.0,27648.0,,1691193.0,ThomLo00,logan-thomas-1,9323.0,9354.0,,27648.0,507528.0,16656.0,507528.0,Logan Thomas,logan thomas,2,2,10.0,0,0.0,0.0,7.0,3.0,0.0,-0.8836972,0,1.4285715,0.05882353,0.025641026,0.10618401,,,,,,,,,,,,,,,,,,,,,,,,,
2017,REG,13,00-0027061,J.Cook,TE,TE,LV,9474,3b7a1409-d154-4e5c-8c94-9d4a0e0993c7,9265.0,5012.0,367.0,jaredcook/71265,12537.0,9353.0,6126.0,584314.0,CookJa02,jared-cook-2,5981.0,5165.0,,9353.0,296480.0,8534.0,296480.0,Jared Cook,jared cook,1,5,9.0,0,0.0,0.0,59.0,4.0,1.0,-1.7242908,0,0.15254237,0.14285715,0.20136519,0.35524136,Jared Cook,LV,2.2220000000000004,1.9701416564930345,11.942,20.921513665031537,20.0,9.0,0.0,4.799999999999997,4.361824472935041,0.4381755270649563,00-0027061,Jared,Cook,J.Cook,,,,,,,,,
2017,REG,13,00-0031035,X.Grimble,TE,TE,PIT,11701,c9557ff2-899f-41e3-8a0e-35ca874db9b2,12149.0,9092.0,2082.0,xaviergrimble/2550521,17348.0,28184.0,,2130777.0,,,9283.0,9614.0,,28184.0,555680.0,16395.0,,Xavier Grimble,xavier grimble,1,3,9.0,0,0.0,0.0,26.0,11.0,0.0,-4.834566,0,0.34615386,0.075,0.069518715,0.1611631,,,,,,,,,,,,,,,,,,,,,,,,,
2017,REG,13,00-0022127,J.Witten,TE,TE,DAL,6997,e38c9b1b-7c51-48a2-ac1d-a752502e8930,9275.0,1384.0,23.0,jasonwitten/2505629,4527.0,6405.0,,396134.0,WittJa00,jason-witten-1,3086.0,1990.0,,6405.0,184571.0,722.0,,Jason Witten,jason witten,1,5,8.0,1,0.0,0.0,21.0,0.0,1.0,0.34965342,0,0.3809524,0.22727273,0.11170213,0.41910058,Jason Witten,DAL,4.476,2.170275656839233,7.306,16.55713184970312,20.0,8.0,1.0,,,,00-0022127,Christopher,Witten,J.Witten,,,,,,,,,
2017,REG,13,00-0030216,J.Hill,TE,TE,NO,11529,687cdc33-bd0d-4b70-adb3-33f97dc26a3c,13565.0,8200.0,1777.0,joshhill/2541834,16143.0,26950.0,,2060083.0,HillJo02,,9071.0,8764.0,,26950.0,469509.0,15866.0,,Josh Hill,josh hill,1,2,8.0,0,1.0,1.0,1.0,3.0,0.0,-4.937772,0,8.0,0.060606062,0.005376344,0.09467253,,,,,,,,,,,,,,,,,,,,,,,,,
2017,REG,13,00-0031418,A.Seferian-Jenkins,TE,TE,NYJ,11697,e78261de-af00-4530-824c-500addbe9f98,12145.0,8673.0,2222.0,austinseferian-jenkins/2543683,16795.0,27566.0,,1824731.0,SefeAu00,austin-seferian-jenkins-1,9241.0,9400.0,,27566.0,593347.0,16608.0,,Austin Seferian-Jenkins,austin seferian-jenkins,2,3,7.0,0,0.0,0.0,13.0,3.0,0.0,-0.9155564,0,0.53846157,0.0882353,0.044217687,0.16330533,,,,,,,,,,,,,,,,,,,,,,,,,
2017,REG,13,00-0033895,G.Everett,TE,TE,LA,13236,ebeceb00-57e0-4b74-9cf7-853da2afed18,16459.0,11799.0,4089.0,,3918639.0,30157.0,,2142692.0,EverGe00,gerald-everett-1,11737.0,12284.0,55.0,30157.0,838487.0,18935.0,838487.0,Gerald Everett,gerald everett,2,4,7.0,1,0.0,0.0,32.0,1.0,1.0,0.59124666,0,0.21875,0.12903225,0.17679559,0.3173053,,,,,,,,,,,,,,,,,,,,,,,,,
2017,REG,13,00-0033110,T.Higbee,TE,TE,LA,12678,0df7912d-9e81-47ea-b4f7-d04986df4ee8,15623.0,10744.0,3271.0,,2573401.0,29344.0,,1853103.0,HigbTy00,tyler-higbee-1,10854.0,11430.0,159.0,29344.0,604176.0,18032.0,604176.0,Tyler Higbee,tyler higbee,1,1,6.0,0,0.0,0.0,5.0,1.0,0.0,0.5240702,0,1.2,0.032258064,0.027624309,0.067724116,,,,,,,,,,,,,,,,,,,,,,,,,
2017,REG,13,00-0029587,R.Ellison,TE,TE,NYG,10838,cccc9f16-9508-434f-b7a4-9a29cb0cacf9,11315.0,7128.0,1211.0,rhettellison/2532835,15003.0,25838.0,,1244464.0,ElliRh00,rhett-ellison-1,8114.0,7580.0,,25838.0,399295.0,14445.0,,Rhett Ellison,rhett ellison,1,2,5.0,0,0.0,0.0,4.0,1.0,0.0,-0.63874185,0,1.25,0.060606062,0.02259887,0.1067283,,,,,,,,,,,,,,,,,,,,,,,,,
2017,REG,13,00-0030422,D.Sims,TE,TE,CHI,11249,9c04a540-cb7c-41dc-8e7c-50b7af29a3a2,11691.0,7888.0,1357.0,dionsims/2540200,15974.0,26729.0,,1700507.0,SimsDi00,dion-sims-1,8784.0,8532.0,,26729.0,511525.0,14876.0,,Dion Sims,dion sims,1,2,5.0,0,0.0,0.0,6.0,1.0,0.0,-1.083582,0,0.8333333,0.13333334,0.10714286,0.275,,,,,,,,,,,,,,,,,,,,,,,,,
2017,REG,13,00-0031384,R.Rodgers,TE,TE,GB,11785,e00b3426-238b-4bdb-85c3-bbf08b7469e3,12233.0,8733.0,2146.0,richardrodgers/2550313,16786.0,27626.0,,2129433.0,RodgRi00,richard-rodgers-1,9559.0,9547.0,,27626.0,607699.0,16491.0,607699.0,Richard Rodgers,richard rodgers,1,2,4.0,0,0.0,0.0,18.0,5.0,1.0,0.04355158,0,0.22222222,0.09090909,0.10778443,0.21181273,,,,,,,,,,,,,,,,,,,,,,,,,
2017,REG,13,00-0029689,D.Allen,TE,TE,NE,10742,cc745cc3-d52a-454b-98c8-ac9155a9405c,11219.0,7066.0,1105.0,dwayneallen/2533046,14901.0,25774.0,8485.0,1630216.0,AlleDw00,dwayne-allen-1,8041.0,7452.0,,25774.0,463515.0,13987.0,,Dwayne Allen,dwayne allen,1,1,3.0,0,0.0,0.0,1.0,2.0,1.0,0.12724459,0,3.0,0.033333335,0.0040983604,0.052868854,,,,,,,,,,,,,,,,,,,,,,,,,
2017,REG,13,00-0031558,M.Williams,TE,TE,BAL,12206,52f4a43a-64a9-4d69-a9e2-28bd60f68e49,13919.0,9488.0,2360.0,,2970726.0,28443.0,,1983769.0,WillMa04,maxx-williams-1,10128.0,10298.0,,28443.0,651658.0,16816.0,651658.0,Maxx Williams,maxx williams,1,2,1.0,0,0.0,0.0,-5.0,6.0,0.0,-1.6769719,0,0.0,0.055555556,-0.016666668,0.071666665,,,,,,,,,,,,,,,,,,,,,,,,,
2017,REG,13,00-0027732,M.Hoomanawanui,TE,TE,NO,9946,add7a245-2444-491f-bdfb-b1b0d76f6a28,9740.0,5655.0,622.0,michaelhoomanawanui/497246,13387.0,24108.0,,1115114.0,HoomMi00,michael-hoomanawanui-1,6535.0,5909.0,,24108.0,333398.0,11535.0,,Michael Hoomanawanui,michael hoomanawanui,1,1,0.0,0,0.0,0.0,0.0,0.0,0.0,-1.9712195,0,,0.030303031,0.0,0.045454547,,,,,,,,,,,,,,,,,,,,,,,,,
2017,REG,13,00-0031484,C.Manhertz,TE,TE,CAR,12955,7c7b5515-7786-4e24-9ce0-34e6a8bd5727,14014.0,10211.0,3048.0,,2531358.0,28365.0,,2167520.0,ManhCh00,,10033.0,10295.0,,28365.0,563293.0,17762.0,563293.0,Chris Manhertz,chris manhertz,0,1,0.0,0,0.0,0.0,2.0,0.0,0.0,-0.41217628,0,0.0,0.035714287,0.0125,0.06232143,,,,,,,,,,,,,,,,,,,,,,,,,
2017,REG,13,00-0033387,J.Hollister,TE,TE,NE,13391,ad2a1d03-020b-487a-bd5f-7ca9fbc250fe,16527.0,12051.0,4421.0,,3125404.0,30661.0,,2818962.0,HollJa03,,12271.0,12491.0,,30661.0,696882.0,19281.0,696882.0,Jacob Hollister,jacob hollister,0,1,0.0,0,0.0,0.0,-6.0,0.0,0.0,-0.8045572,0,0.0,0.033333335,-0.024590164,0.032786883,,,,,,,,,,,,,,,,,,,,,,,,,
2017,REG,13,00-0033858,J.Smith,TE,TE,TEN,13193,e4f25a37-74de-4bfb-b6c9-f50a4fab0b87,16460.0,11855.0,4144.0,,3054212.0,30213.0,,2081506.0,SmitJo01,jonnu-smith-1,11807.0,12344.0,84.0,30213.0,743749.0,18990.0,743749.0,Jonnu Smith,jonnu smith,0,1,0.0,0,0.0,0.0,11.0,0.0,0.0,-1.7567196,0,0.0,0.04761905,0.057894737,0.11195489,,,,,,,,,,,,,,,,,,,,,,,,,
2017,REG,14,00-0032135,J.James,TE,TE,PIT,12211,a37a5bfd-b48c-4d8b-817a-d8ce7ca3592d,13959.0,9593.0,2463.0,jessejames/2552633,2979590.0,28548.0,,1983808.0,JameJe00,jesse-james-1,10150.0,10403.0,,28548.0,652019.0,16920.0,652019.0,Jesse James,jesse james,10,12,97.0,0,0.0,0.0,67.0,43.0,5.0,2.3570044,0,1.4477612,0.1875,0.13267326,0.37412128,Jesse James,PIT,7.016666666666667,3.470053666772985,5.337499999999999,12.174028738690795,83.33333333333334,97.0,0.0,4.4319999999999995,2.8391518280398826,1.5928481719601169,00-0032135,Jesse,James,J.James,,,,,,,,,
2017,REG,14,00-0031387,E.Ebron,TE,TE,DET,11695,9fbcfae9-dd14-415c-8952-9b1b5dff0dfc,12143.0,8645.0,2118.0,ericebron/2543466,16732.0,27538.0,,1865396.0,EbroEr00,eric-ebron-1,9210.0,9390.0,,27538.0,605752.0,16451.0,605752.0,Eric Ebron,eric ebron,10,11,94.0,0,1.0,1.0,64.0,42.0,4.0,-0.54085153,0,1.46875,0.25,0.23357664,0.53850365,Eric Ebron,DET,8.37,4.1125078444978085,5.6909090909090905,26.07464178607131,90.9090909090909,94.0,0.0,4.381000000000001,4.383645352940983,-0.00264535294098156,00-0031387,Eric,Ebron,E.Ebron,,,,,,,,,
2017,REG,14,00-0027061,J.Cook,TE,TE,LV,9474,3b7a1409-d154-4e5c-8c94-9d4a0e0993c7,9265.0,5012.0,367.0,jaredcook/71265,12537.0,9353.0,6126.0,584314.0,CookJa02,jared-cook-2,5981.0,5165.0,,9353.0,296480.0,8534.0,296480.0,Jared Cook,jared cook,5,6,75.0,1,0.0,0.0,63.0,17.0,4.0,9.267712,0,1.1904762,0.14634146,0.15403423,0.32733616,Jared Cook,LV,8.006,2.7414576705284213,9.42666666666667,15.591575697430812,83.33333333333334,75.0,1.0,4.291999999999998,2.121522968256886,2.170477031743112,00-0027061,Jared,Cook,J.Cook,,,,,,,,,
2017,REG,14,00-0030506,T.Kelce,TE,TE,KC,11244,c3859e06-5f23-4302-a71b-04820a899d5f,11594.0,7844.0,1466.0,traviskelce/2540258,15847.0,26686.0,,1725130.0,KelcTr00,travis-kelce-1,8783.0,8411.0,264.0,26686.0,448240.0,15048.0,448240.0,Travis Kelce,travis kelce,7,13,74.0,0,0.0,0.0,126.0,44.0,4.0,-1.28644,0,0.5873016,0.38235295,0.40384614,0.85622174,Travis Kelce,KC,6.886666666666666,2.4587547355547703,8.143846153846152,36.187448728465945,53.84615384615385,74.0,0.0,6.477142857142858,5.644174054040702,0.8329688031021556,00-0030506,Travis,Kelce,T.Kelce,,,,,,,,,
2017,REG,14,00-0030710,T.Burton,TE,TE,PHI,11705,bc0f07a4-3e7b-4e61-987a-05533dc225be,12153.0,9185.0,1793.0,treyburton/2550284,16974.0,27789.0,,2130223.0,BurtTr01,,9490.0,9737.0,,27789.0,542788.0,15965.0,,Trey Burton,trey burton,5,6,71.0,2,0.0,0.0,76.0,5.0,4.0,8.432593,0,0.93421054,0.11764706,0.17272727,0.29737967,Trey Burton,PHI,4.57,1.0402565434593818,13.270000000000001,17.390354709068674,83.33333333333334,71.0,2.0,0.9880000000000002,0.723985614887215,0.2640143851127852,00-0030710,Lawrence,Burton,T.Burton,,,,,,,,,
2017,REG,14,00-0028903,G.Celek,TE,TE,SF,11007,16cc9ade-f9ad-4d32-b5b9-d7568ee80f58,11507.0,7274.0,1223.0,garrettcelek/2534820,15204.0,26253.0,,1975891.0,,,8516.0,7982.0,,26253.0,403184.0,14496.0,,Garrett Celek,garrett celek,2,4,67.0,1,0.0,0.0,46.0,51.0,2.0,5.4319143,0,1.4565217,0.125,0.111380145,0.2654661,,,,,,,,,,,,,,,,,,,,,,,,,
2017,REG,14,00-0032055,D.Funchess,TE,TE,CAR,12205,7f5f2a81-ac40-420c-9421-5b9e2a21faf8,13915.0,9474.0,2346.0,,2977609.0,28429.0,,2001877.0,FuncDe00,devin-funchess-1,10138.0,10391.0,,28429.0,696127.0,16802.0,696127.0,Devin Funchess,devin funchess,3,7,59.0,1,0.0,0.0,146.0,2.0,3.0,3.5312192,0,0.4041096,0.3043478,0.5748032,0.8588839,,,,,,,,,,,,,,,,,,,,,,,,,
2017,REG,14,00-0033879,O.Howard,TE,TE,TB,13188,93ed8c6f-b676-46d3-bf82-6155e89b4a68,16380.0,11774.0,4055.0,,3043080.0,30132.0,,2061190.0,HowaO.00,oj-howard-1,11806.0,12161.0,,30132.0,732147.0,18901.0,732147.0,O.J. Howard,oj howard,4,6,54.0,1,1.0,1.0,79.0,21.0,3.0,-5.2979755,0,0.6835443,0.16216215,0.25239617,0.41992056,O.J. Howard,TB,6.062,1.8095166938584155,11.108333333333334,21.98218997361478,66.66666666666666,54.0,1.0,6.492499999999999,6.261950244788295,0.23054975521170373,00-0033879,O'Terrius,Howard,O.Howard,,,,,,,,,
2017,REG,14,00-0033881,E.Engram,TE,TE,NYG,13189,e21365af-8d66-416e-b0a5-8816d18fcfd9,16411.0,11778.0,4066.0,,3051876.0,30136.0,,2079887.0,EngrEv00,evan-engram-1,11805.0,12205.0,229.0,30136.0,749185.0,18912.0,749185.0,Evan Engram,evan engram,4,7,54.0,0,0.0,0.0,49.0,23.0,2.0,0.19523218,0,1.1020408,0.1521739,0.175,0.35076088,Evan Engram,NYG,8.9275,4.671759601690819,6.75142857142857,17.300582055130505,57.14285714285714,54.0,0.0,6.0,7.624782921361884,-1.6247829213618843,00-0033881,Evan,Engram,E.Engram,,,,,,,,,
2017,REG,14,00-0030470,V.McDonald,TE,TE,PIT,11257,8f24a248-b328-43ec-8677-67600e42a8f7,11699.0,7836.0,1587.0,vancemcdonald/2540215,15853.0,26678.0,,1673357.0,McDoVa00,vance-mcdonald-1,8785.0,8413.0,,26678.0,494969.0,15239.0,,Vance McDonald,vance mcdonald,4,6,52.0,0,0.0,0.0,34.0,20.0,3.0,2.377678,0,1.5294118,0.09375,0.06732673,0.1877537,Vance McDonald,PIT,6.202,1.9379658835477416,5.836666666666667,6.65627613472212,66.66666666666666,52.0,0.0,4.834999999999999,3.910910318496377,0.9240896815036219,00-0030470,Vance,McDonald,V.McDonald,,,,,,,,,
2017,REG,14,00-0033090,H.Henry,TE,TE,LAC,12676,705899da-3c20-4bc3-b5d0-2e6e40655131,15561.0,10669.0,3214.0,,3046439.0,29269.0,,2079848.0,HenrHu00,hunter-henry-1,10735.0,11299.0,212.0,29269.0,744425.0,17975.0,744425.0,Hunter Henry,hunter henry,4,6,50.0,1,0.0,0.0,57.0,11.0,4.0,5.4011664,0,0.877193,0.1764706,0.18936877,0.39726403,Hunter Henry,LAC,3.4,1.3558127045046289,10.286666666666667,20.285282324327873,66.66666666666666,50.0,1.0,2.860000000000001,1.9774461470679796,0.8825538529320216,00-0033090,Hunter,Henry,H.Henry,,,,,,,,,
2017,REG,14,00-0033896,A.Shaheen,TE,TE,CHI,13254,87171077-4c1c-4b67-b159-2cc6242988e0,16457.0,11800.0,4085.0,,4198676.0,30158.0,,2818105.0,ShahAd00,,11898.0,12283.0,,30158.0,1049770.0,18931.0,1049770.0,Adam Shaheen,adam shaheen,4,5,44.0,1,0.0,0.0,43.0,10.0,3.0,4.693991,0,1.0232558,0.16129032,0.18376069,0.37056795,Adam Shaheen,CHI,4.6979999999999995,3.586187410356003,9.138000000000002,18.89656313329749,80.0,44.0,1.0,3.6649999999999974,4.904694563154408,-1.2396945631544103,00-0033896,Adam,Shaheen,A.Shaheen,,,,,,,,,
2017,REG,14,00-0024389,De.Walker,TE,TE,TEN,8416,ccce5e8e-52ca-4f0f-a40f-fe5e7227d156,9172.0,3120.0,284.0,delaniewalker/2495966,9761.0,7924.0,4353.0,1109396.0,WalkHu00,,4888.0,3976.0,,7924.0,218943.0,7175.0,,Delanie Walker,delanie walker,5,9,42.0,0,0.0,0.0,87.0,21.0,4.0,-3.210806,0,0.4827586,0.29032257,0.25144508,0.61149544,Delanie Walker,TEN,4.7957142857142845,2.2652694790009686,8.905555555555557,23.712316203662613,55.55555555555556,42.0,0.0,4.17,2.8999938925074273,1.2700061074925726,00-0024389,Delanie,Walker,D.Walker,,,,,,,,,
2017,REG,14,00-0027981,K.Rudolph,TE,TE,MIN,10312,1059e9dc-97df-4643-9116-883a0573d8b1,9906.0,6195.0,943.0,kylerudolph/2495438,14054.0,24830.0,7444.0,1633122.0,RudoKy00,kyle-rudolph-1,7246.0,6459.0,,24830.0,469472.0,13275.0,469472.0,Kyle Rudolph,kyle rudolph,3,5,41.0,1,0.0,0.0,52.0,16.0,3.0,3.1630309,0,0.78846157,0.11627907,0.16883117,0.29260042,Kyle Rudolph,MIN,6.226,3.47257865093002,10.778,15.86820176084332,60.0,41.0,1.0,5.786666666666666,7.927058520039282,-2.1403918533726154,00-0027981,Kyle,Rudolph,K.Rudolph,,,,,,,,,
2017,REG,14,00-0030422,D.Sims,TE,TE,CHI,11249,9c04a540-cb7c-41dc-8e7c-50b7af29a3a2,11691.0,7888.0,1357.0,dionsims/2540200,15974.0,26729.0,,1700507.0,SimsDi00,dion-sims-1,8784.0,8532.0,,26729.0,511525.0,14876.0,,Dion Sims,dion sims,2,3,32.0,0,0.0,0.0,33.0,12.0,2.0,2.1666093,0,0.969697,0.09677419,0.14102565,0.24387924,,,,,,,,,,,,,,,,,,,,,,,,,
2017,REG,14,00-0027873,J.Gresham,TE,TE,ARI,9838,b44773b9-af17-4d6c-a453-132e20849712,9685.0,5546.0,530.0,jermainegresham/497238,13228.0,23996.0,,1123667.0,GresJe00,jermaine-gresham-1,6455.0,5549.0,,23996.0,333278.0,11026.0,,Jermaine Gresham,jermaine gresham,2,2,27.0,0,0.0,0.0,7.0,20.0,1.0,2.1257622,0,3.857143,0.07692308,0.032407407,0.1380698,,,,,,,,,,,,,,,,,,,,,,,,,
2017,REG,14,00-0024221,V.Davis,TE,TE,WAS,8247,0a95e792-6455-4927-9539-f95fa7f41fbb,9621.0,2951.0,200.0,vernondavis/2495826,9592.0,7755.0,,409254.0,DaviVe00,vernon-davis-1,4732.0,3638.0,,7755.0,215595.0,5084.0,,Vernon Davis,vernon davis,2,7,26.0,1,0.0,0.0,135.0,1.0,1.0,-6.956278,0,0.19259259,0.25925925,0.4383117,0.6957071,Vernon Davis,WAS,3.3783333333333334,2.228941589245651,18.108571428571427,43.855521727096594,28.57142857142857,26.0,1.0,0.620000000000001,0.7900220274153185,-0.17002202741531747,00-0024221,Vernon,Davis,V.Davis,,,,,,,,,
2017,REG,14,00-0030155,D.Harris,TE,TE,KC,11448,8506c15c-15cc-4d2c-aebf-270c605fe0ec,11881.0,8524.0,1619.0,demetriusharris/2541187,16318.0,27174.0,,2060074.0,HarrDe03,,9847.0,8683.0,,27174.0,602269.0,15305.0,602269.0,Demetrius Harris,demetrius harris,1,3,25.0,0,0.0,0.0,30.0,21.0,1.0,-0.73386794,0,0.8333333,0.0882353,0.09615385,0.19966063,,,,,,,,,,,,,,,,,,,,,,,,,
2017,REG,14,00-0029738,D.Fells,TE,TE,DET,11337,54d4e35a-2e6c-48f6-86ad-92dd596c173c,13636.0,8549.0,1592.0,darrenfells/2540928,15773.0,26612.0,,2053740.0,FellDa01,,9758.0,8472.0,,26612.0,266414.0,15247.0,266414.0,Darren Fells,darren fells,1,1,23.0,0,0.0,0.0,6.0,17.0,1.0,2.1165369,0,3.8333333,0.022727273,0.02189781,0.049419377,,,,,,,,,,,,,,,,,,,,,,,,,
2017,REG,14,00-0032392,A.Hooper,TE,TE,ATL,12677,90c2a93f-d837-4e1b-b57c-56648903a8db,15581.0,10715.0,3202.0,,3043275.0,29315.0,,2067004.0,HoopAu00,austin-hooper-1,10748.0,11301.0,384.0,29315.0,739424.0,17963.0,739424.0,Austin Hooper,austin hooper,2,4,23.0,0,0.0,0.0,27.0,9.0,1.0,-4.68376,0,0.8518519,0.14814815,0.1042471,0.2951952,,,,,,,,,,,,,,,,,,,,,,,,,
2017,REG,14,00-0022127,J.Witten,TE,TE,DAL,6997,e38c9b1b-7c51-48a2-ac1d-a752502e8930,9275.0,1384.0,23.0,jasonwitten/2505629,4527.0,6405.0,,396134.0,WittJa00,jason-witten-1,3086.0,1990.0,,6405.0,184571.0,722.0,,Jason Witten,jason witten,1,2,20.0,1,0.0,0.0,25.0,0.0,1.0,1.8744013,0,0.8,0.06666667,0.13586956,0.1951087,,,,,,,,,,,,,,,,,,,,,,,,,
2017,REG,14,00-0029587,R.Ellison,TE,TE,NYG,10838,cccc9f16-9508-434f-b7a4-9a29cb0cacf9,11315.0,7128.0,1211.0,rhettellison/2532835,15003.0,25838.0,,1244464.0,ElliRh00,rhett-ellison-1,8114.0,7580.0,,25838.0,399295.0,14445.0,,Rhett Ellison,rhett ellison,4,5,20.0,1,0.0,0.0,31.0,8.0,1.0,0.6319376,0,0.6451613,0.10869565,0.11071429,0.24054348,Rhett Ellison,NYG,5.6,3.392111161103402,5.0699999999999985,9.279935571255994,80.0,20.0,1.0,2.605,2.8773245585192626,-0.2723245585192626,00-0029587,Rhett,Ellison,R.Ellison,,,,,,,,,
2017,REG,14,00-0033611,R.Seals-Jones,TE,TE,ARI,13382,52735659-a294-4f64-a7f4-3591450834e5,16730.0,12020.0,4531.0,,3051806.0,30494.0,,2080003.0,SealRi00,,11876.0,12463.0,,30494.0,744568.0,19410.0,744568.0,Ricky Seals-Jones,ricky seals-jones,1,3,20.0,0,0.0,0.0,32.0,8.0,1.0,-0.7184268,0,0.625,0.115384616,0.14814815,0.27678064,,,,,,,,,,,,,,,,,,,,,,,,,
2017,REG,14,00-0024268,A.Fasano,TE,TE,MIA,8294,04eb8101-538f-44ac-ba09-ce30b5344fc2,9023.0,2998.0,51.0,anthonyfasano/2495835,9639.0,7802.0,3911.0,410446.0,FasaAn00,anthony-fasano-1,4755.0,3604.0,,7802.0,217412.0,1545.0,,Anthony Fasano,anthony fasano,1,1,17.0,0,0.0,0.0,14.0,3.0,1.0,1.0413109,0,1.2142857,0.029411765,0.05090909,0.07975401,,,,,,,,,,,,,,,,,,,,,,,,,
2017,REG,14,00-0032725,S.Anderson,TE,TE,HOU,12859,5cb0bf9c-03b4-4201-97c5-a59c6db50841,15760.0,11160.0,3496.0,,2576854.0,29789.0,,1880821.0,AndeSt01,,10885.0,11556.0,,29789.0,607660.0,18262.0,607660.0,Stephen Anderson,stephen anderson,2,6,16.0,0,0.0,0.0,43.0,4.0,1.0,-1.8521534,0,0.37209302,0.16216215,0.0911017,0.30701444,Stephen Anderson,HOU,6.578,1.5790459099987462,6.364999999999998,7.982859531772574,33.33333333333333,16.0,0.0,2.8150000000000013,2.520138636358979,0.2948613636410222,00-0032725,Stephen,Anderson,S.Anderson,,,,,,,,,
2017,REG,14,00-0033080,S.DeValve,TE,TE,CLE,12792,a2451bf7-83dd-496c-b527-c14d8d518598,15671.0,10772.0,3296.0,,2566659.0,29372.0,,1984760.0,DevaSe00,,11221.0,11444.0,,29372.0,623676.0,18057.0,,Seth DeValve,seth devalve,2,3,16.0,0,0.0,0.0,24.0,1.0,1.0,-2.2363567,0,0.6666667,0.10714286,0.08888889,0.22293651,,,,,,,,,,,,,,,,,,,,,,,,,
2017,REG,14,00-0028093,N.Paul,TE,TE,WAS,10394,38f5843a-8318-4eb7-b517-c83d415e77a4,9988.0,6307.0,918.0,nilespaul/2495211,14156.0,24942.0,7556.0,1272502.0,PaulNi00,niles-paul-1,7384.0,6661.0,,24942.0,406159.0,13170.0,,Niles Paul,niles paul,1,1,15.0,0,0.0,0.0,15.0,0.0,1.0,3.453107,0,1.0,0.037037037,0.048701297,0.089646466,,,,,,,,,,,,,,,,,,,,,,,,,
2017,REG,14,00-0030216,J.Hill,TE,TE,NO,11529,687cdc33-bd0d-4b70-adb3-33f97dc26a3c,13565.0,8200.0,1777.0,joshhill/2541834,16143.0,26950.0,,2060083.0,HillJo02,,9071.0,8764.0,,26950.0,469509.0,15866.0,,Josh Hill,josh hill,2,3,14.0,0,0.0,0.0,13.0,12.0,1.0,-4.6644716,0,1.0769231,0.08571429,0.071428575,0.17857143,,,,,,,,,,,,,,,,,,,,,,,,,
2017,REG,14,00-0032256,C.Walford,TE,TE,LV,12210,2e56cca7-b898-4aac-bbc5-b5bda9163be1,13956.0,9501.0,2373.0,clivewalford/2552397,2512593.0,28456.0,,1759387.0,WalfCl00,clive-walford-1,10127.0,10471.0,,28456.0,553616.0,16829.0,,Clive Walford,clive walford,2,4,13.0,0,0.0,0.0,65.0,2.0,0.0,-2.747123,0,0.2,0.09756097,0.1589242,0.25758842,,,,,,,,,,,,,,,,,,,,,,,,,
2017,REG,14,00-0030089,L.Willson,TE,TE,SEA,11381,16c67c97-ffd9-4f92-917d-ad6124ce1f6e,11812.0,7940.0,1603.0,lukewillson/2541199,16121.0,26781.0,,2057661.0,WillLu00,luke-willson-1,8907.0,8567.0,,26781.0,466869.0,15263.0,466869.0,Luke Willson,luke willson,1,1,12.0,0,0.0,0.0,-4.0,16.0,1.0,1.6699497,0,0.0,0.03448276,-0.008639309,0.045676623,,,,,,,,,,,,,,,,,,,,,,,,,
2017,REG,14,00-0027985,L.Kendricks,TE,TE,GB,10318,27921351-a775-4649-bd49-7b4c486d1ba2,9912.0,6199.0,964.0,lancekendricks/2495187,14007.0,24834.0,7425.0,1117803.0,KendLa00,lance-kendricks-1,7412.0,6614.0,,24834.0,332066.0,13386.0,,Lance Kendricks,lance kendricks,2,5,11.0,0,0.0,0.0,31.0,5.0,1.0,-0.82302994,0,0.3548387,0.10869565,0.14351852,0.26350644,Lance Kendricks,GB,4.725,2.0943353065252746,5.735999999999997,13.379986004198734,40.0,11.0,0.0,2.705000000000002,2.399580681458474,0.30541931854152793,00-0027985,Lance,Kendricks,L.Kendricks,,,,,,,,,
2017,REG,14,00-0028067,J.Thomas,TE,TE,MIA,10372,87f6826a-f35a-4b49-9673-da54ccb9becd,9966.0,6281.0,874.0,juliusthomas/2495353,14204.0,24916.0,,1755056.0,ThomJu00,,7415.0,6598.0,,24916.0,550870.0,13027.0,,Julius Thomas,julius thomas,2,4,11.0,0,1.0,0.0,64.0,2.0,0.0,-1.7350574,0,0.171875,0.11764706,0.23272727,0.33937967,,,,,,,,,,,,,,,,,,,,,,,,,
2017,REG,14,00-0028112,C.Clay,TE,TE,BUF,10409,04ca4fb9-194e-47fe-8fc8-adb5790a8e78,10003.0,6326.0,801.0,charlesclay/2495139,14145.0,24961.0,,1265552.0,ClayCh00,charles-clay-1,7424.0,6681.0,,24961.0,400516.0,12751.0,,Charles Clay,charles clay,2,5,11.0,0,0.0,0.0,27.0,7.0,1.0,-4.9806614,0,0.4074074,0.35714287,0.20300752,0.67781955,Charles Clay,BUF,4.965999999999999,1.9539691430678008,6.132,19.648807997949238,40.0,11.0,0.0,4.655000000000001,5.3769452930268065,-0.7219452930268053,00-0028112,Charles,Clay,C.Clay,,,,,,,,,
2017,REG,14,00-0031273,C.Brate,TE,TE,TB,12110,5afe93fd-0caf-4cca-83fc-7f405bebfa3e,13470.0,9207.0,2214.0,,17453.0,28267.0,,2132787.0,BratCa00,,10008.0,10193.0,,28267.0,552926.0,16593.0,552926.0,Cameron Brate,cameron brate,1,1,11.0,0,0.0,0.0,6.0,5.0,0.0,0.8571868,0,1.8333334,0.027027028,0.019169329,0.05395907,,,,,,,,,,,,,,,,,,,,,,,,,
2017,REG,14,00-0029689,D.Allen,TE,TE,NE,10742,cc745cc3-d52a-454b-98c8-ac9155a9405c,11219.0,7066.0,1105.0,dwayneallen/2533046,14901.0,25774.0,8485.0,1630216.0,AlleDw00,dwayne-allen-1,8041.0,7452.0,,25774.0,463515.0,13987.0,,Dwayne Allen,dwayne allen,2,5,10.0,0,0.0,0.0,19.0,7.0,0.0,-1.6162362,0,0.5263158,0.12195122,0.049222797,0.21738279,Dwayne Allen,NE,8.71,4.3026813969289535,3.29,4.397337539094871,40.0,9.0,0.0,3.705000000000002,3.983808150198456,-0.2788081501984543,00-0029689,Dwayne,Allen,D.Allen,,,,,,,,,
2017,REG,14,00-0029878,M.Gray,TE,TE,MIA,11434,fda00e5c-b7df-487a-9a24-5e4087c575e1,11865.0,8286.0,1636.0,marqueisgray/2540259,16323.0,27213.0,,1631039.0,,,8980.0,8679.0,,27213.0,464295.0,15371.0,,MarQueis Gray,marqueis gray,1,1,10.0,0,0.0,0.0,1.0,9.0,1.0,0.7457817,0,10.0,0.029411765,0.0036363637,0.0466631,,,,,,,,,,,,,,,,,,,,,,,,,
2017,REG,14,00-0033288,G.Kittle,TE,TE,SF,13299,2ada91b0-036e-454f-83c3-6d939ff584a9,16499.0,11901.0,4217.0,,3040151.0,30259.0,,2818265.0,KittGe00,george-kittle-1,11892.0,12276.0,298.0,30259.0,733672.0,19063.0,733672.0,George Kittle,george kittle,2,2,10.0,0,0.0,0.0,5.0,5.0,0.0,0.32397935,0,2.0,0.0625,0.012106538,0.10222457,,,,,,,,,,,,,,,,,,,,,,,,,
2017,REG,14,00-0032098,D.Brown,TE,TE,CHI,12585,1b016b52-62ba-4da9-9ead-6bad689f8d33,14470.0,10144.0,2751.0,,2519013.0,29102.0,,2175305.0,BrowDa04,,10713.0,11092.0,,29102.0,561380.0,17219.0,561380.0,Daniel Brown,daniel brown,2,2,9.0,0,0.0,0.0,7.0,2.0,1.0,-0.4360405,0,1.2857143,0.06451613,0.02991453,0.11771437,,,,,,,,,,,,,,,,,,,,,,,,,
2017,REG,14,00-0032117,N.O'Leary,TE,TE,BUF,12207,c257b2e6-dfc9-45c8-b30c-a497f2ce82a2,13957.0,9627.0,2495.0,,2576804.0,28582.0,,1860760.0,OLeaNi00,nick-oleary-1,10250.0,10568.0,,28582.0,605423.0,16954.0,,Nick O'Leary,nick oleary,1,1,9.0,0,0.0,0.0,3.0,6.0,0.0,0.6954015,0,3.0,0.071428575,0.02255639,0.12293233,,,,,,,,,,,,,,,,,,,,,,,,,
2017,REG,14,00-0033559,M.Roberts,TE,TE,DET,13197,bb9f0c5a-cbc2-43bb-9aa5-77cdc7e77bb6,16500.0,11882.0,4164.0,,3059945.0,30240.0,,2082652.0,RobeMi01,michael-roberts-3,11896.0,12354.0,,30240.0,749874.0,19010.0,,Michael Roberts,michael roberts,2,2,8.0,0,0.0,0.0,1.0,7.0,0.0,-0.08970386,0,8.0,0.045454547,0.003649635,0.070736565,,,,,,,,,,,,,,,,,,,,,,,,,
2017,REG,14,00-0030443,L.Toilolo,TE,TE,ATL,11252,67d56171-7522-430c-b7d9-8f7e2b6624d3,11694.0,7915.0,1642.0,levinetoilolo/2540203,15980.0,26756.0,,1685990.0,ToilLe00,levine-toilolo-1,8789.0,8414.0,,26756.0,503205.0,15378.0,503205.0,Levine Toilolo,levine toilolo,1,1,7.0,0,0.0,0.0,-2.0,9.0,1.0,1.1704837,0,0.0,0.037037037,-0.0077220076,0.05015015,,,,,,,,,,,,,,,,,,,,,,,,,
2017,REG,14,00-0031044,T.Niklas,TE,TE,ARI,11703,2b159c76-53d6-4670-b341-392bc7d6d5f2,12151.0,8687.0,2245.0,troyniklas/2543628,16797.0,27580.0,,1893206.0,NiklTr00,troy-niklas-1,9292.0,9319.0,,27580.0,610949.0,16648.0,,Troy Niklas,troy niklas,1,2,7.0,0,0.0,0.0,6.0,3.0,0.0,-0.038223106,0,1.1666666,0.07692308,0.027777778,0.13482906,,,,,,,,,,,,,,,,,,,,,,,,,
2017,REG,14,00-0032062,B.Bell,TE,TE,MIN,12213,0cc4e449-185a-4b08-9f07-c907ad0c3e05,13966.0,9550.0,2422.0,,2514206.0,28505.0,,1737101.0,BellBl00,blake-bell-1,10248.0,10366.0,,28505.0,542871.0,16878.0,542871.0,Blake Bell,blake bell,2,2,7.0,0,0.0,0.0,-5.0,12.0,0.0,-0.35867706,1,0.0,0.046511628,-0.016233766,0.058403805,,,,,,,,,,,,,,,,,,,,,,,,,
2017,REG,14,00-0030780,R.Hewitt,TE,TE,CIN,11927,fa26e15f-2375-4acc-aaae-cf32cfe4bc3e,12881.0,9107.0,1891.0,ryanhewitt/2550206,17169.0,28021.0,,2130137.0,,,9654.0,9985.0,,28021.0,503183.0,16111.0,,Ryan Hewitt,ryan hewitt,1,1,6.0,0,0.0,0.0,0.0,6.0,0.0,-0.0067367265,0,0.0,0.027777778,0.0,0.041666668,,,,,,,,,,,,,,,,,,,,,,,,,
2017,REG,14,00-0031484,C.Manhertz,TE,TE,CAR,12955,7c7b5515-7786-4e24-9ce0-34e6a8bd5727,14014.0,10211.0,3048.0,,2531358.0,28365.0,,2167520.0,ManhCh00,,10033.0,10295.0,,28365.0,563293.0,17762.0,563293.0,Chris Manhertz,chris manhertz,1,1,6.0,0,0.0,0.0,3.0,3.0,0.0,-0.9339419,0,2.0,0.04347826,0.011811024,0.073485106,,,,,,,,,,,,,,,,,,,,,,,,,
2017,REG,14,00-0033895,G.Everett,TE,TE,LA,13236,ebeceb00-57e0-4b74-9cf7-853da2afed18,16459.0,11799.0,4089.0,,3918639.0,30157.0,,2142692.0,EverGe00,gerald-everett-1,11737.0,12284.0,55.0,30157.0,838487.0,18935.0,838487.0,Gerald Everett,gerald everett,1,1,6.0,0,0.0,0.0,4.0,2.0,0.0,-0.8094167,0,1.5,0.04,0.02173913,0.07521739,,,,,,,,,,,,,,,,,,,,,,,,,
2017,REG,14,00-0025549,B.Celek,TE,TE,PHI,8838,645a8bf9-2079-4df4-904a-3d8f08438b85,9070.0,3778.0,221.0,brentcelek/2507218,10605.0,8416.0,4697.0,408126.0,CeleBr00,brent-celek-1,5403.0,4269.0,,8416.0,229510.0,5511.0,,Brent Celek,brent celek,1,3,5.0,1,0.0,0.0,27.0,1.0,1.0,0.4703051,0,0.18518518,0.05882353,0.061363637,0.13118984,,,,,,,,,,,,,,,,,,,,,,,,,
2017,REG,14,00-0032227,J.Heuerman,TE,TE,DEN,12208,1fe3aadd-336b-4838-888e-8c9609747afc,13961.0,9525.0,2397.0,jeffheuerman/2552399,2576389.0,28480.0,,1824413.0,HeueJe00,jeff-heuerman-1,10246.0,10492.0,,28480.0,593517.0,16853.0,,Jeff Heuerman,jeff heuerman,1,2,5.0,0,0.0,0.0,17.0,2.0,0.0,-0.46538663,0,0.29411766,0.071428575,0.063197024,0.15138078,,,,,,,,,,,,,,,,,,,,,,,,,
2017,REG,14,00-0030181,J.Doyle,TE,TE,IND,11516,bd413539-9351-454e-9d61-4e8635d7e9f5,11987.0,8520.0,1706.0,jackdoyle/2540232,16504.0,27299.0,,2041264.0,DoylJa00,,9081.0,9075.0,,27299.0,477386.0,15602.0,477386.0,Jack Doyle,jack doyle,2,3,4.0,1,0.0,0.0,17.0,2.0,1.0,0.1517555,0,0.23529412,0.15,0.098265894,0.29378614,,,,,,,,,,,,,,,,,,,,,,,,,
2017,REG,14,00-0033885,D.Njoku,TE,TE,CLE,13192,8f86fcea-90e8-49ea-bc78-5c7659313e57,16399.0,11784.0,4033.0,,3123076.0,30142.0,,2136474.0,NjokDa00,david-njoku-1,11734.0,12186.0,252.0,30142.0,832098.0,18876.0,832098.0,David Njoku,david njoku,1,2,3.0,0,0.0,0.0,2.0,7.0,0.0,-1.8143009,0,1.5,0.071428575,0.0074074073,0.112328045,,,,,,,,,,,,,,,,,,,,,,,,,
2017,REG,14,00-0031418,A.Seferian-Jenkins,TE,TE,NYJ,11697,e78261de-af00-4530-824c-500addbe9f98,12145.0,8673.0,2222.0,austinseferian-jenkins/2543683,16795.0,27566.0,,1824731.0,SefeAu00,austin-seferian-jenkins-1,9241.0,9400.0,,27566.0,593347.0,16608.0,,Austin Seferian-Jenkins,austin seferian-jenkins,1,4,1.0,0,0.0,0.0,14.0,1.0,0.0,-5.301738,0,0.071428575,0.1904762,0.084848486,0.3451082,,,,,,,,,,,,,,,,,,,,,,,,,
2017,REG,14,00-0031598,N.Boyle,TE,TE,BAL,12328,9480dd9f-151f-4e6d-b5a3-35f07bda4cac,13963.0,9604.0,2474.0,,2574591.0,28559.0,,1888149.0,BoylNi00,,10252.0,10547.0,,28559.0,608753.0,16931.0,608753.0,Nick Boyle,nick boyle,1,1,1.0,0,0.0,0.0,-2.0,3.0,0.0,-0.4899241,0,0.0,0.029411765,-0.007936508,0.038562093,,,,,,,,,,,,,,,,,,,,,,,,,
2017,REG,14,00-0021547,A.Gates,TE,TE,LAC,7236,82da09c2-e542-4f7d-87d9-24dfd8e014de,9027.0,1609.0,322.0,antoniogates/2505299,5362.0,6663.0,,396811.0,,,3172.0,611.0,,6663.0,234249.0,7884.0,,Antonio Gates,antonio gates,0,1,0.0,0,0.0,0.0,0.0,0.0,0.0,-0.392335,0,,0.029411765,0.0,0.04411765,,,,,,,,,,,,,,,,,,,,,,,,,
2017,REG,14,00-0022943,B.Watson,TE,TE,BAL,7422,d81844de-54c3-42ee-9850-072dc4131b6f,9040.0,1753.0,663.0,benjaminwatson/2506122,5557.0,6791.0,,493107.0,WatsBe00,benjamin-watson-1,3872.0,48.0,,6791.0,246082.0,11756.0,,Ben Watson,ben watson,0,1,0.0,0,0.0,0.0,-2.0,0.0,0.0,0.99220604,0,0.0,0.029411765,-0.007936508,0.038562093,,,,,,,,,,,,,,,,,,,,,,,,,
2017,REG,14,00-0024243,M.Lewis,TE,TE,JAX,8269,9c21e9af-681c-41ef-9b00-fbc9e1668ed1,9413.0,2973.0,111.0,marcedeslewis/2495888,9614.0,7777.0,4007.0,415313.0,LewiMa00,marcedes-lewis-1,4891.0,3615.0,,7777.0,214197.0,3061.0,214197.0,Marcedes Lewis,marcedes lewis,0,2,0.0,0,0.0,0.0,21.0,0.0,0.0,-1.7794486,0,0.0,0.074074075,0.09170306,0.17530325,,,,,,,,,,,,,,,,,,,,,,,,,
2017,REG,14,00-0025418,G.Olsen,TE,TE,CAR,8687,587d0a98-7ec5-45a5-adba-8af26e8f256b,9238.0,3647.0,58.0,gregolsen/2495700,10475.0,8285.0,,502524.0,OlseGr00,greg-olsen-1,5206.0,4190.0,,8285.0,230925.0,1658.0,,Greg Olsen,greg olsen,0,1,0.0,0,0.0,0.0,17.0,0.0,0.0,-0.49619606,0,0.0,0.04347826,0.06692913,0.11206778,,,,,,,,,,,,,,,,,,,,,,,,,
2017,REG,14,00-0027675,E.Dickson,TE,TE,CAR,9912,46bb9a85-523c-4530-95c3-2c2a9737e65f,9706.0,5595.0,701.0,eddickson/497224,13272.0,24045.0,6604.0,565631.0,DickEd00,ed-dickson-1,6530.0,5840.0,,24045.0,296060.0,12153.0,,Ed Dickson,ed dickson,0,1,0.0,0,0.0,0.0,1.0,0.0,0.0,-0.36833197,0,0.0,0.04347826,0.003937008,0.06797329,,,,,,,,,,,,,,,,,,,,,,,,,
2017,REG,14,00-0027696,J.Graham,TE,TE,SEA,9925,fd85786d-3900-4dc0-9b30-334ee30413ed,9712.0,5619.0,616.0,jimmygraham/497236,13232.0,24070.0,6610.0,1691166.0,GrahJi00,jimmy-graham-1,6532.0,5842.0,,24070.0,295918.0,11488.0,295918.0,Jimmy Graham,jimmy graham,0,2,0.0,0,0.0,0.0,51.0,0.0,0.0,-2.5654347,0,0.0,0.06896552,0.11015119,0.1805541,,,,,,,,,,,,,,,,,,,,,,,,,
2017,REG,14,00-0027732,M.Hoomanawanui,TE,TE,NO,9946,add7a245-2444-491f-bdfb-b1b0d76f6a28,9740.0,5655.0,622.0,michaelhoomanawanui/497246,13387.0,24108.0,,1115114.0,HoomMi00,michael-hoomanawanui-1,6535.0,5909.0,,24108.0,333398.0,11535.0,,Michael Hoomanawanui,michael hoomanawanui,0,1,0.0,0,0.0,0.0,4.0,0.0,0.0,-0.7064579,0,0.0,0.028571429,0.021978023,0.05824176,,,,,,,,,,,,,,,,,,,,,,,,,
2017,REG,14,00-0031035,X.Grimble,TE,TE,PIT,11701,c9557ff2-899f-41e3-8a0e-35ca874db9b2,12149.0,9092.0,2082.0,xaviergrimble/2550521,17348.0,28184.0,,2130777.0,,,9283.0,9614.0,,28184.0,555680.0,16395.0,,Xavier Grimble,xavier grimble,0,2,0.0,0,0.0,0.0,25.0,0.0,0.0,-1.0636892,0,0.0,0.03125,0.04950495,0.08152846,,,,,,,,,,,,,,,,,,,,,,,,,
2017,REG,14,00-0031384,R.Rodgers,TE,TE,GB,11785,e00b3426-238b-4bdb-85c3-bbf08b7469e3,12233.0,8733.0,2146.0,richardrodgers/2550313,16786.0,27626.0,,2129433.0,RodgRi00,richard-rodgers-1,9559.0,9547.0,,27626.0,607699.0,16491.0,607699.0,Richard Rodgers,richard rodgers,0,1,0.0,0,0.0,0.0,11.0,0.0,0.0,-1.208525,0,0.0,0.02173913,0.050925925,0.06825684,,,,,,,,,,,,,,,,,,,,,,,,,
2017,REG,14,00-0031951,J.O'Shaughnessy,TE,TE,JAX,12330,e5c6b0d4-3e77-422b-a6d8-574a10ed385e,14146.0,9606.0,2476.0,,2508079.0,28561.0,,2174148.0,O'ShJa00,,10249.0,10549.0,,28561.0,552352.0,16933.0,552352.0,James O'Shaughnessy,james oshaughnessy,0,1,0.0,0,0.0,0.0,6.0,0.0,0.0,-0.47723278,0,0.0,0.037037037,0.026200874,0.07389617,,,,,,,,,,,,,,,,,,,,,,,,,
2017,REG,14,00-0032134,C.Uzomah,TE,TE,CIN,12317,19858900-5c8e-49a7-ab02-34ef625724ca,14084.0,9590.0,2460.0,c.j.uzomah/2552559,2574576.0,28545.0,,2174118.0,UzomC.00,cj-uzomah-1,10462.0,10534.0,,28545.0,593305.0,16917.0,593305.0,C.J. Uzomah,cj uzomah,0,1,0.0,0,0.0,0.0,26.0,0.0,0.0,-1.8955818,0,0.0,0.027777778,0.07580175,0.09472789,,,,,,,,,,,,,,,,,,,,,,,,,
2017,REG,14,00-0032214,T.Kroft,TE,TE,CIN,12212,36f54823-9d51-4180-9c91-d10281deb4bf,13960.0,9518.0,2390.0,tylerkroft/2552586,2582410.0,28473.0,,1824200.0,KrofTy00,tyler-kroft-1,10247.0,10490.0,,28473.0,592268.0,16846.0,592268.0,Tyler Kroft,tyler kroft,0,1,0.0,0,0.0,0.0,10.0,0.0,0.0,-1.4710059,0,0.0,0.027777778,0.029154519,0.06207483,,,,,,,,,,,,,,,,,,,,,,,,,
2017,REG,14,00-0032319,R.Travis,TE,TE,IND,12898,75dfd9cc-5419-49e1-bade-0632d03ca4b4,14613.0,10320.0,3041.0,,3936647.0,29208.0,,2195596.0,,,10837.0,11245.0,,29208.0,602069.0,17750.0,602069.0,Ross Travis,ross travis,0,2,0.0,0,0.0,0.0,55.0,0.0,0.0,-0.9911891,0,0.0,0.1,0.31791908,0.37254336,,,,,,,,,,,,,,,,,,,,,,,,,
2017,REG,14,00-0032394,N.Vannett,TE,TE,SEA,12680,c731aa8a-778b-4ccd-a19f-517eb66f47b7,15645.0,10728.0,3258.0,,2576399.0,29328.0,,1871322.0,VannNi00,nick-vannett-1,10949.0,11329.0,,29328.0,606488.0,18019.0,606488.0,Nick Vannett,nick vannett,0,1,0.0,0,0.0,0.0,13.0,0.0,0.0,-0.46228,0,0.0,0.03448276,0.028077753,0.07137857,,,,,,,,,,,,,,,,,,,,,,,,,
2017,REG,15,00-0027656,R.Gronkowski,TE,TE,NE,9902,2142a164-48ad-47d6-bb27-0bc58c6b2e62,9721.0,5567.0,515.0,robgronkowski/497240,13229.0,24017.0,,1244303.0,GronRo00,rob-gronkowski-1,6443.0,5729.0,,24017.0,381091.0,10974.0,381091.0,Rob Gronkowski,rob gronkowski,9,13,168.0,0,0.0,0.0,151.0,38.0,8.0,6.639268,1,1.1125828,0.37142858,0.42897728,0.85742694,Rob Gronkowski,NE,3.998333333333333,2.0427175761377714,10.699230769230768,40.67672691115401,69.23076923076923,168.0,0.0,6.415555555555557,5.826549960439479,0.5890055951160775,00-0027656,Robert,Gronkowski,R.Gronkowski,,,,,,,,,
2017,REG,15,00-0025418,G.Olsen,TE,TE,CAR,8687,587d0a98-7ec5-45a5-adba-8af26e8f256b,9238.0,3647.0,58.0,gregolsen/2495700,10475.0,8285.0,,502524.0,OlseGr00,greg-olsen-1,5206.0,4190.0,,8285.0,230925.0,1658.0,,Greg Olsen,greg olsen,9,12,116.0,1,0.0,0.0,114.0,37.0,7.0,7.6289506,0,1.0175439,0.4,0.50666666,0.9546667,Greg Olsen,CAR,4.596666666666668,3.5295627451988367,9.515833333333333,46.949264040786126,75.0,116.0,1.0,4.323333333333334,3.8866764786959416,0.43665685463739257,00-0025418,Gregory,Olsen,G.Olsen,,,,,,,,,
2017,REG,15,00-0033881,E.Engram,TE,TE,NYG,13189,e21365af-8d66-416e-b0a5-8816d18fcfd9,16411.0,11778.0,4066.0,,3051876.0,30136.0,,2079887.0,EngrEv00,evan-engram-1,11805.0,12205.0,229.0,30136.0,749185.0,18912.0,749185.0,Evan Engram,evan engram,8,13,87.0,0,0.0,0.0,115.0,25.0,4.0,1.3725675,0,0.75652176,0.22807017,0.2948718,0.5485155,Evan Engram,NYG,6.114545454545455,2.5143035840478976,10.159230769230769,33.261137834638724,61.53846153846154,87.0,0.0,4.023750000000001,2.9313496221952136,1.092400377804787,00-0033881,Evan,Engram,E.Engram,,,,,,,,,
2017,REG,15,00-0031384,R.Rodgers,TE,TE,GB,11785,e00b3426-238b-4bdb-85c3-bbf08b7469e3,12233.0,8733.0,2146.0,richardrodgers/2550313,16786.0,27626.0,,2129433.0,RodgRi00,richard-rodgers-1,9559.0,9547.0,,27626.0,607699.0,16491.0,607699.0,Richard Rodgers,richard rodgers,4,4,77.0,1,0.0,0.0,42.0,35.0,2.0,6.1677866,0,1.8333334,0.093023255,0.12138728,0.22450598,,,,,,,,,,,,,,,,,,,,,,,,,
2017,REG,15,00-0022943,B.Watson,TE,TE,BAL,7422,d81844de-54c3-42ee-9850-072dc4131b6f,9040.0,1753.0,663.0,benjaminwatson/2506122,5557.0,6791.0,,493107.0,WatsBe00,benjamin-watson-1,3872.0,48.0,,6791.0,246082.0,11756.0,,Ben Watson,ben watson,4,4,74.0,1,0.0,0.0,33.0,41.0,3.0,6.549833,0,2.2424242,0.0952381,0.12692308,0.2317033,,,,,,,,,,,,,,,,,,,,,,,,,
2017,REG,15,00-0028112,C.Clay,TE,TE,BUF,10409,04ca4fb9-194e-47fe-8fc8-adb5790a8e78,10003.0,6326.0,801.0,charlesclay/2495139,14145.0,24961.0,,1265552.0,ClayCh00,charles-clay-1,7424.0,6681.0,,24961.0,400516.0,12751.0,,Charles Clay,charles clay,5,9,68.0,0,0.0,0.0,67.0,30.0,3.0,-0.2576067,0,1.0149254,0.32142857,0.22866894,0.64221114,Charles Clay,BUF,7.0525,2.565181742322405,7.01,21.898646303366885,55.55555555555556,68.0,0.0,5.793999999999999,2.814036250182761,2.9799637498172378,00-0028112,Charles,Clay,C.Clay,,,,,,,,,
2017,REG,15,00-0028903,G.Celek,TE,TE,SF,11007,16cc9ade-f9ad-4d32-b5b9-d7568ee80f58,11507.0,7274.0,1223.0,garrettcelek/2534820,15204.0,26253.0,,1975891.0,,,8516.0,7982.0,,26253.0,403184.0,14496.0,,Garrett Celek,garrett celek,3,3,63.0,1,0.0,0.0,41.0,22.0,2.0,5.562926,0,1.5365853,0.071428575,0.11614731,0.18844597,,,,,,,,,,,,,,,,,,,,,,,,,
2017,REG,15,00-0030061,Z.Ertz,TE,TE,PHI,11247,de3421f7-2147-4835-89a5-724e87bad463,11689.0,7816.0,1339.0,zachertz/2540158,15835.0,26658.0,,1685963.0,ErtzZa00,zach-ertz-1,8781.0,8409.0,305.0,26658.0,503177.0,14856.0,503177.0,Zach Ertz,zach ertz,6,9,56.0,1,0.0,0.0,61.0,11.0,4.0,2.987088,0,0.91803277,0.24324325,0.1918239,0.4991416,Zach Ertz,PHI,4.703333333333333,3.4531851437538226,6.447777777777778,16.631796165200193,66.66666666666666,56.0,1.0,2.1916666666666664,2.185706217861631,0.005960448805035323,00-0030061,Zachary,Ertz,Z.Ertz,,,,,,,,,
2017,REG,15,00-0032227,J.Heuerman,TE,TE,DEN,12208,1fe3aadd-336b-4838-888e-8c9609747afc,13961.0,9525.0,2397.0,jeffheuerman/2552399,2576389.0,28480.0,,1824413.0,HeueJe00,jeff-heuerman-1,10246.0,10492.0,,28480.0,593517.0,16853.0,,Jeff Heuerman,jeff heuerman,1,1,54.0,1,0.0,0.0,24.0,30.0,1.0,5.3068013,0,2.25,0.04,0.07570978,0.11299685,,,,,,,,,,,,,,,,,,,,,,,,,
2017,REG,15,00-0033288,G.Kittle,TE,TE,SF,13299,2ada91b0-036e-454f-83c3-6d939ff584a9,16499.0,11901.0,4217.0,,3040151.0,30259.0,,2818265.0,KittGe00,george-kittle-1,11892.0,12276.0,298.0,30259.0,733672.0,19063.0,733672.0,George Kittle,george kittle,4,5,52.0,0,0.0,0.0,41.0,29.0,3.0,1.9542198,0,1.2682927,0.11904762,0.11614731,0.25987455,George Kittle,SF,3.2475,4.006977377980864,10.170000000000002,13.442778967404237,80.0,52.0,0.0,7.184999999999999,7.761715194368435,-0.5767151943684361,00-0033288,George,Kittle,G.Kittle,,,,,,,,,
2017,REG,15,00-0031273,C.Brate,TE,TE,TB,12110,5afe93fd-0caf-4cca-83fc-7f405bebfa3e,13470.0,9207.0,2214.0,,17453.0,28267.0,,2132787.0,BratCa00,,10008.0,10193.0,,28267.0,552926.0,16593.0,552926.0,Cameron Brate,cameron brate,4,5,49.0,0,0.0,0.0,64.0,0.0,4.0,2.2036629,0,0.765625,0.15151516,0.1921922,0.36180726,Cameron Brate,TB,6.272,0.7757722455825787,12.328,19.037618135771197,80.0,49.0,0.0,0.2450000000000001,0.6607428395377752,-0.41574283953777513,00-0031273,Cameron,Brate,C.Brate,,,,,,,,,
2017,REG,15,00-0022127,J.Witten,TE,TE,DAL,6997,e38c9b1b-7c51-48a2-ac1d-a752502e8930,9275.0,1384.0,23.0,jasonwitten/2505629,4527.0,6405.0,,396134.0,WittJa00,jason-witten-1,3086.0,1990.0,,6405.0,184571.0,722.0,,Jason Witten,jason witten,4,5,47.0,0,0.0,0.0,61.0,11.0,2.0,2.7973077,0,0.7704918,0.18518518,0.20819113,0.42351156,Jason Witten,DAL,5.5975,4.060350710278199,11.260000000000002,20.379352783609644,80.0,47.0,0.0,3.332499999999998,4.60673659706314,-1.2742365970631422,00-0022127,Christopher,Witten,J.Witten,,,,,,,,,
2017,REG,15,00-0030181,J.Doyle,TE,TE,IND,11516,bd413539-9351-454e-9d61-4e8635d7e9f5,11987.0,8520.0,1706.0,jackdoyle/2540232,16504.0,27299.0,,2041264.0,DoylJa00,,9081.0,9075.0,,27299.0,477386.0,15602.0,477386.0,Jack Doyle,jack doyle,7,8,47.0,0,0.0,0.0,34.0,19.0,2.0,1.5539256,0,1.382353,0.2857143,0.20858896,0.5745837,Jack Doyle,IND,4.1375,2.037623890964772,4.2924999999999995,20.27633443552196,87.5,47.0,0.0,2.7571428571428576,2.428042628202531,0.32910022894032664,00-0030181,John,Doyle,J.Doyle,,,,,,,,,
2017,REG,15,00-0030506,T.Kelce,TE,TE,KC,11244,c3859e06-5f23-4302-a71b-04820a899d5f,11594.0,7844.0,1466.0,traviskelce/2540258,15847.0,26686.0,,1725130.0,KelcTr00,travis-kelce-1,8783.0,8411.0,264.0,26686.0,448240.0,15048.0,448240.0,Travis Kelce,travis kelce,6,7,46.0,0,0.0,0.0,20.0,30.0,3.0,3.5117483,0,2.3,0.23333333,0.19417475,0.48592234,Travis Kelce,KC,7.1775,3.2733229817772886,2.9328571428571424,20.044913102909586,85.71428571428571,46.0,0.0,4.933333333333334,4.41522849540803,0.5181048379253035,00-0030506,Travis,Kelce,T.Kelce,,,,,,,,,
2017,REG,15,00-0031044,T.Niklas,TE,TE,ARI,11703,2b159c76-53d6-4670-b341-392bc7d6d5f2,12151.0,8687.0,2245.0,troyniklas/2543628,16797.0,27580.0,,1893206.0,NiklTr00,troy-niklas-1,9292.0,9319.0,,27580.0,610949.0,16648.0,,Troy Niklas,troy niklas,3,6,41.0,0,0.0,0.0,37.0,25.0,2.0,1.6626282,0,1.1081082,0.15,0.11212121,0.30348486,Troy Niklas,ARI,2.48,3.446939921525674,6.211666666666667,10.448849140710422,50.0,41.0,0.0,7.979999999999998,8.351340462100174,-0.3713404621001759,00-0031044,Troy,Niklas,T.Niklas,,,,,,,,,
2017,REG,15,00-0024389,De.Walker,TE,TE,TEN,8416,ccce5e8e-52ca-4f0f-a40f-fe5e7227d156,9172.0,3120.0,284.0,delaniewalker/2495966,9761.0,7924.0,4353.0,1109396.0,WalkHu00,,4888.0,3976.0,,7924.0,218943.0,7175.0,,Delanie Walker,delanie walker,5,10,37.0,1,1.0,1.0,76.0,14.0,3.0,-3.405694,0,0.4868421,0.3030303,0.25165564,0.6307044,Delanie Walker,TEN,6.118888888888888,3.1560487329685136,8.993,27.66481065616636,50.0,37.0,1.0,2.7579999999999982,2.82725198970752,-0.06925198970752167,00-0024389,Delanie,Walker,D.Walker,,,,,,,,,
2017,REG,15,00-0031387,E.Ebron,TE,TE,DET,11695,9fbcfae9-dd14-415c-8952-9b1b5dff0dfc,12143.0,8645.0,2118.0,ericebron/2543466,16732.0,27538.0,,1865396.0,EbroEr00,eric-ebron-1,9210.0,9390.0,,27538.0,605752.0,16451.0,605752.0,Eric Ebron,eric ebron,5,7,33.0,1,0.0,0.0,31.0,21.0,2.0,1.9957137,0,1.0645162,0.21212122,0.16062176,0.43061706,Eric Ebron,DET,7.369999999999999,3.0103465805799368,5.105714285714283,18.280394864712793,71.42857142857143,33.0,1.0,4.728000000000003,4.706832653179617,0.0211673468203859,00-0031387,Eric,Ebron,E.Ebron,,,,,,,,,
2017,REG,15,00-0032117,N.O'Leary,TE,TE,BUF,12207,c257b2e6-dfc9-45c8-b30c-a497f2ce82a2,13957.0,9627.0,2495.0,,2576804.0,28582.0,,1860760.0,OLeaNi00,nick-oleary-1,10250.0,10568.0,,28582.0,605423.0,16954.0,,Nick O'Leary,nick oleary,2,2,33.0,0,0.0,0.0,24.0,9.0,1.0,2.3001862,0,1.375,0.071428575,0.081911266,0.16448075,,,,,,,,,,,,,,,,,,,,,,,,,
2017,REG,15,00-0032319,R.Travis,TE,TE,IND,12898,75dfd9cc-5419-49e1-bade-0632d03ca4b4,14613.0,10320.0,3041.0,,3936647.0,29208.0,,2195596.0,,,10837.0,11245.0,,29208.0,602069.0,17750.0,602069.0,Ross Travis,ross travis,2,2,33.0,0,0.0,0.0,15.0,18.0,2.0,2.4433153,0,2.2,0.071428575,0.09202454,0.17156003,,,,,,,,,,,,,,,,,,,,,,,,,
2017,REG,15,00-0032098,D.Brown,TE,TE,CHI,12585,1b016b52-62ba-4da9-9ead-6bad689f8d33,14470.0,10144.0,2751.0,,2519013.0,29102.0,,2175305.0,BrowDa04,,10713.0,11092.0,,29102.0,561380.0,17219.0,561380.0,Daniel Brown,daniel brown,3,4,32.0,0,0.0,0.0,26.0,15.0,2.0,-0.44810903,0,1.2307693,0.08695652,0.080996886,0.1871326,,,,,,,,,,,,,,,,,,,,,,,,,
2017,REG,15,00-0033080,S.DeValve,TE,TE,CLE,12792,a2451bf7-83dd-496c-b527-c14d8d518598,15671.0,10772.0,3296.0,,2566659.0,29372.0,,1984760.0,DevaSe00,,11221.0,11444.0,,29372.0,623676.0,18057.0,,Seth DeValve,seth devalve,2,4,32.0,0,0.0,0.0,35.0,14.0,2.0,-0.19707865,0,0.9142857,0.10810811,0.125,0.24966216,,,,,,,,,,,,,,,,,,,,,,,,,
2017,REG,15,00-0033879,O.Howard,TE,TE,TB,13188,93ed8c6f-b676-46d3-bf82-6155e89b4a68,16380.0,11774.0,4055.0,,3043080.0,30132.0,,2061190.0,HowaO.00,oj-howard-1,11806.0,12161.0,,30132.0,732147.0,18901.0,732147.0,O.J. Howard,oj howard,1,1,30.0,1,0.0,0.0,4.0,26.0,1.0,3.4743,0,7.5,0.030303031,0.012012012,0.053862955,,,,,,,,,,,,,,,,,,,,,,,,,
2017,REG,15,00-0033090,H.Henry,TE,TE,LAC,12676,705899da-3c20-4bc3-b5d0-2e6e40655131,15561.0,10669.0,3214.0,,3046439.0,29269.0,,2079848.0,HenrHu00,hunter-henry-1,10735.0,11299.0,212.0,29269.0,744425.0,17975.0,744425.0,Hunter Henry,hunter henry,3,3,28.0,0,0.0,0.0,9.0,19.0,2.0,2.6392925,0,3.1111112,0.083333336,0.0259366,0.14315562,,,,,,,,,,,,,,,,,,,,,,,,,
2017,REG,15,00-0030089,L.Willson,TE,TE,SEA,11381,16c67c97-ffd9-4f92-917d-ad6124ce1f6e,11812.0,7940.0,1603.0,lukewillson/2541199,16121.0,26781.0,,2057661.0,WillLu00,luke-willson-1,8907.0,8567.0,,26781.0,466869.0,15263.0,466869.0,Luke Willson,luke willson,1,2,26.0,1,0.0,0.0,22.0,4.0,1.0,2.2386675,0,1.1818181,0.074074075,0.06962025,0.1598453,,,,,,,,,,,,,,,,,,,,,,,,,
2017,REG,15,00-0032134,C.Uzomah,TE,TE,CIN,12317,19858900-5c8e-49a7-ab02-34ef625724ca,14084.0,9590.0,2460.0,c.j.uzomah/2552559,2574576.0,28545.0,,2174118.0,UzomC.00,cj-uzomah-1,10462.0,10534.0,,28545.0,593305.0,16917.0,593305.0,C.J. Uzomah,cj uzomah,4,4,24.0,0,0.0,0.0,11.0,13.0,0.0,1.7387675,0,2.1818182,0.14285715,0.05263158,0.2511278,,,,,,,,,,,,,,,,,,,,,,,,,
2017,REG,15,00-0032745,A.Cross,TE,TE,TB,12996,cc1df018-baa8-4344-b13c-cd5ef1a52d26,16217.0,10931.0,3595.0,,2586700.0,29571.0,,1906373.0,,,11406.0,11727.0,,29571.0,614284.0,18376.0,,Alan Cross,alan cross,1,2,23.0,0,0.0,0.0,31.0,0.0,1.0,1.2966082,0,0.7419355,0.060606062,0.09309309,0.15607426,,,,,,,,,,,,,,,,,,,,,,,,,
2017,REG,15,00-0030216,J.Hill,TE,TE,NO,11529,687cdc33-bd0d-4b70-adb3-33f97dc26a3c,13565.0,8200.0,1777.0,joshhill/2541834,16143.0,26950.0,,2060083.0,HillJo02,,9071.0,8764.0,,26950.0,469509.0,15866.0,,Josh Hill,josh hill,1,2,22.0,0,0.0,0.0,24.0,2.0,1.0,1.2530805,0,0.9166667,0.055555556,0.12307692,0.16948718,,,,,,,,,,,,,,,,,,,,,,,,,
2017,REG,15,00-0032055,D.Funchess,TE,TE,CAR,12205,7f5f2a81-ac40-420c-9421-5b9e2a21faf8,13915.0,9474.0,2346.0,,2977609.0,28429.0,,2001877.0,FuncDe00,devin-funchess-1,10138.0,10391.0,,28429.0,696127.0,16802.0,696127.0,Devin Funchess,devin funchess,1,4,19.0,0,0.0,0.0,58.0,2.0,1.0,-0.36218238,0,0.3275862,0.13333334,0.25777778,0.38044444,,,,,,,,,,,,,,,,,,,,,,,,,
2017,REG,15,00-0024221,V.Davis,TE,TE,WAS,8247,0a95e792-6455-4927-9539-f95fa7f41fbb,9621.0,2951.0,200.0,vernondavis/2495826,9592.0,7755.0,,409254.0,DaviVe00,vernon-davis-1,4732.0,3638.0,,7755.0,215595.0,5084.0,,Vernon Davis,vernon davis,2,5,18.0,0,1.0,1.0,61.0,5.0,1.0,-6.026381,0,0.29508197,0.1923077,0.33152175,0.52052677,Vernon Davis,WAS,3.946,1.8543701961282237,11.648,30.11219688744119,40.0,18.0,0.0,3.3150000000000013,3.201097592728047,0.11390240727195433,00-0024221,Vernon,Davis,V.Davis,,,,,,,,,
2017,REG,15,00-0024243,M.Lewis,TE,TE,JAX,8269,9c21e9af-681c-41ef-9b00-fbc9e1668ed1,9413.0,2973.0,111.0,marcedeslewis/2495888,9614.0,7777.0,4007.0,415313.0,LewiMa00,marcedes-lewis-1,4891.0,3615.0,,7777.0,214197.0,3061.0,214197.0,Marcedes Lewis,marcedes lewis,2,2,18.0,0,0.0,0.0,8.0,10.0,0.0,1.7116714,0,2.25,0.07692308,0.050314464,0.15060474,,,,,,,,,,,,,,,,,,,,,,,,,
2017,REG,15,00-0029414,O.Charles,TE,TE,KC,10747,b6325c85-c313-4cfb-a299-9884d5e9e389,11224.0,7116.0,1065.0,orsoncharles/2533047,14902.0,25826.0,,1707633.0,CharOr00,orson-charles-1,8042.0,7457.0,,25826.0,512099.0,13861.0,,Orson Charles,orson charles,1,1,18.0,0,0.0,0.0,10.0,8.0,0.0,0.8863126,0,1.8,0.033333335,0.097087376,0.11796117,,,,,,,,,,,,,,,,,,,,,,,,,
2017,REG,15,00-0027061,J.Cook,TE,TE,LV,9474,3b7a1409-d154-4e5c-8c94-9d4a0e0993c7,9265.0,5012.0,367.0,jaredcook/71265,12537.0,9353.0,6126.0,584314.0,CookJa02,jared-cook-2,5981.0,5165.0,,9353.0,296480.0,8534.0,296480.0,Jared Cook,jared cook,2,4,17.0,0,0.0,0.0,27.0,12.0,1.0,-1.2926561,0,0.6296296,0.10526316,0.102661595,0.22975786,,,,,,,,,,,,,,,,,,,,,,,,,
2017,REG,15,00-0027981,K.Rudolph,TE,TE,MIN,10312,1059e9dc-97df-4643-9116-883a0573d8b1,9906.0,6195.0,943.0,kylerudolph/2495438,14054.0,24830.0,7444.0,1633122.0,RudoKy00,kyle-rudolph-1,7246.0,6459.0,,24830.0,469472.0,13275.0,469472.0,Kyle Rudolph,kyle rudolph,2,2,17.0,1,0.0,0.0,16.0,1.0,1.0,0.5153855,0,1.0625,0.08,0.15238096,0.22666667,,,,,,,,,,,,,,,,,,,,,,,,,
2017,REG,15,00-0024268,A.Fasano,TE,TE,MIA,8294,04eb8101-538f-44ac-ba09-ce30b5344fc2,9023.0,2998.0,51.0,anthonyfasano/2495835,9639.0,7802.0,3911.0,410446.0,FasaAn00,anthony-fasano-1,4755.0,3604.0,,7802.0,217412.0,1545.0,,Anthony Fasano,anthony fasano,2,2,15.0,0,0.0,0.0,10.0,5.0,1.0,0.81144744,0,1.5,0.040816326,0.023752969,0.07785157,,,,,,,,,,,,,,,,,,,,,,,,,
2017,REG,15,00-0028067,J.Thomas,TE,TE,MIA,10372,87f6826a-f35a-4b49-9673-da54ccb9becd,9966.0,6281.0,874.0,juliusthomas/2495353,14204.0,24916.0,,1755056.0,ThomJu00,,7415.0,6598.0,,24916.0,550870.0,13027.0,,Julius Thomas,julius thomas,2,4,15.0,0,0.0,0.0,8.0,14.0,1.0,-0.4095669,0,1.875,0.08163265,0.019002376,0.13575064,,,,,,,,,,,,,,,,,,,,,,,,,
2017,REG,15,00-0030710,T.Burton,TE,TE,PHI,11705,bc0f07a4-3e7b-4e61-987a-05533dc225be,12153.0,9185.0,1793.0,treyburton/2550284,16974.0,27789.0,,2130223.0,BurtTr01,,9490.0,9737.0,,27789.0,542788.0,15965.0,,Trey Burton,trey burton,2,2,15.0,1,0.0,0.0,16.0,-1.0,1.0,2.8476853,0,0.9375,0.054054055,0.050314464,0.11630121,,,,,,,,,,,,,,,,,,,,,,,,,
2017,REG,15,00-0031951,J.O'Shaughnessy,TE,TE,JAX,12330,e5c6b0d4-3e77-422b-a6d8-574a10ed385e,14146.0,9606.0,2476.0,,2508079.0,28561.0,,2174148.0,O'ShJa00,,10249.0,10549.0,,28561.0,552352.0,16933.0,552352.0,James O'Shaughnessy,james oshaughnessy,1,2,15.0,0,0.0,0.0,2.0,15.0,1.0,0.49264237,0,7.5,0.07692308,0.012578616,0.124189645,,,,,,,,,,,,,,,,,,,,,,,,,
2017,REG,15,00-0033421,A.Auclair,TE,TE,TB,13445,d6647491-8a3c-4f9f-999c-823823bd478d,16501.0,24606.0,4468.0,,4081127.0,30468.0,,2819226.0,AuclAn00,,12230.0,12603.0,,30468.0,1050026.0,19335.0,1050026.0,Antony Auclair,antony auclair,1,1,14.0,0,0.0,0.0,0.0,14.0,1.0,0.8823928,0,0.0,0.030303031,0.0,0.045454547,,,,,,,,,,,,,,,,,,,,,,,,,
2017,REG,15,00-0031418,A.Seferian-Jenkins,TE,TE,NYJ,11697,e78261de-af00-4530-824c-500addbe9f98,12145.0,8673.0,2222.0,austinseferian-jenkins/2543683,16795.0,27566.0,,1824731.0,SefeAu00,austin-seferian-jenkins-1,9241.0,9400.0,,27566.0,593347.0,16608.0,,Austin Seferian-Jenkins,austin seferian-jenkins,2,2,13.0,0,0.0,0.0,1.0,12.0,1.0,1.7841136,0,13.0,0.057142857,0.0037593986,0.08834586,,,,,,,,,,,,,,,,,,,,,,,,,
2017,REG,15,00-0032392,A.Hooper,TE,TE,ATL,12677,90c2a93f-d837-4e1b-b57c-56648903a8db,15581.0,10715.0,3202.0,,3043275.0,29315.0,,2067004.0,HoopAu00,austin-hooper-1,10748.0,11301.0,384.0,29315.0,739424.0,17963.0,739424.0,Austin Hooper,austin hooper,2,2,12.0,0,0.0,0.0,7.0,5.0,0.0,0.4753668,0,1.7142857,0.06666667,0.021943573,0.1153605,,,,,,,,,,,,,,,,,,,,,,,,,
2017,REG,15,00-0033110,T.Higbee,TE,TE,LA,12678,0df7912d-9e81-47ea-b4f7-d04986df4ee8,15623.0,10744.0,3271.0,,2573401.0,29344.0,,1853103.0,HigbTy00,tyler-higbee-1,10854.0,11430.0,159.0,29344.0,604176.0,18032.0,604176.0,Tyler Higbee,tyler higbee,1,1,12.0,0,0.0,0.0,6.0,6.0,1.0,1.2183408,0,2.0,0.04347826,0.057142857,0.10521739,,,,,,,,,,,,,,,,,,,,,,,,,
2017,REG,15,00-0028093,N.Paul,TE,TE,WAS,10394,38f5843a-8318-4eb7-b517-c83d415e77a4,9988.0,6307.0,918.0,nilespaul/2495211,14156.0,24942.0,7556.0,1272502.0,PaulNi00,niles-paul-1,7384.0,6661.0,,24942.0,406159.0,13170.0,,Niles Paul,niles paul,1,1,11.0,0,0.0,0.0,6.0,5.0,1.0,1.1217595,0,1.8333334,0.03846154,0.032608695,0.080518395,,,,,,,,,,,,,,,,,,,,,,,,,
2017,REG,15,00-0033611,R.Seals-Jones,TE,TE,ARI,13382,52735659-a294-4f64-a7f4-3591450834e5,16730.0,12020.0,4531.0,,3051806.0,30494.0,,2080003.0,SealRi00,,11876.0,12463.0,,30494.0,744568.0,19410.0,744568.0,Ricky Seals-Jones,ricky seals-jones,2,6,11.0,0,0.0,0.0,59.0,4.0,0.0,-8.02519,0,0.18644068,0.15,0.17878787,0.3501515,Ricky Seals-Jones,ARI,6.357500000000001,1.4838663354829562,9.78,16.451260197930974,33.33333333333333,11.0,0.0,2.085000000000001,1.5379519768602412,0.5470480231397596,00-0033611,Roderick,Seals-Jones,R.Seals-Jones,,,,,,,,,
2017,REG,15,00-0021547,A.Gates,TE,TE,LAC,7236,82da09c2-e542-4f7d-87d9-24dfd8e014de,9027.0,1609.0,322.0,antoniogates/2505299,5362.0,6663.0,,396811.0,,,3172.0,611.0,,6663.0,234249.0,7884.0,,Antonio Gates,antonio gates,1,3,10.0,1,0.0,0.0,42.0,0.0,1.0,-1.9384593,0,0.23809524,0.083333336,0.12103746,0.20972623,,,,,,,,,,,,,,,,,,,,,,,,,
2017,REG,15,00-0029689,D.Allen,TE,TE,NE,10742,cc745cc3-d52a-454b-98c8-ac9155a9405c,11219.0,7066.0,1105.0,dwayneallen/2533046,14901.0,25774.0,8485.0,1630216.0,AlleDw00,dwayne-allen-1,8041.0,7452.0,,25774.0,463515.0,13987.0,,Dwayne Allen,dwayne allen,1,1,10.0,0,0.0,0.0,2.0,8.0,1.0,0.8015878,0,5.0,0.028571429,0.0056818184,0.046834417,,,,,,,,,,,,,,,,,,,,,,,,,
2017,REG,15,00-0030422,D.Sims,TE,TE,CHI,11249,9c04a540-cb7c-41dc-8e7c-50b7af29a3a2,11691.0,7888.0,1357.0,dionsims/2540200,15974.0,26729.0,,1700507.0,SimsDi00,dion-sims-1,8784.0,8532.0,,26729.0,511525.0,14876.0,,Dion Sims,dion sims,1,1,9.0,0,0.0,0.0,5.0,4.0,0.0,0.49948972,0,1.8,0.02173913,0.015576324,0.04351212,,,,,,,,,,,,,,,,,,,,,,,,,
2017,REG,15,00-0031598,N.Boyle,TE,TE,BAL,12328,9480dd9f-151f-4e6d-b5a3-35f07bda4cac,13963.0,9604.0,2474.0,,2574591.0,28559.0,,1888149.0,BoylNi00,,10252.0,10547.0,,28559.0,608753.0,16931.0,608753.0,Nick Boyle,nick boyle,1,2,9.0,0,0.0,0.0,-2.0,12.0,0.0,0.20698452,0,0.0,0.04761905,-0.0076923077,0.06604396,,,,,,,,,,,,,,,,,,,,,,,,,
2017,REG,15,00-0031035,X.Grimble,TE,TE,PIT,11701,c9557ff2-899f-41e3-8a0e-35ca874db9b2,12149.0,9092.0,2082.0,xaviergrimble/2550521,17348.0,28184.0,,2130777.0,,,9283.0,9614.0,,28184.0,555680.0,16395.0,,Xavier Grimble,xavier grimble,1,1,8.0,0,0.0,0.0,5.0,3.0,1.0,1.0034201,0,1.6,0.033333335,0.02008032,0.064056225,,,,,,,,,,,,,,,,,,,,,,,,,
2017,REG,15,00-0030155,D.Harris,TE,TE,KC,11448,8506c15c-15cc-4d2c-aebf-270c605fe0ec,11881.0,8524.0,1619.0,demetriusharris/2541187,16318.0,27174.0,,2060074.0,HarrDe03,,9847.0,8683.0,,27174.0,602269.0,15305.0,602269.0,Demetrius Harris,demetrius harris,1,2,7.0,0,0.0,0.0,6.0,7.0,0.0,-0.9080968,0,1.1666666,0.06666667,0.058252428,0.1407767,,,,,,,,,,,,,,,,,,,,,,,,,
2017,REG,15,00-0032135,J.James,TE,TE,PIT,12211,a37a5bfd-b48c-4d8b-817a-d8ce7ca3592d,13959.0,9593.0,2463.0,jessejames/2552633,2979590.0,28548.0,,1983808.0,JameJe00,jesse-james-1,10150.0,10403.0,,28548.0,652019.0,16920.0,652019.0,Jesse James,jesse james,2,5,7.0,0,0.0,0.0,54.0,3.0,0.0,-2.8413904,0,0.12962963,0.16666667,0.21686748,0.40180722,Jesse James,PIT,3.655,2.392784133574262,10.425999999999998,22.12554645388566,40.0,7.0,0.0,1.2650000000000006,2.3486335537949117,-1.083633553794911,00-0032135,Jesse,James,J.James,,,,,,,,,
2017,REG,15,00-0027985,L.Kendricks,TE,TE,GB,10318,27921351-a775-4649-bd49-7b4c486d1ba2,9912.0,6199.0,964.0,lancekendricks/2495187,14007.0,24834.0,7425.0,1117803.0,KendLa00,lance-kendricks-1,7412.0,6614.0,,24834.0,332066.0,13386.0,,Lance Kendricks,lance kendricks,1,2,5.0,0,0.0,0.0,9.0,6.0,0.0,-0.79034114,0,0.5555556,0.046511628,0.02601156,0.08797553,,,,,,,,,,,,,,,,,,,,,,,,,
2017,REG,15,00-0033858,J.Smith,TE,TE,TEN,13193,e4f25a37-74de-4bfb-b6c9-f50a4fab0b87,16460.0,11855.0,4144.0,,3054212.0,30213.0,,2081506.0,SmitJo01,jonnu-smith-1,11807.0,12344.0,84.0,30213.0,743749.0,18990.0,743749.0,Jonnu Smith,jonnu smith,1,1,5.0,0,0.0,0.0,5.0,0.0,0.0,0.36526927,0,1.0,0.030303031,0.01655629,0.05704395,,,,,,,,,,,,,,,,,,,,,,,,,
2017,REG,15,00-0029119,D.Carrier,TE,TE,LA,10940,d3fab07b-f02a-433d-9612-cb0a751f324d,11417.0,7406.0,1718.0,derekcarrier/2534241,15403.0,26416.0,,1977121.0,CarrDe00,,9203.0,7527.0,,26416.0,654887.0,15640.0,654887.0,Derek Carrier,derek carrier,1,2,4.0,0,0.0,0.0,4.0,1.0,0.0,-3.449967,0,1.0,0.08695652,0.03809524,0.15710145,,,,,,,,,,,,,,,,,,,,,,,,,
2017,REG,15,00-0028097,L.Smith,TE,TE,LV,10398,cf23126f-055b-4617-819b-bb4bcb84541a,9992.0,6311.0,812.0,leesmith/2495347,14215.0,24946.0,7585.0,1276441.0,SmitLe00,lee-smith-2,7425.0,6665.0,,24946.0,334184.0,12777.0,334184.0,Lee Smith,lee smith,1,1,3.0,0,0.0,0.0,0.0,3.0,0.0,-0.15611063,0,0.0,0.02631579,0.0,0.039473683,,,,,,,,,,,,,,,,,,,,,,,,,
2017,REG,15,00-0032214,T.Kroft,TE,TE,CIN,12212,36f54823-9d51-4180-9c91-d10281deb4bf,13960.0,9518.0,2390.0,tylerkroft/2552586,2582410.0,28473.0,,1824200.0,KrofTy00,tyler-kroft-1,10247.0,10490.0,,28473.0,592268.0,16846.0,592268.0,Tyler Kroft,tyler kroft,2,4,1.0,0,0.0,0.0,32.0,8.0,0.0,-2.71523,0,0.03125,0.14285715,0.15311004,0.32146275,,,,,,,,,,,,,,,,,,,,,,,,,
2017,REG,15,00-0027215,L.Paulsen,TE,TE,SF,10123,518c96c5-65bb-4559-8074-9cdb2ca32f99,9850.0,5795.0,587.0,loganpaulsen/2507828,13726.0,24608.0,,559624.0,,,6871.0,6368.0,,24608.0,300115.0,11345.0,,Logan Paulsen,logan paulsen,0,1,0.0,0,0.0,0.0,1.0,0.0,0.0,-0.38163894,0,0.0,0.023809524,0.0028328612,0.03769729,,,,,,,,,,,,,,,,,,,,,,,,,
2017,REG,15,00-0028042,L.Stocker,TE,TE,TEN,10354,5b712aed-201c-43dd-b978-b7b6ef91178e,9948.0,6256.0,963.0,lukestocker/2495234,14099.0,24891.0,7589.0,1125485.0,StocLu00,luke-stocker-1,7413.0,6552.0,,24891.0,334186.0,13370.0,334186.0,Luke Stocker,luke stocker,0,1,0.0,0,0.0,0.0,5.0,0.0,0.0,-0.4741542,0,0.0,0.030303031,0.01655629,0.05704395,,,,,,,,,,,,,,,,,,,,,,,,,
2017,REG,15,00-0028142,V.Green,TE,TE,DEN,10432,6ef43c53-53d7-4b0f-ad99-17664d663ae8,10026.0,6356.0,868.0,virgilgreen/2495288,14085.0,24991.0,7502.0,1130615.0,GreeVi00,virgil-green-1,7416.0,6570.0,,24991.0,323254.0,13016.0,,Virgil Green,virgil green,0,1,0.0,0,0.0,0.0,2.0,0.0,0.0,-0.5690457,0,0.0,0.04,0.0063091484,0.0644164,,,,,,,,,,,,,,,,,,,,,,,,,
2017,REG,15,00-0029878,M.Gray,TE,TE,MIA,11434,fda00e5c-b7df-487a-9a24-5e4087c575e1,11865.0,8286.0,1636.0,marqueisgray/2540259,16323.0,27213.0,,1631039.0,,,8980.0,8679.0,,27213.0,464295.0,15371.0,,MarQueis Gray,marqueis gray,0,0,0.0,0,0.0,0.0,0.0,0.0,0.0,,0,,,,,,,,,,,,,,,,,,,,,,,,,,,,,
2017,REG,15,00-0031558,M.Williams,TE,TE,BAL,12206,52f4a43a-64a9-4d69-a9e2-28bd60f68e49,13919.0,9488.0,2360.0,,2970726.0,28443.0,,1983769.0,WillMa04,maxx-williams-1,10128.0,10298.0,,28443.0,651658.0,16816.0,651658.0,Maxx Williams,maxx williams,0,1,0.0,0,0.0,0.0,16.0,0.0,0.0,-0.5364525,0,0.0,0.023809524,0.06153846,0.07879121,,,,,,,,,,,,,,,,,,,,,,,,,
2017,REG,15,00-0031884,G.Holmes,TE,TE,ARI,12499,0f0aa0af-8830-47f8-b83b-ba0aab773594,14282.0,9980.0,2714.0,gabeholmes/2553658,2468368.0,28964.0,,2174910.0,,,10560.0,11002.0,,28964.0,505752.0,17182.0,,Gabe Holmes,gabe holmes,0,1,0.0,0,0.0,0.0,15.0,0.0,0.0,-0.568826,0,0.0,0.025,0.045454547,0.06931818,,,,,,,,,,,,,,,,,,,,,,,,,
2017,REG,15,00-0032139,B.Koyack,TE,TE,JAX,12209,666e3121-3daa-4413-b1ec-8e728f7cc645,13958.0,9662.0,2528.0,benkoyack/2552396,2579846.0,28617.0,,1893200.0,KoyaBe00,ben-koyack-1,10254.0,10601.0,,28617.0,610943.0,16988.0,,Ben Koyack,ben koyack,1,1,0.0,0,0.0,0.0,-3.0,3.0,0.0,-1.3990595,0,0.0,0.03846154,-0.018867925,0.04448476,,,,,,,,,,,,,,,,,,,,,,,,,
2017,REG,15,00-0032725,S.Anderson,TE,TE,HOU,12859,5cb0bf9c-03b4-4201-97c5-a59c6db50841,15760.0,11160.0,3496.0,,2576854.0,29789.0,,1880821.0,AndeSt01,,10885.0,11556.0,,29789.0,607660.0,18262.0,607660.0,Stephen Anderson,stephen anderson,0,3,0.0,0,0.0,0.0,11.0,0.0,0.0,-2.4794366,0,0.0,0.10344828,0.035369776,0.17993125,,,,,,,,,,,,,,,,,,,,,,,,,
2017,REG,15,00-0033387,J.Hollister,TE,TE,NE,13391,ad2a1d03-020b-487a-bd5f-7ca9fbc250fe,16527.0,12051.0,4421.0,,3125404.0,30661.0,,2818962.0,HollJa03,,12271.0,12491.0,,30661.0,696882.0,19281.0,696882.0,Jacob Hollister,jacob hollister,0,1,0.0,0,0.0,0.0,14.0,0.0,0.0,-0.75644624,0,0.0,0.028571429,0.039772727,0.07069805,,,,,,,,,,,,,,,,,,,,,,,,,
2017,REG,15,00-0033885,D.Njoku,TE,TE,CLE,13192,8f86fcea-90e8-49ea-bc78-5c7659313e57,16399.0,11784.0,4033.0,,3123076.0,30142.0,,2136474.0,NjokDa00,david-njoku-1,11734.0,12186.0,252.0,30142.0,832098.0,18876.0,832098.0,David Njoku,david njoku,0,3,0.0,0,0.0,0.0,58.0,0.0,0.0,-1.5168961,0,0.0,0.08108108,0.20714286,0.26662162,,,,,,,,,,,,,,,,,,,,,,,,,
2017,REG,15,00-0033895,G.Everett,TE,TE,LA,13236,ebeceb00-57e0-4b74-9cf7-853da2afed18,16459.0,11799.0,4089.0,,3918639.0,30157.0,,2142692.0,EverGe00,gerald-everett-1,11737.0,12284.0,55.0,30157.0,838487.0,18935.0,838487.0,Gerald Everett,gerald everett,0,1,0.0,0,0.0,0.0,11.0,0.0,0.0,-3.07399,0,0.0,0.04347826,0.104761906,0.13855073,,,,,,,,,,,,,,,,,,,,,,,,,
2017,REG,15,00-0027696,J.Graham,TE,TE,SEA,9925,fd85786d-3900-4dc0-9b30-334ee30413ed,9712.0,5619.0,616.0,jimmygraham/497236,13232.0,24070.0,6610.0,1691166.0,GrahJi00,jimmy-graham-1,6532.0,5842.0,,24070.0,295918.0,11488.0,295918.0,Jimmy Graham,jimmy graham,1,3,-1.0,0,0.0,0.0,46.0,3.0,0.0,-1.8645058,0,-0.02173913,0.11111111,0.14556962,0.2685654,,,,,,,,,,,,,,,,,,,,,,,,,
2017,REG,16,00-0031387,E.Ebron,TE,TE,DET,11695,9fbcfae9-dd14-415c-8952-9b1b5dff0dfc,12143.0,8645.0,2118.0,ericebron/2543466,16732.0,27538.0,,1865396.0,EbroEr00,eric-ebron-1,9210.0,9390.0,,27538.0,605752.0,16451.0,605752.0,Eric Ebron,eric ebron,5,8,83.0,1,0.0,0.0,70.0,22.0,2.0,3.731842,0,1.1857142,0.23529412,0.23489933,0.5173707,Eric Ebron,DET,6.409999999999999,1.469836984038597,9.685000000000002,25.34676786181628,62.5,83.0,1.0,5.037999999999998,4.230263383440473,0.8077366165595246,00-0031387,Eric,Ebron,E.Ebron,,,,,,,,,
2017,REG,16,00-0021547,A.Gates,TE,TE,LAC,7236,82da09c2-e542-4f7d-87d9-24dfd8e014de,9027.0,1609.0,322.0,antoniogates/2505299,5362.0,6663.0,,396811.0,,,3172.0,611.0,,6663.0,234249.0,7884.0,,Antonio Gates,antonio gates,6,8,81.0,1,0.0,0.0,80.0,13.0,5.0,5.156229,0,1.0125,0.20512821,0.22535211,0.46543878,Antonio Gates,LAC,2.5414285714285714,2.7166448169906445,9.486250000000002,23.55223139469928,75.0,81.0,1.0,3.4066666666666663,2.8128207731364796,0.5938458935301867,00-0021547,Antonio,Gates,A.Gates,,,,,,,,,
2017,REG,16,00-0030061,Z.Ertz,TE,TE,PHI,11247,de3421f7-2147-4835-89a5-724e87bad463,11689.0,7816.0,1339.0,zachertz/2540158,15835.0,26658.0,,1685963.0,ErtzZa00,zach-ertz-1,8781.0,8409.0,305.0,26658.0,503177.0,14856.0,503177.0,Zach Ertz,zach ertz,9,14,81.0,0,0.0,0.0,89.0,43.0,3.0,-4.839242,0,0.9101124,0.3888889,0.32246378,0.80905795,Zach Ertz,PHI,6.505000000000001,4.0620275818921145,6.110714285714288,31.84559261465158,64.28571428571429,81.0,0.0,4.834444444444442,6.298019428150642,-1.4635749837062004,00-0030061,Zachary,Ertz,Z.Ertz,,,,,,,,,
2017,REG,16,00-0027656,R.Gronkowski,TE,TE,NE,9902,2142a164-48ad-47d6-bb27-0bc58c6b2e62,9721.0,5567.0,515.0,robgronkowski/497240,13229.0,24017.0,,1244303.0,GronRo00,rob-gronkowski-1,6443.0,5729.0,,24017.0,381091.0,10974.0,381091.0,Rob Gronkowski,rob gronkowski,5,7,67.0,1,0.0,0.0,63.0,18.0,4.0,2.723301,0,1.0634921,0.25,0.29166666,0.57916665,Rob Gronkowski,NE,4.116,2.382100107214941,9.044285714285715,29.23439231621722,71.42857142857143,67.0,1.0,4.705999999999999,4.586377999090655,0.11962200090934338,00-0027656,Robert,Gronkowski,R.Gronkowski,,,,,,,,,
2017,REG,16,00-0029587,R.Ellison,TE,TE,NYG,10838,cccc9f16-9508-434f-b7a4-9a29cb0cacf9,11315.0,7128.0,1211.0,rhettellison/2532835,15003.0,25838.0,,1244464.0,ElliRh00,rhett-ellison-1,8114.0,7580.0,,25838.0,399295.0,14445.0,,Rhett Ellison,rhett ellison,4,7,60.0,0,0.0,0.0,62.0,22.0,3.0,1.3628818,0,0.9677419,0.1590909,0.17366947,0.360205,Rhett Ellison,NYG,5.664,2.0877784311003915,8.355714285714287,16.75259208340494,57.14285714285714,60.0,0.0,5.859999999999999,4.90444858428549,0.9555514157145097,00-0029587,Rhett,Ellison,R.Ellison,,,,,,,,,
2017,REG,16,00-0030470,V.McDonald,TE,TE,PIT,11257,8f24a248-b328-43ec-8677-67600e42a8f7,11699.0,7836.0,1587.0,vancemcdonald/2540215,15853.0,26678.0,,1673357.0,McDoVa00,vance-mcdonald-1,8785.0,8413.0,,26678.0,494969.0,15239.0,,Vance McDonald,vance mcdonald,4,5,52.0,0,0.0,0.0,23.0,34.0,3.0,2.8202934,0,2.2608695,0.16666667,0.14838709,0.35387096,Vance McDonald,PIT,4.096,2.9135053947675837,5.211999999999999,12.565091610414655,80.0,52.0,0.0,8.370000000000001,7.238165711113502,1.1318342888864992,00-0030470,Vance,McDonald,V.McDonald,,,,,,,,,
2017,REG,16,00-0030506,T.Kelce,TE,TE,KC,11244,c3859e06-5f23-4302-a71b-04820a899d5f,11594.0,7844.0,1466.0,traviskelce/2540258,15847.0,26686.0,,1725130.0,KelcTr00,travis-kelce-1,8783.0,8411.0,264.0,26686.0,448240.0,15048.0,448240.0,Travis Kelce,travis kelce,4,8,47.0,1,0.0,0.0,120.0,1.0,3.0,5.888468,0,0.39166668,0.20512821,0.3488372,0.55187833,Travis Kelce,KC,4.815714285714286,2.65327823005901,15.379999999999999,34.355280058077845,50.0,47.0,1.0,0.6950000000000003,2.3245639445549386,-1.6295639445549384,00-0030506,Travis,Kelce,T.Kelce,,,,,,,,,
2017,REG,16,00-0024221,V.Davis,TE,TE,WAS,8247,0a95e792-6455-4927-9539-f95fa7f41fbb,9621.0,2951.0,200.0,vernondavis/2495826,9592.0,7755.0,,409254.0,DaviVe00,vernon-davis-1,4732.0,3638.0,,7755.0,215595.0,5084.0,,Vernon Davis,vernon davis,2,3,42.0,1,0.0,0.0,44.0,13.0,2.0,5.657123,0,0.95454544,0.08108108,0.10945274,0.19823854,,,,,,,,,,,,,,,,,,,,,,,,,
2017,REG,16,00-0033288,G.Kittle,TE,TE,SF,13299,2ada91b0-036e-454f-83c3-6d939ff584a9,16499.0,11901.0,4217.0,,3040151.0,30259.0,,2818265.0,KittGe00,george-kittle-1,11892.0,12276.0,298.0,30259.0,733672.0,19063.0,733672.0,George Kittle,george kittle,3,3,42.0,1,0.0,0.0,26.0,16.0,3.0,4.9506803,0,1.6153846,0.1,0.1092437,0.22647059,,,,,,,,,,,,,,,,,,,,,,,,,
2017,REG,16,00-0030181,J.Doyle,TE,TE,IND,11516,bd413539-9351-454e-9d61-4e8635d7e9f5,11987.0,8520.0,1706.0,jackdoyle/2540232,16504.0,27299.0,,2041264.0,DoylJa00,,9081.0,9075.0,,27299.0,477386.0,15602.0,477386.0,Jack Doyle,jack doyle,5,10,41.0,0,0.0,0.0,30.0,29.0,4.0,0.7019872,0,1.3666667,0.3030303,0.12295082,0.540611,Jack Doyle,IND,6.3100000000000005,3.5556006265209215,3.5510000000000006,14.840974631169813,50.0,41.0,0.0,6.452,5.544747180604517,0.9072528193954827,00-0030181,John,Doyle,J.Doyle,,,,,,,,,
2017,REG,16,00-0022943,B.Watson,TE,TE,BAL,7422,d81844de-54c3-42ee-9850-072dc4131b6f,9040.0,1753.0,663.0,benjaminwatson/2506122,5557.0,6791.0,,493107.0,WatsBe00,benjamin-watson-1,3872.0,48.0,,6791.0,246082.0,11756.0,,Ben Watson,ben watson,5,6,40.0,0,0.0,0.0,20.0,22.0,2.0,1.469256,0,2.0,0.15789473,0.104166664,0.30975878,Benjamin Watson,BAL,4.035,3.0611663012593655,3.4233333333333342,10.629819386223675,83.33333333333334,40.0,0.0,4.531999999999999,3.1854736036621945,1.3465263963378047,00-0022943,Benjamin,Watson,B.Watson,,,,,,,,,
2017,REG,16,00-0022127,J.Witten,TE,TE,DAL,6997,e38c9b1b-7c51-48a2-ac1d-a752502e8930,9275.0,1384.0,23.0,jasonwitten/2505629,4527.0,6405.0,,396134.0,WittJa00,jason-witten-1,3086.0,1990.0,,6405.0,184571.0,722.0,,Jason Witten,jason witten,5,9,39.0,0,0.0,0.0,57.0,5.0,2.0,-0.38499072,0,0.68421054,0.2647059,0.2446352,0.56830347,Jason Witten,DAL,6.015000000000001,2.9078435700000633,6.576666666666666,26.64535878274962,55.55555555555556,39.0,0.0,1.2059999999999989,1.3539349622358827,-0.14793496223588387,00-0022127,Christopher,Witten,J.Witten,,,,,,,,,
2017,REG,16,00-0031951,J.O'Shaughnessy,TE,TE,JAX,12330,e5c6b0d4-3e77-422b-a6d8-574a10ed385e,14146.0,9606.0,2476.0,,2508079.0,28561.0,,2174148.0,O'ShJa00,,10249.0,10549.0,,28561.0,552352.0,16933.0,552352.0,James O'Shaughnessy,james oshaughnessy,5,6,39.0,1,0.0,0.0,37.0,11.0,3.0,5.279039,0,1.054054,0.12,0.0948718,0.24641025,James O'Shaughnessy,JAX,7.684,2.7973345916055177,8.055,12.663435084501506,83.33333333333334,39.0,1.0,2.412,1.6099279446282195,0.8020720553717804,00-0031951,James,O'Shaughnessy,J.O'Shaughnessy,,,,,,,,,
2017,REG,16,00-0028112,C.Clay,TE,TE,BUF,10409,04ca4fb9-194e-47fe-8fc8-adb5790a8e78,10003.0,6326.0,801.0,charlesclay/2495139,14145.0,24961.0,,1265552.0,ClayCh00,charles-clay-1,7424.0,6681.0,,24961.0,400516.0,12751.0,,Charles Clay,charles clay,4,10,37.0,0,0.0,0.0,80.0,27.0,3.0,-1.8857934,0,0.4625,0.2631579,0.2580645,0.575382,Charles Clay,BUF,5.627142857142857,2.011317959610035,7.589999999999998,24.95807438098056,40.0,37.0,0.0,7.060000000000002,5.718008782958691,1.3419912170413113,00-0028112,Charles,Clay,C.Clay,,,,,,,,,
2017,REG,16,00-0027985,L.Kendricks,TE,TE,GB,10318,27921351-a775-4649-bd49-7b4c486d1ba2,9912.0,6199.0,964.0,lancekendricks/2495187,14007.0,24834.0,7425.0,1117803.0,KendLa00,lance-kendricks-1,7412.0,6614.0,,24834.0,332066.0,13386.0,,Lance Kendricks,lance kendricks,4,9,36.0,0,0.0,0.0,75.0,6.0,1.0,-8.123634,0,0.48,0.225,0.14648438,0.44003907,Lance Kendricks,GB,5.784999999999999,2.7549274046480137,8.025555555555558,15.039770124515892,44.44444444444444,36.0,0.0,2.41,1.8394764428267916,0.5705235571732086,00-0027985,Lance,Kendricks,L.Kendricks,,,,,,,,,
2017,REG,16,00-0029414,O.Charles,TE,TE,KC,10747,b6325c85-c313-4cfb-a299-9884d5e9e389,11224.0,7116.0,1065.0,orsoncharles/2533047,14902.0,25826.0,,1707633.0,CharOr00,orson-charles-1,8042.0,7457.0,,25826.0,512099.0,13861.0,,Orson Charles,orson charles,1,1,35.0,0,0.0,0.0,34.0,1.0,1.0,1.9508473,0,1.0294118,0.025641026,0.09883721,0.10764758,,,,,,,,,,,,,,,,,,,,,,,,,
2017,REG,16,00-0030155,D.Harris,TE,TE,KC,11448,8506c15c-15cc-4d2c-aebf-270c605fe0ec,11881.0,8524.0,1619.0,demetriusharris/2541187,16318.0,27174.0,,2060074.0,HarrDe03,,9847.0,8683.0,,27174.0,602269.0,15305.0,602269.0,Demetrius Harris,demetrius harris,4,7,34.0,0,0.0,0.0,25.0,27.0,2.0,2.3489664,0,1.36,0.17948718,0.072674416,0.32010287,Demetrius Harris,KC,4.968571428571429,3.0525576185624734,5.765714285714288,11.269336013849337,57.14285714285714,34.0,0.0,6.847499999999997,6.999553942158968,-0.15205394215897172,00-0030155,Demetrius,Harris,D.Harris,,,,,,,,,
2017,REG,16,00-0024389,De.Walker,TE,TE,TEN,8416,ccce5e8e-52ca-4f0f-a40f-fe5e7227d156,9172.0,3120.0,284.0,delaniewalker/2495966,9761.0,7924.0,4353.0,1109396.0,WalkHu00,,4888.0,3976.0,,7924.0,218943.0,7175.0,,Delanie Walker,delanie walker,3,5,33.0,0,0.0,0.0,20.0,20.0,2.0,-0.5563018,0,1.65,0.13513513,0.06896552,0.25097856,Delanie Walker,TEN,6.2700000000000005,2.507081203055524,7.984,12.83477478056779,60.0,33.0,0.0,6.0399999999999965,7.826518350216002,-1.7865183502160056,00-0024389,Delanie,Walker,D.Walker,,,,,,,,,
2017,REG,16,00-0032429,J.Adams,TE,TE,NYG,12681,47426d59-7af4-4714-8050-a85a0ae70f65,15831.0,10818.0,3340.0,,2978727.0,29418.0,,2000078.0,AdamJe01,jerell-adams-1,10876.0,11283.0,,29418.0,694014.0,18101.0,694014.0,Jerell Adams,jerell adams,4,4,31.0,0,0.0,0.0,23.0,8.0,2.0,1.3623774,0,1.3478261,0.09090909,0.064425774,0.18146168,,,,,,,,,,,,,,,,,,,,,,,,,
2017,REG,16,00-0025418,G.Olsen,TE,TE,CAR,8687,587d0a98-7ec5-45a5-adba-8af26e8f256b,9238.0,3647.0,58.0,gregolsen/2495700,10475.0,8285.0,,502524.0,OlseGr00,greg-olsen-1,5206.0,4190.0,,8285.0,230925.0,1658.0,,Greg Olsen,greg olsen,3,6,27.0,0,0.0,0.0,64.0,6.0,2.0,-3.5681095,0,0.421875,0.23076923,0.31840795,0.5690394,Greg Olsen,CAR,6.254,2.2831522770259096,12.351666666666668,34.74286250058601,50.0,27.0,0.0,2.3299999999999983,2.8814502517682663,-0.551450251768268,00-0025418,Gregory,Olsen,G.Olsen,,,,,,,,,
2017,REG,16,00-0029391,S.McGrath,TE,TE,LAC,11123,5b3f26e8-4500-47c0-b985-5b5b1eed6098,11888.0,7515.0,1323.0,seanmcgrath/2535943,15515.0,25992.0,,1979404.0,,,8606.0,7728.0,,25992.0,343561.0,14820.0,,Sean McGrath,sean mcgrath,2,2,26.0,0,0.0,0.0,22.0,4.0,1.0,1.4376235,0,1.1818181,0.051282052,0.061971832,0.120303355,,,,,,,,,,,,,,,,,,,,,,,,,
2017,REG,16,00-0029689,D.Allen,TE,TE,NE,10742,cc745cc3-d52a-454b-98c8-ac9155a9405c,11219.0,7066.0,1105.0,dwayneallen/2533046,14901.0,25774.0,8485.0,1630216.0,AlleDw00,dwayne-allen-1,8041.0,7452.0,,25774.0,463515.0,13987.0,,Dwayne Allen,dwayne allen,2,2,26.0,0,0.0,0.0,6.0,20.0,1.0,1.2143778,0,4.3333335,0.071428575,0.027777778,0.1265873,,,,,,,,,,,,,,,,,,,,,,,,,
2017,REG,16,00-0032430,D.Morgan,TE,TE,MIN,12816,4bff1c89-f4d1-4699-8c85-69bbbbaec5a2,15857.0,10822.0,3344.0,,2582138.0,29422.0,,1907784.0,MorgDa01,david-morgan-1,11139.0,11477.0,,29422.0,612030.0,18105.0,,David Morgan,david morgan,2,2,26.0,0,0.0,0.0,10.0,16.0,1.0,3.1007435,0,2.6,0.08,0.038910504,0.14723736,,,,,,,,,,,,,,,,,,,,,,,,,
2017,REG,16,00-0030422,D.Sims,TE,TE,CHI,11249,9c04a540-cb7c-41dc-8e7c-50b7af29a3a2,11691.0,7888.0,1357.0,dionsims/2540200,15974.0,26729.0,,1700507.0,SimsDi00,dion-sims-1,8784.0,8532.0,,26729.0,511525.0,14876.0,,Dion Sims,dion sims,1,3,24.0,0,0.0,0.0,32.0,2.0,1.0,-0.6691744,0,0.75,0.13043478,0.21052632,0.3430206,,,,,,,,,,,,,,,,,,,,,,,,,
2017,REG,16,00-0024243,M.Lewis,TE,TE,JAX,8269,9c21e9af-681c-41ef-9b00-fbc9e1668ed1,9413.0,2973.0,111.0,marcedeslewis/2495888,9614.0,7777.0,4007.0,415313.0,LewiMa00,marcedes-lewis-1,4891.0,3615.0,,7777.0,214197.0,3061.0,214197.0,Marcedes Lewis,marcedes lewis,1,1,22.0,0,0.0,0.0,9.0,13.0,1.0,1.3677858,0,2.4444444,0.02,0.023076924,0.046153847,,,,,,,,,,,,,,,,,,,,,,,,,
2017,REG,16,00-0031418,A.Seferian-Jenkins,TE,TE,NYJ,11697,e78261de-af00-4530-824c-500addbe9f98,12145.0,8673.0,2222.0,austinseferian-jenkins/2543683,16795.0,27566.0,,1824731.0,SefeAu00,austin-seferian-jenkins-1,9241.0,9400.0,,27566.0,593347.0,16608.0,,Austin Seferian-Jenkins,austin seferian-jenkins,4,8,21.0,0,0.0,0.0,54.0,4.0,1.0,-4.9788647,0,0.3888889,0.2857143,0.21176471,0.5768067,Austin Seferian-Jenkins,NYJ,5.571666666666666,4.41760971724544,5.515000000000001,19.602790243035503,50.0,21.0,0.0,1.6500000000000004,4.436847023745713,-2.786847023745713,00-0031418,Austin,Seferian-Jenkins,A.Seferian-Jenkins,,,,,,,,,
2017,REG,16,00-0032392,A.Hooper,TE,TE,ATL,12677,90c2a93f-d837-4e1b-b57c-56648903a8db,15581.0,10715.0,3202.0,,3043275.0,29315.0,,2067004.0,HoopAu00,austin-hooper-1,10748.0,11301.0,384.0,29315.0,739424.0,17963.0,739424.0,Austin Hooper,austin hooper,3,4,18.0,0,0.0,0.0,15.0,4.0,0.0,-0.17447066,0,1.2,0.114285715,0.053956833,0.20919836,,,,,,,,,,,,,,,,,,,,,,,,,
2017,REG,16,00-0028097,L.Smith,TE,TE,LV,10398,cf23126f-055b-4617-819b-bb4bcb84541a,9992.0,6311.0,812.0,leesmith/2495347,14215.0,24946.0,7585.0,1276441.0,SmitLe00,lee-smith-2,7425.0,6665.0,,24946.0,334184.0,12777.0,334184.0,Lee Smith,lee smith,2,3,16.0,0,0.0,0.0,15.0,11.0,0.0,-0.6184517,0,1.0666667,0.10714286,0.1,0.23071429,,,,,,,,,,,,,,,,,,,,,,,,,
2017,REG,16,00-0027061,J.Cook,TE,TE,LV,9474,3b7a1409-d154-4e5c-8c94-9d4a0e0993c7,9265.0,5012.0,367.0,jaredcook/71265,12537.0,9353.0,6126.0,584314.0,CookJa02,jared-cook-2,5981.0,5165.0,,9353.0,296480.0,8534.0,296480.0,Jared Cook,jared cook,1,2,15.0,0,0.0,0.0,14.0,10.0,0.0,-0.3176004,0,1.0714285,0.071428575,0.093333334,0.17247619,,,,,,,,,,,,,,,,,,,,,,,,,
2017,REG,16,00-0033110,T.Higbee,TE,TE,LA,12678,0df7912d-9e81-47ea-b4f7-d04986df4ee8,15623.0,10744.0,3271.0,,2573401.0,29344.0,,1853103.0,HigbTy00,tyler-higbee-1,10854.0,11430.0,159.0,29344.0,604176.0,18032.0,604176.0,Tyler Higbee,tyler higbee,2,2,15.0,0,0.0,0.0,15.0,0.0,1.0,1.3771007,0,1.0,0.05263158,0.05226481,0.11553273,,,,,,,,,,,,,,,,,,,,,,,,,
2017,REG,16,00-0033043,A.Traylor,TE,TE,DEN,13534,8f9e7e75-ceab-4483-a234-8318f6923f30,16129.0,,3878.0,,2576449.0,30008.0,,2237885.0,,,11277.0,12057.0,,30008.0,606529.0,18700.0,,Austin Traylor,austin traylor,1,2,14.0,0,0.0,0.0,14.0,9.0,1.0,0.5931105,0,1.0,0.054054055,0.07777778,0.13552552,,,,,,,,,,,,,,,,,,,,,,,,,
2017,REG,16,00-0031273,C.Brate,TE,TE,TB,12110,5afe93fd-0caf-4cca-83fc-7f405bebfa3e,13470.0,9207.0,2214.0,,17453.0,28267.0,,2132787.0,BratCa00,,10008.0,10193.0,,28267.0,552926.0,16593.0,552926.0,Cameron Brate,cameron brate,3,4,13.0,0,0.0,0.0,-1.0,19.0,0.0,-1.6695169,0,0.0,0.14814815,-0.00295858,0.22015122,,,,,,,,,,,,,,,,,,,,,,,,,
2017,REG,16,00-0033858,J.Smith,TE,TE,TEN,13193,e4f25a37-74de-4bfb-b6c9-f50a4fab0b87,16460.0,11855.0,4144.0,,3054212.0,30213.0,,2081506.0,SmitJo01,jonnu-smith-1,11807.0,12344.0,84.0,30213.0,743749.0,18990.0,743749.0,Jonnu Smith,jonnu smith,1,2,13.0,0,0.0,0.0,31.0,1.0,1.0,0.2980071,0,0.41935483,0.054054055,0.10689655,0.15590867,,,,,,,,,,,,,,,,,,,,,,,,,
2017,REG,16,00-0033885,D.Njoku,TE,TE,CLE,13192,8f86fcea-90e8-49ea-bc78-5c7659313e57,16399.0,11784.0,4033.0,,3123076.0,30142.0,,2136474.0,NjokDa00,david-njoku-1,11734.0,12186.0,252.0,30142.0,832098.0,18876.0,832098.0,David Njoku,david njoku,1,3,13.0,0,0.0,0.0,13.0,10.0,1.0,-0.79078525,0,1.0,0.083333336,0.059633028,0.16674311,,,,,,,,,,,,,,,,,,,,,,,,,
2017,REG,16,00-0025549,B.Celek,TE,TE,PHI,8838,645a8bf9-2079-4df4-904a-3d8f08438b85,9070.0,3778.0,221.0,brentcelek/2507218,10605.0,8416.0,4697.0,408126.0,CeleBr00,brent-celek-1,5403.0,4269.0,,8416.0,229510.0,5511.0,,Brent Celek,brent celek,1,2,12.0,0,0.0,0.0,8.0,8.0,1.0,0.36209556,0,1.5,0.055555556,0.028985508,0.10362319,,,,,,,,,,,,,,,,,,,,,,,,,
2017,REG,16,00-0033080,S.DeValve,TE,TE,CLE,12792,a2451bf7-83dd-496c-b527-c14d8d518598,15671.0,10772.0,3296.0,,2566659.0,29372.0,,1984760.0,DevaSe00,,11221.0,11444.0,,29372.0,623676.0,18057.0,,Seth DeValve,seth devalve,3,4,12.0,0,0.0,0.0,29.0,1.0,0.0,-1.4295548,0,0.41379312,0.11111111,0.13302752,0.25978592,,,,,,,,,,,,,,,,,,,,,,,,,
2017,REG,16,00-0033881,E.Engram,TE,TE,NYG,13189,e21365af-8d66-416e-b0a5-8816d18fcfd9,16411.0,11778.0,4066.0,,3051876.0,30136.0,,2079887.0,EngrEv00,evan-engram-1,11805.0,12205.0,229.0,30136.0,749185.0,18912.0,749185.0,Evan Engram,evan engram,1,2,12.0,0,0.0,0.0,38.0,2.0,1.0,-1.6478121,0,0.31578946,0.045454547,0.10644258,0.14269163,,,,,,,,,,,,,,,,,,,,,,,,,
2017,REG,16,00-0030216,J.Hill,TE,TE,NO,11529,687cdc33-bd0d-4b70-adb3-33f97dc26a3c,13565.0,8200.0,1777.0,joshhill/2541834,16143.0,26950.0,,2060083.0,HillJo02,,9071.0,8764.0,,26950.0,469509.0,15866.0,,Josh Hill,josh hill,2,3,11.0,0,0.0,0.0,13.0,7.0,0.0,-0.63081276,0,0.84615386,0.10714286,0.087248325,0.22178811,,,,,,,,,,,,,,,,,,,,,,,,,
2017,REG,16,00-0031609,A.Derby,TE,TE,MIA,12351,f0805b80-e01c-46fd-99a6-dae1134fb764,14072.0,9635.0,2503.0,a.j.derby/2552580,3046413.0,28590.0,,2061203.0,DerbA.00,aj-derby-1,10484.0,10576.0,,28590.0,543797.0,16962.0,,A.J. Derby,aj derby,1,5,11.0,0,0.0,0.0,65.0,6.0,1.0,-3.518918,0,0.16923077,0.13513513,0.16414142,0.31760168,A.J. Derby,MIA,5.782500000000001,2.856613612175452,13.693999999999999,17.592949459133074,20.0,11.0,0.0,6.049999999999997,5.18925884302007,0.8607411569799268,00-0031609,Alexander,Derby,A.Derby,,,,,,,,,
2017,REG,16,00-0032055,D.Funchess,TE,TE,CAR,12205,7f5f2a81-ac40-420c-9421-5b9e2a21faf8,13915.0,9474.0,2346.0,,2977609.0,28429.0,,2001877.0,FuncDe00,devin-funchess-1,10138.0,10391.0,,28429.0,696127.0,16802.0,696127.0,Devin Funchess,devin funchess,3,4,11.0,0,0.0,0.0,4.0,7.0,0.0,-0.6307981,0,2.75,0.15384616,0.019900497,0.24469958,,,,,,,,,,,,,,,,,,,,,,,,,
2017,REG,16,00-0032139,B.Koyack,TE,TE,JAX,12209,666e3121-3daa-4413-b1ec-8e728f7cc645,13958.0,9662.0,2528.0,benkoyack/2552396,2579846.0,28617.0,,1893200.0,KoyaBe00,ben-koyack-1,10254.0,10601.0,,28617.0,610943.0,16988.0,,Ben Koyack,ben koyack,2,2,10.0,0,0.0,0.0,5.0,5.0,0.0,-0.057095353,1,2.0,0.04,0.012820513,0.06897436,,,,,,,,,,,,,,,,,,,,,,,,,
2017,REG,16,00-0030089,L.Willson,TE,TE,SEA,11381,16c67c97-ffd9-4f92-917d-ad6124ce1f6e,11812.0,7940.0,1603.0,lukewillson/2541199,16121.0,26781.0,,2057661.0,WillLu00,luke-willson-1,8907.0,8567.0,,26781.0,466869.0,15263.0,466869.0,Luke Willson,luke willson,2,2,9.0,0,0.0,0.0,-2.0,11.0,0.0,0.06496949,0,0.0,0.1,-0.010928961,0.14234972,,,,,,,,,,,,,,,,,,,,,,,,,
2017,REG,16,00-0031598,N.Boyle,TE,TE,BAL,12328,9480dd9f-151f-4e6d-b5a3-35f07bda4cac,13963.0,9604.0,2474.0,,2574591.0,28559.0,,1888149.0,BoylNi00,,10252.0,10547.0,,28559.0,608753.0,16931.0,608753.0,Nick Boyle,nick boyle,3,4,9.0,0,0.0,0.0,3.0,7.0,1.0,-1.4059367,0,3.0,0.10526316,0.015625,0.16883224,,,,,,,,,,,,,,,,,,,,,,,,,
2017,REG,16,00-0027981,K.Rudolph,TE,TE,MIN,10312,1059e9dc-97df-4643-9116-883a0573d8b1,9906.0,6195.0,943.0,kylerudolph/2495438,14054.0,24830.0,7444.0,1633122.0,RudoKy00,kyle-rudolph-1,7246.0,6459.0,,24830.0,469472.0,13275.0,469472.0,Kyle Rudolph,kyle rudolph,1,1,6.0,0,0.0,0.0,6.0,0.0,0.0,-0.014623034,0,1.0,0.04,0.023346303,0.07634241,,,,,,,,,,,,,,,,,,,,,,,,,
2017,REG,16,00-0031558,M.Williams,TE,TE,BAL,12206,52f4a43a-64a9-4d69-a9e2-28bd60f68e49,13919.0,9488.0,2360.0,,2970726.0,28443.0,,1983769.0,WillMa04,maxx-williams-1,10128.0,10298.0,,28443.0,651658.0,16816.0,651658.0,Maxx Williams,maxx williams,2,3,6.0,1,0.0,0.0,-4.0,7.0,1.0,0.986222,0,0.0,0.078947365,-0.020833334,0.10383772,,,,,,,,,,,,,,,,,,,,,,,,,
2017,REG,16,00-0033528,J.Sprinkle,TE,TE,WAS,13194,2dcc8e56-ac32-4774-a011-b1e65ca73786,16461.0,11909.0,4221.0,,2980073.0,30267.0,,1999945.0,SpriJe00,jeremy-sprinkle-1,11899.0,12368.0,,30267.0,693833.0,19067.0,693833.0,Jeremy Sprinkle,jeremy sprinkle,1,1,6.0,0,0.0,0.0,3.0,3.0,0.0,0.26558745,0,2.0,0.027027028,0.0074626864,0.04576442,,,,,,,,,,,,,,,,,,,,,,,,,
2017,REG,16,00-0033387,J.Hollister,TE,TE,NE,13391,ad2a1d03-020b-487a-bd5f-7ca9fbc250fe,16527.0,12051.0,4421.0,,3125404.0,30661.0,,2818962.0,HollJa03,,12271.0,12491.0,,30661.0,696882.0,19281.0,696882.0,Jacob Hollister,jacob hollister,1,2,5.0,0,0.0,0.0,25.0,2.0,0.0,-1.5049691,0,0.2,0.071428575,0.11574074,0.18816137,,,,,,,,,,,,,,,,,,,,,,,,,
2017,REG,16,00-0027873,J.Gresham,TE,TE,ARI,9838,b44773b9-af17-4d6c-a453-132e20849712,9685.0,5546.0,530.0,jermainegresham/497238,13228.0,23996.0,,1123667.0,GresJe00,jermaine-gresham-1,6455.0,5549.0,,23996.0,333278.0,11026.0,,Jermaine Gresham,jermaine gresham,1,1,4.0,0,0.0,0.0,3.0,1.0,0.0,-0.09349313,0,1.3333334,0.029411765,0.010067114,0.051164627,,,,,,,,,,,,,,,,,,,,,,,,,
2017,REG,16,00-0027696,J.Graham,TE,TE,SEA,9925,fd85786d-3900-4dc0-9b30-334ee30413ed,9712.0,5619.0,616.0,jimmygraham/497236,13232.0,24070.0,6610.0,1691166.0,GrahJi00,jimmy-graham-1,6532.0,5842.0,,24070.0,295918.0,11488.0,295918.0,Jimmy Graham,jimmy graham,1,1,3.0,1,0.0,0.0,3.0,0.0,1.0,1.5833045,0,1.0,0.05,0.016393442,0.08647541,,,,,,,,,,,,,,,,,,,,,,,,,
2017,REG,16,00-0032214,T.Kroft,TE,TE,CIN,12212,36f54823-9d51-4180-9c91-d10281deb4bf,13960.0,9518.0,2390.0,tylerkroft/2552586,2582410.0,28473.0,,1824200.0,KrofTy00,tyler-kroft-1,10247.0,10490.0,,28473.0,592268.0,16846.0,592268.0,Tyler Kroft,tyler kroft,1,5,3.0,0,0.0,0.0,49.0,1.0,0.0,-2.5181453,0,0.06122449,0.125,0.16225165,0.30107617,Tyler Kroft,CIN,8.2325,3.0498499187555654,8.802000000000001,16.67866752567553,20.0,3.0,0.0,2.8299999999999983,3.0659795096398454,-0.23597950963984715,00-0032214,Tyler,Kroft,T.Kroft,,,,,,,,,
2017,REG,16,00-0032650,R.Malleck,TE,TE,HOU,13570,0b6d4047-2c3d-4727-8cd9-0ec66178c7a7,,,3506.0,,2577892.0,29857.0,,1850833.0,,,11124.0,11545.0,,29857.0,601609.0,18272.0,,Ryan Malleck,ryan malleck,1,1,3.0,0,0.0,0.0,1.0,2.0,0.0,0.08222886,0,3.0,0.0625,0.010204081,0.10089286,,,,,,,,,,,,,,,,,,,,,,,,,
2017,REG,16,00-0032134,C.Uzomah,TE,TE,CIN,12317,19858900-5c8e-49a7-ab02-34ef625724ca,14084.0,9590.0,2460.0,c.j.uzomah/2552559,2574576.0,28545.0,,2174118.0,UzomC.00,cj-uzomah-1,10462.0,10534.0,,28545.0,593305.0,16917.0,593305.0,C.J. Uzomah,cj uzomah,1,1,1.0,1,0.0,0.0,1.0,0.0,1.0,0.8270824,0,1.0,0.025,0.0033112583,0.03981788,,,,,,,,,,,,,,,,,,,,,,,,,
2017,REG,16,00-0028093,N.Paul,TE,TE,WAS,10394,38f5843a-8318-4eb7-b517-c83d415e77a4,9988.0,6307.0,918.0,nilespaul/2495211,14156.0,24942.0,7556.0,1272502.0,PaulNi00,niles-paul-1,7384.0,6661.0,,24942.0,406159.0,13170.0,,Niles Paul,niles paul,0,2,0.0,0,0.0,0.0,27.0,0.0,0.0,-1.3926457,0,0.0,0.054054055,0.06716418,0.128096,,,,,,,,,,,,,,,,,,,,,,,,,
2017,REG,16,00-0032098,D.Brown,TE,TE,CHI,12585,1b016b52-62ba-4da9-9ead-6bad689f8d33,14470.0,10144.0,2751.0,,2519013.0,29102.0,,2175305.0,BrowDa04,,10713.0,11092.0,,29102.0,561380.0,17219.0,561380.0,Daniel Brown,daniel brown,0,1,0.0,0,0.0,0.0,4.0,0.0,0.0,-0.27481884,0,0.0,0.04347826,0.02631579,0.083638445,,,,,,,,,,,,,,,,,,,,,,,,,
2017,REG,16,00-0032117,N.O'Leary,TE,TE,BUF,12207,c257b2e6-dfc9-45c8-b30c-a497f2ce82a2,13957.0,9627.0,2495.0,,2576804.0,28582.0,,1860760.0,OLeaNi00,nick-oleary-1,10250.0,10568.0,,28582.0,605423.0,16954.0,,Nick O'Leary,nick oleary,0,1,0.0,0,0.0,0.0,16.0,0.0,0.0,-2.257621,0,0.0,0.02631579,0.051612902,0.07560272,,,,,,,,,,,,,,,,,,,,,,,,,
2017,REG,16,00-0032135,J.James,TE,TE,PIT,12211,a37a5bfd-b48c-4d8b-817a-d8ce7ca3592d,13959.0,9593.0,2463.0,jessejames/2552633,2979590.0,28548.0,,1983808.0,JameJe00,jesse-james-1,10150.0,10403.0,,28548.0,652019.0,16920.0,652019.0,Jesse James,jesse james,0,1,0.0,0,0.0,0.0,16.0,0.0,0.0,-0.38663986,0,0.0,0.033333335,0.103225805,0.12225807,,,,,,,,,,,,,,,,,,,,,,,,,
2017,REG,16,00-0032227,J.Heuerman,TE,TE,DEN,12208,1fe3aadd-336b-4838-888e-8c9609747afc,13961.0,9525.0,2397.0,jeffheuerman/2552399,2576389.0,28480.0,,1824413.0,HeueJe00,jeff-heuerman-1,10246.0,10492.0,,28480.0,593517.0,16853.0,,Jeff Heuerman,jeff heuerman,0,2,0.0,0,0.0,0.0,9.0,0.0,0.0,-2.3821306,0,0.0,0.054054055,0.05,0.11608108,,,,,,,,,,,,,,,,,,,,,,,,,
2017,REG,16,00-0032319,R.Travis,TE,TE,IND,12898,75dfd9cc-5419-49e1-bade-0632d03ca4b4,14613.0,10320.0,3041.0,,3936647.0,29208.0,,2195596.0,,,10837.0,11245.0,,29208.0,602069.0,17750.0,602069.0,Ross Travis,ross travis,0,1,0.0,0,0.0,0.0,12.0,0.0,0.0,-0.41388527,0,0.0,0.030303031,0.04918033,0.079880774,,,,,,,,,,,,,,,,,,,,,,,,,
2017,REG,16,00-0032725,S.Anderson,TE,TE,HOU,12859,5cb0bf9c-03b4-4201-97c5-a59c6db50841,15760.0,11160.0,3496.0,,2576854.0,29789.0,,1880821.0,AndeSt01,,10885.0,11556.0,,29789.0,607660.0,18262.0,607660.0,Stephen Anderson,stephen anderson,0,1,0.0,0,0.0,0.0,11.0,0.0,0.0,-0.8716068,0,0.0,0.0625,0.1122449,0.17232142,,,,,,,,,,,,,,,,,,,,,,,,,
2017,REG,16,00-0033559,M.Roberts,TE,TE,DET,13197,bb9f0c5a-cbc2-43bb-9aa5-77cdc7e77bb6,16500.0,11882.0,4164.0,,3059945.0,30240.0,,2082652.0,RobeMi01,michael-roberts-3,11896.0,12354.0,,30240.0,749874.0,19010.0,,Michael Roberts,michael roberts,0,1,0.0,0,0.0,0.0,0.0,0.0,0.0,-0.63701266,0,,0.029411765,0.0,0.04411765,,,,,,,,,,,,,,,,,,,,,,,,,
2017,REG,16,00-0033611,R.Seals-Jones,TE,TE,ARI,13382,52735659-a294-4f64-a7f4-3591450834e5,16730.0,12020.0,4531.0,,3051806.0,30494.0,,2080003.0,SealRi00,,11876.0,12463.0,,30494.0,744568.0,19410.0,744568.0,Ricky Seals-Jones,ricky seals-jones,0,1,0.0,0,0.0,0.0,3.0,0.0,0.0,-0.4703656,0,0.0,0.029411765,0.010067114,0.051164627,,,,,,,,,,,,,,,,,,,,,,,,,
2017,REG,17,00-0033288,G.Kittle,TE,TE,SF,13299,2ada91b0-036e-454f-83c3-6d939ff584a9,16499.0,11901.0,4217.0,,3040151.0,30259.0,,2818265.0,KittGe00,george-kittle-1,11892.0,12276.0,298.0,30259.0,733672.0,19063.0,733672.0,George Kittle,george kittle,4,6,100.0,0,0.0,0.0,38.0,80.0,3.0,5.2505994,0,2.631579,0.18181819,0.14285715,0.37272727,George Kittle,SF,4.708333333333333,3.2639457037302555,5.9816666666666665,13.920024822557497,66.66666666666666,100.0,0.0,20.235,11.585434460854685,8.649565539145314,00-0033288,George,Kittle,G.Kittle,,,,,,,,,
2017,REG,17,00-0032120,N.Sterling,TE,TE,NYJ,12363,5e3b63cd-db76-48a8-82dd-7ccc8222f6ae,14116.0,9653.0,2519.0,nealsterling/2553451,2513770.0,28608.0,,2174212.0,SterNe00,,10493.0,10593.0,,28608.0,554911.0,16979.0,,Neal Sterling,neal sterling,5,8,74.0,0,0.0,0.0,66.0,41.0,4.0,4.648522,0,1.1212121,0.22222222,0.22222222,0.4888889,,,,,,,,,,,,,,,,,,,,,,,,,
2017,REG,17,00-0030155,D.Harris,TE,TE,KC,11448,8506c15c-15cc-4d2c-aebf-270c605fe0ec,11881.0,8524.0,1619.0,demetriusharris/2541187,16318.0,27174.0,,2060074.0,HarrDe03,,9847.0,8683.0,,27174.0,602269.0,15305.0,602269.0,Demetrius Harris,demetrius harris,3,4,73.0,0,0.0,0.0,69.0,39.0,3.0,6.3200746,0,1.057971,0.114285715,0.2593985,0.35300753,,,,,,,,,,,,,,,,,,,,,,,,,
2017,REG,17,00-0028112,C.Clay,TE,TE,BUF,10409,04ca4fb9-194e-47fe-8fc8-adb5790a8e78,10003.0,6326.0,801.0,charlesclay/2495139,14145.0,24961.0,,1265552.0,ClayCh00,charles-clay-1,7424.0,6681.0,,24961.0,400516.0,12751.0,,Charles Clay,charles clay,6,8,64.0,0,0.0,0.0,48.0,41.0,3.0,3.1138737,0,1.3333334,0.2962963,0.23529412,0.60915035,Charles Clay,BUF,5.3999999999999995,4.623833120680882,5.3525,22.66807834833245,75.0,64.0,0.0,7.256666666666667,8.019099918392763,-0.7624332517260966,00-0028112,Charles,Clay,C.Clay,,,,,,,,,
2017,REG,17,00-0029587,R.Ellison,TE,TE,NYG,10838,cccc9f16-9508-434f-b7a4-9a29cb0cacf9,11315.0,7128.0,1211.0,rhettellison/2532835,15003.0,25838.0,,1244464.0,ElliRh00,rhett-ellison-1,8114.0,7580.0,,25838.0,399295.0,14445.0,,Rhett Ellison,rhett ellison,5,6,63.0,0,0.0,0.0,34.0,38.0,4.0,3.6936371,0,1.8529412,0.21428572,0.2060606,0.465671,Rhett Ellison,NYG,2.7520000000000002,2.241220304804626,5.683333333333334,17.57913186926487,83.33333333333334,63.0,0.0,7.593999999999999,6.169124424351867,1.4248755756481328,00-0029587,Rhett,Ellison,R.Ellison,,,,,,,,,
2017,REG,17,00-0022943,B.Watson,TE,TE,BAL,7422,d81844de-54c3-42ee-9850-072dc4131b6f,9040.0,1753.0,663.0,benjaminwatson/2506122,5557.0,6791.0,,493107.0,WatsBe00,benjamin-watson-1,3872.0,48.0,,6791.0,246082.0,11756.0,,Ben Watson,ben watson,7,10,61.0,0,0.0,0.0,43.0,40.0,2.0,-3.1102312,0,1.4186046,0.21276596,0.134375,0.41321144,Benjamin Watson,BAL,8.018749999999999,5.081923210249914,4.224,13.460374111723656,70.0,61.0,0.0,6.575714285714286,5.974360423643377,0.6013538620709085,00-0022943,Benjamin,Watson,B.Watson,,,,,,,,,
2017,REG,17,00-0032214,T.Kroft,TE,TE,CIN,12212,36f54823-9d51-4180-9c91-d10281deb4bf,13960.0,9518.0,2390.0,tylerkroft/2552586,2582410.0,28473.0,,1824200.0,KrofTy00,tyler-kroft-1,10247.0,10490.0,,28473.0,592268.0,16846.0,592268.0,Tyler Kroft,tyler kroft,6,8,53.0,2,0.0,0.0,44.0,23.0,4.0,3.98813,0,1.2045455,0.19512194,0.15438597,0.4007531,Tyler Kroft,CIN,3.5183333333333326,2.5141186637714577,6.671249999999999,17.67569715837583,75.0,53.0,2.0,4.260000000000002,4.115363937514114,0.14463606248588778,00-0032214,Tyler,Kroft,T.Kroft,,,,,,,,,
2017,REG,17,00-0032055,D.Funchess,TE,TE,CAR,12205,7f5f2a81-ac40-420c-9421-5b9e2a21faf8,13915.0,9474.0,2346.0,,2977609.0,28429.0,,2001877.0,FuncDe00,devin-funchess-1,10138.0,10391.0,,28429.0,696127.0,16802.0,696127.0,Devin Funchess,devin funchess,2,6,48.0,1,0.0,0.0,116.0,4.0,2.0,0.36433974,0,0.41379312,0.18181819,0.34834835,0.5165711,,,,,,,,,,,,,,,,,,,,,,,,,
2017,REG,17,00-0021547,A.Gates,TE,TE,LAC,7236,82da09c2-e542-4f7d-87d9-24dfd8e014de,9027.0,1609.0,322.0,antoniogates/2505299,5362.0,6663.0,,396811.0,,,3172.0,611.0,,6663.0,234249.0,7884.0,,Antonio Gates,antonio gates,4,6,46.0,0,0.0,0.0,73.0,5.0,1.0,2.6284814,0,0.63013697,0.16666667,0.23028392,0.41119874,Antonio Gates,LAC,6.8999999999999995,1.790065219454999,11.603333333333332,21.83266432513798,66.66666666666666,46.0,0.0,2.082500000000003,1.3903472623692483,0.6921527376307548,00-0021547,Antonio,Gates,A.Gates,,,,,,,,,
2017,REG,17,00-0027696,J.Graham,TE,TE,SEA,9925,fd85786d-3900-4dc0-9b30-334ee30413ed,9712.0,5619.0,616.0,jimmygraham/497236,13232.0,24070.0,6610.0,1691166.0,GrahJi00,jimmy-graham-1,6532.0,5842.0,,24070.0,295918.0,11488.0,295918.0,Jimmy Graham,jimmy graham,3,6,45.0,0,0.0,0.0,30.0,27.0,2.0,3.1090748,0,1.5,0.21428572,0.1734104,0.44281584,Jimmy Graham,SEA,4.593333333333333,3.148193977949291,3.318333333333334,9.573035868833545,50.0,45.0,0.0,10.053333333333335,10.35929438748038,-0.3059610541470459,00-0027696,Jimmy,Graham,J.Graham,,,,,,,,,
2017,REG,17,00-0030181,J.Doyle,TE,TE,IND,11516,bd413539-9351-454e-9d61-4e8635d7e9f5,11987.0,8520.0,1706.0,jackdoyle/2540232,16504.0,27299.0,,2041264.0,DoylJa00,,9081.0,9075.0,,27299.0,477386.0,15602.0,477386.0,Jack Doyle,jack doyle,4,5,38.0,1,0.0,0.0,31.0,15.0,3.0,5.1610413,0,1.2258065,0.20833333,0.19871795,0.45160258,Jack Doyle,IND,2.54,2.486683363885552,5.8340000000000005,15.992324561403512,80.0,38.0,1.0,4.074999999999999,3.056058403906013,1.0189415960939865,00-0030181,John,Doyle,J.Doyle,,,,,,,,,
2017,REG,17,00-0033885,D.Njoku,TE,TE,CLE,13192,8f86fcea-90e8-49ea-bc78-5c7659313e57,16399.0,11784.0,4033.0,,3123076.0,30142.0,,2136474.0,NjokDa00,david-njoku-1,11734.0,12186.0,252.0,30142.0,832098.0,18876.0,832098.0,David Njoku,david njoku,2,3,38.0,0,0.0,0.0,23.0,31.0,1.0,-2.02175,0,1.6521739,0.1,0.080139376,0.20609756,,,,,,,,,,,,,,,,,,,,,,,,,
2017,REG,17,00-0031273,C.Brate,TE,TE,TB,12110,5afe93fd-0caf-4cca-83fc-7f405bebfa3e,13470.0,9207.0,2214.0,,17453.0,28267.0,,2132787.0,BratCa00,,10008.0,10193.0,,28267.0,552926.0,16593.0,552926.0,Cameron Brate,cameron brate,3,5,37.0,0,0.0,0.0,47.0,11.0,3.0,2.974675,0,0.78723407,0.1,0.08020478,0.20614335,Cameron Brate,TB,4.97,2.7002658981324297,9.419999999999998,8.326556588763568,60.0,37.0,0.0,3.5600000000000023,4.675350310158819,-1.1153503101588171,00-0031273,Cameron,Brate,C.Brate,,,,,,,,,
2017,REG,17,00-0027061,J.Cook,TE,TE,LV,9474,3b7a1409-d154-4e5c-8c94-9d4a0e0993c7,9265.0,5012.0,367.0,jaredcook/71265,12537.0,9353.0,6126.0,584314.0,CookJa02,jared-cook-2,5981.0,5165.0,,9353.0,296480.0,8534.0,296480.0,Jared Cook,jared cook,3,4,35.0,0,0.0,0.0,41.0,0.0,1.0,1.5558429,0,0.85365856,0.14814815,0.1943128,0.35824117,,,,,,,,,,,,,,,,,,,,,,,,,
2017,REG,17,00-0032392,A.Hooper,TE,TE,ATL,12677,90c2a93f-d837-4e1b-b57c-56648903a8db,15581.0,10715.0,3202.0,,3043275.0,29315.0,,2067004.0,HoopAu00,austin-hooper-1,10748.0,11301.0,384.0,29315.0,739424.0,17963.0,739424.0,Austin Hooper,austin hooper,3,3,35.0,0,0.0,0.0,17.0,18.0,1.0,0.22285938,0,2.0588236,0.071428575,0.060714286,0.14964285,,,,,,,,,,,,,,,,,,,,,,,,,
2017,REG,17,00-0032430,D.Morgan,TE,TE,MIN,12816,4bff1c89-f4d1-4699-8c85-69bbbbaec5a2,15857.0,10822.0,3344.0,,2582138.0,29422.0,,1907784.0,MorgDa01,david-morgan-1,11139.0,11477.0,,29422.0,612030.0,18105.0,,David Morgan,david morgan,3,3,35.0,0,0.0,0.0,24.0,11.0,1.0,2.988621,0,1.4583334,0.10714286,0.114285715,0.24071428,,,,,,,,,,,,,,,,,,,,,,,,,
2017,REG,17,00-0033514,E.Byrd,TE,TE,GB,13574,f14bbebf-5021-4813-8daf-7c8db6542aac,,,4518.0,,3931761.0,30702.0,,2819613.0,ByrdEm00,,12333.0,12807.0,,30702.0,868036.0,19390.0,,Emanuel Byrd,emanuel byrd,2,2,31.0,0,0.0,0.0,4.0,27.0,1.0,2.0484107,0,7.75,0.06451613,0.021390375,0.11174746,,,,,,,,,,,,,,,,,,,,,,,,,
2017,REG,17,00-0028903,G.Celek,TE,TE,SF,11007,16cc9ade-f9ad-4d32-b5b9-d7568ee80f58,11507.0,7274.0,1223.0,garrettcelek/2534820,15204.0,26253.0,,1975891.0,,,8516.0,7982.0,,26253.0,403184.0,14496.0,,Garrett Celek,garrett celek,1,1,28.0,0,0.0,0.0,17.0,11.0,1.0,2.453527,0,1.6470588,0.030303031,0.06390978,0.09019139,,,,,,,,,,,,,,,,,,,,,,,,,
2017,REG,17,00-0032117,N.O'Leary,TE,TE,BUF,12207,c257b2e6-dfc9-45c8-b30c-a497f2ce82a2,13957.0,9627.0,2495.0,,2576804.0,28582.0,,1860760.0,OLeaNi00,nick-oleary-1,10250.0,10568.0,,28582.0,605423.0,16954.0,,Nick O'Leary,nick oleary,1,2,26.0,1,0.0,0.0,31.0,0.0,1.0,1.9082135,0,0.83870965,0.074074075,0.15196079,0.21748365,,,,,,,,,,,,,,,,,,,,,,,,,
2017,REG,17,00-0027873,J.Gresham,TE,TE,ARI,9838,b44773b9-af17-4d6c-a453-132e20849712,9685.0,5546.0,530.0,jermainegresham/497238,13228.0,23996.0,,1123667.0,GresJe00,jermaine-gresham-1,6455.0,5549.0,,23996.0,333278.0,11026.0,,Jermaine Gresham,jermaine gresham,3,3,24.0,0,0.0,0.0,5.0,19.0,1.0,1.5115575,0,4.8,0.09090909,0.013927577,0.14611293,,,,,,,,,,,,,,,,,,,,,,,,,
2017,REG,17,00-0030061,Z.Ertz,TE,TE,PHI,11247,de3421f7-2147-4835-89a5-724e87bad463,11689.0,7816.0,1339.0,zachertz/2540158,15835.0,26658.0,,1685963.0,ErtzZa00,zach-ertz-1,8781.0,8409.0,305.0,26658.0,503177.0,14856.0,503177.0,Zach Ertz,zach ertz,2,2,24.0,0,0.0,0.0,16.0,8.0,1.0,2.013484,0,1.5,0.060606062,0.08888889,0.1531313,,,,,,,,,,,,,,,,,,,,,,,,,
2017,REG,17,00-0031598,N.Boyle,TE,TE,BAL,12328,9480dd9f-151f-4e6d-b5a3-35f07bda4cac,13963.0,9604.0,2474.0,,2574591.0,28559.0,,1888149.0,BoylNi00,,10252.0,10547.0,,28559.0,608753.0,16931.0,608753.0,Nick Boyle,nick boyle,2,3,24.0,0,0.0,0.0,28.0,5.0,1.0,2.0368495,0,0.85714287,0.06382979,0.0875,0.15699469,,,,,,,,,,,,,,,,,,,,,,,,,
2017,REG,17,00-0027675,E.Dickson,TE,TE,CAR,9912,46bb9a85-523c-4530-95c3-2c2a9737e65f,9706.0,5595.0,701.0,eddickson/497224,13272.0,24045.0,6604.0,565631.0,DickEd00,ed-dickson-1,6530.0,5840.0,,24045.0,296060.0,12153.0,,Ed Dickson,ed dickson,2,3,22.0,0,0.0,0.0,24.0,8.0,2.0,0.20376322,0,0.9166667,0.09090909,0.072072074,0.18681408,,,,,,,,,,,,,,,,,,,,,,,,,
2017,REG,17,00-0024221,V.Davis,TE,TE,WAS,8247,0a95e792-6455-4927-9539-f95fa7f41fbb,9621.0,2951.0,200.0,vernondavis/2495826,9592.0,7755.0,,409254.0,DaviVe00,vernon-davis-1,4732.0,3638.0,,7755.0,215595.0,5084.0,,Vernon Davis,vernon davis,2,3,20.0,0,0.0,0.0,29.0,10.0,0.0,-0.6422548,0,0.6896552,0.08108108,0.12288135,0.20763858,,,,,,,,,,,,,,,,,,,,,,,,,
2017,REG,17,00-0024389,De.Walker,TE,TE,TEN,8416,ccce5e8e-52ca-4f0f-a40f-fe5e7227d156,9172.0,3120.0,284.0,delaniewalker/2495966,9761.0,7924.0,4353.0,1109396.0,WalkHu00,,4888.0,3976.0,,7924.0,218943.0,7175.0,,Delanie Walker,delanie walker,3,5,19.0,0,0.0,0.0,30.0,2.0,1.0,-1.8971993,0,0.6333333,0.23809524,0.1863354,0.48757765,Delanie Walker,TEN,5.406000000000001,1.3081917010223902,7.5280000000000005,24.091141833077316,60.0,19.0,0.0,0.06333333333333258,0.42320092698597894,-0.35986759365264637,00-0024389,Delanie,Walker,D.Walker,,,,,,,,,
2017,REG,17,00-0022127,J.Witten,TE,TE,DAL,6997,e38c9b1b-7c51-48a2-ac1d-a752502e8930,9275.0,1384.0,23.0,jasonwitten/2505629,4527.0,6405.0,,396134.0,WittJa00,jason-witten-1,3086.0,1990.0,,6405.0,184571.0,722.0,,Jason Witten,jason witten,2,3,17.0,0,0.0,0.0,26.0,1.0,0.0,-1.2122829,0,0.65384614,0.1,0.11818182,0.23272727,,,,,,,,,,,,,,,,,,,,,,,,,
2017,REG,17,00-0033895,G.Everett,TE,TE,LA,13236,ebeceb00-57e0-4b74-9cf7-853da2afed18,16459.0,11799.0,4089.0,,3918639.0,30157.0,,2142692.0,EverGe00,gerald-everett-1,11737.0,12284.0,55.0,30157.0,838487.0,18935.0,838487.0,Gerald Everett,gerald everett,3,6,16.0,0,1.0,1.0,52.0,4.0,0.0,-5.748574,0,0.30769232,0.1764706,0.208,0.4103059,Gerald Everett,LAR,8.395999999999999,5.5257996506553395,7.6116666666666655,19.174573851708782,50.0,16.0,0.0,2.250000000000002,2.4294709594053834,-0.17947095940538116,00-0033895,Gerald,Everett,G.Everett,,,,,,,,,
2017,REG,17,00-0024243,M.Lewis,TE,TE,JAX,8269,9c21e9af-681c-41ef-9b00-fbc9e1668ed1,9413.0,2973.0,111.0,marcedeslewis/2495888,9614.0,7777.0,4007.0,415313.0,LewiMa00,marcedes-lewis-1,4891.0,3615.0,,7777.0,214197.0,3061.0,214197.0,Marcedes Lewis,marcedes lewis,2,3,13.0,0,0.0,0.0,25.0,4.0,2.0,0.7158678,0,0.52,0.0882353,0.06963788,0.18109946,,,,,,,,,,,,,,,,,,,,,,,,,
2017,REG,17,00-0025549,B.Celek,TE,TE,PHI,8838,645a8bf9-2079-4df4-904a-3d8f08438b85,9070.0,3778.0,221.0,brentcelek/2507218,10605.0,8416.0,4697.0,408126.0,CeleBr00,brent-celek-1,5403.0,4269.0,,8416.0,229510.0,5511.0,,Brent Celek,brent celek,3,4,13.0,0,0.0,0.0,31.0,2.0,0.0,-1.3481922,0,0.41935483,0.121212125,0.17222223,0.30237374,,,,,,,,,,,,,,,,,,,,,,,,,
2017,REG,17,00-0028042,L.Stocker,TE,TE,TEN,10354,5b712aed-201c-43dd-b978-b7b6ef91178e,9948.0,6256.0,963.0,lukestocker/2495234,14099.0,24891.0,7589.0,1125485.0,StocLu00,luke-stocker-1,7413.0,6552.0,,24891.0,334186.0,13370.0,334186.0,Luke Stocker,luke stocker,1,1,12.0,0,0.0,0.0,4.0,8.0,0.0,1.1371756,0,3.0,0.04761905,0.024844721,0.08881988,,,,,,,,,,,,,,,,,,,,,,,,,
2017,REG,17,00-0029738,D.Fells,TE,TE,DET,11337,54d4e35a-2e6c-48f6-86ad-92dd596c173c,13636.0,8549.0,1592.0,darrenfells/2540928,15773.0,26612.0,,2053740.0,FellDa01,,9758.0,8472.0,,26612.0,266414.0,15247.0,266414.0,Darren Fells,darren fells,1,1,12.0,0,0.0,0.0,-4.0,16.0,1.0,0.6488749,0,0.0,0.03448276,-0.017094018,0.039758325,,,,,,,,,,,,,,,,,,,,,,,,,
2017,REG,17,00-0033858,J.Smith,TE,TE,TEN,13193,e4f25a37-74de-4bfb-b6c9-f50a4fab0b87,16460.0,11855.0,4144.0,,3054212.0,30213.0,,2081506.0,SmitJo01,jonnu-smith-1,11807.0,12344.0,84.0,30213.0,743749.0,18990.0,743749.0,Jonnu Smith,jonnu smith,3,3,12.0,0,0.0,0.0,7.0,5.0,0.0,-0.79040927,0,1.7142857,0.14285715,0.04347826,0.2447205,,,,,,,,,,,,,,,,,,,,,,,,,
2017,REG,17,00-0032745,A.Cross,TE,TE,TB,12996,cc1df018-baa8-4344-b13c-cd5ef1a52d26,16217.0,10931.0,3595.0,,2586700.0,29571.0,,1906373.0,,,11406.0,11727.0,,29571.0,614284.0,18376.0,,Alan Cross,alan cross,1,1,11.0,0,0.0,0.0,1.0,10.0,1.0,0.93713653,0,11.0,0.02,0.0017064846,0.03119454,,,,,,,,,,,,,,,,,,,,,,,,,
2017,REG,17,00-0025418,G.Olsen,TE,TE,CAR,8687,587d0a98-7ec5-45a5-adba-8af26e8f256b,9238.0,3647.0,58.0,gregolsen/2495700,10475.0,8285.0,,502524.0,OlseGr00,greg-olsen-1,5206.0,4190.0,,8285.0,230925.0,1658.0,,Greg Olsen,greg olsen,1,9,10.0,0,0.0,0.0,104.0,1.0,1.0,-9.902645,0,0.09615385,0.27272728,0.3123123,0.6277095,Greg Olsen,CAR,8.03125,2.2151634156698345,11.80222222222222,32.18105250401429,11.11111111111111,10.0,0.0,0.23000000000000398,0.7082560897019903,-0.4782560897019863,00-0025418,Gregory,Olsen,G.Olsen,,,,,,,,,
2017,REG,17,00-0029119,D.Carrier,TE,TE,LA,10940,d3fab07b-f02a-433d-9612-cb0a751f324d,11417.0,7406.0,1718.0,derekcarrier/2534241,15403.0,26416.0,,1977121.0,CarrDe00,,9203.0,7527.0,,26416.0,654887.0,15640.0,654887.0,Derek Carrier,derek carrier,2,2,10.0,0,0.0,0.0,4.0,6.0,0.0,0.27045962,0,2.5,0.05882353,0.016,0.09943529,,,,,,,,,,,,,,,,,,,,,,,,,
2017,REG,17,00-0031690,E.Tomlinson,TE,TE,NYJ,13065,b3d7169b-9cf6-4fea-815a-26e4fb0ec16a,14339.0,9786.0,2755.0,,2511973.0,28658.0,,1759992.0,TomlEr01,,10553.0,10747.0,,28658.0,554431.0,17223.0,554431.0,Eric Tomlinson,eric tomlinson,2,2,10.0,0,0.0,0.0,6.0,4.0,0.0,-1.1862003,0,1.6666666,0.055555556,0.02020202,0.09747475,,,,,,,,,,,,,,,,,,,,,,,,,
2017,REG,17,00-0030710,T.Burton,TE,TE,PHI,11705,bc0f07a4-3e7b-4e61-987a-05533dc225be,12153.0,9185.0,1793.0,treyburton/2550284,16974.0,27789.0,,2130223.0,BurtTr01,,9490.0,9737.0,,27789.0,542788.0,15965.0,,Trey Burton,trey burton,1,2,9.0,0,0.0,0.0,11.0,8.0,0.0,-1.5480812,0,0.8181818,0.060606062,0.06111111,0.13368687,,,,,,,,,,,,,,,,,,,,,,,,,
2017,REG,17,00-0031387,E.Ebron,TE,TE,DET,11695,9fbcfae9-dd14-415c-8952-9b1b5dff0dfc,12143.0,8645.0,2118.0,ericebron/2543466,16732.0,27538.0,,1865396.0,EbroEr00,eric-ebron-1,9210.0,9390.0,,27538.0,605752.0,16451.0,605752.0,Eric Ebron,eric ebron,1,6,9.0,0,0.0,0.0,66.0,9.0,1.0,-3.8322937,0,0.13636364,0.20689656,0.2820513,0.50778073,Eric Ebron,DET,6.47,3.4514673611461326,11.569999999999999,30.577456723780994,16.666666666666664,9.0,0.0,8.180000000000007,6.992905761055226,1.1870942389447805,00-0031387,Eric,Ebron,E.Ebron,,,,,,,,,
2017,REG,17,00-0031609,A.Derby,TE,TE,MIA,12351,f0805b80-e01c-46fd-99a6-dae1134fb764,14072.0,9635.0,2503.0,a.j.derby/2552580,3046413.0,28590.0,,2061203.0,DerbA.00,aj-derby-1,10484.0,10576.0,,28590.0,543797.0,16962.0,,A.J. Derby,aj derby,1,4,9.0,0,0.0,0.0,29.0,12.0,0.0,-3.141659,0,0.31034482,0.093023255,0.107407406,0.21472007,,,,,,,,,,,,,,,,,,,,,,,,,
2017,REG,17,00-0032135,J.James,TE,TE,PIT,12211,a37a5bfd-b48c-4d8b-817a-d8ce7ca3592d,13959.0,9593.0,2463.0,jessejames/2552633,2979590.0,28548.0,,1983808.0,JameJe00,jesse-james-1,10150.0,10403.0,,28548.0,652019.0,16920.0,652019.0,Jesse James,jesse james,2,2,9.0,0,0.0,0.0,6.0,3.0,0.0,-0.42913675,0,1.5,0.074074075,0.028037382,0.13073727,,,,,,,,,,,,,,,,,,,,,,,,,
2017,REG,17,00-0032227,J.Heuerman,TE,TE,DEN,12208,1fe3aadd-336b-4838-888e-8c9609747afc,13961.0,9525.0,2397.0,jeffheuerman/2552399,2576389.0,28480.0,,1824413.0,HeueJe00,jeff-heuerman-1,10246.0,10492.0,,28480.0,593517.0,16853.0,,Jeff Heuerman,jeff heuerman,1,2,9.0,0,0.0,0.0,13.0,2.0,0.0,0.17154323,0,0.6923077,0.06451613,0.045138888,0.12837142,,,,,,,,,,,,,,,,,,,,,,,,,
2017,REG,17,00-0030216,J.Hill,TE,TE,NO,11529,687cdc33-bd0d-4b70-adb3-33f97dc26a3c,13565.0,8200.0,1777.0,joshhill/2541834,16143.0,26950.0,,2060083.0,HillJo02,,9071.0,8764.0,,26950.0,469509.0,15866.0,,Josh Hill,josh hill,1,2,8.0,0,0.0,0.0,21.0,4.0,0.0,-0.551899,0,0.3809524,0.06666667,0.08467742,0.15927419,,,,,,,,,,,,,,,,,,,,,,,,,
2017,REG,17,00-0032134,C.Uzomah,TE,TE,CIN,12317,19858900-5c8e-49a7-ab02-34ef625724ca,14084.0,9590.0,2460.0,c.j.uzomah/2552559,2574576.0,28545.0,,2174118.0,UzomC.00,cj-uzomah-1,10462.0,10534.0,,28545.0,593305.0,16917.0,593305.0,C.J. Uzomah,cj uzomah,1,2,7.0,0,0.0,0.0,15.0,5.0,1.0,0.25581625,0,0.46666667,0.048780486,0.05263158,0.11001284,,,,,,,,,,,,,,,,,,,,,,,,,
2017,REG,17,00-0028142,V.Green,TE,TE,DEN,10432,6ef43c53-53d7-4b0f-ad99-17664d663ae8,10026.0,6356.0,868.0,virgilgreen/2495288,14085.0,24991.0,7502.0,1130615.0,GreeVi00,virgil-green-1,7416.0,6570.0,,24991.0,323254.0,13016.0,,Virgil Green,virgil green,1,1,6.0,0,0.0,0.0,5.0,1.0,0.0,0.12946433,0,1.2,0.032258064,0.017361112,0.060539875,,,,,,,,,,,,,,,,,,,,,,,,,
2017,REG,17,00-0030470,V.McDonald,TE,TE,PIT,11257,8f24a248-b328-43ec-8677-67600e42a8f7,11699.0,7836.0,1587.0,vancemcdonald/2540215,15853.0,26678.0,,1673357.0,McDoVa00,vance-mcdonald-1,8785.0,8413.0,,26678.0,494969.0,15239.0,,Vance McDonald,vance mcdonald,1,2,5.0,0,0.0,0.0,13.0,2.0,0.0,-1.6181648,0,0.3846154,0.074074075,0.060747664,0.15363447,,,,,,,,,,,,,,,,,,,,,,,,,
2017,REG,17,00-0032725,S.Anderson,TE,TE,HOU,12859,5cb0bf9c-03b4-4201-97c5-a59c6db50841,15760.0,11160.0,3496.0,,2576854.0,29789.0,,1880821.0,AndeSt01,,10885.0,11556.0,,29789.0,607660.0,18262.0,607660.0,Stephen Anderson,stephen anderson,1,2,4.0,0,0.0,0.0,14.0,2.0,0.0,-1.8663409,0,0.2857143,0.08695652,0.06511628,0.17601618,,,,,,,,,,,,,,,,,,,,,,,,,
2017,REG,17,00-0033095,G.Griffin,TE,TE,NO,13546,3cacaa27-a790-43ae-927c-8163b06f1a53,16252.0,11439.0,3894.0,,2987440.0,30024.0,,2239251.0,GrifGa00,,11502.0,12072.0,,30024.0,703203.0,18716.0,703203.0,Garrett Griffin,garrett griffin,1,1,4.0,0,0.0,0.0,4.0,0.0,0.0,0.03811459,0,1.0,0.033333335,0.016129032,0.061290324,,,,,,,,,,,,,,,,,,,,,,,,,
2017,REG,17,00-0027981,K.Rudolph,TE,TE,MIN,10312,1059e9dc-97df-4643-9116-883a0573d8b1,9906.0,6195.0,943.0,kylerudolph/2495438,14054.0,24830.0,7444.0,1633122.0,RudoKy00,kyle-rudolph-1,7246.0,6459.0,,24830.0,469472.0,13275.0,469472.0,Kyle Rudolph,kyle rudolph,1,3,3.0,0,0.0,0.0,18.0,0.0,0.0,-2.2292747,0,0.16666667,0.10714286,0.08571429,0.22071429,,,,,,,,,,,,,,,,,,,,,,,,,
2017,REG,17,00-0031035,X.Grimble,TE,TE,PIT,11701,c9557ff2-899f-41e3-8a0e-35ca874db9b2,12149.0,9092.0,2082.0,xaviergrimble/2550521,17348.0,28184.0,,2130777.0,,,9283.0,9614.0,,28184.0,555680.0,16395.0,,Xavier Grimble,xavier grimble,1,1,2.0,0,0.0,0.0,1.0,1.0,0.0,-0.7768149,0,2.0,0.037037037,0.004672897,0.058826584,,,,,,,,,,,,,,,,,,,,,,,,,
2017,REG,17,00-0024268,A.Fasano,TE,TE,MIA,8294,04eb8101-538f-44ac-ba09-ce30b5344fc2,9023.0,2998.0,51.0,anthonyfasano/2495835,9639.0,7802.0,3911.0,410446.0,FasaAn00,anthony-fasano-1,4755.0,3604.0,,7802.0,217412.0,1545.0,,Anthony Fasano,anthony fasano,1,3,1.0,0,0.0,0.0,20.0,-1.0,0.0,-2.4171464,0,0.05,0.069767445,0.074074075,0.15650302,,,,,,,,,,,,,,,,,,,,,,,,,
2017,REG,17,00-0028093,N.Paul,TE,TE,WAS,10394,38f5843a-8318-4eb7-b517-c83d415e77a4,9988.0,6307.0,918.0,nilespaul/2495211,14156.0,24942.0,7556.0,1272502.0,PaulNi00,niles-paul-1,7384.0,6661.0,,24942.0,406159.0,13170.0,,Niles Paul,niles paul,1,2,0.0,0,0.0,0.0,-3.0,0.0,0.0,-1.0977426,0,0.0,0.054054055,-0.012711864,0.072182775,,,,,,,,,,,,,,,,,,,,,,,,,
2017,REG,17,00-0029689,D.Allen,TE,TE,NE,10742,cc745cc3-d52a-454b-98c8-ac9155a9405c,11219.0,7066.0,1105.0,dwayneallen/2533046,14901.0,25774.0,8485.0,1630216.0,AlleDw00,dwayne-allen-1,8041.0,7452.0,,25774.0,463515.0,13987.0,,Dwayne Allen,dwayne allen,0,1,0.0,0,0.0,0.0,7.0,0.0,0.0,-0.57748383,0,0.0,0.025641026,0.019390581,0.052034944,,,,,,,,,,,,,,,,,,,,,,,,,
2017,REG,17,00-0029878,M.Gray,TE,TE,MIA,11434,fda00e5c-b7df-487a-9a24-5e4087c575e1,11865.0,8286.0,1636.0,marqueisgray/2540259,16323.0,27213.0,,1631039.0,,,8980.0,8679.0,,27213.0,464295.0,15371.0,,MarQueis Gray,marqueis gray,0,0,0.0,0,0.0,0.0,0.0,0.0,0.0,,0,,,,,,,,,,,,,,,,,,,,,,,,,,,,,
2017,REG,17,00-0030089,L.Willson,TE,TE,SEA,11381,16c67c97-ffd9-4f92-917d-ad6124ce1f6e,11812.0,7940.0,1603.0,lukewillson/2541199,16121.0,26781.0,,2057661.0,WillLu00,luke-willson-1,8907.0,8567.0,,26781.0,466869.0,15263.0,466869.0,Luke Willson,luke willson,0,1,0.0,0,0.0,0.0,26.0,0.0,0.0,-2.074013,0,0.0,0.035714287,0.15028901,0.15877374,,,,,,,,,,,,,,,,,,,,,,,,,
2017,REG,17,00-0030422,D.Sims,TE,TE,CHI,11249,9c04a540-cb7c-41dc-8e7c-50b7af29a3a2,11691.0,7888.0,1357.0,dionsims/2540200,15974.0,26729.0,,1700507.0,SimsDi00,dion-sims-1,8784.0,8532.0,,26729.0,511525.0,14876.0,,Dion Sims,dion sims,0,1,0.0,0,0.0,0.0,17.0,0.0,0.0,-2.3604133,0,0.0,0.027777778,0.06692913,0.08851706,,,,,,,,,,,,,,,,,,,,,,,,,
2017,REG,17,00-0031044,T.Niklas,TE,TE,ARI,11703,2b159c76-53d6-4670-b341-392bc7d6d5f2,12151.0,8687.0,2245.0,troyniklas/2543628,16797.0,27580.0,,1893206.0,NiklTr00,troy-niklas-1,9292.0,9319.0,,27580.0,610949.0,16648.0,,Troy Niklas,troy niklas,0,1,0.0,0,0.0,0.0,13.0,0.0,0.0,-0.5589344,0,0.0,0.030303031,0.0362117,0.07080273,,,,,,,,,,,,,,,,,,,,,,,,,
2017,REG,17,00-0031951,J.O'Shaughnessy,TE,TE,JAX,12330,e5c6b0d4-3e77-422b-a6d8-574a10ed385e,14146.0,9606.0,2476.0,,2508079.0,28561.0,,2174148.0,O'ShJa00,,10249.0,10549.0,,28561.0,552352.0,16933.0,552352.0,James O'Shaughnessy,james oshaughnessy,0,2,0.0,0,0.0,0.0,33.0,0.0,0.0,-1.6102426,0,0.0,0.05882353,0.09192201,0.1525807,,,,,,,,,,,,,,,,,,,,,,,,,
2017,REG,17,00-0032429,J.Adams,TE,TE,NYG,12681,47426d59-7af4-4714-8050-a85a0ae70f65,15831.0,10818.0,3340.0,,2978727.0,29418.0,,2000078.0,AdamJe01,jerell-adams-1,10876.0,11283.0,,29418.0,694014.0,18101.0,694014.0,Jerell Adams,jerell adams,0,3,0.0,0,0.0,0.0,16.0,0.0,0.0,-3.1222508,0,0.0,0.10714286,0.096969694,0.22859307,,,,,,,,,,,,,,,,,,,,,,,,,
2017,REG,17,00-0033080,S.DeValve,TE,TE,CLE,12792,a2451bf7-83dd-496c-b527-c14d8d518598,15671.0,10772.0,3296.0,,2566659.0,29372.0,,1984760.0,DevaSe00,,11221.0,11444.0,,29372.0,623676.0,18057.0,,Seth DeValve,seth devalve,0,1,0.0,0,0.0,0.0,4.0,0.0,0.0,-0.57275826,0,0.0,0.033333335,0.013937282,0.059756096,,,,,,,,,,,,,,,,,,,,,,,,,
2017,REG,17,00-0033258,D.Daniels,TE,TE,IND,13396,7574eb56-a34a-419e-9682-c4788cfe2019,16582.0,12122.0,4323.0,,3052166.0,30523.0,,2079698.0,DaniDa02,,11890.0,12453.0,,30523.0,747895.0,19176.0,747895.0,Darrell Daniels,darrell daniels,0,1,0.0,0,0.0,0.0,1.0,0.0,0.0,-0.2489666,0,0.0,0.041666668,0.0064102565,0.06698718,,,,,,,,,,,,,,,,,,,,,,,,,
2017,REG,17,00-0033387,J.Hollister,TE,TE,NE,13391,ad2a1d03-020b-487a-bd5f-7ca9fbc250fe,16527.0,12051.0,4421.0,,3125404.0,30661.0,,2818962.0,HollJa03,,12271.0,12491.0,,30661.0,696882.0,19281.0,696882.0,Jacob Hollister,jacob hollister,0,1,0.0,0,0.0,0.0,22.0,0.0,0.0,-0.55539346,0,0.0,0.025641026,0.060941827,0.08112082,,,,,,,,,,,,,,,,,,,,,,,,,
2017,REG,17,00-0033611,R.Seals-Jones,TE,TE,ARI,13382,52735659-a294-4f64-a7f4-3591450834e5,16730.0,12020.0,4531.0,,3051806.0,30494.0,,2080003.0,SealRi00,,11876.0,12463.0,,30494.0,744568.0,19410.0,744568.0,Ricky Seals-Jones,ricky seals-jones,0,1,0.0,0,0.0,0.0,8.0,0.0,0.0,-1.7021183,0,0.0,0.030303031,0.022284122,0.061053433,,,,,,,,,,,,,,,,,,,,,,,,,
2017,POST,18,00-0025418,G.Olsen,TE,TE,CAR,8687,587d0a98-7ec5-45a5-adba-8af26e8f256b,9238.0,3647.0,58.0,gregolsen/2495700,10475.0,8285.0,,502524.0,OlseGr00,greg-olsen-1,5206.0,4190.0,,8285.0,230925.0,1658.0,,Greg Olsen,greg olsen,8,12,107.0,1,0.0,0.0,119.0,25.0,5.0,8.204822,0,0.89915967,0.31578946,0.30749354,0.6889297,Greg Olsen,CAR,5.354545454545455,3.2852129634219214,9.13,30.08650281477413,66.66666666666666,107.0,1.0,3.8124999999999996,3.8041249566457864,0.00837504335421313,00-0025418,Gregory,Olsen,G.Olsen,,,,,,,,,
2017,POST,18,00-0032055,D.Funchess,TE,TE,CAR,12205,7f5f2a81-ac40-420c-9421-5b9e2a21faf8,13915.0,9474.0,2346.0,,2977609.0,28429.0,,2001877.0,FuncDe00,devin-funchess-1,10138.0,10391.0,,28429.0,696127.0,16802.0,696127.0,Devin Funchess,devin funchess,4,8,79.0,0,0.0,0.0,154.0,10.0,4.0,0.9073519,0,0.512987,0.21052632,0.39793283,0.59434247,,,,,,,,,,,,,,,,,,,,,,,,,
2017,POST,18,00-0024389,De.Walker,TE,TE,TEN,8416,ccce5e8e-52ca-4f0f-a40f-fe5e7227d156,9172.0,3120.0,284.0,delaniewalker/2495966,9761.0,7924.0,4353.0,1109396.0,WalkHu00,,4888.0,3976.0,,7924.0,218943.0,7175.0,,Delanie Walker,delanie walker,6,8,74.0,0,0.0,0.0,72.0,36.0,4.0,-0.339273,0,1.0277778,0.26666668,0.26181817,0.58327276,Delanie Walker,TEN,6.11,4.057829310373571,9.90625,26.107725251194204,75.0,74.0,0.0,5.964999999999999,6.174047581127411,-0.20904758112741195,00-0024389,Delanie,Walker,D.Walker,,,,,,,,,
2017,POST,18,00-0030506,T.Kelce,TE,TE,KC,11244,c3859e06-5f23-4302-a71b-04820a899d5f,11594.0,7844.0,1466.0,traviskelce/2540258,15847.0,26686.0,,1725130.0,KelcTr00,travis-kelce-1,8783.0,8411.0,264.0,26686.0,448240.0,15048.0,448240.0,Travis Kelce,travis kelce,4,4,66.0,1,0.0,0.0,48.0,18.0,3.0,6.719081,0,1.375,0.125,0.20689656,0.33232757,,,,,,,,,,,,,,,,,,,,,,,,,
2017,POST,18,00-0030216,J.Hill,TE,TE,NO,11529,687cdc33-bd0d-4b70-adb3-33f97dc26a3c,13565.0,8200.0,1777.0,joshhill/2541834,16143.0,26950.0,,2060083.0,HillJo02,,9071.0,8764.0,,26950.0,469509.0,15866.0,,Josh Hill,josh hill,3,4,49.0,1,0.0,0.0,37.0,14.0,3.0,2.767529,0,1.3243244,0.13333334,0.09762533,0.26833773,,,,,,,,,,,,,,,,,,,,,,,,,
2017,POST,18,00-0030155,D.Harris,TE,TE,KC,11448,8506c15c-15cc-4d2c-aebf-270c605fe0ec,11881.0,8524.0,1619.0,demetriusharris/2541187,16318.0,27174.0,,2060074.0,HarrDe03,,9847.0,8683.0,,27174.0,602269.0,15305.0,602269.0,Demetrius Harris,demetrius harris,2,3,22.0,0,0.0,0.0,16.0,10.0,2.0,1.6545178,0,1.375,0.09375,0.06896552,0.18890086,,,,,,,,,,,,,,,,,,,,,,,,,
2017,POST,18,00-0032117,N.O'Leary,TE,TE,BUF,12207,c257b2e6-dfc9-45c8-b30c-a497f2ce82a2,13957.0,9627.0,2495.0,,2576804.0,28582.0,,1860760.0,OLeaNi00,nick-oleary-1,10250.0,10568.0,,28582.0,605423.0,16954.0,,Nick O'Leary,nick oleary,2,6,22.0,0,0.0,0.0,40.0,25.0,2.0,-0.244569,0,0.55,0.17142858,0.17467248,0.3794136,Nick O'Leary,BUF,3.5059999999999993,3.682926057743098,6.496666666666666,15.748858631974466,33.33333333333333,22.0,0.0,12.120000000000001,11.327934804729011,0.7920651952709896,00-0032117,Nicklaus,O'Leary,N.O'Leary,,,,,,,,,
2017,POST,18,00-0024243,M.Lewis,TE,TE,JAX,8269,9c21e9af-681c-41ef-9b00-fbc9e1668ed1,9413.0,2973.0,111.0,marcedeslewis/2495888,9614.0,7777.0,4007.0,415313.0,LewiMa00,marcedes-lewis-1,4891.0,3615.0,,7777.0,214197.0,3061.0,214197.0,Marcedes Lewis,marcedes lewis,3,3,17.0,0,0.0,0.0,8.0,9.0,1.0,-0.18764035,0,2.125,0.13636364,0.09876543,0.27368125,,,,,,,,,,,,,,,,,,,,,,,,,
2017,POST,18,00-0028112,C.Clay,TE,TE,BUF,10409,04ca4fb9-194e-47fe-8fc8-adb5790a8e78,10003.0,6326.0,801.0,charlesclay/2495139,14145.0,24961.0,,1265552.0,ClayCh00,charles-clay-1,7424.0,6681.0,,24961.0,400516.0,12751.0,,Charles Clay,charles clay,3,5,15.0,0,0.0,0.0,24.0,8.0,1.0,-0.83885145,0,0.625,0.14285715,0.104803495,0.28764817,Charles Clay,BUF,6.216,3.339432050823279,4.696000000000003,9.486485394529522,60.0,15.0,0.0,3.2366666666666624,4.784558657753536,-1.5478919910868734,00-0028112,Charles,Clay,C.Clay,,,,,,,,,
2017,POST,18,00-0032392,A.Hooper,TE,TE,ATL,12677,90c2a93f-d837-4e1b-b57c-56648903a8db,15581.0,10715.0,3202.0,,3043275.0,29315.0,,2067004.0,HoopAu00,austin-hooper-1,10748.0,11301.0,384.0,29315.0,739424.0,17963.0,739424.0,Austin Hooper,austin hooper,3,5,15.0,0,0.0,0.0,22.0,3.0,2.0,0.67671293,0,0.6818182,0.1724138,0.19642857,0.3961207,Austin Hooper,ATL,5.505000000000001,1.9012987526550695,5.866,20.040997608472843,60.0,15.0,0.0,0.673333333333332,1.2823731956035924,-0.6090398622702604,00-0032392,Austin,Hooper,A.Hooper,,,,,,,,,
2017,POST,18,00-0033858,J.Smith,TE,TE,TEN,13193,e4f25a37-74de-4bfb-b6c9-f50a4fab0b87,16460.0,11855.0,4144.0,,3054212.0,30213.0,,2081506.0,SmitJo01,jonnu-smith-1,11807.0,12344.0,84.0,30213.0,743749.0,18990.0,743749.0,Jonnu Smith,jonnu smith,2,4,15.0,0,0.0,0.0,17.0,8.0,1.0,0.2098001,0,0.88235295,0.13333334,0.061818182,0.24327272,,,,,,,,,,,,,,,,,,,,,,,,,
2017,POST,18,00-0033110,T.Higbee,TE,TE,LA,12678,0df7912d-9e81-47ea-b4f7-d04986df4ee8,15623.0,10744.0,3271.0,,2573401.0,29344.0,,1853103.0,HigbTy00,tyler-higbee-1,10854.0,11430.0,159.0,29344.0,604176.0,18032.0,604176.0,Tyler Higbee,tyler higbee,1,2,11.0,0,0.0,0.0,8.0,8.0,0.0,-1.851044,0,1.375,0.044444446,0.019323671,0.08019324,,,,,,,,,,,,,,,,,,,,,,,,,
2017,POST,18,00-0031260,L.Thomas,TE,TE,BUF,11647,b24625a0-d402-4d59-a778-aa4b073bfe5e,12095.0,8755.0,2251.0,loganthomas/2543767,16813.0,27648.0,,1691193.0,ThomLo00,logan-thomas-1,9323.0,9354.0,,27648.0,507528.0,16656.0,507528.0,Logan Thomas,logan thomas,1,2,5.0,0,0.0,0.0,13.0,0.0,0.0,-4.901598,0,0.3846154,0.057142857,0.05676856,0.12545228,,,,,,,,,,,,,,,,,,,,,,,,,
2017,POST,18,00-0033895,G.Everett,TE,TE,LA,13236,ebeceb00-57e0-4b74-9cf7-853da2afed18,16459.0,11799.0,4089.0,,3918639.0,30157.0,,2142692.0,EverGe00,gerald-everett-1,11737.0,12284.0,55.0,30157.0,838487.0,18935.0,838487.0,Gerald Everett,gerald everett,1,2,4.0,0,0.0,0.0,13.0,0.0,0.0,-0.37897488,0,0.30769232,0.044444446,0.031400967,0.08864734,,,,,,,,,,,,,,,,,,,,,,,,,
2017,POST,18,00-0027675,E.Dickson,TE,TE,CAR,9912,46bb9a85-523c-4530-95c3-2c2a9737e65f,9706.0,5595.0,701.0,eddickson/497224,13272.0,24045.0,6604.0,565631.0,DickEd00,ed-dickson-1,6530.0,5840.0,,24045.0,296060.0,12153.0,,Ed Dickson,ed dickson,1,2,3.0,0,0.0,0.0,8.0,1.0,0.0,-1.2927302,0,0.375,0.05263158,0.020671835,0.09341765,,,,,,,,,,,,,,,,,,,,,,,,,
2017,POST,18,00-0032139,B.Koyack,TE,TE,JAX,12209,666e3121-3daa-4413-b1ec-8e728f7cc645,13958.0,9662.0,2528.0,benkoyack/2552396,2579846.0,28617.0,,1893200.0,KoyaBe00,ben-koyack-1,10254.0,10601.0,,28617.0,610943.0,16988.0,,Ben Koyack,ben koyack,1,1,1.0,1,0.0,0.0,1.0,0.0,1.0,2.4996986,0,1.0,0.045454547,0.012345679,0.07682379,,,,,,,,,,,,,,,,,,,,,,,,,
2017,POST,18,00-0029414,O.Charles,TE,TE,KC,10747,b6325c85-c313-4cfb-a299-9884d5e9e389,11224.0,7116.0,1065.0,orsoncharles/2533047,14902.0,25826.0,,1707633.0,CharOr00,orson-charles-1,8042.0,7457.0,,25826.0,512099.0,13861.0,,Orson Charles,orson charles,0,1,0.0,0,0.0,0.0,9.0,0.0,0.0,-1.8150368,0,0.0,0.03125,0.038793102,0.074030176,,,,,,,,,,,,,,,,,,,,,,,,,
2017,POST,19,00-0030470,V.McDonald,TE,TE,PIT,11257,8f24a248-b328-43ec-8677-67600e42a8f7,11699.0,7836.0,1587.0,vancemcdonald/2540215,15853.0,26678.0,,1673357.0,McDoVa00,vance-mcdonald-1,8785.0,8413.0,,26678.0,494969.0,15239.0,,Vance McDonald,vance mcdonald,10,16,112.0,0,0.0,0.0,49.0,98.0,8.0,2.128589,0,2.2857144,0.28070176,0.11448598,0.5011928,Vance McDonald,PIT,6.408333333333332,3.501130544709487,3.001250000000001,10.897043138856748,62.5,112.0,0.0,9.878999999999998,7.4794290607951295,2.3995709392048683,00-0030470,Vance,McDonald,V.McDonald,,,,,,,,,
2017,POST,19,00-0027656,R.Gronkowski,TE,TE,NE,9902,2142a164-48ad-47d6-bb27-0bc58c6b2e62,9721.0,5567.0,515.0,robgronkowski/497240,13229.0,24017.0,,1244303.0,GronRo00,rob-gronkowski-1,6443.0,5729.0,,24017.0,381091.0,10974.0,381091.0,Rob Gronkowski,rob gronkowski,6,9,81.0,1,0.0,0.0,91.0,20.0,6.0,4.9863834,0,0.8901099,0.16981132,0.25706214,0.4346605,Rob Gronkowski,NE,3.6687499999999993,1.5130761249944973,10.335555555555555,25.515690147026547,66.66666666666666,81.0,1.0,3.5966666666666676,2.709444162116976,0.8872225045496918,00-0027656,Robert,Gronkowski,R.Gronkowski,,,,,,,,,
2017,POST,19,00-0024389,De.Walker,TE,TE,TEN,8416,ccce5e8e-52ca-4f0f-a40f-fe5e7227d156,9172.0,3120.0,284.0,delaniewalker/2495966,9761.0,7924.0,4353.0,1109396.0,WalkHu00,,4888.0,3976.0,,7924.0,218943.0,7175.0,,Delanie Walker,delanie walker,4,7,59.0,0,0.0,0.0,60.0,27.0,1.0,0.6452616,0,0.98333335,0.18421052,0.14084508,0.37490734,Delanie Walker,TEN,6.644,3.532646047171994,8.743333333333332,12.620892075253815,50.0,49.0,0.0,7.850000000000001,5.390458632919338,2.4595413670806634,00-0024389,Delanie,Walker,D.Walker,,,,,,,,,
2017,POST,19,00-0030216,J.Hill,TE,TE,NO,11529,687cdc33-bd0d-4b70-adb3-33f97dc26a3c,13565.0,8200.0,1777.0,joshhill/2541834,16143.0,26950.0,,2060083.0,HillJo02,,9071.0,8764.0,,26950.0,469509.0,15866.0,,Josh Hill,josh hill,3,6,54.0,0,0.0,0.0,41.0,28.0,3.0,1.4969741,0,1.3170732,0.14634146,0.11614731,0.3008153,Josh Hill,NO,5.945,2.5070135287659148,6.213333333333332,11.07217107217107,50.0,54.0,0.0,10.406666666666666,12.448221429734835,-2.0415547630681683,00-0030216,Josh,Hill,J.Hill,,,,,,,,,
2017,POST,19,00-0030061,Z.Ertz,TE,TE,PHI,11247,de3421f7-2147-4835-89a5-724e87bad463,11689.0,7816.0,1339.0,zachertz/2540158,15835.0,26658.0,,1685963.0,ErtzZa00,zach-ertz-1,8781.0,8409.0,305.0,26658.0,503177.0,14856.0,503177.0,Zach Ertz,zach ertz,3,5,32.0,0,0.0,0.0,18.0,14.0,2.0,2.0611634,0,1.7777778,0.16666667,0.12,0.334,Zach Ertz,PHI,3.7499999999999996,2.07407935855439,4.337999999999999,16.247191011235955,60.0,32.0,0.0,4.589999999999999,5.430745541172308,-0.8407455411723088,00-0030061,Zachary,Ertz,Z.Ertz,,,,,,,,,
2017,POST,19,00-0027981,K.Rudolph,TE,TE,MIN,10312,1059e9dc-97df-4643-9116-883a0573d8b1,9906.0,6195.0,943.0,kylerudolph/2495438,14054.0,24830.0,7444.0,1633122.0,RudoKy00,kyle-rudolph-1,7246.0,6459.0,,24830.0,469472.0,13275.0,469472.0,Kyle Rudolph,kyle rudolph,5,8,28.0,0,0.0,0.0,46.0,11.0,1.0,-3.028948,0,0.6086956,0.2,0.13256484,0.39279538,Kyle Rudolph,MIN,6.68625,2.2334018631938983,6.89875,15.461116091438818,62.5,28.0,0.0,2.6140000000000017,3.249331991796711,-0.6353319917967095,00-0027981,Kyle,Rudolph,K.Rudolph,,,,,,,,,
2017,POST,19,00-0032139,B.Koyack,TE,TE,JAX,12209,666e3121-3daa-4413-b1ec-8e728f7cc645,13958.0,9662.0,2528.0,benkoyack/2552396,2579846.0,28617.0,,1893200.0,KoyaBe00,ben-koyack-1,10254.0,10601.0,,28617.0,610943.0,16988.0,,Ben Koyack,ben koyack,1,1,21.0,0,0.0,0.0,1.0,20.0,1.0,1.8428824,0,21.0,0.04,0.0037593986,0.06263158,,,,,,,,,,,,,,,,,,,,,,,,,
2017,POST,19,00-0031951,J.O'Shaughnessy,TE,TE,JAX,12330,e5c6b0d4-3e77-422b-a6d8-574a10ed385e,14146.0,9606.0,2476.0,,2508079.0,28561.0,,2174148.0,O'ShJa00,,10249.0,10549.0,,28561.0,552352.0,16933.0,552352.0,James O'Shaughnessy,james oshaughnessy,1,2,19.0,0,0.0,0.0,9.0,17.0,1.0,0.8130761,0,2.1111112,0.08,0.033834588,0.14368421,,,,,,,,,,,,,,,,,,,,,,,,,
2017,POST,19,00-0030443,L.Toilolo,TE,TE,ATL,11252,67d56171-7522-430c-b7d9-8f7e2b6624d3,11694.0,7915.0,1642.0,levinetoilolo/2540203,15980.0,26756.0,,1685990.0,ToilLe00,levine-toilolo-1,8789.0,8414.0,,26756.0,503205.0,15378.0,503205.0,Levine Toilolo,levine toilolo,1,2,12.0,0,0.0,0.0,4.0,8.0,1.0,0.23370576,0,3.0,0.055555556,0.013559322,0.09282486,,,,,,,,,,,,,,,,,,,,,,,,,
2017,POST,19,00-0032135,J.James,TE,TE,PIT,12211,a37a5bfd-b48c-4d8b-817a-d8ce7ca3592d,13959.0,9593.0,2463.0,jessejames/2552633,2979590.0,28548.0,,1983808.0,JameJe00,jesse-james-1,10150.0,10403.0,,28548.0,652019.0,16920.0,652019.0,Jesse James,jesse james,1,1,12.0,0,0.0,0.0,2.0,10.0,1.0,0.6434934,0,6.0,0.01754386,0.004672897,0.029586818,,,,,,,,,,,,,,,,,,,,,,,,,
2017,POST,19,00-0025549,B.Celek,TE,TE,PHI,8838,645a8bf9-2079-4df4-904a-3d8f08438b85,9070.0,3778.0,221.0,brentcelek/2507218,10605.0,8416.0,4697.0,408126.0,CeleBr00,brent-celek-1,5403.0,4269.0,,8416.0,229510.0,5511.0,,Brent Celek,brent celek,1,1,6.0,0,0.0,0.0,5.0,1.0,0.0,0.23366015,0,1.2,0.033333335,0.033333335,0.07333333,,,,,,,,,,,,,,,,,,,,,,,,,
2017,POST,19,00-0033858,J.Smith,TE,TE,TEN,13193,e4f25a37-74de-4bfb-b6c9-f50a4fab0b87,16460.0,11855.0,4144.0,,3054212.0,30213.0,,2081506.0,SmitJo01,jonnu-smith-1,11807.0,12344.0,84.0,30213.0,743749.0,18990.0,743749.0,Jonnu Smith,jonnu smith,1,1,4.0,0,0.0,0.0,3.0,1.0,0.0,0.010367068,0,1.3333334,0.02631579,0.0070422534,0.044403262,,,,,,,,,,,,,,,,,,,,,,,,,
2017,POST,19,00-0032392,A.Hooper,TE,TE,ATL,12677,90c2a93f-d837-4e1b-b57c-56648903a8db,15581.0,10715.0,3202.0,,3043275.0,29315.0,,2067004.0,HoopAu00,austin-hooper-1,10748.0,11301.0,384.0,29315.0,739424.0,17963.0,739424.0,Austin Hooper,austin hooper,1,1,3.0,0,0.0,0.0,3.0,0.0,0.0,-0.2579621,0,1.0,0.027777778,0.010169491,0.04878531,,,,,,,,,,,,,,,,,,,,,,,,,
2017,POST,19,00-0024243,M.Lewis,TE,TE,JAX,8269,9c21e9af-681c-41ef-9b00-fbc9e1668ed1,9413.0,2973.0,111.0,marcedeslewis/2495888,9614.0,7777.0,4007.0,415313.0,LewiMa00,marcedes-lewis-1,4891.0,3615.0,,7777.0,214197.0,3061.0,214197.0,Marcedes Lewis,marcedes lewis,0,1,0.0,0,0.0,0.0,15.0,0.0,0.0,-1.5081725,0,0.0,0.04,0.05639098,0.099473685,,,,,,,,,,,,,,,,,,,,,,,,,
2017,POST,19,00-0030710,T.Burton,TE,TE,PHI,11705,bc0f07a4-3e7b-4e61-987a-05533dc225be,12153.0,9185.0,1793.0,treyburton/2550284,16974.0,27789.0,,2130223.0,BurtTr01,,9490.0,9737.0,,27789.0,542788.0,15965.0,,Trey Burton,trey burton,0,1,0.0,0,0.0,0.0,22.0,0.0,0.0,-1.2294469,0,0.0,0.033333335,0.14666666,0.15266667,,,,,,,,,,,,,,,,,,,,,,,,,
2017,POST,19,00-0031035,X.Grimble,TE,TE,PIT,11701,c9557ff2-899f-41e3-8a0e-35ca874db9b2,12149.0,9092.0,2082.0,xaviergrimble/2550521,17348.0,28184.0,,2130777.0,,,9283.0,9614.0,,28184.0,555680.0,16395.0,,Xavier Grimble,xavier grimble,0,1,0.0,0,0.0,0.0,4.0,0.0,0.0,-0.8324998,0,0.0,0.01754386,0.009345794,0.032857846,,,,,,,,,,,,,,,,,,,,,,,,,
2017,POST,19,00-0033387,J.Hollister,TE,TE,NE,13391,ad2a1d03-020b-487a-bd5f-7ca9fbc250fe,16527.0,12051.0,4421.0,,3125404.0,30661.0,,2818962.0,HollJa03,,12271.0,12491.0,,30661.0,696882.0,19281.0,696882.0,Jacob Hollister,jacob hollister,1,1,0.0,0,0.0,0.0,-7.0,7.0,0.0,-0.7290148,0,0.0,0.018867925,-0.01977401,0.014460078,,,,,,,,,,,,,,,,,,,,,,,,,
2017,POST,20,00-0030061,Z.Ertz,TE,TE,PHI,11247,de3421f7-2147-4835-89a5-724e87bad463,11689.0,7816.0,1339.0,zachertz/2540158,15835.0,26658.0,,1685963.0,ErtzZa00,zach-ertz-1,8781.0,8409.0,305.0,26658.0,503177.0,14856.0,503177.0,Zach Ertz,zach ertz,8,8,93.0,0,0.0,0.0,52.0,41.0,5.0,7.2067327,0,1.7884616,0.25,0.15757576,0.48530304,Zach Ertz,PHI,6.4775,3.796023660469327,5.6487500000000015,15.103104842752588,100.0,93.0,0.0,5.9762499999999985,5.367114129193823,0.6091358708061758,00-0030061,Zachary,Ertz,Z.Ertz,,,,,,,,,
2017,POST,20,00-0027981,K.Rudolph,TE,TE,MIN,10312,1059e9dc-97df-4643-9116-883a0573d8b1,9906.0,6195.0,943.0,kylerudolph/2495438,14054.0,24830.0,7444.0,1633122.0,RudoKy00,kyle-rudolph-1,7246.0,6459.0,,24830.0,469472.0,13275.0,469472.0,Kyle Rudolph,kyle rudolph,1,4,25.0,1,0.0,0.0,44.0,0.0,1.0,0.992217,0,0.5681818,0.08695652,0.18565401,0.26039258,,,,,,,,,,,,,,,,,,,,,,,,,
2017,POST,20,00-0027656,R.Gronkowski,TE,TE,NE,9902,2142a164-48ad-47d6-bb27-0bc58c6b2e62,9721.0,5567.0,515.0,robgronkowski/497240,13229.0,24017.0,,1244303.0,GronRo00,rob-gronkowski-1,6443.0,5729.0,,24017.0,381091.0,10974.0,381091.0,Rob Gronkowski,rob gronkowski,1,3,21.0,0,0.0,0.0,55.0,3.0,1.0,0.9244053,0,0.38181818,0.07692308,0.1276102,0.20471177,,,,,,,,,,,,,,,,,,,,,,,,,
2017,POST,20,00-0030710,T.Burton,TE,TE,PHI,11705,bc0f07a4-3e7b-4e61-987a-05533dc225be,12153.0,9185.0,1793.0,treyburton/2550284,16974.0,27789.0,,2130223.0,BurtTr01,,9490.0,9737.0,,27789.0,542788.0,15965.0,,Trey Burton,trey burton,1,2,12.0,0,0.0,0.0,23.0,5.0,1.0,-0.19728796,0,0.5217391,0.0625,0.06969697,0.14253788,,,,,,,,,,,,,,,,,,,,,,,,,
2017,POST,20,00-0024243,M.Lewis,TE,TE,JAX,8269,9c21e9af-681c-41ef-9b00-fbc9e1668ed1,9413.0,2973.0,111.0,marcedeslewis/2495888,9614.0,7777.0,4007.0,415313.0,LewiMa00,marcedes-lewis-1,4891.0,3615.0,,7777.0,214197.0,3061.0,214197.0,Marcedes Lewis,marcedes lewis,1,3,4.0,1,0.0,0.0,18.0,0.0,1.0,-0.93426627,0,0.22222222,0.083333336,0.056074765,0.16425234,,,,,,,,,,,,,,,,,,,,,,,,,
2017,POST,20,00-0031951,J.O'Shaughnessy,TE,TE,JAX,12330,e5c6b0d4-3e77-422b-a6d8-574a10ed385e,14146.0,9606.0,2476.0,,2508079.0,28561.0,,2174148.0,O'ShJa00,,10249.0,10549.0,,28561.0,552352.0,16933.0,552352.0,James O'Shaughnessy,james oshaughnessy,1,1,4.0,0,0.0,0.0,4.0,0.0,0.0,-1.2702912,0,1.0,0.027777778,0.012461059,0.05038941,,,,,,,,,,,,,,,,,,,,,,,,,
2017,POST,20,00-0025549,B.Celek,TE,TE,PHI,8838,645a8bf9-2079-4df4-904a-3d8f08438b85,9070.0,3778.0,221.0,brentcelek/2507218,10605.0,8416.0,4697.0,408126.0,CeleBr00,brent-celek-1,5403.0,4269.0,,8416.0,229510.0,5511.0,,Brent Celek,brent celek,0,1,0.0,0,0.0,0.0,7.0,0.0,0.0,-0.80312043,0,0.0,0.03125,0.021212121,0.061723486,,,,,,,,,,,,,,,,,,,,,,,,,
2017,POST,20,00-0032139,B.Koyack,TE,TE,JAX,12209,666e3121-3daa-4413-b1ec-8e728f7cc645,13958.0,9662.0,2528.0,benkoyack/2552396,2579846.0,28617.0,,1893200.0,KoyaBe00,ben-koyack-1,10254.0,10601.0,,28617.0,610943.0,16988.0,,Ben Koyack,ben koyack,0,1,0.0,0,0.0,0.0,2.0,0.0,0.0,-0.38992977,0,0.0,0.027777778,0.0062305294,0.046028037,,,,,,,,,,,,,,,,,,,,,,,,,
2017,POST,21,00-0027656,R.Gronkowski,TE,TE,NE,9902,2142a164-48ad-47d6-bb27-0bc58c6b2e62,9721.0,5567.0,515.0,robgronkowski/497240,13229.0,24017.0,,1244303.0,GronRo00,rob-gronkowski-1,6443.0,5729.0,,24017.0,381091.0,10974.0,381091.0,Rob Gronkowski,rob gronkowski,9,15,116.0,2,0.0,0.0,183.0,48.0,8.0,3.7295177,0,0.6338798,0.31914893,0.32737032,0.70788264,,,,,,,,,,,,,,,,,,,,,,,,,
2017,POST,21,00-0030061,Z.Ertz,TE,TE,PHI,11247,de3421f7-2147-4835-89a5-724e87bad463,11689.0,7816.0,1339.0,zachertz/2540158,15835.0,26658.0,,1685963.0,ErtzZa00,zach-ertz-1,8781.0,8409.0,305.0,26658.0,503177.0,14856.0,503177.0,Zach Ertz,zach ertz,7,9,67.0,1,0.0,0.0,76.0,22.0,5.0,9.154471,0,0.8815789,0.20454545,0.1800948,0.43288454,,,,,,,,,,,,,,,,,,,,,,,,,
2017,POST,21,00-0030710,T.Burton,TE,TE,PHI,11705,bc0f07a4-3e7b-4e61-987a-05533dc225be,12153.0,9185.0,1793.0,treyburton/2550284,16974.0,27789.0,,2130223.0,BurtTr01,,9490.0,9737.0,,27789.0,542788.0,15965.0,,Trey Burton,trey burton,0,1,0.0,0,0.0,0.0,22.0,0.0,0.0,-0.58283097,0,0.0,0.022727273,0.0521327,0.0705838,,,,,,,,,,,,,,,,,,,,,,,,,
2018,REG,1,00-0027061,J.Cook,TE,TE,LV,9474,3b7a1409-d154-4e5c-8c94-9d4a0e0993c7,9265.0,5012.0,367.0,jaredcook/71265,12537.0,9353.0,6126.0,584314.0,CookJa02,jared-cook-2,5981.0,5165.0,,9353.0,296480.0,8534.0,296480.0,Jared Cook,jared cook,9,12,180.0,0,0.0,0.0,103.0,106.0,7.0,-0.59290564,0,1.7475728,0.31578946,0.5255102,0.84154135,Jared Cook,LV,4.118888888888889,3.076311310003477,7.838333333333334,46.4104208812355,75.0,180.0,0.0,12.656666666666666,6.40733163171568,6.249335034950986,00-0027061,Jared,Cook,J.Cook,REG,OAK,LA,Jared Cook,CookJa02,1.0,0.0,0.0,77.1
2018,REG,1,00-0027656,R.Gronkowski,TE,TE,NE,9902,2142a164-48ad-47d6-bb27-0bc58c6b2e62,9721.0,5567.0,515.0,robgronkowski/497240,13229.0,24017.0,,1244303.0,GronRo00,rob-gronkowski-1,6443.0,5729.0,,24017.0,381091.0,10974.0,381091.0,Rob Gronkowski,rob gronkowski,7,8,123.0,1,1.0,1.0,107.0,21.0,5.0,6.6099815,0,1.1495327,0.20512821,0.334375,0.5417548,Rob Gronkowski,NE,7.634285714285714,2.280832806164137,12.04,29.93721638590166,87.5,123.0,1.0,4.130000000000002,4.021510851293767,0.1084891487062345,00-0027656,Robert,Gronkowski,R.Gronkowski,REG,NE,HOU,Rob Gronkowski,GronRo00,0.0,0.0,0.0,158.3
2018,REG,1,00-0034159,W.Dissly,TE,TE,SEA,13763,383f4814-6836-4766-a297-fc063e8509cc,18049.0,30762.0,5010.0,,3127292.0,31090.0,,2139628.0,DissWi00,will-dissly-1,12986.0,13246.0,86.0,31090.0,837806.0,19950.0,837806.0,Will Dissly,will dissly,3,5,105.0,1,0.0,0.0,82.0,66.0,3.0,7.470328,0,1.2804878,0.15151516,0.24332345,0.39759913,Will Dissly,SEA,4.97,2.3734362502356183,17.059999999999995,25.5167668790571,60.0,105.0,1.0,22.22666666666667,5.40974127833518,16.81692538833149,00-0034159,Will,Dissly,W.Dissly,REG,SEA,DEN,Will Dissly,DissWi00,2.0,0.0,0.0,143.7
2018,REG,1,00-0033288,G.Kittle,TE,TE,SF,13299,2ada91b0-036e-454f-83c3-6d939ff584a9,16499.0,11901.0,4217.0,,3040151.0,30259.0,,2818265.0,KittGe00,george-kittle-1,11892.0,12276.0,298.0,30259.0,733672.0,19063.0,733672.0,George Kittle,george kittle,5,9,90.0,0,0.0,0.0,108.0,67.0,4.0,2.3394842,0,0.8333333,0.28125,0.3139535,0.64164245,George Kittle,SF,4.6414285714285715,3.686239917285463,11.619999999999997,30.193146057683972,55.55555555555556,90.0,0.0,13.360000000000003,12.186709460238353,1.1732905397616502,00-0033288,George,Kittle,G.Kittle,REG,SF,MIN,George Kittle,KittGe00,0.0,1.0,0.111,90.0
2018,REG,1,00-0030181,J.Doyle,TE,TE,IND,11516,bd413539-9351-454e-9d61-4e8635d7e9f5,11987.0,8520.0,1706.0,jackdoyle/2540232,16504.0,27299.0,,2041264.0,DoylJa00,,9081.0,9075.0,,27299.0,477386.0,15602.0,477386.0,Jack Doyle,jack doyle,7,10,60.0,0,1.0,1.0,59.0,15.0,2.0,-11.68181,0,1.0169492,0.1923077,0.20774648,0.43388408,Jack Doyle,IND,6.861666666666667,3.1281302328863334,5.688000000000001,19.707573972697666,70.0,60.0,0.0,2.4871428571428558,2.341342272571897,0.14580058457095868,00-0030181,John,Doyle,J.Doyle,REG,IND,CIN,Jack Doyle,DoylJa00,0.0,0.0,0.0,45.8
2018,REG,1,00-0032135,J.James,TE,TE,PIT,12211,a37a5bfd-b48c-4d8b-817a-d8ce7ca3592d,13959.0,9593.0,2463.0,jessejames/2552633,2979590.0,28548.0,,1983808.0,JameJe00,jesse-james-1,10150.0,10403.0,,28548.0,652019.0,16920.0,652019.0,Jesse James,jesse james,3,5,60.0,0,0.0,0.0,51.0,29.0,3.0,0.13293414,0,1.1764706,0.12195122,0.13350785,0.27638233,Jesse James,PIT,4.56,4.127064462131678,8.301999999999998,12.525648762824376,60.0,60.0,0.0,10.563333333333334,8.665386802288898,1.8979465310444361,00-0032135,Jesse,James,J.James,REG,PIT,CLE,Jesse James,JameJe00,0.0,1.0,0.2,62.5
2018,REG,1,00-0033879,O.Howard,TE,TE,TB,13188,93ed8c6f-b676-46d3-bf82-6155e89b4a68,16380.0,11774.0,4055.0,,3043080.0,30132.0,,2061190.0,HowaO.00,oj-howard-1,11806.0,12161.0,,30132.0,732147.0,18901.0,732147.0,O.J. Howard,oj howard,2,2,54.0,0,0.0,0.0,36.0,18.0,2.0,4.650595,0,1.5,0.071428575,0.10557185,0.18104315,,,,,,,,,,,,,,,,,REG,TB,NO,O.J. Howard,HowaO.00,0.0,0.0,0.0,118.7
2018,REG,1,00-0024389,De.Walker,TE,TE,TEN,8416,ccce5e8e-52ca-4f0f-a40f-fe5e7227d156,9172.0,3120.0,284.0,delaniewalker/2495966,9761.0,7924.0,4353.0,1109396.0,WalkHu00,,4888.0,3976.0,,7924.0,218943.0,7175.0,,Delanie Walker,delanie walker,4,7,52.0,0,0.0,0.0,46.0,20.0,4.0,-4.934593,0,1.1304348,0.18421052,0.17760618,0.4006401,Delanie Walker,TEN,8.347142857142858,2.3021132596596803,7.067142857142857,20.937910018199517,57.14285714285714,52.0,0.0,4.922499999999999,3.2056250560033277,1.7168749439966717,00-0024389,Delanie,Walker,D.Walker,REG,TEN,MIA,Delanie Walker,WalkHu00,0.0,0.0,0.0,41.1
2018,REG,1,00-0031387,E.Ebron,TE,TE,IND,11695,9fbcfae9-dd14-415c-8952-9b1b5dff0dfc,12143.0,8645.0,2118.0,ericebron/2543466,16732.0,27538.0,,1865396.0,EbroEr00,eric-ebron-1,9210.0,9390.0,,27538.0,605752.0,16451.0,605752.0,Eric Ebron,eric ebron,4,5,51.0,1,0.0,0.0,50.0,10.0,2.0,3.2539804,0,1.02,0.09615385,0.17605634,0.2674702,Eric Ebron,IND,5.244000000000001,3.034944647521159,10.441999999999998,18.089529485136165,80.0,51.0,1.0,2.585,3.262281357164511,-0.6772813571645111,00-0031387,Eric,Ebron,E.Ebron,REG,IND,CIN,Eric Ebron,EbroEr00,0.0,0.0,0.0,148.7
2018,REG,1,00-0030061,Z.Ertz,TE,TE,PHI,11247,de3421f7-2147-4835-89a5-724e87bad463,11689.0,7816.0,1339.0,zachertz/2540158,15835.0,26658.0,,1685963.0,ErtzZa00,zach-ertz-1,8781.0,8409.0,305.0,26658.0,503177.0,14856.0,503177.0,Zach Ertz,zach ertz,5,10,48.0,0,0.0,0.0,78.0,16.0,1.0,-1.0644859,0,0.61538464,0.2857143,0.2736842,0.6201504,Zach Ertz,PHI,6.1137500000000005,3.4091431291115297,7.63,26.832184554789702,50.0,48.0,0.0,3.404000000000001,2.698350559491291,0.7056494405087097,00-0030061,Zachary,Ertz,Z.Ertz,REG,PHI,ATL,Zach Ertz,ErtzZa00,0.0,2.0,0.2,63.7
2018,REG,1,00-0030472,J.Reed,TE,TE,WAS,11248,c3bf8d3e-3b2e-4f9e-ad74-c0a684035f17,11690.0,7866.0,1500.0,jordanreed/2540160,15860.0,26708.0,,1691412.0,ReedJo02,jordan-reed-1,8615.0,8412.0,,26708.0,508876.0,15100.0,,Jordan Reed,jordan reed,4,5,48.0,1,0.0,0.0,28.0,25.0,3.0,5.911885,0,1.7142857,0.1724138,0.27450982,0.45077756,Jordan Reed,WAS,4.964,2.479651735215779,5.713999999999999,25.745697035234745,80.0,48.0,1.0,6.225000000000001,4.082100216796679,2.1428997832033225,00-0030472,Jordan,Reed,J.Reed,REG,WAS,ARI,Jordan Reed,ReedJo02,0.0,0.0,0.0,146.2
2018,REG,1,00-0022943,B.Watson,TE,TE,NO,7422,d81844de-54c3-42ee-9850-072dc4131b6f,9040.0,1753.0,663.0,benjaminwatson/2506122,5557.0,6791.0,,493107.0,WatsBe00,benjamin-watson-1,3872.0,48.0,,6791.0,246082.0,11756.0,,Ben Watson,ben watson,4,4,44.0,0,0.0,0.0,41.0,3.0,4.0,5.120501,0,1.0731708,0.09090909,0.1202346,0.22052786,,,,,,,,,,,,,,,,,REG,NO,TB,Ben Watson,WatsBe00,0.0,0.0,0.0,112.5
2018,REG,1,00-0030549,T.Eifert,TE,TE,CIN,11250,14ecf9dd-3a77-4847-8e62-407cd1182f1c,11692.0,7802.0,1388.0,tylereifert/2540148,15788.0,26644.0,,1691608.0,EifeTy00,tyler-eifert-1,8782.0,8408.0,,26644.0,508968.0,14918.0,,Tyler Eifert,tyler eifert,3,3,44.0,0,0.0,0.0,20.0,24.0,1.0,1.7899451,0,2.2,0.10714286,0.1438849,0.26143372,,,,,,,,,,,,,,,,,REG,CIN,IND,Tyler Eifert,EifeTy00,0.0,0.0,0.0,118.7
2018,REG,1,00-0032055,D.Funchess,TE,TE,CAR,12205,7f5f2a81-ac40-420c-9421-5b9e2a21faf8,13915.0,9474.0,2346.0,,2977609.0,28429.0,,2001877.0,FuncDe00,devin-funchess-1,10138.0,10391.0,,28429.0,696127.0,16802.0,696127.0,Devin Funchess,devin funchess,3,5,41.0,0,0.0,0.0,77.0,0.0,2.0,0.57763577,0,0.53246754,0.2,0.4967742,0.6477419,,,,,,,,,,,,,,,,,REG,CAR,DAL,Devin Funchess,FuncDe00,0.0,0.0,0.0,86.2
2018,REG,1,00-0031598,N.Boyle,TE,TE,BAL,12328,9480dd9f-151f-4e6d-b5a3-35f07bda4cac,13963.0,9604.0,2474.0,,2574591.0,28559.0,,1888149.0,BoylNi00,,10252.0,10547.0,,28559.0,608753.0,16931.0,608753.0,Nick Boyle,nick boyle,3,6,40.0,0,0.0,0.0,18.0,26.0,2.0,-0.24561074,0,2.2222223,0.16216215,0.07438017,0.29530936,Nick Boyle,BAL,5.413333333333334,3.4625553670672695,2.745000000000001,6.20689655172414,50.0,40.0,0.0,9.036666666666664,7.843138898292428,1.1935277683742358,00-0031598,Nicholas,Boyle,N.Boyle,REG,BAL,BUF,Nick Boyle,BoylNi00,0.0,1.0,0.167,71.5
2018,REG,1,00-0028042,L.Stocker,TE,TE,TEN,10354,5b712aed-201c-43dd-b978-b7b6ef91178e,9948.0,6256.0,963.0,lukestocker/2495234,14099.0,24891.0,7589.0,1125485.0,StocLu00,luke-stocker-1,7413.0,6552.0,,24891.0,334186.0,13370.0,334186.0,Luke Stocker,luke stocker,2,2,37.0,0,0.0,0.0,33.0,4.0,1.0,2.6824422,0,1.1212121,0.05263158,0.12741312,0.16813655,,,,,,,,,,,,,,,,,REG,TEN,MIA,Luke Stocker,StocLu00,0.0,0.0,0.0,118.7
2018,REG,1,00-0025418,G.Olsen,TE,TE,CAR,8687,587d0a98-7ec5-45a5-adba-8af26e8f256b,9238.0,3647.0,58.0,gregolsen/2495700,10475.0,8285.0,,502524.0,OlseGr00,greg-olsen-1,5206.0,4190.0,,8285.0,230925.0,1658.0,,Greg Olsen,greg olsen,2,2,33.0,0,0.0,0.0,25.0,8.0,1.0,3.1237285,0,1.32,0.08,0.16129032,0.23290323,,,,,,,,,,,,,,,,,REG,CAR,DAL,Greg Olsen,OlseGr00,0.0,0.0,0.0,118.7
2018,REG,1,00-0031558,M.Williams,TE,TE,BAL,12206,52f4a43a-64a9-4d69-a9e2-28bd60f68e49,13919.0,9488.0,2360.0,,2970726.0,28443.0,,1983769.0,WillMa04,maxx-williams-1,10128.0,10298.0,,28443.0,651658.0,16816.0,651658.0,Maxx Williams,maxx williams,3,3,32.0,0,0.0,0.0,16.0,16.0,1.0,2.7693532,0,2.0,0.08108108,0.0661157,0.16790262,,,,,,,,,,,,,,,,,REG,BAL,BUF,Maxx Williams,WillMa04,0.0,0.0,0.0,111.1
2018,REG,1,00-0034753,M.Andrews,TE,TE,BAL,13671,0618f387-9b72-4270-8b8f-dec4cccc9e4a,17269.0,47436.0,5012.0,,3116365.0,31056.0,,2131121.0,AndrMa00,mark-andrews-1,12559.0,13182.0,366.0,31056.0,820699.0,19803.0,820699.0,Mark Andrews,mark andrews,3,4,31.0,0,0.0,0.0,35.0,10.0,2.0,1.0545927,0,0.8857143,0.10810811,0.1446281,0.26340184,,,,,,,,,,,,,,,,,REG,BAL,BUF,Mark Andrews,AndrMa00,0.0,0.0,0.0,96.9
2018,REG,1,00-0033564,J.Butt,TE,TE,DEN,13190,6d49d4d1-a254-48de-9f6f-eeecac82ad88,16456.0,11900.0,4151.0,,3045225.0,30258.0,,2060719.0,ButtJa00,jake-butt-1,11888.0,12254.0,,30258.0,728230.0,18997.0,,Jake Butt,jake butt,2,4,29.0,0,0.0,0.0,44.0,18.0,2.0,-0.63309014,0,0.65909094,0.102564104,0.12021858,0.23799916,,,,,,,,,,,,,,,,,REG,DEN,SEA,Jake Butt,ButtJa00,0.0,0.0,0.0,34.4
2018,REG,1,00-0032120,N.Sterling,TE,TE,NYJ,12363,5e3b63cd-db76-48a8-82dd-7ccc8222f6ae,14116.0,9653.0,2519.0,nealsterling/2553451,2513770.0,28608.0,,2174212.0,SterNe00,,10493.0,10593.0,,28608.0,554911.0,16979.0,,Neal Sterling,neal sterling,3,3,27.0,0,0.0,0.0,5.0,22.0,1.0,2.6148722,0,5.4,0.15,0.0295858,0.24571006,,,,,,,,,,,,,,,,,REG,NYJ,DET,Neal Sterling,SterNe00,1.0,0.0,0.0,104.2
2018,REG,1,00-0034420,J.Thomas,TE,TE,HOU,13819,f993832a-f81f-4706-90b8-80fd193bdfd7,17399.0,42062.0,5117.0,,4035379.0,31181.0,,2249166.0,ThomJo05,jordan-thomas-6,12697.0,13309.0,,31181.0,922092.0,20020.0,922092.0,Jordan Thomas,jordan thomas,1,2,27.0,0,0.0,0.0,22.0,5.0,1.0,1.659014,0,1.2272727,0.05882353,0.05835544,0.1290841,,,,,,,,,,,,,,,,,REG,HOU,NE,Jordan Thomas,ThomJo05,0.0,0.0,0.0,95.8
2018,REG,1,00-0031418,A.Seferian-Jenkins,TE,TE,JAX,11697,e78261de-af00-4530-824c-500addbe9f98,12145.0,8673.0,2222.0,austinseferian-jenkins/2543683,16795.0,27566.0,,1824731.0,SefeAu00,austin-seferian-jenkins-1,9241.0,9400.0,,27566.0,593347.0,16608.0,,Austin Seferian-Jenkins,austin seferian-jenkins,3,5,25.0,0,0.0,0.0,13.0,20.0,1.0,-0.77663857,0,1.9230769,0.15151516,0.05652174,0.26683795,Austin Seferian-Jenkins,JAX,9.254999999999999,4.512751381287108,2.472,6.146501566462777,60.0,25.0,0.0,6.966666666666666,8.895623314918643,-1.9289566482519769,00-0031418,Austin,Seferian-Jenkins,A.Seferian-Jenkins,REG,JAX,NYG,Austin Seferian-Jenkins,SefeAu00,0.0,0.0,0.0,72.9
2018,REG,1,00-0031260,L.Thomas,TE,TE,BUF,11647,b24625a0-d402-4d59-a778-aa4b073bfe5e,12095.0,8755.0,2251.0,loganthomas/2543767,16813.0,27648.0,,1691193.0,ThomLo00,logan-thomas-1,9323.0,9354.0,,27648.0,507528.0,16656.0,507528.0,Logan Thomas,logan thomas,1,2,24.0,0,0.0,0.0,39.0,0.0,1.0,1.9967358,0,0.61538464,0.0625,0.11111111,0.17152777,,,,,,,,,,,,,,,,,REG,BUF,BAL,Logan Thomas,ThomLo00,0.0,0.0,0.0,93.7
2018,REG,1,00-0032392,A.Hooper,TE,TE,ATL,12677,90c2a93f-d837-4e1b-b57c-56648903a8db,15581.0,10715.0,3202.0,,3043275.0,29315.0,,2067004.0,HoopAu00,austin-hooper-1,10748.0,11301.0,384.0,29315.0,739424.0,17963.0,739424.0,Austin Hooper,austin hooper,3,4,24.0,0,0.0,0.0,23.0,4.0,0.0,-1.318318,0,1.0434783,0.102564104,0.06388889,0.19856837,,,,,,,,,,,,,,,,,REG,ATL,PHI,Austin Hooper,HoopAu00,0.0,0.0,0.0,89.6
2018,REG,1,00-0028142,V.Green,TE,TE,LAC,10432,6ef43c53-53d7-4b0f-ad99-17664d663ae8,10026.0,6356.0,868.0,virgilgreen/2495288,14085.0,24991.0,7502.0,1130615.0,GreeVi00,virgil-green-1,7416.0,6570.0,,24991.0,323254.0,13016.0,,Virgil Green,virgil green,2,2,21.0,0,0.0,0.0,17.0,4.0,1.0,1.7147506,0,1.2352941,0.04,0.035196688,0.08463768,,,,,,,,,,,,,,,,,REG,LAC,KC,Virgil Green,GreeVi00,0.0,0.0,0.0,110.4
2018,REG,1,00-0029119,D.Carrier,TE,TE,LV,10940,d3fab07b-f02a-433d-9612-cb0a751f324d,11417.0,7406.0,1718.0,derekcarrier/2534241,15403.0,26416.0,,1977121.0,CarrDe00,,9203.0,7527.0,,26416.0,654887.0,15640.0,654887.0,Derek Carrier,derek carrier,2,3,20.0,0,0.0,0.0,30.0,13.0,0.0,-0.02265359,0,0.6666667,0.078947365,0.15306123,0.22556391,,,,,,,,,,,,,,,,,REG,OAK,LA,Derek Carrier,CarrDe00,0.0,0.0,0.0,85.4
2018,REG,1,00-0033611,R.Seals-Jones,TE,TE,ARI,13382,52735659-a294-4f64-a7f4-3591450834e5,16730.0,12020.0,4531.0,,3051806.0,30494.0,,2080003.0,SealRi00,,11876.0,12463.0,,30494.0,744568.0,19410.0,744568.0,Ricky Seals-Jones,ricky seals-jones,3,6,19.0,0,0.0,0.0,53.0,5.0,2.0,-5.9406004,0,0.35849056,0.1764706,0.25480768,0.44307128,Ricky Seals-Jones,ARI,6.942,3.1816723224070533,9.038333333333336,26.565102380719114,50.0,19.0,0.0,1.423333333333332,2.592020369741904,-1.168687036408572,00-0033611,Roderick,Seals-Jones,R.Seals-Jones,REG,ARI,WAS,Ricky Seals-Jones,SealRi00,0.0,0.0,0.0,17.4
2018,REG,1,00-0032141,G.Swaim,TE,TE,DAL,12378,d0f9112d-2496-450a-9fc5-d2d01b4d2454,14164.0,9679.0,2545.0,geoffswaim/2553454,3046704.0,28634.0,,2174207.0,SwaiGe00,geoff-swaim-1,10507.0,10617.0,,28634.0,728021.0,17005.0,728021.0,Geoff Swaim,geoff swaim,3,4,18.0,0,0.0,0.0,16.0,18.0,2.0,-0.5904569,0,1.125,0.13793103,0.074074075,0.2587484,,,,,,,,,,,,,,,,,REG,DAL,CAR,Geoff Swaim,SwaiGe00,0.0,0.0,0.0,83.3
2018,REG,1,00-0033627,J.Croom,TE,TE,BUF,13890,e17b5817-d955-42be-bb8d-e34d89f6dd71,16770.0,12145.0,4536.0,,2972240.0,30594.0,,2819968.0,,,12082.0,12709.0,,30594.0,690029.0,19415.0,690029.0,Jason Croom,jason croom,2,3,18.0,0,0.0,0.0,27.0,12.0,1.0,-1.3729824,0,0.6666667,0.09375,0.07692308,0.19447115,,,,,,,,,,,,,,,,,,,,,,,,,
2018,REG,1,00-0033881,E.Engram,TE,TE,NYG,13189,e21365af-8d66-416e-b0a5-8816d18fcfd9,16411.0,11778.0,4066.0,,3051876.0,30136.0,,2079887.0,EngrEv00,evan-engram-1,11805.0,12205.0,229.0,30136.0,749185.0,18912.0,749185.0,Evan Engram,evan engram,2,5,18.0,0,0.0,0.0,20.0,16.0,0.0,-3.1918335,0,0.9,0.1388889,0.08438819,0.26740506,Evan Engram,NYG,3.6500000000000004,2.9608819282733934,2.8000000000000007,5.76392605706287,40.0,18.0,0.0,8.424999999999997,8.56677135234986,-0.14177135234986338,00-0033881,Evan,Engram,E.Engram,REG,NYG,JAX,Evan Engram,EngrEv00,0.0,1.0,0.2,50.4
2018,REG,1,00-0021547,A.Gates,TE,TE,LAC,7236,82da09c2-e542-4f7d-87d9-24dfd8e014de,9027.0,1609.0,322.0,antoniogates/2505299,5362.0,6663.0,,396811.0,,,3172.0,611.0,,6663.0,234249.0,7884.0,,Antonio Gates,antonio gates,2,3,16.0,0,0.0,0.0,27.0,5.0,1.0,0.90538645,1,0.5925926,0.06,0.055900622,0.12913044,,,,,,,,,,,,,,,,,,,,,,,,,
2018,REG,1,00-0029587,R.Ellison,TE,TE,NYG,10838,cccc9f16-9508-434f-b7a4-9a29cb0cacf9,11315.0,7128.0,1211.0,rhettellison/2532835,15003.0,25838.0,,1244464.0,ElliRh00,rhett-ellison-1,8114.0,7580.0,,25838.0,399295.0,14445.0,,Rhett Ellison,rhett ellison,1,1,16.0,0,0.0,0.0,11.0,5.0,0.0,0.4023207,0,1.4545455,0.027777778,0.046413504,0.07415612,,,,,,,,,,,,,,,,,REG,NYG,JAX,Rhett Ellison,ElliRh00,1.0,0.0,0.0,118.7
2018,REG,1,00-0030216,J.Hill,TE,TE,NO,11529,687cdc33-bd0d-4b70-adb3-33f97dc26a3c,13565.0,8200.0,1777.0,joshhill/2541834,16143.0,26950.0,,2060083.0,HillJo02,,9071.0,8764.0,,26950.0,469509.0,15866.0,,Josh Hill,josh hill,1,1,15.0,0,0.0,0.0,-6.0,21.0,1.0,1.9251406,0,0.0,0.022727273,-0.017595308,0.021774193,,,,,,,,,,,,,,,,,REG,NO,TB,Josh Hill,HillJo02,1.0,0.0,0.0,118.7
2018,REG,1,00-0030710,T.Burton,TE,TE,CHI,11705,bc0f07a4-3e7b-4e61-987a-05533dc225be,12153.0,9185.0,1793.0,treyburton/2550284,16974.0,27789.0,,2130223.0,BurtTr01,,9490.0,9737.0,,27789.0,542788.0,15965.0,,Trey Burton,trey burton,1,5,15.0,0,0.0,0.0,61.0,0.0,1.0,-0.6959108,0,0.24590164,0.15151516,0.29326922,0.4325612,Trey Burton,CHI,4.497999999999999,1.3627028909150394,12.012,28.406564820507967,20.0,15.0,0.0,0.6600000000000001,0.12715085434381024,0.5328491456561899,00-0030710,Lawrence,Burton,T.Burton,REG,CHI,GB,Trey Burton,BurtTr01,0.0,1.0,0.2,39.6
2018,REG,1,00-0032227,J.Heuerman,TE,TE,DEN,12208,1fe3aadd-336b-4838-888e-8c9609747afc,13961.0,9525.0,2397.0,jeffheuerman/2552399,2576389.0,28480.0,,1824413.0,HeueJe00,jeff-heuerman-1,10246.0,10492.0,,28480.0,593517.0,16853.0,,Jeff Heuerman,jeff heuerman,1,1,15.0,0,0.0,0.0,15.0,0.0,1.0,0.75826246,0,1.0,0.025641026,0.040983606,0.067150064,,,,,,,,,,,,,,,,,REG,DEN,SEA,Jeff Heuerman,HeueJe00,0.0,0.0,0.0,118.7
2018,REG,1,00-0027985,L.Kendricks,TE,TE,GB,10318,27921351-a775-4649-bd49-7b4c486d1ba2,9912.0,6199.0,964.0,lancekendricks/2495187,14007.0,24834.0,7425.0,1117803.0,KendLa00,lance-kendricks-1,7412.0,6614.0,,24834.0,332066.0,13386.0,,Lance Kendricks,lance kendricks,1,1,13.0,0,0.0,0.0,1.0,12.0,1.0,0.8034971,0,13.0,0.027777778,0.0029411765,0.04372549,,,,,,,,,,,,,,,,,REG,GB,CHI,Lance Kendricks,KendLa00,0.0,0.0,0.0,118.7
2018,REG,1,00-0030854,E.Swoope,TE,TE,IND,11904,947e7faa-e8be-4603-829c-b57e4247ccbf,12352.0,9303.0,1975.0,erikswoope/2550405,17091.0,27914.0,,2130326.0,,,9808.0,9792.0,,27914.0,550290.0,16238.0,,Erik Swoope,erik swoope,1,1,13.0,0,0.0,0.0,2.0,11.0,1.0,1.3368427,0,6.5,0.01923077,0.0070422534,0.033775732,,,,,,,,,,,,,,,,,,,,,,,,,
2018,REG,1,00-0033885,D.Njoku,TE,TE,CLE,13192,8f86fcea-90e8-49ea-bc78-5c7659313e57,16399.0,11784.0,4033.0,,3123076.0,30142.0,,2136474.0,NjokDa00,david-njoku-1,11734.0,12186.0,252.0,30142.0,832098.0,18876.0,832098.0,David Njoku,david njoku,3,7,13.0,0,0.0,0.0,66.0,9.0,0.0,-5.138306,0,0.1969697,0.18421052,0.1598063,0.3881802,David Njoku,CLE,3.5816666666666666,2.7268261454751856,8.370000000000001,15.22609147609148,42.857142857142854,13.0,0.0,2.9233333333333342,3.6885230846975596,-0.7651897513642254,00-0033885,David,Njoku,D.Njoku,REG,CLE,PIT,David Njoku,NjokDa00,0.0,1.0,0.143,50.3
2018,REG,1,00-0029738,D.Fells,TE,TE,CLE,11337,54d4e35a-2e6c-48f6-86ad-92dd596c173c,13636.0,8549.0,1592.0,darrenfells/2540928,15773.0,26612.0,,2053740.0,FellDa01,,9758.0,8472.0,,26612.0,266414.0,15247.0,266414.0,Darren Fells,darren fells,1,1,12.0,0,0.0,0.0,-4.0,16.0,1.0,1.0453476,0,0.0,0.02631579,-0.00968523,0.032694023,,,,,,,,,,,,,,,,,REG,CLE,PIT,Darren Fells,FellDa01,1.0,0.0,0.0,116.7
2018,REG,1,00-0033858,J.Smith,TE,TE,TEN,13193,e4f25a37-74de-4bfb-b6c9-f50a4fab0b87,16460.0,11855.0,4144.0,,3054212.0,30213.0,,2081506.0,SmitJo01,jonnu-smith-1,11807.0,12344.0,84.0,30213.0,743749.0,18990.0,743749.0,Jonnu Smith,jonnu smith,1,3,12.0,0,0.0,0.0,22.0,0.0,1.0,-0.26058492,0,0.54545456,0.078947365,0.08494209,0.17788051,,,,,,,,,,,,,,,,,REG,TEN,MIA,Jonnu Smith,SmitJo01,0.0,1.0,0.333,46.5
2018,REG,1,00-0027981,K.Rudolph,TE,TE,MIN,10312,1059e9dc-97df-4643-9116-883a0573d8b1,9906.0,6195.0,943.0,kylerudolph/2495438,14054.0,24830.0,7444.0,1633122.0,RudoKy00,kyle-rudolph-1,7246.0,6459.0,,24830.0,469472.0,13275.0,469472.0,Kyle Rudolph,kyle rudolph,1,2,11.0,1,0.0,0.0,16.0,0.0,1.0,1.1689765,0,0.6875,0.057142857,0.06504065,0.13124274,,,,,,,,,,,,,,,,,REG,MIN,SF,Kyle Rudolph,RudoKy00,0.0,0.0,0.0,106.2
2018,REG,1,00-0032394,N.Vannett,TE,TE,SEA,12680,c731aa8a-778b-4ccd-a19f-517eb66f47b7,15645.0,10728.0,3258.0,,2576399.0,29328.0,,1871322.0,VannNi00,nick-vannett-1,10949.0,11329.0,,29328.0,606488.0,18019.0,606488.0,Nick Vannett,nick vannett,1,2,11.0,0,0.0,0.0,24.0,3.0,1.0,-1.9329158,0,0.45833334,0.060606062,0.07121662,0.14076072,,,,,,,,,,,,,,,,,REG,SEA,DEN,Nick Vannett,VannNi00,0.0,0.0,0.0,66.7
2018,REG,1,00-0034364,J.Akins,TE,TE,HOU,13753,0cb5a32a-a340-4671-ba2a-93f5fa6aee8d,17415.0,47050.0,5032.0,,3128452.0,31068.0,,2142712.0,AkinJo00,jordan-akins-1,12568.0,13238.0,,31068.0,838396.0,19903.0,838396.0,Jordan Akins,jordan akins,2,2,11.0,0,0.0,0.0,11.0,0.0,0.0,-0.36921313,0,1.0,0.05882353,0.02917772,0.1086597,,,,,,,,,,,,,,,,,REG,HOU,NE,Jordan Akins,AkinJo00,0.0,0.0,0.0,89.6
2018,REG,1,00-0034829,M.Gesicki,TE,TE,MIA,13672,1012cbe0-7eba-4169-bfca-183a0204e1a7,17272.0,47153.0,4993.0,,3116164.0,31012.0,,2139298.0,GesiMi00,mike-gesicki-1,12764.0,13104.0,330.0,31012.0,836152.0,19853.0,836152.0,Mike Gesicki,mike gesicki,1,2,11.0,0,0.0,0.0,14.0,1.0,1.0,-4.1928344,0,0.78571427,0.071428575,0.048109967,0.14081983,,,,,,,,,,,,,,,,,REG,MIA,TEN,Mike Gesicki,GesiMi00,0.0,0.0,0.0,27.1
2018,REG,1,00-0024221,V.Davis,TE,TE,WAS,8247,0a95e792-6455-4927-9539-f95fa7f41fbb,9621.0,2951.0,200.0,vernondavis/2495826,9592.0,7755.0,,409254.0,DaviVe00,vernon-davis-1,4732.0,3638.0,,7755.0,215595.0,5084.0,,Vernon Davis,vernon davis,1,1,9.0,0,0.0,0.0,6.0,3.0,1.0,1.2715472,0,1.5,0.03448276,0.05882353,0.09290061,,,,,,,,,,,,,,,,,REG,WAS,ARI,Vernon Davis,DaviVe00,0.0,0.0,0.0,104.2
2018,REG,1,00-0030422,D.Sims,TE,TE,CHI,11249,9c04a540-cb7c-41dc-8e7c-50b7af29a3a2,11691.0,7888.0,1357.0,dionsims/2540200,15974.0,26729.0,,1700507.0,SimsDi00,dion-sims-1,8784.0,8532.0,,26729.0,511525.0,14876.0,,Dion Sims,dion sims,2,3,9.0,0,0.0,0.0,28.0,9.0,0.0,-2.0082562,0,0.32142857,0.09090909,0.13461539,0.23059441,,,,,,,,,,,,,,,,,REG,CHI,GB,Dion Sims,SimsDi00,0.0,0.0,0.0,70.1
2018,REG,1,00-0032214,T.Kroft,TE,TE,CIN,12212,36f54823-9d51-4180-9c91-d10281deb4bf,13960.0,9518.0,2390.0,tylerkroft/2552586,2582410.0,28473.0,,1824200.0,KrofTy00,tyler-kroft-1,10247.0,10490.0,,28473.0,592268.0,16846.0,592268.0,Tyler Kroft,tyler kroft,1,1,9.0,0,0.0,0.0,2.0,7.0,1.0,0.47784957,0,4.5,0.035714287,0.01438849,0.06364337,,,,,,,,,,,,,,,,,REG,CIN,IND,Tyler Kroft,KrofTy00,1.0,0.0,0.0,104.2
2018,REG,1,00-0032430,D.Morgan,TE,TE,MIN,12816,4bff1c89-f4d1-4699-8c85-69bbbbaec5a2,15857.0,10822.0,3344.0,,2582138.0,29422.0,,1907784.0,MorgDa01,david-morgan-1,11139.0,11477.0,,29422.0,612030.0,18105.0,,David Morgan,david morgan,1,1,9.0,0,0.0,0.0,-1.0,10.0,1.0,0.8935264,0,0.0,0.028571429,-0.0040650405,0.040011615,,,,,,,,,,,,,,,,,REG,MIN,SF,David Morgan,MorgDa01,0.0,0.0,0.0,104.2
2018,REG,1,00-0027696,J.Graham,TE,TE,GB,9925,fd85786d-3900-4dc0-9b30-334ee30413ed,9712.0,5619.0,616.0,jimmygraham/497236,13232.0,24070.0,6610.0,1691166.0,GrahJi00,jimmy-graham-1,6532.0,5842.0,,24070.0,295918.0,11488.0,295918.0,Jimmy Graham,jimmy graham,2,4,8.0,0,0.0,0.0,40.0,4.0,0.0,-2.9994462,0,0.2,0.11111111,0.11764706,0.24901961,,,,,,,,,,,,,,,,,REG,GB,CHI,Jimmy Graham,GrahJi00,0.0,0.0,0.0,56.2
2018,REG,1,00-0030443,L.Toilolo,TE,TE,DET,11252,67d56171-7522-430c-b7d9-8f7e2b6624d3,11694.0,7915.0,1642.0,levinetoilolo/2540203,15980.0,26756.0,,1685990.0,ToilLe00,levine-toilolo-1,8789.0,8414.0,,26756.0,503205.0,15378.0,503205.0,Levine Toilolo,levine toilolo,1,1,7.0,0,0.0,0.0,4.0,3.0,1.0,0.5419699,0,1.75,0.01923077,0.009925558,0.035794046,,,,,,,,,,,,,,,,,REG,DET,NYJ,Levine Toilolo,ToilLe00,0.0,0.0,0.0,95.8
2018,REG,1,00-0031690,E.Tomlinson,TE,TE,NYJ,13065,b3d7169b-9cf6-4fea-815a-26e4fb0ec16a,14339.0,9786.0,2755.0,,2511973.0,28658.0,,1759992.0,TomlEr01,,10553.0,10747.0,,28658.0,554431.0,17223.0,554431.0,Eric Tomlinson,eric tomlinson,1,1,7.0,0,0.0,0.0,5.0,2.0,0.0,0.26795134,0,1.4,0.05,0.0295858,0.09571006,,,,,,,,,,,,,,,,,REG,NYJ,DET,Eric Tomlinson,TomlEr01,0.0,0.0,0.0,95.8
2018,REG,1,00-0030506,T.Kelce,TE,TE,KC,11244,c3859e06-5f23-4302-a71b-04820a899d5f,11594.0,7844.0,1466.0,traviskelce/2540258,15847.0,26686.0,,1725130.0,KelcTr00,travis-kelce-1,8783.0,8411.0,264.0,26686.0,448240.0,15048.0,448240.0,Travis Kelce,travis kelce,1,6,6.0,0,0.0,0.0,92.0,1.0,0.0,-2.838434,0,0.06521739,0.24,0.27380952,0.5516667,Travis Kelce,KC,5.140000000000001,1.6278118840534546,14.51,25.29931419272347,16.666666666666664,6.0,0.0,1.1899999999999977,0.4638614879463603,0.7261385120536374,00-0030506,Travis,Kelce,T.Kelce,REG,KC,LAC,Travis Kelce,KelcTr00,0.0,0.0,0.0,39.6
2018,REG,1,00-0034270,T.Conklin,TE,TE,MIN,13675,f0d17dfa-ebf3-416c-a8d2-c6bc30675103,17598.0,47327.0,5133.0,,3915486.0,31220.0,,2165249.0,ConkTy00,tyler-conklin-1,12809.0,13220.0,489.0,31127.0,861278.0,19988.0,861278.0,Tyler Conklin,tyler conklin,1,1,6.0,0,0.0,0.0,0.0,6.0,1.0,0.33585975,0,0.0,0.028571429,0.0,0.042857144,,,,,,,,,,,,,,,,,REG,MIN,SF,Tyler Conklin,ConkTy00,0.0,0.0,0.0,91.7
2018,REG,1,00-0032508,H.Valles,TE,TE,DET,12874,32d18129-6c6c-4401-9695-8661ab84b288,15924.0,10960.0,3612.0,,2567213.0,29587.0,,1996227.0,VallHa00,,11300.0,11740.0,,29587.0,690561.0,18399.0,,Hakeem Valles,hakeem valles,1,2,5.0,0,0.0,0.0,20.0,0.0,0.0,-0.47380823,0,0.25,0.03846154,0.049627792,0.09243176,,,,,,,,,,,,,,,,,REG,DET,NYJ,Hakeem Valles,VallHa00,0.0,0.0,0.0,56.2
2018,REG,1,00-0032134,C.Uzomah,TE,TE,CIN,12317,19858900-5c8e-49a7-ab02-34ef625724ca,14084.0,9590.0,2460.0,c.j.uzomah/2552559,2574576.0,28545.0,,2174118.0,UzomC.00,cj-uzomah-1,10462.0,10534.0,,28545.0,593305.0,16917.0,593305.0,C.J. Uzomah,cj uzomah,1,1,4.0,0,0.0,0.0,4.0,0.0,0.0,-0.10524161,0,1.0,0.035714287,0.02877698,0.073715314,,,,,,,,,,,,,,,,,REG,CIN,IND,C.J. Uzomah,UzomC.00,0.0,0.0,0.0,83.3
2018,REG,1,00-0034351,D.Goedert,TE,TE,PHI,13674,e8029983-87cf-49a2-bc04-04c8233a0630,17270.0,47272.0,5022.0,,3121023.0,31019.0,,2132551.0,GoedDa00,,12860.0,13151.0,382.0,31019.0,791365.0,19863.0,791365.0,Dallas Goedert,dallas goedert,1,3,4.0,0,0.0,0.0,38.0,3.0,0.0,-6.2556033,0,0.10526316,0.08571429,0.13333334,0.22190475,,,,,,,,,,,,,,,,,REG,PHI,ATL,Dallas Goedert,GoedDa00,0.0,1.0,0.333,2.8
2018,REG,1,00-0034365,I.Thomas,TE,TE,CAR,13678,ed8a8fd2-df67-45e7-a34f-984afb82f6ea,17387.0,42130.0,4995.0,,4045305.0,31071.0,,2253359.0,ThomIa00,ian-thomas-3,12858.0,13163.0,323.0,31071.0,943093.0,19910.0,943093.0,Ian Thomas,ian thomas,2,2,4.0,0,0.0,0.0,-8.0,12.0,0.0,-1.3423945,0,0.0,0.08,-0.051612902,0.08387097,,,,,,,,,,,,,,,,,REG,CAR,DAL,Ian Thomas,ThomIa00,0.0,0.0,0.0,79.2
2018,REG,1,00-0028093,N.Paul,TE,TE,JAX,10394,38f5843a-8318-4eb7-b517-c83d415e77a4,9988.0,6307.0,918.0,nilespaul/2495211,14156.0,24942.0,7556.0,1272502.0,PaulNi00,niles-paul-1,7384.0,6661.0,,24942.0,406159.0,13170.0,,Niles Paul,niles paul,0,1,0.0,0,0.0,0.0,21.0,0.0,0.0,-0.47199175,0,0.0,0.030303031,0.09130435,0.10936759,,,,,,,,,,,,,,,,,REG,JAX,NYG,Niles Paul,PaulNi00,0.0,0.0,0.0,39.6
2018,REG,1,00-0028112,C.Clay,TE,TE,BUF,10409,04ca4fb9-194e-47fe-8fc8-adb5790a8e78,10003.0,6326.0,801.0,charlesclay/2495139,14145.0,24961.0,,1265552.0,ClayCh00,charles-clay-1,7424.0,6681.0,,24961.0,400516.0,12751.0,,Charles Clay,charles clay,0,2,0.0,0,0.0,0.0,28.0,0.0,0.0,-1.1506679,0,0.0,0.0625,0.07977208,0.14959046,,,,,,,,,,,,,,,,,REG,BUF,BAL,Charles Clay,ClayCh00,0.0,0.0,0.0,39.6
2018,REG,1,00-0030089,L.Willson,TE,TE,DET,11381,16c67c97-ffd9-4f92-917d-ad6124ce1f6e,11812.0,7940.0,1603.0,lukewillson/2541199,16121.0,26781.0,,2057661.0,WillLu00,luke-willson-1,8907.0,8567.0,,26781.0,466869.0,15263.0,466869.0,Luke Willson,luke willson,0,1,0.0,0,0.0,0.0,14.0,0.0,0.0,-5.9769883,0,0.0,0.01923077,0.034739453,0.05316377,,,,,,,,,,,,,,,,,REG,DET,NYJ,Luke Willson,WillLu00,0.0,0.0,0.0,0.0
2018,REG,1,00-0030108,R.Griffin,TE,TE,HOU,11399,cb1df42c-b59c-4e23-a9a2-fbfc2b39ef71,11830.0,7982.0,1425.0,ryangriffin/2541316,15887.0,26824.0,,2057695.0,GrifRy00,ryan-griffin-1,8911.0,8600.0,,26824.0,465129.0,14985.0,465129.0,Ryan Griffin,ryan griffin,0,5,0.0,0,0.0,0.0,60.0,0.0,0.0,-6.7078433,0,0.0,0.14705883,0.1591512,0.33199406,Ryan Griffin,HOU,4.183999999999999,1.776148745803311,14.430000000000001,18.332189953502553,0.0,,0.0,,,,00-0030108,Ryan,Griffin,R.Griffin,REG,HOU,NE,Ryan Griffin,GrifRy00,0.0,0.0,0.0,39.6
2018,REG,1,00-0031273,C.Brate,TE,TE,TB,12110,5afe93fd-0caf-4cca-83fc-7f405bebfa3e,13470.0,9207.0,2214.0,,17453.0,28267.0,,2132787.0,BratCa00,,10008.0,10193.0,,28267.0,552926.0,16593.0,552926.0,Cameron Brate,cameron brate,0,2,0.0,0,0.0,0.0,12.0,0.0,0.0,-1.6621138,0,0.0,0.071428575,0.035190616,0.13177629,,,,,,,,,,,,,,,,,REG,TB,NO,Cameron Brate,BratCa00,0.0,0.0,0.0,39.6
2018,REG,1,00-0031744,M.LaCosse,TE,TE,DEN,12596,25e58aee-1b33-4468-9a81-6586426b91d5,14288.0,9840.0,2944.0,mattlacosse/2553667,2576179.0,28875.0,,2174931.0,,,10727.0,10980.0,,28875.0,606055.0,17415.0,606055.0,Matt LaCosse,matt lacosse,0,1,0.0,0,0.0,0.0,16.0,0.0,0.0,-1.4970373,0,0.0,0.025641026,0.043715846,0.06906263,,,,,,,,,,,,,,,,,,,,,,,,,
2018,REG,1,00-0031951,J.O'Shaughnessy,TE,TE,JAX,12330,e5c6b0d4-3e77-422b-a6d8-574a10ed385e,14146.0,9606.0,2476.0,,2508079.0,28561.0,,2174148.0,O'ShJa00,,10249.0,10549.0,,28561.0,552352.0,16933.0,552352.0,James O'Shaughnessy,james oshaughnessy,0,2,0.0,0,0.0,0.0,6.0,0.0,0.0,-1.252108,0,0.0,0.060606062,0.026086956,0.10916996,,,,,,,,,,,,,,,,,REG,JAX,NYG,James O'Shaughnessy,O'ShJa00,0.0,0.0,0.0,39.6
2018,REG,1,00-0032745,A.Cross,TE,TE,TB,12996,cc1df018-baa8-4344-b13c-cd5ef1a52d26,16217.0,10931.0,3595.0,,2586700.0,29571.0,,1906373.0,,,11406.0,11727.0,,29571.0,614284.0,18376.0,,Alan Cross,alan cross,0,1,0.0,0,0.0,0.0,0.0,0.0,0.0,-0.9869714,0,,0.035714287,0.0,0.05357143,,,,,,,,,,,,,,,,,,,,,,,,,
2018,REG,1,00-0033576,E.Saubert,TE,TE,ATL,13315,582dc00e-e7ec-4ca7-bff0-f7b1d604017b,16706.0,11929.0,4189.0,,2975863.0,30287.0,,2001018.0,SaubEr00,,11897.0,12300.0,,30287.0,694931.0,19035.0,694931.0,Eric Saubert,eric saubert,0,1,0.0,0,0.0,0.0,10.0,0.0,0.0,-1.1868507,0,0.0,0.025641026,0.027777778,0.057905983,,,,,,,,,,,,,,,,,REG,ATL,PHI,Eric Saubert,SaubEr00,0.0,0.0,0.0,39.6
2018,REG,1,00-0033658,B.Jarwin,TE,TE,DAL,13722,43e8a6ac-d451-4dbd-b145-797764f91494,16638.0,12320.0,4571.0,,2991767.0,30784.0,,2819999.0,JarwBl00,,12179.0,12507.0,,30784.0,711965.0,19457.0,711965.0,Blake Jarwin,blake jarwin,0,1,0.0,0,0.0,0.0,32.0,0.0,0.0,-0.9112293,0,0.0,0.03448276,0.14814815,0.15542784,,,,,,,,,,,,,,,,,REG,DAL,CAR,Blake Jarwin,JarwBl00,0.0,0.0,0.0,39.6
2018,REG,2,00-0032135,J.James,TE,TE,PIT,12211,a37a5bfd-b48c-4d8b-817a-d8ce7ca3592d,13959.0,9593.0,2463.0,jessejames/2552633,2979590.0,28548.0,,1983808.0,JameJe00,jesse-james-1,10150.0,10403.0,,28548.0,652019.0,16920.0,652019.0,Jesse James,jesse james,5,5,138.0,1,0.0,0.0,72.0,66.0,5.0,10.11428,0,1.9166666,0.083333336,0.13407822,0.21885476,Jesse James,PIT,11.91,2.9253345492567413,13.962,12.277739671819766,100.0,138.0,1.0,13.638,9.313382957673337,4.324617042326663,00-0032135,Jesse,James,J.James,REG,PIT,KC,Jesse James,JameJe00,0.0,0.0,0.0,158.3
2018,REG,2,00-0030506,T.Kelce,TE,TE,KC,11244,c3859e06-5f23-4302-a71b-04820a899d5f,11594.0,7844.0,1466.0,traviskelce/2540258,15847.0,26686.0,,1725130.0,KelcTr00,travis-kelce-1,8783.0,8411.0,264.0,26686.0,448240.0,15048.0,448240.0,Travis Kelce,travis kelce,7,10,109.0,2,0.0,0.0,115.0,20.0,5.0,8.951424,0,0.9478261,0.35714287,0.3807947,0.8022706,Travis Kelce,KC,3.1,2.629587046229633,11.851999999999999,36.99241549361716,70.0,109.0,2.0,3.3342857142857154,2.1520219831038827,1.1822637311818327,00-0030506,Travis,Kelce,T.Kelce,REG,KC,PIT,Travis Kelce,KelcTr00,1.0,0.0,0.0,145.4
2018,REG,2,00-0033879,O.Howard,TE,TE,TB,13188,93ed8c6f-b676-46d3-bf82-6155e89b4a68,16380.0,11774.0,4055.0,,3043080.0,30132.0,,2061190.0,HowaO.00,oj-howard-1,11806.0,12161.0,,30132.0,732147.0,18901.0,732147.0,O.J. Howard,oj howard,3,4,96.0,1,0.0,0.0,47.0,65.0,2.0,2.306017,0,2.0425532,0.121212125,0.14779875,0.2852773,,,,,,,,,,,,,,,,,REG,TB,PHI,O.J. Howard,HowaO.00,0.0,0.0,0.0,116.7
2018,REG,2,00-0027696,J.Graham,TE,TE,GB,9925,fd85786d-3900-4dc0-9b30-334ee30413ed,9712.0,5619.0,616.0,jimmygraham/497236,13232.0,24070.0,6610.0,1691166.0,GrahJi00,jimmy-graham-1,6532.0,5842.0,,24070.0,295918.0,11488.0,295918.0,Jimmy Graham,jimmy graham,6,8,95.0,0,0.0,0.0,120.0,39.0,3.0,3.9631612,0,0.7916667,0.19512194,0.4,0.5726829,Jimmy Graham,GB,7.1659999999999995,3.0726212380636078,13.923749999999998,38.349514563106794,75.0,95.0,0.0,6.681666666666668,5.557422031866319,1.1242446348003492,00-0027696,Jimmy,Graham,J.Graham,REG,GB,MIN,Jimmy Graham,GrahJi00,0.0,0.0,0.0,114.1
2018,REG,2,00-0030061,Z.Ertz,TE,TE,PHI,11247,de3421f7-2147-4835-89a5-724e87bad463,11689.0,7816.0,1339.0,zachertz/2540158,15835.0,26658.0,,1685963.0,ErtzZa00,zach-ertz-1,8781.0,8409.0,305.0,26658.0,503177.0,14856.0,503177.0,Zach Ertz,zach ertz,11,13,94.0,0,0.0,0.0,80.0,18.0,3.0,-2.3257272,0,1.175,0.27659574,0.24691358,0.58773315,Zach Ertz,PHI,6.62,4.0265095742175,6.208461538461539,24.22996097268088,84.61538461538461,94.0,0.0,2.352727272727272,4.739846434000242,-2.38711916127297,00-0030061,Zachary,Ertz,Z.Ertz,REG,PHI,TB,Zach Ertz,ErtzZa00,0.0,0.0,0.0,96.8
2018,REG,2,00-0032055,D.Funchess,TE,TE,CAR,12205,7f5f2a81-ac40-420c-9421-5b9e2a21faf8,13915.0,9474.0,2346.0,,2977609.0,28429.0,,2001877.0,FuncDe00,devin-funchess-1,10138.0,10391.0,,28429.0,696127.0,16802.0,696127.0,Devin Funchess,devin funchess,7,9,77.0,0,0.0,0.0,81.0,15.0,5.0,2.649642,0,0.9506173,0.2,0.25,0.475,,,,,,,,,,,,,,,,,REG,CAR,ATL,Devin Funchess,FuncDe00,1.0,1.0,0.111,102.3
2018,REG,2,00-0027981,K.Rudolph,TE,TE,MIN,10312,1059e9dc-97df-4643-9116-883a0573d8b1,9906.0,6195.0,943.0,kylerudolph/2495438,14054.0,24830.0,7444.0,1633122.0,RudoKy00,kyle-rudolph-1,7246.0,6459.0,,24830.0,469472.0,13275.0,469472.0,Kyle Rudolph,kyle rudolph,7,8,72.0,0,0.0,0.0,33.0,41.0,5.0,4.9919057,0,2.1818182,0.16666667,0.091412745,0.31398892,Kyle Rudolph,MIN,5.962857142857142,4.023360337614451,3.883749999999999,9.080016365655501,87.5,72.0,0.0,6.135714285714287,5.7578979327429165,0.3778163529713705,00-0027981,Kyle,Rudolph,K.Rudolph,REG,MIN,GB,Kyle Rudolph,RudoKy00,0.0,0.0,0.0,104.2
2018,REG,2,00-0033881,E.Engram,TE,TE,NYG,13189,e21365af-8d66-416e-b0a5-8816d18fcfd9,16411.0,11778.0,4066.0,,3051876.0,30136.0,,2079887.0,EngrEv00,evan-engram-1,11805.0,12205.0,229.0,30136.0,749185.0,18912.0,749185.0,Evan Engram,evan engram,7,7,67.0,1,0.0,0.0,27.0,40.0,3.0,4.797032,0,2.4814816,0.1590909,0.094076656,0.30449003,Evan Engram,NYG,8.052,6.6367328301505735,4.595714285714286,11.15348611448185,100.0,67.0,1.0,5.6657142857142855,5.037917246632268,0.6277970390820178,00-0033881,Evan,Engram,E.Engram,REG,NYG,DAL,Evan Engram,EngrEv00,0.0,0.0,0.0,146.1
2018,REG,2,00-0032392,A.Hooper,TE,TE,ATL,12677,90c2a93f-d837-4e1b-b57c-56648903a8db,15581.0,10715.0,3202.0,,3043275.0,29315.0,,2067004.0,HoopAu00,austin-hooper-1,10748.0,11301.0,384.0,29315.0,739424.0,17963.0,739424.0,Austin Hooper,austin hooper,5,5,59.0,1,0.0,0.0,38.0,21.0,3.0,5.1294246,0,1.5526316,0.17857143,0.12969284,0.35864213,Austin Hooper,ATL,5.709999999999999,4.8071389512610825,8.782,15.206399778362654,100.0,59.0,1.0,3.9480000000000004,3.3464343711903894,0.601565628809611,00-0032392,Austin,Hooper,A.Hooper,REG,ATL,CAR,Austin Hooper,HoopAu00,0.0,0.0,0.0,155.4
2018,REG,2,00-0032599,J.Perkins,TE,TE,PHI,12685,9c18801d-bdaa-4036-9663-24280c763bcf,16233.0,11051.0,3668.0,,2578377.0,29654.0,,1884450.0,PerkJo02,,11317.0,11804.0,,29654.0,608012.0,18468.0,,Joshua Perkins,joshua perkins,4,6,57.0,0,0.0,0.0,55.0,11.0,3.0,1.8966933,0,1.0363636,0.12765957,0.16975309,0.31031653,Josh Perkins,PHI,4.864,2.4278475095250793,8.894999999999998,16.022215550885615,66.66666666666666,57.0,0.0,2.7750000000000012,1.9418948133981644,0.8331051866018369,00-0032599,Joshua,Perkins,J.Perkins,REG,PHI,TB,Joshua Perkins,PerkJo02,0.0,1.0,0.167,97.2
2018,REG,2,00-0028142,V.Green,TE,TE,LAC,10432,6ef43c53-53d7-4b0f-ad99-17664d663ae8,10026.0,6356.0,868.0,virgilgreen/2495288,14085.0,24991.0,7502.0,1130615.0,GreeVi00,virgil-green-1,7416.0,6570.0,,24991.0,323254.0,13016.0,,Virgil Green,virgil green,3,3,55.0,0,0.0,0.0,21.0,34.0,3.0,3.888087,0,2.6190476,0.11111111,0.20792079,0.31221122,,,,,,,,,,,,,,,,,REG,LAC,BUF,Virgil Green,GreeVi00,2.0,0.0,0.0,118.7
2018,REG,2,00-0030472,J.Reed,TE,TE,WAS,11248,c3bf8d3e-3b2e-4f9e-ad74-c0a684035f17,11690.0,7866.0,1500.0,jordanreed/2540160,15860.0,26708.0,,1691412.0,ReedJo02,jordan-reed-1,8615.0,8412.0,,26708.0,508876.0,15100.0,,Jordan Reed,jordan reed,6,8,55.0,0,1.0,1.0,46.0,18.0,2.0,-1.7746726,0,1.1956521,0.18181819,0.1411043,0.37150028,Jordan Reed,WAS,7.087999999999999,4.102272736956206,5.332500000000001,13.944366358317264,75.0,55.0,0.0,3.5883333333333334,4.085381117308278,-0.4970477839749443,00-0030472,Jordan,Reed,J.Reed,REG,WAS,IND,Jordan Reed,ReedJo02,0.0,0.0,0.0,93.2
2018,REG,2,00-0027061,J.Cook,TE,TE,LV,9474,3b7a1409-d154-4e5c-8c94-9d4a0e0993c7,9265.0,5012.0,367.0,jaredcook/71265,12537.0,9353.0,6126.0,584314.0,CookJa02,jared-cook-2,5981.0,5165.0,,9353.0,296480.0,8534.0,296480.0,Jared Cook,jared cook,4,4,49.0,0,0.0,0.0,23.0,26.0,3.0,3.3042922,0,2.1304348,0.125,0.12432432,0.274527,,,,,,,,,,,,,,,,,REG,OAK,DEN,Jared Cook,CookJa02,1.0,0.0,0.0,117.7
2018,REG,2,00-0033564,J.Butt,TE,TE,DEN,13190,6d49d4d1-a254-48de-9f6f-eeecac82ad88,16456.0,11900.0,4151.0,,3045225.0,30258.0,,2060719.0,ButtJa00,jake-butt-1,11888.0,12254.0,,30258.0,728230.0,18997.0,,Jake Butt,jake butt,4,5,48.0,0,0.0,0.0,42.0,23.0,2.0,-2.6648064,0,1.1428572,0.14705883,0.123893805,0.3073139,Jake Butt,DEN,4.166666666666667,3.013254871218958,7.302000000000001,10.902412804586717,80.0,48.0,0.0,6.555,5.422059749609161,1.1329402503908383,00-0033564,Jake,Butt,J.Butt,REG,DEN,OAK,Jake Butt,ButtJa00,1.0,0.0,0.0,67.1
2018,REG,2,00-0032134,C.Uzomah,TE,TE,CIN,12317,19858900-5c8e-49a7-ab02-34ef625724ca,14084.0,9590.0,2460.0,c.j.uzomah/2552559,2574576.0,28545.0,,2174118.0,UzomC.00,cj-uzomah-1,10462.0,10534.0,,28545.0,593305.0,16917.0,593305.0,C.J. Uzomah,cj uzomah,3,4,45.0,0,0.0,0.0,10.0,41.0,2.0,2.253897,0,4.5,0.09756097,0.038910504,0.17357881,,,,,,,,,,,,,,,,,REG,CIN,BAL,C.J. Uzomah,UzomC.00,0.0,1.0,0.25,111.5
2018,REG,2,00-0034159,W.Dissly,TE,TE,SEA,13763,383f4814-6836-4766-a297-fc063e8509cc,18049.0,30762.0,5010.0,,3127292.0,31090.0,,2139628.0,DissWi00,will-dissly-1,12986.0,13246.0,86.0,31090.0,837806.0,19950.0,837806.0,Will Dissly,will dissly,3,5,42.0,1,0.0,0.0,52.0,22.0,2.0,2.2140837,0,0.8076923,0.15151516,0.17993079,0.35322428,Will Dissly,SEA,3.93,2.7215472490454444,9.438,16.781053305358984,60.0,42.0,1.0,8.29,5.48972439774722,2.8002756022527793,00-0034159,Will,Dissly,W.Dissly,REG,SEA,CHI,Will Dissly,DissWi00,0.0,0.0,0.0,126.7
2018,REG,2,00-0033387,J.Hollister,TE,TE,NE,13391,ad2a1d03-020b-487a-bd5f-7ca9fbc250fe,16527.0,12051.0,4421.0,,3125404.0,30661.0,,2818962.0,HollJa03,,12271.0,12491.0,,30661.0,696882.0,19281.0,696882.0,Jacob Hollister,jacob hollister,3,3,35.0,0,0.0,0.0,23.0,12.0,1.0,2.6293402,0,1.5217391,0.08571429,0.10798122,0.20415828,,,,,,,,,,,,,,,,,REG,NE,JAX,Jacob Hollister,HollJa03,0.0,0.0,0.0,115.3
2018,REG,2,00-0031558,M.Williams,TE,TE,BAL,12206,52f4a43a-64a9-4d69-a9e2-28bd60f68e49,13919.0,9488.0,2360.0,,2970726.0,28443.0,,1983769.0,WillMa04,maxx-williams-1,10128.0,10298.0,,28443.0,651658.0,16816.0,651658.0,Maxx Williams,maxx williams,3,3,31.0,0,0.0,0.0,17.0,14.0,2.0,2.250536,0,1.8235294,0.056603774,0.033398822,0.10828484,,,,,,,,,,,,,,,,,REG,BAL,CIN,Maxx Williams,WillMa04,0.0,0.0,0.0,109.7
2018,REG,2,00-0034766,C.Herndon,TE,TE,NYJ,13679,780a48de-d092-4e87-9c34-8d1b45a154cc,17536.0,47164.0,5009.0,,3123050.0,31077.0,,2136463.0,HernCh00,christopher-herndon-iv-1,12899.0,13228.0,,31077.0,832080.0,19947.0,832080.0,Chris Herndon,chris herndon,2,4,30.0,0,1.0,0.0,62.0,4.0,2.0,-3.4702024,0,0.48387095,0.09756097,0.15617129,0.25566137,,,,,,,,,,,,,,,,,REG,NYJ,MIA,Chris Herndon,HernCh00,0.0,1.0,0.25,75.0
2018,REG,2,00-0028112,C.Clay,TE,TE,BUF,10409,04ca4fb9-194e-47fe-8fc8-adb5790a8e78,10003.0,6326.0,801.0,charlesclay/2495139,14145.0,24961.0,,1265552.0,ClayCh00,charles-clay-1,7424.0,6681.0,,24961.0,400516.0,12751.0,,Charles Clay,charles clay,2,3,29.0,0,0.0,0.0,54.0,0.0,1.0,1.2387731,0,0.537037,0.09375,0.15606937,0.24987355,,,,,,,,,,,,,,,,,REG,BUF,LAC,Charles Clay,ClayCh00,0.0,0.0,0.0,97.9
2018,REG,2,00-0030470,V.McDonald,TE,TE,PIT,11257,8f24a248-b328-43ec-8677-67600e42a8f7,11699.0,7836.0,1587.0,vancemcdonald/2540215,15853.0,26678.0,,1673357.0,McDoVa00,vance-mcdonald-1,8785.0,8413.0,,26678.0,494969.0,15239.0,,Vance McDonald,vance mcdonald,3,5,26.0,0,0.0,0.0,30.0,18.0,2.0,-0.6941555,0,0.8666667,0.083333336,0.05586592,0.16410615,Vance McDonald,PIT,3.25,3.0353101864507037,6.9319999999999995,6.095780791079688,60.0,26.0,0.0,5.546666666666667,5.372121608206423,0.17454505846024393,00-0030470,Vance,McDonald,V.McDonald,REG,PIT,KC,Vance McDonald,McDoVa00,1.0,0.0,0.0,73.7
2018,REG,2,00-0031387,E.Ebron,TE,TE,IND,11695,9fbcfae9-dd14-415c-8952-9b1b5dff0dfc,12143.0,8645.0,2118.0,ericebron/2543466,16732.0,27538.0,,1865396.0,EbroEr00,eric-ebron-1,9210.0,9390.0,,27538.0,605752.0,16451.0,605752.0,Eric Ebron,eric ebron,3,4,26.0,1,0.0,0.0,31.0,16.0,2.0,3.533582,0,0.83870965,0.12903225,0.23484848,0.3579423,,,,,,,,,,,,,,,,,REG,IND,WAS,Eric Ebron,EbroEr00,0.0,0.0,0.0,131.2
2018,REG,2,00-0031598,N.Boyle,TE,TE,BAL,12328,9480dd9f-151f-4e6d-b5a3-35f07bda4cac,13963.0,9604.0,2474.0,,2574591.0,28559.0,,1888149.0,BoylNi00,,10252.0,10547.0,,28559.0,608753.0,16931.0,608753.0,Nick Boyle,nick boyle,2,4,26.0,0,0.0,0.0,46.0,9.0,1.0,0.63145274,0,0.5652174,0.0754717,0.09037328,0.17646885,,,,,,,,,,,,,,,,,REG,BAL,CIN,Nick Boyle,BoylNi00,0.0,0.0,0.0,70.8
2018,REG,2,00-0031690,E.Tomlinson,TE,TE,NYJ,13065,b3d7169b-9cf6-4fea-815a-26e4fb0ec16a,14339.0,9786.0,2755.0,,2511973.0,28658.0,,1759992.0,TomlEr01,,10553.0,10747.0,,28658.0,554431.0,17223.0,554431.0,Eric Tomlinson,eric tomlinson,1,2,24.0,0,0.0,0.0,17.0,30.0,1.0,1.9347825,0,1.4117647,0.048780486,0.042821158,0.10314554,,,,,,,,,,,,,,,,,REG,NYJ,MIA,Eric Tomlinson,TomlEr01,2.0,0.0,0.0,93.7
2018,REG,2,00-0030549,T.Eifert,TE,TE,CIN,11250,14ecf9dd-3a77-4847-8e62-407cd1182f1c,11692.0,7802.0,1388.0,tylereifert/2540148,15788.0,26644.0,,1691608.0,EifeTy00,tyler-eifert-1,8782.0,8408.0,,26644.0,508968.0,14918.0,,Tyler Eifert,tyler eifert,2,4,23.0,0,0.0,0.0,30.0,3.0,1.0,-0.78610265,0,0.76666665,0.09756097,0.11673152,0.22805353,,,,,,,,,,,,,,,,,REG,CIN,BAL,Tyler Eifert,EifeTy00,0.0,1.0,0.25,67.7
2018,REG,2,00-0031418,A.Seferian-Jenkins,TE,TE,JAX,11697,e78261de-af00-4530-824c-500addbe9f98,12145.0,8673.0,2222.0,austinseferian-jenkins/2543683,16795.0,27566.0,,1824731.0,SefeAu00,austin-seferian-jenkins-1,9241.0,9400.0,,27566.0,593347.0,16608.0,,Austin Seferian-Jenkins,austin seferian-jenkins,3,4,23.0,1,0.0,0.0,30.0,0.0,3.0,2.303257,0,0.76666665,0.09090909,0.08547009,0.1961927,,,,,,,,,,,,,,,,,REG,JAX,NE,Austin Seferian-Jenkins,SefeAu00,0.0,0.0,0.0,88.5
2018,REG,2,00-0032394,N.Vannett,TE,TE,SEA,12680,c731aa8a-778b-4ccd-a19f-517eb66f47b7,15645.0,10728.0,3258.0,,2576399.0,29328.0,,1871322.0,VannNi00,nick-vannett-1,10949.0,11329.0,,29328.0,606488.0,18019.0,606488.0,Nick Vannett,nick vannett,3,5,23.0,0,0.0,0.0,22.0,5.0,1.0,-0.20705505,0,1.0454545,0.15151516,0.076124564,0.28055993,Nick Vannett,SEA,4.455,3.3845818739439624,4.994000000000002,8.879485082322823,60.0,23.0,0.0,2.336666666666664,3.9740049588910247,-1.637338292224361,00-0032394,Nicholas,Vannett,N.Vannett,REG,SEA,CHI,Nick Vannett,VannNi00,0.0,0.0,0.0,71.2
2018,REG,2,00-0028093,N.Paul,TE,TE,JAX,10394,38f5843a-8318-4eb7-b517-c83d415e77a4,9988.0,6307.0,918.0,nilespaul/2495211,14156.0,24942.0,7556.0,1272502.0,PaulNi00,niles-paul-1,7384.0,6661.0,,24942.0,406159.0,13170.0,,Niles Paul,niles paul,1,1,22.0,0,0.0,0.0,17.0,5.0,1.0,1.7953528,0,1.2941177,0.022727273,0.048433047,0.06799404,,,,,,,,,,,,,,,,,REG,JAX,NE,Niles Paul,PaulNi00,0.0,0.0,0.0,118.7
2018,REG,2,00-0028903,G.Celek,TE,TE,SF,11007,16cc9ade-f9ad-4d32-b5b9-d7568ee80f58,11507.0,7274.0,1223.0,garrettcelek/2534820,15204.0,26253.0,,1975891.0,,,8516.0,7982.0,,26253.0,403184.0,14496.0,,Garrett Celek,garrett celek,2,2,22.0,1,0.0,0.0,8.0,14.0,2.0,2.2970688,0,2.75,0.08,0.05263158,0.15684211,,,,,,,,,,,,,,,,,,,,,,,,,
2018,REG,2,00-0033288,G.Kittle,TE,TE,SF,13299,2ada91b0-036e-454f-83c3-6d939ff584a9,16499.0,11901.0,4217.0,,3040151.0,30259.0,,2818265.0,KittGe00,george-kittle-1,11892.0,12276.0,298.0,30259.0,733672.0,19063.0,733672.0,George Kittle,george kittle,2,4,22.0,0,0.0,0.0,26.0,8.0,1.0,0.61869246,0,0.84615386,0.16,0.17105263,0.35973683,,,,,,,,,,,,,,,,,REG,SF,DET,George Kittle,KittGe00,0.0,1.0,0.25,66.7
2018,REG,2,00-0034364,J.Akins,TE,TE,HOU,13753,0cb5a32a-a340-4671-ba2a-93f5fa6aee8d,17415.0,47050.0,5032.0,,3128452.0,31068.0,,2142712.0,AkinJo00,jordan-akins-1,12568.0,13238.0,,31068.0,838396.0,19903.0,838396.0,Jordan Akins,jordan akins,2,2,21.0,0,0.0,0.0,12.0,9.0,1.0,0.82346135,0,1.75,0.06451613,0.030075189,0.11782683,,,,,,,,,,,,,,,,,REG,HOU,TEN,Jordan Akins,AkinJo00,0.0,0.0,0.0,110.4
2018,REG,2,00-0030181,J.Doyle,TE,TE,IND,11516,bd413539-9351-454e-9d61-4e8635d7e9f5,11987.0,8520.0,1706.0,jackdoyle/2540232,16504.0,27299.0,,2041264.0,DoylJa00,,9081.0,9075.0,,27299.0,477386.0,15602.0,477386.0,Jack Doyle,jack doyle,2,5,20.0,0,0.0,0.0,26.0,18.0,1.0,-0.7925005,0,0.7692308,0.16129032,0.1969697,0.37981427,Jack Doyle,IND,4.044,1.5365556779113103,5.032000000000001,17.468582934110948,40.0,20.0,0.0,9.065000000000001,8.331434711515612,0.7335652884843888,00-0030181,John,Doyle,J.Doyle,REG,IND,WAS,Jack Doyle,DoylJa00,0.0,0.0,0.0,52.1
2018,REG,2,00-0030710,T.Burton,TE,TE,CHI,11705,bc0f07a4-3e7b-4e61-987a-05533dc225be,12153.0,9185.0,1793.0,treyburton/2550284,16974.0,27789.0,,2130223.0,BurtTr01,,9490.0,9737.0,,27789.0,542788.0,15965.0,,Trey Burton,trey burton,4,4,20.0,1,0.0,0.0,6.0,14.0,2.0,1.5051897,0,3.3333333,0.11764706,0.028985508,0.19676045,,,,,,,,,,,,,,,,,REG,CHI,SEA,Trey Burton,BurtTr01,0.0,0.0,0.0,127.1
2018,REG,2,00-0033885,D.Njoku,TE,TE,CLE,13192,8f86fcea-90e8-49ea-bc78-5c7659313e57,16399.0,11784.0,4033.0,,3123076.0,30142.0,,2136474.0,NjokDa00,david-njoku-1,11734.0,12186.0,252.0,30142.0,832098.0,18876.0,832098.0,David Njoku,david njoku,4,7,20.0,0,0.0,0.0,49.0,7.0,0.0,-8.600302,0,0.40816328,0.23333333,0.20588236,0.49411765,David Njoku,CLE,8.397499999999999,1.927764961244686,7.717142857142858,21.58037711728987,57.14285714285714,20.0,0.0,1.6500000000000004,1.4393849284606404,0.21061507153936,00-0033885,David,Njoku,D.Njoku,REG,CLE,NO,David Njoku,NjokDa00,0.0,1.0,0.143,22.6
2018,REG,2,00-0022943,B.Watson,TE,TE,NO,7422,d81844de-54c3-42ee-9850-072dc4131b6f,9040.0,1753.0,663.0,benjaminwatson/2506122,5557.0,6791.0,,493107.0,WatsBe00,benjamin-watson-1,3872.0,48.0,,6791.0,246082.0,11756.0,,Ben Watson,ben watson,3,5,19.0,0,0.0,0.0,20.0,6.0,0.0,-0.69060904,0,0.95,0.14285715,0.078431375,0.2691877,Benjamin Watson,NO,3.11,2.836467624567562,4.342000000000001,8.333653218686427,60.0,19.0,0.0,2.846666666666664,2.340116590550148,0.506550076116516,00-0022943,Benjamin,Watson,B.Watson,REG,NO,CLE,Ben Watson,WatsBe00,0.0,0.0,0.0,67.9
2018,REG,2,00-0030108,R.Griffin,TE,TE,HOU,11399,cb1df42c-b59c-4e23-a9a2-fbfc2b39ef71,11830.0,7982.0,1425.0,ryangriffin/2541316,15887.0,26824.0,,2057695.0,GrifRy00,ryan-griffin-1,8911.0,8600.0,,26824.0,465129.0,14985.0,465129.0,Ryan Griffin,ryan griffin,1,1,19.0,0,0.0,0.0,8.0,11.0,1.0,1.8365848,0,2.375,0.032258064,0.020050125,0.062422186,,,,,,,,,,,,,,,,,REG,HOU,TEN,Ryan Griffin,GrifRy00,0.0,0.0,0.0,118.7
2018,REG,2,00-0031609,A.Derby,TE,TE,MIA,12351,f0805b80-e01c-46fd-99a6-dae1134fb764,14072.0,9635.0,2503.0,a.j.derby/2552580,3046413.0,28590.0,,2061203.0,DerbA.00,aj-derby-1,10484.0,10576.0,,28590.0,543797.0,16962.0,,A.J. Derby,aj derby,1,2,19.0,1,0.0,0.0,22.0,0.0,1.0,1.0509955,0,0.8636364,0.08695652,0.16058394,0.24284354,,,,,,,,,,,,,,,,,REG,MIA,NYJ,A.J. Derby,DerbA.00,0.0,0.0,0.0,122.9
2018,REG,2,00-0032430,D.Morgan,TE,TE,MIN,12816,4bff1c89-f4d1-4699-8c85-69bbbbaec5a2,15857.0,10822.0,3344.0,,2582138.0,29422.0,,1907784.0,MorgDa01,david-morgan-1,11139.0,11477.0,,29422.0,612030.0,18105.0,,David Morgan,david morgan,2,2,19.0,0,0.0,0.0,6.0,13.0,1.0,0.9072175,0,3.1666667,0.041666668,0.016620498,0.07413435,,,,,,,,,,,,,,,,,REG,MIN,GB,David Morgan,MorgDa01,0.0,0.0,0.0,106.2
2018,REG,2,00-0031951,J.O'Shaughnessy,TE,TE,JAX,12330,e5c6b0d4-3e77-422b-a6d8-574a10ed385e,14146.0,9606.0,2476.0,,2508079.0,28561.0,,2174148.0,O'ShJa00,,10249.0,10549.0,,28561.0,552352.0,16933.0,552352.0,James O'Shaughnessy,james oshaughnessy,1,1,17.0,0,0.0,0.0,13.0,4.0,1.0,1.1640913,0,1.3076923,0.022727273,0.037037037,0.060016833,,,,,,,,,,,,,,,,,REG,JAX,NE,James O'Shaughnessy,O'ShJa00,0.0,0.0,0.0,118.7
2018,REG,2,00-0033611,R.Seals-Jones,TE,TE,ARI,13382,52735659-a294-4f64-a7f4-3591450834e5,16730.0,12020.0,4531.0,,3051806.0,30494.0,,2080003.0,SealRi00,,11876.0,12463.0,,30494.0,744568.0,19410.0,744568.0,Ricky Seals-Jones,ricky seals-jones,4,6,17.0,0,0.0,0.0,25.0,11.0,0.0,-4.03671,0,0.68,0.22222222,0.18796992,0.4649123,Ricky Seals-Jones,ARI,6.138,4.101044132448179,4.050000000000001,19.41359750738995,66.66666666666666,17.0,0.0,2.4724999999999984,2.703661148153287,-0.23116114815328848,00-0033611,Roderick,Seals-Jones,R.Seals-Jones,REG,ARI,LA,Ricky Seals-Jones,SealRi00,0.0,0.0,0.0,70.1
2018,REG,2,00-0033895,G.Everett,TE,TE,LA,13236,ebeceb00-57e0-4b74-9cf7-853da2afed18,16459.0,11799.0,4089.0,,3918639.0,30157.0,,2142692.0,EverGe00,gerald-everett-1,11737.0,12284.0,55.0,30157.0,838487.0,18935.0,838487.0,Gerald Everett,gerald everett,1,1,17.0,0,0.0,0.0,5.0,12.0,0.0,1.4963584,0,3.4,0.032258064,0.016722407,0.06009278,,,,,,,,,,,,,,,,,REG,LA,ARI,Gerald Everett,EverGe00,0.0,0.0,0.0,118.7
2018,REG,2,00-0034753,M.Andrews,TE,TE,BAL,13671,0618f387-9b72-4270-8b8f-dec4cccc9e4a,17269.0,47436.0,5012.0,,3116365.0,31056.0,,2131121.0,AndrMa00,mark-andrews-1,12559.0,13182.0,366.0,31056.0,820699.0,19803.0,820699.0,Mark Andrews,mark andrews,3,4,17.0,1,0.0,0.0,21.0,1.0,3.0,4.4807167,0,0.8095238,0.0754717,0.041257367,0.1420877,,,,,,,,,,,,,,,,,REG,BAL,CIN,Mark Andrews,AndrMa00,0.0,0.0,0.0,121.9
2018,REG,2,00-0027656,R.Gronkowski,TE,TE,NE,9902,2142a164-48ad-47d6-bb27-0bc58c6b2e62,9721.0,5567.0,515.0,robgronkowski/497240,13229.0,24017.0,,1244303.0,GronRo00,rob-gronkowski-1,6443.0,5729.0,,24017.0,381091.0,10974.0,381091.0,Rob Gronkowski,rob gronkowski,2,4,15.0,0,0.0,0.0,45.0,10.0,1.0,0.3108262,0,0.33333334,0.114285715,0.2112676,0.31931588,,,,,,,,,,,,,,,,,REG,NE,JAX,Rob Gronkowski,GronRo00,0.0,0.0,0.0,59.4
2018,REG,2,00-0028042,L.Stocker,TE,TE,TEN,10354,5b712aed-201c-43dd-b978-b7b6ef91178e,9948.0,6256.0,963.0,lukestocker/2495234,14099.0,24891.0,7589.0,1125485.0,StocLu00,luke-stocker-1,7413.0,6552.0,,24891.0,334186.0,13370.0,334186.0,Luke Stocker,luke stocker,2,2,15.0,0,0.0,0.0,9.0,6.0,1.0,1.0433708,0,1.6666666,0.0952381,0.07377049,0.19449648,,,,,,,,,,,,,,,,,REG,TEN,HOU,Luke Stocker,StocLu00,0.0,0.0,0.0,97.9
2018,REG,2,00-0029738,D.Fells,TE,TE,CLE,11337,54d4e35a-2e6c-48f6-86ad-92dd596c173c,13636.0,8549.0,1592.0,darrenfells/2540928,15773.0,26612.0,,2053740.0,FellDa01,,9758.0,8472.0,,26612.0,266414.0,15247.0,266414.0,Darren Fells,darren fells,2,2,15.0,0,0.0,0.0,11.0,4.0,0.0,0.964701,0,1.3636364,0.06666667,0.04621849,0.13235295,,,,,,,,,,,,,,,,,REG,CLE,NO,Darren Fells,FellDa01,0.0,0.0,0.0,97.9
2018,REG,2,00-0033559,M.Roberts,TE,TE,DET,13197,bb9f0c5a-cbc2-43bb-9aa5-77cdc7e77bb6,16500.0,11882.0,4164.0,,3059945.0,30240.0,,2082652.0,RobeMi01,michael-roberts-3,11896.0,12354.0,,30240.0,749874.0,19010.0,,Michael Roberts,michael roberts,1,1,15.0,1,0.0,0.0,15.0,0.0,1.0,3.9893086,0,1.0,0.01923077,0.032608695,0.051672243,,,,,,,,,,,,,,,,,REG,DET,SF,Michael Roberts,RobeMi01,0.0,0.0,0.0,158.3
2018,REG,2,00-0030089,L.Willson,TE,TE,DET,11381,16c67c97-ffd9-4f92-917d-ad6124ce1f6e,11812.0,7940.0,1603.0,lukewillson/2541199,16121.0,26781.0,,2057661.0,WillLu00,luke-willson-1,8907.0,8567.0,,26781.0,466869.0,15263.0,466869.0,Luke Willson,luke willson,1,1,13.0,0,0.0,0.0,0.0,13.0,1.0,0.83378273,0,0.0,0.01923077,0.0,0.028846154,,,,,,,,,,,,,,,,,REG,DET,SF,Luke Willson,WillLu00,1.0,0.0,0.0,118.7
2018,REG,2,00-0032214,T.Kroft,TE,TE,CIN,12212,36f54823-9d51-4180-9c91-d10281deb4bf,13960.0,9518.0,2390.0,tylerkroft/2552586,2582410.0,28473.0,,1824200.0,KrofTy00,tyler-kroft-1,10247.0,10490.0,,28473.0,592268.0,16846.0,592268.0,Tyler Kroft,tyler kroft,2,2,11.0,0,0.0,0.0,6.0,5.0,2.0,0.8617981,0,1.8333334,0.048780486,0.023346303,0.089513145,,,,,,,,,,,,,,,,,REG,CIN,BAL,Tyler Kroft,KrofTy00,0.0,0.0,0.0,89.6
2018,REG,2,00-0027215,L.Paulsen,TE,TE,ATL,10123,518c96c5-65bb-4559-8074-9cdb2ca32f99,9850.0,5795.0,587.0,loganpaulsen/2507828,13726.0,24608.0,,559624.0,,,6871.0,6368.0,,24608.0,300115.0,11345.0,,Logan Paulsen,logan paulsen,1,1,10.0,0,0.0,0.0,-2.0,12.0,1.0,0.5357963,0,0.0,0.035714287,-0.0068259384,0.04879327,,,,,,,,,,,,,,,,,,,,,,,,,
2018,REG,2,00-0032227,J.Heuerman,TE,TE,DEN,12208,1fe3aadd-336b-4838-888e-8c9609747afc,13961.0,9525.0,2397.0,jeffheuerman/2552399,2576389.0,28480.0,,1824413.0,HeueJe00,jeff-heuerman-1,10246.0,10492.0,,28480.0,593517.0,16853.0,,Jeff Heuerman,jeff heuerman,2,3,10.0,0,0.0,0.0,8.0,2.0,1.0,0.30874404,0,1.25,0.0882353,0.02359882,0.14887212,,,,,,,,,,,,,,,,,REG,DEN,OAK,Jeff Heuerman,HeueJe00,0.0,0.0,0.0,71.5
2018,REG,2,00-0034365,I.Thomas,TE,TE,CAR,13678,ed8a8fd2-df67-45e7-a34f-984afb82f6ea,17387.0,42130.0,4995.0,,4045305.0,31071.0,,2253359.0,ThomIa00,ian-thomas-3,12858.0,13163.0,323.0,31071.0,943093.0,19910.0,943093.0,Ian Thomas,ian thomas,2,3,10.0,0,0.0,0.0,24.0,3.0,1.0,0.086408935,0,0.41666666,0.06666667,0.074074075,0.15185185,,,,,,,,,,,,,,,,,REG,CAR,ATL,Ian Thomas,ThomIa00,0.0,1.0,0.333,71.5
2018,REG,2,00-0024221,V.Davis,TE,TE,WAS,8247,0a95e792-6455-4927-9539-f95fa7f41fbb,9621.0,2951.0,200.0,vernondavis/2495826,9592.0,7755.0,,409254.0,DaviVe00,vernon-davis-1,4732.0,3638.0,,7755.0,215595.0,5084.0,,Vernon Davis,vernon davis,1,1,7.0,0,0.0,0.0,6.0,1.0,1.0,0.57923716,0,1.1666666,0.022727273,0.018404908,0.046974346,,,,,,,,,,,,,,,,,REG,WAS,IND,Vernon Davis,DaviVe00,0.0,0.0,0.0,95.8
2018,REG,2,00-0031260,L.Thomas,TE,TE,BUF,11647,b24625a0-d402-4d59-a778-aa4b073bfe5e,12095.0,8755.0,2251.0,loganthomas/2543767,16813.0,27648.0,,1691193.0,ThomLo00,logan-thomas-1,9323.0,9354.0,,27648.0,507528.0,16656.0,507528.0,Logan Thomas,logan thomas,1,1,7.0,0,0.0,0.0,5.0,2.0,1.0,1.0191038,0,1.4,0.03125,0.014450867,0.05699061,,,,,,,,,,,,,,,,,REG,BUF,LAC,Logan Thomas,ThomLo00,0.0,0.0,0.0,95.8
2018,REG,2,00-0033627,J.Croom,TE,TE,BUF,13890,e17b5817-d955-42be-bb8d-e34d89f6dd71,16770.0,12145.0,4536.0,,2972240.0,30594.0,,2819968.0,,,12082.0,12709.0,,30594.0,690029.0,19415.0,690029.0,Jason Croom,jason croom,2,4,7.0,0,0.0,0.0,32.0,2.0,1.0,-3.9362924,0,0.21875,0.125,0.09248555,0.25223988,,,,,,,,,,,,,,,,,,,,,,,,,
2018,REG,2,00-0029119,D.Carrier,TE,TE,LV,10940,d3fab07b-f02a-433d-9612-cb0a751f324d,11417.0,7406.0,1718.0,derekcarrier/2534241,15403.0,26416.0,,1977121.0,CarrDe00,,9203.0,7527.0,,26416.0,654887.0,15640.0,654887.0,Derek Carrier,derek carrier,1,1,5.0,0,0.0,0.0,5.0,0.0,0.0,0.074286476,0,1.0,0.03125,0.027027028,0.06579392,,,,,,,,,,,,,,,,,REG,OAK,DEN,Derek Carrier,CarrDe00,0.0,0.0,0.0,87.5
2018,REG,2,00-0029587,R.Ellison,TE,TE,NYG,10838,cccc9f16-9508-434f-b7a4-9a29cb0cacf9,11315.0,7128.0,1211.0,rhettellison/2532835,15003.0,25838.0,,1244464.0,ElliRh00,rhett-ellison-1,8114.0,7580.0,,25838.0,399295.0,14445.0,,Rhett Ellison,rhett ellison,2,2,5.0,0,0.0,0.0,2.0,3.0,0.0,-0.8239067,0,2.5,0.045454547,0.006968641,0.073059864,,,,,,,,,,,,,,,,,REG,NYG,DAL,Rhett Ellison,ElliRh00,0.0,0.0,0.0,79.2
2018,REG,2,00-0030216,J.Hill,TE,TE,NO,11529,687cdc33-bd0d-4b70-adb3-33f97dc26a3c,13565.0,8200.0,1777.0,joshhill/2541834,16143.0,26950.0,,2060083.0,HillJo02,,9071.0,8764.0,,26950.0,469509.0,15866.0,,Josh Hill,josh hill,1,1,5.0,0,0.0,0.0,-3.0,8.0,0.0,0.2093517,0,0.0,0.028571429,-0.011764706,0.03462185,,,,,,,,,,,,,,,,,REG,NO,CLE,Josh Hill,HillJo02,0.0,0.0,0.0,87.5
2018,REG,2,00-0027985,L.Kendricks,TE,TE,GB,10318,27921351-a775-4649-bd49-7b4c486d1ba2,9912.0,6199.0,964.0,lancekendricks/2495187,14007.0,24834.0,7425.0,1117803.0,KendLa00,lance-kendricks-1,7412.0,6614.0,,24834.0,332066.0,13386.0,,Lance Kendricks,lance kendricks,1,1,4.0,0,0.0,0.0,4.0,0.0,0.0,0.027502496,0,1.0,0.024390243,0.013333334,0.0459187,,,,,,,,,,,,,,,,,REG,GB,MIN,Lance Kendricks,KendLa00,0.0,0.0,0.0,83.3
2018,REG,2,00-0033110,T.Higbee,TE,TE,LA,12678,0df7912d-9e81-47ea-b4f7-d04986df4ee8,15623.0,10744.0,3271.0,,2573401.0,29344.0,,1853103.0,HigbTy00,tyler-higbee-1,10854.0,11430.0,159.0,29344.0,604176.0,18032.0,604176.0,Tyler Higbee,tyler higbee,1,2,3.0,1,0.0,0.0,19.0,0.0,1.0,0.7783301,0,0.15789473,0.06451613,0.06354515,0.1412558,,,,,,,,,,,,,,,,,REG,LA,ARI,Tyler Higbee,HigbTy00,0.0,0.0,0.0,95.8
2018,REG,2,00-0021547,A.Gates,TE,TE,LAC,7236,82da09c2-e542-4f7d-87d9-24dfd8e014de,9027.0,1609.0,322.0,antoniogates/2505299,5362.0,6663.0,,396811.0,,,3172.0,611.0,,6663.0,234249.0,7884.0,,Antonio Gates,antonio gates,0,1,0.0,0,0.0,0.0,5.0,0.0,0.0,-1.2245688,0,0.0,0.037037037,0.04950495,0.09020902,,,,,,,,,,,,,,,,,,,,,,,,,
2018,REG,2,00-0024243,M.Lewis,TE,TE,GB,8269,9c21e9af-681c-41ef-9b00-fbc9e1668ed1,9413.0,2973.0,111.0,marcedeslewis/2495888,9614.0,7777.0,4007.0,415313.0,LewiMa00,marcedes-lewis-1,4891.0,3615.0,,7777.0,214197.0,3061.0,214197.0,Marcedes Lewis,marcedes lewis,0,1,0.0,0,0.0,0.0,-3.0,0.0,0.0,-0.7370348,0,0.0,0.024390243,-0.01,0.029585365,,,,,,,,,,,,,,,,,REG,GB,MIN,Marcedes Lewis,LewiMa00,0.0,0.0,0.0,39.6
2018,REG,2,00-0030780,R.Hewitt,TE,TE,IND,11927,fa26e15f-2375-4acc-aaae-cf32cfe4bc3e,12881.0,9107.0,1891.0,ryanhewitt/2550206,17169.0,28021.0,,2130137.0,,,9654.0,9985.0,,28021.0,503183.0,16111.0,,Ryan Hewitt,ryan hewitt,0,1,0.0,0,0.0,0.0,5.0,0.0,0.0,-0.50394726,0,0.0,0.032258064,0.03787879,0.07490225,,,,,,,,,,,,,,,,,,,,,,,,,
2018,REG,2,00-0033054,R.Gathers,TE,TE,DAL,12833,ec2db5f2-ffec-4ece-9ca9-7a860c4880b6,15808.0,10851.0,3372.0,,2990959.0,29451.0,,2235884.0,GathRi00,,11236.0,11501.0,,29451.0,696197.0,18133.0,,Rico Gathers,rico gathers,0,2,0.0,0,0.0,0.0,23.0,0.0,0.0,-1.3522356,0,0.0,0.08695652,0.1036036,0.2029573,,,,,,,,,,,,,,,,,REG,DAL,NYG,Rico Gathers,GathRi00,0.0,0.0,0.0,39.6
2018,REG,2,00-0034420,J.Thomas,TE,TE,HOU,13819,f993832a-f81f-4706-90b8-80fd193bdfd7,17399.0,42062.0,5117.0,,4035379.0,31181.0,,2249166.0,ThomJo05,jordan-thomas-6,12697.0,13309.0,,31181.0,922092.0,20020.0,922092.0,Jordan Thomas,jordan thomas,0,3,0.0,0,0.0,0.0,18.0,0.0,0.0,-2.7903156,0,0.0,0.09677419,0.04511278,0.17674024,,,,,,,,,,,,,,,,,REG,HOU,TEN,Jordan Thomas,ThomJo05,0.0,0.0,0.0,39.6
2018,REG,3,00-0030506,T.Kelce,TE,TE,KC,11244,c3859e06-5f23-4302-a71b-04820a899d5f,11594.0,7844.0,1466.0,traviskelce/2540258,15847.0,26686.0,,1725130.0,KelcTr00,travis-kelce-1,8783.0,8411.0,264.0,26686.0,448240.0,15048.0,448240.0,Travis Kelce,travis kelce,8,10,114.0,0,0.0,0.0,74.0,56.0,5.0,9.298863,0,1.5405406,0.2631579,0.19270833,0.5296327,Travis Kelce,KC,5.734444444444445,3.4854071799195587,6.996,17.01030927835052,80.0,114.0,0.0,7.045,5.109624145328667,1.9353758546713333,00-0030506,Travis,Kelce,T.Kelce,REG,KC,SF,Travis Kelce,KelcTr00,0.0,0.0,0.0,114.2
2018,REG,3,00-0030470,V.McDonald,TE,TE,PIT,11257,8f24a248-b328-43ec-8677-67600e42a8f7,11699.0,7836.0,1587.0,vancemcdonald/2540215,15853.0,26678.0,,1673357.0,McDoVa00,vance-mcdonald-1,8785.0,8413.0,,26678.0,494969.0,15239.0,,Vance McDonald,vance mcdonald,4,4,112.0,1,0.0,0.0,22.0,90.0,4.0,12.191435,0,5.090909,0.10810811,0.09016393,0.22527692,,,,,,,,,,,,,,,,,REG,PIT,TB,Vance McDonald,McDoVa00,2.0,0.0,0.0,158.3
2018,REG,3,00-0033288,G.Kittle,TE,TE,SF,13299,2ada91b0-036e-454f-83c3-6d939ff584a9,16499.0,11901.0,4217.0,,3040151.0,30259.0,,2818265.0,KittGe00,george-kittle-1,11892.0,12276.0,298.0,30259.0,733672.0,19063.0,733672.0,George Kittle,george kittle,5,7,79.0,0,0.0,0.0,51.0,53.0,4.0,4.733924,1,1.5490196,0.23333333,0.1875,0.48125,George Kittle,SF,5.648333333333333,5.525975435789986,7.145714285714285,18.87974635766588,71.42857142857143,79.0,0.0,10.558000000000002,6.864874912052628,3.693125087947374,00-0033288,George,Kittle,G.Kittle,REG,SF,KC,George Kittle,KittGe00,2.0,0.0,0.0,108.6
2018,REG,3,00-0030549,T.Eifert,TE,TE,CIN,11250,14ecf9dd-3a77-4847-8e62-407cd1182f1c,11692.0,7802.0,1388.0,tylereifert/2540148,15788.0,26644.0,,1691608.0,EifeTy00,tyler-eifert-1,8782.0,8408.0,,26644.0,508968.0,14918.0,,Tyler Eifert,tyler eifert,6,8,74.0,0,0.0,0.0,99.0,15.0,6.0,4.3347907,0,0.74747473,0.17777778,0.22297297,0.42274776,Tyler Eifert,CIN,6.301666666666667,1.8877326992916639,12.34625,21.62452107279693,75.0,74.0,0.0,3.643333333333332,3.2430070596973906,0.40032627363594164,00-0030549,Tyler,Eifert,T.Eifert,REG,CIN,CAR,Tyler Eifert,EifeTy00,1.0,0.0,0.0,63.5
2018,REG,3,00-0030061,Z.Ertz,TE,TE,PHI,11247,de3421f7-2147-4835-89a5-724e87bad463,11689.0,7816.0,1339.0,zachertz/2540158,15835.0,26658.0,,1685963.0,ErtzZa00,zach-ertz-1,8781.0,8409.0,305.0,26658.0,503177.0,14856.0,503177.0,Zach Ertz,zach ertz,5,10,73.0,0,0.0,0.0,84.0,23.0,4.0,-2.7182074,0,0.86904764,0.27027026,0.29166666,0.60957205,Zach Ertz,PHI,7.061249999999999,3.385750062635573,8.043,29.550297597178343,50.0,73.0,0.0,6.264,5.796432008779538,0.467567991220462,00-0030061,Zachary,Ertz,Z.Ertz,REG,PHI,IND,Zach Ertz,ErtzZa00,0.0,1.0,0.1,34.6
2018,REG,3,00-0034351,D.Goedert,TE,TE,PHI,13674,e8029983-87cf-49a2-bc04-04c8233a0630,17270.0,47272.0,5022.0,,3121023.0,31019.0,,2132551.0,GoedDa00,,12860.0,13151.0,382.0,31019.0,791365.0,19863.0,791365.0,Dallas Goedert,dallas goedert,7,7,73.0,1,0.0,0.0,57.0,16.0,3.0,5.9011455,0,1.2807018,0.1891892,0.19791667,0.42232546,Dallas Goedert,PHI,6.5200000000000005,4.982825322704392,7.958571428571426,20.468072599015354,100.0,73.0,1.0,2.8114285714285736,2.497216931620447,0.3142116398081267,00-0034351,Dallas,Goedert,D.Goedert,REG,PHI,IND,Dallas Goedert,GoedDa00,0.0,0.0,0.0,149.7
2018,REG,3,00-0033879,O.Howard,TE,TE,TB,13188,93ed8c6f-b676-46d3-bf82-6155e89b4a68,16380.0,11774.0,4055.0,,3043080.0,30132.0,,2061190.0,HowaO.00,oj-howard-1,11806.0,12161.0,,30132.0,732147.0,18901.0,732147.0,O.J. Howard,oj howard,6,8,72.0,0,0.0,0.0,75.0,31.0,5.0,4.349949,0,0.96,0.16,0.13489209,0.33442447,O.J. Howard,TB,2.8825000000000003,3.2399835989392187,8.255,12.02454434551447,75.0,72.0,0.0,5.798333333333332,5.274765958014349,0.5235673753189829,00-0033879,O'Terrius,Howard,O.Howard,REG,TB,PIT,O.J. Howard,HowaO.00,1.0,0.0,0.0,102.1
2018,REG,3,00-0022943,B.Watson,TE,TE,NO,7422,d81844de-54c3-42ee-9850-072dc4131b6f,9040.0,1753.0,663.0,benjaminwatson/2506122,5557.0,6791.0,,493107.0,WatsBe00,benjamin-watson-1,3872.0,48.0,,6791.0,246082.0,11756.0,,Ben Watson,ben watson,5,6,71.0,0,0.0,0.0,71.0,14.0,2.0,3.4604495,0,1.0,0.12244898,0.26007327,0.36572474,Benjamin Watson,NO,4.340000000000001,2.35684179773509,10.810000000000002,25.25209266108624,83.33333333333334,71.0,0.0,3.7039999999999993,3.9278925944533514,-0.22389259445335208,00-0022943,Benjamin,Watson,B.Watson,REG,NO,ATL,Ben Watson,WatsBe00,0.0,0.0,0.0,116.0
2018,REG,3,00-0024221,V.Davis,TE,TE,WAS,8247,0a95e792-6455-4927-9539-f95fa7f41fbb,9621.0,2951.0,200.0,vernondavis/2495826,9592.0,7755.0,,409254.0,DaviVe00,vernon-davis-1,4732.0,3638.0,,7755.0,215595.0,5084.0,,Vernon Davis,vernon davis,2,2,70.0,0,0.0,0.0,28.0,42.0,2.0,4.9783216,0,2.5,0.1,0.13861386,0.2470297,,,,,,,,,,,,,,,,,REG,WAS,GB,Vernon Davis,DaviVe00,0.0,0.0,0.0,118.7
2018,REG,3,00-0032055,D.Funchess,TE,TE,CAR,12205,7f5f2a81-ac40-420c-9421-5b9e2a21faf8,13915.0,9474.0,2346.0,,2977609.0,28429.0,,2001877.0,FuncDe00,devin-funchess-1,10138.0,10391.0,,28429.0,696127.0,16802.0,696127.0,Devin Funchess,devin funchess,4,7,67.0,1,0.0,0.0,99.0,13.0,4.0,4.410534,0,0.67676765,0.29166666,0.45412844,0.7553899,,,,,,,,,,,,,,,,,REG,CAR,CIN,Devin Funchess,FuncDe00,0.0,1.0,0.143,129.2
2018,REG,3,00-0030472,J.Reed,TE,TE,WAS,11248,c3bf8d3e-3b2e-4f9e-ad74-c0a684035f17,11690.0,7866.0,1500.0,jordanreed/2540160,15860.0,26708.0,,1691412.0,ReedJo02,jordan-reed-1,8615.0,8412.0,,26708.0,508876.0,15100.0,,Jordan Reed,jordan reed,4,7,65.0,0,0.0,0.0,60.0,31.0,2.0,-0.46562994,0,1.0833334,0.35,0.2970297,0.73292077,Jordan Reed,WAS,9.063333333333333,2.589506019455381,8.55,29.865269461077848,57.14285714285714,65.0,0.0,7.8025,3.620186505338893,4.182313494661107,00-0030472,Jordan,Reed,J.Reed,REG,WAS,GB,Jordan Reed,ReedJo02,3.0,0.0,0.0,48.8
2018,REG,3,00-0034753,M.Andrews,TE,TE,BAL,13671,0618f387-9b72-4270-8b8f-dec4cccc9e4a,17269.0,47436.0,5012.0,,3116365.0,31056.0,,2131121.0,AndrMa00,mark-andrews-1,12559.0,13182.0,366.0,31056.0,820699.0,19803.0,820699.0,Mark Andrews,mark andrews,2,3,59.0,0,0.0,0.0,53.0,26.0,2.0,4.863025,0,1.1132076,0.078947365,0.14520548,0.2200649,,,,,,,,,,,,,,,,,REG,BAL,DEN,Mark Andrews,AndrMa00,0.0,0.0,0.0,109.7
2018,REG,3,00-0030710,T.Burton,TE,TE,CHI,11705,bc0f07a4-3e7b-4e61-987a-05533dc225be,12153.0,9185.0,1793.0,treyburton/2550284,16974.0,27789.0,,2130223.0,BurtTr01,,9490.0,9737.0,,27789.0,542788.0,15965.0,,Trey Burton,trey burton,4,5,55.0,0,0.0,0.0,46.0,15.0,3.0,2.3349564,0,1.1956521,0.14285715,0.13609467,0.30955198,Trey Burton,CHI,4.390000000000001,2.3451929218740815,8.916,13.10367126186767,80.0,55.0,0.0,4.0325000000000015,3.866464154634997,0.1660358453650046,00-0030710,Lawrence,Burton,T.Burton,REG,CHI,ARI,Trey Burton,BurtTr01,0.0,0.0,0.0,112.5
2018,REG,3,00-0034420,J.Thomas,TE,TE,HOU,13819,f993832a-f81f-4706-90b8-80fd193bdfd7,17399.0,42062.0,5117.0,,4035379.0,31181.0,,2249166.0,ThomJo05,jordan-thomas-6,12697.0,13309.0,,31181.0,922092.0,20020.0,922092.0,Jordan Thomas,jordan thomas,2,2,53.0,0,0.0,0.0,15.0,38.0,2.0,3.4068706,0,3.5333333,0.05263158,0.034246575,0.10291997,,,,,,,,,,,,,,,,,REG,HOU,NYG,Jordan Thomas,ThomJo05,0.0,0.0,0.0,118.7
2018,REG,3,00-0027656,R.Gronkowski,TE,TE,NE,9902,2142a164-48ad-47d6-bb27-0bc58c6b2e62,9721.0,5567.0,515.0,robgronkowski/497240,13229.0,24017.0,,1244303.0,GronRo00,rob-gronkowski-1,6443.0,5729.0,,24017.0,381091.0,10974.0,381091.0,Rob Gronkowski,rob gronkowski,4,5,51.0,0,0.0,0.0,76.0,8.0,1.0,2.9596167,0,0.67105263,0.20833333,0.27046263,0.50182384,Rob Gronkowski,NE,6.692,2.9165828084213383,14.952000000000002,26.86889016676251,80.0,51.0,0.0,2.119999999999999,1.8169129709323215,0.3030870290676777,00-0027656,Robert,Gronkowski,R.Gronkowski,REG,NE,DET,Rob Gronkowski,GronRo00,0.0,0.0,0.0,109.2
2018,REG,3,00-0027981,K.Rudolph,TE,TE,MIN,10312,1059e9dc-97df-4643-9116-883a0573d8b1,9906.0,6195.0,943.0,kylerudolph/2495438,14054.0,24830.0,7444.0,1633122.0,RudoKy00,kyle-rudolph-1,7246.0,6459.0,,24830.0,469472.0,13275.0,469472.0,Kyle Rudolph,kyle rudolph,5,6,48.0,1,0.0,0.0,52.0,11.0,4.0,3.8360708,0,0.9230769,0.10909091,0.15522388,0.2722931,Kyle Rudolph,MIN,10.233333333333334,4.702556319175833,8.775,16.623516039403892,83.33333333333334,48.0,1.0,2.097999999999999,1.8589741356716787,0.2390258643283203,00-0027981,Kyle,Rudolph,K.Rudolph,REG,MIN,BUF,Kyle Rudolph,RudoKy00,0.0,0.0,0.0,139.6
2018,REG,3,00-0032141,G.Swaim,TE,TE,DAL,12378,d0f9112d-2496-450a-9fc5-d2d01b4d2454,14164.0,9679.0,2545.0,geoffswaim/2553454,3046704.0,28634.0,,2174207.0,SwaiGe00,geoff-swaim-1,10507.0,10617.0,,28634.0,728021.0,17005.0,728021.0,Geoff Swaim,geoff swaim,5,7,47.0,0,0.0,0.0,32.0,22.0,1.0,-1.7905267,0,1.46875,0.20588236,0.17204301,0.42925364,Geoff Swaim,DAL,6.598000000000001,4.1415715679519485,4.471428571428571,17.62685138255336,71.42857142857143,47.0,0.0,4.424,4.00192621991589,0.42207378008411034,00-0032141,Geoffrey,Swaim,G.Swaim,REG,DAL,SEA,Geoff Swaim,SwaiGe00,0.0,0.0,0.0,89.6
2018,REG,3,00-0021547,A.Gates,TE,TE,LAC,7236,82da09c2-e542-4f7d-87d9-24dfd8e014de,9027.0,1609.0,322.0,antoniogates/2505299,5362.0,6663.0,,396811.0,,,3172.0,611.0,,6663.0,234249.0,7884.0,,Antonio Gates,antonio gates,3,5,45.0,0,0.0,0.0,55.0,24.0,3.0,3.637741,0,0.8181818,0.16666667,0.19927536,0.38949275,Antonio Gates,LAC,2.3659999999999997,1.81872405331959,10.355999999999998,18.54186063166941,60.0,45.0,0.0,7.876666666666668,11.37172706249612,-3.4950603958294524,00-0021547,Antonio,Gates,A.Gates,,,,,,,,,
2018,REG,3,00-0027696,J.Graham,TE,TE,GB,9925,fd85786d-3900-4dc0-9b30-334ee30413ed,9712.0,5619.0,616.0,jimmygraham/497236,13232.0,24070.0,6610.0,1691166.0,GrahJi00,jimmy-graham-1,6532.0,5842.0,,24070.0,295918.0,11488.0,295918.0,Jimmy Graham,jimmy graham,5,7,45.0,0,0.0,0.0,36.0,23.0,2.0,2.5416343,0,1.25,0.15555556,0.11042945,0.31063396,Jimmy Graham,GB,9.97,3.667922790015657,5.281428571428572,10.542675449853139,71.42857142857143,45.0,0.0,4.284000000000001,2.8070736848540037,1.476926315145997,00-0027696,Jimmy,Graham,J.Graham,REG,GB,WAS,Jimmy Graham,GrahJi00,1.0,0.0,0.0,88.4
2018,REG,3,00-0030108,R.Griffin,TE,TE,HOU,11399,cb1df42c-b59c-4e23-a9a2-fbfc2b39ef71,11830.0,7982.0,1425.0,ryangriffin/2541316,15887.0,26824.0,,2057695.0,GrifRy00,ryan-griffin-1,8911.0,8600.0,,26824.0,465129.0,14985.0,465129.0,Ryan Griffin,ryan griffin,2,4,44.0,0,0.0,0.0,48.0,13.0,1.0,0.72119874,0,0.9166667,0.10526316,0.10958904,0.23460707,,,,,,,,,,,,,,,,,REG,HOU,NYG,Ryan Griffin,GrifRy00,0.0,0.0,0.0,89.6
2018,REG,3,00-0029587,R.Ellison,TE,TE,NYG,10838,cccc9f16-9508-434f-b7a4-9a29cb0cacf9,11315.0,7128.0,1211.0,rhettellison/2532835,15003.0,25838.0,,1244464.0,ElliRh00,rhett-ellison-1,8114.0,7580.0,,25838.0,399295.0,14445.0,,Rhett Ellison,rhett ellison,3,3,39.0,1,0.0,0.0,23.0,16.0,2.0,4.1694055,0,1.6956521,0.10344828,0.13450292,0.24932446,,,,,,,,,,,,,,,,,REG,NYG,HOU,Rhett Ellison,ElliRh00,0.0,0.0,0.0,158.3
2018,REG,3,00-0033885,D.Njoku,TE,TE,CLE,13192,8f86fcea-90e8-49ea-bc78-5c7659313e57,16399.0,11784.0,4033.0,,3123076.0,30142.0,,2136474.0,NjokDa00,david-njoku-1,11734.0,12186.0,252.0,30142.0,832098.0,18876.0,832098.0,David Njoku,david njoku,2,2,36.0,0,0.0,0.0,23.0,13.0,2.0,2.0255432,0,1.5652174,0.057142857,0.058375634,0.12657723,,,,,,,,,,,,,,,,,REG,CLE,NYJ,David Njoku,NjokDa00,0.0,0.0,0.0,118.7
2018,REG,3,00-0033110,T.Higbee,TE,TE,LA,12678,0df7912d-9e81-47ea-b4f7-d04986df4ee8,15623.0,10744.0,3271.0,,2573401.0,29344.0,,1853103.0,HigbTy00,tyler-higbee-1,10854.0,11430.0,159.0,29344.0,604176.0,18032.0,604176.0,Tyler Higbee,tyler higbee,2,2,35.0,0,0.0,0.0,19.0,16.0,2.0,2.704347,0,1.8421053,0.057142857,0.09405941,0.15155587,,,,,,,,,,,,,,,,,REG,LA,LAC,Tyler Higbee,HigbTy00,0.0,0.0,0.0,118.7
2018,REG,3,00-0033611,R.Seals-Jones,TE,TE,ARI,13382,52735659-a294-4f64-a7f4-3591450834e5,16730.0,12020.0,4531.0,,3051806.0,30494.0,,2080003.0,SealRi00,,11876.0,12463.0,,30494.0,744568.0,19410.0,744568.0,Ricky Seals-Jones,ricky seals-jones,1,3,35.0,1,0.0,0.0,29.0,18.0,1.0,0.94658154,0,1.2068965,0.12,0.12184874,0.2652941,,,,,,,,,,,,,,,,,REG,ARI,CHI,Ricky Seals-Jones,SealRi00,0.0,0.0,0.0,118.1
2018,REG,3,00-0031273,C.Brate,TE,TE,TB,12110,5afe93fd-0caf-4cca-83fc-7f405bebfa3e,13470.0,9207.0,2214.0,,17453.0,28267.0,,2132787.0,BratCa00,,10008.0,10193.0,,28267.0,552926.0,16593.0,552926.0,Cameron Brate,cameron brate,3,4,34.0,1,0.0,0.0,39.0,7.0,3.0,4.690382,0,0.8717949,0.08,0.070143886,0.16910072,,,,,,,,,,,,,,,,,REG,TB,PIT,Cameron Brate,BratCa00,1.0,0.0,0.0,139.6
2018,REG,3,00-0031387,E.Ebron,TE,TE,IND,11695,9fbcfae9-dd14-415c-8952-9b1b5dff0dfc,12143.0,8645.0,2118.0,ericebron/2543466,16732.0,27538.0,,1865396.0,EbroEr00,eric-ebron-1,9210.0,9390.0,,27538.0,605752.0,16451.0,605752.0,Eric Ebron,eric ebron,5,11,33.0,0,0.0,0.0,91.0,21.0,1.0,-3.3272982,0,0.36263737,0.2682927,0.33333334,0.63577235,Eric Ebron,IND,6.2942857142857145,5.456043274407136,9.086363636363638,30.453991468616703,45.45454545454545,33.0,0.0,4.378,4.910357843684233,-0.5323578436842329,00-0031387,Eric,Ebron,E.Ebron,REG,IND,PHI,Eric Ebron,EbroEr00,0.0,1.0,0.091,52.5
2018,REG,3,00-0027061,J.Cook,TE,TE,LV,9474,3b7a1409-d154-4e5c-8c94-9d4a0e0993c7,9265.0,5012.0,367.0,jaredcook/71265,12537.0,9353.0,6126.0,584314.0,CookJa02,jared-cook-2,5981.0,5165.0,,9353.0,296480.0,8534.0,296480.0,Jared Cook,jared cook,5,6,31.0,0,0.0,0.0,5.0,26.0,2.0,1.330745,0,6.2,0.15789473,0.02232143,0.2524671,Jared Cook,LV,7.602500000000001,2.235127031178721,0.07500000000000166,0.1888851578240472,83.33333333333334,31.0,0.0,5.977999999999999,6.49620761944629,-0.518207619446291,00-0027061,Jared,Cook,J.Cook,REG,OAK,MIA,Jared Cook,CookJa02,0.0,0.0,0.0,88.2
2018,REG,3,00-0034829,M.Gesicki,TE,TE,MIA,13672,1012cbe0-7eba-4169-bfca-183a0204e1a7,17272.0,47153.0,4993.0,,3116164.0,31012.0,,2139298.0,GesiMi00,mike-gesicki-1,12764.0,13104.0,330.0,31012.0,836152.0,19853.0,836152.0,Mike Gesicki,mike gesicki,3,3,31.0,0,0.0,0.0,19.0,12.0,1.0,1.5473384,0,1.6315789,0.125,0.076612905,0.24112903,,,,,,,,,,,,,,,,,REG,MIA,OAK,Mike Gesicki,GesiMi00,0.0,0.0,0.0,109.7
2018,REG,3,00-0032394,N.Vannett,TE,TE,SEA,12680,c731aa8a-778b-4ccd-a19f-517eb66f47b7,15645.0,10728.0,3258.0,,2576399.0,29328.0,,1871322.0,VannNi00,nick-vannett-1,10949.0,11329.0,,29328.0,606488.0,18019.0,606488.0,Nick Vannett,nick vannett,4,5,27.0,0,0.0,0.0,48.0,9.0,2.0,1.3721056,0,0.5625,0.2,0.22429906,0.45700935,Nick Vannett,SEA,6.82,3.4992972112481424,8.187999999999999,18.660832307762433,80.0,27.0,0.0,2.892500000000001,3.2672103230641483,-0.3747103230641473,00-0032394,Nicholas,Vannett,N.Vannett,REG,SEA,DAL,Nick Vannett,VannNi00,0.0,0.0,0.0,89.2
2018,REG,3,00-0033627,J.Croom,TE,TE,BUF,13890,e17b5817-d955-42be-bb8d-e34d89f6dd71,16770.0,12145.0,4536.0,,2972240.0,30594.0,,2819968.0,,,12082.0,12709.0,,30594.0,690029.0,19415.0,690029.0,Jason Croom,jason croom,1,1,26.0,1,0.0,0.0,19.0,7.0,1.0,3.3854058,0,1.3684211,0.045454547,0.1,0.13818182,,,,,,,,,,,,,,,,,,,,,,,,,
2018,REG,3,00-0032392,A.Hooper,TE,TE,ATL,12677,90c2a93f-d837-4e1b-b57c-56648903a8db,15581.0,10715.0,3202.0,,3043275.0,29315.0,,2067004.0,HoopAu00,austin-hooper-1,10748.0,11301.0,384.0,29315.0,739424.0,17963.0,739424.0,Austin Hooper,austin hooper,3,4,23.0,0,0.0,0.0,18.0,11.0,0.0,-1.2544199,1,1.2777778,0.11764706,0.06,0.21847059,,,,,,,,,,,,,,,,,REG,ATL,NO,Austin Hooper,HoopAu00,1.0,0.0,0.0,88.5
2018,REG,3,00-0031299,J.Matthews,TE,TE,PHI,11676,7b96a836-666b-47b6-a0a7-9dbb0b4c53e8,12124.0,8677.0,1800.0,jordanmatthews/2543500,16763.0,27570.0,,1759816.0,MattJo00,jordan-matthews-1,9273.0,9420.0,,27570.0,555648.0,15974.0,555648.0,Jordan Matthews,jordan matthews,2,2,21.0,0,0.0,0.0,17.0,4.0,0.0,0.25248188,0,1.2352941,0.054054055,0.059027776,0.12240052,,,,,,,,,,,,,,,,,REG,PHI,IND,Jordan Matthews,MattJo00,0.0,0.0,0.0,110.4
2018,REG,3,00-0034365,I.Thomas,TE,TE,CAR,13678,ed8a8fd2-df67-45e7-a34f-984afb82f6ea,17387.0,42130.0,4995.0,,4045305.0,31071.0,,2253359.0,ThomIa00,ian-thomas-3,12858.0,13163.0,323.0,31071.0,943093.0,19910.0,943093.0,Ian Thomas,ian thomas,3,5,20.0,0,0.0,0.0,25.0,4.0,1.0,-1.8115584,0,0.8,0.20833333,0.1146789,0.39277524,Ian Thomas,CAR,6.166,2.8121035631793316,5.392000000000001,12.381171067738235,60.0,20.0,0.0,1.0933333333333313,1.823212439822252,-0.7298791064889207,00-0034365,Ian,Thomas,I.Thomas,REG,CAR,CIN,Ian Thomas,ThomIa00,0.0,0.0,0.0,68.7
2018,REG,3,00-0032134,C.Uzomah,TE,TE,CIN,12317,19858900-5c8e-49a7-ab02-34ef625724ca,14084.0,9590.0,2460.0,c.j.uzomah/2552559,2574576.0,28545.0,,2174118.0,UzomC.00,cj-uzomah-1,10462.0,10534.0,,28545.0,593305.0,16917.0,593305.0,C.J. Uzomah,cj uzomah,2,2,19.0,1,0.0,0.0,14.0,5.0,2.0,2.2852592,0,1.3571428,0.044444446,0.03153153,0.08873874,,,,,,,,,,,,,,,,,REG,CIN,CAR,C.J. Uzomah,UzomC.00,0.0,0.0,0.0,145.8
2018,REG,3,00-0033881,E.Engram,TE,TE,NYG,13189,e21365af-8d66-416e-b0a5-8816d18fcfd9,16411.0,11778.0,4066.0,,3051876.0,30136.0,,2079887.0,EngrEv00,evan-engram-1,11805.0,12205.0,229.0,30136.0,749185.0,18912.0,749185.0,Evan Engram,evan engram,1,1,19.0,0,0.0,0.0,4.0,15.0,1.0,1.4055033,0,4.75,0.03448276,0.023391813,0.0680984,,,,,,,,,,,,,,,,,REG,NYG,HOU,Evan Engram,EngrEv00,0.0,0.0,0.0,118.7
2018,REG,3,00-0028112,C.Clay,TE,TE,BUF,10409,04ca4fb9-194e-47fe-8fc8-adb5790a8e78,10003.0,6326.0,801.0,charlesclay/2495139,14145.0,24961.0,,1265552.0,ClayCh00,charles-clay-1,7424.0,6681.0,,24961.0,400516.0,12751.0,,Charles Clay,charles clay,2,3,18.0,0,0.0,0.0,-1.0,23.0,1.0,0.84856045,0,0.0,0.13636364,-0.005263158,0.20086125,,,,,,,,,,,,,,,,,REG,BUF,MIN,Charles Clay,ClayCh00,0.0,0.0,0.0,82.6
2018,REG,3,00-0031418,A.Seferian-Jenkins,TE,TE,JAX,11697,e78261de-af00-4530-824c-500addbe9f98,12145.0,8673.0,2222.0,austinseferian-jenkins/2543683,16795.0,27566.0,,1824731.0,SefeAu00,austin-seferian-jenkins-1,9241.0,9400.0,,27566.0,593347.0,16608.0,,Austin Seferian-Jenkins,austin seferian-jenkins,3,5,18.0,0,0.0,0.0,28.0,2.0,1.0,-0.4122968,0,0.64285713,0.14705883,0.2074074,0.3657734,Austin Seferian-Jenkins,JAX,5.243333333333333,2.6866276890638408,6.002,21.703912634700217,60.0,18.0,0.0,1.1433333333333355,1.6814065638040272,-0.5380732304706917,00-0031418,Austin,Seferian-Jenkins,A.Seferian-Jenkins,REG,JAX,TEN,Austin Seferian-Jenkins,SefeAu00,0.0,0.0,0.0,67.1
2018,REG,3,00-0034364,J.Akins,TE,TE,HOU,13753,0cb5a32a-a340-4671-ba2a-93f5fa6aee8d,17415.0,47050.0,5032.0,,3128452.0,31068.0,,2142712.0,AkinJo00,jordan-akins-1,12568.0,13238.0,,31068.0,838396.0,19903.0,838396.0,Jordan Akins,jordan akins,1,1,18.0,0,0.0,0.0,1.0,17.0,1.0,1.5715717,0,18.0,0.02631579,0.002283105,0.04107186,,,,,,,,,,,,,,,,,REG,HOU,NYG,Jordan Akins,AkinJo00,1.0,0.0,0.0,118.7
2018,REG,3,00-0030216,J.Hill,TE,TE,NO,11529,687cdc33-bd0d-4b70-adb3-33f97dc26a3c,13565.0,8200.0,1777.0,joshhill/2541834,16143.0,26950.0,,2060083.0,HillJo02,,9071.0,8764.0,,26950.0,469509.0,15866.0,,Josh Hill,josh hill,1,1,17.0,0,0.0,0.0,0.0,17.0,1.0,1.1060644,0,0.0,0.020408163,0.0,0.030612245,,,,,,,,,,,,,,,,,REG,NO,ATL,Josh Hill,HillJo02,1.0,0.0,0.0,118.7
2018,REG,3,00-0031609,A.Derby,TE,TE,MIA,12351,f0805b80-e01c-46fd-99a6-dae1134fb764,14072.0,9635.0,2503.0,a.j.derby/2552580,3046413.0,28590.0,,2061203.0,DerbA.00,aj-derby-1,10484.0,10576.0,,28590.0,543797.0,16962.0,,A.J. Derby,aj derby,1,1,16.0,0,0.0,0.0,14.0,2.0,1.0,0.6923311,0,1.1428572,0.041666668,0.05645161,0.10201613,,,,,,,,,,,,,,,,,REG,MIA,OAK,A.J. Derby,DerbA.00,0.0,0.0,0.0,118.7
2018,REG,3,00-0032214,T.Kroft,TE,TE,CIN,12212,36f54823-9d51-4180-9c91-d10281deb4bf,13960.0,9518.0,2390.0,tylerkroft/2552586,2582410.0,28473.0,,1824200.0,KrofTy00,tyler-kroft-1,10247.0,10490.0,,28473.0,592268.0,16846.0,592268.0,Tyler Kroft,tyler kroft,1,1,16.0,0,0.0,0.0,11.0,5.0,1.0,0.9581873,0,1.4545455,0.022222223,0.024774775,0.050675675,,,,,,,,,,,,,,,,,REG,CIN,CAR,Tyler Kroft,KrofTy00,0.0,0.0,0.0,118.7
2018,REG,3,00-0031690,E.Tomlinson,TE,TE,NYJ,13065,b3d7169b-9cf6-4fea-815a-26e4fb0ec16a,14339.0,9786.0,2755.0,,2511973.0,28658.0,,1759992.0,TomlEr01,,10553.0,10747.0,,28658.0,554431.0,17223.0,554431.0,Eric Tomlinson,eric tomlinson,1,2,14.0,0,0.0,0.0,6.0,20.0,1.0,0.28555247,0,2.3333333,0.06666667,0.02970297,0.120792076,,,,,,,,,,,,,,,,,REG,NYJ,CLE,Eric Tomlinson,TomlEr01,0.0,0.0,0.0,72.9
2018,REG,3,00-0030155,D.Harris,TE,TE,KC,11448,8506c15c-15cc-4d2c-aebf-270c605fe0ec,11881.0,8524.0,1619.0,demetriusharris/2541187,16318.0,27174.0,,2060074.0,HarrDe03,,9847.0,8683.0,,27174.0,602269.0,15305.0,602269.0,Demetrius Harris,demetrius harris,1,3,13.0,1,0.0,0.0,41.0,0.0,1.0,-0.0529801,0,0.31707317,0.078947365,0.106770836,0.19316064,,,,,,,,,,,,,,,,,REG,KC,SF,Demetrius Harris,HarrDe03,0.0,1.0,0.333,87.5
2018,REG,3,00-0027215,L.Paulsen,TE,TE,ATL,10123,518c96c5-65bb-4559-8074-9cdb2ca32f99,9850.0,5795.0,587.0,loganpaulsen/2507828,13726.0,24608.0,,559624.0,,,6871.0,6368.0,,24608.0,300115.0,11345.0,,Logan Paulsen,logan paulsen,1,1,11.0,0,0.0,0.0,4.0,7.0,1.0,0.632348,0,2.75,0.029411765,0.013333334,0.05345098,,,,,,,,,,,,,,,,,,,,,,,,,
2018,REG,3,00-0028042,L.Stocker,TE,TE,TEN,10354,5b712aed-201c-43dd-b978-b7b6ef91178e,9948.0,6256.0,963.0,lukestocker/2495234,14099.0,24891.0,7589.0,1125485.0,StocLu00,luke-stocker-1,7413.0,6552.0,,24891.0,334186.0,13370.0,334186.0,Luke Stocker,luke stocker,1,2,11.0,0,0.0,0.0,5.0,8.0,1.0,0.31332055,0,2.2,0.0952381,0.056179777,0.18218298,,,,,,,,,,,,,,,,,REG,TEN,JAX,Luke Stocker,StocLu00,0.0,0.0,0.0,66.7
2018,REG,3,00-0030089,L.Willson,TE,TE,DET,11381,16c67c97-ffd9-4f92-917d-ad6124ce1f6e,11812.0,7940.0,1603.0,lukewillson/2541199,16121.0,26781.0,,2057661.0,WillLu00,luke-willson-1,8907.0,8567.0,,26781.0,466869.0,15263.0,466869.0,Luke Willson,luke willson,2,3,10.0,0,0.0,0.0,22.0,9.0,1.0,-3.2184522,0,0.45454547,0.08571429,0.11340206,0.20795287,,,,,,,,,,,,,,,,,REG,DET,NE,Luke Willson,WillLu00,0.0,0.0,0.0,31.9
2018,REG,3,00-0032599,J.Perkins,TE,TE,PHI,12685,9c18801d-bdaa-4036-9663-24280c763bcf,16233.0,11051.0,3668.0,,2578377.0,29654.0,,1884450.0,PerkJo02,,11317.0,11804.0,,29654.0,608012.0,18468.0,,Joshua Perkins,joshua perkins,1,4,10.0,0,0.0,0.0,40.0,5.0,1.0,-0.7621568,0,0.25,0.10810811,0.1388889,0.2593844,,,,,,,,,,,,,,,,,REG,PHI,IND,Joshua Perkins,PerkJo02,0.0,1.0,0.25,39.6
2018,REG,3,00-0027873,J.Gresham,TE,TE,ARI,9838,b44773b9-af17-4d6c-a453-132e20849712,9685.0,5546.0,530.0,jermainegresham/497238,13228.0,23996.0,,1123667.0,GresJe00,jermaine-gresham-1,6455.0,5549.0,,23996.0,333278.0,11026.0,,Jermaine Gresham,jermaine gresham,1,2,9.0,0,0.0,0.0,8.0,0.0,1.0,0.72987014,0,1.125,0.08,0.033613447,0.14352942,,,,,,,,,,,,,,,,,REG,ARI,CHI,Jermaine Gresham,GresJe00,0.0,1.0,0.5,62.5
2018,REG,3,00-0033858,J.Smith,TE,TE,TEN,13193,e4f25a37-74de-4bfb-b6c9-f50a4fab0b87,16460.0,11855.0,4144.0,,3054212.0,30213.0,,2081506.0,SmitJo01,jonnu-smith-1,11807.0,12344.0,84.0,30213.0,743749.0,18990.0,743749.0,Jonnu Smith,jonnu smith,1,2,9.0,0,0.0,0.0,7.0,0.0,1.0,0.21083233,0,1.2857143,0.0952381,0.07865169,0.19791332,,,,,,,,,,,,,,,,,REG,TEN,JAX,Jonnu Smith,SmitJo01,0.0,0.0,0.0,62.5
2018,REG,3,00-0033564,J.Butt,TE,TE,DEN,13190,6d49d4d1-a254-48de-9f6f-eeecac82ad88,16456.0,11900.0,4151.0,,3045225.0,30258.0,,2060719.0,ButtJa00,jake-butt-1,11888.0,12254.0,,30258.0,728230.0,18997.0,,Jake Butt,jake butt,2,4,8.0,0,0.0,0.0,11.0,3.0,0.0,-4.53958,0,0.72727275,0.11764706,0.06010929,0.21854709,,,,,,,,,,,,,,,,,REG,DEN,BAL,Jake Butt,ButtJa00,0.0,0.0,0.0,56.2
2018,REG,3,00-0028903,G.Celek,TE,TE,SF,11007,16cc9ade-f9ad-4d32-b5b9-d7568ee80f58,11507.0,7274.0,1223.0,garrettcelek/2534820,15204.0,26253.0,,1975891.0,,,8516.0,7982.0,,26253.0,403184.0,14496.0,,Garrett Celek,garrett celek,1,1,7.0,0,0.0,0.0,6.0,1.0,1.0,0.9121204,0,1.1666666,0.033333335,0.022058824,0.06544118,,,,,,,,,,,,,,,,,,,,,,,,,
2018,REG,3,00-0030854,E.Swoope,TE,TE,IND,11904,947e7faa-e8be-4603-829c-b57e4247ccbf,12352.0,9303.0,1975.0,erikswoope/2550405,17091.0,27914.0,,2130326.0,,,9808.0,9792.0,,27914.0,550290.0,16238.0,,Erik Swoope,erik swoope,1,1,7.0,0,0.0,0.0,7.0,0.0,0.0,-0.47009036,0,1.0,0.024390243,0.025641026,0.054534085,,,,,,,,,,,,,,,,,,,,,,,,,
2018,REG,3,00-0032135,J.James,TE,TE,PIT,12211,a37a5bfd-b48c-4d8b-817a-d8ce7ca3592d,13959.0,9593.0,2463.0,jessejames/2552633,2979590.0,28548.0,,1983808.0,JameJe00,jesse-james-1,10150.0,10403.0,,28548.0,652019.0,16920.0,652019.0,Jesse James,jesse james,1,1,7.0,0,0.0,0.0,3.0,4.0,0.0,0.23094083,0,2.3333333,0.027027028,0.012295082,0.0491471,,,,,,,,,,,,,,,,,REG,PIT,TB,Jesse James,JameJe00,0.0,0.0,0.0,95.8
2018,REG,3,00-0032227,J.Heuerman,TE,TE,DEN,12208,1fe3aadd-336b-4838-888e-8c9609747afc,13961.0,9525.0,2397.0,jeffheuerman/2552399,2576389.0,28480.0,,1824413.0,HeueJe00,jeff-heuerman-1,10246.0,10492.0,,28480.0,593517.0,16853.0,,Jeff Heuerman,jeff heuerman,2,4,7.0,0,0.0,0.0,12.0,5.0,0.0,-7.2533255,0,0.5833333,0.11764706,0.06557377,0.22237223,,,,,,,,,,,,,,,,,REG,DEN,BAL,Jeff Heuerman,HeueJe00,0.0,0.0,0.0,16.7
2018,REG,3,00-0034270,T.Conklin,TE,TE,MIN,13675,f0d17dfa-ebf3-416c-a8d2-c6bc30675103,17598.0,47327.0,5133.0,,3915486.0,31220.0,,2165249.0,ConkTy00,tyler-conklin-1,12809.0,13220.0,489.0,31127.0,861278.0,19988.0,861278.0,Tyler Conklin,tyler conklin,1,1,7.0,0,0.0,0.0,3.0,4.0,0.0,-0.03619931,0,2.3333333,0.018181818,0.0089552235,0.033541385,,,,,,,,,,,,,,,,,REG,MIN,BUF,Tyler Conklin,ConkTy00,0.0,0.0,0.0,95.8
2018,REG,3,00-0028142,V.Green,TE,TE,LAC,10432,6ef43c53-53d7-4b0f-ad99-17664d663ae8,10026.0,6356.0,868.0,virgilgreen/2495288,14085.0,24991.0,7502.0,1130615.0,GreeVi00,virgil-green-1,7416.0,6570.0,,24991.0,323254.0,13016.0,,Virgil Green,virgil green,1,1,6.0,0,0.0,0.0,4.0,2.0,0.0,0.28021738,0,1.5,0.033333335,0.014492754,0.060144927,,,,,,,,,,,,,,,,,REG,LAC,LA,Virgil Green,GreeVi00,0.0,0.0,0.0,91.7
2018,REG,3,00-0031558,M.Williams,TE,TE,BAL,12206,52f4a43a-64a9-4d69-a9e2-28bd60f68e49,13919.0,9488.0,2360.0,,2970726.0,28443.0,,1983769.0,WillMa04,maxx-williams-1,10128.0,10298.0,,28443.0,651658.0,16816.0,651658.0,Maxx Williams,maxx williams,1,1,5.0,0,0.0,0.0,4.0,1.0,0.0,0.49600664,0,1.25,0.02631579,0.010958904,0.047144916,,,,,,,,,,,,,,,,,REG,BAL,DEN,Maxx Williams,WillMa04,0.0,0.0,0.0,87.5
2018,REG,3,00-0034159,W.Dissly,TE,TE,SEA,13763,383f4814-6836-4766-a297-fc063e8509cc,18049.0,30762.0,5010.0,,3127292.0,31090.0,,2139628.0,DissWi00,will-dissly-1,12986.0,13246.0,86.0,31090.0,837806.0,19950.0,837806.0,Will Dissly,will dissly,1,3,4.0,0,0.0,0.0,5.0,2.0,0.0,-1.4620528,0,0.8,0.12,0.023364486,0.19635513,,,,,,,,,,,,,,,,,REG,SEA,DAL,Will Dissly,DissWi00,0.0,0.0,0.0,42.4
2018,REG,3,00-0033895,G.Everett,TE,TE,LA,13236,ebeceb00-57e0-4b74-9cf7-853da2afed18,16459.0,11799.0,4089.0,,3918639.0,30157.0,,2142692.0,EverGe00,gerald-everett-1,11737.0,12284.0,55.0,30157.0,838487.0,18935.0,838487.0,Gerald Everett,gerald everett,1,2,3.0,0,0.0,0.0,10.0,3.0,0.0,-3.225222,0,0.3,0.057142857,0.04950495,0.12036775,,,,,,,,,,,,,,,,,REG,LA,LAC,Gerald Everett,EverGe00,0.0,0.0,0.0,16.7
2018,REG,3,00-0031598,N.Boyle,TE,TE,BAL,12328,9480dd9f-151f-4e6d-b5a3-35f07bda4cac,13963.0,9604.0,2474.0,,2574591.0,28559.0,,1888149.0,BoylNi00,,10252.0,10547.0,,28559.0,608753.0,16931.0,608753.0,Nick Boyle,nick boyle,1,1,2.0,0,0.0,0.0,1.0,1.0,0.0,0.08472321,0,2.0,0.02631579,0.002739726,0.041391492,,,,,,,,,,,,,,,,,REG,BAL,DEN,Nick Boyle,BoylNi00,0.0,0.0,0.0,79.2
2018,REG,3,00-0027985,L.Kendricks,TE,TE,GB,10318,27921351-a775-4649-bd49-7b4c486d1ba2,9912.0,6199.0,964.0,lancekendricks/2495187,14007.0,24834.0,7425.0,1117803.0,KendLa00,lance-kendricks-1,7412.0,6614.0,,24834.0,332066.0,13386.0,,Lance Kendricks,lance kendricks,0,1,0.0,0,0.0,0.0,29.0,0.0,0.0,-1.0960474,0,0.0,0.022222223,0.08895706,0.09560327,,,,,,,,,,,,,,,,,REG,GB,WAS,Lance Kendricks,KendLa00,0.0,1.0,1.0,39.6
2018,REG,3,00-0029414,O.Charles,TE,TE,CLE,10747,b6325c85-c313-4cfb-a299-9884d5e9e389,11224.0,7116.0,1065.0,orsoncharles/2533047,14902.0,25826.0,,1707633.0,CharOr00,orson-charles-1,8042.0,7457.0,,25826.0,512099.0,13861.0,,Orson Charles,orson charles,0,1,0.0,0,0.0,0.0,18.0,0.0,0.0,-0.8647792,0,0.0,0.028571429,0.04568528,0.074836835,,,,,,,,,,,,,,,,,REG,CLE,NYJ,Orson Charles,CharOr00,0.0,1.0,1.0,39.6
2018,REG,3,00-0031035,X.Grimble,TE,TE,PIT,11701,c9557ff2-899f-41e3-8a0e-35ca874db9b2,12149.0,9092.0,2082.0,xaviergrimble/2550521,17348.0,28184.0,,2130777.0,,,9283.0,9614.0,,28184.0,555680.0,16395.0,,Xavier Grimble,xavier grimble,0,1,0.0,0,0.0,0.0,23.0,0.0,0.0,-0.4190836,0,0.0,0.027027028,0.094262294,0.10652415,,,,,,,,,,,,,,,,,,,,,,,,,
2018,REG,3,00-0031951,J.O'Shaughnessy,TE,TE,JAX,12330,e5c6b0d4-3e77-422b-a6d8-574a10ed385e,14146.0,9606.0,2476.0,,2508079.0,28561.0,,2174148.0,O'ShJa00,,10249.0,10549.0,,28561.0,552352.0,16933.0,552352.0,James O'Shaughnessy,james oshaughnessy,0,1,0.0,0,0.0,0.0,-6.0,0.0,0.0,-0.5414721,0,0.0,0.029411765,-0.044444446,0.013006536,,,,,,,,,,,,,,,,,REG,JAX,TEN,James O'Shaughnessy,O'ShJa00,0.0,0.0,0.0,39.6
2018,REG,3,00-0033658,B.Jarwin,TE,TE,DAL,13722,43e8a6ac-d451-4dbd-b145-797764f91494,16638.0,12320.0,4571.0,,2991767.0,30784.0,,2819999.0,JarwBl00,,12179.0,12507.0,,30784.0,711965.0,19457.0,711965.0,Blake Jarwin,blake jarwin,0,1,0.0,0,0.0,0.0,4.0,0.0,0.0,-4.325416,0,0.0,0.029411765,0.021505376,0.059171412,,,,,,,,,,,,,,,,,REG,DAL,SEA,Blake Jarwin,JarwBl00,0.0,0.0,0.0,0.0
2018,REG,3,00-0033953,J.Leggett,TE,TE,NYJ,13195,bea00842-e4db-4955-857a-ea8d4a0e215b,16458.0,11905.0,4153.0,,3045118.0,30263.0,,2060412.0,LeggJo00,jordan-leggett-1,11893.0,12307.0,,30263.0,733735.0,18999.0,,Jordan Leggett,jordan leggett,0,1,0.0,0,0.0,0.0,8.0,0.0,0.0,-0.83699703,0,0.0,0.033333335,0.03960396,0.07772277,,,,,,,,,,,,,,,,,REG,NYJ,CLE,Jordan Leggett,LeggJo00,0.0,0.0,0.0,39.6
2018,REG,3,00-0034766,C.Herndon,TE,TE,NYJ,13679,780a48de-d092-4e87-9c34-8d1b45a154cc,17536.0,47164.0,5009.0,,3123050.0,31077.0,,2136463.0,HernCh00,christopher-herndon-iv-1,12899.0,13228.0,,31077.0,832080.0,19947.0,832080.0,Chris Herndon,chris herndon,2,2,-1.0,0,0.0,0.0,-9.0,8.0,0.0,-1.9005009,0,0.0,0.06666667,-0.044554457,0.06881188,,,,,,,,,,,,,,,,,REG,NYJ,CLE,Chris Herndon,HernCh00,0.0,0.0,0.0,79.2
2018,REG,4,00-0033288,G.Kittle,TE,TE,SF,13299,2ada91b0-036e-454f-83c3-6d939ff584a9,16499.0,11901.0,4217.0,,3040151.0,30259.0,,2818265.0,KittGe00,george-kittle-1,11892.0,12276.0,298.0,30259.0,733672.0,19063.0,733672.0,George Kittle,george kittle,6,8,125.0,1,0.0,0.0,62.0,90.0,4.0,10.547295,0,2.016129,0.22222222,0.3131313,0.5525253,George Kittle,SF,4.031666666666666,4.0490102179153595,8.026250000000001,28.39517091938266,75.0,125.0,1.0,14.6,8.916245512433571,5.6837544875664285,00-0033288,George,Kittle,G.Kittle,REG,SF,LAC,George Kittle,KittGe00,0.0,0.0,0.0,156.2
2018,REG,4,00-0030061,Z.Ertz,TE,TE,PHI,11247,de3421f7-2147-4835-89a5-724e87bad463,11689.0,7816.0,1339.0,zachertz/2540158,15835.0,26658.0,,1685963.0,ErtzZa00,zach-ertz-1,8781.0,8409.0,305.0,26658.0,503177.0,14856.0,503177.0,Zach Ertz,zach ertz,10,14,112.0,0,0.0,0.0,81.0,41.0,6.0,3.4766097,0,1.3827161,0.28,0.216,0.5712,Zach Ertz,PHI,4.676,3.8313413640997154,6.912857142857141,24.724727282017213,71.42857142857143,112.0,0.0,3.7030000000000016,4.07100717224763,-0.3680071722476286,00-0030061,Zachary,Ertz,Z.Ertz,REG,PHI,TEN,Zach Ertz,ErtzZa00,0.0,0.0,0.0,94.9
2018,REG,4,00-0027061,J.Cook,TE,TE,LV,9474,3b7a1409-d154-4e5c-8c94-9d4a0e0993c7,9265.0,5012.0,367.0,jaredcook/71265,12537.0,9353.0,6126.0,584314.0,CookJa02,jared-cook-2,5981.0,5165.0,,9353.0,296480.0,8534.0,296480.0,Jared Cook,jared cook,8,13,110.0,2,0.0,0.0,105.0,30.0,6.0,7.652022,0,1.0476191,0.23214285,0.23076923,0.50975275,Jared Cook,LV,3.376666666666667,3.0505615265157653,7.093846153846156,21.3028413028413,61.53846153846154,110.0,2.0,4.866249999999997,4.468879697385866,0.39737030261413153,00-0027061,Jared,Cook,J.Cook,REG,OAK,CLE,Jared Cook,CookJa02,0.0,3.0,0.231,96.2
2018,REG,4,00-0030710,T.Burton,TE,TE,CHI,11705,bc0f07a4-3e7b-4e61-987a-05533dc225be,12153.0,9185.0,1793.0,treyburton/2550284,16974.0,27789.0,,2130223.0,BurtTr01,,9490.0,9737.0,,27789.0,542788.0,15965.0,,Trey Burton,trey burton,2,4,86.0,1,0.0,0.0,63.0,25.0,2.0,6.0388308,0,1.3650794,0.15384616,0.23333333,0.39410257,,,,,,,,,,,,,,,,,REG,CHI,TB,Trey Burton,BurtTr01,0.0,0.0,0.0,135.4
2018,REG,4,00-0030506,T.Kelce,TE,TE,KC,11244,c3859e06-5f23-4302-a71b-04820a899d5f,11594.0,7844.0,1466.0,traviskelce/2540258,15847.0,26686.0,,1725130.0,KelcTr00,travis-kelce-1,8783.0,8411.0,264.0,26686.0,448240.0,15048.0,448240.0,Travis Kelce,travis kelce,7,12,78.0,1,0.0,0.0,75.0,39.0,2.0,3.310462,0,1.04,0.27272728,0.21008404,0.5561497,Travis Kelce,KC,5.7387500000000005,2.2622434262112523,5.8675,20.104505739249614,58.333333333333336,78.0,1.0,6.130000000000002,4.426196701011057,1.7038032989889444,00-0030506,Travis,Kelce,T.Kelce,REG,KC,DEN,Travis Kelce,KelcTr00,1.0,0.0,0.0,105.6
2018,REG,4,00-0030216,J.Hill,TE,TE,NO,11529,687cdc33-bd0d-4b70-adb3-33f97dc26a3c,13565.0,8200.0,1777.0,joshhill/2541834,16143.0,26950.0,,2060083.0,HillJo02,,9071.0,8764.0,,26950.0,469509.0,15866.0,,Josh Hill,josh hill,3,3,63.0,0,0.0,0.0,35.0,28.0,3.0,4.5362506,0,1.8,0.09090909,0.14,0.23436363,,,,,,,,,,,,,,,,,REG,NO,NYG,Josh Hill,HillJo02,0.0,0.0,0.0,118.7
2018,REG,4,00-0030470,V.McDonald,TE,TE,PIT,11257,8f24a248-b328-43ec-8677-67600e42a8f7,11699.0,7836.0,1587.0,vancemcdonald/2540215,15853.0,26678.0,,1673357.0,McDoVa00,vance-mcdonald-1,8785.0,8413.0,,26678.0,494969.0,15239.0,,Vance McDonald,vance mcdonald,5,5,62.0,0,1.0,1.0,15.0,47.0,3.0,-0.77394366,0,4.133333,0.10869565,0.04477612,0.19438677,Vance McDonald,PIT,6.286666666666666,4.230212984425565,2.707999999999997,4.197538518771115,100.0,62.0,0.0,9.756000000000004,5.825436969209477,3.930563030790527,00-0030470,Vance,McDonald,V.McDonald,REG,PIT,BAL,Vance McDonald,McDoVa00,2.0,0.0,0.0,118.3
2018,REG,4,00-0030155,D.Harris,TE,TE,KC,11448,8506c15c-15cc-4d2c-aebf-270c605fe0ec,11881.0,8524.0,1619.0,demetriusharris/2541187,16318.0,27174.0,,2060074.0,HarrDe03,,9847.0,8683.0,,27174.0,602269.0,15305.0,602269.0,Demetrius Harris,demetrius harris,2,3,59.0,0,0.0,0.0,79.0,13.0,2.0,4.6998625,0,0.7468355,0.06818182,0.22128852,0.2571747,,,,,,,,,,,,,,,,,REG,KC,DEN,Demetrius Harris,HarrDe03,0.0,0.0,0.0,109.7
2018,REG,4,00-0027981,K.Rudolph,TE,TE,MIN,10312,1059e9dc-97df-4643-9116-883a0573d8b1,9906.0,6195.0,943.0,kylerudolph/2495438,14054.0,24830.0,7444.0,1633122.0,RudoKy00,kyle-rudolph-1,7246.0,6459.0,,24830.0,469472.0,13275.0,469472.0,Kyle Rudolph,kyle rudolph,5,6,57.0,0,0.0,0.0,30.0,32.0,4.0,4.3229923,0,1.9,0.12244898,0.09803922,0.25230092,Kyle Rudolph,MIN,2.9699999999999998,3.6932741673020604,5.23,9.311020117500446,83.33333333333334,57.0,0.0,6.082000000000001,5.898885163614682,0.183114836385319,00-0027981,Kyle,Rudolph,K.Rudolph,REG,MIN,LA,Kyle Rudolph,RudoKy00,0.0,0.0,0.0,106.2
2018,REG,4,00-0032227,J.Heuerman,TE,TE,DEN,12208,1fe3aadd-336b-4838-888e-8c9609747afc,13961.0,9525.0,2397.0,jeffheuerman/2552399,2576389.0,28480.0,,1824413.0,HeueJe00,jeff-heuerman-1,10246.0,10492.0,,28480.0,593517.0,16853.0,,Jeff Heuerman,jeff heuerman,4,7,57.0,0,0.0,0.0,54.0,29.0,2.0,-3.664066,0,1.0555556,0.21212122,0.19148937,0.45222437,Jeff Heuerman,DEN,7.343999999999999,4.490020263629238,6.515714285714284,17.30995483699571,57.14285714285714,57.0,0.0,7.485000000000001,6.305137537574524,1.1798624624254774,00-0032227,Jeff,Heuerman,J.Heuerman,REG,DEN,KC,Jeff Heuerman,HeueJe00,0.0,1.0,0.143,44.0
2018,REG,4,00-0031299,J.Matthews,TE,TE,PHI,11676,7b96a836-666b-47b6-a0a7-9dbb0b4c53e8,12124.0,8677.0,1800.0,jordanmatthews/2543500,16763.0,27570.0,,1759816.0,MattJo00,jordan-matthews-1,9273.0,9420.0,,27570.0,555648.0,15974.0,555648.0,Jordan Matthews,jordan matthews,1,3,56.0,1,0.0,0.0,53.0,21.0,1.0,2.8899367,0,1.0566038,0.06,0.14133333,0.18893333,,,,,,,,,,,,,,,,,REG,PHI,TEN,Jordan Matthews,MattJo00,0.0,1.0,0.333,121.5
2018,REG,4,00-0033611,R.Seals-Jones,TE,TE,ARI,13382,52735659-a294-4f64-a7f4-3591450834e5,16730.0,12020.0,4531.0,,3051806.0,30494.0,,2080003.0,SealRi00,,11876.0,12463.0,,30494.0,744568.0,19410.0,744568.0,Ricky Seals-Jones,ricky seals-jones,2,4,52.0,0,0.0,0.0,55.0,9.0,2.0,1.1054916,0,0.94545454,0.16,0.23913044,0.4073913,,,,,,,,,,,,,,,,,REG,ARI,SEA,Ricky Seals-Jones,SealRi00,0.0,1.0,0.25,95.8
2018,REG,4,00-0033885,D.Njoku,TE,TE,CLE,13192,8f86fcea-90e8-49ea-bc78-5c7659313e57,16399.0,11784.0,4033.0,,3123076.0,30142.0,,2136474.0,NjokDa00,david-njoku-1,11734.0,12186.0,252.0,30142.0,832098.0,18876.0,832098.0,David Njoku,david njoku,5,7,52.0,0,0.0,0.0,51.0,28.0,2.0,-0.35054672,0,1.0196079,0.17073171,0.13076924,0.347636,David Njoku,CLE,6.116666666666667,5.144693489069909,6.428571428571426,11.402508551881413,71.42857142857143,52.0,0.0,6.150000000000003,4.567173838154668,1.5828261618453352,00-0033885,David,Njoku,D.Njoku,REG,CLE,OAK,David Njoku,NjokDa00,0.0,1.0,0.143,92.6
2018,REG,4,00-0031558,M.Williams,TE,TE,BAL,12206,52f4a43a-64a9-4d69-a9e2-28bd60f68e49,13919.0,9488.0,2360.0,,2970726.0,28443.0,,1983769.0,WillMa04,maxx-williams-1,10128.0,10298.0,,28443.0,651658.0,16816.0,651658.0,Maxx Williams,maxx williams,5,5,51.0,0,0.0,0.0,11.0,40.0,3.0,3.2967799,0,4.6363635,0.125,0.027848102,0.20699367,Maxx Williams,BAL,8.395,5.773993205981721,1.75,2.4277905718487287,100.0,51.0,0.0,8.45,6.71522324737075,1.7347767526292497,00-0031558,Maxx,Williams,M.Williams,REG,BAL,PIT,Maxx Williams,WillMa04,1.0,0.0,0.0,109.2
2018,REG,4,00-0029738,D.Fells,TE,TE,CLE,11337,54d4e35a-2e6c-48f6-86ad-92dd596c173c,13636.0,8549.0,1592.0,darrenfells/2540928,15773.0,26612.0,,2053740.0,FellDa01,,9758.0,8472.0,,26612.0,266414.0,15247.0,266414.0,Darren Fells,darren fells,1,2,49.0,1,0.0,0.0,32.0,23.0,1.0,3.9445584,0,1.53125,0.048780486,0.082051285,0.13060664,,,,,,,,,,,,,,,,,REG,CLE,OAK,Darren Fells,FellDa01,0.0,0.0,0.0,135.4
2018,REG,4,00-0027656,R.Gronkowski,TE,TE,NE,9902,2142a164-48ad-47d6-bb27-0bc58c6b2e62,9721.0,5567.0,515.0,robgronkowski/497240,13229.0,24017.0,,1244303.0,GronRo00,rob-gronkowski-1,6443.0,5729.0,,24017.0,381091.0,10974.0,381091.0,Rob Gronkowski,rob gronkowski,4,7,44.0,0,0.0,0.0,82.0,9.0,3.0,4.473318,0,0.5365854,0.2,0.2939068,0.50573474,Rob Gronkowski,NE,4.852500000000001,2.3598404886023245,12.104285714285714,32.78517257390497,57.14285714285714,44.0,0.0,2.42,1.603579897355985,0.816420102644015,00-0027656,Robert,Gronkowski,R.Gronkowski,REG,NE,MIA,Rob Gronkowski,GronRo00,0.0,0.0,0.0,75.9
2018,REG,4,00-0028112,C.Clay,TE,TE,BUF,10409,04ca4fb9-194e-47fe-8fc8-adb5790a8e78,10003.0,6326.0,801.0,charlesclay/2495139,14145.0,24961.0,,1265552.0,ClayCh00,charles-clay-1,7424.0,6681.0,,24961.0,400516.0,12751.0,,Charles Clay,charles clay,4,6,40.0,0,0.0,0.0,24.0,20.0,3.0,4.4281044,0,1.6666666,0.18181819,0.078175895,0.3274504,Charles Clay,BUF,9.423333333333334,4.0417115979859455,3.3383333333333325,6.5931533903884105,66.66666666666666,40.0,0.0,5.547499999999999,6.710566082229661,-1.163066082229662,00-0028112,Charles,Clay,C.Clay,REG,BUF,GB,Charles Clay,ClayCh00,0.0,0.0,0.0,85.4
2018,REG,4,00-0031387,E.Ebron,TE,TE,IND,11695,9fbcfae9-dd14-415c-8952-9b1b5dff0dfc,12143.0,8645.0,2118.0,ericebron/2543466,16732.0,27538.0,,1865396.0,EbroEr00,eric-ebron-1,9210.0,9390.0,,27538.0,605752.0,16451.0,605752.0,Eric Ebron,eric ebron,5,10,40.0,1,0.0,0.0,79.0,5.0,1.0,0.5818469,0,0.5063291,0.16393442,0.15581854,0.35497463,Eric Ebron,IND,7.821111111111112,2.57881177524935,7.604999999999999,15.12108800254503,50.0,40.0,1.0,1.024000000000001,1.012958777218057,0.01104122278194386,00-0031387,Eric,Ebron,E.Ebron,REG,IND,HOU,Eric Ebron,EbroEr00,0.0,0.0,0.0,93.7
2018,REG,4,00-0032141,G.Swaim,TE,TE,DAL,12378,d0f9112d-2496-450a-9fc5-d2d01b4d2454,14164.0,9679.0,2545.0,geoffswaim/2553454,3046704.0,28634.0,,2174207.0,SwaiGe00,geoff-swaim-1,10507.0,10617.0,,28634.0,728021.0,17005.0,728021.0,Geoff Swaim,geoff swaim,3,5,39.0,1,0.0,0.0,36.0,30.0,2.0,1.0318841,0,1.0833334,0.18518518,0.13793103,0.3743295,Geoff Swaim,DAL,3.768,3.9297574333590743,9.328,16.63278770371955,60.0,39.0,1.0,10.40333333333333,6.3204326556448605,4.08290067768847,00-0032141,Geoffrey,Swaim,G.Swaim,REG,DAL,DET,Geoff Swaim,SwaiGe00,0.0,0.0,0.0,124.2
2018,REG,4,00-0030549,T.Eifert,TE,TE,CIN,11250,14ecf9dd-3a77-4847-8e62-407cd1182f1c,11692.0,7802.0,1388.0,tylereifert/2540148,15788.0,26644.0,,1691608.0,EifeTy00,tyler-eifert-1,8782.0,8408.0,,26644.0,508968.0,14918.0,,Tyler Eifert,tyler eifert,4,4,38.0,1,0.0,0.0,26.0,12.0,2.0,4.4509926,0,1.4615384,0.09756097,0.09122807,0.21020111,,,,,,,,,,,,,,,,,REG,CIN,ATL,Tyler Eifert,EifeTy00,0.0,0.0,0.0,145.8
2018,REG,4,00-0031598,N.Boyle,TE,TE,BAL,12328,9480dd9f-151f-4e6d-b5a3-35f07bda4cac,13963.0,9604.0,2474.0,,2574591.0,28559.0,,1888149.0,BoylNi00,,10252.0,10547.0,,28559.0,608753.0,16931.0,608753.0,Nick Boyle,nick boyle,3,5,36.0,0,0.0,0.0,16.0,29.0,1.0,0.673116,0,2.25,0.125,0.04050633,0.21585444,Nick Boyle,BAL,6.2524999999999995,3.8550131646056895,4.0059999999999985,5.5575594461862865,60.0,36.0,0.0,10.410000000000002,9.648689830077274,0.7613101699227283,00-0031598,Nicholas,Boyle,N.Boyle,REG,BAL,PIT,Nick Boyle,BoylNi00,0.0,1.0,0.2,82.1
2018,REG,4,00-0029587,R.Ellison,TE,TE,NYG,10838,cccc9f16-9508-434f-b7a4-9a29cb0cacf9,11315.0,7128.0,1211.0,rhettellison/2532835,15003.0,25838.0,,1244464.0,ElliRh00,rhett-ellison-1,8114.0,7580.0,,25838.0,399295.0,14445.0,,Rhett Ellison,rhett ellison,3,5,29.0,0,0.0,0.0,38.0,10.0,1.0,0.41571254,0,0.7631579,0.12195122,0.152,0.28932682,Rhett Ellison,NYG,5.886666666666667,3.864216821068305,7.244000000000002,14.555537694904357,60.0,29.0,0.0,3.4666666666666637,3.2267040921069565,0.23996257455970715,00-0029587,Rhett,Ellison,R.Ellison,REG,NYG,NO,Rhett Ellison,ElliRh00,0.0,0.0,0.0,76.2
2018,REG,4,00-0031273,C.Brate,TE,TE,TB,12110,5afe93fd-0caf-4cca-83fc-7f405bebfa3e,13470.0,9207.0,2214.0,,17453.0,28267.0,,2132787.0,BratCa00,,10008.0,10193.0,,28267.0,552926.0,16593.0,552926.0,Cameron Brate,cameron brate,3,4,29.0,1,0.0,0.0,31.0,6.0,2.0,-1.1331369,0,0.9354839,0.10526316,0.08493151,0.21734679,,,,,,,,,,,,,,,,,REG,TB,CHI,Cameron Brate,BratCa00,0.0,0.0,0.0,94.8
2018,REG,4,00-0031951,J.O'Shaughnessy,TE,TE,JAX,12330,e5c6b0d4-3e77-422b-a6d8-574a10ed385e,14146.0,9606.0,2476.0,,2508079.0,28561.0,,2174148.0,O'ShJa00,,10249.0,10549.0,,28561.0,552352.0,16933.0,552352.0,James O'Shaughnessy,james oshaughnessy,2,3,28.0,0,0.0,0.0,5.0,15.0,2.0,2.564011,0,5.6,0.078947365,0.026041666,0.13665022,,,,,,,,,,,,,,,,,REG,JAX,NYJ,James O'Shaughnessy,O'ShJa00,1.0,0.0,0.0,96.5
2018,REG,4,00-0021547,A.Gates,TE,TE,LAC,7236,82da09c2-e542-4f7d-87d9-24dfd8e014de,9027.0,1609.0,322.0,antoniogates/2505299,5362.0,6663.0,,396811.0,,,3172.0,611.0,,6663.0,234249.0,7884.0,,Antonio Gates,antonio gates,2,4,27.0,1,0.0,0.0,36.0,7.0,2.0,0.34147236,0,0.75,0.10526316,0.13793103,0.25444645,,,,,,,,,,,,,,,,,,,,,,,,,
2018,REG,4,00-0031418,A.Seferian-Jenkins,TE,TE,JAX,11697,e78261de-af00-4530-824c-500addbe9f98,12145.0,8673.0,2222.0,austinseferian-jenkins/2543683,16795.0,27566.0,,1824731.0,SefeAu00,austin-seferian-jenkins-1,9241.0,9400.0,,27566.0,593347.0,16608.0,,Austin Seferian-Jenkins,austin seferian-jenkins,2,4,24.0,0,0.0,0.0,27.0,8.0,1.0,0.8464344,0,0.8888889,0.10526316,0.140625,0.25633225,,,,,,,,,,,,,,,,,REG,JAX,NYJ,Austin Seferian-Jenkins,SefeAu00,0.0,0.0,0.0,68.7
2018,REG,4,00-0034364,J.Akins,TE,TE,HOU,13753,0cb5a32a-a340-4671-ba2a-93f5fa6aee8d,17415.0,47050.0,5032.0,,3128452.0,31068.0,,2142712.0,AkinJo00,jordan-akins-1,12568.0,13238.0,,31068.0,838396.0,19903.0,838396.0,Jordan Akins,jordan akins,2,3,24.0,0,0.0,0.0,15.0,12.0,2.0,3.2523751,0,1.6,0.075,0.04385965,0.14320175,,,,,,,,,,,,,,,,,REG,HOU,IND,Jordan Akins,AkinJo00,1.0,0.0,0.0,91.0
2018,REG,4,00-0022943,B.Watson,TE,TE,NO,7422,d81844de-54c3-42ee-9850-072dc4131b6f,9040.0,1753.0,663.0,benjaminwatson/2506122,5557.0,6791.0,,493107.0,WatsBe00,benjamin-watson-1,3872.0,48.0,,6791.0,246082.0,11756.0,,Ben Watson,ben watson,1,3,23.0,0,0.0,0.0,50.0,0.0,1.0,0.7339801,0,0.46,0.09090909,0.2,0.27636364,,,,,,,,,,,,,,,,,REG,NO,NYG,Ben Watson,WatsBe00,0.0,0.0,0.0,61.8
2018,REG,4,00-0028097,L.Smith,TE,TE,LV,10398,cf23126f-055b-4617-819b-bb4bcb84541a,9992.0,6311.0,812.0,leesmith/2495347,14215.0,24946.0,7585.0,1276441.0,SmitLe00,lee-smith-2,7425.0,6665.0,,24946.0,334184.0,12777.0,334184.0,Lee Smith,lee smith,3,4,23.0,0,0.0,0.0,5.0,20.0,1.0,0.6315131,0,4.6,0.071428575,0.010989011,0.114835165,,,,,,,,,,,,,,,,,REG,OAK,CLE,Lee Smith,SmitLe00,0.0,0.0,0.0,88.5
2018,REG,4,00-0032135,J.James,TE,TE,PIT,12211,a37a5bfd-b48c-4d8b-817a-d8ce7ca3592d,13959.0,9593.0,2463.0,jessejames/2552633,2979590.0,28548.0,,1983808.0,JameJe00,jesse-james-1,10150.0,10403.0,,28548.0,652019.0,16920.0,652019.0,Jesse James,jesse james,1,1,23.0,0,0.0,0.0,18.0,5.0,1.0,1.790603,0,1.2777778,0.02173913,0.053731345,0.070220634,,,,,,,,,,,,,,,,,REG,PIT,BAL,Jesse James,JameJe00,0.0,0.0,0.0,118.7
2018,REG,4,00-0027696,J.Graham,TE,TE,GB,9925,fd85786d-3900-4dc0-9b30-334ee30413ed,9712.0,5619.0,616.0,jimmygraham/497236,13232.0,24070.0,6610.0,1691166.0,GrahJi00,jimmy-graham-1,6532.0,5842.0,,24070.0,295918.0,11488.0,295918.0,Jimmy Graham,jimmy graham,3,6,21.0,1,0.0,0.0,47.0,9.0,2.0,-2.2688527,0,0.44680852,0.15,0.11111111,0.30277777,Jimmy Graham,GB,4.743333333333333,2.7164609306928287,6.715000000000001,10.114982928298856,50.0,21.0,1.0,3.3966666666666647,3.3095283682741865,0.08713829839247822,00-0027696,Jimmy,Graham,J.Graham,REG,GB,BUF,Jimmy Graham,GrahJi00,0.0,1.0,0.167,58.3
2018,REG,4,00-0032392,A.Hooper,TE,TE,ATL,12677,90c2a93f-d837-4e1b-b57c-56648903a8db,15581.0,10715.0,3202.0,,3043275.0,29315.0,,2067004.0,HoopAu00,austin-hooper-1,10748.0,11301.0,384.0,29315.0,739424.0,17963.0,739424.0,Austin Hooper,austin hooper,1,2,19.0,0,0.0,0.0,20.0,18.0,1.0,2.5995173,0,0.95,0.05263158,0.048309177,0.11276379,,,,,,,,,,,,,,,,,REG,ATL,CIN,Austin Hooper,HoopAu00,1.0,0.0,0.0,83.3
2018,REG,4,00-0034766,C.Herndon,TE,TE,NYJ,13679,780a48de-d092-4e87-9c34-8d1b45a154cc,17536.0,47164.0,5009.0,,3123050.0,31077.0,,2136463.0,HernCh00,christopher-herndon-iv-1,12899.0,13228.0,,31077.0,832080.0,19947.0,832080.0,Chris Herndon,chris herndon,1,1,18.0,0,0.0,0.0,17.0,1.0,1.0,0.9716685,0,1.0588236,0.030303031,0.05029586,0.08066165,,,,,,,,,,,,,,,,,REG,NYJ,JAX,Chris Herndon,HernCh00,0.0,0.0,0.0,118.7
2018,REG,4,00-0027215,L.Paulsen,TE,TE,ATL,10123,518c96c5-65bb-4559-8074-9cdb2ca32f99,9850.0,5795.0,587.0,loganpaulsen/2507828,13726.0,24608.0,,559624.0,,,6871.0,6368.0,,24608.0,300115.0,11345.0,,Logan Paulsen,logan paulsen,1,1,17.0,1,0.0,0.0,17.0,0.0,1.0,2.6078854,0,1.0,0.02631579,0.041062802,0.06821764,,,,,,,,,,,,,,,,,,,,,,,,,
2018,REG,4,00-0031744,M.LaCosse,TE,TE,DEN,12596,25e58aee-1b33-4468-9a81-6586426b91d5,14288.0,9840.0,2944.0,mattlacosse/2553667,2576179.0,28875.0,,2174931.0,,,10727.0,10980.0,,28875.0,606055.0,17415.0,606055.0,Matt LaCosse,matt lacosse,1,1,17.0,0,0.0,0.0,1.0,16.0,1.0,1.393804,0,17.0,0.030303031,0.0035460992,0.047936816,,,,,,,,,,,,,,,,,,,,,,,,,
2018,REG,4,00-0033217,M.Alie-Cox,TE,TE,IND,13246,8809c0dd-786b-4255-a7d0-333c9498c19a,16579.0,12078.0,4054.0,moalie-cox/2558832,2998565.0,30112.0,,2815925.0,AlieMo00,,12196.0,12221.0,195.0,30112.0,712506.0,18900.0,712506.0,Mo Alie-Cox,mo alie-cox,1,2,17.0,0,0.0,0.0,11.0,13.0,0.0,-0.93942624,0,1.5454545,0.032786883,0.021696253,0.064367704,,,,,,,,,,,,,,,,,REG,IND,HOU,Mo Alie-Cox,AlieMo00,1.0,0.0,0.0,79.2
2018,REG,4,00-0033627,J.Croom,TE,TE,BUF,13890,e17b5817-d955-42be-bb8d-e34d89f6dd71,16770.0,12145.0,4536.0,,2972240.0,30594.0,,2819968.0,,,12082.0,12709.0,,30594.0,690029.0,19415.0,690029.0,Jason Croom,jason croom,1,1,13.0,0,0.0,0.0,6.0,7.0,0.0,0.6936903,0,2.1666667,0.030303031,0.019543974,0.05913533,,,,,,,,,,,,,,,,,,,,,,,,,
2018,REG,4,00-0033895,G.Everett,TE,TE,LA,13236,ebeceb00-57e0-4b74-9cf7-853da2afed18,16459.0,11799.0,4089.0,,3918639.0,30157.0,,2142692.0,EverGe00,gerald-everett-1,11737.0,12284.0,55.0,30157.0,838487.0,18935.0,838487.0,Gerald Everett,gerald everett,1,1,13.0,0,0.0,0.0,0.0,13.0,1.0,0.9428092,0,0.0,0.030303031,0.0,0.045454547,,,,,,,,,,,,,,,,,REG,LA,MIN,Gerald Everett,EverGe00,0.0,0.0,0.0,118.7
2018,REG,4,00-0033953,J.Leggett,TE,TE,NYJ,13195,bea00842-e4db-4955-857a-ea8d4a0e215b,16458.0,11905.0,4153.0,,3045118.0,30263.0,,2060412.0,LeggJo00,jordan-leggett-1,11893.0,12307.0,,30263.0,733735.0,18999.0,,Jordan Leggett,jordan leggett,3,4,13.0,1,0.0,0.0,23.0,4.0,1.0,1.1540467,0,0.5652174,0.121212125,0.06804734,0.22945131,,,,,,,,,,,,,,,,,REG,NYJ,JAX,Jordan Leggett,LeggJo00,0.0,0.0,0.0,117.7
2018,REG,4,00-0034351,D.Goedert,TE,TE,PHI,13674,e8029983-87cf-49a2-bc04-04c8233a0630,17270.0,47272.0,5022.0,,3121023.0,31019.0,,2132551.0,GoedDa00,,12860.0,13151.0,382.0,31019.0,791365.0,19863.0,791365.0,Dallas Goedert,dallas goedert,2,2,13.0,0,0.0,0.0,4.0,9.0,0.0,0.03748113,0,3.25,0.04,0.010666667,0.06746667,,,,,,,,,,,,,,,,,REG,PHI,TEN,Dallas Goedert,GoedDa00,0.0,0.0,0.0,93.7
2018,REG,4,00-0030108,R.Griffin,TE,TE,HOU,11399,cb1df42c-b59c-4e23-a9a2-fbfc2b39ef71,11830.0,7982.0,1425.0,ryangriffin/2541316,15887.0,26824.0,,2057695.0,GrifRy00,ryan-griffin-1,8911.0,8600.0,,26824.0,465129.0,14985.0,465129.0,Ryan Griffin,ryan griffin,1,1,12.0,0,0.0,0.0,1.0,11.0,1.0,0.8957747,0,12.0,0.025,0.0029239766,0.039546784,,,,,,,,,,,,,,,,,REG,HOU,IND,Ryan Griffin,GrifRy00,1.0,0.0,0.0,116.7
2018,REG,4,00-0030443,L.Toilolo,TE,TE,DET,11252,67d56171-7522-430c-b7d9-8f7e2b6624d3,11694.0,7915.0,1642.0,levinetoilolo/2540203,15980.0,26756.0,,1685990.0,ToilLe00,levine-toilolo-1,8789.0,8414.0,,26756.0,503205.0,15378.0,503205.0,Levine Toilolo,levine toilolo,2,2,12.0,0,0.0,0.0,-6.0,18.0,1.0,1.0248948,0,0.0,0.06896552,-0.032432433,0.08074557,,,,,,,,,,,,,,,,,REG,DET,DAL,Levine Toilolo,ToilLe00,0.0,0.0,0.0,91.7
2018,REG,4,00-0034753,M.Andrews,TE,TE,BAL,13671,0618f387-9b72-4270-8b8f-dec4cccc9e4a,17269.0,47436.0,5012.0,,3116365.0,31056.0,,2131121.0,AndrMa00,mark-andrews-1,12559.0,13182.0,366.0,31056.0,820699.0,19803.0,820699.0,Mark Andrews,mark andrews,2,2,12.0,0,0.0,0.0,5.0,7.0,1.0,0.17225978,0,2.4,0.05,0.012658228,0.08386076,,,,,,,,,,,,,,,,,REG,BAL,PIT,Mark Andrews,AndrMa00,0.0,0.0,0.0,91.7
2018,REG,4,00-0028093,N.Paul,TE,TE,JAX,10394,38f5843a-8318-4eb7-b517-c83d415e77a4,9988.0,6307.0,918.0,nilespaul/2495211,14156.0,24942.0,7556.0,1272502.0,PaulNi00,niles-paul-1,7384.0,6661.0,,24942.0,406159.0,13170.0,,Niles Paul,niles paul,2,2,11.0,0,0.0,0.0,7.0,4.0,0.0,-0.77213025,0,1.5714285,0.05263158,0.036458332,0.104468204,,,,,,,,,,,,,,,,,REG,JAX,NYJ,Niles Paul,PaulNi00,0.0,0.0,0.0,89.6
2018,REG,4,00-0028142,V.Green,TE,TE,LAC,10432,6ef43c53-53d7-4b0f-ad99-17664d663ae8,10026.0,6356.0,868.0,virgilgreen/2495288,14085.0,24991.0,7502.0,1130615.0,GreeVi00,virgil-green-1,7416.0,6570.0,,24991.0,323254.0,13016.0,,Virgil Green,virgil green,2,2,9.0,0,0.0,0.0,3.0,6.0,1.0,1.1398461,0,3.0,0.05263158,0.011494253,0.086993344,,,,,,,,,,,,,,,,,REG,LAC,SF,Virgil Green,GreeVi00,0.0,0.0,0.0,85.4
2018,REG,4,00-0034829,M.Gesicki,TE,TE,MIA,13672,1012cbe0-7eba-4169-bfca-183a0204e1a7,17272.0,47153.0,4993.0,,3116164.0,31012.0,,2139298.0,GesiMi00,mike-gesicki-1,12764.0,13104.0,330.0,31012.0,836152.0,19853.0,836152.0,Mike Gesicki,mike gesicki,1,2,9.0,0,0.0,0.0,12.0,7.0,0.0,-0.47616354,0,0.75,0.08,0.046332046,0.15243243,,,,,,,,,,,,,,,,,REG,MIA,NE,Mike Gesicki,GesiMi00,0.0,0.0,0.0,62.5
2018,REG,4,00-0033421,A.Auclair,TE,TE,TB,13445,d6647491-8a3c-4f9f-999c-823823bd478d,16501.0,24606.0,4468.0,,4081127.0,30468.0,,2819226.0,AuclAn00,,12230.0,12603.0,,30468.0,1050026.0,19335.0,1050026.0,Antony Auclair,antony auclair,1,1,8.0,0,0.0,0.0,6.0,2.0,0.0,0.34407797,0,1.3333334,0.02631579,0.016438356,0.050980534,,,,,,,,,,,,,,,,,REG,TB,CHI,Antony Auclair,AuclAn00,0.0,0.0,0.0,100.0
2018,REG,4,00-0031167,S.Simonson,TE,TE,NYG,12138,b77aa319-b97f-4316-84c5-e51390432644,13839.0,8954.0,2040.0,,17391.0,28215.0,,2130881.0,,,10016.0,10143.0,,28215.0,564881.0,16327.0,,Scott Simonson,scott simonson,1,1,7.0,0,0.0,0.0,5.0,2.0,1.0,0.7479077,0,1.4,0.024390243,0.02,0.050585367,,,,,,,,,,,,,,,,,,,,,,,,,
2018,REG,4,00-0030089,L.Willson,TE,TE,DET,11381,16c67c97-ffd9-4f92-917d-ad6124ce1f6e,11812.0,7940.0,1603.0,lukewillson/2541199,16121.0,26781.0,,2057661.0,WillLu00,luke-willson-1,8907.0,8567.0,,26781.0,466869.0,15263.0,466869.0,Luke Willson,luke willson,1,2,6.0,0,0.0,0.0,3.0,2.0,0.0,-1.5612117,0,2.0,0.06896552,0.016216217,0.114799626,,,,,,,,,,,,,,,,,REG,DET,DAL,Luke Willson,WillLu00,0.0,0.0,0.0,56.2
2018,REG,4,00-0032134,C.Uzomah,TE,TE,CIN,12317,19858900-5c8e-49a7-ab02-34ef625724ca,14084.0,9590.0,2460.0,c.j.uzomah/2552559,2574576.0,28545.0,,2174118.0,UzomC.00,cj-uzomah-1,10462.0,10534.0,,28545.0,593305.0,16917.0,593305.0,C.J. Uzomah,cj uzomah,1,1,6.0,0,0.0,0.0,6.0,0.0,0.0,0.23279767,0,1.0,0.024390243,0.021052632,0.051322207,,,,,,,,,,,,,,,,,REG,CIN,ATL,C.J. Uzomah,UzomC.00,0.0,0.0,0.0,91.7
2018,REG,4,00-0032394,N.Vannett,TE,TE,SEA,12680,c731aa8a-778b-4ccd-a19f-517eb66f47b7,15645.0,10728.0,3258.0,,2576399.0,29328.0,,1871322.0,VannNi00,nick-vannett-1,10949.0,11329.0,,29328.0,606488.0,18019.0,606488.0,Nick Vannett,nick vannett,1,2,6.0,0,1.0,0.0,2.0,7.0,0.0,-1.4133949,0,3.0,0.08,0.014705882,0.13029411,,,,,,,,,,,,,,,,,REG,SEA,ARI,Nick Vannett,VannNi00,0.0,0.0,0.0,56.2
2018,REG,4,00-0032508,H.Valles,TE,TE,DET,12874,32d18129-6c6c-4401-9695-8661ab84b288,15924.0,10960.0,3612.0,,2567213.0,29587.0,,1996227.0,VallHa00,,11300.0,11740.0,,29587.0,690561.0,18399.0,,Hakeem Valles,hakeem valles,1,1,6.0,0,0.0,0.0,5.0,1.0,0.0,-0.089732185,0,1.2,0.03448276,0.027027028,0.07064306,,,,,,,,,,,,,,,,,REG,DET,DAL,Hakeem Valles,VallHa00,0.0,0.0,0.0,91.7
2018,REG,4,00-0027985,L.Kendricks,TE,TE,GB,10318,27921351-a775-4649-bd49-7b4c486d1ba2,9912.0,6199.0,964.0,lancekendricks/2495187,14007.0,24834.0,7425.0,1117803.0,KendLa00,lance-kendricks-1,7412.0,6614.0,,24834.0,332066.0,13386.0,,Lance Kendricks,lance kendricks,1,2,5.0,0,0.0,0.0,9.0,0.0,1.0,0.048457585,0,0.5555556,0.05,0.021276595,0.08989362,,,,,,,,,,,,,,,,,REG,GB,BUF,Lance Kendricks,KendLa00,0.0,1.0,0.5,56.2
2018,REG,4,00-0031922,K.Lee,TE,TE,BUF,12479,98a944cf-0fc3-4a0b-9011-490722667d37,14119.0,10018.0,2686.0,kharilee/2553552,3144062.0,28893.0,,2174887.0,,,10503.0,10723.0,,28893.0,846695.0,17154.0,,Khari Lee,khari lee,1,1,5.0,0,0.0,0.0,-1.0,6.0,0.0,-0.10997771,0,0.0,0.030303031,-0.0032573289,0.043174416,,,,,,,,,,,,,,,,,,,,,,,,,
2018,REG,4,00-0034159,W.Dissly,TE,TE,SEA,13763,383f4814-6836-4766-a297-fc063e8509cc,18049.0,30762.0,5010.0,,3127292.0,31090.0,,2139628.0,DissWi00,will-dissly-1,12986.0,13246.0,86.0,31090.0,837806.0,19950.0,837806.0,Will Dissly,will dissly,1,1,5.0,0,0.0,0.0,2.0,3.0,0.0,-0.022059,0,2.5,0.04,0.014705882,0.07029412,,,,,,,,,,,,,,,,,REG,SEA,ARI,Will Dissly,DissWi00,0.0,0.0,0.0,87.5
2018,REG,4,00-0032430,D.Morgan,TE,TE,MIN,12816,4bff1c89-f4d1-4699-8c85-69bbbbaec5a2,15857.0,10822.0,3344.0,,2582138.0,29422.0,,1907784.0,MorgDa01,david-morgan-1,11139.0,11477.0,,29422.0,612030.0,18105.0,,David Morgan,david morgan,1,1,3.0,0,0.0,0.0,0.0,3.0,0.0,-0.402186,0,0.0,0.020408163,0.0,0.030612245,,,,,,,,,,,,,,,,,REG,MIN,LA,David Morgan,MorgDa01,0.0,0.0,0.0,79.2
2018,REG,4,00-0028903,G.Celek,TE,TE,SF,11007,16cc9ade-f9ad-4d32-b5b9-d7568ee80f58,11507.0,7274.0,1223.0,garrettcelek/2534820,15204.0,26253.0,,1975891.0,,,8516.0,7982.0,,26253.0,403184.0,14496.0,,Garrett Celek,garrett celek,0,1,0.0,0,0.0,0.0,6.0,0.0,0.0,-10.56764,0,0.0,0.027777778,0.030303031,0.06287879,,,,,,,,,,,,,,,,,,,,,,,,,
2018,REG,4,00-0029414,O.Charles,TE,TE,CLE,10747,b6325c85-c313-4cfb-a299-9884d5e9e389,11224.0,7116.0,1065.0,orsoncharles/2533047,14902.0,25826.0,,1707633.0,CharOr00,orson-charles-1,8042.0,7457.0,,25826.0,512099.0,13861.0,,Orson Charles,orson charles,0,1,0.0,0,0.0,0.0,0.0,0.0,0.0,-0.5776952,0,,0.024390243,0.0,0.036585364,,,,,,,,,,,,,,,,,REG,CLE,OAK,Orson Charles,CharOr00,0.0,0.0,0.0,39.6
2018,REG,4,00-0032214,T.Kroft,TE,TE,CIN,12212,36f54823-9d51-4180-9c91-d10281deb4bf,13960.0,9518.0,2390.0,tylerkroft/2552586,2582410.0,28473.0,,1824200.0,KrofTy00,tyler-kroft-1,10247.0,10490.0,,28473.0,592268.0,16846.0,592268.0,Tyler Kroft,tyler kroft,0,1,0.0,0,0.0,0.0,14.0,0.0,0.0,-6.3056707,0,0.0,0.024390243,0.049122807,0.07097133,,,,,,,,,,,,,,,,,REG,CIN,ATL,Tyler Kroft,KrofTy00,0.0,1.0,1.0,0.0
2018,REG,4,00-0033054,R.Gathers,TE,TE,DAL,12833,ec2db5f2-ffec-4ece-9ca9-7a860c4880b6,15808.0,10851.0,3372.0,,2990959.0,29451.0,,2235884.0,GathRi00,,11236.0,11501.0,,29451.0,696197.0,18133.0,,Rico Gathers,rico gathers,0,1,0.0,0,0.0,0.0,4.0,0.0,0.0,-1.504687,0,0.0,0.037037037,0.01532567,0.066283524,,,,,,,,,,,,,,,,,REG,DAL,DET,Rico Gathers,GathRi00,0.0,0.0,0.0,39.6
2018,REG,4,00-0033110,T.Higbee,TE,TE,LA,12678,0df7912d-9e81-47ea-b4f7-d04986df4ee8,15623.0,10744.0,3271.0,,2573401.0,29344.0,,1853103.0,HigbTy00,tyler-higbee-1,10854.0,11430.0,159.0,29344.0,604176.0,18032.0,604176.0,Tyler Higbee,tyler higbee,0,1,0.0,0,0.0,0.0,13.0,0.0,0.0,-0.667164,0,0.0,0.030303031,0.043624163,0.07599146,,,,,,,,,,,,,,,,,REG,LA,MIN,Tyler Higbee,HigbTy00,0.0,0.0,0.0,39.6
2018,REG,4,00-0033858,J.Smith,TE,TE,TEN,13193,e4f25a37-74de-4bfb-b6c9-f50a4fab0b87,16460.0,11855.0,4144.0,,3054212.0,30213.0,,2081506.0,SmitJo01,jonnu-smith-1,11807.0,12344.0,84.0,30213.0,743749.0,18990.0,743749.0,Jonnu Smith,jonnu smith,0,2,0.0,0,0.0,0.0,24.0,0.0,0.0,-2.3739083,0,0.0,0.04761905,0.05896806,0.112706214,,,,,,,,,,,,,,,,,REG,TEN,PHI,Jonnu Smith,SmitJo01,0.0,1.0,0.5,39.6
2018,REG,4,00-0033879,O.Howard,TE,TE,TB,13188,93ed8c6f-b676-46d3-bf82-6155e89b4a68,16380.0,11774.0,4055.0,,3043080.0,30132.0,,2061190.0,HowaO.00,oj-howard-1,11806.0,12161.0,,30132.0,732147.0,18901.0,732147.0,O.J. Howard,oj howard,0,3,0.0,0,0.0,0.0,48.0,0.0,0.0,-2.989643,0,0.0,0.078947365,0.13150685,0.21047585,,,,,,,,,,,,,,,,,REG,TB,CHI,O.J. Howard,HowaO.00,0.0,0.0,0.0,39.6
2018,REG,4,00-0034798,D.Smythe,TE,TE,MIA,13676,7e42a22a-c47b-4387-aeeb-2cc2e76dc1d8,17508.0,47257.0,5008.0,,3052897.0,31093.0,,2082845.0,SmytDu00,durham-smythe-1,12807.0,13249.0,,31093.0,749968.0,19943.0,749968.0,Durham Smythe,durham smythe,0,1,0.0,0,0.0,0.0,5.0,0.0,0.0,-0.581647,0,0.0,0.04,0.019305019,0.073513515,,,,,,,,,,,,,,,,,REG,MIA,NE,Durham Smythe,SmytDu00,0.0,0.0,0.0,39.6
2018,REG,4,00-0029689,D.Allen,TE,TE,NE,10742,cc745cc3-d52a-454b-98c8-ac9155a9405c,11219.0,7066.0,1105.0,dwayneallen/2533046,14901.0,25774.0,8485.0,1630216.0,AlleDw00,dwayne-allen-1,8041.0,7452.0,,25774.0,463515.0,13987.0,,Dwayne Allen,dwayne allen,1,2,-4.0,0,0.0,0.0,27.0,2.0,0.0,-1.816866,0,-0.14814815,0.057142857,0.09677419,0.15345623,,,,,,,,,,,,,,,,,REG,NE,MIA,Dwayne Allen,AlleDw00,0.0,0.0,0.0,56.2
2018,REG,5,00-0030061,Z.Ertz,TE,TE,PHI,11247,de3421f7-2147-4835-89a5-724e87bad463,11689.0,7816.0,1339.0,zachertz/2540158,15835.0,26658.0,,1685963.0,ErtzZa00,zach-ertz-1,8781.0,8409.0,305.0,26658.0,503177.0,14856.0,503177.0,Zach Ertz,zach ertz,10,11,110.0,1,0.0,0.0,67.0,55.0,7.0,8.0482,0,1.641791,0.34375,0.22558923,0.67353743,Zach Ertz,PHI,6.327142857142858,4.773263846668858,6.456363636363636,23.394933623217046,90.9090909090909,110.0,1.0,5.741,6.3755815205393676,-0.6345815205393679,00-0030061,Zachary,Ertz,Z.Ertz,REG,PHI,MIN,Zach Ertz,ErtzZa00,0.0,0.0,0.0,138.6
2018,REG,5,00-0031387,E.Ebron,TE,TE,IND,11695,9fbcfae9-dd14-415c-8952-9b1b5dff0dfc,12143.0,8645.0,2118.0,ericebron/2543466,16732.0,27538.0,,1865396.0,EbroEr00,eric-ebron-1,9210.0,9390.0,,27538.0,605752.0,16451.0,605752.0,Eric Ebron,eric ebron,9,15,105.0,2,0.0,0.0,137.0,33.0,6.0,5.7051916,0,0.76642334,0.2542373,0.29148936,0.5853985,Eric Ebron,IND,4.536428571428572,4.108676908369175,10.301333333333332,31.89662290479729,60.0,105.0,2.0,3.914444444444444,3.7259183754535647,0.1885260689908792,00-0031387,Eric,Ebron,E.Ebron,REG,IND,NE,Eric Ebron,EbroEr00,0.0,2.0,0.133,120.8
2018,REG,5,00-0030506,T.Kelce,TE,TE,KC,11244,c3859e06-5f23-4302-a71b-04820a899d5f,11594.0,7844.0,1466.0,traviskelce/2540258,15847.0,26686.0,,1725130.0,KelcTr00,travis-kelce-1,8783.0,8411.0,264.0,26686.0,448240.0,15048.0,448240.0,Travis Kelce,travis kelce,5,8,100.0,0,0.0,0.0,95.0,53.0,4.0,5.6818333,0,1.0526316,0.22222222,0.2835821,0.5318408,Travis Kelce,KC,7.8775,2.4210030800110287,11.708750000000002,27.912867274569404,62.5,100.0,0.0,11.039999999999997,5.493624090748244,5.546375909251753,00-0030506,Travis,Kelce,T.Kelce,REG,KC,JAX,Travis Kelce,KelcTr00,0.0,1.0,0.125,106.2
2018,REG,5,00-0033288,G.Kittle,TE,TE,SF,13299,2ada91b0-036e-454f-83c3-6d939ff584a9,16499.0,11901.0,4217.0,,3040151.0,30259.0,,2818265.0,KittGe00,george-kittle-1,11892.0,12276.0,298.0,30259.0,733672.0,19063.0,733672.0,George Kittle,george kittle,5,7,83.0,0,0.0,0.0,21.0,68.0,3.0,5.7904315,0,3.952381,0.12962963,0.08076923,0.2509829,George Kittle,SF,8.974,3.516892081148011,3.412857142857144,9.016115031890406,71.42857142857143,83.0,0.0,13.589999999999998,5.620919272198807,7.969080727801191,00-0033288,George,Kittle,G.Kittle,REG,SF,ARI,George Kittle,KittGe00,1.0,0.0,0.0,111.0
2018,REG,5,00-0032392,A.Hooper,TE,TE,ATL,12677,90c2a93f-d837-4e1b-b57c-56648903a8db,15581.0,10715.0,3202.0,,3043275.0,29315.0,,2067004.0,HoopAu00,austin-hooper-1,10748.0,11301.0,384.0,29315.0,739424.0,17963.0,739424.0,Austin Hooper,austin hooper,9,12,77.0,0,0.0,0.0,86.0,35.0,4.0,4.1908355,0,0.89534885,0.26666668,0.23955432,0.56768805,Austin Hooper,ATL,4.972222222222222,4.195763154620363,6.9333333333333345,24.827668526752415,75.0,77.0,0.0,4.076666666666665,4.233135670713788,-0.15646900404712305,00-0032392,Austin,Hooper,A.Hooper,REG,ATL,PIT,Austin Hooper,HoopAu00,0.0,0.0,0.0,91.3
2018,REG,5,00-0027696,J.Graham,TE,TE,GB,9925,fd85786d-3900-4dc0-9b30-334ee30413ed,9712.0,5619.0,616.0,jimmygraham/497236,13232.0,24070.0,6610.0,1691166.0,GrahJi00,jimmy-graham-1,6532.0,5842.0,,24070.0,295918.0,11488.0,295918.0,Jimmy Graham,jimmy graham,6,10,76.0,0,0.0,0.0,100.0,16.0,5.0,1.5811198,0,0.76,0.2,0.22522523,0.45765767,Jimmy Graham,GB,4.710999999999999,2.333360356878988,9.773000000000001,20.009827808603433,60.0,76.0,0.0,3.4099999999999984,2.4884004199240386,0.9215995800759598,00-0027696,Jimmy,Graham,J.Graham,REG,GB,DET,Jimmy Graham,GrahJi00,0.0,1.0,0.1,83.7
2018,REG,5,00-0027656,R.Gronkowski,TE,TE,NE,9902,2142a164-48ad-47d6-bb27-0bc58c6b2e62,9721.0,5567.0,515.0,robgronkowski/497240,13229.0,24017.0,,1244303.0,GronRo00,rob-gronkowski-1,6443.0,5729.0,,24017.0,381091.0,10974.0,381091.0,Rob Gronkowski,rob gronkowski,6,7,75.0,0,0.0,0.0,75.0,21.0,4.0,1.5446309,0,1.0,0.1590909,0.2631579,0.42284688,Rob Gronkowski,NE,7.894,4.416327396443051,9.414285714285715,24.7131178279457,85.71428571428571,75.0,0.0,3.8683333333333336,5.080255830141596,-1.211922496808262,00-0027656,Robert,Gronkowski,R.Gronkowski,REG,NE,IND,Rob Gronkowski,GronRo00,0.0,1.0,0.143,71.7
2018,REG,5,00-0033885,D.Njoku,TE,TE,CLE,13192,8f86fcea-90e8-49ea-bc78-5c7659313e57,16399.0,11784.0,4033.0,,3123076.0,30142.0,,2136474.0,NjokDa00,david-njoku-1,11734.0,12186.0,252.0,30142.0,832098.0,18876.0,832098.0,David Njoku,david njoku,6,10,69.0,0,0.0,0.0,66.0,36.0,2.0,-0.52212924,0,1.0454545,0.23809524,0.16136919,0.4701013,David Njoku,CLE,4.12,2.517250159248139,5.549,15.082083061535117,60.0,69.0,0.0,6.965000000000001,4.558128371866417,2.406871628133584,00-0033885,David,Njoku,D.Njoku,REG,CLE,BAL,David Njoku,NjokDa00,1.0,0.0,0.0,80.8
2018,REG,5,00-0028093,N.Paul,TE,TE,JAX,10394,38f5843a-8318-4eb7-b517-c83d415e77a4,9988.0,6307.0,918.0,nilespaul/2495211,14156.0,24942.0,7556.0,1272502.0,PaulNi00,niles-paul-1,7384.0,6661.0,,24942.0,406159.0,13170.0,,Niles Paul,niles paul,7,9,65.0,0,0.0,0.0,62.0,23.0,4.0,1.3468459,0,1.048387,0.14754099,0.095826894,0.2883903,Niles Paul,JAX,8.1175,4.212827573993433,6.34111111111111,9.210186559938025,77.77777777777779,65.0,0.0,3.7485714285714287,3.1296056821321576,0.618965746439271,00-0028093,Niles,Paul,N.Paul,REG,JAX,KC,Niles Paul,PaulNi00,0.0,0.0,0.0,96.8
2018,REG,5,00-0030108,R.Griffin,TE,TE,HOU,11399,cb1df42c-b59c-4e23-a9a2-fbfc2b39ef71,11830.0,7982.0,1425.0,ryangriffin/2541316,15887.0,26824.0,,2057695.0,GrifRy00,ryan-griffin-1,8911.0,8600.0,,26824.0,465129.0,14985.0,465129.0,Ryan Griffin,ryan griffin,6,9,65.0,0,0.0,0.0,61.0,17.0,4.0,0.34827203,0,1.0655738,0.20930232,0.21180555,0.4622174,Ryan Griffin,HOU,5.86625,2.262841119704545,7.564444444444446,23.575039822702408,66.66666666666666,65.0,0.0,3.029999999999999,3.2329571131443373,-0.2029571131443384,00-0030108,Ryan,Griffin,R.Griffin,REG,HOU,DAL,Ryan Griffin,GrifRy00,0.0,1.0,0.111,87.7
2018,REG,5,00-0032141,G.Swaim,TE,TE,DAL,12378,d0f9112d-2496-450a-9fc5-d2d01b4d2454,14164.0,9679.0,2545.0,geoffswaim/2553454,3046704.0,28634.0,,2174207.0,SwaiGe00,geoff-swaim-1,10507.0,10617.0,,28634.0,728021.0,17005.0,728021.0,Geoff Swaim,geoff swaim,3,3,55.0,0,0.0,0.0,-1.0,56.0,2.0,4.0868406,0,0.0,0.10714286,-0.005952381,0.15654762,,,,,,,,,,,,,,,,,REG,DAL,HOU,Geoff Swaim,SwaiGe00,1.0,0.0,0.0,118.7
2018,REG,5,00-0032055,D.Funchess,TE,TE,CAR,12205,7f5f2a81-ac40-420c-9421-5b9e2a21faf8,13915.0,9474.0,2346.0,,2977609.0,28429.0,,2001877.0,FuncDe00,devin-funchess-1,10138.0,10391.0,,28429.0,696127.0,16802.0,696127.0,Devin Funchess,devin funchess,4,7,53.0,0,0.0,0.0,84.0,6.0,4.0,2.5111654,0,0.63095236,0.20588236,0.2683706,0.49668294,,,,,,,,,,,,,,,,,REG,CAR,NYG,Devin Funchess,FuncDe00,0.0,0.0,0.0,81.2
2018,REG,5,00-0030854,E.Swoope,TE,TE,IND,11904,947e7faa-e8be-4603-829c-b57e4247ccbf,12352.0,9303.0,1975.0,erikswoope/2550405,17091.0,27914.0,,2130326.0,,,9808.0,9792.0,,27914.0,550290.0,16238.0,,Erik Swoope,erik swoope,3,3,44.0,1,0.0,0.0,42.0,2.0,2.0,5.558698,0,1.0476191,0.050847456,0.089361705,0.13882437,,,,,,,,,,,,,,,,,,,,,,,,,
2018,REG,5,00-0032134,C.Uzomah,TE,TE,CIN,12317,19858900-5c8e-49a7-ab02-34ef625724ca,14084.0,9590.0,2460.0,c.j.uzomah/2552559,2574576.0,28545.0,,2174118.0,UzomC.00,cj-uzomah-1,10462.0,10534.0,,28545.0,593305.0,16917.0,593305.0,C.J. Uzomah,cj uzomah,2,2,43.0,0,0.0,0.0,0.0,43.0,2.0,2.879618,0,0.0,0.06666667,0.0,0.1,,,,,,,,,,,,,,,,,REG,CIN,MIA,C.J. Uzomah,UzomC.00,0.0,0.0,0.0,118.7
2018,REG,5,00-0032394,N.Vannett,TE,TE,SEA,12680,c731aa8a-778b-4ccd-a19f-517eb66f47b7,15645.0,10728.0,3258.0,,2576399.0,29328.0,,1871322.0,VannNi00,nick-vannett-1,10949.0,11329.0,,29328.0,606488.0,18019.0,606488.0,Nick Vannett,nick vannett,3,4,43.0,0,0.0,0.0,24.0,35.0,2.0,2.9458082,0,1.7916666,0.21052632,0.112676054,0.3946627,,,,,,,,,,,,,,,,,REG,SEA,LA,Nick Vannett,VannNi00,0.0,0.0,0.0,109.4
2018,REG,5,00-0027981,K.Rudolph,TE,TE,MIN,10312,1059e9dc-97df-4643-9116-883a0573d8b1,9906.0,6195.0,943.0,kylerudolph/2495438,14054.0,24830.0,7444.0,1633122.0,RudoKy00,kyle-rudolph-1,7246.0,6459.0,,24830.0,469472.0,13275.0,469472.0,Kyle Rudolph,kyle rudolph,5,5,41.0,0,0.0,0.0,15.0,26.0,1.0,1.8078194,0,2.7333333,0.13513513,0.06912442,0.2510898,Kyle Rudolph,MIN,6.57,5.535875390761732,2.6179999999999994,6.395973810221829,100.0,41.0,0.0,5.582000000000001,4.351602044018091,1.2303979559819096,00-0027981,Kyle,Rudolph,K.Rudolph,REG,MIN,PHI,Kyle Rudolph,RudoKy00,1.0,0.0,0.0,100.8
2018,REG,5,00-0034365,I.Thomas,TE,TE,CAR,13678,ed8a8fd2-df67-45e7-a34f-984afb82f6ea,17387.0,42130.0,4995.0,,4045305.0,31071.0,,2253359.0,ThomIa00,ian-thomas-3,12858.0,13163.0,323.0,31071.0,943093.0,19910.0,943093.0,Ian Thomas,ian thomas,3,6,38.0,0,0.0,0.0,66.0,10.0,1.0,-9.142436,0,0.57575756,0.1764706,0.21086262,0.4123097,Ian Thomas,CAR,3.8775,2.4111467965840925,10.801666666666668,22.138343296327925,50.0,38.0,0.0,3.779999999999999,4.272688278300696,-0.49268827830069695,00-0034365,Ian,Thomas,I.Thomas,REG,CAR,NYG,Ian Thomas,ThomIa00,0.0,0.0,0.0,30.6
2018,REG,5,00-0033054,R.Gathers,TE,TE,DAL,12833,ec2db5f2-ffec-4ece-9ca9-7a860c4880b6,15808.0,10851.0,3372.0,,2990959.0,29451.0,,2235884.0,GathRi00,,11236.0,11501.0,,29451.0,696197.0,18133.0,,Rico Gathers,rico gathers,1,1,32.0,0,0.0,0.0,21.0,11.0,1.0,2.2832098,0,1.5238096,0.035714287,0.125,0.14107142,,,,,,,,,,,,,,,,,REG,DAL,HOU,Rico Gathers,GathRi00,0.0,0.0,0.0,118.7
2018,REG,5,00-0022943,B.Watson,TE,TE,NO,7422,d81844de-54c3-42ee-9850-072dc4131b6f,9040.0,1753.0,663.0,benjaminwatson/2506122,5557.0,6791.0,,493107.0,WatsBe00,benjamin-watson-1,3872.0,48.0,,6791.0,246082.0,11756.0,,Ben Watson,ben watson,4,4,30.0,0,0.0,0.0,7.0,23.0,2.0,3.2087317,0,4.285714,0.13793103,0.04375,0.23752156,,,,,,,,,,,,,,,,,REG,NO,WAS,Ben Watson,WatsBe00,0.0,0.0,0.0,97.9
2018,REG,5,00-0031951,J.O'Shaughnessy,TE,TE,JAX,12330,e5c6b0d4-3e77-422b-a6d8-574a10ed385e,14146.0,9606.0,2476.0,,2508079.0,28561.0,,2174148.0,O'ShJa00,,10249.0,10549.0,,28561.0,552352.0,16933.0,552352.0,James O'Shaughnessy,james oshaughnessy,3,6,27.0,0,0.0,0.0,58.0,20.0,2.0,-4.799795,0,0.46551725,0.09836066,0.089644514,0.21029215,James O'Shaughnessy,JAX,4.2124999999999995,3.0728943817960785,7.5133333333333345,7.275192046995029,50.0,27.0,0.0,7.516666666666668,5.384770893056232,2.1318957736104363,00-0031951,James,O'Shaughnessy,J.O'Shaughnessy,REG,JAX,KC,James O'Shaughnessy,O'ShJa00,0.0,0.0,0.0,22.9
2018,REG,5,00-0033080,S.DeValve,TE,TE,CLE,12792,a2451bf7-83dd-496c-b527-c14d8d518598,15671.0,10772.0,3296.0,,2566659.0,29372.0,,1984760.0,DevaSe00,,11221.0,11444.0,,29372.0,623676.0,18057.0,,Seth DeValve,seth devalve,1,1,26.0,0,0.0,0.0,16.0,10.0,1.0,1.4964968,0,1.625,0.023809524,0.039119806,0.06309815,,,,,,,,,,,,,,,,,REG,CLE,BAL,Seth Devalve,DevaSe00,0.0,0.0,0.0,118.7
2018,REG,5,00-0033110,T.Higbee,TE,TE,LA,12678,0df7912d-9e81-47ea-b4f7-d04986df4ee8,15623.0,10744.0,3271.0,,2573401.0,29344.0,,1853103.0,HigbTy00,tyler-higbee-1,10854.0,11430.0,159.0,29344.0,604176.0,18032.0,604176.0,Tyler Higbee,tyler higbee,2,4,26.0,0,0.0,0.0,17.0,14.0,1.0,0.62170887,0,1.5294118,0.125,0.062730625,0.23141144,,,,,,,,,,,,,,,,,REG,LA,SEA,Tyler Higbee,HigbTy00,0.0,1.0,0.25,70.8
2018,REG,5,00-0034829,M.Gesicki,TE,TE,MIA,13672,1012cbe0-7eba-4169-bfca-183a0204e1a7,17272.0,47153.0,4993.0,,3116164.0,31012.0,,2139298.0,GesiMi00,mike-gesicki-1,12764.0,13104.0,330.0,31012.0,836152.0,19853.0,836152.0,Mike Gesicki,mike gesicki,3,5,26.0,0,0.0,0.0,57.0,4.0,2.0,-0.3261197,0,0.45614034,0.15151516,0.28217822,0.42479748,Mike Gesicki,MIA,6.244999999999999,1.5333087625549733,11.319999999999999,28.15220094503854,60.0,26.0,0.0,2.6166666666666694,2.339317680491073,0.2773489861755962,00-0034829,Michael,Gesicki,M.Gesicki,REG,MIA,CIN,Mike Gesicki,GesiMi00,0.0,0.0,0.0,73.7
2018,REG,5,00-0030216,J.Hill,TE,TE,NO,11529,687cdc33-bd0d-4b70-adb3-33f97dc26a3c,13565.0,8200.0,1777.0,joshhill/2541834,16143.0,26950.0,,2060083.0,HillJo02,,9071.0,8764.0,,26950.0,469509.0,15866.0,,Josh Hill,josh hill,2,2,24.0,1,0.0,0.0,-3.0,27.0,2.0,2.21435,0,0.0,0.06896552,-0.01875,0.09032328,,,,,,,,,,,,,,,,,REG,NO,WAS,Josh Hill,HillJo02,0.0,0.0,0.0,156.2
2018,REG,5,00-0033895,G.Everett,TE,TE,LA,13236,ebeceb00-57e0-4b74-9cf7-853da2afed18,16459.0,11799.0,4089.0,,3918639.0,30157.0,,2142692.0,EverGe00,gerald-everett-1,11737.0,12284.0,55.0,30157.0,838487.0,18935.0,838487.0,Gerald Everett,gerald everett,3,3,24.0,0,0.0,0.0,18.0,6.0,1.0,1.2875521,0,1.3333334,0.09375,0.06642067,0.18711947,,,,,,,,,,,,,,,,,REG,LA,SEA,Gerald Everett,EverGe00,0.0,0.0,0.0,100.0
2018,REG,5,00-0030472,J.Reed,TE,TE,WAS,11248,c3bf8d3e-3b2e-4f9e-ad74-c0a684035f17,11690.0,7866.0,1500.0,jordanreed/2540160,15860.0,26708.0,,1691412.0,ReedJo02,jordan-reed-1,8615.0,8412.0,,26708.0,508876.0,15100.0,,Jordan Reed,jordan reed,1,2,21.0,0,0.0,0.0,28.0,0.0,1.0,0.13864765,0,0.75,0.054054055,0.07887324,0.13629235,,,,,,,,,,,,,,,,,REG,WAS,NO,Jordan Reed,ReedJo02,0.0,0.0,0.0,87.5
2018,REG,5,00-0027061,J.Cook,TE,TE,LV,9474,3b7a1409-d154-4e5c-8c94-9d4a0e0993c7,9265.0,5012.0,367.0,jaredcook/71265,12537.0,9353.0,6126.0,584314.0,CookJa02,jared-cook-2,5981.0,5165.0,,9353.0,296480.0,8534.0,296480.0,Jared Cook,jared cook,4,6,20.0,0,0.0,0.0,39.0,1.0,1.0,-1.0711548,0,0.51282054,0.19354838,0.17105263,0.41005942,Jared Cook,LV,6.398000000000001,3.175243339880162,6.6433333333333335,17.067009205737527,66.66666666666666,20.0,0.0,0.28249999999999975,1.8794399218299453,-1.5969399218299456,00-0027061,Jared,Cook,J.Cook,REG,OAK,LAC,Jared Cook,CookJa02,1.0,0.0,0.0,71.5
2018,REG,5,00-0032135,J.James,TE,TE,PIT,12211,a37a5bfd-b48c-4d8b-817a-d8ce7ca3592d,13959.0,9593.0,2463.0,jessejames/2552633,2979590.0,28548.0,,1983808.0,JameJe00,jesse-james-1,10150.0,10403.0,,28548.0,652019.0,16920.0,652019.0,Jesse James,jesse james,2,2,20.0,0,0.0,0.0,14.0,6.0,1.0,1.6803914,0,1.4285715,0.06896552,0.05982906,0.14532861,,,,,,,,,,,,,,,,,REG,PIT,ATL,Jesse James,JameJe00,0.0,0.0,0.0,108.3
2018,REG,5,00-0021547,A.Gates,TE,TE,LAC,7236,82da09c2-e542-4f7d-87d9-24dfd8e014de,9027.0,1609.0,322.0,antoniogates/2505299,5362.0,6663.0,,396811.0,,,3172.0,611.0,,6663.0,234249.0,7884.0,,Antonio Gates,antonio gates,2,2,19.0,0,0.0,0.0,14.0,5.0,1.0,1.9378282,0,1.3571428,0.07692308,0.075675674,0.1683576,,,,,,,,,,,,,,,,,,,,,,,,,
2018,REG,5,00-0031744,M.LaCosse,TE,TE,DEN,12596,25e58aee-1b33-4468-9a81-6586426b91d5,14288.0,9840.0,2944.0,mattlacosse/2553667,2576179.0,28875.0,,2174931.0,,,10727.0,10980.0,,28875.0,606055.0,17415.0,606055.0,Matt LaCosse,matt lacosse,2,2,19.0,0,0.0,0.0,11.0,8.0,1.0,1.3338095,0,1.7272727,0.039215688,0.033333335,0.08215686,,,,,,,,,,,,,,,,,,,,,,,,,
2018,REG,5,00-0032227,J.Heuerman,TE,TE,DEN,12208,1fe3aadd-336b-4838-888e-8c9609747afc,13961.0,9525.0,2397.0,jeffheuerman/2552399,2576389.0,28480.0,,1824413.0,HeueJe00,jeff-heuerman-1,10246.0,10492.0,,28480.0,593517.0,16853.0,,Jeff Heuerman,jeff heuerman,2,4,18.0,0,0.0,0.0,15.0,14.0,1.0,-0.2324313,0,1.2,0.078431375,0.045454547,0.14946525,,,,,,,,,,,,,,,,,REG,DEN,NYJ,Jeff Heuerman,HeueJe00,0.0,0.0,0.0,62.5
2018,REG,5,00-0029587,R.Ellison,TE,TE,NYG,10838,cccc9f16-9508-434f-b7a4-9a29cb0cacf9,11315.0,7128.0,1211.0,rhettellison/2532835,15003.0,25838.0,,1244464.0,ElliRh00,rhett-ellison-1,8114.0,7580.0,,25838.0,399295.0,14445.0,,Rhett Ellison,rhett ellison,2,3,17.0,0,0.0,0.0,23.0,7.0,1.0,-0.77632856,1,0.73913044,0.08108108,0.0575,0.16187163,,,,,,,,,,,,,,,,,REG,NYG,CAR,Rhett Ellison,ElliRh00,0.0,0.0,0.0,81.2
2018,REG,5,00-0034351,D.Goedert,TE,TE,PHI,13674,e8029983-87cf-49a2-bc04-04c8233a0630,17270.0,47272.0,5022.0,,3121023.0,31019.0,,2132551.0,GoedDa00,,12860.0,13151.0,382.0,31019.0,791365.0,19863.0,791365.0,Dallas Goedert,dallas goedert,2,2,16.0,0,0.0,0.0,11.0,5.0,1.0,0.55263937,0,1.4545455,0.0625,0.037037037,0.11967593,,,,,,,,,,,,,,,,,REG,PHI,MIN,Dallas Goedert,GoedDa00,0.0,0.0,0.0,100.0
2018,REG,5,00-0034753,M.Andrews,TE,TE,BAL,13671,0618f387-9b72-4270-8b8f-dec4cccc9e4a,17269.0,47436.0,5012.0,,3116365.0,31056.0,,2131121.0,AndrMa00,mark-andrews-1,12559.0,13182.0,366.0,31056.0,820699.0,19803.0,820699.0,Mark Andrews,mark andrews,1,3,16.0,0,0.0,0.0,38.0,5.0,1.0,-1.3140237,0,0.42105263,0.05263158,0.08278867,0.13689944,,,,,,,,,,,,,,,,,REG,BAL,CLE,Mark Andrews,AndrMa00,0.0,0.0,0.0,52.1
2018,REG,5,00-0024221,V.Davis,TE,TE,WAS,8247,0a95e792-6455-4927-9539-f95fa7f41fbb,9621.0,2951.0,200.0,vernondavis/2495826,9592.0,7755.0,,409254.0,DaviVe00,vernon-davis-1,4732.0,3638.0,,7755.0,215595.0,5084.0,,Vernon Davis,vernon davis,2,3,15.0,0,0.0,0.0,33.0,6.0,2.0,1.3376026,0,0.45454547,0.08108108,0.09295775,0.18669204,,,,,,,,,,,,,,,,,REG,WAS,NO,Vernon Davis,DaviVe00,0.0,0.0,0.0,78.5
2018,REG,5,00-0031690,E.Tomlinson,TE,TE,NYJ,13065,b3d7169b-9cf6-4fea-815a-26e4fb0ec16a,14339.0,9786.0,2755.0,,2511973.0,28658.0,,1759992.0,TomlEr01,,10553.0,10747.0,,28658.0,554431.0,17223.0,554431.0,Eric Tomlinson,eric tomlinson,2,3,15.0,0,0.0,0.0,-2.0,20.0,1.0,-1.2271833,0,0.0,0.13636364,-0.010152284,0.19743885,,,,,,,,,,,,,,,,,REG,NYJ,DEN,Eric Tomlinson,TomlEr01,0.0,1.0,0.333,78.5
2018,REG,5,00-0028142,V.Green,TE,TE,LAC,10432,6ef43c53-53d7-4b0f-ad99-17664d663ae8,10026.0,6356.0,868.0,virgilgreen/2495288,14085.0,24991.0,7502.0,1130615.0,GreeVi00,virgil-green-1,7416.0,6570.0,,24991.0,323254.0,13016.0,,Virgil Green,virgil green,1,1,13.0,1,0.0,0.0,-2.0,15.0,1.0,2.0740407,0,0.0,0.03846154,-0.010810811,0.05012474,,,,,,,,,,,,,,,,,REG,LAC,OAK,Virgil Green,GreeVi00,0.0,0.0,0.0,158.3
2018,REG,5,00-0028112,C.Clay,TE,TE,BUF,10409,04ca4fb9-194e-47fe-8fc8-adb5790a8e78,10003.0,6326.0,801.0,charlesclay/2495139,14145.0,24961.0,,1265552.0,ClayCh00,charles-clay-1,7424.0,6681.0,,24961.0,400516.0,12751.0,,Charles Clay,charles clay,1,1,12.0,0,0.0,0.0,10.0,2.0,1.0,1.2358409,0,1.2,0.05,0.06535948,0.120751634,,,,,,,,,,,,,,,,,REG,BUF,TEN,Charles Clay,ClayCh00,0.0,0.0,0.0,116.7
2018,REG,5,00-0027873,J.Gresham,TE,TE,ARI,9838,b44773b9-af17-4d6c-a453-132e20849712,9685.0,5546.0,530.0,jermainegresham/497238,13228.0,23996.0,,1123667.0,GresJe00,jermaine-gresham-1,6455.0,5549.0,,23996.0,333278.0,11026.0,,Jermaine Gresham,jermaine gresham,1,1,11.0,0,0.0,0.0,-2.0,13.0,1.0,1.4954326,0,0.0,0.04347826,-0.00754717,0.059934374,,,,,,,,,,,,,,,,,REG,ARI,SF,Jermaine Gresham,GresJe00,0.0,0.0,0.0,112.5
2018,REG,5,00-0033658,B.Jarwin,TE,TE,DAL,13722,43e8a6ac-d451-4dbd-b145-797764f91494,16638.0,12320.0,4571.0,,2991767.0,30784.0,,2819999.0,JarwBl00,,12179.0,12507.0,,30784.0,711965.0,19457.0,711965.0,Blake Jarwin,blake jarwin,1,2,11.0,0,0.0,0.0,-7.0,9.0,1.0,0.25409022,0,0.0,0.071428575,-0.041666668,0.07797619,,,,,,,,,,,,,,,,,REG,DAL,HOU,Blake Jarwin,JarwBl00,1.0,0.0,0.0,66.7
2018,REG,5,00-0034420,J.Thomas,TE,TE,HOU,13819,f993832a-f81f-4706-90b8-80fd193bdfd7,17399.0,42062.0,5117.0,,4035379.0,31181.0,,2249166.0,ThomJo05,jordan-thomas-6,12697.0,13309.0,,31181.0,922092.0,20020.0,922092.0,Jordan Thomas,jordan thomas,1,1,11.0,0,0.0,0.0,7.0,4.0,1.0,0.6810279,0,1.5714285,0.023255814,0.024305556,0.05189761,,,,,,,,,,,,,,,,,REG,HOU,DAL,Jordan Thomas,ThomJo05,1.0,0.0,0.0,112.5
2018,REG,5,00-0031598,N.Boyle,TE,TE,BAL,12328,9480dd9f-151f-4e6d-b5a3-35f07bda4cac,13963.0,9604.0,2474.0,,2574591.0,28559.0,,1888149.0,BoylNi00,,10252.0,10547.0,,28559.0,608753.0,16931.0,608753.0,Nick Boyle,nick boyle,1,2,10.0,0,0.0,0.0,3.0,6.0,1.0,-4.713459,0,3.3333333,0.03508772,0.006535948,0.057206742,,,,,,,,,,,,,,,,,REG,BAL,CLE,Nick Boyle,BoylNi00,0.0,0.0,0.0,25.0
2018,REG,5,00-0033953,J.Leggett,TE,TE,NYJ,13195,bea00842-e4db-4955-857a-ea8d4a0e215b,16458.0,11905.0,4153.0,,3045118.0,30263.0,,2060412.0,LeggJo00,jordan-leggett-1,11893.0,12307.0,,30263.0,733735.0,18999.0,,Jordan Leggett,jordan leggett,1,1,10.0,0,0.0,0.0,1.0,9.0,1.0,0.8621208,0,10.0,0.045454547,0.005076142,0.07173512,,,,,,,,,,,,,,,,,REG,NYJ,DEN,Jordan Leggett,LeggJo00,0.0,0.0,0.0,108.3
2018,REG,5,00-0031035,X.Grimble,TE,TE,PIT,11701,c9557ff2-899f-41e3-8a0e-35ca874db9b2,12149.0,9092.0,2082.0,xaviergrimble/2550521,17348.0,28184.0,,2130777.0,,,9283.0,9614.0,,28184.0,555680.0,16395.0,,Xavier Grimble,xavier grimble,1,1,9.0,0,0.0,0.0,6.0,3.0,1.0,0.8268914,0,1.5,0.03448276,0.025641026,0.06967285,,,,,,,,,,,,,,,,,,,,,,,,,
2018,REG,5,00-0033627,J.Croom,TE,TE,BUF,13890,e17b5817-d955-42be-bb8d-e34d89f6dd71,16770.0,12145.0,4536.0,,2972240.0,30594.0,,2819968.0,,,12082.0,12709.0,,30594.0,690029.0,19415.0,690029.0,Jason Croom,jason croom,2,2,9.0,0,0.0,0.0,0.0,9.0,0.0,-0.10438502,0,0.0,0.1,0.0,0.15,,,,,,,,,,,,,,,,,,,,,,,,,
2018,REG,5,00-0034364,J.Akins,TE,TE,HOU,13753,0cb5a32a-a340-4671-ba2a-93f5fa6aee8d,17415.0,47050.0,5032.0,,3128452.0,31068.0,,2142712.0,AkinJo00,jordan-akins-1,12568.0,13238.0,,31068.0,838396.0,19903.0,838396.0,Jordan Akins,jordan akins,1,2,9.0,0,0.0,0.0,3.0,5.0,0.0,-0.38164932,0,3.0,0.046511628,0.010416667,0.077059105,,,,,,,,,,,,,,,,,REG,HOU,DAL,Jordan Akins,AkinJo00,0.0,0.0,0.0,62.5
2018,REG,5,00-0027985,L.Kendricks,TE,TE,GB,10318,27921351-a775-4649-bd49-7b4c486d1ba2,9912.0,6199.0,964.0,lancekendricks/2495187,14007.0,24834.0,7425.0,1117803.0,KendLa00,lance-kendricks-1,7412.0,6614.0,,24834.0,332066.0,13386.0,,Lance Kendricks,lance kendricks,2,2,8.0,1,0.0,0.0,3.0,5.0,1.0,0.92594975,0,2.6666667,0.04,0.006756757,0.06472973,,,,,,,,,,,,,,,,,REG,GB,DET,Lance Kendricks,KendLa00,0.0,0.0,0.0,122.9
2018,REG,5,00-0029738,D.Fells,TE,TE,CLE,11337,54d4e35a-2e6c-48f6-86ad-92dd596c173c,13636.0,8549.0,1592.0,darrenfells/2540928,15773.0,26612.0,,2053740.0,FellDa01,,9758.0,8472.0,,26612.0,266414.0,15247.0,266414.0,Darren Fells,darren fells,1,1,8.0,0,0.0,0.0,6.0,2.0,1.0,0.9337075,0,1.3333334,0.023809524,0.014669927,0.045983233,,,,,,,,,,,,,,,,,REG,CLE,BAL,Darren Fells,FellDa01,0.0,0.0,0.0,100.0
2018,REG,5,00-0031558,M.Williams,TE,TE,BAL,12206,52f4a43a-64a9-4d69-a9e2-28bd60f68e49,13919.0,9488.0,2360.0,,2970726.0,28443.0,,1983769.0,WillMa04,maxx-williams-1,10128.0,10298.0,,28443.0,651658.0,16816.0,651658.0,Maxx Williams,maxx williams,2,2,8.0,0,0.0,0.0,-5.0,13.0,0.0,-0.4906148,0,0.0,0.03508772,-0.010893246,0.045006305,,,,,,,,,,,,,,,,,REG,BAL,CLE,Maxx Williams,WillMa04,0.0,0.0,0.0,83.3
2018,REG,5,00-0033576,E.Saubert,TE,TE,ATL,13315,582dc00e-e7ec-4ca7-bff0-f7b1d604017b,16706.0,11929.0,4189.0,,2975863.0,30287.0,,2001018.0,SaubEr00,,11897.0,12300.0,,30287.0,694931.0,19035.0,694931.0,Eric Saubert,eric saubert,1,2,8.0,0,0.0,0.0,13.0,1.0,0.0,-2.4456542,0,0.61538464,0.044444446,0.0362117,0.09201486,,,,,,,,,,,,,,,,,REG,ATL,PIT,Eric Saubert,SaubEr00,0.0,1.0,0.5,60.4
2018,REG,5,00-0034830,H.Hurst,TE,TE,BAL,13680,1b125fc4-5dd9-4eb9-a42f-048e61ca42b7,17283.0,47294.0,4973.0,,3924365.0,30995.0,,2185053.0,HursHa00,hayden-hurst-1,12467.0,13098.0,8.0,30995.0,881956.0,19843.0,881956.0,Hayden Hurst,hayden hurst,1,2,7.0,0,0.0,0.0,13.0,7.0,0.0,-0.43741745,0,0.53846157,0.03508772,0.02832244,0.072457284,,,,,,,,,,,,,,,,,REG,BAL,CLE,Hayden Hurst,HursHa00,0.0,0.0,0.0,58.3
2018,REG,5,00-0030470,V.McDonald,TE,TE,PIT,11257,8f24a248-b328-43ec-8677-67600e42a8f7,11699.0,7836.0,1587.0,vancemcdonald/2540215,15853.0,26678.0,,1673357.0,McDoVa00,vance-mcdonald-1,8785.0,8413.0,,26678.0,494969.0,15239.0,,Vance McDonald,vance mcdonald,1,2,6.0,0,0.0,0.0,11.0,1.0,0.0,-0.6420886,0,0.54545456,0.06896552,0.047008548,0.13635425,,,,,,,,,,,,,,,,,REG,PIT,ATL,Vance McDonald,McDoVa00,0.0,0.0,0.0,56.2
2018,REG,5,00-0030155,D.Harris,TE,TE,KC,11448,8506c15c-15cc-4d2c-aebf-270c605fe0ec,11881.0,8524.0,1619.0,demetriusharris/2541187,16318.0,27174.0,,2060074.0,HarrDe03,,9847.0,8683.0,,27174.0,602269.0,15305.0,602269.0,Demetrius Harris,demetrius harris,1,2,5.0,0,0.0,0.0,-2.0,4.0,0.0,-0.76975095,0,0.0,0.055555556,-0.0059701493,0.07915423,,,,,,,,,,,,,,,,,REG,KC,JAX,Demetrius Harris,HarrDe03,0.0,0.0,0.0,56.2
2018,REG,5,00-0032430,D.Morgan,TE,TE,MIN,12816,4bff1c89-f4d1-4699-8c85-69bbbbaec5a2,15857.0,10822.0,3344.0,,2582138.0,29422.0,,1907784.0,MorgDa01,david-morgan-1,11139.0,11477.0,,29422.0,612030.0,18105.0,,David Morgan,david morgan,1,1,5.0,0,0.0,0.0,4.0,1.0,0.0,0.07636956,0,1.25,0.027027028,0.01843318,0.053443767,,,,,,,,,,,,,,,,,REG,MIN,PHI,David Morgan,MorgDa01,0.0,0.0,0.0,87.5
2018,REG,5,00-0031299,J.Matthews,TE,TE,PHI,11676,7b96a836-666b-47b6-a0a7-9dbb0b4c53e8,12124.0,8677.0,1800.0,jordanmatthews/2543500,16763.0,27570.0,,1759816.0,MattJo00,jordan-matthews-1,9273.0,9420.0,,27570.0,555648.0,15974.0,555648.0,Jordan Matthews,jordan matthews,1,1,4.0,0,0.0,0.0,4.0,0.0,0.0,-0.16580863,0,1.0,0.03125,0.013468013,0.05630261,,,,,,,,,,,,,,,,,REG,PHI,MIN,Jordan Matthews,MattJo00,0.0,0.0,0.0,83.3
2018,REG,5,00-0028042,L.Stocker,TE,TE,TEN,10354,5b712aed-201c-43dd-b978-b7b6ef91178e,9948.0,6256.0,963.0,lukestocker/2495234,14099.0,24891.0,7589.0,1125485.0,StocLu00,luke-stocker-1,7413.0,6552.0,,24891.0,334186.0,13370.0,334186.0,Luke Stocker,luke stocker,0,1,0.0,0,0.0,0.0,3.0,0.0,0.0,-0.50085914,0,0.0,0.04,0.01724138,0.07206897,,,,,,,,,,,,,,,,,REG,TEN,BUF,Luke Stocker,StocLu00,0.0,0.0,0.0,39.6
2018,REG,5,00-0029119,D.Carrier,TE,TE,LV,10940,d3fab07b-f02a-433d-9612-cb0a751f324d,11417.0,7406.0,1718.0,derekcarrier/2534241,15403.0,26416.0,,1977121.0,CarrDe00,,9203.0,7527.0,,26416.0,654887.0,15640.0,654887.0,Derek Carrier,derek carrier,0,1,0.0,0,0.0,0.0,1.0,0.0,0.0,-6.410503,0,0.0,0.032258064,0.004385965,0.05145727,,,,,,,,,,,,,,,,,REG,OAK,LAC,Derek Carrier,CarrDe00,0.0,0.0,0.0,0.0
2018,REG,5,00-0030443,L.Toilolo,TE,TE,DET,11252,67d56171-7522-430c-b7d9-8f7e2b6624d3,11694.0,7915.0,1642.0,levinetoilolo/2540203,15980.0,26756.0,,1685990.0,ToilLe00,levine-toilolo-1,8789.0,8414.0,,26756.0,503205.0,15378.0,503205.0,Levine Toilolo,levine toilolo,0,1,0.0,0,0.0,0.0,2.0,0.0,0.0,-0.848814,0,0.0,0.03846154,0.008547009,0.06367522,,,,,,,,,,,,,,,,,REG,DET,GB,Levine Toilolo,ToilLe00,0.0,0.0,0.0,39.6
2018,REG,5,00-0031167,S.Simonson,TE,TE,NYG,12138,b77aa319-b97f-4316-84c5-e51390432644,13839.0,8954.0,2040.0,,17391.0,28215.0,,2130881.0,,,10016.0,10143.0,,28215.0,564881.0,16327.0,,Scott Simonson,scott simonson,0,1,0.0,0,0.0,0.0,1.0,0.0,0.0,-0.45873234,0,0.0,0.027027028,0.0025,0.042290542,,,,,,,,,,,,,,,,,,,,,,,,,
2018,REG,5,00-0031418,A.Seferian-Jenkins,TE,TE,JAX,11697,e78261de-af00-4530-824c-500addbe9f98,12145.0,8673.0,2222.0,austinseferian-jenkins/2543683,16795.0,27566.0,,1824731.0,SefeAu00,austin-seferian-jenkins-1,9241.0,9400.0,,27566.0,593347.0,16608.0,,Austin Seferian-Jenkins,austin seferian-jenkins,0,1,0.0,0,0.0,0.0,3.0,0.0,0.0,-3.779633,0,0.0,0.016393442,0.004636785,0.027835913,,,,,,,,,,,,,,,,,REG,JAX,KC,Austin Seferian-Jenkins,SefeAu00,0.0,0.0,0.0,39.6
2018,REG,5,00-0032089,B.Parker,TE,TE,DEN,12433,c5606f69-f550-4b4a-b61a-f1f71142a32f,14332.0,10135.0,2653.0,brianparker/2553840,2508328.0,28688.0,,2175148.0,,,10661.0,10763.0,,28688.0,556849.0,17121.0,,Brian Parker,brian parker,0,1,0.0,0,0.0,0.0,7.0,0.0,0.0,-0.46744484,0,0.0,0.019607844,0.021212121,0.04426025,,,,,,,,,,,,,,,,,,,,,,,,,
2018,REG,5,00-0032214,T.Kroft,TE,TE,CIN,12212,36f54823-9d51-4180-9c91-d10281deb4bf,13960.0,9518.0,2390.0,tylerkroft/2552586,2582410.0,28473.0,,1824200.0,KrofTy00,tyler-kroft-1,10247.0,10490.0,,28473.0,592268.0,16846.0,592268.0,Tyler Kroft,tyler kroft,0,1,0.0,0,0.0,0.0,10.0,0.0,0.0,-0.4300407,0,0.0,0.033333335,0.04032258,0.07822581,,,,,,,,,,,,,,,,,REG,CIN,MIA,Tyler Kroft,KrofTy00,0.0,0.0,0.0,39.6
2018,REG,5,00-0032562,C.Wick,TE,TE,SF,12899,32d58cfa-ffa6-46a1-bd3a-09b6ccca2370,16179.0,11139.0,3715.0,,2982151.0,29783.0,,2081600.0,WickCo00,,11347.0,11896.0,,29783.0,704749.0,18522.0,,Cole Wick,cole wick,0,1,0.0,0,0.0,0.0,1.0,0.0,0.0,-1.1772828,0,0.0,0.018518519,0.0038461538,0.030470086,,,,,,,,,,,,,,,,,REG,SF,ARI,Cole Wick,WickCo00,0.0,1.0,1.0,39.6
2018,REG,5,00-0033258,D.Daniels,TE,TE,SEA,13396,7574eb56-a34a-419e-9682-c4788cfe2019,16582.0,12122.0,4323.0,,3052166.0,30523.0,,2079698.0,DaniDa02,,11890.0,12453.0,,30523.0,747895.0,19176.0,747895.0,Darrell Daniels,darrell daniels,0,1,0.0,0,0.0,0.0,21.0,0.0,0.0,-0.4779698,0,0.0,0.05263158,0.09859155,0.14796145,,,,,,,,,,,,,,,,,REG,SEA,LA,Darrell Daniels,DaniDa02,0.0,0.0,0.0,39.6
2018,REG,5,00-0033611,R.Seals-Jones,TE,TE,ARI,13382,52735659-a294-4f64-a7f4-3591450834e5,16730.0,12020.0,4531.0,,3051806.0,30494.0,,2080003.0,SealRi00,,11876.0,12463.0,,30494.0,744568.0,19410.0,744568.0,Ricky Seals-Jones,ricky seals-jones,0,5,0.0,0,0.0,0.0,98.0,0.0,0.0,-4.4826026,0,0.0,0.2173913,0.36981133,0.58495486,Ricky Seals-Jones,ARI,5.4975,1.8520439110388878,19.406,35.85205438959503,0.0,,0.0,,,,00-0033611,Roderick,Seals-Jones,R.Seals-Jones,REG,ARI,SF,Ricky Seals-Jones,SealRi00,0.0,0.0,0.0,39.6
2018,REG,5,00-0033858,J.Smith,TE,TE,TEN,13193,e4f25a37-74de-4bfb-b6c9-f50a4fab0b87,16460.0,11855.0,4144.0,,3054212.0,30213.0,,2081506.0,SmitJo01,jonnu-smith-1,11807.0,12344.0,84.0,30213.0,743749.0,18990.0,743749.0,Jonnu Smith,jonnu smith,0,1,0.0,0,0.0,0.0,9.0,0.0,0.0,-0.66147095,0,0.0,0.04,0.05172414,0.096206896,,,,,,,,,,,,,,,,,REG,TEN,BUF,Jonnu Smith,SmitJo01,0.0,0.0,0.0,39.6
2018,REG,5,00-0034798,D.Smythe,TE,TE,MIA,13676,7e42a22a-c47b-4387-aeeb-2cc2e76dc1d8,17508.0,47257.0,5008.0,,3052897.0,31093.0,,2082845.0,SmytDu00,durham-smythe-1,12807.0,13249.0,,31093.0,749968.0,19943.0,749968.0,Durham Smythe,durham smythe,0,1,0.0,0,0.0,0.0,-11.0,0.0,0.0,-7.908725,0,0.0,0.030303031,-0.054455444,0.0073357336,,,,,,,,,,,,,,,,,REG,MIA,CIN,Durham Smythe,SmytDu00,0.0,0.0,0.0,0.0
2018,REG,6,00-0027696,J.Graham,TE,TE,GB,9925,fd85786d-3900-4dc0-9b30-334ee30413ed,9712.0,5619.0,616.0,jimmygraham/497236,13232.0,24070.0,6610.0,1691166.0,GrahJi00,jimmy-graham-1,6532.0,5842.0,,24070.0,295918.0,11488.0,295918.0,Jimmy Graham,jimmy graham,5,9,104.0,0,0.0,0.0,77.0,63.0,3.0,2.8596556,0,1.3506494,0.20454545,0.20810811,0.45249385,Jimmy Graham,GB,4.175,3.5725645848341907,8.597777777777777,19.53300517480752,55.55555555555556,104.0,0.0,13.264,12.750134149593851,0.5138658504061482,00-0027696,Jimmy,Graham,J.Graham,REG,GB,SF,Jimmy Graham,GrahJi00,1.0,0.0,0.0,96.5
2018,REG,6,00-0027656,R.Gronkowski,TE,TE,NE,9902,2142a164-48ad-47d6-bb27-0bc58c6b2e62,9721.0,5567.0,515.0,robgronkowski/497240,13229.0,24017.0,,1244303.0,GronRo00,rob-gronkowski-1,6443.0,5729.0,,24017.0,381091.0,10974.0,381091.0,Rob Gronkowski,rob gronkowski,3,4,97.0,0,0.0,0.0,56.0,51.0,3.0,3.603936,0,1.7321428,0.114285715,0.17337461,0.2927908,,,,,,,,,,,,,,,,,REG,NE,KC,Rob Gronkowski,GronRo00,1.0,1.0,0.25,116.7
2018,REG,6,00-0032055,D.Funchess,TE,TE,CAR,12205,7f5f2a81-ac40-420c-9421-5b9e2a21faf8,13915.0,9474.0,2346.0,,2977609.0,28429.0,,2001877.0,FuncDe00,devin-funchess-1,10138.0,10391.0,,28429.0,696127.0,16802.0,696127.0,Devin Funchess,devin funchess,5,8,74.0,1,0.0,0.0,111.0,14.0,5.0,3.9611852,0,0.6666667,0.21621622,0.40072203,0.6048297,,,,,,,,,,,,,,,,,REG,CAR,WAS,Devin Funchess,FuncDe00,0.0,0.0,0.0,92.7
2018,REG,6,00-0031387,E.Ebron,TE,TE,IND,11695,9fbcfae9-dd14-415c-8952-9b1b5dff0dfc,12143.0,8645.0,2118.0,ericebron/2543466,16732.0,27538.0,,1865396.0,EbroEr00,eric-ebron-1,9210.0,9390.0,,27538.0,605752.0,16451.0,605752.0,Eric Ebron,eric ebron,4,7,71.0,1,0.0,0.0,105.0,10.0,4.0,6.184475,0,0.6761905,0.16666667,0.25798526,0.43058968,Eric Ebron,IND,5.640000000000001,2.4287398093152106,14.50285714285714,25.988787343522002,57.14285714285714,71.0,1.0,3.0325000000000024,2.4759663090478057,0.5565336909521967,00-0031387,Eric,Ebron,E.Ebron,REG,IND,NYJ,Eric Ebron,EbroEr00,0.0,1.0,0.143,131.5
2018,REG,6,00-0032392,A.Hooper,TE,TE,ATL,12677,90c2a93f-d837-4e1b-b57c-56648903a8db,15581.0,10715.0,3202.0,,3043275.0,29315.0,,2067004.0,HoopAu00,austin-hooper-1,10748.0,11301.0,384.0,29315.0,739424.0,17963.0,739424.0,Austin Hooper,austin hooper,9,10,71.0,1,0.0,0.0,62.0,13.0,6.0,4.0911913,0,1.1451613,0.24390244,0.15696202,0.47572708,Austin Hooper,ATL,5.718333333333334,3.0622297362642414,6.061999999999999,15.63943138721911,90.0,71.0,1.0,1.7266666666666675,2.050632477769082,-0.3239658111024144,00-0032392,Austin,Hooper,A.Hooper,REG,ATL,TB,Austin Hooper,HoopAu00,1.0,1.0,0.1,129.6
2018,REG,6,00-0033611,R.Seals-Jones,TE,TE,ARI,13382,52735659-a294-4f64-a7f4-3591450834e5,16730.0,12020.0,4531.0,,3051806.0,30494.0,,2080003.0,SealRi00,,11876.0,12463.0,,30494.0,744568.0,19410.0,744568.0,Ricky Seals-Jones,ricky seals-jones,5,6,69.0,0,0.0,0.0,61.0,9.0,2.0,2.2629611,0,1.1311475,0.19354838,0.29186603,0.4946288,Ricky Seals-Jones,ARI,4.061999999999999,1.856482919628452,10.65,29.136838265468967,83.33333333333334,69.0,0.0,2.4980000000000007,1.5142556459875052,0.9837443540124955,00-0033611,Roderick,Seals-Jones,R.Seals-Jones,REG,ARI,MIN,Ricky Seals-Jones,SealRi00,0.0,0.0,0.0,114.6
2018,REG,6,00-0030470,V.McDonald,TE,TE,PIT,11257,8f24a248-b328-43ec-8677-67600e42a8f7,11699.0,7836.0,1587.0,vancemcdonald/2540215,15853.0,26678.0,,1673357.0,McDoVa00,vance-mcdonald-1,8785.0,8413.0,,26678.0,494969.0,15239.0,,Vance McDonald,vance mcdonald,7,8,68.0,0,1.0,0.0,20.0,51.0,4.0,4.038133,0,3.4,0.17777778,0.053619303,0.30420017,Vance McDonald,PIT,5.846666666666667,3.2984237115632693,1.785000000000001,3.848537932893143,87.5,68.0,0.0,7.878571428571427,4.649632211044734,3.228939217526693,00-0030470,Vance,McDonald,V.McDonald,REG,PIT,CIN,Vance McDonald,McDoVa00,2.0,0.0,0.0,102.1
2018,REG,6,00-0033879,O.Howard,TE,TE,TB,13188,93ed8c6f-b676-46d3-bf82-6155e89b4a68,16380.0,11774.0,4055.0,,3043080.0,30132.0,,2061190.0,HowaO.00,oj-howard-1,11806.0,12161.0,,30132.0,732147.0,18901.0,732147.0,O.J. Howard,oj howard,4,4,62.0,1,0.0,0.0,43.0,19.0,4.0,5.952508,0,1.4418604,0.1,0.09409191,0.21586433,,,,,,,,,,,,,,,,,REG,TB,ATL,O.J. Howard,HowaO.00,0.0,0.0,0.0,158.3
2018,REG,6,00-0030506,T.Kelce,TE,TE,KC,11244,c3859e06-5f23-4302-a71b-04820a899d5f,11594.0,7844.0,1466.0,traviskelce/2540258,15847.0,26686.0,,1725130.0,KelcTr00,travis-kelce-1,8783.0,8411.0,264.0,26686.0,448240.0,15048.0,448240.0,Travis Kelce,travis kelce,5,9,61.0,0,0.0,0.0,69.0,36.0,4.0,-8.308522,0,0.884058,0.25,0.21630093,0.52641064,Travis Kelce,KC,5.1762500000000005,2.8474955598801595,7.407777777777779,21.442814871992795,55.55555555555556,61.0,0.0,7.309999999999997,6.801274413765441,0.5087255862345561,00-0030506,Travis,Kelce,T.Kelce,REG,KC,NE,Travis Kelce,KelcTr00,0.0,0.0,0.0,37.0
2018,REG,6,00-0034766,C.Herndon,TE,TE,NYJ,13679,780a48de-d092-4e87-9c34-8d1b45a154cc,17536.0,47164.0,5009.0,,3123050.0,31077.0,,2136463.0,HernCh00,christopher-herndon-iv-1,12899.0,13228.0,,31077.0,832080.0,19947.0,832080.0,Chris Herndon,chris herndon,2,2,56.0,1,0.0,0.0,41.0,15.0,2.0,4.8155084,0,1.3658537,0.06896552,0.1952381,0.24011494,,,,,,,,,,,,,,,,,REG,NYJ,IND,Chris Herndon,HernCh00,0.0,0.0,0.0,158.3
2018,REG,6,00-0033885,D.Njoku,TE,TE,CLE,13192,8f86fcea-90e8-49ea-bc78-5c7659313e57,16399.0,11784.0,4033.0,,3123076.0,30142.0,,2136474.0,NjokDa00,david-njoku-1,11734.0,12186.0,252.0,30142.0,832098.0,18876.0,832098.0,David Njoku,david njoku,7,12,55.0,1,0.0,0.0,83.0,18.0,5.0,-2.8627555,0,0.6626506,0.27906978,0.20194647,0.55996716,David Njoku,CLE,6.0,2.173918469758947,8.270833333333334,21.542836057389685,58.333333333333336,55.0,1.0,2.787142857142857,2.280911084993964,0.5062317721488929,00-0033885,David,Njoku,D.Njoku,REG,CLE,LAC,David Njoku,NjokDa00,0.0,2.0,0.167,62.8
2018,REG,6,00-0032134,C.Uzomah,TE,TE,CIN,12317,19858900-5c8e-49a7-ab02-34ef625724ca,14084.0,9590.0,2460.0,c.j.uzomah/2552559,2574576.0,28545.0,,2174118.0,UzomC.00,cj-uzomah-1,10462.0,10534.0,,28545.0,593305.0,16917.0,593305.0,C.J. Uzomah,cj uzomah,6,7,54.0,0,0.0,0.0,68.0,8.0,4.0,3.212555,0,0.7941176,0.17073171,0.16748768,0.37333894,C.J. Uzomah,CIN,3.9259999999999997,2.3865450526610927,9.16,16.70400666909811,85.71428571428571,54.0,0.0,1.4833333333333336,1.1001973375297638,0.38313599580356983,00-0032134,Christopher,Uzomah,C.Uzomah,REG,CIN,PIT,C.J. Uzomah,UzomC.00,0.0,0.0,0.0,98.8
2018,REG,6,00-0032117,N.O'Leary,TE,TE,MIA,12207,c257b2e6-dfc9-45c8-b30c-a497f2ce82a2,13957.0,9627.0,2495.0,,2576804.0,28582.0,,1860760.0,OLeaNi00,nick-oleary-1,10250.0,10568.0,,28582.0,605423.0,16954.0,,Nick O'Leary,nick oleary,4,4,49.0,1,0.0,0.0,6.0,43.0,4.0,4.685365,0,8.166667,0.1,0.023622047,0.16653544,,,,,,,,,,,,,,,,,REG,MIA,CHI,Nick O'Leary,OLeaNi00,0.0,0.0,0.0,157.3
2018,REG,6,00-0024221,V.Davis,TE,TE,WAS,8247,0a95e792-6455-4927-9539-f95fa7f41fbb,9621.0,2951.0,200.0,vernondavis/2495826,9592.0,7755.0,,409254.0,DaviVe00,vernon-davis-1,4732.0,3638.0,,7755.0,215595.0,5084.0,,Vernon Davis,vernon davis,3,3,48.0,1,0.0,0.0,46.0,2.0,2.0,4.583708,0,1.0434783,0.09090909,0.17829457,0.26116985,,,,,,,,,,,,,,,,,REG,WAS,CAR,Vernon Davis,DaviVe00,0.0,0.0,0.0,158.3
2018,REG,6,00-0025418,G.Olsen,TE,TE,CAR,8687,587d0a98-7ec5-45a5-adba-8af26e8f256b,9238.0,3647.0,58.0,gregolsen/2495700,10475.0,8285.0,,502524.0,OlseGr00,greg-olsen-1,5206.0,4190.0,,8285.0,230925.0,1658.0,,Greg Olsen,greg olsen,4,7,48.0,0,0.0,0.0,47.0,31.0,3.0,2.1977398,0,1.0212766,0.1891892,0.1696751,0.40255636,Greg Olsen,CAR,5.093333333333333,3.9103993846141054,7.251428571428571,15.315913342586446,57.14285714285714,48.0,0.0,7.404999999999999,7.999892435115072,-0.5948924351150726,00-0025418,Gregory,Olsen,G.Olsen,REG,CAR,WAS,Greg Olsen,OlseGr00,0.0,0.0,0.0,78.3
2018,REG,6,00-0030061,Z.Ertz,TE,TE,PHI,11247,de3421f7-2147-4835-89a5-724e87bad463,11689.0,7816.0,1339.0,zachertz/2540158,15835.0,26658.0,,1685963.0,ErtzZa00,zach-ertz-1,8781.0,8409.0,305.0,26658.0,503177.0,14856.0,503177.0,Zach Ertz,zach ertz,7,9,43.0,1,0.0,0.0,54.0,0.0,3.0,1.4312159,0,0.7962963,0.25,0.23076923,0.5365385,Zach Ertz,PHI,8.014285714285716,2.0250713860889626,6.674444444444442,25.396355641990436,77.77777777777779,43.0,1.0,0.16285714285714295,0.8071764363915334,-0.6443192935343904,00-0030061,Zachary,Ertz,Z.Ertz,REG,PHI,NYG,Zach Ertz,ErtzZa00,0.0,0.0,0.0,123.6
2018,REG,6,00-0027981,K.Rudolph,TE,TE,MIN,10312,1059e9dc-97df-4643-9116-883a0573d8b1,9906.0,6195.0,943.0,kylerudolph/2495438,14054.0,24830.0,7444.0,1633122.0,RudoKy00,kyle-rudolph-1,7246.0,6459.0,,24830.0,469472.0,13275.0,469472.0,Kyle Rudolph,kyle rudolph,4,5,37.0,0,0.0,0.0,14.0,21.0,1.0,0.8170743,0,2.642857,0.16129032,0.10526316,0.3156197,Kyle Rudolph,MIN,5.21,4.430159602374838,3.446,8.904852963977469,80.0,37.0,0.0,5.3875,3.335572961321077,2.0519270386789232,00-0027981,Kyle,Rudolph,K.Rudolph,REG,MIN,ARI,Kyle Rudolph,RudoKy00,0.0,0.0,0.0,97.5
2018,REG,6,00-0027985,L.Kendricks,TE,TE,GB,10318,27921351-a775-4649-bd49-7b4c486d1ba2,9912.0,6199.0,964.0,lancekendricks/2495187,14007.0,24834.0,7425.0,1117803.0,KendLa00,lance-kendricks-1,7412.0,6614.0,,24834.0,332066.0,13386.0,,Lance Kendricks,lance kendricks,2,4,37.0,0,0.0,0.0,36.0,35.0,2.0,2.339941,0,1.0277778,0.09090909,0.097297296,0.20447174,,,,,,,,,,,,,,,,,REG,GB,SF,Lance Kendricks,KendLa00,0.0,0.0,0.0,82.3
2018,REG,6,00-0030472,J.Reed,TE,TE,WAS,11248,c3bf8d3e-3b2e-4f9e-ad74-c0a684035f17,11690.0,7866.0,1500.0,jordanreed/2540160,15860.0,26708.0,,1691412.0,ReedJo02,jordan-reed-1,8615.0,8412.0,,26708.0,508876.0,15100.0,,Jordan Reed,jordan reed,5,9,36.0,0,0.0,0.0,55.0,20.0,2.0,-4.165428,0,0.6545454,0.27272728,0.21317829,0.5583157,Jordan Reed,WAS,6.761428571428572,3.740207100449847,5.582222222222222,18.984280532043528,55.55555555555556,36.0,0.0,4.152000000000003,4.42241052932286,-0.2704105293228576,00-0030472,Jordan,Reed,J.Reed,REG,WAS,CAR,Jordan Reed,ReedJo02,0.0,0.0,0.0,65.0
2018,REG,6,00-0031035,X.Grimble,TE,TE,PIT,11701,c9557ff2-899f-41e3-8a0e-35ca874db9b2,12149.0,9092.0,2082.0,xaviergrimble/2550521,17348.0,28184.0,,2130777.0,,,9283.0,9614.0,,28184.0,555680.0,16395.0,,Xavier Grimble,xavier grimble,2,2,35.0,0,0.0,0.0,17.0,18.0,2.0,3.380322,0,2.0588236,0.044444446,0.04557641,0.09857015,,,,,,,,,,,,,,,,,,,,,,,,,
2018,REG,6,00-0033217,M.Alie-Cox,TE,TE,IND,13246,8809c0dd-786b-4255-a7d0-333c9498c19a,16579.0,12078.0,4054.0,moalie-cox/2558832,2998565.0,30112.0,,2815925.0,AlieMo00,,12196.0,12221.0,195.0,30112.0,712506.0,18900.0,712506.0,Mo Alie-Cox,mo alie-cox,1,2,34.0,0,0.0,0.0,28.0,8.0,1.0,1.643822,0,1.2142857,0.04761905,0.06879607,0.11958582,,,,,,,,,,,,,,,,,REG,IND,NYJ,Mo Alie-Cox,AlieMo00,0.0,0.0,0.0,95.8
2018,REG,6,00-0033288,G.Kittle,TE,TE,SF,13299,2ada91b0-036e-454f-83c3-6d939ff584a9,16499.0,11901.0,4217.0,,3040151.0,30259.0,,2818265.0,KittGe00,george-kittle-1,11892.0,12276.0,298.0,30259.0,733672.0,19063.0,733672.0,George Kittle,george kittle,4,6,30.0,0,0.0,0.0,8.0,22.0,1.0,0.23849186,0,3.75,0.26086956,0.044198897,0.42224357,George Kittle,SF,5.470000000000001,4.42922316865232,1.4516666666666673,4.917014790561142,66.66666666666666,30.0,0.0,6.09,5.996155547331682,0.09384445266831776,00-0033288,George,Kittle,G.Kittle,REG,SF,GB,George Kittle,KittGe00,1.0,0.0,0.0,78.5
2018,REG,6,00-0031951,J.O'Shaughnessy,TE,TE,JAX,12330,e5c6b0d4-3e77-422b-a6d8-574a10ed385e,14146.0,9606.0,2476.0,,2508079.0,28561.0,,2174148.0,O'ShJa00,,10249.0,10549.0,,28561.0,552352.0,16933.0,552352.0,James O'Shaughnessy,james oshaughnessy,3,4,29.0,0,0.0,0.0,27.0,6.0,1.0,0.29220715,0,1.074074,0.15384616,0.122171946,0.3162896,,,,,,,,,,,,,,,,,REG,JAX,DAL,James O'Shaughnessy,O'ShJa00,0.0,0.0,0.0,94.8
2018,REG,6,00-0027873,J.Gresham,TE,TE,ARI,9838,b44773b9-af17-4d6c-a453-132e20849712,9685.0,5546.0,530.0,jermainegresham/497238,13228.0,23996.0,,1123667.0,GresJe00,jermaine-gresham-1,6455.0,5549.0,,23996.0,333278.0,11026.0,,Jermaine Gresham,jermaine gresham,1,1,26.0,0,0.0,0.0,-3.0,29.0,1.0,1.8163097,0,0.0,0.032258064,-0.014354067,0.03833925,,,,,,,,,,,,,,,,,REG,ARI,MIN,Jermaine Gresham,GresJe00,1.0,0.0,0.0,118.7
2018,REG,6,00-0031299,J.Matthews,TE,TE,PHI,11676,7b96a836-666b-47b6-a0a7-9dbb0b4c53e8,12124.0,8677.0,1800.0,jordanmatthews/2543500,16763.0,27570.0,,1759816.0,MattJo00,jordan-matthews-1,9273.0,9420.0,,27570.0,555648.0,15974.0,555648.0,Jordan Matthews,jordan matthews,2,3,26.0,0,0.0,0.0,29.0,8.0,2.0,3.8649154,0,0.8965517,0.083333336,0.123931624,0.21175213,,,,,,,,,,,,,,,,,REG,PHI,NYG,Jordan Matthews,MattJo00,0.0,0.0,0.0,93.7
2018,REG,6,00-0032135,J.James,TE,TE,PIT,12211,a37a5bfd-b48c-4d8b-817a-d8ce7ca3592d,13959.0,9593.0,2463.0,jessejames/2552633,2979590.0,28548.0,,1983808.0,JameJe00,jesse-james-1,10150.0,10403.0,,28548.0,652019.0,16920.0,652019.0,Jesse James,jesse james,5,7,26.0,0,0.0,0.0,22.0,15.0,1.0,-0.06921658,0,1.1818181,0.15555556,0.058981232,0.2746202,Jesse James,PIT,5.04,3.565740829672632,4.350000000000001,8.206441180433906,71.42857142857143,26.0,0.0,3.408,4.592166100159761,-1.1841661001597612,00-0032135,Jesse,James,J.James,REG,PIT,CIN,Jesse James,JameJe00,0.0,0.0,0.0,77.1
2018,REG,6,00-0033455,A.Firkser,TE,TE,TEN,13919,b0719e3d-199b-46e5-a2b4-1091f6fd5c0d,16787.0,51837.0,4435.0,,3049698.0,30571.0,,2818971.0,FirkAn00,,12235.0,12691.0,,30571.0,767297.0,19296.0,767297.0,Anthony Firkser,anthony firkser,2,2,25.0,0,0.0,0.0,11.0,14.0,1.0,2.3253524,0,2.2727273,0.14285715,0.06626506,0.26067126,,,,,,,,,,,,,,,,,REG,TEN,BAL,Anthony Firkser,FirkAn00,0.0,0.0,0.0,118.7
2018,REG,6,00-0031167,S.Simonson,TE,TE,NYG,12138,b77aa319-b97f-4316-84c5-e51390432644,13839.0,8954.0,2040.0,,17391.0,28215.0,,2130881.0,,,10016.0,10143.0,,28215.0,564881.0,16327.0,,Scott Simonson,scott simonson,1,3,24.0,0,0.0,0.0,29.0,5.0,1.0,-8.788347,0,0.82758623,0.069767445,0.10545454,0.17846934,,,,,,,,,,,,,,,,,,,,,,,,,
2018,REG,6,00-0033895,G.Everett,TE,TE,LA,13236,ebeceb00-57e0-4b74-9cf7-853da2afed18,16459.0,11799.0,4089.0,,3918639.0,30157.0,,2142692.0,EverGe00,gerald-everett-1,11737.0,12284.0,55.0,30157.0,838487.0,18935.0,838487.0,Gerald Everett,gerald everett,2,4,24.0,0,0.0,0.0,26.0,13.0,1.0,-1.4975579,0,0.9230769,0.14285715,0.11304348,0.29341614,,,,,,,,,,,,,,,,,REG,LA,DEN,Gerald Everett,EverGe00,1.0,0.0,0.0,68.7
2018,REG,6,00-0030710,T.Burton,TE,TE,CHI,11705,bc0f07a4-3e7b-4e61-987a-05533dc225be,12153.0,9185.0,1793.0,treyburton/2550284,16974.0,27789.0,,2130223.0,BurtTr01,,9490.0,9737.0,,27789.0,542788.0,15965.0,,Trey Burton,trey burton,4,4,23.0,1,0.0,0.0,8.0,15.0,2.0,2.725471,0,2.875,0.13333334,0.024390243,0.21707317,,,,,,,,,,,,,,,,,REG,CHI,MIA,Trey Burton,BurtTr01,0.0,0.0,0.0,130.2
2018,REG,6,00-0032227,J.Heuerman,TE,TE,DEN,12208,1fe3aadd-336b-4838-888e-8c9609747afc,13961.0,9525.0,2397.0,jeffheuerman/2552399,2576389.0,28480.0,,1824413.0,HeueJe00,jeff-heuerman-1,10246.0,10492.0,,28480.0,593517.0,16853.0,,Jeff Heuerman,jeff heuerman,3,5,23.0,0,0.0,0.0,33.0,6.0,0.0,-2.948805,0,0.6969697,0.12820514,0.09455588,0.2584968,Jeff Heuerman,DEN,5.5,2.482462047512594,10.122,14.405260011954576,60.0,23.0,0.0,1.4366666666666674,1.8143652016066578,-0.3776985349399904,00-0032227,Jeff,Heuerman,J.Heuerman,REG,DEN,LA,Jeff Heuerman,HeueJe00,0.0,0.0,0.0,71.2
2018,REG,6,00-0033742,T.Swoopes,TE,TE,SEA,13411,2aa9cc15-bd17-4e53-bfcd-17a2fb1a2170,17094.0,12267.0,4678.0,,3046705.0,30763.0,,2820103.0,SwooTy00,,12049.0,12853.0,,30763.0,728022.0,19579.0,,Tyrone Swoopes,tyrone swoopes,1,1,23.0,0,0.0,0.0,8.0,15.0,1.0,3.1101873,0,2.875,0.04347826,0.035714287,0.09021739,,,,,,,,,,,,,,,,,REG,SEA,OAK,Tyrone Swoopes,SwooTy00,0.0,0.0,0.0,118.7
2018,REG,6,00-0032141,G.Swaim,TE,TE,DAL,12378,d0f9112d-2496-450a-9fc5-d2d01b4d2454,14164.0,9679.0,2545.0,geoffswaim/2553454,3046704.0,28634.0,,2174207.0,SwaiGe00,geoff-swaim-1,10507.0,10617.0,,28634.0,728021.0,17005.0,728021.0,Geoff Swaim,geoff swaim,2,2,21.0,0,0.0,0.0,19.0,2.0,2.0,1.6890519,0,1.1052631,0.07692308,0.079831935,0.17126697,,,,,,,,,,,,,,,,,REG,DAL,JAX,Geoff Swaim,SwaiGe00,0.0,0.0,0.0,110.4
2018,REG,6,00-0028112,C.Clay,TE,TE,BUF,10409,04ca4fb9-194e-47fe-8fc8-adb5790a8e78,10003.0,6326.0,801.0,charlesclay/2495139,14145.0,24961.0,,1265552.0,ClayCh00,charles-clay-1,7424.0,6681.0,,24961.0,400516.0,12751.0,,Charles Clay,charles clay,4,5,20.0,0,0.0,0.0,14.0,11.0,2.0,0.49156937,0,1.4285715,0.1724138,0.0625,0.3023707,Charles Clay,BUF,7.208,2.5580256116310336,2.379999999999998,5.140832901330565,80.0,20.0,0.0,3.1900000000000013,3.265848755048978,-0.07584875504897681,00-0028112,Charles,Clay,C.Clay,REG,BUF,HOU,Charles Clay,ClayCh00,0.0,0.0,0.0,83.3
2018,REG,6,00-0034753,M.Andrews,TE,TE,BAL,13671,0618f387-9b72-4270-8b8f-dec4cccc9e4a,17269.0,47436.0,5012.0,,3116365.0,31056.0,,2131121.0,AndrMa00,mark-andrews-1,12559.0,13182.0,366.0,31056.0,820699.0,19803.0,820699.0,Mark Andrews,mark andrews,2,4,20.0,0,0.0,0.0,17.0,3.0,2.0,-1.6458423,0,1.1764706,0.10810811,0.04956268,0.19685604,,,,,,,,,,,,,,,,,REG,BAL,TEN,Mark Andrews,AndrMa00,0.0,0.0,0.0,64.6
2018,REG,6,00-0031273,C.Brate,TE,TE,TB,12110,5afe93fd-0caf-4cca-83fc-7f405bebfa3e,13470.0,9207.0,2214.0,,17453.0,28267.0,,2132787.0,BratCa00,,10008.0,10193.0,,28267.0,552926.0,16593.0,552926.0,Cameron Brate,cameron brate,1,1,15.0,1,0.0,0.0,14.0,1.0,1.0,3.167637,0,1.0714285,0.025,0.030634573,0.058944203,,,,,,,,,,,,,,,,,REG,TB,ATL,Cameron Brate,BratCa00,0.0,0.0,0.0,158.3
2018,REG,6,00-0033054,R.Gathers,TE,TE,DAL,12833,ec2db5f2-ffec-4ece-9ca9-7a860c4880b6,15808.0,10851.0,3372.0,,2990959.0,29451.0,,2235884.0,GathRi00,,11236.0,11501.0,,29451.0,696197.0,18133.0,,Rico Gathers,rico gathers,1,1,14.0,0,0.0,0.0,2.0,12.0,1.0,1.3493704,0,7.0,0.03846154,0.008403362,0.063574664,,,,,,,,,,,,,,,,,REG,DAL,JAX,Rico Gathers,GathRi00,0.0,0.0,0.0,118.7
2018,REG,6,00-0032120,N.Sterling,TE,TE,NYJ,12363,5e3b63cd-db76-48a8-82dd-7ccc8222f6ae,14116.0,9653.0,2519.0,nealsterling/2553451,2513770.0,28608.0,,2174212.0,SterNe00,,10493.0,10593.0,,28608.0,554911.0,16979.0,,Neal Sterling,neal sterling,2,2,13.0,0,0.0,0.0,7.0,6.0,1.0,1.1369172,0,1.8571428,0.06896552,0.033333335,0.12678161,,,,,,,,,,,,,,,,,REG,NYJ,IND,Neal Sterling,SterNe00,0.0,0.0,0.0,93.7
2018,REG,6,00-0033858,J.Smith,TE,TE,TEN,13193,e4f25a37-74de-4bfb-b6c9-f50a4fab0b87,16460.0,11855.0,4144.0,,3054212.0,30213.0,,2081506.0,SmitJo01,jonnu-smith-1,11807.0,12344.0,84.0,30213.0,743749.0,18990.0,743749.0,Jonnu Smith,jonnu smith,1,1,12.0,0,0.0,0.0,5.0,7.0,0.0,1.1905538,0,2.4,0.071428575,0.030120483,0.12822719,,,,,,,,,,,,,,,,,REG,TEN,BAL,Jonnu Smith,SmitJo01,0.0,0.0,0.0,116.7
2018,REG,6,00-0034829,M.Gesicki,TE,TE,MIA,13672,1012cbe0-7eba-4169-bfca-183a0204e1a7,17272.0,47153.0,4993.0,,3116164.0,31012.0,,2139298.0,GesiMi00,mike-gesicki-1,12764.0,13104.0,330.0,31012.0,836152.0,19853.0,836152.0,Mike Gesicki,mike gesicki,1,2,11.0,0,0.0,0.0,7.0,9.0,0.0,-0.06276789,0,1.5714285,0.05,0.027559055,0.09429134,,,,,,,,,,,,,,,,,REG,MIA,CHI,Mike Gesicki,GesiMi00,0.0,0.0,0.0,66.7
2018,REG,6,00-0027061,J.Cook,TE,TE,LV,9474,3b7a1409-d154-4e5c-8c94-9d4a0e0993c7,9265.0,5012.0,367.0,jaredcook/71265,12537.0,9353.0,6126.0,584314.0,CookJa02,jared-cook-2,5981.0,5165.0,,9353.0,296480.0,8534.0,296480.0,Jared Cook,jared cook,2,2,10.0,0,0.0,0.0,0.0,10.0,1.0,1.141038,0,0.0,0.06666667,0.0,0.1,,,,,,,,,,,,,,,,,REG,OAK,SEA,Jared Cook,CookJa02,0.0,0.0,0.0,87.5
2018,REG,6,00-0029414,O.Charles,TE,TE,CLE,10747,b6325c85-c313-4cfb-a299-9884d5e9e389,11224.0,7116.0,1065.0,orsoncharles/2533047,14902.0,25826.0,,1707633.0,CharOr00,orson-charles-1,8042.0,7457.0,,25826.0,512099.0,13861.0,,Orson Charles,orson charles,1,1,8.0,0,0.0,0.0,1.0,7.0,0.0,0.39798856,0,8.0,0.023255814,0.00243309,0.036586884,,,,,,,,,,,,,,,,,REG,CLE,LAC,Orson Charles,CharOr00,0.0,0.0,0.0,100.0
2018,REG,6,00-0031598,N.Boyle,TE,TE,BAL,12328,9480dd9f-151f-4e6d-b5a3-35f07bda4cac,13963.0,9604.0,2474.0,,2574591.0,28559.0,,1888149.0,BoylNi00,,10252.0,10547.0,,28559.0,608753.0,16931.0,608753.0,Nick Boyle,nick boyle,2,4,7.0,0,0.0,0.0,9.0,2.0,0.0,-1.3249316,0,0.7777778,0.10810811,0.026239067,0.1805295,,,,,,,,,,,,,,,,,REG,BAL,TEN,Nick Boyle,BoylNi00,0.0,0.0,0.0,56.2
2018,REG,6,00-0031744,M.LaCosse,TE,TE,DEN,12596,25e58aee-1b33-4468-9a81-6586426b91d5,14288.0,9840.0,2944.0,mattlacosse/2553667,2576179.0,28875.0,,2174931.0,,,10727.0,10980.0,,28875.0,606055.0,17415.0,606055.0,Matt LaCosse,matt lacosse,1,4,7.0,0,0.0,0.0,42.0,3.0,0.0,-1.1115128,0,0.16666667,0.102564104,0.12034384,0.23808683,,,,,,,,,,,,,,,,,,,,,,,,,
2018,REG,6,00-0032634,D.Grinnage,TE,TE,JAX,13979,339a0e9a-cb90-483a-8d68-9492d5a4a3f6,15855.0,,3472.0,,2970038.0,29728.0,,1998250.0,,,10777.0,11585.0,,29728.0,691627.0,18236.0,,David Grinnage,david grinnage,1,1,7.0,0,0.0,0.0,4.0,3.0,0.0,0.36120635,0,1.75,0.03846154,0.018099548,0.070361994,,,,,,,,,,,,,,,,,,,,,,,,,
2018,REG,6,00-0034351,D.Goedert,TE,TE,PHI,13674,e8029983-87cf-49a2-bc04-04c8233a0630,17270.0,47272.0,5022.0,,3121023.0,31019.0,,2132551.0,GoedDa00,,12860.0,13151.0,382.0,31019.0,791365.0,19863.0,791365.0,Dallas Goedert,dallas goedert,1,1,7.0,0,0.0,0.0,5.0,2.0,0.0,0.35885963,0,1.4,0.027777778,0.021367522,0.056623932,,,,,,,,,,,,,,,,,REG,PHI,NYG,Dallas Goedert,GoedDa00,0.0,0.0,0.0,95.8
2018,REG,6,00-0034364,J.Akins,TE,TE,HOU,13753,0cb5a32a-a340-4671-ba2a-93f5fa6aee8d,17415.0,47050.0,5032.0,,3128452.0,31068.0,,2142712.0,AkinJo00,jordan-akins-1,12568.0,13238.0,,31068.0,838396.0,19903.0,838396.0,Jordan Akins,jordan akins,1,1,6.0,0,0.0,0.0,-2.0,8.0,0.0,-0.06752551,0,0.0,0.03846154,-0.0093896715,0.051119536,,,,,,,,,,,,,,,,,REG,HOU,BUF,Jordan Akins,AkinJo00,0.0,0.0,0.0,91.7
2018,REG,6,00-0021547,A.Gates,TE,TE,LAC,7236,82da09c2-e542-4f7d-87d9-24dfd8e014de,9027.0,1609.0,322.0,antoniogates/2505299,5362.0,6663.0,,396811.0,,,3172.0,611.0,,6663.0,234249.0,7884.0,,Antonio Gates,antonio gates,1,2,5.0,0,0.0,0.0,12.0,0.0,0.0,-0.2945764,0,0.41666666,0.0952381,0.05106383,0.17860182,,,,,,,,,,,,,,,,,,,,,,,,,
2018,REG,6,00-0033421,A.Auclair,TE,TE,TB,13445,d6647491-8a3c-4f9f-999c-823823bd478d,16501.0,24606.0,4468.0,,4081127.0,30468.0,,2819226.0,AuclAn00,,12230.0,12603.0,,30468.0,1050026.0,19335.0,1050026.0,Antony Auclair,antony auclair,1,1,5.0,0,0.0,0.0,4.0,1.0,0.0,-0.014172219,0,1.25,0.025,0.008752735,0.043626916,,,,,,,,,,,,,,,,,REG,TB,ATL,Antony Auclair,AuclAn00,0.0,0.0,0.0,87.5
2018,REG,6,00-0030854,E.Swoope,TE,TE,IND,11904,947e7faa-e8be-4603-829c-b57e4247ccbf,12352.0,9303.0,1975.0,erikswoope/2550405,17091.0,27914.0,,2130326.0,,,9808.0,9792.0,,27914.0,550290.0,16238.0,,Erik Swoope,erik swoope,1,2,2.0,1,0.0,0.0,18.0,0.0,1.0,1.51579,0,0.11111111,0.04761905,0.044226043,0.1023868,,,,,,,,,,,,,,,,,,,,,,,,,
2018,REG,6,00-0031484,C.Manhertz,TE,TE,CAR,12955,7c7b5515-7786-4e24-9ce0-34e6a8bd5727,14014.0,10211.0,3048.0,,2531358.0,28365.0,,2167520.0,ManhCh00,,10033.0,10295.0,,28365.0,563293.0,17762.0,563293.0,Chris Manhertz,chris manhertz,1,2,2.0,0,0.0,0.0,1.0,8.0,0.0,-1.0569347,0,2.0,0.054054055,0.0036101083,0.08360816,,,,,,,,,,,,,,,,,REG,CAR,WAS,Chris Manhertz,ManhCh00,0.0,1.0,0.5,56.2
2018,REG,6,00-0028093,N.Paul,TE,TE,JAX,10394,38f5843a-8318-4eb7-b517-c83d415e77a4,9988.0,6307.0,918.0,nilespaul/2495211,14156.0,24942.0,7556.0,1272502.0,PaulNi00,niles-paul-1,7384.0,6661.0,,24942.0,406159.0,13170.0,,Niles Paul,niles paul,0,0,0.0,0,0.0,0.0,0.0,0.0,0.0,,0,,,,,,,,,,,,,,,,,,,,,,,,,,,,,
2018,REG,6,00-0030108,R.Griffin,TE,TE,HOU,11399,cb1df42c-b59c-4e23-a9a2-fbfc2b39ef71,11830.0,7982.0,1425.0,ryangriffin/2541316,15887.0,26824.0,,2057695.0,GrifRy00,ryan-griffin-1,8911.0,8600.0,,26824.0,465129.0,14985.0,465129.0,Ryan Griffin,ryan griffin,0,5,0.0,0,0.0,0.0,39.0,0.0,0.0,-5.712606,0,0.0,0.1923077,0.18309858,0.41663057,Ryan Griffin,HOU,4.6850000000000005,1.6547858663710275,9.073999999999998,20.92615654259489,0.0,,0.0,,,,00-0030108,Ryan,Griffin,R.Griffin,REG,HOU,BUF,Ryan Griffin,GrifRy00,0.0,2.0,0.4,0.0
2018,REG,6,00-0031260,L.Thomas,TE,TE,BUF,11647,b24625a0-d402-4d59-a778-aa4b073bfe5e,12095.0,8755.0,2251.0,loganthomas/2543767,16813.0,27648.0,,1691193.0,ThomLo00,logan-thomas-1,9323.0,9354.0,,27648.0,507528.0,16656.0,507528.0,Logan Thomas,logan thomas,1,1,0.0,0,0.0,0.0,-1.0,1.0,0.0,-0.49338675,0,0.0,0.03448276,-0.004464286,0.04859914,,,,,,,,,,,,,,,,,REG,BUF,HOU,Logan Thomas,ThomLo00,0.0,0.0,0.0,79.2
2018,REG,6,00-0032089,B.Parker,TE,TE,DEN,12433,c5606f69-f550-4b4a-b61a-f1f71142a32f,14332.0,10135.0,2653.0,brianparker/2553840,2508328.0,28688.0,,2175148.0,,,10661.0,10763.0,,28688.0,556849.0,17121.0,,Brian Parker,brian parker,0,1,0.0,0,0.0,0.0,28.0,0.0,0.0,-3.1300707,0,0.0,0.025641026,0.08022922,0.09462199,,,,,,,,,,,,,,,,,,,,,,,,,
2018,REG,6,00-0032661,B.Braunecker,TE,TE,CHI,12868,d76c8e95-7c6e-4def-9fd9-d813df18b3b8,15842.0,11335.0,3465.0,,2969241.0,29913.0,,1994904.0,BrauBe00,,10917.0,11587.0,,29913.0,679453.0,18229.0,,Ben Braunecker,ben braunecker,0,1,0.0,0,0.0,0.0,13.0,0.0,0.0,-5.2623477,0,0.0,0.033333335,0.039634146,0.0777439,,,,,,,,,,,,,,,,,REG,CHI,MIA,Ben Braunecker,BrauBe00,0.0,0.0,0.0,0.0
2018,REG,6,00-0033658,B.Jarwin,TE,TE,DAL,13722,43e8a6ac-d451-4dbd-b145-797764f91494,16638.0,12320.0,4571.0,,2991767.0,30784.0,,2819999.0,JarwBl00,,12179.0,12507.0,,30784.0,711965.0,19457.0,711965.0,Blake Jarwin,blake jarwin,0,1,0.0,0,0.0,0.0,19.0,0.0,0.0,-1.6415415,0,0.0,0.03846154,0.079831935,0.11357466,,,,,,,,,,,,,,,,,REG,DAL,JAX,Blake Jarwin,JarwBl00,0.0,0.0,0.0,39.6
2018,REG,6,00-0034830,H.Hurst,TE,TE,BAL,13680,1b125fc4-5dd9-4eb9-a42f-048e61ca42b7,17283.0,47294.0,4973.0,,3924365.0,30995.0,,2185053.0,HursHa00,hayden-hurst-1,12467.0,13098.0,8.0,30995.0,881956.0,19843.0,881956.0,Hayden Hurst,hayden hurst,0,1,0.0,0,0.0,0.0,13.0,0.0,0.0,-0.7690409,0,0.0,0.027027028,0.037900876,0.067071155,,,,,,,,,,,,,,,,,REG,BAL,TEN,Hayden Hurst,HursHa00,0.0,0.0,0.0,39.6
2018,REG,7,00-0030061,Z.Ertz,TE,TE,PHI,11247,de3421f7-2147-4835-89a5-724e87bad463,11689.0,7816.0,1339.0,zachertz/2540158,15835.0,26658.0,,1685963.0,ErtzZa00,zach-ertz-1,8781.0,8409.0,305.0,26658.0,503177.0,14856.0,503177.0,Zach Ertz,zach ertz,9,11,138.0,0,0.0,0.0,152.0,16.0,7.0,9.24263,0,0.90789473,0.2972973,0.50666666,0.8006126,Zach Ertz,PHI,4.735555555555556,2.1656299000277777,12.69,49.393156646969324,81.81818181818183,138.0,0.0,2.6144444444444446,2.782704737306056,-0.16826029286161148,00-0030061,Zachary,Ertz,Z.Ertz,REG,PHI,CAR,Zach Ertz,ErtzZa00,1.0,0.0,0.0,118.7
2018,REG,7,00-0030710,T.Burton,TE,TE,CHI,11705,bc0f07a4-3e7b-4e61-987a-05533dc225be,12153.0,9185.0,1793.0,treyburton/2550284,16974.0,27789.0,,2130223.0,BurtTr01,,9490.0,9737.0,,27789.0,542788.0,15965.0,,Trey Burton,trey burton,9,11,126.0,1,0.0,0.0,124.0,34.0,7.0,8.503007,0,1.016129,0.22916667,0.21678321,0.49549824,Trey Burton,CHI,5.0975,4.81548890095126,10.993636363636368,21.194966348850254,81.81818181818183,126.0,1.0,4.346666666666665,4.0552449437558,0.2914217229108651,00-0030710,Lawrence,Burton,T.Burton,REG,CHI,NE,Trey Burton,BurtTr01,0.0,0.0,0.0,144.7
2018,REG,7,00-0033288,G.Kittle,TE,TE,SF,13299,2ada91b0-036e-454f-83c3-6d939ff584a9,16499.0,11901.0,4217.0,,3040151.0,30259.0,,2818265.0,KittGe00,george-kittle-1,11892.0,12276.0,298.0,30259.0,733672.0,19063.0,733672.0,George Kittle,george kittle,5,8,98.0,1,0.0,0.0,73.0,59.0,5.0,2.2569304,0,1.3424658,0.2962963,0.3187773,0.66758853,George Kittle,SF,3.5799999999999996,3.484294722755287,8.9275,29.602918013761098,62.5,98.0,1.0,11.872,8.66086168323072,3.2111383167692793,00-0033288,George,Kittle,G.Kittle,REG,SF,LA,George Kittle,KittGe00,0.0,1.0,0.125,105.2
2018,REG,7,00-0030506,T.Kelce,TE,TE,KC,11244,c3859e06-5f23-4302-a71b-04820a899d5f,11594.0,7844.0,1466.0,traviskelce/2540258,15847.0,26686.0,,1725130.0,KelcTr00,travis-kelce-1,8783.0,8411.0,264.0,26686.0,448240.0,15048.0,448240.0,Travis Kelce,travis kelce,5,5,95.0,0,0.0,0.0,30.0,65.0,5.0,7.126174,0,3.1666667,0.1388889,0.09933775,0.27786976,Travis Kelce,KC,6.505000000000001,3.5709329339823723,6.109999999999999,9.105540818455484,100.0,95.0,0.0,12.89,3.9831924681352575,8.906807531864743,00-0030506,Travis,Kelce,T.Kelce,REG,KC,CIN,Travis Kelce,KelcTr00,0.0,0.0,0.0,118.7
2018,REG,7,00-0033879,O.Howard,TE,TE,TB,13188,93ed8c6f-b676-46d3-bf82-6155e89b4a68,16380.0,11774.0,4055.0,,3043080.0,30132.0,,2061190.0,HowaO.00,oj-howard-1,11806.0,12161.0,,30132.0,732147.0,18901.0,732147.0,O.J. Howard,oj howard,5,9,67.0,0,0.0,0.0,117.0,13.0,3.0,-1.0915793,0,0.5726496,0.17307693,0.21428572,0.4096154,O.J. Howard,TB,4.1925,2.0361794154189368,11.593333333333334,20.5123164330509,55.55555555555556,67.0,0.0,3.4160000000000013,2.773205588035398,0.6427944119646032,00-0033879,O'Terrius,Howard,O.Howard,REG,TB,CLE,O.J. Howard,HowaO.00,0.0,1.0,0.111,39.8
2018,REG,7,00-0032055,D.Funchess,TE,TE,CAR,12205,7f5f2a81-ac40-420c-9421-5b9e2a21faf8,13915.0,9474.0,2346.0,,2977609.0,28429.0,,2001877.0,FuncDe00,devin-funchess-1,10138.0,10391.0,,28429.0,696127.0,16802.0,696127.0,Devin Funchess,devin funchess,6,11,62.0,1,0.0,0.0,115.0,9.0,4.0,2.9468224,0,0.53913045,0.2972973,0.43560606,0.75087017,,,,,,,,,,,,,,,,,REG,CAR,PHI,Devin Funchess,FuncDe00,1.0,1.0,0.091,101.3
2018,REG,7,00-0033885,D.Njoku,TE,TE,CLE,13192,8f86fcea-90e8-49ea-bc78-5c7659313e57,16399.0,11784.0,4033.0,,3123076.0,30142.0,,2136474.0,NjokDa00,david-njoku-1,11734.0,12186.0,252.0,30142.0,832098.0,18876.0,832098.0,David Njoku,david njoku,4,6,52.0,1,0.0,0.0,56.0,13.0,2.0,1.9698794,0,0.9285714,0.18181819,0.19512194,0.40931264,David Njoku,CLE,7.05,1.812265582795754,10.636666666666667,22.642446604697366,66.66666666666666,52.0,1.0,3.1800000000000015,2.4099184387904415,0.77008156120956,00-0033885,David,Njoku,D.Njoku,REG,CLE,TB,David Njoku,NjokDa00,0.0,0.0,0.0,133.3
2018,REG,7,00-0032392,A.Hooper,TE,TE,ATL,12677,90c2a93f-d837-4e1b-b57c-56648903a8db,15581.0,10715.0,3202.0,,3043275.0,29315.0,,2067004.0,HoopAu00,austin-hooper-1,10748.0,11301.0,384.0,29315.0,739424.0,17963.0,739424.0,Austin Hooper,austin hooper,3,4,48.0,0,0.0,0.0,59.0,9.0,1.0,3.6836405,0,0.8135593,0.11111111,0.19407895,0.30252194,,,,,,,,,,,,,,,,,REG,ATL,NYG,Austin Hooper,HoopAu00,0.0,1.0,0.25,114.6
2018,REG,7,00-0033559,M.Roberts,TE,TE,DET,13197,bb9f0c5a-cbc2-43bb-9aa5-77cdc7e77bb6,16500.0,11882.0,4164.0,,3059945.0,30240.0,,2082652.0,RobeMi01,michael-roberts-3,11896.0,12354.0,,30240.0,749874.0,19010.0,,Michael Roberts,michael roberts,3,3,48.0,2,0.0,0.0,36.0,12.0,3.0,8.499517,0,1.3333334,0.13636364,0.25714287,0.38454545,,,,,,,,,,,,,,,,,REG,DET,MIA,Michael Roberts,RobeMi01,0.0,0.0,0.0,158.3
2018,REG,7,00-0034829,M.Gesicki,TE,TE,MIA,13672,1012cbe0-7eba-4169-bfca-183a0204e1a7,17272.0,47153.0,4993.0,,3116164.0,31012.0,,2139298.0,GesiMi00,mike-gesicki-1,12764.0,13104.0,330.0,31012.0,836152.0,19853.0,836152.0,Mike Gesicki,mike gesicki,3,3,44.0,0,0.0,0.0,20.0,24.0,2.0,3.7916958,0,2.2,0.1,0.06622516,0.19635762,,,,,,,,,,,,,,,,,REG,MIA,DET,Mike Gesicki,GesiMi00,0.0,0.0,0.0,118.7
2018,REG,7,00-0022943,B.Watson,TE,TE,NO,7422,d81844de-54c3-42ee-9850-072dc4131b6f,9040.0,1753.0,663.0,benjaminwatson/2506122,5557.0,6791.0,,493107.0,WatsBe00,benjamin-watson-1,3872.0,48.0,,6791.0,246082.0,11756.0,,Ben Watson,ben watson,6,6,43.0,1,0.0,0.0,36.0,7.0,3.0,4.462897,0,1.1944444,0.21428572,0.19459459,0.4576448,Benjamin Watson,NO,4.89,2.861195063022366,6.633333333333333,19.221481696126723,100.0,43.0,1.0,1.0833333333333346,1.190553632079535,-0.10722029874620032,00-0022943,Benjamin,Watson,B.Watson,REG,NO,BAL,Ben Watson,WatsBe00,0.0,0.0,0.0,136.1
2018,REG,7,00-0030472,J.Reed,TE,TE,WAS,11248,c3bf8d3e-3b2e-4f9e-ad74-c0a684035f17,11690.0,7866.0,1500.0,jordanreed/2540160,15860.0,26708.0,,1691412.0,ReedJo02,jordan-reed-1,8615.0,8412.0,,26708.0,508876.0,15100.0,,Jordan Reed,jordan reed,2,4,43.0,0,0.0,0.0,37.0,12.0,2.0,2.8565733,0,1.1621622,0.16666667,0.13653137,0.34557196,,,,,,,,,,,,,,,,,REG,WAS,DAL,Jordan Reed,ReedJo02,0.0,0.0,0.0,88.5
2018,REG,7,00-0034351,D.Goedert,TE,TE,PHI,13674,e8029983-87cf-49a2-bc04-04c8233a0630,17270.0,47272.0,5022.0,,3121023.0,31019.0,,2132551.0,GoedDa00,,12860.0,13151.0,382.0,31019.0,791365.0,19863.0,791365.0,Dallas Goedert,dallas goedert,4,5,43.0,1,0.0,0.0,29.0,26.0,2.0,3.0791223,0,1.4827586,0.13513513,0.096666664,0.27036938,Dallas Goedert,PHI,5.296666666666666,2.588683924108313,7.028000000000001,12.43409645801635,80.0,43.0,1.0,7.602499999999999,6.4766724147884815,1.1258275852115176,00-0034351,Dallas,Goedert,D.Goedert,REG,PHI,CAR,Dallas Goedert,GoedDa00,0.0,0.0,0.0,142.1
2018,REG,7,00-0034766,C.Herndon,TE,TE,NYJ,13679,780a48de-d092-4e87-9c34-8d1b45a154cc,17536.0,47164.0,5009.0,,3123050.0,31077.0,,2136463.0,HernCh00,christopher-herndon-iv-1,12899.0,13228.0,,31077.0,832080.0,19947.0,832080.0,Chris Herndon,chris herndon,4,7,42.0,1,0.0,0.0,64.0,17.0,2.0,2.1430635,0,0.65625,0.16666667,0.13061224,0.34142858,Chris Herndon,NYJ,6.9750000000000005,3.5618018750724323,9.067142857142855,13.64447406324569,57.14285714285714,42.0,1.0,4.505000000000002,5.009422103135989,-0.5044221031359877,00-0034766,Christopher,Herndon,C.Herndon,REG,NYJ,MIN,Chris Herndon,HernCh00,0.0,0.0,0.0,114.3
2018,REG,7,00-0034011,D.Arnold,TE,TE,NO,13880,d479a777-b53b-4bbf-a8e4-0c1675ac48df,17143.0,51842.0,4741.0,,4212989.0,30891.0,,2835170.0,ArnoDa00,,12276.0,12972.0,,30891.0,1053627.0,19659.0,1053627.0,Dan Arnold,dan arnold,2,3,35.0,0,0.0,0.0,32.0,11.0,2.0,1.3740952,0,1.09375,0.10714286,0.17297298,0.28179535,,,,,,,,,,,,,,,,,REG,NO,BAL,Dan Arnold,ArnoDa00,0.0,0.0,0.0,106.2
2018,REG,7,00-0031387,E.Ebron,TE,TE,IND,11695,9fbcfae9-dd14-415c-8952-9b1b5dff0dfc,12143.0,8645.0,2118.0,ericebron/2543466,16732.0,27538.0,,1865396.0,EbroEr00,eric-ebron-1,9210.0,9390.0,,27538.0,605752.0,16451.0,605752.0,Eric Ebron,eric ebron,3,7,31.0,0,0.0,0.0,59.0,14.0,1.0,-0.6680399,0,0.5254237,0.3043478,0.5221239,0.8220085,Eric Ebron,IND,6.010000000000001,2.6374359473302857,8.225714285714286,54.03528528528528,42.857142857142854,31.0,0.0,4.533333333333331,2.6456821182047556,1.8876512151285758,00-0031387,Eric,Ebron,E.Ebron,REG,IND,BUF,Eric Ebron,EbroEr00,0.0,1.0,0.143,56.2
2018,REG,7,00-0032141,G.Swaim,TE,TE,DAL,12378,d0f9112d-2496-450a-9fc5-d2d01b4d2454,14164.0,9679.0,2545.0,geoffswaim/2553454,3046704.0,28634.0,,2174207.0,SwaiGe00,geoff-swaim-1,10507.0,10617.0,,28634.0,728021.0,17005.0,728021.0,Geoff Swaim,geoff swaim,3,3,25.0,0,0.0,0.0,9.0,16.0,1.0,0.12857267,0,2.7777777,0.08571429,0.024930747,0.14602295,,,,,,,,,,,,,,,,,REG,DAL,WAS,Geoff Swaim,SwaiGe00,0.0,0.0,0.0,101.4
2018,REG,7,00-0031273,C.Brate,TE,TE,TB,12110,5afe93fd-0caf-4cca-83fc-7f405bebfa3e,13470.0,9207.0,2214.0,,17453.0,28267.0,,2132787.0,BratCa00,,10008.0,10193.0,,28267.0,552926.0,16593.0,552926.0,Cameron Brate,cameron brate,3,4,23.0,0,1.0,1.0,30.0,2.0,1.0,-5.2502513,0,0.76666665,0.07692308,0.054945055,0.15384616,,,,,,,,,,,,,,,,,REG,TB,CLE,Cameron Brate,BratCa00,0.0,0.0,0.0,88.5
2018,REG,7,00-0032117,N.O'Leary,TE,TE,MIA,12207,c257b2e6-dfc9-45c8-b30c-a497f2ce82a2,13957.0,9627.0,2495.0,,2576804.0,28582.0,,1860760.0,OLeaNi00,nick-oleary-1,10250.0,10568.0,,28582.0,605423.0,16954.0,,Nick O'Leary,nick oleary,2,3,23.0,0,0.0,0.0,24.0,13.0,1.0,0.6484471,0,0.9583333,0.1,0.0794702,0.20562914,,,,,,,,,,,,,,,,,REG,MIA,DET,Nick O'Leary,OLeaNi00,0.0,0.0,0.0,89.6
2018,REG,7,00-0030155,D.Harris,TE,TE,KC,11448,8506c15c-15cc-4d2c-aebf-270c605fe0ec,11881.0,8524.0,1619.0,demetriusharris/2541187,16318.0,27174.0,,2060074.0,HarrDe03,,9847.0,8683.0,,27174.0,602269.0,15305.0,602269.0,Demetrius Harris,demetrius harris,1,2,17.0,1,0.0,0.0,37.0,0.0,1.0,3.0490701,0,0.45945945,0.055555556,0.12251656,0.16909492,,,,,,,,,,,,,,,,,REG,KC,CIN,Demetrius Harris,HarrDe03,0.0,0.0,0.0,118.7
2018,REG,7,00-0030854,E.Swoope,TE,TE,IND,11904,947e7faa-e8be-4603-829c-b57e4247ccbf,12352.0,9303.0,1975.0,erikswoope/2550405,17091.0,27914.0,,2130326.0,,,9808.0,9792.0,,27914.0,550290.0,16238.0,,Erik Swoope,erik swoope,1,1,17.0,1,0.0,0.0,17.0,0.0,1.0,2.4845483,0,1.0,0.04347826,0.15044248,0.17052713,,,,,,,,,,,,,,,,,,,,,,,,,
2018,REG,7,00-0032634,D.Grinnage,TE,TE,JAX,13979,339a0e9a-cb90-483a-8d68-9492d5a4a3f6,15855.0,,3472.0,,2970038.0,29728.0,,1998250.0,,,10777.0,11585.0,,29728.0,691627.0,18236.0,,David Grinnage,david grinnage,2,2,17.0,0,0.0,0.0,11.0,6.0,1.0,0.7140565,0,1.5454545,0.05,0.048034936,0.10862445,,,,,,,,,,,,,,,,,,,,,,,,,
2018,REG,7,00-0027981,K.Rudolph,TE,TE,MIN,10312,1059e9dc-97df-4643-9116-883a0573d8b1,9906.0,6195.0,943.0,kylerudolph/2495438,14054.0,24830.0,7444.0,1633122.0,RudoKy00,kyle-rudolph-1,7246.0,6459.0,,24830.0,469472.0,13275.0,469472.0,Kyle Rudolph,kyle rudolph,1,4,16.0,0,0.0,0.0,44.0,16.0,1.0,-0.7041828,0,0.36363637,0.102564104,0.11369509,0.23343271,,,,,,,,,,,,,,,,,REG,MIN,NYJ,Kyle Rudolph,RudoKy00,0.0,0.0,0.0,43.7
2018,REG,7,00-0033658,B.Jarwin,TE,TE,DAL,13722,43e8a6ac-d451-4dbd-b145-797764f91494,16638.0,12320.0,4571.0,,2991767.0,30784.0,,2819999.0,JarwBl00,,12179.0,12507.0,,30784.0,711965.0,19457.0,711965.0,Blake Jarwin,blake jarwin,1,1,16.0,0,0.0,0.0,7.0,9.0,1.0,3.459412,0,2.2857144,0.028571429,0.019390581,0.05643055,,,,,,,,,,,,,,,,,REG,DAL,WAS,Blake Jarwin,JarwBl00,0.0,0.0,0.0,118.7
2018,REG,7,00-0033881,E.Engram,TE,TE,NYG,13189,e21365af-8d66-416e-b0a5-8816d18fcfd9,16411.0,11778.0,4066.0,,3051876.0,30136.0,,2079887.0,EngrEv00,evan-engram-1,11805.0,12205.0,229.0,30136.0,749185.0,18912.0,749185.0,Evan Engram,evan engram,2,4,16.0,0,0.0,0.0,15.0,19.0,0.0,-0.974811,0,1.0666667,0.10810811,0.054151624,0.2000683,,,,,,,,,,,,,,,,,REG,NYG,ATL,Evan Engram,EngrEv00,1.0,0.0,0.0,60.4
2018,REG,7,00-0033421,A.Auclair,TE,TE,TB,13445,d6647491-8a3c-4f9f-999c-823823bd478d,16501.0,24606.0,4468.0,,4081127.0,30468.0,,2819226.0,AuclAn00,,12230.0,12603.0,,30468.0,1050026.0,19335.0,1050026.0,Antony Auclair,antony auclair,3,3,15.0,0,0.0,0.0,13.0,2.0,0.0,-0.07257739,0,1.1538461,0.057692308,0.023809524,0.10320513,,,,,,,,,,,,,,,,,REG,TB,CLE,Antony Auclair,AuclAn00,0.0,0.0,0.0,87.5
2018,REG,7,00-0028112,C.Clay,TE,TE,BUF,10409,04ca4fb9-194e-47fe-8fc8-adb5790a8e78,10003.0,6326.0,801.0,charlesclay/2495139,14145.0,24961.0,,1265552.0,ClayCh00,charles-clay-1,7424.0,6681.0,,24961.0,400516.0,12751.0,,Charles Clay,charles clay,3,5,14.0,0,1.0,1.0,41.0,-7.0,1.0,-8.959829,0,0.34146342,0.16129032,0.19711539,0.37991625,Charles Clay,BUF,6.477499999999999,2.232274128616844,7.978,20.699496653001923,60.0,14.0,0.0,0.6500000000000009,2.192284413200658,-1.5422844132006572,00-0028112,Charles,Clay,C.Clay,REG,BUF,IND,Charles Clay,ClayCh00,0.0,0.0,0.0,64.6
2018,REG,7,00-0032134,C.Uzomah,TE,TE,CIN,12317,19858900-5c8e-49a7-ab02-34ef625724ca,14084.0,9590.0,2460.0,c.j.uzomah/2552559,2574576.0,28545.0,,2174118.0,UzomC.00,cj-uzomah-1,10462.0,10534.0,,28545.0,593305.0,16917.0,593305.0,C.J. Uzomah,cj uzomah,2,2,13.0,1,0.0,0.0,12.0,1.0,1.0,3.1027193,0,1.0833334,0.0625,0.045801528,0.12581107,,,,,,,,,,,,,,,,,REG,CIN,KC,C.J. Uzomah,UzomC.00,0.0,0.0,0.0,133.3
2018,REG,7,00-0031744,M.LaCosse,TE,TE,DEN,12596,25e58aee-1b33-4468-9a81-6586426b91d5,14288.0,9840.0,2944.0,mattlacosse/2553667,2576179.0,28875.0,,2174931.0,,,10727.0,10980.0,,28875.0,606055.0,17415.0,606055.0,Matt LaCosse,matt lacosse,1,1,12.0,0,0.0,0.0,5.0,7.0,1.0,1.1403025,0,2.4,0.05263158,0.027027028,0.09786629,,,,,,,,,,,,,,,,,,,,,,,,,
2018,REG,7,00-0033611,R.Seals-Jones,TE,TE,ARI,13382,52735659-a294-4f64-a7f4-3591450834e5,16730.0,12020.0,4531.0,,3051806.0,30494.0,,2080003.0,SealRi00,,11876.0,12463.0,,30494.0,744568.0,19410.0,744568.0,Ricky Seals-Jones,ricky seals-jones,2,4,12.0,0,0.0,0.0,35.0,2.0,0.0,-8.257478,0,0.34285715,0.11111111,0.11986301,0.25057077,,,,,,,,,,,,,,,,,REG,ARI,DEN,Ricky Seals-Jones,SealRi00,0.0,0.0,0.0,16.7
2018,REG,7,00-0034383,D.Schultz,TE,TE,DAL,13772,8caec1b4-e0b6-4a84-b8c8-617d6e91ef6a,17349.0,47304.0,5001.0,,3117256.0,31107.0,,2136748.0,SchuDa00,dalton-schultz-1,12514.0,13198.0,487.0,31107.0,830523.0,19920.0,830523.0,Dalton Schultz,dalton schultz,1,3,12.0,0,0.0,0.0,10.0,9.0,1.0,-0.21835032,0,1.2,0.08571429,0.02770083,0.147962,,,,,,,,,,,,,,,,,REG,DAL,WAS,Dalton Schultz,SchuDa00,0.0,1.0,0.333,46.5
2018,REG,7,00-0021547,A.Gates,TE,TE,LAC,7236,82da09c2-e542-4f7d-87d9-24dfd8e014de,9027.0,1609.0,322.0,antoniogates/2505299,5362.0,6663.0,,396811.0,,,3172.0,611.0,,6663.0,234249.0,7884.0,,Antonio Gates,antonio gates,2,3,11.0,0,0.0,0.0,16.0,6.0,1.0,-0.21251184,0,0.6875,0.12,0.07511737,0.23258217,,,,,,,,,,,,,,,,,,,,,,,,,
2018,REG,7,00-0028042,L.Stocker,TE,TE,TEN,10354,5b712aed-201c-43dd-b978-b7b6ef91178e,9948.0,6256.0,963.0,lukestocker/2495234,14099.0,24891.0,7589.0,1125485.0,StocLu00,luke-stocker-1,7413.0,6552.0,,24891.0,334186.0,13370.0,334186.0,Luke Stocker,luke stocker,2,2,11.0,1,0.0,0.0,6.0,5.0,2.0,3.7232113,0,1.8333334,0.0625,0.040268455,0.12193792,,,,,,,,,,,,,,,,,REG,TEN,LAC,Luke Stocker,StocLu00,0.0,0.0,0.0,129.2
2018,REG,7,00-0029587,R.Ellison,TE,TE,NYG,10838,cccc9f16-9508-434f-b7a4-9a29cb0cacf9,11315.0,7128.0,1211.0,rhettellison/2532835,15003.0,25838.0,,1244464.0,ElliRh00,rhett-ellison-1,8114.0,7580.0,,25838.0,399295.0,14445.0,,Rhett Ellison,rhett ellison,2,2,11.0,0,0.0,0.0,9.0,2.0,1.0,1.6482909,0,1.2222222,0.054054055,0.032490976,0.103824764,,,,,,,,,,,,,,,,,REG,NYG,ATL,Rhett Ellison,ElliRh00,0.0,0.0,0.0,89.6
2018,REG,7,00-0033858,J.Smith,TE,TE,TEN,13193,e4f25a37-74de-4bfb-b6c9-f50a4fab0b87,16460.0,11855.0,4144.0,,3054212.0,30213.0,,2081506.0,SmitJo01,jonnu-smith-1,11807.0,12344.0,84.0,30213.0,743749.0,18990.0,743749.0,Jonnu Smith,jonnu smith,2,3,11.0,0,0.0,0.0,12.0,5.0,1.0,-3.5478075,0,0.9166667,0.09375,0.08053691,0.19700085,,,,,,,,,,,,,,,,,REG,TEN,LAC,Jonnu Smith,SmitJo01,1.0,0.0,0.0,33.3
2018,REG,7,00-0030089,L.Willson,TE,TE,DET,11381,16c67c97-ffd9-4f92-917d-ad6124ce1f6e,11812.0,7940.0,1603.0,lukewillson/2541199,16121.0,26781.0,,2057661.0,WillLu00,luke-willson-1,8907.0,8567.0,,26781.0,466869.0,15263.0,466869.0,Luke Willson,luke willson,2,2,8.0,0,0.0,0.0,2.0,6.0,1.0,0.67546314,0,4.0,0.09090909,0.014285714,0.14636363,,,,,,,,,,,,,,,,,REG,DET,MIA,Luke Willson,WillLu00,0.0,0.0,0.0,83.3
2018,REG,7,00-0031598,N.Boyle,TE,TE,BAL,12328,9480dd9f-151f-4e6d-b5a3-35f07bda4cac,13963.0,9604.0,2474.0,,2574591.0,28559.0,,1888149.0,BoylNi00,,10252.0,10547.0,,28559.0,608753.0,16931.0,608753.0,Nick Boyle,nick boyle,1,2,8.0,0,0.0,0.0,5.0,6.0,0.0,-0.009937709,0,1.6,0.054054055,0.015432099,0.09188355,,,,,,,,,,,,,,,,,REG,BAL,NO,Nick Boyle,BoylNi00,0.0,0.0,0.0,60.4
2018,REG,7,00-0033576,E.Saubert,TE,TE,ATL,13315,582dc00e-e7ec-4ca7-bff0-f7b1d604017b,16706.0,11929.0,4189.0,,2975863.0,30287.0,,2001018.0,SaubEr00,,11897.0,12300.0,,30287.0,694931.0,19035.0,694931.0,Eric Saubert,eric saubert,1,1,8.0,0,0.0,0.0,6.0,2.0,0.0,0.55034006,0,1.3333334,0.027777778,0.019736841,0.055482455,,,,,,,,,,,,,,,,,REG,ATL,NYG,Eric Saubert,SaubEr00,0.0,0.0,0.0,100.0
2018,REG,7,00-0033627,J.Croom,TE,TE,BUF,13890,e17b5817-d955-42be-bb8d-e34d89f6dd71,16770.0,12145.0,4536.0,,2972240.0,30594.0,,2819968.0,,,12082.0,12709.0,,30594.0,690029.0,19415.0,690029.0,Jason Croom,jason croom,1,2,8.0,0,0.0,0.0,9.0,4.0,1.0,0.033728976,0,0.8888889,0.06451613,0.043269232,0.12706265,,,,,,,,,,,,,,,,,,,,,,,,,
2018,REG,7,00-0034753,M.Andrews,TE,TE,BAL,13671,0618f387-9b72-4270-8b8f-dec4cccc9e4a,17269.0,47436.0,5012.0,,3116365.0,31056.0,,2131121.0,AndrMa00,mark-andrews-1,12559.0,13182.0,366.0,31056.0,820699.0,19803.0,820699.0,Mark Andrews,mark andrews,1,1,8.0,1,0.0,0.0,7.0,1.0,1.0,2.0283647,0,1.1428572,0.027027028,0.021604938,0.055664,,,,,,,,,,,,,,,,,REG,BAL,NO,Mark Andrews,AndrMa00,0.0,0.0,0.0,139.6
2018,REG,7,00-0033217,M.Alie-Cox,TE,TE,IND,13246,8809c0dd-786b-4255-a7d0-333c9498c19a,16579.0,12078.0,4054.0,moalie-cox/2558832,2998565.0,30112.0,,2815925.0,AlieMo00,,12196.0,12221.0,195.0,30112.0,712506.0,18900.0,712506.0,Mo Alie-Cox,mo alie-cox,1,1,7.0,0,0.0,0.0,2.0,5.0,1.0,0.7241288,0,3.5,0.04347826,0.017699115,0.077606775,,,,,,,,,,,,,,,,,REG,IND,BUF,Mo Alie-Cox,AlieMo00,0.0,0.0,0.0,95.8
2018,REG,7,00-0032745,A.Cross,TE,TE,TB,12996,cc1df018-baa8-4344-b13c-cd5ef1a52d26,16217.0,10931.0,3595.0,,2586700.0,29571.0,,1906373.0,,,11406.0,11727.0,,29571.0,614284.0,18376.0,,Alan Cross,alan cross,1,2,6.0,0,0.0,0.0,0.0,6.0,1.0,0.62782973,0,0.0,0.03846154,0.0,0.057692308,,,,,,,,,,,,,,,,,,,,,,,,,
2018,REG,7,00-0025418,G.Olsen,TE,TE,CAR,8687,587d0a98-7ec5-45a5-adba-8af26e8f256b,9238.0,3647.0,58.0,gregolsen/2495700,10475.0,8285.0,,502524.0,OlseGr00,greg-olsen-1,5206.0,4190.0,,8285.0,230925.0,1658.0,,Greg Olsen,greg olsen,2,5,5.0,1,0.0,0.0,42.0,0.0,1.0,-1.733332,0,0.11904762,0.13513513,0.1590909,0.31406635,Greg Olsen,CAR,5.375,1.5891157780688219,9.222,15.851352745023888,40.0,5.0,1.0,0.38000000000000256,0.2866458865794357,0.09335411342056688,00-0025418,Gregory,Olsen,G.Olsen,REG,CAR,PHI,Greg Olsen,OlseGr00,1.0,0.0,0.0,87.5
2018,REG,7,00-0028142,V.Green,TE,TE,LAC,10432,6ef43c53-53d7-4b0f-ad99-17664d663ae8,10026.0,6356.0,868.0,virgilgreen/2495288,14085.0,24991.0,7502.0,1130615.0,GreeVi00,virgil-green-1,7416.0,6570.0,,24991.0,323254.0,13016.0,,Virgil Green,virgil green,0,1,0.0,0,0.0,0.0,10.0,0.0,0.0,-0.7295339,0,0.0,0.04,0.04694836,0.09286385,,,,,,,,,,,,,,,,,REG,LAC,TEN,Virgil Green,GreeVi00,0.0,0.0,0.0,39.6
2018,REG,7,00-0028903,G.Celek,TE,TE,SF,11007,16cc9ade-f9ad-4d32-b5b9-d7568ee80f58,11507.0,7274.0,1223.0,garrettcelek/2534820,15204.0,26253.0,,1975891.0,,,8516.0,7982.0,,26253.0,403184.0,14496.0,,Garrett Celek,garrett celek,0,1,0.0,0,0.0,0.0,23.0,0.0,0.0,-0.4245827,0,0.0,0.037037037,0.10043668,0.12586123,,,,,,,,,,,,,,,,,,,,,,,,,
2018,REG,7,00-0030422,D.Sims,TE,TE,CHI,11249,9c04a540-cb7c-41dc-8e7c-50b7af29a3a2,11691.0,7888.0,1357.0,dionsims/2540200,15974.0,26729.0,,1700507.0,SimsDi00,dion-sims-1,8784.0,8532.0,,26729.0,511525.0,14876.0,,Dion Sims,dion sims,0,1,0.0,0,0.0,0.0,8.0,0.0,0.0,-0.5433065,0,0.0,0.020833334,0.013986014,0.04104021,,,,,,,,,,,,,,,,,REG,CHI,NE,Dion Sims,SimsDi00,0.0,1.0,1.0,39.6
2018,REG,7,00-0031167,S.Simonson,TE,TE,NYG,12138,b77aa319-b97f-4316-84c5-e51390432644,13839.0,8954.0,2040.0,,17391.0,28215.0,,2130881.0,,,10016.0,10143.0,,28215.0,564881.0,16327.0,,Scott Simonson,scott simonson,0,1,0.0,0,0.0,0.0,1.0,0.0,0.0,-4.5714264,0,0.0,0.027027028,0.0036101083,0.043067615,,,,,,,,,,,,,,,,,,,,,,,,,
2018,REG,7,00-0031558,M.Williams,TE,TE,BAL,12206,52f4a43a-64a9-4d69-a9e2-28bd60f68e49,13919.0,9488.0,2360.0,,2970726.0,28443.0,,1983769.0,WillMa04,maxx-williams-1,10128.0,10298.0,,28443.0,651658.0,16816.0,651658.0,Maxx Williams,maxx williams,0,0,0.0,0,0.0,0.0,0.0,0.0,0.0,,0,,,,,,,,,,,,,,,,,,,,,,,,,,,,,
2018,REG,7,00-0031788,M.Lengel,TE,TE,CIN,13044,4d747b73-bcc6-46d2-a2d7-ec1d0c8135a2,14079.0,9884.0,3036.0,,2470916.0,28975.0,,2174840.0,,,10558.0,10868.0,,28975.0,504496.0,17741.0,,Matt Lengel,matt lengel,0,1,0.0,0,0.0,0.0,1.0,0.0,0.0,-0.5819866,0,0.0,0.03125,0.003816794,0.049546756,,,,,,,,,,,,,,,,,,,,,,,,,
2018,REG,7,00-0032120,N.Sterling,TE,TE,NYJ,12363,5e3b63cd-db76-48a8-82dd-7ccc8222f6ae,14116.0,9653.0,2519.0,nealsterling/2553451,2513770.0,28608.0,,2174212.0,SterNe00,,10493.0,10593.0,,28608.0,554911.0,16979.0,,Neal Sterling,neal sterling,0,2,0.0,0,0.0,0.0,13.0,0.0,0.0,-1.2696376,0,0.0,0.04761905,0.026530612,0.09,,,,,,,,,,,,,,,,,REG,NYJ,MIN,Neal Sterling,SterNe00,0.0,0.0,0.0,39.6
2018,REG,7,00-0033054,R.Gathers,TE,TE,DAL,12833,ec2db5f2-ffec-4ece-9ca9-7a860c4880b6,15808.0,10851.0,3372.0,,2990959.0,29451.0,,2235884.0,GathRi00,,11236.0,11501.0,,29451.0,696197.0,18133.0,,Rico Gathers,rico gathers,0,1,0.0,0,0.0,0.0,25.0,0.0,0.0,-0.603534,0,0.0,0.028571429,0.06925208,0.0913336,,,,,,,,,,,,,,,,,REG,DAL,WAS,Rico Gathers,GathRi00,0.0,0.0,0.0,39.6
2018,REG,7,00-0033110,T.Higbee,TE,TE,LA,12678,0df7912d-9e81-47ea-b4f7-d04986df4ee8,15623.0,10744.0,3271.0,,2573401.0,29344.0,,1853103.0,HigbTy00,tyler-higbee-1,10854.0,11430.0,159.0,29344.0,604176.0,18032.0,604176.0,Tyler Higbee,tyler higbee,0,1,0.0,0,0.0,0.0,18.0,0.0,0.0,-0.6976779,0,0.0,0.041666668,0.08035714,0.11875,,,,,,,,,,,,,,,,,REG,LA,SF,Tyler Higbee,HigbTy00,0.0,0.0,0.0,39.6
2018,REG,7,00-0033528,J.Sprinkle,TE,TE,WAS,13194,2dcc8e56-ac32-4774-a011-b1e65ca73786,16461.0,11909.0,4221.0,,2980073.0,30267.0,,1999945.0,SpriJe00,jeremy-sprinkle-1,11899.0,12368.0,,30267.0,693833.0,19067.0,693833.0,Jeremy Sprinkle,jeremy sprinkle,0,1,0.0,0,0.0,0.0,9.0,0.0,0.0,-0.551518,0,0.0,0.041666668,0.033210333,0.085747235,,,,,,,,,,,,,,,,,REG,WAS,DAL,Jeremy Sprinkle,SpriJe00,0.0,0.0,0.0,39.6
2018,REG,7,00-0033953,J.Leggett,TE,TE,NYJ,13195,bea00842-e4db-4955-857a-ea8d4a0e215b,16458.0,11905.0,4153.0,,3045118.0,30263.0,,2060412.0,LeggJo00,jordan-leggett-1,11893.0,12307.0,,30263.0,733735.0,18999.0,,Jordan Leggett,jordan leggett,0,1,0.0,0,0.0,0.0,12.0,0.0,0.0,-0.5206587,0,0.0,0.023809524,0.024489796,0.052857142,,,,,,,,,,,,,,,,,REG,NYJ,MIN,Jordan Leggett,LeggJo00,0.0,0.0,0.0,39.6
2018,REG,7,00-0034420,J.Thomas,TE,TE,HOU,13819,f993832a-f81f-4706-90b8-80fd193bdfd7,17399.0,42062.0,5117.0,,4035379.0,31181.0,,2249166.0,ThomJo05,jordan-thomas-6,12697.0,13309.0,,31181.0,922092.0,20020.0,922092.0,Jordan Thomas,jordan thomas,0,1,0.0,0,0.0,0.0,3.0,0.0,0.0,-0.66061586,0,0.0,0.041666668,0.013574661,0.07200226,,,,,,,,,,,,,,,,,REG,HOU,JAX,Jordan Thomas,ThomJo05,0.0,0.0,0.0,39.6
2018,REG,7,00-0034830,H.Hurst,TE,TE,BAL,13680,1b125fc4-5dd9-4eb9-a42f-048e61ca42b7,17283.0,47294.0,4973.0,,3924365.0,30995.0,,2185053.0,HursHa00,hayden-hurst-1,12467.0,13098.0,8.0,30995.0,881956.0,19843.0,881956.0,Hayden Hurst,hayden hurst,0,2,0.0,0,0.0,0.0,21.0,0.0,0.0,-1.1169332,0,0.0,0.054054055,0.06481481,0.12645145,,,,,,,,,,,,,,,,,REG,BAL,NO,Hayden Hurst,HursHa00,0.0,0.0,0.0,39.6
2018,REG,7,00-0031690,E.Tomlinson,TE,TE,NYJ,13065,b3d7169b-9cf6-4fea-815a-26e4fb0ec16a,14339.0,9786.0,2755.0,,2511973.0,28658.0,,1759992.0,TomlEr01,,10553.0,10747.0,,28658.0,554431.0,17223.0,554431.0,Eric Tomlinson,eric tomlinson,1,2,-5.0,0,0.0,0.0,5.0,0.0,0.0,-2.0347152,0,-1.0,0.04761905,0.010204081,0.07857143,,,,,,,,,,,,,,,,,REG,NYJ,MIN,Eric Tomlinson,TomlEr01,0.0,1.0,0.5,56.2
2018,REG,7,00-0033895,G.Everett,TE,TE,LA,13236,ebeceb00-57e0-4b74-9cf7-853da2afed18,16459.0,11799.0,4089.0,,3918639.0,30157.0,,2142692.0,EverGe00,gerald-everett-1,11737.0,12284.0,55.0,30157.0,838487.0,18935.0,838487.0,Gerald Everett,gerald everett,1,2,-5.0,0,0.0,0.0,2.0,-1.0,0.0,-3.114666,0,-2.5,0.083333336,0.008928572,0.13125,,,,,,,,,,,,,,,,,REG,LA,SF,Gerald Everett,EverGe00,0.0,0.0,0.0,56.2
2018,REG,8,00-0031299,J.Matthews,TE,TE,PHI,11676,7b96a836-666b-47b6-a0a7-9dbb0b4c53e8,12124.0,8677.0,1800.0,jordanmatthews/2543500,16763.0,27570.0,,1759816.0,MattJo00,jordan-matthews-1,9273.0,9420.0,,27570.0,555648.0,15974.0,555648.0,Jordan Matthews,jordan matthews,4,5,93.0,0,0.0,0.0,82.0,21.0,4.0,7.497223,0,1.1341463,0.16666667,0.338843,0.48719007,,,,,,,,,,,,,,,,,REG,PHI,JAX,Jordan Matthews,MattJo00,0.0,0.0,0.0,118.7
2018,REG,8,00-0030506,T.Kelce,TE,TE,KC,11244,c3859e06-5f23-4302-a71b-04820a899d5f,11594.0,7844.0,1466.0,traviskelce/2540258,15847.0,26686.0,,1725130.0,KelcTr00,travis-kelce-1,8783.0,8411.0,264.0,26686.0,448240.0,15048.0,448240.0,Travis Kelce,travis kelce,6,10,79.0,1,0.0,0.0,111.0,36.0,5.0,1.8896731,0,0.7117117,0.32258064,0.4422311,0.7934327,Travis Kelce,KC,5.8462499999999995,3.2190265910811937,10.049,46.001373311970696,60.0,79.0,1.0,6.185,6.036984617678627,0.1480153823213728,00-0030506,Travis,Kelce,T.Kelce,REG,KC,DEN,Travis Kelce,KelcTr00,0.0,1.0,0.1,78.7
2018,REG,8,00-0027061,J.Cook,TE,TE,LV,9474,3b7a1409-d154-4e5c-8c94-9d4a0e0993c7,9265.0,5012.0,367.0,jaredcook/71265,12537.0,9353.0,6126.0,584314.0,CookJa02,jared-cook-2,5981.0,5165.0,,9353.0,296480.0,8534.0,296480.0,Jared Cook,jared cook,4,5,74.0,1,0.0,0.0,61.0,15.0,4.0,7.782942,0,1.2131147,0.17857143,0.30808082,0.4835137,Jared Cook,LV,8.58,3.1307209206326805,11.478,29.24182207276063,80.0,74.0,1.0,4.927500000000001,8.643412984811903,-3.7159129848119017,00-0027061,Jared,Cook,J.Cook,REG,OAK,IND,Jared Cook,CookJa02,0.0,0.0,0.0,158.3
2018,REG,8,00-0030181,J.Doyle,TE,TE,IND,11516,bd413539-9351-454e-9d61-4e8635d7e9f5,11987.0,8520.0,1706.0,jackdoyle/2540232,16504.0,27299.0,,2041264.0,DoylJa00,,9081.0,9075.0,,27299.0,477386.0,15602.0,477386.0,Jack Doyle,jack doyle,6,7,70.0,1,0.0,0.0,43.0,31.0,5.0,6.9784827,0,1.6279069,0.22580644,0.18695652,0.46957925,Jack Doyle,IND,6.203333333333333,4.958529233055942,4.877142857142856,14.336706840801241,85.71428571428571,70.0,1.0,6.545000000000002,5.384395210967,1.1606047890330018,00-0030181,John,Doyle,J.Doyle,REG,IND,OAK,Jack Doyle,DoylJa00,0.0,0.0,0.0,147.9
2018,REG,8,00-0033879,O.Howard,TE,TE,TB,13188,93ed8c6f-b676-46d3-bf82-6155e89b4a68,16380.0,11774.0,4055.0,,3043080.0,30132.0,,2061190.0,HowaO.00,oj-howard-1,11806.0,12161.0,,30132.0,732147.0,18901.0,732147.0,O.J. Howard,oj howard,4,4,68.0,1,0.0,0.0,54.0,14.0,3.0,7.4030337,0,1.2592592,0.08,0.08424337,0.17897035,,,,,,,,,,,,,,,,,REG,TB,CIN,O.J. Howard,HowaO.00,0.0,0.0,0.0,158.3
2018,REG,8,00-0033288,G.Kittle,TE,TE,SF,13299,2ada91b0-036e-454f-83c3-6d939ff584a9,16499.0,11901.0,4217.0,,3040151.0,30259.0,,2818265.0,KittGe00,george-kittle-1,11892.0,12276.0,298.0,30259.0,733672.0,19063.0,733672.0,George Kittle,george kittle,5,8,57.0,0,0.0,0.0,29.0,38.0,5.0,3.818423,0,1.9655173,0.2962963,0.12083333,0.52902776,George Kittle,SF,4.654,2.74518356267107,4.775,15.863128607615963,62.5,57.0,0.0,8.138,7.180973760381676,0.9570262396183242,00-0033288,George,Kittle,G.Kittle,REG,SF,ARI,George Kittle,KittGe00,0.0,1.0,0.125,83.9
2018,REG,8,00-0025418,G.Olsen,TE,TE,CAR,8687,587d0a98-7ec5-45a5-adba-8af26e8f256b,9238.0,3647.0,58.0,gregolsen/2495700,10475.0,8285.0,,502524.0,OlseGr00,greg-olsen-1,5206.0,4190.0,,8285.0,230925.0,1658.0,,Greg Olsen,greg olsen,4,4,56.0,1,0.0,0.0,46.0,10.0,4.0,7.57969,0,1.2173913,0.14814815,0.23589744,0.38735044,,,,,,,,,,,,,,,,,REG,CAR,BAL,Greg Olsen,OlseGr00,0.0,0.0,0.0,158.3
2018,REG,8,00-0027675,E.Dickson,TE,TE,SEA,9912,46bb9a85-523c-4530-95c3-2c2a9737e65f,9706.0,5595.0,701.0,eddickson/497224,13272.0,24045.0,6604.0,565631.0,DickEd00,ed-dickson-1,6530.0,5840.0,,24045.0,296060.0,12153.0,,Ed Dickson,ed dickson,2,2,54.0,1,0.0,0.0,23.0,31.0,2.0,6.0843825,0,2.347826,0.11764706,0.122994654,0.26256683,,,,,,,,,,,,,,,,,REG,SEA,DET,Ed Dickson,DickEd00,0.0,0.0,0.0,158.3
2018,REG,8,00-0030470,V.McDonald,TE,TE,PIT,11257,8f24a248-b328-43ec-8677-67600e42a8f7,11699.0,7836.0,1587.0,vancemcdonald/2540215,15853.0,26678.0,,1673357.0,McDoVa00,vance-mcdonald-1,8785.0,8413.0,,26678.0,494969.0,15239.0,,Vance McDonald,vance mcdonald,3,3,47.0,0,0.0,0.0,28.0,19.0,2.0,4.1157193,0,1.6785715,0.09090909,0.09824561,0.20513557,,,,,,,,,,,,,,,,,REG,PIT,CLE,Vance McDonald,McDoVa00,1.0,0.0,0.0,118.7
2018,REG,8,00-0027656,R.Gronkowski,TE,TE,NE,9902,2142a164-48ad-47d6-bb27-0bc58c6b2e62,9721.0,5567.0,515.0,robgronkowski/497240,13229.0,24017.0,,1244303.0,GronRo00,rob-gronkowski-1,6443.0,5729.0,,24017.0,381091.0,10974.0,381091.0,Rob Gronkowski,rob gronkowski,3,8,43.0,0,0.0,0.0,116.0,8.0,3.0,-0.4512854,0,0.37068966,0.19512194,0.3372093,0.52872944,Rob Gronkowski,NE,5.361666666666667,1.559117228069217,14.565000000000001,35.09532845396224,37.5,43.0,0.0,3.0766666666666658,1.5553988223984259,1.52126784426824,00-0027656,Robert,Gronkowski,R.Gronkowski,REG,NE,BUF,Rob Gronkowski,GronRo00,0.0,0.0,0.0,55.7
2018,REG,8,00-0027981,K.Rudolph,TE,TE,MIN,10312,1059e9dc-97df-4643-9116-883a0573d8b1,9906.0,6195.0,943.0,kylerudolph/2495438,14054.0,24830.0,7444.0,1633122.0,RudoKy00,kyle-rudolph-1,7246.0,6459.0,,24830.0,469472.0,13275.0,469472.0,Kyle Rudolph,kyle rudolph,4,7,39.0,0,0.0,0.0,40.0,7.0,2.0,-0.5830183,0,0.975,0.175,0.14234875,0.36214414,Kyle Rudolph,MIN,6.053333333333335,1.8218611307772343,8.622857142857145,20.01127208832013,57.14285714285714,39.0,0.0,2.0599999999999987,2.79242784336725,-0.7324278433672511,00-0027981,Kyle,Rudolph,K.Rudolph,REG,MIN,NO,Kyle Rudolph,RudoKy00,0.0,0.0,0.0,72.9
2018,REG,8,00-0030472,J.Reed,TE,TE,WAS,11248,c3bf8d3e-3b2e-4f9e-ad74-c0a684035f17,11690.0,7866.0,1500.0,jordanreed/2540160,15860.0,26708.0,,1691412.0,ReedJo02,jordan-reed-1,8615.0,8412.0,,26708.0,508876.0,15100.0,,Jordan Reed,jordan reed,7,12,38.0,0,0.0,0.0,71.0,25.0,3.0,-3.219367,0,0.53521127,0.38709676,0.3242009,0.8075858,Jordan Reed,WAS,6.8775,3.1152633522179847,5.370833333333334,28.219274048776217,58.333333333333336,38.0,0.0,4.051428571428572,3.8103121194186707,0.24111645200990095,00-0030472,Jordan,Reed,J.Reed,REG,WAS,NYG,Jordan Reed,ReedJo02,0.0,1.0,0.083,63.9
2018,REG,8,00-0031387,E.Ebron,TE,TE,IND,11695,9fbcfae9-dd14-415c-8952-9b1b5dff0dfc,12143.0,8645.0,2118.0,ericebron/2543466,16732.0,27538.0,,1865396.0,EbroEr00,eric-ebron-1,9210.0,9390.0,,27538.0,605752.0,16451.0,605752.0,Eric Ebron,eric ebron,3,3,37.0,1,0.0,0.0,26.0,11.0,2.0,4.3206882,0,1.4230769,0.09677419,0.11304348,0.22429173,,,,,,,,,,,,,,,,,REG,IND,OAK,Eric Ebron,EbroEr00,0.0,0.0,0.0,157.6
2018,REG,8,00-0032634,D.Grinnage,TE,TE,JAX,13979,339a0e9a-cb90-483a-8d68-9492d5a4a3f6,15855.0,,3472.0,,2970038.0,29728.0,,1998250.0,,,10777.0,11585.0,,29728.0,691627.0,18236.0,,David Grinnage,david grinnage,3,5,37.0,0,0.0,0.0,48.0,9.0,1.0,1.4175693,0,0.7708333,0.12195122,0.18677042,0.31366614,David Grinnage,JAX,6.522,3.2826079461909297,10.658000000000001,18.94486117529951,60.0,37.0,0.0,3.6866666666666674,3.953332920020254,-0.2666662533535864,00-0032634,David,Grinnage,D.Grinnage,,,,,,,,,
2018,REG,8,00-0028112,C.Clay,TE,TE,BUF,10409,04ca4fb9-194e-47fe-8fc8-adb5790a8e78,10003.0,6326.0,801.0,charlesclay/2495139,14145.0,24961.0,,1265552.0,ClayCh00,charles-clay-1,7424.0,6681.0,,24961.0,400516.0,12751.0,,Charles Clay,charles clay,3,6,36.0,0,0.0,0.0,70.0,10.0,1.0,-10.35145,0,0.51428574,0.15,0.16867469,0.3430723,Charles Clay,BUF,6.329999999999999,2.133245455652808,12.243333333333334,17.28551931855617,50.0,36.0,0.0,3.6866666666666674,6.005058789534388,-2.3183921228677207,00-0028112,Charles,Clay,C.Clay,REG,BUF,NE,Charles Clay,ClayCh00,0.0,0.0,0.0,29.2
2018,REG,8,00-0034351,D.Goedert,TE,TE,PHI,13674,e8029983-87cf-49a2-bc04-04c8233a0630,17270.0,47272.0,5022.0,,3121023.0,31019.0,,2132551.0,GoedDa00,,12860.0,13151.0,382.0,31019.0,791365.0,19863.0,791365.0,Dallas Goedert,dallas goedert,1,1,32.0,1,0.0,0.0,23.0,9.0,1.0,3.9308429,0,1.3913044,0.033333335,0.09504132,0.11652893,,,,,,,,,,,,,,,,,REG,PHI,JAX,Dallas Goedert,GoedDa00,1.0,0.0,0.0,158.3
2018,REG,8,00-0034532,J.Franks,TE,TE,CIN,13995,501aa2d9-4202-40e8-810b-92cacea26cd7,17660.0,47206.0,5253.0,,3128439.0,31561.0,,2926472.0,,,13247.0,13724.0,,31561.0,838400.0,20264.0,838400.0,Jordan Franks,jordan franks,1,1,32.0,0,0.0,0.0,23.0,9.0,1.0,1.7227503,0,1.3913044,0.03125,0.074433655,0.09897856,,,,,,,,,,,,,,,,,,,,,,,,,
2018,REG,8,00-0034753,M.Andrews,TE,TE,BAL,13671,0618f387-9b72-4270-8b8f-dec4cccc9e4a,17269.0,47436.0,5012.0,,3116365.0,31056.0,,2131121.0,AndrMa00,mark-andrews-1,12559.0,13182.0,366.0,31056.0,820699.0,19803.0,820699.0,Mark Andrews,mark andrews,4,5,31.0,0,0.0,0.0,34.0,11.0,3.0,3.3782558,0,0.9117647,0.11363637,0.081145585,0.22725646,Mark Andrews,BAL,4.394,2.3949854633460212,6.072000000000001,7.364820609853726,80.0,31.0,0.0,3.2574999999999985,3.2341605842414083,0.02333941575859022,00-0034753,Mark,Andrews,M.Andrews,REG,BAL,CAR,Mark Andrews,AndrMa00,0.0,1.0,0.2,92.5
2018,REG,8,00-0031744,M.LaCosse,TE,TE,DEN,12596,25e58aee-1b33-4468-9a81-6586426b91d5,14288.0,9840.0,2944.0,mattlacosse/2553667,2576179.0,28875.0,,2174931.0,,,10727.0,10980.0,,28875.0,606055.0,17415.0,606055.0,Matt LaCosse,matt lacosse,4,5,29.0,0,0.0,0.0,23.0,13.0,1.0,0.68160325,0,1.2608696,0.15151516,0.07958478,0.28298208,Matt LaCosse,DEN,7.841999999999999,4.304040796905332,5.8340000000000005,8.942914954932858,80.0,29.0,0.0,3.16,3.416905784201134,-0.25690578420113397,00-0031744,Matthew,LaCosse,M.LaCosse,,,,,,,,,
2018,REG,8,00-0034420,J.Thomas,TE,TE,HOU,13819,f993832a-f81f-4706-90b8-80fd193bdfd7,17399.0,42062.0,5117.0,,4035379.0,31181.0,,2249166.0,ThomJo05,jordan-thomas-6,12697.0,13309.0,,31181.0,922092.0,20020.0,922092.0,Jordan Thomas,jordan thomas,4,4,29.0,2,0.0,0.0,21.0,8.0,2.0,4.06056,0,1.3809524,0.2,0.113513514,0.37945947,,,,,,,,,,,,,,,,,REG,HOU,MIA,Jordan Thomas,ThomJo05,0.0,0.0,0.0,136.5
2018,REG,8,00-0034830,H.Hurst,TE,TE,BAL,13680,1b125fc4-5dd9-4eb9-a42f-048e61ca42b7,17283.0,47294.0,4973.0,,3924365.0,30995.0,,2185053.0,HursHa00,hayden-hurst-1,12467.0,13098.0,8.0,30995.0,881956.0,19843.0,881956.0,Hayden Hurst,hayden hurst,2,3,29.0,1,0.0,0.0,26.0,11.0,1.0,2.3177013,0,1.1153846,0.06818182,0.062052507,0.14570948,,,,,,,,,,,,,,,,,REG,BAL,CAR,Hayden Hurst,HursHa00,0.0,0.0,0.0,137.5
2018,REG,8,00-0033080,S.DeValve,TE,TE,CLE,12792,a2451bf7-83dd-496c-b527-c14d8d518598,15671.0,10772.0,3296.0,,2566659.0,29372.0,,1984760.0,DevaSe00,,11221.0,11444.0,,29372.0,623676.0,18057.0,,Seth DeValve,seth devalve,2,2,28.0,1,0.0,0.0,28.0,0.0,1.0,4.1277046,0,1.0,0.060606062,0.11023622,0.16807444,,,,,,,,,,,,,,,,,REG,CLE,PIT,Seth Devalve,DevaSe00,0.0,0.0,0.0,158.3
2018,REG,8,00-0032055,D.Funchess,TE,TE,CAR,12205,7f5f2a81-ac40-420c-9421-5b9e2a21faf8,13915.0,9474.0,2346.0,,2977609.0,28429.0,,2001877.0,FuncDe00,devin-funchess-1,10138.0,10391.0,,28429.0,696127.0,16802.0,696127.0,Devin Funchess,devin funchess,3,3,27.0,0,0.0,0.0,27.0,0.0,2.0,1.2663547,0,1.0,0.11111111,0.13846155,0.26358974,,,,,,,,,,,,,,,,,REG,CAR,BAL,Devin Funchess,FuncDe00,0.0,0.0,0.0,104.2
2018,REG,8,00-0030061,Z.Ertz,TE,TE,PHI,11247,de3421f7-2147-4835-89a5-724e87bad463,11689.0,7816.0,1339.0,zachertz/2540158,15835.0,26658.0,,1685963.0,ErtzZa00,zach-ertz-1,8781.0,8409.0,305.0,26658.0,503177.0,14856.0,503177.0,Zach Ertz,zach ertz,4,6,26.0,1,0.0,0.0,33.0,9.0,2.0,1.945634,0,0.7878788,0.2,0.13636364,0.39545456,Zach Ertz,PHI,4.302,2.0409072852153716,5.940000000000001,14.2679851074903,66.66666666666666,26.0,1.0,2.209999999999999,3.1129724596601704,-0.9029724596601714,00-0030061,Zachary,Ertz,Z.Ertz,REG,PHI,JAX,Zach Ertz,ErtzZa00,0.0,0.0,0.0,115.3
2018,REG,8,00-0033217,M.Alie-Cox,TE,TE,IND,13246,8809c0dd-786b-4255-a7d0-333c9498c19a,16579.0,12078.0,4054.0,moalie-cox/2558832,2998565.0,30112.0,,2815925.0,AlieMo00,,12196.0,12221.0,195.0,30112.0,712506.0,18900.0,712506.0,Mo Alie-Cox,mo alie-cox,1,1,26.0,1,0.0,0.0,25.0,1.0,1.0,2.7826617,0,1.04,0.032258064,0.10869565,0.124474056,,,,,,,,,,,,,,,,,REG,IND,OAK,Mo Alie-Cox,AlieMo00,0.0,0.0,0.0,158.3
2018,REG,8,00-0033881,E.Engram,TE,TE,NYG,13189,e21365af-8d66-416e-b0a5-8816d18fcfd9,16411.0,11778.0,4066.0,,3051876.0,30136.0,,2079887.0,EngrEv00,evan-engram-1,11805.0,12205.0,229.0,30136.0,749185.0,18912.0,749185.0,Evan Engram,evan engram,5,9,25.0,1,0.0,0.0,22.0,18.0,1.0,-3.9314635,0,1.1363636,0.19565217,0.06508876,0.3390404,Evan Engram,NYG,5.546250000000001,4.667161091964953,2.2277777777777796,6.404318523014027,55.55555555555556,25.0,1.0,3.7979999999999974,2.8827053706475225,0.9152946293524749,00-0033881,Evan,Engram,E.Engram,REG,NYG,WAS,Evan Engram,EngrEv00,0.0,2.0,0.222,97.9
2018,REG,8,00-0027873,J.Gresham,TE,TE,ARI,9838,b44773b9-af17-4d6c-a453-132e20849712,9685.0,5546.0,530.0,jermainegresham/497238,13228.0,23996.0,,1123667.0,GresJe00,jermaine-gresham-1,6455.0,5549.0,,23996.0,333278.0,11026.0,,Jermaine Gresham,jermaine gresham,3,3,22.0,0,1.0,1.0,9.0,13.0,1.0,-1.6287822,0,2.4444444,0.08571429,0.03180212,0.1508329,,,,,,,,,,,,,,,,,REG,ARI,SF,Jermaine Gresham,GresJe00,0.0,0.0,0.0,97.2
2018,REG,8,00-0033895,G.Everett,TE,TE,LA,13236,ebeceb00-57e0-4b74-9cf7-853da2afed18,16459.0,11799.0,4089.0,,3918639.0,30157.0,,2142692.0,EverGe00,gerald-everett-1,11737.0,12284.0,55.0,30157.0,838487.0,18935.0,838487.0,Gerald Everett,gerald everett,1,2,22.0,0,0.0,0.0,8.0,18.0,1.0,1.8737236,0,2.75,0.0625,0.021857923,0.10905055,,,,,,,,,,,,,,,,,REG,LA,GB,Gerald Everett,EverGe00,0.0,0.0,0.0,89.6
2018,REG,8,00-0024221,V.Davis,TE,TE,WAS,8247,0a95e792-6455-4927-9539-f95fa7f41fbb,9621.0,2951.0,200.0,vernondavis/2495826,9592.0,7755.0,,409254.0,DaviVe00,vernon-davis-1,4732.0,3638.0,,7755.0,215595.0,5084.0,,Vernon Davis,vernon davis,1,3,21.0,0,0.0,0.0,7.0,20.0,1.0,0.35266453,0,3.0,0.09677419,0.03196347,0.16753572,,,,,,,,,,,,,,,,,REG,WAS,NYG,Vernon Davis,DaviVe00,0.0,1.0,0.333,59.0
2018,REG,8,00-0027696,J.Graham,TE,TE,GB,9925,fd85786d-3900-4dc0-9b30-334ee30413ed,9712.0,5619.0,616.0,jimmygraham/497236,13232.0,24070.0,6610.0,1691166.0,GrahJi00,jimmy-graham-1,6532.0,5842.0,,24070.0,295918.0,11488.0,295918.0,Jimmy Graham,jimmy graham,1,4,21.0,0,0.0,0.0,52.0,4.0,1.0,-0.072276585,0,0.40384614,0.13333334,0.20233463,0.34163424,,,,,,,,,,,,,,,,,REG,GB,LA,Jimmy Graham,GrahJi00,0.0,0.0,0.0,49.0
2018,REG,8,00-0030089,L.Willson,TE,TE,DET,11381,16c67c97-ffd9-4f92-917d-ad6124ce1f6e,11812.0,7940.0,1603.0,lukewillson/2541199,16121.0,26781.0,,2057661.0,WillLu00,luke-willson-1,8907.0,8567.0,,26781.0,466869.0,15263.0,466869.0,Luke Willson,luke willson,3,4,21.0,0,0.0,0.0,15.0,9.0,1.0,-0.08808828,0,1.4,0.102564104,0.055762082,0.19287962,,,,,,,,,,,,,,,,,REG,DET,SEA,Luke Willson,WillLu00,0.0,1.0,0.25,86.5
2018,REG,8,00-0030710,T.Burton,TE,TE,CHI,11705,bc0f07a4-3e7b-4e61-987a-05533dc225be,12153.0,9185.0,1793.0,treyburton/2550284,16974.0,27789.0,,2130223.0,BurtTr01,,9490.0,9737.0,,27789.0,542788.0,15965.0,,Trey Burton,trey burton,3,4,18.0,0,0.0,0.0,2.0,21.0,1.0,-0.23949154,0,9.0,0.13793103,0.007518797,0.21215971,,,,,,,,,,,,,,,,,REG,CHI,NYJ,Trey Burton,BurtTr01,0.0,0.0,0.0,83.3
2018,REG,8,00-0032394,N.Vannett,TE,TE,SEA,12680,c731aa8a-778b-4ccd-a19f-517eb66f47b7,15645.0,10728.0,3258.0,,2576399.0,29328.0,,1871322.0,VannNi00,nick-vannett-1,10949.0,11329.0,,29328.0,606488.0,18019.0,606488.0,Nick Vannett,nick vannett,1,3,16.0,0,0.0,0.0,15.0,3.0,1.0,-3.1495218,0,1.0666667,0.1764706,0.080213904,0.32085562,,,,,,,,,,,,,,,,,REG,SEA,DET,Nick Vannett,VannNi00,0.0,0.0,0.0,52.1
2018,REG,8,00-0034766,C.Herndon,TE,TE,NYJ,13679,780a48de-d092-4e87-9c34-8d1b45a154cc,17536.0,47164.0,5009.0,,3123050.0,31077.0,,2136463.0,HernCh00,christopher-herndon-iv-1,12899.0,13228.0,,31077.0,832080.0,19947.0,832080.0,Chris Herndon,chris herndon,1,2,16.0,1,0.0,0.0,25.0,1.0,1.0,1.4021623,0,0.64,0.08,0.12376238,0.20663366,,,,,,,,,,,,,,,,,REG,NYJ,CHI,Chris Herndon,HernCh00,0.0,0.0,0.0,116.7
2018,REG,8,00-0034365,I.Thomas,TE,TE,CAR,13678,ed8a8fd2-df67-45e7-a34f-984afb82f6ea,17387.0,42130.0,4995.0,,4045305.0,31071.0,,2253359.0,ThomIa00,ian-thomas-3,12858.0,13163.0,323.0,31071.0,943093.0,19910.0,943093.0,Ian Thomas,ian thomas,1,1,15.0,0,0.0,0.0,6.0,9.0,1.0,0.8181466,0,2.5,0.037037037,0.03076923,0.07709402,,,,,,,,,,,,,,,,,REG,CAR,BAL,Ian Thomas,ThomIa00,0.0,0.0,0.0,118.7
2018,REG,8,00-0033627,J.Croom,TE,TE,BUF,13890,e17b5817-d955-42be-bb8d-e34d89f6dd71,16770.0,12145.0,4536.0,,2972240.0,30594.0,,2819968.0,,,12082.0,12709.0,,30594.0,690029.0,19415.0,690029.0,Jason Croom,jason croom,1,3,14.0,0,0.0,0.0,35.0,7.0,0.0,-1.6862751,0,0.4,0.075,0.084337346,0.17153615,,,,,,,,,,,,,,,,,,,,,,,,,
2018,REG,8,00-0034829,M.Gesicki,TE,TE,MIA,13672,1012cbe0-7eba-4169-bfca-183a0204e1a7,17272.0,47153.0,4993.0,,3116164.0,31012.0,,2139298.0,GesiMi00,mike-gesicki-1,12764.0,13104.0,330.0,31012.0,836152.0,19853.0,836152.0,Mike Gesicki,mike gesicki,4,5,14.0,0,0.0,0.0,42.0,3.0,1.0,-3.0944247,0,0.33333334,0.15151516,0.12650603,0.31582695,Mike Gesicki,MIA,3.59,4.715781424791137,7.805999999999997,9.833959031469673,80.0,14.0,0.0,1.2600000000000033,3.9723625407705185,-2.712362540770515,00-0034829,Michael,Gesicki,M.Gesicki,REG,MIA,HOU,Mike Gesicki,GesiMi00,0.0,0.0,0.0,79.2
2018,REG,8,00-0031273,C.Brate,TE,TE,TB,12110,5afe93fd-0caf-4cca-83fc-7f405bebfa3e,13470.0,9207.0,2214.0,,17453.0,28267.0,,2132787.0,BratCa00,,10008.0,10193.0,,28267.0,552926.0,16593.0,552926.0,Cameron Brate,cameron brate,1,2,13.0,0,0.0,0.0,20.0,4.0,1.0,-3.214677,0,0.65,0.04,0.031201247,0.08184087,,,,,,,,,,,,,,,,,REG,TB,CIN,Cameron Brate,BratCa00,0.0,0.0,0.0,31.2
2018,REG,8,00-0032062,B.Bell,TE,TE,JAX,12213,0cc4e449-185a-4b08-9f07-c907ad0c3e05,13966.0,9550.0,2422.0,,2514206.0,28505.0,,1737101.0,BellBl00,blake-bell-1,10248.0,10366.0,,28505.0,542871.0,16878.0,542871.0,Blake Bell,blake bell,1,2,13.0,0,0.0,0.0,8.0,8.0,0.0,-0.9030137,0,1.625,0.048780486,0.031128405,0.094960615,,,,,,,,,,,,,,,,,REG,JAX,PHI,Blake Bell,BellBl00,1.0,0.0,0.0,70.8
2018,REG,8,00-0030443,L.Toilolo,TE,TE,DET,11252,67d56171-7522-430c-b7d9-8f7e2b6624d3,11694.0,7915.0,1642.0,levinetoilolo/2540203,15980.0,26756.0,,1685990.0,ToilLe00,levine-toilolo-1,8789.0,8414.0,,26756.0,503205.0,15378.0,503205.0,Levine Toilolo,levine toilolo,1,1,12.0,0,0.0,0.0,4.0,8.0,1.0,1.4052457,0,3.0,0.025641026,0.014869888,0.04887046,,,,,,,,,,,,,,,,,REG,DET,SEA,Levine Toilolo,ToilLe00,0.0,0.0,0.0,116.7
2018,REG,8,00-0033611,R.Seals-Jones,TE,TE,ARI,13382,52735659-a294-4f64-a7f4-3591450834e5,16730.0,12020.0,4531.0,,3051806.0,30494.0,,2080003.0,SealRi00,,11876.0,12463.0,,30494.0,744568.0,19410.0,744568.0,Ricky Seals-Jones,ricky seals-jones,2,4,12.0,0,0.0,0.0,20.0,9.0,0.0,-2.6116557,0,0.6,0.114285715,0.07067138,0.22089854,,,,,,,,,,,,,,,,,REG,ARI,SF,Ricky Seals-Jones,SealRi00,0.0,1.0,0.25,56.2
2018,REG,8,00-0032135,J.James,TE,TE,PIT,12211,a37a5bfd-b48c-4d8b-817a-d8ce7ca3592d,13959.0,9593.0,2463.0,jessejames/2552633,2979590.0,28548.0,,1983808.0,JameJe00,jesse-james-1,10150.0,10403.0,,28548.0,652019.0,16920.0,652019.0,Jesse James,jesse james,2,3,9.0,0,0.0,0.0,6.0,1.0,0.0,-0.4893513,0,1.5,0.09090909,0.021052632,0.15110047,,,,,,,,,,,,,,,,,REG,PIT,CLE,Jesse James,JameJe00,0.0,0.0,0.0,70.1
2018,REG,8,00-0031598,N.Boyle,TE,TE,BAL,12328,9480dd9f-151f-4e6d-b5a3-35f07bda4cac,13963.0,9604.0,2474.0,,2574591.0,28559.0,,1888149.0,BoylNi00,,10252.0,10547.0,,28559.0,608753.0,16931.0,608753.0,Nick Boyle,nick boyle,1,3,7.0,0,0.0,0.0,-2.0,6.0,0.0,-2.0933087,0,0.0,0.06818182,-0.00477327,0.09893144,,,,,,,,,,,,,,,,,REG,BAL,CAR,Nick Boyle,BoylNi00,0.0,0.0,0.0,42.4
2018,REG,8,00-0032120,N.Sterling,TE,TE,NYJ,12363,5e3b63cd-db76-48a8-82dd-7ccc8222f6ae,14116.0,9653.0,2519.0,nealsterling/2553451,2513770.0,28608.0,,2174212.0,SterNe00,,10493.0,10593.0,,28608.0,554911.0,16979.0,,Neal Sterling,neal sterling,1,1,7.0,0,0.0,0.0,6.0,1.0,0.0,0.19078372,0,1.1666666,0.04,0.02970297,0.08079208,,,,,,,,,,,,,,,,,REG,NYJ,CHI,Neal Sterling,SterNe00,0.0,0.0,0.0,95.8
2018,REG,8,00-0029738,D.Fells,TE,TE,CLE,11337,54d4e35a-2e6c-48f6-86ad-92dd596c173c,13636.0,8549.0,1592.0,darrenfells/2540928,15773.0,26612.0,,2053740.0,FellDa01,,9758.0,8472.0,,26612.0,266414.0,15247.0,266414.0,Darren Fells,darren fells,1,1,6.0,0,0.0,0.0,6.0,0.0,0.0,0.16614814,0,1.0,0.030303031,0.023622047,0.061989978,,,,,,,,,,,,,,,,,REG,CLE,PIT,Darren Fells,FellDa01,0.0,0.0,0.0,91.7
2018,REG,8,00-0033110,T.Higbee,TE,TE,LA,12678,0df7912d-9e81-47ea-b4f7-d04986df4ee8,15623.0,10744.0,3271.0,,2573401.0,29344.0,,1853103.0,HigbTy00,tyler-higbee-1,10854.0,11430.0,159.0,29344.0,604176.0,18032.0,604176.0,Tyler Higbee,tyler higbee,1,1,6.0,0,0.0,0.0,3.0,3.0,1.0,1.0860411,0,2.0,0.03125,0.008196721,0.052612703,,,,,,,,,,,,,,,,,REG,LA,GB,Tyler Higbee,HigbTy00,0.0,0.0,0.0,91.7
2018,REG,8,00-0031788,M.Lengel,TE,TE,CIN,13044,4d747b73-bcc6-46d2-a2d7-ec1d0c8135a2,14079.0,9884.0,3036.0,,2470916.0,28975.0,,2174840.0,,,10558.0,10868.0,,28975.0,504496.0,17741.0,,Matt Lengel,matt lengel,1,1,4.0,0,0.0,0.0,2.0,2.0,0.0,0.25602445,0,2.0,0.03125,0.006472492,0.051405743,,,,,,,,,,,,,,,,,,,,,,,,,
2018,REG,8,00-0032227,J.Heuerman,TE,TE,DEN,12208,1fe3aadd-336b-4838-888e-8c9609747afc,13961.0,9525.0,2397.0,jeffheuerman/2552399,2576389.0,28480.0,,1824413.0,HeueJe00,jeff-heuerman-1,10246.0,10492.0,,28480.0,593517.0,16853.0,,Jeff Heuerman,jeff heuerman,1,5,4.0,1,0.0,0.0,37.0,0.0,1.0,1.8021393,0,0.10810811,0.15151516,0.12802768,0.31689212,Jeff Heuerman,DEN,3.5479999999999996,1.1530419620869536,12.864,19.719173462505363,20.0,4.0,1.0,,,,00-0032227,Jeff,Heuerman,J.Heuerman,REG,DEN,KC,Jeff Heuerman,HeueJe00,0.0,0.0,0.0,79.2
2018,REG,8,00-0029587,R.Ellison,TE,TE,NYG,10838,cccc9f16-9508-434f-b7a4-9a29cb0cacf9,11315.0,7128.0,1211.0,rhettellison/2532835,15003.0,25838.0,,1244464.0,ElliRh00,rhett-ellison-1,8114.0,7580.0,,25838.0,399295.0,14445.0,,Rhett Ellison,rhett ellison,0,1,0.0,0,0.0,0.0,0.0,0.0,0.0,-0.5789499,0,,0.02173913,0.0,0.032608695,,,,,,,,,,,,,,,,,REG,NYG,WAS,Rhett Ellison,ElliRh00,0.0,0.0,0.0,39.6
2018,REG,8,00-0032134,C.Uzomah,TE,TE,CIN,12317,19858900-5c8e-49a7-ab02-34ef625724ca,14084.0,9590.0,2460.0,c.j.uzomah/2552559,2574576.0,28545.0,,2174118.0,UzomC.00,cj-uzomah-1,10462.0,10534.0,,28545.0,593305.0,16917.0,593305.0,C.J. Uzomah,cj uzomah,0,4,0.0,0,0.0,0.0,31.0,0.0,0.0,-2.890149,0,0.0,0.125,0.100323625,0.25772655,,,,,,,,,,,,,,,,,REG,CIN,TB,C.J. Uzomah,UzomC.00,0.0,0.0,0.0,39.6
2018,REG,8,00-0032430,D.Morgan,TE,TE,MIN,12816,4bff1c89-f4d1-4699-8c85-69bbbbaec5a2,15857.0,10822.0,3344.0,,2582138.0,29422.0,,1907784.0,MorgDa01,david-morgan-1,11139.0,11477.0,,29422.0,612030.0,18105.0,,David Morgan,david morgan,0,1,0.0,0,0.0,0.0,3.0,0.0,0.0,-0.8832105,0,0.0,0.025,0.010676157,0.04497331,,,,,,,,,,,,,,,,,REG,MIN,NO,David Morgan,MorgDa01,0.0,0.0,0.0,39.6
2018,REG,8,00-0032599,J.Perkins,TE,TE,PHI,12685,9c18801d-bdaa-4036-9663-24280c763bcf,16233.0,11051.0,3668.0,,2578377.0,29654.0,,1884450.0,PerkJo02,,11317.0,11804.0,,29654.0,608012.0,18468.0,,Joshua Perkins,joshua perkins,0,1,0.0,0,0.0,0.0,23.0,0.0,0.0,-4.4142404,0,0.0,0.033333335,0.09504132,0.11652893,,,,,,,,,,,,,,,,,REG,PHI,JAX,Joshua Perkins,PerkJo02,0.0,0.0,0.0,0.0
2018,REG,8,00-0033559,M.Roberts,TE,TE,DET,13197,bb9f0c5a-cbc2-43bb-9aa5-77cdc7e77bb6,16500.0,11882.0,4164.0,,3059945.0,30240.0,,2082652.0,RobeMi01,michael-roberts-3,11896.0,12354.0,,30240.0,749874.0,19010.0,,Michael Roberts,michael roberts,0,1,0.0,0,0.0,0.0,10.0,0.0,0.0,-0.7403882,0,0.0,0.025641026,0.03717472,0.064483844,,,,,,,,,,,,,,,,,REG,DET,SEA,Michael Roberts,RobeMi01,0.0,0.0,0.0,39.6
2018,REG,8,00-0033757,R.Tonyan,TE,TE,GB,13427,7c9c7800-69d0-459b-812b-a07ac48e9f2a,16502.0,12193.0,4602.0,,2975674.0,30777.0,,2820026.0,TonyRo00,,12389.0,12868.0,,30777.0,660151.0,19491.0,660151.0,Robert Tonyan,robert tonyan,0,1,0.0,0,0.0,0.0,5.0,0.0,0.0,-0.5230735,0,0.0,0.033333335,0.019455252,0.063618675,,,,,,,,,,,,,,,,,REG,GB,LA,Robert Tonyan,TonyRo00,0.0,0.0,0.0,39.6
2018,REG,8,00-0033953,J.Leggett,TE,TE,NYJ,13195,bea00842-e4db-4955-857a-ea8d4a0e215b,16458.0,11905.0,4153.0,,3045118.0,30263.0,,2060412.0,LeggJo00,jordan-leggett-1,11893.0,12307.0,,30263.0,733735.0,18999.0,,Jordan Leggett,jordan leggett,0,1,0.0,0,0.0,0.0,1.0,0.0,0.0,-0.821396,0,0.0,0.04,0.004950495,0.06346535,,,,,,,,,,,,,,,,,,,,,,,,,
2018,REG,8,00-0034798,D.Smythe,TE,TE,MIA,13676,7e42a22a-c47b-4387-aeeb-2cc2e76dc1d8,17508.0,47257.0,5008.0,,3052897.0,31093.0,,2082845.0,SmytDu00,durham-smythe-1,12807.0,13249.0,,31093.0,749968.0,19943.0,749968.0,Durham Smythe,durham smythe,0,1,0.0,0,0.0,0.0,6.0,0.0,0.0,-0.4576596,0,0.0,0.030303031,0.018072288,0.05810515,,,,,,,,,,,,,,,,,REG,MIA,HOU,Durham Smythe,SmytDu00,0.0,0.0,0.0,39.6
2018,REG,9,00-0033288,G.Kittle,TE,TE,SF,13299,2ada91b0-036e-454f-83c3-6d939ff584a9,16499.0,11901.0,4217.0,,3040151.0,30259.0,,2818265.0,KittGe00,george-kittle-1,11892.0,12276.0,298.0,30259.0,733672.0,19063.0,733672.0,George Kittle,george kittle,4,4,108.0,1,0.0,0.0,17.0,91.0,4.0,10.178835,0,6.352941,0.18181819,0.11643836,0.35423413,,,,,,,,,,,,,,,,,REG,SF,OAK,George Kittle,KittGe00,0.0,0.0,0.0,158.3
2018,REG,9,00-0030506,T.Kelce,TE,TE,KC,11244,c3859e06-5f23-4302-a71b-04820a899d5f,11594.0,7844.0,1466.0,traviskelce/2540258,15847.0,26686.0,,1725130.0,KelcTr00,travis-kelce-1,8783.0,8411.0,264.0,26686.0,448240.0,15048.0,448240.0,Travis Kelce,travis kelce,7,9,99.0,2,0.0,0.0,81.0,34.0,6.0,9.619324,0,1.2222222,0.29032257,0.375,0.69798386,Travis Kelce,KC,5.627142857142857,3.227590789955194,8.874444444444443,37.50821827744903,77.77777777777779,99.0,2.0,5.368571428571428,5.573365244381421,-0.20479381580999245,00-0030506,Travis,Kelce,T.Kelce,REG,KC,CLE,Travis Kelce,KelcTr00,1.0,0.0,0.0,152.1
2018,REG,9,00-0032227,J.Heuerman,TE,TE,DEN,12208,1fe3aadd-336b-4838-888e-8c9609747afc,13961.0,9525.0,2397.0,jeffheuerman/2552399,2576389.0,28480.0,,1824413.0,HeueJe00,jeff-heuerman-1,10246.0,10492.0,,28480.0,593517.0,16853.0,,Jeff Heuerman,jeff heuerman,10,11,83.0,1,0.0,0.0,22.0,63.0,6.0,5.981623,0,3.7727273,0.28947368,0.09361702,0.49974245,Jeff Heuerman,DEN,6.2787500000000005,3.4331086766690846,1.73272727272727,8.08312128922815,90.9090909090909,83.0,1.0,6.602000000000004,4.923351754411277,1.678648245588727,00-0032227,Jeff,Heuerman,J.Heuerman,REG,DEN,HOU,Jeff Heuerman,HeueJe00,2.0,1.0,0.091,128.4
2018,REG,9,00-0025418,G.Olsen,TE,TE,CAR,8687,587d0a98-7ec5-45a5-adba-8af26e8f256b,9238.0,3647.0,58.0,gregolsen/2495700,10475.0,8285.0,,502524.0,OlseGr00,greg-olsen-1,5206.0,4190.0,,8285.0,230925.0,1658.0,,Greg Olsen,greg olsen,6,6,76.0,1,0.0,0.0,49.0,27.0,4.0,7.2366242,0,1.5510204,0.25,0.27071825,0.5645028,Greg Olsen,CAR,8.155000000000001,3.6892873922963307,8.046666666666667,28.143398426114835,100.0,76.0,1.0,4.835000000000001,5.1077972091458905,-0.2727972091458897,00-0025418,Gregory,Olsen,G.Olsen,REG,CAR,TB,Greg Olsen,OlseGr00,0.0,0.0,0.0,158.3
2018,REG,9,00-0022943,B.Watson,TE,TE,NO,7422,d81844de-54c3-42ee-9850-072dc4131b6f,9040.0,1753.0,663.0,benjaminwatson/2506122,5557.0,6791.0,,493107.0,WatsBe00,benjamin-watson-1,3872.0,48.0,,6791.0,246082.0,11756.0,,Ben Watson,ben watson,3,4,62.0,1,0.0,0.0,85.0,10.0,3.0,5.1720233,0,0.7294118,0.11111111,0.25,0.34166667,,,,,,,,,,,,,,,,,REG,NO,LA,Ben Watson,WatsBe00,0.0,0.0,0.0,156.2
2018,REG,9,00-0024221,V.Davis,TE,TE,WAS,8247,0a95e792-6455-4927-9539-f95fa7f41fbb,9621.0,2951.0,200.0,vernondavis/2495826,9592.0,7755.0,,409254.0,DaviVe00,vernon-davis-1,4732.0,3638.0,,7755.0,215595.0,5084.0,,Vernon Davis,vernon davis,5,7,62.0,0,0.0,0.0,81.0,33.0,3.0,2.6085558,0,0.7654321,0.15555556,0.21259843,0.38215223,Vernon Davis,WAS,4.645714285714286,2.3830899878937046,10.284285714285716,18.60350931596765,71.42857142857143,62.0,0.0,6.913999999999997,6.606182964020718,0.3078170359792791,00-0024221,Vernon,Davis,V.Davis,REG,WAS,ATL,Vernon Davis,DaviVe00,0.0,0.0,0.0,58.9
2018,REG,9,00-0034766,C.Herndon,TE,TE,NYJ,13679,780a48de-d092-4e87-9c34-8d1b45a154cc,17536.0,47164.0,5009.0,,3123050.0,31077.0,,2136463.0,HernCh00,christopher-herndon-iv-1,12899.0,13228.0,,31077.0,832080.0,19947.0,832080.0,Chris Herndon,chris herndon,4,4,62.0,0,0.0,0.0,45.0,17.0,2.0,2.080515,0,1.3777778,0.10526316,0.14106584,0.25664082,,,,,,,,,,,,,,,,,REG,NYJ,MIA,Chris Herndon,HernCh00,0.0,0.0,0.0,118.7
2018,REG,9,00-0027696,J.Graham,TE,TE,GB,9925,fd85786d-3900-4dc0-9b30-334ee30413ed,9712.0,5619.0,616.0,jimmygraham/497236,13232.0,24070.0,6610.0,1691166.0,GrahJi00,jimmy-graham-1,6532.0,5842.0,,24070.0,295918.0,11488.0,295918.0,Jimmy Graham,jimmy graham,4,6,55.0,1,0.0,0.0,62.0,11.0,3.0,6.1573796,0,0.88709676,0.15384616,0.16062176,0.34320447,Jimmy Graham,GB,5.369999999999999,4.226319272653933,11.910000000000002,18.089307411907658,66.66666666666666,55.0,1.0,3.0175,2.5975974791378142,0.4199025208621858,00-0027696,Jimmy,Graham,J.Graham,REG,GB,NE,Jimmy Graham,GrahJi00,0.0,0.0,0.0,135.4
2018,REG,9,00-0032135,J.James,TE,TE,PIT,12211,a37a5bfd-b48c-4d8b-817a-d8ce7ca3592d,13959.0,9593.0,2463.0,jessejames/2552633,2979590.0,28548.0,,1983808.0,JameJe00,jesse-james-1,10150.0,10403.0,,28548.0,652019.0,16920.0,652019.0,Jesse James,jesse james,2,3,53.0,0,0.0,0.0,32.0,25.0,1.0,3.2434173,0,1.65625,0.06521739,0.11149826,0.17587487,,,,,,,,,,,,,,,,,REG,PIT,BAL,Jesse James,JameJe00,0.0,1.0,0.333,109.7
2018,REG,9,00-0033879,O.Howard,TE,TE,TB,13188,93ed8c6f-b676-46d3-bf82-6155e89b4a68,16380.0,11774.0,4055.0,,3043080.0,30132.0,,2061190.0,HowaO.00,oj-howard-1,11806.0,12161.0,,30132.0,732147.0,18901.0,732147.0,O.J. Howard,oj howard,4,6,53.0,2,0.0,0.0,61.0,18.0,4.0,8.994265,0,0.86885244,0.14634146,0.16804408,0.33714306,O.J. Howard,TB,4.047499999999999,2.095571684653182,10.33,17.61496049565168,66.66666666666666,53.0,2.0,5.68,2.7298240836316836,2.950175916368316,00-0033879,O'Terrius,Howard,O.Howard,REG,TB,CAR,O.J. Howard,HowaO.00,0.0,0.0,0.0,134.0
2018,REG,9,00-0033885,D.Njoku,TE,TE,CLE,13192,8f86fcea-90e8-49ea-bc78-5c7659313e57,16399.0,11784.0,4033.0,,3123076.0,30142.0,,2136474.0,NjokDa00,david-njoku-1,11734.0,12186.0,252.0,30142.0,832098.0,18876.0,832098.0,David Njoku,david njoku,4,5,53.0,0,0.0,0.0,48.0,25.0,2.0,5.40943,0,1.1041666,0.11627907,0.12938005,0.26498464,David Njoku,CLE,7.4025,1.4454405706388662,8.998000000000001,13.58106680351375,80.0,53.0,0.0,6.8774999999999995,3.639924978862041,3.2375750211379586,00-0033885,David,Njoku,D.Njoku,REG,CLE,KC,David Njoku,NjokDa00,1.0,0.0,0.0,110.8
2018,REG,9,00-0032394,N.Vannett,TE,TE,SEA,12680,c731aa8a-778b-4ccd-a19f-517eb66f47b7,15645.0,10728.0,3258.0,,2576399.0,29328.0,,1871322.0,VannNi00,nick-vannett-1,10949.0,11329.0,,29328.0,606488.0,18019.0,606488.0,Nick Vannett,nick vannett,6,8,52.0,1,0.0,0.0,71.0,14.0,2.0,5.4120073,0,0.73239434,0.21621622,0.30341882,0.5367175,Nick Vannett,SEA,8.07,2.8657252776030284,9.028750000000002,25.85645247896904,75.0,52.0,1.0,2.581666666666667,2.6223042062232857,-0.04063753955661875,00-0032394,Nicholas,Vannett,N.Vannett,REG,SEA,LAC,Nick Vannett,VannNi00,0.0,0.0,0.0,131.2
2018,REG,9,00-0034753,M.Andrews,TE,TE,BAL,13671,0618f387-9b72-4270-8b8f-dec4cccc9e4a,17269.0,47436.0,5012.0,,3116365.0,31056.0,,2131121.0,AndrMa00,mark-andrews-1,12559.0,13182.0,366.0,31056.0,820699.0,19803.0,820699.0,Mark Andrews,mark andrews,3,6,50.0,0,0.0,0.0,89.0,12.0,2.0,3.283928,0,0.56179774,0.16216215,0.30795848,0.45881417,Mark Andrews,BAL,4.795,1.9673952269467183,15.243333333333334,31.905393148677884,50.0,50.0,0.0,4.933333333333333,4.5525480510094285,0.3807852823239042,00-0034753,Mark,Andrews,M.Andrews,REG,BAL,PIT,Mark Andrews,AndrMa00,0.0,0.0,0.0,78.5
2018,REG,9,00-0033895,G.Everett,TE,TE,LA,13236,ebeceb00-57e0-4b74-9cf7-853da2afed18,16459.0,11799.0,4089.0,,3918639.0,30157.0,,2142692.0,EverGe00,gerald-everett-1,11737.0,12284.0,55.0,30157.0,838487.0,18935.0,838487.0,Gerald Everett,gerald everett,3,5,48.0,0,0.0,0.0,31.0,26.0,2.0,2.0189166,1,1.548387,0.125,0.088319086,0.24932337,Gerald Everett,LAR,7.067500000000001,5.813243962931038,6.3519999999999985,8.87473104758711,60.0,48.0,0.0,8.683333333333337,6.8952947742478345,1.7880385590855026,00-0033895,Gerald,Everett,G.Everett,REG,LA,NO,Gerald Everett,EverGe00,0.0,0.0,0.0,92.1
2018,REG,9,00-0031744,M.LaCosse,TE,TE,DEN,12596,25e58aee-1b33-4468-9a81-6586426b91d5,14288.0,9840.0,2944.0,mattlacosse/2553667,2576179.0,28875.0,,2174931.0,,,10727.0,10980.0,,28875.0,606055.0,17415.0,606055.0,Matt LaCosse,matt lacosse,1,1,44.0,0,0.0,0.0,15.0,29.0,1.0,2.7165983,0,2.9333334,0.02631579,0.06382979,0.08415454,,,,,,,,,,,,,,,,,,,,,,,,,
2018,REG,9,00-0032055,D.Funchess,TE,TE,CAR,12205,7f5f2a81-ac40-420c-9421-5b9e2a21faf8,13915.0,9474.0,2346.0,,2977609.0,28429.0,,2001877.0,FuncDe00,devin-funchess-1,10138.0,10391.0,,28429.0,696127.0,16802.0,696127.0,Devin Funchess,devin funchess,4,5,44.0,0,0.0,0.0,58.0,7.0,2.0,1.6113712,0,0.7586207,0.20833333,0.320442,0.5368094,,,,,,,,,,,,,,,,,REG,CAR,TB,Devin Funchess,FuncDe00,0.0,0.0,0.0,103.3
2018,REG,9,00-0032392,A.Hooper,TE,TE,ATL,12677,90c2a93f-d837-4e1b-b57c-56648903a8db,15581.0,10715.0,3202.0,,3043275.0,29315.0,,2067004.0,HoopAu00,austin-hooper-1,10748.0,11301.0,384.0,29315.0,739424.0,17963.0,739424.0,Austin Hooper,austin hooper,3,3,41.0,0,0.0,0.0,11.0,30.0,2.0,3.4778037,0,3.7272727,0.08108108,0.049773756,0.15646325,,,,,,,,,,,,,,,,,REG,ATL,WAS,Austin Hooper,HoopAu00,0.0,0.0,0.0,118.7
2018,REG,9,00-0031260,L.Thomas,TE,TE,BUF,11647,b24625a0-d402-4d59-a778-aa4b073bfe5e,12095.0,8755.0,2251.0,loganthomas/2543767,16813.0,27648.0,,1691193.0,ThomLo00,logan-thomas-1,9323.0,9354.0,,27648.0,507528.0,16656.0,507528.0,Logan Thomas,logan thomas,7,8,40.0,0,0.0,0.0,23.0,20.0,1.0,0.9583291,0,1.7391304,0.17021276,0.09704641,0.32325163,Logan Thomas,BUF,4.745,3.4476123952212605,3.3299999999999987,10.212765957446804,87.5,40.0,0.0,2.4414285714285726,2.8571876436107084,-0.4157590721821358,00-0031260,Logan,Thomas,L.Thomas,REG,BUF,CHI,Logan Thomas,ThomLo00,0.0,0.0,0.0,87.5
2018,REG,9,00-0033110,T.Higbee,TE,TE,LA,12678,0df7912d-9e81-47ea-b4f7-d04986df4ee8,15623.0,10744.0,3271.0,,2573401.0,29344.0,,1853103.0,HigbTy00,tyler-higbee-1,10854.0,11430.0,159.0,29344.0,604176.0,18032.0,604176.0,Tyler Higbee,tyler higbee,2,4,40.0,0,0.0,0.0,43.0,19.0,1.0,2.15661,0,0.9302326,0.1,0.122507125,0.23575498,,,,,,,,,,,,,,,,,REG,LA,NO,Tyler Higbee,HigbTy00,1.0,0.0,0.0,85.4
2018,REG,9,00-0033627,J.Croom,TE,TE,BUF,13890,e17b5817-d955-42be-bb8d-e34d89f6dd71,16770.0,12145.0,4536.0,,2972240.0,30594.0,,2819968.0,,,12082.0,12709.0,,30594.0,690029.0,19415.0,690029.0,Jason Croom,jason croom,3,5,36.0,0,1.0,1.0,23.0,30.0,2.0,-7.178879,0,1.5652174,0.10638298,0.09704641,0.22750695,Jason Croom,BUF,5.4425,3.324650248579951,4.160000000000001,7.973931378186698,60.0,36.0,0.0,10.486666666666665,11.05450507091579,-0.5678384042491249,00-0033627,Jason,Croom,J.Croom,,,,,,,,,
2018,REG,9,00-0030472,J.Reed,TE,TE,WAS,11248,c3bf8d3e-3b2e-4f9e-ad74-c0a684035f17,11690.0,7866.0,1500.0,jordanreed/2540160,15860.0,26708.0,,1691412.0,ReedJo02,jordan-reed-1,8615.0,8412.0,,26708.0,508876.0,15100.0,,Jordan Reed,jordan reed,4,6,34.0,0,0.0,0.0,52.0,11.0,1.0,-0.57999545,0,0.65384614,0.13333334,0.13648294,0.29553807,Jordan Reed,WAS,6.013333333333333,3.753047467175707,8.333333333333334,12.920898260847094,66.66666666666666,34.0,0.0,2.679999999999999,3.7336450310449436,-1.0536450310449448,00-0030472,Jordan,Reed,J.Reed,REG,WAS,ATL,Jordan Reed,ReedJo02,0.0,0.0,0.0,81.2
2018,REG,9,00-0033858,J.Smith,TE,TE,TEN,13193,e4f25a37-74de-4bfb-b6c9-f50a4fab0b87,16460.0,11855.0,4144.0,,3054212.0,30213.0,,2081506.0,SmitJo01,jonnu-smith-1,11807.0,12344.0,84.0,30213.0,743749.0,18990.0,743749.0,Jonnu Smith,jonnu smith,2,2,33.0,1,0.0,0.0,15.0,18.0,2.0,3.8915973,0,2.2,0.074074075,0.07317073,0.16233063,,,,,,,,,,,,,,,,,REG,TEN,DAL,Jonnu Smith,SmitJo01,1.0,0.0,0.0,158.3
2018,REG,9,00-0027981,K.Rudolph,TE,TE,MIN,10312,1059e9dc-97df-4643-9116-883a0573d8b1,9906.0,6195.0,943.0,kylerudolph/2495438,14054.0,24830.0,7444.0,1633122.0,RudoKy00,kyle-rudolph-1,7246.0,6459.0,,24830.0,469472.0,13275.0,469472.0,Kyle Rudolph,kyle rudolph,2,2,28.0,0,0.0,0.0,25.0,3.0,1.0,2.6757343,0,1.12,0.09090909,0.1908397,0.26995143,,,,,,,,,,,,,,,,,REG,MIN,DET,Kyle Rudolph,RudoKy00,0.0,0.0,0.0,118.7
2018,REG,9,00-0028142,V.Green,TE,TE,LAC,10432,6ef43c53-53d7-4b0f-ad99-17664d663ae8,10026.0,6356.0,868.0,virgilgreen/2495288,14085.0,24991.0,7502.0,1130615.0,GreeVi00,virgil-green-1,7416.0,6570.0,,24991.0,323254.0,13016.0,,Virgil Green,virgil green,2,3,28.0,0,0.0,0.0,25.0,15.0,1.0,1.1665035,0,1.12,0.115384616,0.08680555,0.23384081,,,,,,,,,,,,,,,,,REG,LAC,SEA,Virgil Green,GreeVi00,0.0,0.0,0.0,96.5
2018,REG,9,00-0030710,T.Burton,TE,TE,CHI,11705,bc0f07a4-3e7b-4e61-987a-05533dc225be,12153.0,9185.0,1793.0,treyburton/2550284,16974.0,27789.0,,2130223.0,BurtTr01,,9490.0,9737.0,,27789.0,542788.0,15965.0,,Trey Burton,trey burton,2,3,28.0,1,0.0,0.0,47.0,6.0,2.0,-1.2172983,0,0.59574467,0.15,0.22274882,0.38092417,,,,,,,,,,,,,,,,,REG,CHI,BUF,Trey Burton,BurtTr01,0.0,0.0,0.0,96.5
2018,REG,9,00-0030470,V.McDonald,TE,TE,PIT,11257,8f24a248-b328-43ec-8677-67600e42a8f7,11699.0,7836.0,1587.0,vancemcdonald/2540215,15853.0,26678.0,,1673357.0,McDoVa00,vance-mcdonald-1,8785.0,8413.0,,26678.0,494969.0,15239.0,,Vance McDonald,vance mcdonald,3,6,25.0,0,0.0,0.0,40.0,3.0,2.0,0.8466726,0,0.625,0.13043478,0.13937283,0.29321316,Vance McDonald,PIT,4.385,2.06467997904566,6.310000000000002,12.53559366929343,50.0,25.0,0.0,0.19333333333333277,0.6310305916007147,-0.43769725826738193,00-0030470,Vance,McDonald,V.McDonald,REG,PIT,BAL,Vance McDonald,McDoVa00,0.0,2.0,0.333,61.1
2018,REG,9,00-0029689,D.Allen,TE,TE,NE,10742,cc745cc3-d52a-454b-98c8-ac9155a9405c,11219.0,7066.0,1105.0,dwayneallen/2533046,14901.0,25774.0,8485.0,1630216.0,AlleDw00,dwayne-allen-1,8041.0,7452.0,,25774.0,463515.0,13987.0,,Dwayne Allen,dwayne allen,1,1,21.0,0,0.0,0.0,2.0,19.0,1.0,1.2990159,0,10.5,0.028571429,0.007490637,0.048100587,,,,,,,,,,,,,,,,,REG,NE,GB,Dwayne Allen,AlleDw00,0.0,0.0,0.0,118.7
2018,REG,9,00-0034830,H.Hurst,TE,TE,BAL,13680,1b125fc4-5dd9-4eb9-a42f-048e61ca42b7,17283.0,47294.0,4973.0,,3924365.0,30995.0,,2185053.0,HursHa00,hayden-hurst-1,12467.0,13098.0,8.0,30995.0,881956.0,19843.0,881956.0,Hayden Hurst,hayden hurst,1,2,21.0,0,0.0,0.0,16.0,6.0,1.0,0.74941784,0,1.3125,0.054054055,0.055363324,0.11983541,,,,,,,,,,,,,,,,,REG,BAL,PIT,Hayden Hurst,HursHa00,0.0,0.0,0.0,87.5
2018,REG,9,00-0027061,J.Cook,TE,TE,LV,9474,3b7a1409-d154-4e5c-8c94-9d4a0e0993c7,9265.0,5012.0,367.0,jaredcook/71265,12537.0,9353.0,6126.0,584314.0,CookJa02,jared-cook-2,5981.0,5165.0,,9353.0,296480.0,8534.0,296480.0,Jared Cook,jared cook,2,2,20.0,0,0.0,0.0,7.0,13.0,2.0,2.2824798,0,2.857143,0.0952381,0.059322033,0.18438257,,,,,,,,,,,,,,,,,REG,OAK,SF,Jared Cook,CookJa02,0.0,0.0,0.0,108.3
2018,REG,9,00-0030089,L.Willson,TE,TE,DET,11381,16c67c97-ffd9-4f92-917d-ad6124ce1f6e,11812.0,7940.0,1603.0,lukewillson/2541199,16121.0,26781.0,,2057661.0,WillLu00,luke-willson-1,8907.0,8567.0,,26781.0,466869.0,15263.0,466869.0,Luke Willson,luke willson,2,2,17.0,0,0.0,0.0,4.0,13.0,1.0,1.1764319,0,4.25,0.05882353,0.025,0.105735295,,,,,,,,,,,,,,,,,REG,DET,MIN,Luke Willson,WillLu00,1.0,0.0,0.0,102.1
2018,REG,9,00-0031273,C.Brate,TE,TE,TB,12110,5afe93fd-0caf-4cca-83fc-7f405bebfa3e,13470.0,9207.0,2214.0,,17453.0,28267.0,,2132787.0,BratCa00,,10008.0,10193.0,,28267.0,552926.0,16593.0,552926.0,Cameron Brate,cameron brate,3,3,15.0,0,0.0,0.0,14.0,1.0,1.0,1.5415798,0,1.0714285,0.07317073,0.038567495,0.13675334,,,,,,,,,,,,,,,,,REG,TB,CAR,Cameron Brate,BratCa00,0.0,0.0,0.0,87.5
2018,REG,9,00-0033658,B.Jarwin,TE,TE,DAL,13722,43e8a6ac-d451-4dbd-b145-797764f91494,16638.0,12320.0,4571.0,,2991767.0,30784.0,,2819999.0,JarwBl00,,12179.0,12507.0,,30784.0,711965.0,19457.0,711965.0,Blake Jarwin,blake jarwin,2,2,15.0,0,0.0,0.0,12.0,3.0,1.0,0.9325891,0,1.25,0.06451613,0.056603774,0.13639684,,,,,,,,,,,,,,,,,REG,DAL,TEN,Blake Jarwin,JarwBl00,0.0,0.0,0.0,97.9
2018,REG,9,00-0030108,R.Griffin,TE,TE,HOU,11399,cb1df42c-b59c-4e23-a9a2-fbfc2b39ef71,11830.0,7982.0,1425.0,ryangriffin/2541316,15887.0,26824.0,,2057695.0,GrifRy00,ryan-griffin-1,8911.0,8600.0,,26824.0,465129.0,14985.0,465129.0,Ryan Griffin,ryan griffin,1,2,13.0,0,0.0,0.0,21.0,10.0,1.0,-0.19967958,0,0.61904764,0.08695652,0.13815789,0.22714531,,,,,,,,,,,,,,,,,REG,HOU,DEN,Ryan Griffin,GrifRy00,0.0,0.0,0.0,70.8
2018,REG,9,00-0033559,M.Roberts,TE,TE,DET,13197,bb9f0c5a-cbc2-43bb-9aa5-77cdc7e77bb6,16500.0,11882.0,4164.0,,3059945.0,30240.0,,2082652.0,RobeMi01,michael-roberts-3,11896.0,12354.0,,30240.0,749874.0,19010.0,,Michael Roberts,michael roberts,1,4,12.0,0,0.0,0.0,27.0,2.0,0.0,-2.620155,0,0.44444445,0.11764706,0.16875,0.2945956,,,,,,,,,,,,,,,,,REG,DET,MIN,Michael Roberts,RobeMi01,0.0,1.0,0.25,39.6
2018,REG,9,00-0030216,J.Hill,TE,TE,NO,11529,687cdc33-bd0d-4b70-adb3-33f97dc26a3c,13565.0,8200.0,1777.0,joshhill/2541834,16143.0,26950.0,,2060083.0,HillJo02,,9071.0,8764.0,,26950.0,469509.0,15866.0,,Josh Hill,josh hill,2,4,10.0,0,0.0,0.0,32.0,7.0,0.0,-1.2369637,0,0.3125,0.11111111,0.09411765,0.23254903,,,,,,,,,,,,,,,,,REG,NO,LA,Josh Hill,HillJo02,0.0,0.0,0.0,56.2
2018,REG,9,00-0029119,D.Carrier,TE,TE,LV,10940,d3fab07b-f02a-433d-9612-cb0a751f324d,11417.0,7406.0,1718.0,derekcarrier/2534241,15403.0,26416.0,,1977121.0,CarrDe00,,9203.0,7527.0,,26416.0,654887.0,15640.0,654887.0,Derek Carrier,derek carrier,1,2,8.0,0,0.0,0.0,32.0,1.0,0.0,-0.44818345,0,0.25,0.0952381,0.27118644,0.33268765,,,,,,,,,,,,,,,,,REG,OAK,SF,Derek Carrier,CarrDe00,0.0,0.0,0.0,60.4
2018,REG,9,00-0034073,R.Dwelley,TE,TE,SF,13988,70473218-5ae3-47b4-86fd-151e68f1e8b9,17886.0,20994.0,5285.0,,3120303.0,31329.0,,2924888.0,DwelRo00,,13030.0,13522.0,,31329.0,752665.0,20361.0,752665.0,Ross Dwelley,ross dwelley,1,1,8.0,0,0.0,0.0,8.0,0.0,0.0,0.937668,0,1.0,0.045454547,0.05479452,0.10653798,,,,,,,,,,,,,,,,,REG,SF,OAK,Ross Dwelley,DwelRo00,0.0,0.0,0.0,100.0
2018,REG,9,00-0034420,J.Thomas,TE,TE,HOU,13819,f993832a-f81f-4706-90b8-80fd193bdfd7,17399.0,42062.0,5117.0,,4035379.0,31181.0,,2249166.0,ThomJo05,jordan-thomas-6,12697.0,13309.0,,31181.0,922092.0,20020.0,922092.0,Jordan Thomas,jordan thomas,1,1,7.0,1,0.0,0.0,7.0,0.0,1.0,2.2610183,0,1.0,0.04347826,0.04605263,0.097454235,,,,,,,,,,,,,,,,,REG,HOU,DEN,Jordan Thomas,ThomJo05,0.0,0.0,0.0,135.4
2018,REG,9,00-0031690,E.Tomlinson,TE,TE,NYJ,13065,b3d7169b-9cf6-4fea-815a-26e4fb0ec16a,14339.0,9786.0,2755.0,,2511973.0,28658.0,,1759992.0,TomlEr01,,10553.0,10747.0,,28658.0,554431.0,17223.0,554431.0,Eric Tomlinson,eric tomlinson,1,2,6.0,0,0.0,0.0,14.0,1.0,0.0,-6.398823,0,0.42857143,0.05263158,0.043887146,0.109668374,,,,,,,,,,,,,,,,,REG,NYJ,MIA,Eric Tomlinson,TomlEr01,0.0,0.0,0.0,16.7
2018,REG,9,00-0033953,J.Leggett,TE,TE,NYJ,13195,bea00842-e4db-4955-857a-ea8d4a0e215b,16458.0,11905.0,4153.0,,3045118.0,30263.0,,2060412.0,LeggJo00,jordan-leggett-1,11893.0,12307.0,,30263.0,733735.0,18999.0,,Jordan Leggett,jordan leggett,1,2,6.0,0,0.0,0.0,19.0,5.0,0.0,-0.12887844,0,0.31578946,0.05263158,0.05956113,0.12064016,,,,,,,,,,,,,,,,,REG,NYJ,MIA,Jordan Leggett,LeggJo00,0.0,0.0,0.0,56.2
2018,REG,9,00-0024243,M.Lewis,TE,TE,GB,8269,9c21e9af-681c-41ef-9b00-fbc9e1668ed1,9413.0,2973.0,111.0,marcedeslewis/2495888,9614.0,7777.0,4007.0,415313.0,LewiMa00,marcedes-lewis-1,4891.0,3615.0,,7777.0,214197.0,3061.0,214197.0,Marcedes Lewis,marcedes lewis,1,1,5.0,0,0.0,0.0,1.0,4.0,0.0,-0.0010459899,0,5.0,0.025641026,0.0025906735,0.04027501,,,,,,,,,,,,,,,,,REG,GB,NE,Marcedes Lewis,LewiMa00,0.0,0.0,0.0,87.5
2018,REG,9,00-0028042,L.Stocker,TE,TE,TEN,10354,5b712aed-201c-43dd-b978-b7b6ef91178e,9948.0,6256.0,963.0,lukestocker/2495234,14099.0,24891.0,7589.0,1125485.0,StocLu00,luke-stocker-1,7413.0,6552.0,,24891.0,334186.0,13370.0,334186.0,Luke Stocker,luke stocker,1,2,5.0,0,0.0,0.0,9.0,0.0,0.0,-0.32552817,0,0.5555556,0.074074075,0.043902438,0.14184281,,,,,,,,,,,,,,,,,REG,TEN,DAL,Luke Stocker,StocLu00,0.0,1.0,0.5,56.2
2018,REG,9,00-0027675,E.Dickson,TE,TE,SEA,9912,46bb9a85-523c-4530-95c3-2c2a9737e65f,9706.0,5595.0,701.0,eddickson/497224,13272.0,24045.0,6604.0,565631.0,DickEd00,ed-dickson-1,6530.0,5840.0,,24045.0,296060.0,12153.0,,Ed Dickson,ed dickson,0,1,0.0,0,0.0,0.0,6.0,0.0,0.0,-1.3029265,0,0.0,0.027027028,0.025641026,0.05848926,,,,,,,,,,,,,,,,,REG,SEA,LAC,Ed Dickson,DickEd00,0.0,0.0,0.0,39.6
2018,REG,9,00-0027985,L.Kendricks,TE,TE,GB,10318,27921351-a775-4649-bd49-7b4c486d1ba2,9912.0,6199.0,964.0,lancekendricks/2495187,14007.0,24834.0,7425.0,1117803.0,KendLa00,lance-kendricks-1,7412.0,6614.0,,24834.0,332066.0,13386.0,,Lance Kendricks,lance kendricks,0,1,0.0,0,0.0,0.0,16.0,0.0,0.0,-1.5507597,0,0.0,0.025641026,0.041450776,0.067477085,,,,,,,,,,,,,,,,,REG,GB,NE,Lance Kendricks,KendLa00,0.0,0.0,0.0,39.6
2018,REG,9,00-0030155,D.Harris,TE,TE,KC,11448,8506c15c-15cc-4d2c-aebf-270c605fe0ec,11881.0,8524.0,1619.0,demetriusharris/2541187,16318.0,27174.0,,2060074.0,HarrDe03,,9847.0,8683.0,,27174.0,602269.0,15305.0,602269.0,Demetrius Harris,demetrius harris,0,1,0.0,0,0.0,0.0,0.0,0.0,0.0,-0.6480943,0,,0.032258064,0.0,0.048387095,,,,,,,,,,,,,,,,,REG,KC,CLE,Demetrius Harris,HarrDe03,0.0,1.0,1.0,39.6
2018,REG,9,00-0032745,A.Cross,TE,TE,TB,12996,cc1df018-baa8-4344-b13c-cd5ef1a52d26,16217.0,10931.0,3595.0,,2586700.0,29571.0,,1906373.0,,,11406.0,11727.0,,29571.0,614284.0,18376.0,,Alan Cross,alan cross,0,1,0.0,0,0.0,0.0,10.0,0.0,0.0,-2.9034433,0,0.0,0.024390243,0.027548209,0.055869114,,,,,,,,,,,,,,,,,,,,,,,,,
2018,REG,9,00-0033080,S.DeValve,TE,TE,CLE,12792,a2451bf7-83dd-496c-b527-c14d8d518598,15671.0,10772.0,3296.0,,2566659.0,29372.0,,1984760.0,DevaSe00,,11221.0,11444.0,,29372.0,623676.0,18057.0,,Seth DeValve,seth devalve,0,1,0.0,0,0.0,0.0,14.0,0.0,0.0,-4.649684,0,0.0,0.023255814,0.03773585,0.061298814,,,,,,,,,,,,,,,,,REG,CLE,KC,Seth Devalve,DevaSe00,0.0,0.0,0.0,0.0
2018,REG,9,00-0034011,D.Arnold,TE,TE,NO,13880,d479a777-b53b-4bbf-a8e4-0c1675ac48df,17143.0,51842.0,4741.0,,4212989.0,30891.0,,2835170.0,ArnoDa00,,12276.0,12972.0,,30891.0,1053627.0,19659.0,1053627.0,Dan Arnold,dan arnold,0,1,0.0,0,0.0,0.0,25.0,0.0,0.0,-1.3405892,0,0.0,0.027777778,0.073529415,0.09313726,,,,,,,,,,,,,,,,,REG,NO,LA,Dan Arnold,ArnoDa00,0.0,0.0,0.0,39.6
2018,REG,9,00-0034364,J.Akins,TE,TE,HOU,13753,0cb5a32a-a340-4671-ba2a-93f5fa6aee8d,17415.0,47050.0,5032.0,,3128452.0,31068.0,,2142712.0,AkinJo00,jordan-akins-1,12568.0,13238.0,,31068.0,838396.0,19903.0,838396.0,Jordan Akins,jordan akins,0,3,0.0,0,0.0,0.0,18.0,0.0,0.0,-2.01858,0,0.0,0.13043478,0.118421055,0.2785469,,,,,,,,,,,,,,,,,REG,HOU,DEN,Jordan Akins,AkinJo00,0.0,0.0,0.0,39.6
2018,REG,9,00-0034829,M.Gesicki,TE,TE,MIA,13672,1012cbe0-7eba-4169-bfca-183a0204e1a7,17272.0,47153.0,4993.0,,3116164.0,31012.0,,2139298.0,GesiMi00,mike-gesicki-1,12764.0,13104.0,330.0,31012.0,836152.0,19853.0,836152.0,Mike Gesicki,mike gesicki,0,1,0.0,0,0.0,0.0,30.0,0.0,0.0,-1.5269619,0,0.0,0.045454547,0.18867925,0.20025729,,,,,,,,,,,,,,,,,REG,MIA,NYJ,Mike Gesicki,GesiMi00,0.0,0.0,0.0,39.6
2018,REG,10,00-0030061,Z.Ertz,TE,TE,PHI,11247,de3421f7-2147-4835-89a5-724e87bad463,11689.0,7816.0,1339.0,zachertz/2540158,15835.0,26658.0,,1685963.0,ErtzZa00,zach-ertz-1,8781.0,8409.0,305.0,26658.0,503177.0,14856.0,503177.0,Zach Ertz,zach ertz,14,16,145.0,2,0.0,0.0,117.0,41.0,8.0,-3.312216,0,1.2393162,0.37209302,0.30870712,0.77423453,Zach Ertz,PHI,6.85,4.222565296417102,7.268125000000001,30.701198584930573,87.5,145.0,2.0,3.3628571428571425,4.3206389896293524,-0.9577818467722099,00-0030061,Zachary,Ertz,Z.Ertz,REG,PHI,DAL,Zach Ertz,ErtzZa00,0.0,1.0,0.063,118.0
2018,REG,10,00-0033288,G.Kittle,TE,TE,SF,13299,2ada91b0-036e-454f-83c3-6d939ff584a9,16499.0,11901.0,4217.0,,3040151.0,30259.0,,2818265.0,KittGe00,george-kittle-1,11892.0,12276.0,298.0,30259.0,733672.0,19063.0,733672.0,George Kittle,george kittle,9,10,83.0,0,0.0,0.0,44.0,43.0,4.0,3.6002195,0,1.8863636,0.2857143,0.17254902,0.54935575,George Kittle,SF,4.775555555555555,2.544639507195378,3.738000000000001,14.053159893229072,90.0,83.0,0.0,5.514444444444444,5.6601840947226565,-0.14573965027821245,00-0033288,George,Kittle,G.Kittle,REG,SF,NYG,George Kittle,KittGe00,0.0,0.0,0.0,101.2
2018,REG,10,00-0031387,E.Ebron,TE,TE,IND,11695,9fbcfae9-dd14-415c-8952-9b1b5dff0dfc,12143.0,8645.0,2118.0,ericebron/2543466,16732.0,27538.0,,1865396.0,EbroEr00,eric-ebron-1,9210.0,9390.0,,27538.0,605752.0,16451.0,605752.0,Eric Ebron,eric ebron,3,3,69.0,2,0.0,0.0,38.0,31.0,2.0,6.802161,0,1.8157895,0.10344828,0.16033755,0.2674087,,,,,,,,,,,,,,,,,REG,IND,JAX,Eric Ebron,EbroEr00,0.0,0.0,0.0,158.3
2018,REG,10,00-0032392,A.Hooper,TE,TE,ATL,12677,90c2a93f-d837-4e1b-b57c-56648903a8db,15581.0,10715.0,3202.0,,3043275.0,29315.0,,2067004.0,HoopAu00,austin-hooper-1,10748.0,11301.0,384.0,29315.0,739424.0,17963.0,739424.0,Austin Hooper,austin hooper,10,11,56.0,1,0.0,0.0,49.0,14.0,4.0,7.0395203,0,1.1428572,0.21568628,0.19758065,0.46183586,Austin Hooper,ATL,5.6890909090909085,2.297903667071113,4.662727272727273,19.250835116165597,90.9090909090909,56.0,1.0,1.06,1.4838128614784467,-0.42381286147844666,00-0032392,Austin,Hooper,A.Hooper,REG,ATL,CLE,Austin Hooper,HoopAu00,0.0,0.0,0.0,118.2
2018,REG,10,00-0027061,J.Cook,TE,TE,LV,9474,3b7a1409-d154-4e5c-8c94-9d4a0e0993c7,9265.0,5012.0,367.0,jaredcook/71265,12537.0,9353.0,6126.0,584314.0,CookJa02,jared-cook-2,5981.0,5165.0,,9353.0,296480.0,8534.0,296480.0,Jared Cook,jared cook,4,9,52.0,0,0.0,0.0,96.0,14.0,2.0,-0.0778441,0,0.5416667,0.25714287,0.48,0.72171426,Jared Cook,LV,6.246666666666667,3.33120522322083,9.553333333333335,44.96626745463105,44.44444444444444,52.0,0.0,4.305,4.0890922588992,0.2159077411007999,00-0027061,Jared,Cook,J.Cook,REG,OAK,LAC,Jared Cook,CookJa02,1.0,2.0,0.222,63.2
2018,REG,10,00-0030472,J.Reed,TE,TE,WAS,11248,c3bf8d3e-3b2e-4f9e-ad74-c0a684035f17,11690.0,7866.0,1500.0,jordanreed/2540160,15860.0,26708.0,,1691412.0,ReedJo02,jordan-reed-1,8615.0,8412.0,,26708.0,508876.0,15100.0,,Jordan Reed,jordan reed,4,6,51.0,0,0.0,0.0,38.0,20.0,2.0,1.4128379,0,1.3421053,0.23076923,0.17431192,0.4681722,Jordan Reed,WAS,4.436,1.8721558784025703,6.031666666666666,15.683640303358612,66.66666666666666,51.0,0.0,5.5325,5.586137092567867,-0.053637092567867306,00-0030472,Jordan,Reed,J.Reed,REG,WAS,TB,Jordan Reed,ReedJo02,0.0,1.0,0.167,93.1
2018,REG,10,00-0033611,R.Seals-Jones,TE,TE,ARI,13382,52735659-a294-4f64-a7f4-3591450834e5,16730.0,12020.0,4531.0,,3051806.0,30494.0,,2080003.0,SealRi00,,11876.0,12463.0,,30494.0,744568.0,19410.0,744568.0,Ricky Seals-Jones,ricky seals-jones,5,9,51.0,0,0.0,0.0,91.0,11.0,3.0,-0.9653321,0,0.5604396,0.24324325,0.33955225,0.60255146,Ricky Seals-Jones,ARI,4.286,3.4175707012706846,9.396666666666668,30.19710062129544,55.55555555555556,51.0,0.0,2.817999999999999,2.2764969030860813,0.5415030969139178,00-0033611,Roderick,Seals-Jones,R.Seals-Jones,REG,ARI,KC,Ricky Seals-Jones,SealRi00,1.0,0.0,0.0,32.4
2018,REG,10,00-0030506,T.Kelce,TE,TE,KC,11244,c3859e06-5f23-4302-a71b-04820a899d5f,11594.0,7844.0,1466.0,traviskelce/2540258,15847.0,26686.0,,1725130.0,KelcTr00,travis-kelce-1,8783.0,8411.0,264.0,26686.0,448240.0,15048.0,448240.0,Travis Kelce,travis kelce,6,7,46.0,0,1.0,0.0,23.0,28.0,4.0,2.8562522,0,2.0,0.25,0.1127451,0.45392156,Travis Kelce,KC,6.828571428571428,2.4026172059738644,3.848571428571428,13.361769665707765,85.71428571428571,46.0,0.0,4.758333333333334,5.217737043674617,-0.4594037103412836,00-0030506,Travis,Kelce,T.Kelce,REG,KC,ARI,Travis Kelce,KelcTr00,0.0,0.0,0.0,94.0
2018,REG,10,00-0031951,J.O'Shaughnessy,TE,TE,JAX,12330,e5c6b0d4-3e77-422b-a6d8-574a10ed385e,14146.0,9606.0,2476.0,,2508079.0,28561.0,,2174148.0,O'ShJa00,,10249.0,10549.0,,28561.0,552352.0,16933.0,552352.0,James O'Shaughnessy,james oshaughnessy,5,6,46.0,0,0.0,0.0,21.0,36.0,3.0,5.6886935,0,2.1904762,0.15789473,0.15441176,0.34493035,James O'Shaughnessy,JAX,8.42,4.091269910692949,4.975999999999999,16.784726438642643,80.0,42.0,0.0,7.237500000000001,6.982012570497545,0.2554874295024554,00-0031951,James,O'Shaughnessy,J.O'Shaughnessy,REG,JAX,IND,James O'Shaughnessy,O'ShJa00,0.0,0.0,0.0,98.6
2018,REG,10,00-0033881,E.Engram,TE,TE,NYG,13189,e21365af-8d66-416e-b0a5-8816d18fcfd9,16411.0,11778.0,4066.0,,3051876.0,30136.0,,2079887.0,EngrEv00,evan-engram-1,11805.0,12205.0,229.0,30136.0,749185.0,18912.0,749185.0,Evan Engram,evan engram,4,5,46.0,0,0.0,0.0,64.0,14.0,1.0,1.294319,0,0.71875,0.16129032,0.23443224,0.40603805,Evan Engram,NYG,6.7975,3.358950815958773,11.527999999999999,21.913850131163745,80.0,46.0,0.0,3.942500000000001,5.818641134704279,-1.8761411347042785,00-0033881,Evan,Engram,E.Engram,REG,NYG,SF,Evan Engram,EngrEv00,0.0,0.0,0.0,105.0
2018,REG,10,00-0033858,J.Smith,TE,TE,TEN,13193,e4f25a37-74de-4bfb-b6c9-f50a4fab0b87,16460.0,11855.0,4144.0,,3054212.0,30213.0,,2081506.0,SmitJo01,jonnu-smith-1,11807.0,12344.0,84.0,30213.0,743749.0,18990.0,743749.0,Jonnu Smith,jonnu smith,3,3,45.0,1,1.0,0.0,14.0,31.0,2.0,5.393487,0,3.2142856,0.125,0.052434456,0.22420412,,,,,,,,,,,,,,,,,REG,TEN,NE,Jonnu Smith,SmitJo01,1.0,0.0,0.0,158.3
2018,REG,10,00-0030470,V.McDonald,TE,TE,PIT,11257,8f24a248-b328-43ec-8677-67600e42a8f7,11699.0,7836.0,1587.0,vancemcdonald/2540215,15853.0,26678.0,,1673357.0,McDoVa00,vance-mcdonald-1,8785.0,8413.0,,26678.0,494969.0,15239.0,,Vance McDonald,vance mcdonald,4,4,44.0,1,0.0,0.0,18.0,26.0,3.0,7.4757996,0,2.4444444,0.14814815,0.14876033,0.32635444,,,,,,,,,,,,,,,,,REG,PIT,CAR,Vance McDonald,McDoVa00,0.0,0.0,0.0,152.1
2018,REG,10,00-0025418,G.Olsen,TE,TE,CAR,8687,587d0a98-7ec5-45a5-adba-8af26e8f256b,9238.0,3647.0,58.0,gregolsen/2495700,10475.0,8285.0,,502524.0,OlseGr00,greg-olsen-1,5206.0,4190.0,,8285.0,230925.0,1658.0,,Greg Olsen,greg olsen,4,6,40.0,0,0.0,0.0,59.0,4.0,3.0,2.1240518,0,0.6779661,0.21428572,0.40689656,0.6062562,Greg Olsen,CAR,4.86,2.421117091174918,7.136666666666667,31.919493104733505,66.66666666666666,40.0,0.0,1.3674999999999997,2.1698134673665095,-0.8023134673665098,00-0025418,Gregory,Olsen,G.Olsen,REG,CAR,PIT,Greg Olsen,OlseGr00,0.0,0.0,0.0,85.4
2018,REG,10,00-0030710,T.Burton,TE,TE,CHI,11705,bc0f07a4-3e7b-4e61-987a-05533dc225be,12153.0,9185.0,1793.0,treyburton/2550284,16974.0,27789.0,,2130223.0,BurtTr01,,9490.0,9737.0,,27789.0,542788.0,15965.0,,Trey Burton,trey burton,4,4,40.0,0,0.0,0.0,27.0,13.0,2.0,2.3425634,1,1.4814814,0.13333334,0.07964602,0.2557522,,,,,,,,,,,,,,,,,REG,CHI,DET,Trey Burton,BurtTr01,0.0,0.0,0.0,108.3
2018,REG,10,00-0031299,J.Matthews,TE,TE,PHI,11676,7b96a836-666b-47b6-a0a7-9dbb0b4c53e8,12124.0,8677.0,1800.0,jordanmatthews/2543500,16763.0,27570.0,,1759816.0,MattJo00,jordan-matthews-1,9273.0,9420.0,,27570.0,555648.0,15974.0,555648.0,Jordan Matthews,jordan matthews,3,3,40.0,0,0.0,0.0,32.0,8.0,3.0,4.3996854,0,1.25,0.069767445,0.08443272,0.16375406,,,,,,,,,,,,,,,,,REG,PHI,DAL,Jordan Matthews,MattJo00,0.0,0.0,0.0,118.7
2018,REG,10,00-0030181,J.Doyle,TE,TE,IND,11516,bd413539-9351-454e-9d61-4e8635d7e9f5,11987.0,8520.0,1706.0,jackdoyle/2540232,16504.0,27299.0,,2041264.0,DoylJa00,,9081.0,9075.0,,27299.0,477386.0,15602.0,477386.0,Jack Doyle,jack doyle,3,3,36.0,0,0.0,0.0,19.0,17.0,2.0,2.0592988,0,1.8947369,0.10344828,0.080168776,0.21129055,,,,,,,,,,,,,,,,,REG,IND,JAX,Jack Doyle,DoylJa00,0.0,0.0,0.0,116.7
2018,REG,10,00-0034766,C.Herndon,TE,TE,NYJ,13679,780a48de-d092-4e87-9c34-8d1b45a154cc,17536.0,47164.0,5009.0,,3123050.0,31077.0,,2136463.0,HernCh00,christopher-herndon-iv-1,12899.0,13228.0,,31077.0,832080.0,19947.0,832080.0,Chris Herndon,chris herndon,3,4,34.0,0,0.0,0.0,9.0,29.0,1.0,0.8374227,0,3.7777777,0.121212125,0.046875,0.21463068,,,,,,,,,,,,,,,,,REG,NYJ,BUF,Chris Herndon,HernCh00,0.0,0.0,0.0,100.0
2018,REG,10,00-0032055,D.Funchess,TE,TE,CAR,12205,7f5f2a81-ac40-420c-9421-5b9e2a21faf8,13915.0,9474.0,2346.0,,2977609.0,28429.0,,2001877.0,FuncDe00,devin-funchess-1,10138.0,10391.0,,28429.0,696127.0,16802.0,696127.0,Devin Funchess,devin funchess,3,5,32.0,0,0.0,0.0,49.0,4.0,2.0,-5.1854134,0,0.6530612,0.17857143,0.33793104,0.5044089,,,,,,,,,,,,,,,,,REG,CAR,PIT,Devin Funchess,FuncDe00,0.0,0.0,0.0,39.2
2018,REG,10,00-0024243,M.Lewis,TE,TE,GB,8269,9c21e9af-681c-41ef-9b00-fbc9e1668ed1,9413.0,2973.0,111.0,marcedeslewis/2495888,9614.0,7777.0,4007.0,415313.0,LewiMa00,marcedes-lewis-1,4891.0,3615.0,,7777.0,214197.0,3061.0,214197.0,Marcedes Lewis,marcedes lewis,1,1,30.0,0,0.0,0.0,3.0,27.0,1.0,2.589722,0,10.0,0.03846154,0.015789473,0.06874494,,,,,,,,,,,,,,,,,REG,GB,MIA,Marcedes Lewis,LewiMa00,0.0,0.0,0.0,118.7
2018,REG,10,00-0028142,V.Green,TE,TE,LAC,10432,6ef43c53-53d7-4b0f-ad99-17664d663ae8,10026.0,6356.0,868.0,virgilgreen/2495288,14085.0,24991.0,7502.0,1130615.0,GreeVi00,virgil-green-1,7416.0,6570.0,,24991.0,323254.0,13016.0,,Virgil Green,virgil green,2,3,30.0,0,0.0,0.0,19.0,11.0,1.0,1.9372914,0,1.5789474,0.115384616,0.08154506,0.23015846,,,,,,,,,,,,,,,,,REG,LAC,OAK,Virgil Green,GreeVi00,0.0,0.0,0.0,99.3
2018,REG,10,00-0033217,M.Alie-Cox,TE,TE,IND,13246,8809c0dd-786b-4255-a7d0-333c9498c19a,16579.0,12078.0,4054.0,moalie-cox/2558832,2998565.0,30112.0,,2815925.0,AlieMo00,,12196.0,12221.0,195.0,30112.0,712506.0,18900.0,712506.0,Mo Alie-Cox,mo alie-cox,2,4,28.0,1,0.0,0.0,47.0,5.0,2.0,-1.9593825,0,0.59574467,0.13793103,0.19831224,0.3457151,,,,,,,,,,,,,,,,,REG,IND,JAX,Mo Alie-Cox,AlieMo00,0.0,1.0,0.25,72.9
2018,REG,10,00-0032062,B.Bell,TE,TE,JAX,12213,0cc4e449-185a-4b08-9f07-c907ad0c3e05,13966.0,9550.0,2422.0,,2514206.0,28505.0,,1737101.0,BellBl00,blake-bell-1,10248.0,10366.0,,28505.0,542871.0,16878.0,542871.0,Blake Bell,blake bell,2,3,27.0,0,0.0,0.0,15.0,14.0,2.0,2.5356503,0,1.8,0.078947365,0.11029412,0.19562693,,,,,,,,,,,,,,,,,REG,JAX,IND,Blake Bell,BellBl00,0.0,0.0,0.0,95.1
2018,REG,10,00-0033110,T.Higbee,TE,TE,LA,12678,0df7912d-9e81-47ea-b4f7-d04986df4ee8,15623.0,10744.0,3271.0,,2573401.0,29344.0,,1853103.0,HigbTy00,tyler-higbee-1,10854.0,11430.0,159.0,29344.0,604176.0,18032.0,604176.0,Tyler Higbee,tyler higbee,3,3,25.0,1,0.0,0.0,21.0,4.0,2.0,2.5736756,0,1.1904762,0.08571429,0.085365854,0.18832752,,,,,,,,,,,,,,,,,REG,LA,SEA,Tyler Higbee,HigbTy00,0.0,0.0,0.0,141.0
2018,REG,10,00-0034011,D.Arnold,TE,TE,NO,13880,d479a777-b53b-4bbf-a8e4-0c1675ac48df,17143.0,51842.0,4741.0,,4212989.0,30891.0,,2835170.0,ArnoDa00,,12276.0,12972.0,,30891.0,1053627.0,19659.0,1053627.0,Dan Arnold,dan arnold,2,3,25.0,0,0.0,0.0,26.0,4.0,2.0,2.325168,0,0.96153843,0.11111111,0.17687075,0.2904762,,,,,,,,,,,,,,,,,REG,NO,CIN,Dan Arnold,ArnoDa00,0.0,0.0,0.0,92.4
2018,REG,10,00-0027675,E.Dickson,TE,TE,SEA,9912,46bb9a85-523c-4530-95c3-2c2a9737e65f,9706.0,5595.0,701.0,eddickson/497224,13272.0,24045.0,6604.0,565631.0,DickEd00,ed-dickson-1,6530.0,5840.0,,24045.0,296060.0,12153.0,,Ed Dickson,ed dickson,1,1,24.0,0,0.0,0.0,16.0,8.0,1.0,3.0235252,0,1.5,0.04347826,0.07692308,0.11906355,,,,,,,,,,,,,,,,,REG,SEA,LA,Ed Dickson,DickEd00,0.0,0.0,0.0,118.7
2018,REG,10,00-0027985,L.Kendricks,TE,TE,GB,10318,27921351-a775-4649-bd49-7b4c486d1ba2,9912.0,6199.0,964.0,lancekendricks/2495187,14007.0,24834.0,7425.0,1117803.0,KendLa00,lance-kendricks-1,7412.0,6614.0,,24834.0,332066.0,13386.0,,Lance Kendricks,lance kendricks,2,2,24.0,0,0.0,0.0,16.0,8.0,1.0,1.9827293,0,1.5,0.07692308,0.08421053,0.17433198,,,,,,,,,,,,,,,,,REG,GB,MIA,Lance Kendricks,KendLa00,0.0,0.0,0.0,116.7
2018,REG,10,00-0032134,C.Uzomah,TE,TE,CIN,12317,19858900-5c8e-49a7-ab02-34ef625724ca,14084.0,9590.0,2460.0,c.j.uzomah/2552559,2574576.0,28545.0,,2174118.0,UzomC.00,cj-uzomah-1,10462.0,10534.0,,28545.0,593305.0,16917.0,593305.0,C.J. Uzomah,cj uzomah,3,4,23.0,0,0.0,0.0,29.0,9.0,1.0,0.57376164,0,0.79310346,0.18181819,0.14795919,0.3762987,,,,,,,,,,,,,,,,,REG,CIN,NO,C.J. Uzomah,UzomC.00,0.0,0.0,0.0,88.5
2018,REG,10,00-0034383,D.Schultz,TE,TE,DAL,13772,8caec1b4-e0b6-4a84-b8c8-617d6e91ef6a,17349.0,47304.0,5001.0,,3117256.0,31107.0,,2136748.0,SchuDa00,dalton-schultz-1,12514.0,13198.0,487.0,31107.0,830523.0,19920.0,830523.0,Dalton Schultz,dalton schultz,2,2,21.0,0,0.0,0.0,4.0,17.0,1.0,0.75364196,0,5.25,0.05882353,0.019704433,0.1020284,,,,,,,,,,,,,,,,,REG,DAL,PHI,Dalton Schultz,SchuDa00,1.0,0.0,0.0,110.4
2018,REG,10,00-0032661,B.Braunecker,TE,TE,CHI,12868,d76c8e95-7c6e-4def-9fd9-d813df18b3b8,15842.0,11335.0,3465.0,,2969241.0,29913.0,,1994904.0,BrauBe00,,10917.0,11587.0,,29913.0,679453.0,18229.0,,Ben Braunecker,ben braunecker,1,1,20.0,0,0.0,0.0,19.0,1.0,1.0,0.8912714,0,1.0526316,0.033333335,0.056047197,0.08923304,,,,,,,,,,,,,,,,,REG,CHI,DET,Ben Braunecker,BrauBe00,0.0,0.0,0.0,118.7
2018,REG,10,00-0021547,A.Gates,TE,TE,LAC,7236,82da09c2-e542-4f7d-87d9-24dfd8e014de,9027.0,1609.0,322.0,antoniogates/2505299,5362.0,6663.0,,396811.0,,,3172.0,611.0,,6663.0,234249.0,7884.0,,Antonio Gates,antonio gates,1,2,18.0,0,0.0,0.0,24.0,3.0,1.0,0.18677053,0,0.75,0.07692308,0.10300429,0.18748762,,,,,,,,,,,,,,,,,,,,,,,,,
2018,REG,10,00-0033885,D.Njoku,TE,TE,CLE,13192,8f86fcea-90e8-49ea-bc78-5c7659313e57,16399.0,11784.0,4033.0,,3123076.0,30142.0,,2136474.0,NjokDa00,david-njoku-1,11734.0,12186.0,252.0,30142.0,832098.0,18876.0,832098.0,David Njoku,david njoku,1,1,18.0,0,0.0,0.0,15.0,3.0,1.0,1.7253225,0,1.2,0.04761905,0.09146342,0.13545296,,,,,,,,,,,,,,,,,REG,CLE,ATL,David Njoku,NjokDa00,0.0,0.0,0.0,118.7
2018,REG,10,00-0033387,J.Hollister,TE,TE,NE,13391,ad2a1d03-020b-487a-bd5f-7ca9fbc250fe,16527.0,12051.0,4421.0,,3125404.0,30661.0,,2818962.0,HollJa03,,12271.0,12491.0,,30661.0,696882.0,19281.0,696882.0,Jacob Hollister,jacob hollister,1,2,17.0,0,0.0,0.0,18.0,4.0,1.0,-0.96302336,0,0.9444444,0.05,0.053731345,0.11261194,,,,,,,,,,,,,,,,,REG,NE,TEN,Jacob Hollister,HollJa03,0.0,0.0,0.0,79.2
2018,REG,10,00-0033576,E.Saubert,TE,TE,ATL,13315,582dc00e-e7ec-4ca7-bff0-f7b1d604017b,16706.0,11929.0,4189.0,,2975863.0,30287.0,,2001018.0,SaubEr00,,11897.0,12300.0,,30287.0,694931.0,19035.0,694931.0,Eric Saubert,eric saubert,1,2,17.0,0,0.0,0.0,18.0,0.0,1.0,-3.0408514,0,0.9444444,0.039215688,0.07258064,0.10962998,,,,,,,,,,,,,,,,,REG,ATL,CLE,Eric Saubert,SaubEr00,0.0,1.0,0.5,79.2
2018,REG,10,00-0030443,L.Toilolo,TE,TE,DET,11252,67d56171-7522-430c-b7d9-8f7e2b6624d3,11694.0,7915.0,1642.0,levinetoilolo/2540203,15980.0,26756.0,,1685990.0,ToilLe00,levine-toilolo-1,8789.0,8414.0,,26756.0,503205.0,15378.0,503205.0,Levine Toilolo,levine toilolo,1,1,16.0,0,0.0,0.0,0.0,16.0,1.0,0.9890866,0,0.0,0.023809524,0.0,0.035714287,,,,,,,,,,,,,,,,,REG,DET,CHI,Levine Toilolo,ToilLe00,0.0,0.0,0.0,118.7
2018,REG,10,00-0033879,O.Howard,TE,TE,TB,13188,93ed8c6f-b676-46d3-bf82-6155e89b4a68,16380.0,11774.0,4055.0,,3043080.0,30132.0,,2061190.0,HowaO.00,oj-howard-1,11806.0,12161.0,,30132.0,732147.0,18901.0,732147.0,O.J. Howard,oj howard,1,2,15.0,0,0.0,0.0,20.0,2.0,1.0,-5.7045403,0,0.75,0.048780486,0.046403714,0.10565333,,,,,,,,,,,,,,,,,REG,TB,WAS,O.J. Howard,HowaO.00,0.0,0.0,0.0,35.4
2018,REG,10,00-0033895,G.Everett,TE,TE,LA,13236,ebeceb00-57e0-4b74-9cf7-853da2afed18,16459.0,11799.0,4089.0,,3918639.0,30157.0,,2142692.0,EverGe00,gerald-everett-1,11737.0,12284.0,55.0,30157.0,838487.0,18935.0,838487.0,Gerald Everett,gerald everett,2,2,15.0,1,0.0,0.0,15.0,0.0,2.0,3.4300258,0,1.0,0.057142857,0.06097561,0.12839721,,,,,,,,,,,,,,,,,REG,LA,SEA,Gerald Everett,EverGe00,0.0,0.0,0.0,137.5
2018,REG,10,00-0027696,J.Graham,TE,TE,GB,9925,fd85786d-3900-4dc0-9b30-334ee30413ed,9712.0,5619.0,616.0,jimmygraham/497236,13232.0,24070.0,6610.0,1691166.0,GrahJi00,jimmy-graham-1,6532.0,5842.0,,24070.0,295918.0,11488.0,295918.0,Jimmy Graham,jimmy graham,1,1,14.0,0,0.0,0.0,14.0,0.0,1.0,0.8329001,0,1.0,0.03846154,0.07368421,0.10927126,,,,,,,,,,,,,,,,,REG,GB,MIA,Jimmy Graham,GrahJi00,0.0,0.0,0.0,118.7
2018,REG,10,00-0031273,C.Brate,TE,TE,TB,12110,5afe93fd-0caf-4cca-83fc-7f405bebfa3e,13470.0,9207.0,2214.0,,17453.0,28267.0,,2132787.0,BratCa00,,10008.0,10193.0,,28267.0,552926.0,16593.0,552926.0,Cameron Brate,cameron brate,1,3,14.0,0,0.0,0.0,24.0,0.0,1.0,-0.48669717,0,0.5833333,0.07317073,0.055684455,0.14873521,,,,,,,,,,,,,,,,,REG,TB,WAS,Cameron Brate,BratCa00,0.0,1.0,0.333,49.3
2018,REG,10,00-0027215,L.Paulsen,TE,TE,ATL,10123,518c96c5-65bb-4559-8074-9cdb2ca32f99,9850.0,5795.0,587.0,loganpaulsen/2507828,13726.0,24608.0,,559624.0,,,6871.0,6368.0,,24608.0,300115.0,11345.0,,Logan Paulsen,logan paulsen,2,2,13.0,0,0.0,0.0,7.0,6.0,1.0,1.7652398,0,1.8571428,0.039215688,0.028225806,0.078581594,,,,,,,,,,,,,,,,,,,,,,,,,
2018,REG,10,00-0031609,A.Derby,TE,TE,MIA,12351,f0805b80-e01c-46fd-99a6-dae1134fb764,14072.0,9635.0,2503.0,a.j.derby/2552580,3046413.0,28590.0,,2061203.0,DerbA.00,aj-derby-1,10484.0,10576.0,,28590.0,543797.0,16962.0,,A.J. Derby,aj derby,1,2,13.0,0,0.0,0.0,8.0,7.0,1.0,0.2606633,0,1.625,0.055555556,0.03524229,0.10800294,,,,,,,,,,,,,,,,,REG,MIA,GB,A.J. Derby,DerbA.00,1.0,0.0,0.0,70.8
2018,REG,10,00-0032141,G.Swaim,TE,TE,DAL,12378,d0f9112d-2496-450a-9fc5-d2d01b4d2454,14164.0,9679.0,2545.0,geoffswaim/2553454,3046704.0,28634.0,,2174207.0,SwaiGe00,geoff-swaim-1,10507.0,10617.0,,28634.0,728021.0,17005.0,728021.0,Geoff Swaim,geoff swaim,3,3,13.0,0,0.0,0.0,10.0,3.0,0.0,-0.31543472,0,1.3,0.0882353,0.049261082,0.1668357,,,,,,,,,,,,,,,,,REG,DAL,PHI,Geoff Swaim,SwaiGe00,0.0,0.0,0.0,84.7
2018,REG,10,00-0033455,A.Firkser,TE,TE,TEN,13919,b0719e3d-199b-46e5-a2b4-1091f6fd5c0d,16787.0,51837.0,4435.0,,3049698.0,30571.0,,2818971.0,FirkAn00,,12235.0,12691.0,,30571.0,767297.0,19296.0,767297.0,Anthony Firkser,anthony firkser,1,1,11.0,0,0.0,0.0,9.0,2.0,1.0,1.7457778,0,1.2222222,0.041666668,0.033707865,0.086095504,,,,,,,,,,,,,,,,,REG,TEN,NE,Anthony Firkser,FirkAn00,0.0,0.0,0.0,112.5
2018,REG,10,00-0029689,D.Allen,TE,TE,NE,10742,cc745cc3-d52a-454b-98c8-ac9155a9405c,11219.0,7066.0,1105.0,dwayneallen/2533046,14901.0,25774.0,8485.0,1630216.0,AlleDw00,dwayne-allen-1,8041.0,7452.0,,25774.0,463515.0,13987.0,,Dwayne Allen,dwayne allen,1,1,10.0,0,0.0,0.0,3.0,7.0,1.0,0.015897155,0,3.3333333,0.025,0.0089552235,0.043768656,,,,,,,,,,,,,,,,,REG,NE,TEN,Dwayne Allen,AlleDw00,0.0,0.0,0.0,108.3
2018,REG,10,00-0033559,M.Roberts,TE,TE,DET,13197,bb9f0c5a-cbc2-43bb-9aa5-77cdc7e77bb6,16500.0,11882.0,4164.0,,3059945.0,30240.0,,2082652.0,RobeMi01,michael-roberts-3,11896.0,12354.0,,30240.0,749874.0,19010.0,,Michael Roberts,michael roberts,1,3,9.0,0,0.0,0.0,12.0,0.0,1.0,1.7641755,0,0.75,0.071428575,0.03448276,0.1312808,,,,,,,,,,,,,,,,,REG,DET,CHI,Michael Roberts,RobeMi01,0.0,0.0,0.0,42.4
2018,REG,10,00-0032135,J.James,TE,TE,PIT,12211,a37a5bfd-b48c-4d8b-817a-d8ce7ca3592d,13959.0,9593.0,2463.0,jessejames/2552633,2979590.0,28548.0,,1983808.0,JameJe00,jesse-james-1,10150.0,10403.0,,28548.0,652019.0,16920.0,652019.0,Jesse James,jesse james,1,1,8.0,1,0.0,0.0,2.0,6.0,1.0,2.0897498,0,4.0,0.037037037,0.016528925,0.067125805,,,,,,,,,,,,,,,,,REG,PIT,CAR,Jesse James,JameJe00,0.0,0.0,0.0,139.6
2018,REG,10,00-0032394,N.Vannett,TE,TE,SEA,12680,c731aa8a-778b-4ccd-a19f-517eb66f47b7,15645.0,10728.0,3258.0,,2576399.0,29328.0,,1871322.0,VannNi00,nick-vannett-1,10949.0,11329.0,,29328.0,606488.0,18019.0,606488.0,Nick Vannett,nick vannett,1,2,8.0,1,0.0,0.0,14.0,0.0,1.0,1.7109647,0,0.5714286,0.08695652,0.067307696,0.17755017,,,,,,,,,,,,,,,,,REG,SEA,LA,Nick Vannett,VannNi00,0.0,0.0,0.0,100.0
2018,REG,10,00-0029414,O.Charles,TE,TE,CLE,10747,b6325c85-c313-4cfb-a299-9884d5e9e389,11224.0,7116.0,1065.0,orsoncharles/2533047,14902.0,25826.0,,1707633.0,CharOr00,orson-charles-1,8042.0,7457.0,,25826.0,512099.0,13861.0,,Orson Charles,orson charles,1,1,6.0,0,0.0,0.0,-1.0,7.0,0.0,0.6180394,0,0.0,0.04761905,-0.0060975607,0.06716028,,,,,,,,,,,,,,,,,REG,CLE,ATL,Orson Charles,CharOr00,0.0,0.0,0.0,91.7
2018,REG,10,00-0029587,R.Ellison,TE,TE,NYG,10838,cccc9f16-9508-434f-b7a4-9a29cb0cacf9,11315.0,7128.0,1211.0,rhettellison/2532835,15003.0,25838.0,,1244464.0,ElliRh00,rhett-ellison-1,8114.0,7580.0,,25838.0,399295.0,14445.0,,Rhett Ellison,rhett ellison,1,1,6.0,0,0.0,0.0,1.0,5.0,0.0,0.16470231,0,6.0,0.032258064,0.0036630037,0.050951198,,,,,,,,,,,,,,,,,REG,NYG,SF,Rhett Ellison,ElliRh00,0.0,0.0,0.0,91.7
2018,REG,10,00-0033953,J.Leggett,TE,TE,NYJ,13195,bea00842-e4db-4955-857a-ea8d4a0e215b,16458.0,11905.0,4153.0,,3045118.0,30263.0,,2060412.0,LeggJo00,jordan-leggett-1,11893.0,12307.0,,30263.0,733735.0,18999.0,,Jordan Leggett,jordan leggett,1,1,6.0,0,0.0,0.0,5.0,1.0,0.0,0.28448063,0,1.2,0.030303031,0.026041666,0.06368371,,,,,,,,,,,,,,,,,REG,NYJ,BUF,Jordan Leggett,LeggJo00,0.0,0.0,0.0,91.7
2018,REG,10,00-0029119,D.Carrier,TE,TE,LV,10940,d3fab07b-f02a-433d-9612-cb0a751f324d,11417.0,7406.0,1718.0,derekcarrier/2534241,15403.0,26416.0,,1977121.0,CarrDe00,,9203.0,7527.0,,26416.0,654887.0,15640.0,654887.0,Derek Carrier,derek carrier,1,3,5.0,0,0.0,0.0,10.0,0.0,1.0,-1.1282334,0,0.5,0.08571429,0.05,0.16357143,,,,,,,,,,,,,,,,,REG,OAK,LAC,Derek Carrier,CarrDe00,0.0,0.0,0.0,42.4
2018,REG,10,00-0032117,N.O'Leary,TE,TE,MIA,12207,c257b2e6-dfc9-45c8-b30c-a497f2ce82a2,13957.0,9627.0,2495.0,,2576804.0,28582.0,,1860760.0,OLeaNi00,nick-oleary-1,10250.0,10568.0,,28582.0,605423.0,16954.0,,Nick O'Leary,nick oleary,1,1,5.0,0,0.0,0.0,4.0,1.0,1.0,2.8412395,0,1.25,0.027777778,0.017621145,0.05400147,,,,,,,,,,,,,,,,,REG,MIA,GB,Nick O'Leary,OLeaNi00,0.0,0.0,0.0,87.5
2018,REG,10,00-0034829,M.Gesicki,TE,TE,MIA,13672,1012cbe0-7eba-4169-bfca-183a0204e1a7,17272.0,47153.0,4993.0,,3116164.0,31012.0,,2139298.0,GesiMi00,mike-gesicki-1,12764.0,13104.0,330.0,31012.0,836152.0,19853.0,836152.0,Mike Gesicki,mike gesicki,1,1,5.0,0,0.0,0.0,0.0,5.0,0.0,-0.68129617,0,0.0,0.027777778,0.0,0.041666668,,,,,,,,,,,,,,,,,REG,MIA,GB,Mike Gesicki,GesiMi00,1.0,0.0,0.0,87.5
2018,REG,10,00-0022943,B.Watson,TE,TE,NO,7422,d81844de-54c3-42ee-9850-072dc4131b6f,9040.0,1753.0,663.0,benjaminwatson/2506122,5557.0,6791.0,,493107.0,WatsBe00,benjamin-watson-1,3872.0,48.0,,6791.0,246082.0,11756.0,,Ben Watson,ben watson,1,2,1.0,0,0.0,0.0,2.0,0.0,0.0,-0.45871994,0,0.5,0.074074075,0.013605442,0.12063492,,,,,,,,,,,,,,,,,REG,NO,CIN,Ben Watson,WatsBe00,0.0,1.0,0.5,56.2
2018,REG,10,00-0031260,L.Thomas,TE,TE,BUF,11647,b24625a0-d402-4d59-a778-aa4b073bfe5e,12095.0,8755.0,2251.0,loganthomas/2543767,16813.0,27648.0,,1691193.0,ThomLo00,logan-thomas-1,9323.0,9354.0,,27648.0,507528.0,16656.0,507528.0,Logan Thomas,logan thomas,1,1,1.0,0,0.0,0.0,-3.0,4.0,0.0,-1.0214592,0,0.0,0.03846154,-0.009433962,0.051088534,,,,,,,,,,,,,,,,,REG,BUF,NYJ,Logan Thomas,ThomLo00,0.0,0.0,0.0,79.2
2018,REG,10,00-0024221,V.Davis,TE,TE,WAS,8247,0a95e792-6455-4927-9539-f95fa7f41fbb,9621.0,2951.0,200.0,vernondavis/2495826,9592.0,7755.0,,409254.0,DaviVe00,vernon-davis-1,4732.0,3638.0,,7755.0,215595.0,5084.0,,Vernon Davis,vernon davis,0,1,0.0,0,0.0,0.0,40.0,0.0,0.0,-0.45171842,0,0.0,0.03846154,0.18348624,0.18613267,,,,,,,,,,,,,,,,,REG,WAS,TB,Vernon Davis,DaviVe00,0.0,0.0,0.0,39.6
2018,REG,10,00-0031690,E.Tomlinson,TE,TE,NYJ,13065,b3d7169b-9cf6-4fea-815a-26e4fb0ec16a,14339.0,9786.0,2755.0,,2511973.0,28658.0,,1759992.0,TomlEr01,,10553.0,10747.0,,28658.0,554431.0,17223.0,554431.0,Eric Tomlinson,eric tomlinson,0,1,0.0,0,0.0,0.0,5.0,0.0,0.0,-0.7950398,0,0.0,0.030303031,0.026041666,0.06368371,,,,,,,,,,,,,,,,,REG,NYJ,BUF,Eric Tomlinson,TomlEr01,0.0,0.0,0.0,39.6
2018,REG,10,00-0033528,J.Sprinkle,TE,TE,WAS,13194,2dcc8e56-ac32-4774-a011-b1e65ca73786,16461.0,11909.0,4221.0,,2980073.0,30267.0,,1999945.0,SpriJe00,jeremy-sprinkle-1,11899.0,12368.0,,30267.0,693833.0,19067.0,693833.0,Jeremy Sprinkle,jeremy sprinkle,0,1,0.0,0,0.0,0.0,19.0,0.0,0.0,-0.592095,0,0.0,0.03846154,0.08715596,0.11870148,,,,,,,,,,,,,,,,,REG,WAS,TB,Jeremy Sprinkle,SpriJe00,0.0,0.0,0.0,39.6
2018,REG,11,00-0030506,T.Kelce,TE,TE,KC,11244,c3859e06-5f23-4302-a71b-04820a899d5f,11594.0,7844.0,1466.0,traviskelce/2540258,15847.0,26686.0,,1725130.0,KelcTr00,travis-kelce-1,8783.0,8411.0,264.0,26686.0,448240.0,15048.0,448240.0,Travis Kelce,travis kelce,10,15,127.0,1,0.0,0.0,126.0,78.0,5.0,5.5757813,0,1.0079365,0.32608697,0.26980728,0.6779955,Travis Kelce,KC,7.968750000000001,3.83089325785779,8.129333333333333,24.36655742946207,66.66666666666666,127.0,1.0,7.866,7.717388545639051,0.1486114543609487,00-0030506,Travis,Kelce,T.Kelce,REG,KC,LA,Travis Kelce,KelcTr00,1.0,2.0,0.133,115.1
2018,REG,11,00-0021547,A.Gates,TE,TE,LAC,7236,82da09c2-e542-4f7d-87d9-24dfd8e014de,9027.0,1609.0,322.0,antoniogates/2505299,5362.0,6663.0,,396811.0,,,3172.0,611.0,,6663.0,234249.0,7884.0,,Antonio Gates,antonio gates,5,7,80.0,1,0.0,0.0,59.0,33.0,4.0,7.3243933,0,1.3559322,0.1627907,0.17717718,0.36821008,Antonio Gates,LAC,4.815714285714286,2.16706360647595,9.969999999999999,20.08634335875665,71.42857142857143,80.0,1.0,7.056,5.515455464096374,1.540544535903626,00-0021547,Antonio,Gates,A.Gates,,,,,,,,,
2018,REG,11,00-0033879,O.Howard,TE,TE,TB,13188,93ed8c6f-b676-46d3-bf82-6155e89b4a68,16380.0,11774.0,4055.0,,3043080.0,30132.0,,2061190.0,HowaO.00,oj-howard-1,11806.0,12161.0,,30132.0,732147.0,18901.0,732147.0,O.J. Howard,oj howard,5,6,78.0,0,0.0,0.0,66.0,29.0,4.0,1.6944349,0,1.1818181,0.16666667,0.17789757,0.3745283,O.J. Howard,TB,3.9933333333333336,2.1577541177271993,9.68833333333333,15.410514037273664,83.33333333333334,78.0,0.0,6.956000000000003,6.041590289564328,0.9144097104356748,00-0033879,O'Terrius,Howard,O.Howard,REG,TB,NYG,O.J. Howard,HowaO.00,0.0,0.0,0.0,79.2
2018,REG,11,00-0030472,J.Reed,TE,TE,WAS,11248,c3bf8d3e-3b2e-4f9e-ad74-c0a684035f17,11690.0,7866.0,1500.0,jordanreed/2540160,15860.0,26708.0,,1691412.0,ReedJo02,jordan-reed-1,8615.0,8412.0,,26708.0,508876.0,15100.0,,Jordan Reed,jordan reed,7,11,71.0,1,0.0,0.0,70.0,31.0,3.0,-7.299558,0,1.0142857,0.30555555,0.16908212,0.5766908,Jordan Reed,WAS,6.356999999999999,3.778172004398601,6.620000000000001,17.60255263603181,63.63636363636363,71.0,1.0,4.654285714285714,4.828309633990898,-0.17402391970518405,00-0030472,Jordan,Reed,J.Reed,REG,WAS,HOU,Jordan Reed,ReedJo02,0.0,0.0,0.0,74.4
2018,REG,11,00-0033881,E.Engram,TE,TE,NYG,13189,e21365af-8d66-416e-b0a5-8816d18fcfd9,16411.0,11778.0,4066.0,,3051876.0,30136.0,,2079887.0,EngrEv00,evan-engram-1,11805.0,12205.0,229.0,30136.0,749185.0,18912.0,749185.0,Evan Engram,evan engram,2,2,66.0,0,0.0,0.0,17.0,49.0,1.0,3.9608202,0,3.8823528,0.11111111,0.123188406,0.25289854,,,,,,,,,,,,,,,,,REG,NYG,TB,Evan Engram,EngrEv00,0.0,0.0,0.0,118.7
2018,REG,11,00-0033110,T.Higbee,TE,TE,LA,12678,0df7912d-9e81-47ea-b4f7-d04986df4ee8,15623.0,10744.0,3271.0,,2573401.0,29344.0,,1853103.0,HigbTy00,tyler-higbee-1,10854.0,11430.0,159.0,29344.0,604176.0,18032.0,604176.0,Tyler Higbee,tyler higbee,6,7,63.0,0,1.0,0.0,25.0,38.0,4.0,5.1099296,0,2.52,0.1521739,0.052966103,0.26533714,Tyler Higbee,LAR,6.103333333333334,2.786590504315668,4.124285714285716,5.7907933005716625,85.71428571428571,63.0,0.0,4.854999999999998,4.125797316826923,0.7292026831730745,00-0033110,Tyler,Higbee,T.Higbee,REG,LA,KC,Tyler Higbee,HigbTy00,1.0,0.0,0.0,104.2
2018,REG,11,00-0033757,R.Tonyan,TE,TE,GB,13427,7c9c7800-69d0-459b-812b-a07ac48e9f2a,16502.0,12193.0,4602.0,,2975674.0,30777.0,,2820026.0,TonyRo00,,12389.0,12868.0,,30777.0,660151.0,19491.0,660151.0,Robert Tonyan,robert tonyan,1,1,54.0,1,0.0,0.0,53.0,1.0,1.0,5.5879645,0,1.018868,0.03448276,0.15915915,0.16313554,,,,,,,,,,,,,,,,,REG,GB,SEA,Robert Tonyan,TonyRo00,0.0,0.0,0.0,158.3
2018,REG,11,00-0033895,G.Everett,TE,TE,LA,13236,ebeceb00-57e0-4b74-9cf7-853da2afed18,16459.0,11799.0,4089.0,,3918639.0,30157.0,,2142692.0,EverGe00,gerald-everett-1,11737.0,12284.0,55.0,30157.0,838487.0,18935.0,838487.0,Gerald Everett,gerald everett,3,4,49.0,2,0.0,0.0,40.0,14.0,2.0,5.320926,0,1.225,0.08695652,0.084745765,0.18975681,,,,,,,,,,,,,,,,,REG,LA,KC,Gerald Everett,EverGe00,1.0,0.0,0.0,155.2
2018,REG,11,00-0033455,A.Firkser,TE,TE,TEN,13919,b0719e3d-199b-46e5-a2b4-1091f6fd5c0d,16787.0,51837.0,4435.0,,3049698.0,30571.0,,2818971.0,FirkAn00,,12235.0,12691.0,,30571.0,767297.0,19296.0,767297.0,Anthony Firkser,anthony firkser,3,3,44.0,0,0.0,0.0,31.0,13.0,2.0,5.077206,0,1.4193548,0.10344828,0.14975846,0.26000333,,,,,,,,,,,,,,,,,REG,TEN,IND,Anthony Firkser,FirkAn00,0.0,0.0,0.0,118.7
2018,REG,11,00-0033858,J.Smith,TE,TE,TEN,13193,e4f25a37-74de-4bfb-b6c9-f50a4fab0b87,16460.0,11855.0,4144.0,,3054212.0,30213.0,,2081506.0,SmitJo01,jonnu-smith-1,11807.0,12344.0,84.0,30213.0,743749.0,18990.0,743749.0,Jonnu Smith,jonnu smith,6,8,44.0,0,0.0,0.0,46.0,22.0,0.0,-2.448842,0,0.95652175,0.27586207,0.22222222,0.56934863,Jonnu Smith,TEN,6.698333333333333,5.3403882628996024,5.511250000000001,20.684963640628666,75.0,44.0,0.0,3.743333333333331,3.5184904787577884,0.22484285457554254,00-0033858,Jonnu,Smith,J.Smith,REG,TEN,IND,Jonnu Smith,SmitJo01,0.0,0.0,0.0,47.9
2018,REG,11,00-0030181,J.Doyle,TE,TE,IND,11516,bd413539-9351-454e-9d61-4e8635d7e9f5,11987.0,8520.0,1706.0,jackdoyle/2540232,16504.0,27299.0,,2041264.0,DoylJa00,,9081.0,9075.0,,27299.0,477386.0,15602.0,477386.0,Jack Doyle,jack doyle,4,4,43.0,0,0.0,0.0,21.0,22.0,3.0,3.9540768,0,2.047619,0.125,0.08235294,0.24514706,,,,,,,,,,,,,,,,,REG,IND,TEN,Jack Doyle,DoylJa00,0.0,0.0,0.0,111.5
2018,REG,11,00-0034364,J.Akins,TE,TE,HOU,13753,0cb5a32a-a340-4671-ba2a-93f5fa6aee8d,17415.0,47050.0,5032.0,,3128452.0,31068.0,,2142712.0,AkinJo00,jordan-akins-1,12568.0,13238.0,,31068.0,838396.0,19903.0,838396.0,Jordan Akins,jordan akins,2,2,42.0,0,0.0,0.0,6.0,36.0,2.0,3.9841356,0,7.0,0.083333336,0.04918033,0.15942623,,,,,,,,,,,,,,,,,REG,HOU,WAS,Jordan Akins,AkinJo00,1.0,0.0,0.0,118.7
2018,REG,11,00-0032134,C.Uzomah,TE,TE,CIN,12317,19858900-5c8e-49a7-ab02-34ef625724ca,14084.0,9590.0,2460.0,c.j.uzomah/2552559,2574576.0,28545.0,,2174118.0,UzomC.00,cj-uzomah-1,10462.0,10534.0,,28545.0,593305.0,16917.0,593305.0,C.J. Uzomah,cj uzomah,3,5,41.0,0,0.0,0.0,53.0,8.0,2.0,1.6442716,0,0.7735849,0.1388889,0.15451895,0.3164966,C.J. Uzomah,CIN,6.4175,1.446140638900981,9.172,13.65734536466244,60.0,41.0,0.0,4.336666666666667,4.844605416553937,-0.5079387498872698,00-0032134,Christopher,Uzomah,C.Uzomah,REG,CIN,BAL,C.J. Uzomah,UzomC.00,0.0,0.0,0.0,86.2
2018,REG,11,00-0032055,D.Funchess,TE,TE,CAR,12205,7f5f2a81-ac40-420c-9421-5b9e2a21faf8,13915.0,9474.0,2346.0,,2977609.0,28429.0,,2001877.0,FuncDe00,devin-funchess-1,10138.0,10391.0,,28429.0,696127.0,16802.0,696127.0,Devin Funchess,devin funchess,2,8,39.0,0,0.0,0.0,129.0,5.0,2.0,-1.8279703,0,0.30232558,0.21621622,0.37283236,0.585307,,,,,,,,,,,,,,,,,REG,CAR,DET,Devin Funchess,FuncDe00,0.0,4.0,0.5,47.4
2018,REG,11,00-0031299,J.Matthews,TE,TE,PHI,11676,7b96a836-666b-47b6-a0a7-9dbb0b4c53e8,12124.0,8677.0,1800.0,jordanmatthews/2543500,16763.0,27570.0,,1759816.0,MattJo00,jordan-matthews-1,9273.0,9420.0,,27570.0,555648.0,15974.0,555648.0,Jordan Matthews,jordan matthews,3,4,37.0,0,0.0,0.0,40.0,14.0,2.0,-0.27486184,0,0.925,0.121212125,0.12698413,0.27070707,,,,,,,,,,,,,,,,,REG,PHI,NO,Jordan Matthews,MattJo00,1.0,0.0,0.0,103.1
2018,REG,11,00-0031598,N.Boyle,TE,TE,BAL,12328,9480dd9f-151f-4e6d-b5a3-35f07bda4cac,13963.0,9604.0,2474.0,,2574591.0,28559.0,,1888149.0,BoylNi00,,10252.0,10547.0,,28559.0,608753.0,16931.0,608753.0,Nick Boyle,nick boyle,4,4,36.0,0,0.0,0.0,9.0,27.0,2.0,0.7474584,0,4.0,0.22222222,0.06122449,0.37619048,,,,,,,,,,,,,,,,,REG,BAL,CIN,Nick Boyle,BoylNi00,0.0,0.0,0.0,104.2
2018,REG,11,00-0027061,J.Cook,TE,TE,LV,9474,3b7a1409-d154-4e5c-8c94-9d4a0e0993c7,9265.0,5012.0,367.0,jaredcook/71265,12537.0,9353.0,6126.0,584314.0,CookJa02,jared-cook-2,5981.0,5165.0,,9353.0,296480.0,8534.0,296480.0,Jared Cook,jared cook,3,6,31.0,1,0.0,0.0,77.0,1.0,2.0,-0.46795306,0,0.4025974,0.21428572,0.32765958,0.55079025,Jared Cook,LV,6.995,2.80838035770128,11.873333333333333,31.307404965941547,50.0,31.0,1.0,0.6600000000000014,0.5799729821911418,0.08002701780885957,00-0027061,Jared,Cook,J.Cook,REG,OAK,ARI,Jared Cook,CookJa02,0.0,2.0,0.333,104.9
2018,REG,11,00-0028142,V.Green,TE,TE,LAC,10432,6ef43c53-53d7-4b0f-ad99-17664d663ae8,10026.0,6356.0,868.0,virgilgreen/2495288,14085.0,24991.0,7502.0,1130615.0,GreeVi00,virgil-green-1,7416.0,6570.0,,24991.0,323254.0,13016.0,,Virgil Green,virgil green,2,4,27.0,0,0.0,0.0,22.0,9.0,1.0,-0.20426027,0,1.2272727,0.093023255,0.066066064,0.18578114,,,,,,,,,,,,,,,,,REG,LAC,DEN,Virgil Green,GreeVi00,0.0,1.0,0.25,71.9
2018,REG,11,00-0030470,V.McDonald,TE,TE,PIT,11257,8f24a248-b328-43ec-8677-67600e42a8f7,11699.0,7836.0,1587.0,vancemcdonald/2540215,15853.0,26678.0,,1673357.0,McDoVa00,vance-mcdonald-1,8785.0,8413.0,,26678.0,494969.0,15239.0,,Vance McDonald,vance mcdonald,3,6,27.0,1,0.0,0.0,21.0,15.0,2.0,-1.4099128,0,1.2857143,0.13333334,0.054263566,0.2379845,Vance McDonald,PIT,6.275,3.7429502862395143,4.463333333333334,7.39574703120685,50.0,27.0,1.0,5.176666666666667,4.000288464953276,1.1763782017133906,00-0030470,Vance,McDonald,V.McDonald,REG,PIT,JAX,Vance McDonald,McDoVa00,0.0,1.0,0.167,102.1
2018,REG,11,00-0032392,A.Hooper,TE,TE,ATL,12677,90c2a93f-d837-4e1b-b57c-56648903a8db,15581.0,10715.0,3202.0,,3043275.0,29315.0,,2067004.0,HoopAu00,austin-hooper-1,10748.0,11301.0,384.0,29315.0,739424.0,17963.0,739424.0,Austin Hooper,austin hooper,4,8,27.0,0,0.0,0.0,35.0,10.0,0.0,-3.0356674,0,0.7714286,0.23529412,0.105421685,0.42673635,Austin Hooper,ATL,4.955000000000001,2.0401191150273834,3.4612500000000006,9.026894865525675,50.0,27.0,0.0,2.4650000000000016,2.3922184152382897,0.07278158476171193,00-0032392,Austin,Hooper,A.Hooper,REG,ATL,DAL,Austin Hooper,HoopAu00,0.0,1.0,0.125,57.8
2018,REG,11,00-0030216,J.Hill,TE,TE,NO,11529,687cdc33-bd0d-4b70-adb3-33f97dc26a3c,13565.0,8200.0,1777.0,joshhill/2541834,16143.0,26950.0,,2060083.0,HillJo02,,9071.0,8764.0,,26950.0,469509.0,15866.0,,Josh Hill,josh hill,2,4,26.0,0,0.0,0.0,15.0,30.0,2.0,-0.031853188,0,1.7333333,0.125,0.03787879,0.21401516,,,,,,,,,,,,,,,,,REG,NO,PHI,Josh Hill,HillJo02,1.0,1.0,0.25,70.8
2018,REG,11,00-0034011,D.Arnold,TE,TE,NO,13880,d479a777-b53b-4bbf-a8e4-0c1675ac48df,17143.0,51842.0,4741.0,,4212989.0,30891.0,,2835170.0,ArnoDa00,,12276.0,12972.0,,30891.0,1053627.0,19659.0,1053627.0,Dan Arnold,dan arnold,2,2,25.0,0,0.0,0.0,25.0,0.0,1.0,0.611951,0,1.0,0.0625,0.06313131,0.13794191,,,,,,,,,,,,,,,,,REG,NO,PHI,Dan Arnold,ArnoDa00,0.0,0.0,0.0,118.7
2018,REG,11,00-0032141,G.Swaim,TE,TE,DAL,12378,d0f9112d-2496-450a-9fc5-d2d01b4d2454,14164.0,9679.0,2545.0,geoffswaim/2553454,3046704.0,28634.0,,2174207.0,SwaiGe00,geoff-swaim-1,10507.0,10617.0,,28634.0,728021.0,17005.0,728021.0,Geoff Swaim,geoff swaim,4,5,24.0,0,0.0,0.0,18.0,17.0,1.0,1.4638528,0,1.3333334,0.15625,0.08256881,0.29217318,Geoff Swaim,DAL,6.236000000000001,3.0289299632351594,3.4480000000000004,8.80265509318356,80.0,24.0,0.0,4.047499999999999,4.967986184516633,-0.9204861845166334,00-0032141,Geoffrey,Swaim,G.Swaim,REG,DAL,ATL,Geoff Swaim,SwaiGe00,0.0,0.0,0.0,86.7
2018,REG,11,00-0032227,J.Heuerman,TE,TE,DEN,12208,1fe3aadd-336b-4838-888e-8c9609747afc,13961.0,9525.0,2397.0,jeffheuerman/2552399,2576389.0,28480.0,,1824413.0,HeueJe00,jeff-heuerman-1,10246.0,10492.0,,28480.0,593517.0,16853.0,,Jeff Heuerman,jeff heuerman,4,5,20.0,0,0.0,0.0,18.0,7.0,0.0,-1.3735839,0,1.1111112,0.16129032,0.13846155,0.33885857,Jeff Heuerman,DEN,4.8950000000000005,5.218022375348955,3.871999999999999,13.314077436214838,80.0,20.0,0.0,1.4025000000000007,2.020612829953464,-0.6181128299534633,00-0032227,Jeff,Heuerman,J.Heuerman,REG,DEN,LAC,Jeff Heuerman,HeueJe00,0.0,1.0,0.2,83.3
2018,REG,11,00-0027215,L.Paulsen,TE,TE,ATL,10123,518c96c5-65bb-4559-8074-9cdb2ca32f99,9850.0,5795.0,587.0,loganpaulsen/2507828,13726.0,24608.0,,559624.0,,,6871.0,6368.0,,24608.0,300115.0,11345.0,,Logan Paulsen,logan paulsen,2,2,19.0,0,0.0,0.0,3.0,16.0,1.0,0.67939216,0,6.3333335,0.05882353,0.009036144,0.09456059,,,,,,,,,,,,,,,,,,,,,,,,,
2018,REG,11,00-0031585,M.Pruitt,TE,TE,TEN,12309,f22b34cf-6ecf-4522-9c77-1da275dfda7d,13964.0,9576.0,2446.0,,2508256.0,28531.0,,1760327.0,PruiMy00,,10251.0,10522.0,,28531.0,552586.0,16903.0,552586.0,MyCole Pruitt,mycole pruitt,1,1,19.0,0,0.0,0.0,19.0,0.0,1.0,1.9187903,0,1.0,0.03448276,0.09178744,0.11597534,,,,,,,,,,,,,,,,,REG,TEN,IND,MyCole Pruitt,PruiMy00,0.0,0.0,0.0,118.7
2018,REG,11,00-0034753,M.Andrews,TE,TE,BAL,13671,0618f387-9b72-4270-8b8f-dec4cccc9e4a,17269.0,47436.0,5012.0,,3116365.0,31056.0,,2131121.0,AndrMa00,mark-andrews-1,12559.0,13182.0,366.0,31056.0,820699.0,19803.0,820699.0,Mark Andrews,mark andrews,1,1,19.0,0,0.0,0.0,18.0,1.0,1.0,2.4075963,0,1.0555556,0.055555556,0.12244898,0.16904762,,,,,,,,,,,,,,,,,REG,BAL,CIN,Mark Andrews,AndrMa00,0.0,0.0,0.0,118.7
2018,REG,11,00-0032394,N.Vannett,TE,TE,SEA,12680,c731aa8a-778b-4ccd-a19f-517eb66f47b7,15645.0,10728.0,3258.0,,2576399.0,29328.0,,1871322.0,VannNi00,nick-vannett-1,10949.0,11329.0,,29328.0,606488.0,18019.0,606488.0,Nick Vannett,nick vannett,1,2,17.0,0,0.0,0.0,3.0,17.0,1.0,0.7542219,0,5.6666665,0.06896552,0.01,0.11044828,,,,,,,,,,,,,,,,,REG,SEA,GB,Nick Vannett,VannNi00,0.0,0.0,0.0,79.2
2018,REG,11,00-0028042,L.Stocker,TE,TE,TEN,10354,5b712aed-201c-43dd-b978-b7b6ef91178e,9948.0,6256.0,963.0,lukestocker/2495234,14099.0,24891.0,7589.0,1125485.0,StocLu00,luke-stocker-1,7413.0,6552.0,,24891.0,334186.0,13370.0,334186.0,Luke Stocker,luke stocker,2,3,16.0,0,0.0,0.0,26.0,6.0,1.0,0.54746026,0,0.61538464,0.10344828,0.12560387,0.24309511,,,,,,,,,,,,,,,,,REG,TEN,IND,Luke Stocker,StocLu00,0.0,0.0,0.0,79.9
2018,REG,11,00-0031273,C.Brate,TE,TE,TB,12110,5afe93fd-0caf-4cca-83fc-7f405bebfa3e,13470.0,9207.0,2214.0,,17453.0,28267.0,,2132787.0,BratCa00,,10008.0,10193.0,,28267.0,552926.0,16593.0,552926.0,Cameron Brate,cameron brate,2,3,16.0,0,0.0,0.0,14.0,4.0,0.0,-0.24023674,0,1.1428572,0.083333336,0.03773585,0.1514151,,,,,,,,,,,,,,,,,REG,TB,NYG,Cameron Brate,BratCa00,0.0,0.0,0.0,79.9
2018,REG,11,00-0027675,E.Dickson,TE,TE,SEA,9912,46bb9a85-523c-4530-95c3-2c2a9737e65f,9706.0,5595.0,701.0,eddickson/497224,13272.0,24045.0,6604.0,565631.0,DickEd00,ed-dickson-1,6530.0,5840.0,,24045.0,296060.0,12153.0,,Ed Dickson,ed dickson,1,1,15.0,1,0.0,0.0,9.0,6.0,1.0,3.5467534,0,1.6666666,0.03448276,0.03,0.07272414,,,,,,,,,,,,,,,,,REG,SEA,GB,Ed Dickson,DickEd00,0.0,0.0,0.0,158.3
2018,REG,11,00-0030061,Z.Ertz,TE,TE,PHI,11247,de3421f7-2147-4835-89a5-724e87bad463,11689.0,7816.0,1339.0,zachertz/2540158,15835.0,26658.0,,1685963.0,ErtzZa00,zach-ertz-1,8781.0,8409.0,305.0,26658.0,503177.0,14856.0,503177.0,Zach Ertz,zach ertz,2,3,15.0,0,0.0,0.0,19.0,3.0,1.0,-1.192672,0,0.7894737,0.09090909,0.06031746,0.17858586,,,,,,,,,,,,,,,,,REG,PHI,NO,Zach Ertz,ErtzZa00,0.0,0.0,0.0,78.5
2018,REG,11,00-0027696,J.Graham,TE,TE,GB,9925,fd85786d-3900-4dc0-9b30-334ee30413ed,9712.0,5619.0,616.0,jimmygraham/497236,13232.0,24070.0,6610.0,1691166.0,GrahJi00,jimmy-graham-1,6532.0,5842.0,,24070.0,295918.0,11488.0,295918.0,Jimmy Graham,jimmy graham,1,1,13.0,0,0.0,0.0,0.0,13.0,1.0,0.83662,0,0.0,0.03448276,0.0,0.05172414,,,,,,,,,,,,,,,,,REG,GB,SEA,Jimmy Graham,GrahJi00,0.0,0.0,0.0,118.7
2018,REG,11,00-0027981,K.Rudolph,TE,TE,MIN,10312,1059e9dc-97df-4643-9116-883a0573d8b1,9906.0,6195.0,943.0,kylerudolph/2495438,14054.0,24830.0,7444.0,1633122.0,RudoKy00,kyle-rudolph-1,7246.0,6459.0,,24830.0,469472.0,13275.0,469472.0,Kyle Rudolph,kyle rudolph,2,5,13.0,0,0.0,0.0,51.0,1.0,1.0,-1.8505692,0,0.25490198,0.11111111,0.13746631,0.26289308,Kyle Rudolph,MIN,5.358,1.781717536278709,8.406000000000002,11.23586494506376,40.0,13.0,0.0,0.0449999999999946,0.8052911666994165,-0.7602911666994219,00-0027981,Kyle,Rudolph,K.Rudolph,REG,MIN,CHI,Kyle Rudolph,RudoKy00,0.0,0.0,0.0,8.3
2018,REG,11,00-0030443,L.Toilolo,TE,TE,DET,11252,67d56171-7522-430c-b7d9-8f7e2b6624d3,11694.0,7915.0,1642.0,levinetoilolo/2540203,15980.0,26756.0,,1685990.0,ToilLe00,levine-toilolo-1,8789.0,8414.0,,26756.0,503205.0,15378.0,503205.0,Levine Toilolo,levine toilolo,1,1,13.0,0,0.0,0.0,3.0,10.0,1.0,0.42475754,0,4.3333335,0.028571429,0.014354067,0.05290499,,,,,,,,,,,,,,,,,REG,DET,CAR,Levine Toilolo,ToilLe00,1.0,0.0,0.0,118.7
2018,REG,11,00-0027985,L.Kendricks,TE,TE,GB,10318,27921351-a775-4649-bd49-7b4c486d1ba2,9912.0,6199.0,964.0,lancekendricks/2495187,14007.0,24834.0,7425.0,1117803.0,KendLa00,lance-kendricks-1,7412.0,6614.0,,24834.0,332066.0,13386.0,,Lance Kendricks,lance kendricks,2,2,12.0,0,0.0,0.0,6.0,6.0,0.0,0.45760012,0,2.0,0.06896552,0.018018018,0.11606089,,,,,,,,,,,,,,,,,REG,GB,SEA,Lance Kendricks,KendLa00,0.0,0.0,0.0,91.7
2018,REG,11,00-0029587,R.Ellison,TE,TE,NYG,10838,cccc9f16-9508-434f-b7a4-9a29cb0cacf9,11315.0,7128.0,1211.0,rhettellison/2532835,15003.0,25838.0,,1244464.0,ElliRh00,rhett-ellison-1,8114.0,7580.0,,25838.0,399295.0,14445.0,,Rhett Ellison,rhett ellison,1,1,12.0,0,0.0,0.0,2.0,10.0,1.0,1.071948,0,6.0,0.055555556,0.014492754,0.09347826,,,,,,,,,,,,,,,,,REG,NYG,TB,Rhett Ellison,ElliRh00,0.0,0.0,0.0,116.7
2018,REG,11,00-0034420,J.Thomas,TE,TE,HOU,13819,f993832a-f81f-4706-90b8-80fd193bdfd7,17399.0,42062.0,5117.0,,4035379.0,31181.0,,2249166.0,ThomJo05,jordan-thomas-6,12697.0,13309.0,,31181.0,922092.0,20020.0,922092.0,Jordan Thomas,jordan thomas,1,1,11.0,0,0.0,0.0,-1.0,12.0,0.0,-0.48990715,0,0.0,0.041666668,-0.008196721,0.056762297,,,,,,,,,,,,,,,,,REG,HOU,WAS,Jordan Thomas,ThomJo05,0.0,0.0,0.0,112.5
2018,REG,11,00-0025418,G.Olsen,TE,TE,CAR,8687,587d0a98-7ec5-45a5-adba-8af26e8f256b,9238.0,3647.0,58.0,gregolsen/2495700,10475.0,8285.0,,502524.0,OlseGr00,greg-olsen-1,5206.0,4190.0,,8285.0,230925.0,1658.0,,Greg Olsen,greg olsen,2,3,9.0,1,0.0,0.0,24.0,0.0,1.0,1.1363313,0,0.375,0.08108108,0.06936416,0.17017654,,,,,,,,,,,,,,,,,REG,CAR,DET,Greg Olsen,OlseGr00,0.0,0.0,0.0,109.7
2018,REG,11,00-0030710,T.Burton,TE,TE,CHI,11705,bc0f07a4-3e7b-4e61-987a-05533dc225be,12153.0,9185.0,1793.0,treyburton/2550284,16974.0,27789.0,,2130223.0,BurtTr01,,9490.0,9737.0,,27789.0,542788.0,15965.0,,Trey Burton,trey burton,1,1,9.0,0,0.0,0.0,1.0,8.0,1.0,1.0827665,0,9.0,0.033333335,0.004201681,0.052941177,,,,,,,,,,,,,,,,,REG,CHI,MIN,Trey Burton,BurtTr01,0.0,0.0,0.0,104.2
2018,REG,11,00-0031744,M.LaCosse,TE,TE,DEN,12596,25e58aee-1b33-4468-9a81-6586426b91d5,14288.0,9840.0,2944.0,mattlacosse/2553667,2576179.0,28875.0,,2174931.0,,,10727.0,10980.0,,28875.0,606055.0,17415.0,606055.0,Matt LaCosse,matt lacosse,1,2,9.0,0,0.0,0.0,-3.0,3.0,0.0,-0.3132926,0,0.0,0.06451613,-0.023076924,0.08062035,,,,,,,,,,,,,,,,,,,,,,,,,
2018,REG,11,00-0027873,J.Gresham,TE,TE,ARI,9838,b44773b9-af17-4d6c-a453-132e20849712,9685.0,5546.0,530.0,jermainegresham/497238,13228.0,23996.0,,1123667.0,GresJe00,jermaine-gresham-1,6455.0,5549.0,,23996.0,333278.0,11026.0,,Jermaine Gresham,jermaine gresham,1,2,8.0,0,0.0,0.0,0.0,8.0,1.0,0.3128075,0,0.0,0.10526316,0.0,0.15789473,,,,,,,,,,,,,,,,,REG,ARI,OAK,Jermaine Gresham,GresJe00,0.0,1.0,0.5,60.4
2018,REG,11,00-0028097,L.Smith,TE,TE,LV,10398,cf23126f-055b-4617-819b-bb4bcb84541a,9992.0,6311.0,812.0,leesmith/2495347,14215.0,24946.0,7585.0,1276441.0,SmitLe00,lee-smith-2,7425.0,6665.0,,24946.0,334184.0,12777.0,334184.0,Lee Smith,lee smith,2,2,6.0,0,0.0,0.0,4.0,2.0,0.0,0.20555955,0,1.5,0.071428575,0.017021276,0.11905775,,,,,,,,,,,,,,,,,REG,OAK,ARI,Lee Smith,SmitLe00,0.0,0.0,0.0,79.2
2018,REG,11,00-0033611,R.Seals-Jones,TE,TE,ARI,13382,52735659-a294-4f64-a7f4-3591450834e5,16730.0,12020.0,4531.0,,3051806.0,30494.0,,2080003.0,SealRi00,,11876.0,12463.0,,30494.0,744568.0,19410.0,744568.0,Ricky Seals-Jones,ricky seals-jones,1,3,5.0,0,0.0,0.0,6.0,8.0,0.0,-2.5909472,0,0.8333333,0.15789473,0.04255319,0.26662934,,,,,,,,,,,,,,,,,REG,ARI,OAK,Ricky Seals-Jones,SealRi00,0.0,1.0,0.333,42.4
2018,REG,11,00-0034532,J.Franks,TE,TE,CIN,13995,501aa2d9-4202-40e8-810b-92cacea26cd7,17660.0,47206.0,5253.0,,3128439.0,31561.0,,2926472.0,,,13247.0,13724.0,,31561.0,838400.0,20264.0,838400.0,Jordan Franks,jordan franks,1,1,5.0,0,0.0,0.0,0.0,5.0,0.0,0.23510796,0,0.0,0.027777778,0.0,0.041666668,,,,,,,,,,,,,,,,,,,,,,,,,
2018,REG,11,00-0031788,M.Lengel,TE,TE,CIN,13044,4d747b73-bcc6-46d2-a2d7-ec1d0c8135a2,14079.0,9884.0,3036.0,,2470916.0,28975.0,,2174840.0,,,10558.0,10868.0,,28975.0,504496.0,17741.0,,Matt Lengel,matt lengel,1,1,4.0,1,0.0,0.0,4.0,0.0,1.0,1.1800714,0,1.0,0.027777778,0.011661808,0.049829934,,,,,,,,,,,,,,,,,,,,,,,,,
2018,REG,11,00-0031951,J.O'Shaughnessy,TE,TE,JAX,12330,e5c6b0d4-3e77-422b-a6d8-574a10ed385e,14146.0,9606.0,2476.0,,2508079.0,28561.0,,2174148.0,O'ShJa00,,10249.0,10549.0,,28561.0,552352.0,16933.0,552352.0,James O'Shaughnessy,james oshaughnessy,1,2,4.0,0,0.0,0.0,29.0,1.0,0.0,-0.49995983,0,0.13793103,0.11111111,0.19205298,0.30110374,,,,,,,,,,,,,,,,,REG,JAX,PIT,James O'Shaughnessy,O'ShJa00,0.0,0.0,0.0,56.2
2018,REG,11,00-0032661,B.Braunecker,TE,TE,CHI,12868,d76c8e95-7c6e-4def-9fd9-d813df18b3b8,15842.0,11335.0,3465.0,,2969241.0,29913.0,,1994904.0,BrauBe00,,10917.0,11587.0,,29913.0,679453.0,18229.0,,Ben Braunecker,ben braunecker,1,1,4.0,0,0.0,0.0,2.0,2.0,0.0,-0.2774445,0,2.0,0.033333335,0.008403362,0.055882353,,,,,,,,,,,,,,,,,REG,CHI,MIN,Ben Braunecker,BrauBe00,0.0,0.0,0.0,83.3
2018,REG,11,00-0030155,D.Harris,TE,TE,KC,11448,8506c15c-15cc-4d2c-aebf-270c605fe0ec,11881.0,8524.0,1619.0,demetriusharris/2541187,16318.0,27174.0,,2060074.0,HarrDe03,,9847.0,8683.0,,27174.0,602269.0,15305.0,602269.0,Demetrius Harris,demetrius harris,1,2,3.0,0,0.0,0.0,2.0,1.0,0.0,-6.969156,0,1.5,0.04347826,0.004282655,0.06821525,,,,,,,,,,,,,,,,,REG,KC,LA,Demetrius Harris,HarrDe03,0.0,0.0,0.0,16.7
2018,REG,11,00-0031035,X.Grimble,TE,TE,PIT,11701,c9557ff2-899f-41e3-8a0e-35ca874db9b2,12149.0,9092.0,2082.0,xaviergrimble/2550521,17348.0,28184.0,,2130777.0,,,9283.0,9614.0,,28184.0,555680.0,16395.0,,Xavier Grimble,xavier grimble,1,1,3.0,0,0.0,0.0,0.0,3.0,0.0,-0.3071966,0,0.0,0.022222223,0.0,0.033333335,,,,,,,,,,,,,,,,,,,,,,,,,
2018,REG,11,00-0024221,V.Davis,TE,TE,WAS,8247,0a95e792-6455-4927-9539-f95fa7f41fbb,9621.0,2951.0,200.0,vernondavis/2495826,9592.0,7755.0,,409254.0,DaviVe00,vernon-davis-1,4732.0,3638.0,,7755.0,215595.0,5084.0,,Vernon Davis,vernon davis,0,2,0.0,0,0.0,0.0,40.0,0.0,0.0,-2.4985287,0,0.0,0.055555556,0.096618354,0.15096618,,,,,,,,,,,,,,,,,REG,WAS,HOU,Vernon Davis,DaviVe00,0.0,1.0,0.5,39.6
2018,REG,11,00-0030089,L.Willson,TE,TE,DET,11381,16c67c97-ffd9-4f92-917d-ad6124ce1f6e,11812.0,7940.0,1603.0,lukewillson/2541199,16121.0,26781.0,,2057661.0,WillLu00,luke-willson-1,8907.0,8567.0,,26781.0,466869.0,15263.0,466869.0,Luke Willson,luke willson,0,1,0.0,0,0.0,0.0,2.0,0.0,0.0,-0.33079988,0,0.0,0.028571429,0.009569378,0.049555708,,,,,,,,,,,,,,,,,REG,DET,CAR,Luke Willson,WillLu00,0.0,1.0,1.0,39.6
2018,REG,11,00-0031387,E.Ebron,TE,TE,IND,11695,9fbcfae9-dd14-415c-8952-9b1b5dff0dfc,12143.0,8645.0,2118.0,ericebron/2543466,16732.0,27538.0,,1865396.0,EbroEr00,eric-ebron-1,9210.0,9390.0,,27538.0,605752.0,16451.0,605752.0,Eric Ebron,eric ebron,0,0,0.0,0,0.0,0.0,0.0,0.0,0.0,,0,,,,,,,,,,,,,,,,,,,,,,,,,,,,,
2018,REG,11,00-0033217,M.Alie-Cox,TE,TE,IND,13246,8809c0dd-786b-4255-a7d0-333c9498c19a,16579.0,12078.0,4054.0,moalie-cox/2558832,2998565.0,30112.0,,2815925.0,AlieMo00,,12196.0,12221.0,195.0,30112.0,712506.0,18900.0,712506.0,Mo Alie-Cox,mo alie-cox,0,1,0.0,0,0.0,0.0,23.0,0.0,0.0,-0.7010213,0,0.0,0.03125,0.09019608,0.110012256,,,,,,,,,,,,,,,,,REG,IND,TEN,Mo Alie-Cox,AlieMo00,0.0,0.0,0.0,39.6
2018,REG,11,00-0033528,J.Sprinkle,TE,TE,WAS,13194,2dcc8e56-ac32-4774-a011-b1e65ca73786,16461.0,11909.0,4221.0,,2980073.0,30267.0,,1999945.0,SpriJe00,jeremy-sprinkle-1,11899.0,12368.0,,30267.0,693833.0,19067.0,693833.0,Jeremy Sprinkle,jeremy sprinkle,0,1,0.0,0,0.0,0.0,7.0,0.0,0.0,-0.5095884,0,0.0,0.027777778,0.016908212,0.053502414,,,,,,,,,,,,,,,,,REG,WAS,HOU,Jeremy Sprinkle,SpriJe00,0.0,0.0,0.0,39.6
2018,REG,11,00-0033896,A.Shaheen,TE,TE,CHI,13254,87171077-4c1c-4b67-b159-2cc6242988e0,16457.0,11800.0,4085.0,,4198676.0,30158.0,,2818105.0,ShahAd00,,11898.0,12283.0,,30158.0,1049770.0,18931.0,1049770.0,Adam Shaheen,adam shaheen,0,0,0.0,0,0.0,0.0,0.0,0.0,0.0,,1,,,,,,,,,,,,,,,,,,,,,,,,,,,,,
2018,REG,11,00-0034351,D.Goedert,TE,TE,PHI,13674,e8029983-87cf-49a2-bc04-04c8233a0630,17270.0,47272.0,5022.0,,3121023.0,31019.0,,2132551.0,GoedDa00,,12860.0,13151.0,382.0,31019.0,791365.0,19863.0,791365.0,Dallas Goedert,dallas goedert,0,3,0.0,0,0.0,0.0,55.0,0.0,0.0,-4.124762,0,0.0,0.09090909,0.17460318,0.25858587,,,,,,,,,,,,,,,,,REG,PHI,NO,Dallas Goedert,GoedDa00,0.0,0.0,0.0,0.0
2018,REG,12,00-0030061,Z.Ertz,TE,TE,PHI,11247,de3421f7-2147-4835-89a5-724e87bad463,11689.0,7816.0,1339.0,zachertz/2540158,15835.0,26658.0,,1685963.0,ErtzZa00,zach-ertz-1,8781.0,8409.0,305.0,26658.0,503177.0,14856.0,503177.0,Zach Ertz,zach ertz,7,8,91.0,1,0.0,0.0,64.0,27.0,5.0,8.699384,0,1.421875,0.2857143,0.4025157,0.71033245,Zach Ertz,PHI,6.468571428571429,2.6155629813171593,7.811250000000001,35.4291869826511,87.5,91.0,1.0,4.137142857142856,3.1483909883850822,0.9887518687577739,00-0030061,Zachary,Ertz,Z.Ertz,REG,PHI,NYG,Zach Ertz,ErtzZa00,1.0,0.0,0.0,153.6
2018,REG,12,00-0029587,R.Ellison,TE,TE,NYG,10838,cccc9f16-9508-434f-b7a4-9a29cb0cacf9,11315.0,7128.0,1211.0,rhettellison/2532835,15003.0,25838.0,,1244464.0,ElliRh00,rhett-ellison-1,8114.0,7580.0,,25838.0,399295.0,14445.0,,Rhett Ellison,rhett ellison,4,6,77.0,0,0.0,0.0,76.0,35.0,4.0,4.8359237,0,1.0131578,0.16216215,0.22551928,0.40110675,Rhett Ellison,NYG,5.664000000000001,5.141236516449986,11.694999999999999,22.52793116733016,66.66666666666666,77.0,0.0,9.3525,9.315994384686292,0.03650561531370755,00-0029587,Rhett,Ellison,R.Ellison,REG,NYG,PHI,Rhett Ellison,ElliRh00,0.0,1.0,0.167,109.7
2018,REG,12,00-0030472,J.Reed,TE,TE,WAS,11248,c3bf8d3e-3b2e-4f9e-ad74-c0a684035f17,11690.0,7866.0,1500.0,jordanreed/2540160,15860.0,26708.0,,1691412.0,ReedJo02,jordan-reed-1,8615.0,8412.0,,26708.0,508876.0,15100.0,,Jordan Reed,jordan reed,6,8,75.0,0,0.0,0.0,74.0,24.0,4.0,6.9588833,0,1.0135136,0.21052632,0.22839506,0.47566602,Jordan Reed,WAS,5.44,3.5373059743369333,8.94375,20.957820738137084,75.0,75.0,0.0,4.096666666666667,3.7660048338834904,0.3306618327831763,00-0030472,Jordan,Reed,J.Reed,REG,WAS,DAL,Jordan Reed,ReedJo02,0.0,0.0,0.0,103.6
2018,REG,12,00-0034753,M.Andrews,TE,TE,BAL,13671,0618f387-9b72-4270-8b8f-dec4cccc9e4a,17269.0,47436.0,5012.0,,3116365.0,31056.0,,2131121.0,AndrMa00,mark-andrews-1,12559.0,13182.0,366.0,31056.0,820699.0,19803.0,820699.0,Mark Andrews,mark andrews,1,1,74.0,0,0.0,0.0,26.0,48.0,1.0,4.6865077,0,2.8461537,0.041666668,0.13333334,0.15583333,,,,,,,,,,,,,,,,,REG,BAL,OAK,Mark Andrews,AndrMa00,0.0,0.0,0.0,118.7
2018,REG,12,00-0024221,V.Davis,TE,TE,WAS,8247,0a95e792-6455-4927-9539-f95fa7f41fbb,9621.0,2951.0,200.0,vernondavis/2495826,9592.0,7755.0,,409254.0,DaviVe00,vernon-davis-1,4732.0,3638.0,,7755.0,215595.0,5084.0,,Vernon Davis,vernon davis,2,4,73.0,1,0.0,0.0,77.0,26.0,2.0,3.4558413,0,0.9480519,0.10526316,0.23765433,0.32425275,,,,,,,,,,,,,,,,,REG,WAS,DAL,Vernon Davis,DaviVe00,0.0,0.0,0.0,135.4
2018,REG,12,00-0027981,K.Rudolph,TE,TE,MIN,10312,1059e9dc-97df-4643-9116-883a0573d8b1,9906.0,6195.0,943.0,kylerudolph/2495438,14054.0,24830.0,7444.0,1633122.0,RudoKy00,kyle-rudolph-1,7246.0,6459.0,,24830.0,469472.0,13275.0,469472.0,Kyle Rudolph,kyle rudolph,7,7,63.0,0,0.0,0.0,47.0,16.0,3.0,4.6053123,0,1.3404255,0.1891892,0.17090909,0.40342015,Kyle Rudolph,MIN,6.213333333333334,2.8117369144934323,6.952857142857142,17.656448394703425,100.0,63.0,0.0,2.047142857142858,2.6079092369489882,-0.5607663798061302,00-0027981,Kyle,Rudolph,K.Rudolph,REG,MIN,GB,Kyle Rudolph,RudoKy00,0.0,0.0,0.0,104.2
2018,REG,12,00-0033858,J.Smith,TE,TE,TEN,13193,e4f25a37-74de-4bfb-b6c9-f50a4fab0b87,16460.0,11855.0,4144.0,,3054212.0,30213.0,,2081506.0,SmitJo01,jonnu-smith-1,11807.0,12344.0,84.0,30213.0,743749.0,18990.0,743749.0,Jonnu Smith,jonnu smith,2,2,63.0,1,0.0,0.0,2.0,61.0,1.0,4.5759397,0,31.5,0.08695652,0.01754386,0.14271548,,,,,,,,,,,,,,,,,REG,TEN,HOU,Jonnu Smith,SmitJo01,1.0,0.0,0.0,158.3
2018,REG,12,00-0033885,D.Njoku,TE,TE,CLE,13192,8f86fcea-90e8-49ea-bc78-5c7659313e57,16399.0,11784.0,4033.0,,3123076.0,30142.0,,2136474.0,NjokDa00,david-njoku-1,11734.0,12186.0,252.0,30142.0,832098.0,18876.0,832098.0,David Njoku,david njoku,5,5,63.0,1,0.0,0.0,21.0,42.0,3.0,5.8146415,0,3.0,0.2,0.08366534,0.35856575,David Njoku,CLE,5.6066666666666665,5.907247909759825,3.8619999999999997,7.40612894565259,100.0,63.0,1.0,8.738,6.545138514919563,2.192861485080437,00-0033885,David,Njoku,D.Njoku,REG,CLE,CIN,David Njoku,NjokDa00,0.0,0.0,0.0,158.3
2018,REG,12,00-0034766,C.Herndon,TE,TE,NYJ,13679,780a48de-d092-4e87-9c34-8d1b45a154cc,17536.0,47164.0,5009.0,,3123050.0,31077.0,,2136463.0,HernCh00,christopher-herndon-iv-1,12899.0,13228.0,,31077.0,832080.0,19947.0,832080.0,Chris Herndon,chris herndon,7,8,57.0,0,0.0,0.0,32.0,29.0,3.0,1.4684048,0,1.78125,0.19512194,0.09039548,0.35595977,Chris Herndon,NYJ,4.477142857142857,4.262566622962327,4.16625,9.82200742618023,87.5,57.0,0.0,4.105714285714286,4.112820315975276,-0.007106030260990437,00-0034766,Christopher,Herndon,C.Herndon,REG,NYJ,NE,Chris Herndon,HernCh00,0.0,0.0,0.0,96.4
2018,REG,12,00-0027656,R.Gronkowski,TE,TE,NE,9902,2142a164-48ad-47d6-bb27-0bc58c6b2e62,9721.0,5567.0,515.0,robgronkowski/497240,13229.0,24017.0,,1244303.0,GronRo00,rob-gronkowski-1,6443.0,5729.0,,24017.0,381091.0,10974.0,381091.0,Rob Gronkowski,rob gronkowski,3,7,56.0,1,0.0,0.0,100.0,7.0,2.0,2.4182913,0,0.56,0.23333333,0.3448276,0.5913793,Rob Gronkowski,NE,6.558333333333334,2.032810375933943,14.48142857142857,34.40936863543788,42.857142857142854,56.0,1.0,4.459999999999998,4.697919025709173,-0.237919025709175,00-0027656,Robert,Gronkowski,R.Gronkowski,REG,NE,NYJ,Rob Gronkowski,GronRo00,0.0,0.0,0.0,110.7
2018,REG,12,00-0033455,A.Firkser,TE,TE,TEN,13919,b0719e3d-199b-46e5-a2b4-1091f6fd5c0d,16787.0,51837.0,4435.0,,3049698.0,30571.0,,2818971.0,FirkAn00,,12235.0,12691.0,,30571.0,767297.0,19296.0,767297.0,Anthony Firkser,anthony firkser,4,4,52.0,0,0.0,0.0,29.0,23.0,3.0,1.5086166,0,1.7931035,0.17391305,0.25438598,0.43893975,,,,,,,,,,,,,,,,,REG,TEN,HOU,Anthony Firkser,FirkAn00,0.0,0.0,0.0,118.7
2018,REG,12,00-0033288,G.Kittle,TE,TE,SF,13299,2ada91b0-036e-454f-83c3-6d939ff584a9,16499.0,11901.0,4217.0,,3040151.0,30259.0,,2818265.0,KittGe00,george-kittle-1,11892.0,12276.0,298.0,30259.0,733672.0,19063.0,733672.0,George Kittle,george kittle,6,13,48.0,0,0.0,0.0,117.0,15.0,4.0,-6.2028255,0,0.41025642,0.41935483,0.43494424,0.9334932,George Kittle,SF,5.245833333333333,2.614505591524567,8.321538461538463,38.42028625208652,46.15384615384615,48.0,0.0,3.099999999999998,2.3230022433261106,0.7769977566738873,00-0033288,George,Kittle,G.Kittle,REG,SF,TB,George Kittle,KittGe00,0.0,0.0,0.0,23.9
2018,REG,12,00-0031387,E.Ebron,TE,TE,IND,11695,9fbcfae9-dd14-415c-8952-9b1b5dff0dfc,12143.0,8645.0,2118.0,ericebron/2543466,16732.0,27538.0,,1865396.0,EbroEr00,eric-ebron-1,9210.0,9390.0,,27538.0,605752.0,16451.0,605752.0,Eric Ebron,eric ebron,5,7,45.0,2,0.0,0.0,65.0,18.0,4.0,3.015271,0,0.6923077,0.18421052,0.21666667,0.42798245,Eric Ebron,IND,4.2875,2.0168554254041307,9.565714285714282,22.544695464799165,71.42857142857143,45.0,2.0,3.462000000000002,3.0552187705648874,0.4067812294351145,00-0031387,Eric,Ebron,E.Ebron,REG,IND,MIA,Eric Ebron,EbroEr00,0.0,1.0,0.143,88.4
2018,REG,12,00-0034011,D.Arnold,TE,TE,NO,13880,d479a777-b53b-4bbf-a8e4-0c1675ac48df,17143.0,51842.0,4741.0,,4212989.0,30891.0,,2835170.0,ArnoDa00,,12276.0,12972.0,,30891.0,1053627.0,19659.0,1053627.0,Dan Arnold,dan arnold,4,6,45.0,1,0.0,0.0,63.0,9.0,2.0,0.21590593,0,0.71428573,0.27272728,0.22826087,0.5688735,Dan Arnold,NO,5.5566666666666675,2.8250581354273394,9.508333333333333,21.998997416419233,66.66666666666666,45.0,1.0,2.357499999999998,2.656746845797784,-0.2992468457977857,00-0034011,Daniel,Arnold,D.Arnold,REG,NO,ATL,Dan Arnold,ArnoDa00,0.0,0.0,0.0,128.5
2018,REG,12,00-0032227,J.Heuerman,TE,TE,DEN,12208,1fe3aadd-336b-4838-888e-8c9609747afc,13961.0,9525.0,2397.0,jeffheuerman/2552399,2576389.0,28480.0,,1824413.0,HeueJe00,jeff-heuerman-1,10246.0,10492.0,,28480.0,593517.0,16853.0,,Jeff Heuerman,jeff heuerman,2,3,44.0,0,0.0,0.0,24.0,24.0,2.0,1.8804208,0,1.8333334,0.10714286,0.08163265,0.21785714,,,,,,,,,,,,,,,,,REG,DEN,PIT,Jeff Heuerman,HeueJe00,1.0,0.0,0.0,109.7
2018,REG,12,00-0028097,L.Smith,TE,TE,LV,10398,cf23126f-055b-4617-819b-bb4bcb84541a,9992.0,6311.0,812.0,leesmith/2495347,14215.0,24946.0,7585.0,1276441.0,SmitLe00,lee-smith-2,7425.0,6665.0,,24946.0,334184.0,12777.0,334184.0,Lee Smith,lee smith,2,2,39.0,0,0.0,0.0,6.0,33.0,1.0,5.1769967,0,6.5,0.060606062,0.020134227,0.10500305,,,,,,,,,,,,,,,,,REG,OAK,BAL,Lee Smith,SmitLe00,0.0,0.0,0.0,118.7
2018,REG,12,00-0032134,C.Uzomah,TE,TE,CIN,12317,19858900-5c8e-49a7-ab02-34ef625724ca,14084.0,9590.0,2460.0,c.j.uzomah/2552559,2574576.0,28545.0,,2174118.0,UzomC.00,cj-uzomah-1,10462.0,10534.0,,28545.0,593305.0,16917.0,593305.0,C.J. Uzomah,cj uzomah,6,12,39.0,0,0.0,0.0,92.0,12.0,0.0,-3.7532206,0,0.42391303,0.26666668,0.24146982,0.56902885,C.J. Uzomah,CIN,4.25,2.2236031581182285,7.732500000000002,24.65000132826821,50.0,39.0,0.0,1.6199999999999986,1.5908839331602034,0.029116066839795174,00-0032134,Christopher,Uzomah,C.Uzomah,REG,CIN,CLE,C.J. Uzomah,UzomC.00,1.0,1.0,0.083,57.3
2018,REG,12,00-0030108,R.Griffin,TE,TE,HOU,11399,cb1df42c-b59c-4e23-a9a2-fbfc2b39ef71,11830.0,7982.0,1425.0,ryangriffin/2541316,15887.0,26824.0,,2057695.0,GrifRy00,ryan-griffin-1,8911.0,8600.0,,26824.0,465129.0,14985.0,465129.0,Ryan Griffin,ryan griffin,3,4,38.0,0,0.0,0.0,9.0,31.0,2.0,1.8943641,0,4.2222223,0.17391305,0.04761905,0.2942029,,,,,,,,,,,,,,,,,REG,HOU,TEN,Ryan Griffin,GrifRy00,0.0,1.0,0.25,104.2
2018,REG,12,00-0032135,J.James,TE,TE,PIT,12211,a37a5bfd-b48c-4d8b-817a-d8ce7ca3592d,13959.0,9593.0,2463.0,jessejames/2552633,2979590.0,28548.0,,1983808.0,JameJe00,jesse-james-1,10150.0,10403.0,,28548.0,652019.0,16920.0,652019.0,Jesse James,jesse james,4,4,35.0,0,0.0,0.0,25.0,10.0,2.0,2.9696186,0,1.4,0.06896552,0.061124694,0.14623556,,,,,,,,,,,,,,,,,REG,PIT,DEN,Jesse James,JameJe00,0.0,0.0,0.0,103.1
2018,REG,12,00-0027696,J.Graham,TE,TE,GB,9925,fd85786d-3900-4dc0-9b30-334ee30413ed,9712.0,5619.0,616.0,jimmygraham/497236,13232.0,24070.0,6610.0,1691166.0,GrahJi00,jimmy-graham-1,6532.0,5842.0,,24070.0,295918.0,11488.0,295918.0,Jimmy Graham,jimmy graham,2,4,34.0,0,0.0,0.0,66.0,8.0,1.0,1.2404842,0,0.5151515,0.14814815,0.22758621,0.38153258,,,,,,,,,,,,,,,,,REG,GB,MIN,Jimmy Graham,GrahJi00,0.0,0.0,0.0,79.2
2018,REG,12,00-0031744,M.LaCosse,TE,TE,DEN,12596,25e58aee-1b33-4468-9a81-6586426b91d5,14288.0,9840.0,2944.0,mattlacosse/2553667,2576179.0,28875.0,,2174931.0,,,10727.0,10980.0,,28875.0,606055.0,17415.0,606055.0,Matt LaCosse,matt lacosse,3,4,34.0,1,0.0,0.0,35.0,16.0,2.0,2.77934,0,0.9714286,0.14285715,0.11904762,0.29761904,,,,,,,,,,,,,,,,,,,,,,,,,
2018,REG,12,00-0034351,D.Goedert,TE,TE,PHI,13674,e8029983-87cf-49a2-bc04-04c8233a0630,17270.0,47272.0,5022.0,,3121023.0,31019.0,,2132551.0,GoedDa00,,12860.0,13151.0,382.0,31019.0,791365.0,19863.0,791365.0,Dallas Goedert,dallas goedert,3,4,33.0,0,0.0,0.0,15.0,29.0,1.0,0.99440897,0,2.2,0.14285715,0.094339624,0.28032345,,,,,,,,,,,,,,,,,REG,PHI,NYG,Dallas Goedert,GoedDa00,1.0,0.0,0.0,99.0
2018,REG,12,00-0027061,J.Cook,TE,TE,LV,9474,3b7a1409-d154-4e5c-8c94-9d4a0e0993c7,9265.0,5012.0,367.0,jaredcook/71265,12537.0,9353.0,6126.0,584314.0,CookJa02,jared-cook-2,5981.0,5165.0,,9353.0,296480.0,8534.0,296480.0,Jared Cook,jared cook,2,5,32.0,1,0.0,0.0,30.0,16.0,2.0,0.8660379,0,1.0666667,0.15151516,0.10067114,0.29774252,Jared Cook,LV,9.1275,2.5669803132427758,6.1739999999999995,10.285885645741702,40.0,32.0,1.0,8.575000000000003,4.8622007389240025,3.7127992610760003,00-0027061,Jared,Cook,J.Cook,REG,OAK,BAL,Jared Cook,CookJa02,0.0,1.0,0.2,101.7
2018,REG,12,00-0032392,A.Hooper,TE,TE,ATL,12677,90c2a93f-d837-4e1b-b57c-56648903a8db,15581.0,10715.0,3202.0,,3043275.0,29315.0,,2067004.0,HoopAu00,austin-hooper-1,10748.0,11301.0,384.0,29315.0,739424.0,17963.0,739424.0,Austin Hooper,austin hooper,5,5,31.0,0,0.0,0.0,19.0,12.0,2.0,3.937933,0,1.6315789,0.10638298,0.047381546,0.19274154,Austin Hooper,ATL,4.36,2.2479273396769073,3.7400000000000007,4.5266393938660405,100.0,31.0,0.0,2.4599999999999995,1.6066394726117097,0.8533605273882898,00-0032392,Austin,Hooper,A.Hooper,REG,ATL,NO,Austin Hooper,HoopAu00,0.0,0.0,0.0,92.5
2018,REG,12,00-0030710,T.Burton,TE,TE,CHI,11705,bc0f07a4-3e7b-4e61-987a-05533dc225be,12153.0,9185.0,1793.0,treyburton/2550284,16974.0,27789.0,,2130223.0,BurtTr01,,9490.0,9737.0,,27789.0,542788.0,15965.0,,Trey Burton,trey burton,4,7,28.0,0,1.0,1.0,35.0,1.0,2.0,-6.962949,0,0.8,0.18421052,0.125,0.36381578,Trey Burton,CHI,5.666,4.475164671442244,4.837142857142858,12.382519656244288,57.14285714285714,28.0,0.0,1.2125000000000021,1.6111832377937958,-0.39868323779379367,00-0030710,Lawrence,Burton,T.Burton,REG,CHI,DET,Trey Burton,BurtTr01,0.0,1.0,0.143,66.4
2018,REG,12,00-0030470,V.McDonald,TE,TE,PIT,11257,8f24a248-b328-43ec-8677-67600e42a8f7,11699.0,7836.0,1587.0,vancemcdonald/2540215,15853.0,26678.0,,1673357.0,McDoVa00,vance-mcdonald-1,8785.0,8413.0,,26678.0,494969.0,15239.0,,Vance McDonald,vance mcdonald,3,5,27.0,0,0.0,0.0,34.0,8.0,2.0,0.32327613,0,0.7941176,0.0862069,0.083129585,0.18750106,Vance McDonald,PIT,5.163333333333334,2.4851525872867226,7.537999999999999,9.384259143988247,60.0,27.0,0.0,2.316666666666665,3.433778280070745,-1.11711161340408,00-0030470,Vance,McDonald,V.McDonald,REG,PIT,DEN,Vance McDonald,McDoVa00,1.0,1.0,0.2,74.6
2018,REG,12,00-0034798,D.Smythe,TE,TE,MIA,13676,7e42a22a-c47b-4387-aeeb-2cc2e76dc1d8,17508.0,47257.0,5008.0,,3052897.0,31093.0,,2082845.0,SmytDu00,durham-smythe-1,12807.0,13249.0,,31093.0,749968.0,19943.0,749968.0,Durham Smythe,durham smythe,2,2,27.0,0,0.0,0.0,25.0,2.0,1.0,1.7008305,0,1.08,0.083333336,0.18115942,0.2518116,,,,,,,,,,,,,,,,,REG,MIA,IND,Durham Smythe,SmytDu00,0.0,0.0,0.0,118.7
2018,REG,12,00-0031273,C.Brate,TE,TE,TB,12110,5afe93fd-0caf-4cca-83fc-7f405bebfa3e,13470.0,9207.0,2214.0,,17453.0,28267.0,,2132787.0,BratCa00,,10008.0,10193.0,,28267.0,552926.0,16593.0,552926.0,Cameron Brate,cameron brate,3,4,26.0,1,0.0,0.0,45.0,2.0,2.0,2.658345,0,0.5777778,0.10526316,0.12096774,0.24257216,,,,,,,,,,,,,,,,,REG,TB,SF,Cameron Brate,BratCa00,0.0,0.0,0.0,131.2
2018,REG,12,00-0033658,B.Jarwin,TE,TE,DAL,13722,43e8a6ac-d451-4dbd-b145-797764f91494,16638.0,12320.0,4571.0,,2991767.0,30784.0,,2819999.0,JarwBl00,,12179.0,12507.0,,30784.0,711965.0,19457.0,711965.0,Blake Jarwin,blake jarwin,2,2,25.0,0,0.0,0.0,15.0,10.0,1.0,1.3143452,0,1.6666666,0.06451613,0.082417585,0.1544665,,,,,,,,,,,,,,,,,REG,DAL,WAS,Blake Jarwin,JarwBl00,0.0,0.0,0.0,118.7
2018,REG,12,00-0034830,H.Hurst,TE,TE,BAL,13680,1b125fc4-5dd9-4eb9-a42f-048e61ca42b7,17283.0,47294.0,4973.0,,3924365.0,30995.0,,2185053.0,HursHa00,hayden-hurst-1,12467.0,13098.0,8.0,30995.0,881956.0,19843.0,881956.0,Hayden Hurst,hayden hurst,3,4,25.0,0,0.0,0.0,26.0,6.0,3.0,2.465893,0,0.96153843,0.16666667,0.13333334,0.34333333,,,,,,,,,,,,,,,,,REG,BAL,OAK,Hayden Hurst,HursHa00,0.0,0.0,0.0,90.6
2018,REG,12,00-0033696,S.Culkin,TE,TE,LAC,13438,5cc0007b-4561-4ff2-8fa7-242bec47dc5a,16912.0,12037.0,4660.0,,2971426.0,30420.0,,2820068.0,CulkSe00,,12405.0,12560.0,,30420.0,689866.0,19559.0,,Sean Culkin,sean culkin,1,1,24.0,0,0.0,0.0,24.0,0.0,1.0,2.271966,0,1.0,0.032258064,0.1904762,0.18172044,,,,,,,,,,,,,,,,,REG,LAC,ARI,Sean Culkin,CulkSe00,0.0,0.0,0.0,118.7
2018,REG,12,00-0033953,J.Leggett,TE,TE,NYJ,13195,bea00842-e4db-4955-857a-ea8d4a0e215b,16458.0,11905.0,4153.0,,3045118.0,30263.0,,2060412.0,LeggJo00,jordan-leggett-1,11893.0,12307.0,,30263.0,733735.0,18999.0,,Jordan Leggett,jordan leggett,2,4,24.0,0,0.0,0.0,20.0,8.0,1.0,1.2486902,0,1.2,0.09756097,0.056497175,0.18588948,,,,,,,,,,,,,,,,,REG,NYJ,NE,Jordan Leggett,LeggJo00,0.0,0.0,0.0,68.7
2018,REG,12,00-0031035,X.Grimble,TE,TE,PIT,11701,c9557ff2-899f-41e3-8a0e-35ca874db9b2,12149.0,9092.0,2082.0,xaviergrimble/2550521,17348.0,28184.0,,2130777.0,,,9283.0,9614.0,,28184.0,555680.0,16395.0,,Xavier Grimble,xavier grimble,1,1,23.0,0,1.0,0.0,4.0,19.0,0.0,-4.8614597,0,5.75,0.01724138,0.009779952,0.032708034,,,,,,,,,,,,,,,,,,,,,,,,,
2018,REG,12,00-0032394,N.Vannett,TE,TE,SEA,12680,c731aa8a-778b-4ccd-a19f-517eb66f47b7,15645.0,10728.0,3258.0,,2576399.0,29328.0,,1871322.0,VannNi00,nick-vannett-1,10949.0,11329.0,,29328.0,606488.0,18019.0,606488.0,Nick Vannett,nick vannett,2,2,22.0,0,0.0,0.0,5.0,17.0,2.0,3.0989351,0,4.4,0.071428575,0.016286645,0.118543506,,,,,,,,,,,,,,,,,REG,SEA,CAR,Nick Vannett,VannNi00,0.0,0.0,0.0,112.5
2018,REG,12,00-0022943,B.Watson,TE,TE,NO,7422,d81844de-54c3-42ee-9850-072dc4131b6f,9040.0,1753.0,663.0,benjaminwatson/2506122,5557.0,6791.0,,493107.0,WatsBe00,benjamin-watson-1,3872.0,48.0,,6791.0,246082.0,11756.0,,Ben Watson,ben watson,1,2,20.0,0,0.0,0.0,46.0,4.0,1.0,0.8339385,0,0.4347826,0.09090909,0.16666667,0.2530303,,,,,,,,,,,,,,,,,REG,NO,ATL,Ben Watson,WatsBe00,0.0,1.0,0.5,85.4
2018,REG,12,00-0031598,N.Boyle,TE,TE,BAL,12328,9480dd9f-151f-4e6d-b5a3-35f07bda4cac,13963.0,9604.0,2474.0,,2574591.0,28559.0,,1888149.0,BoylNi00,,10252.0,10547.0,,28559.0,608753.0,16931.0,608753.0,Nick Boyle,nick boyle,2,2,19.0,0,0.0,0.0,9.0,10.0,2.0,1.7413844,0,2.1111112,0.083333336,0.046153847,0.1573077,,,,,,,,,,,,,,,,,REG,BAL,OAK,Nick Boyle,BoylNi00,0.0,0.0,0.0,106.2
2018,REG,12,00-0021547,A.Gates,TE,TE,LAC,7236,82da09c2-e542-4f7d-87d9-24dfd8e014de,9027.0,1609.0,322.0,antoniogates/2505299,5362.0,6663.0,,396811.0,,,3172.0,611.0,,6663.0,234249.0,7884.0,,Antonio Gates,antonio gates,1,1,18.0,0,0.0,0.0,5.0,13.0,1.0,2.7538984,0,3.6,0.032258064,0.03968254,0.07616487,,,,,,,,,,,,,,,,,,,,,,,,,
2018,REG,12,00-0030181,J.Doyle,TE,TE,IND,11516,bd413539-9351-454e-9d61-4e8635d7e9f5,11987.0,8520.0,1706.0,jackdoyle/2540232,16504.0,27299.0,,2041264.0,DoylJa00,,9081.0,9075.0,,27299.0,477386.0,15602.0,477386.0,Jack Doyle,jack doyle,4,4,16.0,1,0.0,0.0,11.0,5.0,1.0,0.24869633,0,1.4545455,0.10526316,0.036666665,0.1835614,,,,,,,,,,,,,,,,,REG,IND,MIA,Jack Doyle,DoylJa00,0.0,0.0,0.0,122.9
2018,REG,12,00-0033559,M.Roberts,TE,TE,DET,13197,bb9f0c5a-cbc2-43bb-9aa5-77cdc7e77bb6,16500.0,11882.0,4164.0,,3059945.0,30240.0,,2082652.0,RobeMi01,michael-roberts-3,11896.0,12354.0,,30240.0,749874.0,19010.0,,Michael Roberts,michael roberts,3,6,16.0,0,0.0,0.0,20.0,9.0,0.0,-17.85403,0,0.8,0.16216215,0.15503876,0.35177037,Michael Roberts,DET,5.603333333333334,2.4563222560583013,5.046666666666667,19.02607602890355,50.0,16.0,0.0,2.7866666666666666,1.2888564754001284,1.4978101912665382,00-0033559,Michael,Roberts,M.Roberts,REG,DET,CHI,Michael Roberts,RobeMi01,0.0,1.0,0.167,16.7
2018,REG,12,00-0033627,J.Croom,TE,TE,BUF,13890,e17b5817-d955-42be-bb8d-e34d89f6dd71,16770.0,12145.0,4536.0,,2972240.0,30594.0,,2819968.0,,,12082.0,12709.0,,30594.0,690029.0,19415.0,690029.0,Jason Croom,jason croom,2,3,16.0,0,0.0,0.0,30.0,7.0,1.0,-0.49395663,0,0.53333336,0.1764706,0.10169491,0.33589232,,,,,,,,,,,,,,,,,,,,,,,,,
2018,REG,12,00-0027985,L.Kendricks,TE,TE,GB,10318,27921351-a775-4649-bd49-7b4c486d1ba2,9912.0,6199.0,964.0,lancekendricks/2495187,14007.0,24834.0,7425.0,1117803.0,KendLa00,lance-kendricks-1,7412.0,6614.0,,24834.0,332066.0,13386.0,,Lance Kendricks,lance kendricks,2,2,14.0,0,0.0,0.0,7.0,7.0,0.0,0.78373134,0,2.0,0.074074075,0.024137931,0.12800767,,,,,,,,,,,,,,,,,REG,GB,MIN,Lance Kendricks,KendLa00,0.0,0.0,0.0,95.8
2018,REG,12,00-0028042,L.Stocker,TE,TE,TEN,10354,5b712aed-201c-43dd-b978-b7b6ef91178e,9948.0,6256.0,963.0,lukestocker/2495234,14099.0,24891.0,7589.0,1125485.0,StocLu00,luke-stocker-1,7413.0,6552.0,,24891.0,334186.0,13370.0,334186.0,Luke Stocker,luke stocker,1,1,14.0,0,0.0,0.0,6.0,8.0,1.0,1.4057304,0,2.3333333,0.04347826,0.05263158,0.1020595,,,,,,,,,,,,,,,,,REG,TEN,HOU,Luke Stocker,StocLu00,0.0,0.0,0.0,118.7
2018,REG,12,00-0027675,E.Dickson,TE,TE,SEA,9912,46bb9a85-523c-4530-95c3-2c2a9737e65f,9706.0,5595.0,701.0,eddickson/497224,13272.0,24045.0,6604.0,565631.0,DickEd00,ed-dickson-1,6530.0,5840.0,,24045.0,296060.0,12153.0,,Ed Dickson,ed dickson,2,2,13.0,0,0.0,0.0,7.0,6.0,0.0,0.6148785,0,1.8571428,0.071428575,0.022801302,0.12310377,,,,,,,,,,,,,,,,,REG,SEA,CAR,Ed Dickson,DickEd00,0.0,0.0,0.0,93.7
2018,REG,12,00-0031585,M.Pruitt,TE,TE,TEN,12309,f22b34cf-6ecf-4522-9c77-1da275dfda7d,13964.0,9576.0,2446.0,,2508256.0,28531.0,,1760327.0,PruiMy00,,10251.0,10522.0,,28531.0,552586.0,16903.0,552586.0,MyCole Pruitt,mycole pruitt,1,1,13.0,0,0.0,0.0,7.0,6.0,1.0,1.5796356,0,1.8571428,0.04347826,0.06140351,0.10819985,,,,,,,,,,,,,,,,,REG,TEN,HOU,MyCole Pruitt,PruiMy00,0.0,0.0,0.0,118.7
2018,REG,12,00-0025418,G.Olsen,TE,TE,CAR,8687,587d0a98-7ec5-45a5-adba-8af26e8f256b,9238.0,3647.0,58.0,gregolsen/2495700,10475.0,8285.0,,502524.0,OlseGr00,greg-olsen-1,5206.0,4190.0,,8285.0,230925.0,1658.0,,Greg Olsen,greg olsen,2,4,11.0,0,0.0,0.0,33.0,3.0,0.0,-0.77197534,0,0.33333334,0.13793103,0.24626866,0.37928462,,,,,,,,,,,,,,,,,REG,CAR,SEA,Greg Olsen,OlseGr00,0.0,1.0,0.25,56.2
2018,REG,12,00-0033421,A.Auclair,TE,TE,TB,13445,d6647491-8a3c-4f9f-999c-823823bd478d,16501.0,24606.0,4468.0,,4081127.0,30468.0,,2819226.0,AuclAn00,,12230.0,12603.0,,30468.0,1050026.0,19335.0,1050026.0,Antony Auclair,antony auclair,1,1,8.0,0,0.0,0.0,5.0,3.0,0.0,0.3433266,0,1.6,0.02631579,0.01344086,0.048882287,,,,,,,,,,,,,,,,,REG,TB,SF,Antony Auclair,AuclAn00,0.0,0.0,0.0,100.0
2018,REG,12,00-0034364,J.Akins,TE,TE,HOU,13753,0cb5a32a-a340-4671-ba2a-93f5fa6aee8d,17415.0,47050.0,5032.0,,3128452.0,31068.0,,2142712.0,AkinJo00,jordan-akins-1,12568.0,13238.0,,31068.0,838396.0,19903.0,838396.0,Jordan Akins,jordan akins,1,1,8.0,0,0.0,0.0,1.0,7.0,0.0,0.04447389,0,8.0,0.04347826,0.005291005,0.0689211,,,,,,,,,,,,,,,,,REG,HOU,TEN,Jordan Akins,AkinJo00,0.0,0.0,0.0,100.0
2018,REG,12,00-0029738,D.Fells,TE,TE,CLE,11337,54d4e35a-2e6c-48f6-86ad-92dd596c173c,13636.0,8549.0,1592.0,darrenfells/2540928,15773.0,26612.0,,2053740.0,FellDa01,,9758.0,8472.0,,26612.0,266414.0,15247.0,266414.0,Darren Fells,darren fells,1,1,6.0,1,0.0,0.0,6.0,0.0,1.0,1.9115813,0,1.0,0.04,0.023904383,0.07673307,,,,,,,,,,,,,,,,,REG,CLE,CIN,Darren Fells,FellDa01,0.0,0.0,0.0,131.2
2018,REG,12,00-0034420,J.Thomas,TE,TE,HOU,13819,f993832a-f81f-4706-90b8-80fd193bdfd7,17399.0,42062.0,5117.0,,4035379.0,31181.0,,2249166.0,ThomJo05,jordan-thomas-6,12697.0,13309.0,,31181.0,922092.0,20020.0,922092.0,Jordan Thomas,jordan thomas,1,2,6.0,0,0.0,0.0,8.0,7.0,0.0,-0.32558167,0,0.75,0.08695652,0.04232804,0.16006441,,,,,,,,,,,,,,,,,REG,HOU,TEN,Jordan Thomas,ThomJo05,0.0,1.0,0.5,56.2
2018,REG,12,00-0032062,B.Bell,TE,TE,JAX,12213,0cc4e449-185a-4b08-9f07-c907ad0c3e05,13966.0,9550.0,2422.0,,2514206.0,28505.0,,1737101.0,BellBl00,blake-bell-1,10248.0,10366.0,,28505.0,542871.0,16878.0,542871.0,Blake Bell,blake bell,1,1,5.0,0,0.0,0.0,1.0,4.0,0.0,-0.01649684,0,5.0,0.045454547,0.0060975607,0.07245011,,,,,,,,,,,,,,,,,REG,JAX,BUF,Blake Bell,BellBl00,0.0,0.0,0.0,87.5
2018,REG,12,00-0033611,R.Seals-Jones,TE,TE,ARI,13382,52735659-a294-4f64-a7f4-3591450834e5,16730.0,12020.0,4531.0,,3051806.0,30494.0,,2080003.0,SealRi00,,11876.0,12463.0,,30494.0,744568.0,19410.0,744568.0,Ricky Seals-Jones,ricky seals-jones,1,2,5.0,0,0.0,0.0,12.0,5.0,1.0,0.17846781,0,0.41666666,0.11764706,0.121212125,0.26131907,,,,,,,,,,,,,,,,,REG,ARI,LAC,Ricky Seals-Jones,SealRi00,0.0,0.0,0.0,56.2
2018,REG,12,00-0034829,M.Gesicki,TE,TE,MIA,13672,1012cbe0-7eba-4169-bfca-183a0204e1a7,17272.0,47153.0,4993.0,,3116164.0,31012.0,,2139298.0,GesiMi00,mike-gesicki-1,12764.0,13104.0,330.0,31012.0,836152.0,19853.0,836152.0,Mike Gesicki,mike gesicki,1,1,5.0,0,1.0,1.0,7.0,-2.0,0.0,-4.0906444,0,0.71428573,0.041666668,0.050724637,0.09800725,,,,,,,,,,,,,,,,,REG,MIA,IND,Mike Gesicki,GesiMi00,0.0,0.0,0.0,87.5
2018,REG,12,00-0024243,M.Lewis,TE,TE,GB,8269,9c21e9af-681c-41ef-9b00-fbc9e1668ed1,9413.0,2973.0,111.0,marcedeslewis/2495888,9614.0,7777.0,4007.0,415313.0,LewiMa00,marcedes-lewis-1,4891.0,3615.0,,7777.0,214197.0,3061.0,214197.0,Marcedes Lewis,marcedes lewis,1,1,4.0,0,0.0,0.0,4.0,0.0,0.0,0.10711939,0,1.0,0.037037037,0.013793103,0.06521073,,,,,,,,,,,,,,,,,REG,GB,MIN,Marcedes Lewis,LewiMa00,0.0,0.0,0.0,83.3
2018,REG,12,00-0030089,L.Willson,TE,TE,DET,11381,16c67c97-ffd9-4f92-917d-ad6124ce1f6e,11812.0,7940.0,1603.0,lukewillson/2541199,16121.0,26781.0,,2057661.0,WillLu00,luke-willson-1,8907.0,8567.0,,26781.0,466869.0,15263.0,466869.0,Luke Willson,luke willson,1,1,4.0,0,0.0,0.0,0.0,4.0,0.0,0.41890445,0,0.0,0.027027028,0.0,0.04054054,,,,,,,,,,,,,,,,,REG,DET,CHI,Luke Willson,WillLu00,0.0,0.0,0.0,83.3
2018,REG,12,00-0027215,L.Paulsen,TE,TE,ATL,10123,518c96c5-65bb-4559-8074-9cdb2ca32f99,9850.0,5795.0,587.0,loganpaulsen/2507828,13726.0,24608.0,,559624.0,,,6871.0,6368.0,,24608.0,300115.0,11345.0,,Logan Paulsen,logan paulsen,1,1,2.0,0,0.0,0.0,0.0,2.0,0.0,-0.26829538,0,0.0,0.021276595,0.0,0.031914894,,,,,,,,,,,,,,,,,,,,,,,,,
2018,REG,12,00-0027873,J.Gresham,TE,TE,ARI,9838,b44773b9-af17-4d6c-a453-132e20849712,9685.0,5546.0,530.0,jermainegresham/497238,13228.0,23996.0,,1123667.0,GresJe00,jermaine-gresham-1,6455.0,5549.0,,23996.0,333278.0,11026.0,,Jermaine Gresham,jermaine gresham,1,1,2.0,0,0.0,0.0,-5.0,7.0,0.0,-0.508474,0,0.0,0.05882353,-0.05050505,0.05288176,,,,,,,,,,,,,,,,,REG,ARI,LAC,Jermaine Gresham,GresJe00,0.0,0.0,0.0,79.2
2018,REG,12,00-0028142,V.Green,TE,TE,LAC,10432,6ef43c53-53d7-4b0f-ad99-17664d663ae8,10026.0,6356.0,868.0,virgilgreen/2495288,14085.0,24991.0,7502.0,1130615.0,GreeVi00,virgil-green-1,7416.0,6570.0,,24991.0,323254.0,13016.0,,Virgil Green,virgil green,0,1,0.0,0,0.0,0.0,7.0,0.0,0.0,-0.8492666,0,0.0,0.032258064,0.055555556,0.08727599,,,,,,,,,,,,,,,,,REG,LAC,ARI,Virgil Green,GreeVi00,0.0,0.0,0.0,39.6
2018,REG,12,00-0031260,L.Thomas,TE,TE,BUF,11647,b24625a0-d402-4d59-a778-aa4b073bfe5e,12095.0,8755.0,2251.0,loganthomas/2543767,16813.0,27648.0,,1691193.0,ThomLo00,logan-thomas-1,9323.0,9354.0,,27648.0,507528.0,16656.0,507528.0,Logan Thomas,logan thomas,0,1,0.0,0,0.0,0.0,52.0,0.0,0.0,0.522258,0,0.0,0.05882353,0.17627119,0.21162513,,,,,,,,,,,,,,,,,REG,BUF,JAX,Logan Thomas,ThomLo00,0.0,0.0,0.0,39.6
2018,REG,12,00-0031299,J.Matthews,TE,TE,PHI,11676,7b96a836-666b-47b6-a0a7-9dbb0b4c53e8,12124.0,8677.0,1800.0,jordanmatthews/2543500,16763.0,27570.0,,1759816.0,MattJo00,jordan-matthews-1,9273.0,9420.0,,27570.0,555648.0,15974.0,555648.0,Jordan Matthews,jordan matthews,0,1,0.0,0,0.0,0.0,0.0,0.0,0.0,-0.9115944,0,,0.035714287,0.0,0.05357143,,,,,,,,,,,,,,,,,REG,PHI,NYG,Jordan Matthews,MattJo00,0.0,0.0,0.0,39.6
2018,REG,12,00-0031484,C.Manhertz,TE,TE,CAR,12955,7c7b5515-7786-4e24-9ce0-34e6a8bd5727,14014.0,10211.0,3048.0,,2531358.0,28365.0,,2167520.0,ManhCh00,,10033.0,10295.0,,28365.0,563293.0,17762.0,563293.0,Chris Manhertz,chris manhertz,0,1,0.0,0,0.0,0.0,18.0,0.0,0.0,-5.4821205,0,0.0,0.03448276,0.13432837,0.145754,,,,,,,,,,,,,,,,,REG,CAR,SEA,Chris Manhertz,ManhCh00,0.0,0.0,0.0,0.0
2018,REG,12,00-0031788,M.Lengel,TE,TE,CIN,13044,4d747b73-bcc6-46d2-a2d7-ec1d0c8135a2,14079.0,9884.0,3036.0,,2470916.0,28975.0,,2174840.0,,,10558.0,10868.0,,28975.0,504496.0,17741.0,,Matt Lengel,matt lengel,0,1,0.0,0,0.0,0.0,2.0,0.0,0.0,-0.5291522,0,0.0,0.022222223,0.005249344,0.037007876,,,,,,,,,,,,,,,,,,,,,,,,,
2018,REG,12,00-0031951,J.O'Shaughnessy,TE,TE,JAX,12330,e5c6b0d4-3e77-422b-a6d8-574a10ed385e,14146.0,9606.0,2476.0,,2508079.0,28561.0,,2174148.0,O'ShJa00,,10249.0,10549.0,,28561.0,552352.0,16933.0,552352.0,James O'Shaughnessy,james oshaughnessy,0,2,0.0,0,0.0,0.0,21.0,0.0,0.0,-4.6378117,0,0.0,0.09090909,0.12804878,0.22599778,,,,,,,,,,,,,,,,,REG,JAX,BUF,James O'Shaughnessy,O'ShJa00,0.0,1.0,0.5,0.0
2018,REG,12,00-0032089,B.Parker,TE,TE,DEN,12433,c5606f69-f550-4b4a-b61a-f1f71142a32f,14332.0,10135.0,2653.0,brianparker/2553840,2508328.0,28688.0,,2175148.0,,,10661.0,10763.0,,28688.0,556849.0,17121.0,,Brian Parker,brian parker,0,1,0.0,0,0.0,0.0,-2.0,0.0,0.0,-0.53419304,0,0.0,0.035714287,-0.006802721,0.048809525,,,,,,,,,,,,,,,,,,,,,,,,,
2018,REG,12,00-0034383,D.Schultz,TE,TE,DAL,13772,8caec1b4-e0b6-4a84-b8c8-617d6e91ef6a,17349.0,47304.0,5001.0,,3117256.0,31107.0,,2136748.0,SchuDa00,dalton-schultz-1,12514.0,13198.0,487.0,31107.0,830523.0,19920.0,830523.0,Dalton Schultz,dalton schultz,1,1,-1.0,0,0.0,0.0,-2.0,1.0,0.0,-0.648177,0,0.0,0.032258064,-0.010989011,0.040694788,,,,,,,,,,,,,,,,,REG,DAL,WAS,Dalton Schultz,SchuDa00,0.0,0.0,0.0,79.2
2018,REG,13,00-0030506,T.Kelce,TE,TE,KC,11244,c3859e06-5f23-4302-a71b-04820a899d5f,11594.0,7844.0,1466.0,traviskelce/2540258,15847.0,26686.0,,1725130.0,KelcTr00,travis-kelce-1,8783.0,8411.0,264.0,26686.0,448240.0,15048.0,448240.0,Travis Kelce,travis kelce,12,13,168.0,2,1.0,1.0,128.0,42.0,7.0,12.255603,0,1.3125,0.35135135,0.29698375,0.7349157,Travis Kelce,KC,4.515000000000001,3.0380779915211633,9.068461538461538,25.5521598716865,92.3076923076923,168.0,2.0,4.187500000000001,3.5404055426358028,0.6470944573641981,00-0030506,Travis,Kelce,T.Kelce,REG,KC,OAK,Travis Kelce,KelcTr00,2.0,0.0,0.0,158.3
2018,REG,13,00-0027061,J.Cook,TE,TE,LV,9474,3b7a1409-d154-4e5c-8c94-9d4a0e0993c7,9265.0,5012.0,367.0,jaredcook/71265,12537.0,9353.0,6126.0,584314.0,CookJa02,jared-cook-2,5981.0,5165.0,,9353.0,296480.0,8534.0,296480.0,Jared Cook,jared cook,7,8,100.0,1,0.0,0.0,80.0,27.0,4.0,7.5143223,0,1.25,0.21621622,0.25974026,0.5061425,Jared Cook,LV,7.452500000000001,3.637247909717375,10.537500000000001,25.664444241483242,87.5,100.0,1.0,4.184285714285713,2.8433233750373574,1.3409623392483558,00-0027061,Jared,Cook,J.Cook,REG,OAK,KC,Jared Cook,CookJa02,0.0,0.0,0.0,158.3
2018,REG,13,00-0030443,L.Toilolo,TE,TE,DET,11252,67d56171-7522-430c-b7d9-8f7e2b6624d3,11694.0,7915.0,1642.0,levinetoilolo/2540203,15980.0,26756.0,,1685990.0,ToilLe00,levine-toilolo-1,8789.0,8414.0,,26756.0,503205.0,15378.0,503205.0,Levine Toilolo,levine toilolo,4,6,90.0,0,0.0,0.0,88.0,27.0,4.0,4.7113886,0,1.0227273,0.18181819,0.32713756,0.5017235,Levine Toilolo,DET,4.022,3.1815833063041254,14.049999999999999,29.390231147369516,66.66666666666666,90.0,0.0,7.412499999999999,7.543391117447442,-0.13089111744744297,00-0030443,Levine,Toilolo,L.Toilolo,REG,DET,LA,Levine Toilolo,ToilLe00,1.0,0.0,0.0,109.7
2018,REG,13,00-0030061,Z.Ertz,TE,TE,PHI,11247,de3421f7-2147-4835-89a5-724e87bad463,11689.0,7816.0,1339.0,zachertz/2540158,15835.0,26658.0,,1685963.0,ErtzZa00,zach-ertz-1,8781.0,8409.0,305.0,26658.0,503177.0,14856.0,503177.0,Zach Ertz,zach ertz,9,10,83.0,0,0.0,0.0,66.0,33.0,6.0,5.2182837,0,1.2575758,0.2631579,0.26190478,0.57807016,Zach Ertz,PHI,6.484,3.236701597634488,6.1450000000000005,26.072383215240365,90.0,83.0,0.0,3.5833333333333335,4.3527370031927335,-0.7694036698594,00-0030061,Zachary,Ertz,Z.Ertz,REG,PHI,WAS,Zach Ertz,ErtzZa00,0.0,0.0,0.0,101.2
2018,REG,13,00-0031387,E.Ebron,TE,TE,IND,11695,9fbcfae9-dd14-415c-8952-9b1b5dff0dfc,12143.0,8645.0,2118.0,ericebron/2543466,16732.0,27538.0,,1865396.0,EbroEr00,eric-ebron-1,9210.0,9390.0,,27538.0,605752.0,16451.0,605752.0,Eric Ebron,eric ebron,10,16,81.0,0,0.0,0.0,122.0,44.0,3.0,-1.6449405,0,0.6639344,0.32,0.34366196,0.72056335,Eric Ebron,IND,5.157272727272727,3.7575886655269137,8.635000000000002,36.65499310198451,62.5,81.0,0.0,4.333999999999999,4.488914230482772,-0.15491423048277309,00-0031387,Eric,Ebron,E.Ebron,REG,IND,JAX,Eric Ebron,EbroEr00,0.0,0.0,0.0,49.2
2018,REG,13,00-0033288,G.Kittle,TE,TE,SF,13299,2ada91b0-036e-454f-83c3-6d939ff584a9,16499.0,11901.0,4217.0,,3040151.0,30259.0,,2818265.0,KittGe00,george-kittle-1,11892.0,12276.0,298.0,30259.0,733672.0,19063.0,733672.0,George Kittle,george kittle,6,9,70.0,0,0.0,0.0,52.0,18.0,3.0,4.07666,0,1.3461539,0.21428572,0.26130652,0.50434315,George Kittle,SF,4.177142857142856,3.6596899164448495,5.715555555555554,22.375918917743263,66.66666666666666,70.0,0.0,3.1150000000000015,4.037024183969798,-0.9220241839697967,00-0033288,George,Kittle,G.Kittle,REG,SF,SEA,George Kittle,KittGe00,0.0,1.0,0.111,90.0
2018,REG,13,00-0027696,J.Graham,TE,TE,GB,9925,fd85786d-3900-4dc0-9b30-334ee30413ed,9712.0,5619.0,616.0,jimmygraham/497236,13232.0,24070.0,6610.0,1691166.0,GrahJi00,jimmy-graham-1,6532.0,5842.0,,24070.0,295918.0,11488.0,295918.0,Jimmy Graham,jimmy graham,8,11,50.0,0,0.0,0.0,61.0,23.0,4.0,1.9109645,0,0.8196721,0.22916667,0.17231639,0.46437147,Jimmy Graham,GB,8.02375,3.093077831194052,5.5254545454545445,14.178738890055284,72.72727272727273,50.0,0.0,3.2200000000000006,3.389789780225887,-0.1697897802258863,00-0027696,Jimmy,Graham,J.Graham,REG,GB,ARI,Jimmy Graham,GrahJi00,0.0,0.0,0.0,81.6
2018,REG,13,00-0034753,M.Andrews,TE,TE,BAL,13671,0618f387-9b72-4270-8b8f-dec4cccc9e4a,17269.0,47436.0,5012.0,,3116365.0,31056.0,,2131121.0,AndrMa00,mark-andrews-1,12559.0,13182.0,366.0,31056.0,820699.0,19803.0,820699.0,Mark Andrews,mark andrews,3,3,47.0,0,0.0,0.0,38.0,9.0,2.0,3.60608,0,1.2368422,0.12,0.1637931,0.29465517,,,,,,,,,,,,,,,,,REG,BAL,ATL,Mark Andrews,AndrMa00,0.0,0.0,0.0,118.7
2018,REG,13,00-0034365,I.Thomas,TE,TE,CAR,13678,ed8a8fd2-df67-45e7-a34f-984afb82f6ea,17387.0,42130.0,4995.0,,4045305.0,31071.0,,2253359.0,ThomIa00,ian-thomas-3,12858.0,13163.0,323.0,31071.0,943093.0,19910.0,943093.0,Ian Thomas,ian thomas,5,5,46.0,0,0.0,0.0,28.0,18.0,2.0,1.2503169,0,1.6428572,0.12195122,0.066508316,0.22948265,Ian Thomas,CAR,9.296666666666667,7.102171138773923,5.161999999999997,6.197473947077748,100.0,46.0,0.0,4.038000000000002,3.9374688444572485,0.10053115554275349,00-0034365,Ian,Thomas,I.Thomas,REG,CAR,TB,Ian Thomas,ThomIa00,0.0,0.0,0.0,105.0
2018,REG,13,00-0032392,A.Hooper,TE,TE,ATL,12677,90c2a93f-d837-4e1b-b57c-56648903a8db,15581.0,10715.0,3202.0,,3043275.0,29315.0,,2067004.0,HoopAu00,austin-hooper-1,10748.0,11301.0,384.0,29315.0,739424.0,17963.0,739424.0,Austin Hooper,austin hooper,5,5,44.0,1,0.0,0.0,22.0,22.0,2.0,4.0637326,0,2.0,0.18518518,0.07073955,0.32729545,Austin Hooper,ATL,4.022,3.7175888598953613,4.276000000000001,7.215416286996726,100.0,44.0,1.0,4.525999999999999,5.34086220527571,-0.8148622052757108,00-0032392,Austin,Hooper,A.Hooper,REG,ATL,BAL,Austin Hooper,HoopAu00,0.0,0.0,0.0,142.9
2018,REG,13,00-0029587,R.Ellison,TE,TE,NYG,10838,cccc9f16-9508-434f-b7a4-9a29cb0cacf9,11315.0,7128.0,1211.0,rhettellison/2532835,15003.0,25838.0,,1244464.0,ElliRh00,rhett-ellison-1,8114.0,7580.0,,25838.0,399295.0,14445.0,,Rhett Ellison,rhett ellison,4,6,42.0,0,0.0,0.0,28.0,21.0,2.0,1.7612393,0,1.5,0.17142858,0.10108303,0.32790098,Rhett Ellison,NYG,3.8579999999999997,5.681241109058465,4.5633333333333335,9.690663268917675,66.66666666666666,42.0,0.0,5.35,4.943468296502488,0.406531703497512,00-0029587,Rhett,Ellison,R.Ellison,REG,NYG,CHI,Rhett Ellison,ElliRh00,0.0,0.0,0.0,86.8
2018,REG,13,00-0033455,A.Firkser,TE,TE,TEN,13919,b0719e3d-199b-46e5-a2b4-1091f6fd5c0d,16787.0,51837.0,4435.0,,3049698.0,30571.0,,2818971.0,FirkAn00,,12235.0,12691.0,,30571.0,767297.0,19296.0,767297.0,Anthony Firkser,anthony firkser,3,3,42.0,1,0.0,0.0,26.0,16.0,2.0,4.1922398,0,1.6153846,0.09090909,0.07580175,0.18942486,,,,,,,,,,,,,,,,,REG,TEN,NYJ,Anthony Firkser,FirkAn00,0.0,0.0,0.0,158.3
2018,REG,13,00-0030155,D.Harris,TE,TE,KC,11448,8506c15c-15cc-4d2c-aebf-270c605fe0ec,11881.0,8524.0,1619.0,demetriusharris/2541187,16318.0,27174.0,,2060074.0,HarrDe03,,9847.0,8683.0,,27174.0,602269.0,15305.0,602269.0,Demetrius Harris,demetrius harris,3,6,39.0,1,0.0,0.0,34.0,27.0,3.0,1.9769896,0,1.1470588,0.16216215,0.07888631,0.29846367,Demetrius Harris,KC,6.5200000000000005,4.165010257030803,6.068333333333332,7.89171380887357,50.0,39.0,1.0,10.173333333333334,6.8384054508521785,3.3349278824811552,00-0030155,Demetrius,Harris,D.Harris,REG,KC,OAK,Demetrius Harris,HarrDe03,0.0,1.0,0.167,110.4
2018,REG,13,00-0027981,K.Rudolph,TE,TE,MIN,10312,1059e9dc-97df-4643-9116-883a0573d8b1,9906.0,6195.0,943.0,kylerudolph/2495438,14054.0,24830.0,7444.0,1633122.0,RudoKy00,kyle-rudolph-1,7246.0,6459.0,,24830.0,469472.0,13275.0,469472.0,Kyle Rudolph,kyle rudolph,3,3,38.0,0,0.0,0.0,24.0,14.0,3.0,3.271071,0,1.5833334,0.06818182,0.08053691,0.15864857,,,,,,,,,,,,,,,,,REG,MIN,NE,Kyle Rudolph,RudoKy00,0.0,0.0,0.0,118.7
2018,REG,13,00-0031273,C.Brate,TE,TE,TB,12110,5afe93fd-0caf-4cca-83fc-7f405bebfa3e,13470.0,9207.0,2214.0,,17453.0,28267.0,,2132787.0,BratCa00,,10008.0,10193.0,,28267.0,552926.0,16593.0,552926.0,Cameron Brate,cameron brate,3,6,36.0,0,0.0,0.0,55.0,8.0,1.0,1.77133,0,0.6545454,0.2,0.23504274,0.4645299,Cameron Brate,TB,7.7749999999999995,3.0691213976136833,8.673333333333332,22.047110659210304,50.0,36.0,0.0,3.593333333333336,3.7819182801574294,-0.18858494682409344,00-0031273,Cameron,Brate,C.Brate,REG,TB,CAR,Cameron Brate,BratCa00,0.0,1.0,0.167,68.7
2018,REG,13,00-0032134,C.Uzomah,TE,TE,CIN,12317,19858900-5c8e-49a7-ab02-34ef625724ca,14084.0,9590.0,2460.0,c.j.uzomah/2552559,2574576.0,28545.0,,2174118.0,UzomC.00,cj-uzomah-1,10462.0,10534.0,,28545.0,593305.0,16917.0,593305.0,C.J. Uzomah,cj uzomah,5,6,33.0,0,0.0,0.0,23.0,17.0,2.0,0.096701294,0,1.4347826,0.16666667,0.1185567,0.3329897,C.J. Uzomah,CIN,4.706,2.235668024839099,4.0249999999999995,12.078019504876217,83.33333333333334,33.0,0.0,3.1600000000000015,3.198493583191362,-0.038493583191360425,00-0032134,Christopher,Uzomah,C.Uzomah,REG,CIN,DEN,C.J. Uzomah,UzomC.00,0.0,0.0,0.0,89.6
2018,REG,13,00-0034420,J.Thomas,TE,TE,HOU,13819,f993832a-f81f-4706-90b8-80fd193bdfd7,17399.0,42062.0,5117.0,,4035379.0,31181.0,,2249166.0,ThomJo05,jordan-thomas-6,12697.0,13309.0,,31181.0,922092.0,20020.0,922092.0,Jordan Thomas,jordan thomas,3,3,32.0,1,0.0,0.0,22.0,10.0,2.0,3.7606018,0,1.4545455,0.10344828,0.10091743,0.22581461,,,,,,,,,,,,,,,,,REG,HOU,CLE,Jordan Thomas,ThomJo05,1.0,0.0,0.0,150.7
2018,REG,13,00-0034766,C.Herndon,TE,TE,NYJ,13679,780a48de-d092-4e87-9c34-8d1b45a154cc,17536.0,47164.0,5009.0,,3123050.0,31077.0,,2136463.0,HernCh00,christopher-herndon-iv-1,12899.0,13228.0,,31077.0,832080.0,19947.0,832080.0,Chris Herndon,chris herndon,2,6,31.0,0,0.0,0.0,97.0,13.0,2.0,-3.4536774,0,0.31958762,0.2,0.388,0.5716,Chris Herndon,NYJ,4.026000000000001,3.0782687854712854,14.053333333333335,35.71065559884804,33.33333333333333,31.0,0.0,7.634999999999998,3.5431201144106126,4.091879885589385,00-0034766,Christopher,Herndon,C.Herndon,REG,NYJ,TEN,Chris Herndon,HernCh00,0.0,0.0,0.0,11.8
2018,REG,13,00-0033858,J.Smith,TE,TE,TEN,13193,e4f25a37-74de-4bfb-b6c9-f50a4fab0b87,16460.0,11855.0,4144.0,,3054212.0,30213.0,,2081506.0,SmitJo01,jonnu-smith-1,11807.0,12344.0,84.0,30213.0,743749.0,18990.0,743749.0,Jonnu Smith,jonnu smith,2,3,29.0,0,0.0,0.0,-1.0,36.0,2.0,0.4536948,0,0.0,0.09090909,-0.002915452,0.13432282,,,,,,,,,,,,,,,,,REG,TEN,NYJ,Jonnu Smith,SmitJo01,0.0,1.0,0.333,97.9
2018,REG,13,00-0030470,V.McDonald,TE,TE,PIT,11257,8f24a248-b328-43ec-8677-67600e42a8f7,11699.0,7836.0,1587.0,vancemcdonald/2540215,15853.0,26678.0,,1673357.0,McDoVa00,vance-mcdonald-1,8785.0,8413.0,,26678.0,494969.0,15239.0,,Vance McDonald,vance mcdonald,4,7,28.0,0,0.0,0.0,42.0,15.0,1.0,-6.611652,0,0.6666667,0.15555556,0.11170213,0.3115248,Vance McDonald,PIT,4.213333333333334,3.4621716908552633,5.9799999999999995,11.189222421213012,57.14285714285714,28.0,0.0,4.224999999999999,4.982525863891738,-0.7575258638917388,00-0030470,Vance,McDonald,V.McDonald,REG,PIT,LAC,Vance McDonald,McDoVa00,0.0,0.0,0.0,26.8
2018,REG,13,00-0027656,R.Gronkowski,TE,TE,NE,9902,2142a164-48ad-47d6-bb27-0bc58c6b2e62,9721.0,5567.0,515.0,robgronkowski/497240,13229.0,24017.0,,1244303.0,GronRo00,rob-gronkowski-1,6443.0,5729.0,,24017.0,381091.0,10974.0,381091.0,Rob Gronkowski,rob gronkowski,3,4,26.0,0,0.0,0.0,38.0,3.0,1.0,0.27623454,0,0.68421054,0.125,0.3089431,0.40376016,,,,,,,,,,,,,,,,,REG,NE,MIN,Rob Gronkowski,GronRo00,0.0,0.0,0.0,91.7
2018,REG,13,00-0031167,S.Simonson,TE,TE,NYG,12138,b77aa319-b97f-4316-84c5-e51390432644,13839.0,8954.0,2040.0,,17391.0,28215.0,,2130881.0,,,10016.0,10143.0,,28215.0,564881.0,16327.0,,Scott Simonson,scott simonson,2,3,25.0,0,0.0,0.0,18.0,6.0,2.0,0.85143644,0,1.3888888,0.08571429,0.06498195,0.1740588,,,,,,,,,,,,,,,,,,,,,,,,,
2018,REG,13,00-0030472,J.Reed,TE,TE,WAS,11248,c3bf8d3e-3b2e-4f9e-ad74-c0a684035f17,11690.0,7866.0,1500.0,jordanreed/2540160,15860.0,26708.0,,1691412.0,ReedJo02,jordan-reed-1,8615.0,8412.0,,26708.0,508876.0,15100.0,,Jordan Reed,jordan reed,4,5,21.0,0,0.0,0.0,11.0,14.0,1.0,-0.1280795,0,1.9090909,0.20833333,0.07189543,0.3628268,Jordan Reed,WAS,8.996666666666666,4.57745121663743,2.3239999999999994,7.488078360613478,80.0,21.0,0.0,2.7025000000000023,4.098008642536456,-1.3955086425364538,00-0030472,Jordan,Reed,J.Reed,REG,WAS,PHI,Jordan Reed,ReedJo02,1.0,0.0,0.0,84.2
2018,REG,13,00-0034011,D.Arnold,TE,TE,NO,13880,d479a777-b53b-4bbf-a8e4-0c1675ac48df,17143.0,51842.0,4741.0,,4212989.0,30891.0,,2835170.0,ArnoDa00,,12276.0,12972.0,,30891.0,1053627.0,19659.0,1053627.0,Dan Arnold,dan arnold,2,2,20.0,0,1.0,0.0,14.0,6.0,2.0,1.2893354,0,1.4285715,0.071428575,0.123893805,0.19386852,,,,,,,,,,,,,,,,,REG,NO,DAL,Dan Arnold,ArnoDa00,0.0,0.0,0.0,108.3
2018,REG,13,00-0031951,J.O'Shaughnessy,TE,TE,JAX,12330,e5c6b0d4-3e77-422b-a6d8-574a10ed385e,14146.0,9606.0,2476.0,,2508079.0,28561.0,,2174148.0,O'ShJa00,,10249.0,10549.0,,28561.0,552352.0,16933.0,552352.0,James O'Shaughnessy,james oshaughnessy,2,2,19.0,0,0.0,0.0,-2.0,21.0,1.0,-1.0816162,0,0.0,0.09090909,-0.018348623,0.1235196,,,,,,,,,,,,,,,,,REG,JAX,IND,James O'Shaughnessy,O'ShJa00,1.0,0.0,0.0,106.2
2018,REG,13,00-0033080,S.DeValve,TE,TE,CLE,12792,a2451bf7-83dd-496c-b527-c14d8d518598,15671.0,10772.0,3296.0,,2566659.0,29372.0,,1984760.0,DevaSe00,,11221.0,11444.0,,29372.0,623676.0,18057.0,,Seth DeValve,seth devalve,1,2,19.0,0,0.0,0.0,28.0,5.0,1.0,1.098883,0,0.6785714,0.05,0.071428575,0.125,,,,,,,,,,,,,,,,,REG,CLE,HOU,Seth Devalve,DevaSe00,0.0,1.0,0.5,83.3
2018,REG,13,00-0033110,T.Higbee,TE,TE,LA,12678,0df7912d-9e81-47ea-b4f7-d04986df4ee8,15623.0,10744.0,3271.0,,2573401.0,29344.0,,1853103.0,HigbTy00,tyler-higbee-1,10854.0,11430.0,159.0,29344.0,604176.0,18032.0,604176.0,Tyler Higbee,tyler higbee,2,4,19.0,0,0.0,0.0,15.0,4.0,1.0,-0.026339749,0,1.2666667,0.125,0.042979944,0.21758597,,,,,,,,,,,,,,,,,REG,LA,DET,Tyler Higbee,HigbTy00,0.0,0.0,0.0,63.5
2018,REG,13,00-0033953,J.Leggett,TE,TE,NYJ,13195,bea00842-e4db-4955-857a-ea8d4a0e215b,16458.0,11905.0,4153.0,,3045118.0,30263.0,,2060412.0,LeggJo00,jordan-leggett-1,11893.0,12307.0,,30263.0,733735.0,18999.0,,Jordan Leggett,jordan leggett,2,2,18.0,0,0.0,0.0,2.0,16.0,1.0,1.5937732,0,9.0,0.06666667,0.008,0.1056,,,,,,,,,,,,,,,,,REG,NYJ,TEN,Jordan Leggett,LeggJo00,0.0,0.0,0.0,104.2
2018,REG,13,00-0024221,V.Davis,TE,TE,WAS,8247,0a95e792-6455-4927-9539-f95fa7f41fbb,9621.0,2951.0,200.0,vernondavis/2495826,9592.0,7755.0,,409254.0,DaviVe00,vernon-davis-1,4732.0,3638.0,,7755.0,215595.0,5084.0,,Vernon Davis,vernon davis,2,2,15.0,0,0.0,0.0,1.0,14.0,0.0,-0.35549355,0,15.0,0.083333336,0.006535948,0.12957516,,,,,,,,,,,,,,,,,REG,WAS,PHI,Vernon Davis,DaviVe00,0.0,0.0,0.0,97.9
2018,REG,13,00-0025418,G.Olsen,TE,TE,CAR,8687,587d0a98-7ec5-45a5-adba-8af26e8f256b,9238.0,3647.0,58.0,gregolsen/2495700,10475.0,8285.0,,502524.0,OlseGr00,greg-olsen-1,5206.0,4190.0,,8285.0,230925.0,1658.0,,Greg Olsen,greg olsen,1,1,13.0,0,0.0,0.0,12.0,1.0,1.0,0.9104883,0,1.0833334,0.024390243,0.028503563,0.05653786,,,,,,,,,,,,,,,,,REG,CAR,TB,Greg Olsen,OlseGr00,0.0,0.0,0.0,118.7
2018,REG,13,00-0034364,J.Akins,TE,TE,HOU,13753,0cb5a32a-a340-4671-ba2a-93f5fa6aee8d,17415.0,47050.0,5032.0,,3128452.0,31068.0,,2142712.0,AkinJo00,jordan-akins-1,12568.0,13238.0,,31068.0,838396.0,19903.0,838396.0,Jordan Akins,jordan akins,1,1,13.0,0,0.0,0.0,6.0,7.0,1.0,0.6724991,0,2.1666667,0.03448276,0.027522936,0.07099019,,,,,,,,,,,,,,,,,REG,HOU,CLE,Jordan Akins,AkinJo00,0.0,0.0,0.0,118.7
2018,REG,13,00-0030108,R.Griffin,TE,TE,HOU,11399,cb1df42c-b59c-4e23-a9a2-fbfc2b39ef71,11830.0,7982.0,1425.0,ryangriffin/2541316,15887.0,26824.0,,2057695.0,GrifRy00,ryan-griffin-1,8911.0,8600.0,,26824.0,465129.0,14985.0,465129.0,Ryan Griffin,ryan griffin,1,1,12.0,0,0.0,0.0,7.0,5.0,1.0,0.9999185,0,1.7142857,0.03448276,0.03211009,0.074201204,,,,,,,,,,,,,,,,,REG,HOU,CLE,Ryan Griffin,GrifRy00,0.0,0.0,0.0,116.7
2018,REG,13,00-0033658,B.Jarwin,TE,TE,DAL,13722,43e8a6ac-d451-4dbd-b145-797764f91494,16638.0,12320.0,4571.0,,2991767.0,30784.0,,2819999.0,JarwBl00,,12179.0,12507.0,,30784.0,711965.0,19457.0,711965.0,Blake Jarwin,blake jarwin,1,1,12.0,0,0.0,0.0,2.0,10.0,1.0,1.7945545,0,6.0,0.035714287,0.010638298,0.061018236,,,,,,,,,,,,,,,,,REG,DAL,NO,Blake Jarwin,JarwBl00,0.0,0.0,0.0,116.7
2018,REG,13,00-0032055,D.Funchess,TE,TE,CAR,12205,7f5f2a81-ac40-420c-9421-5b9e2a21faf8,13915.0,9474.0,2346.0,,2977609.0,28429.0,,2001877.0,FuncDe00,devin-funchess-1,10138.0,10391.0,,28429.0,696127.0,16802.0,696127.0,Devin Funchess,devin funchess,1,3,10.0,1,0.0,0.0,54.0,1.0,1.0,-0.7027177,0,0.18518518,0.07317073,0.12826604,0.19954231,,,,,,,,,,,,,,,,,REG,CAR,TB,Devin Funchess,FuncDe00,0.0,0.0,0.0,83.3
2018,REG,13,00-0033611,R.Seals-Jones,TE,TE,ARI,13382,52735659-a294-4f64-a7f4-3591450834e5,16730.0,12020.0,4531.0,,3051806.0,30494.0,,2080003.0,SealRi00,,11876.0,12463.0,,30494.0,744568.0,19410.0,744568.0,Ricky Seals-Jones,ricky seals-jones,1,3,10.0,0,0.0,0.0,26.0,0.0,1.0,0.8925157,0,0.3846154,0.125,0.10788382,0.26301867,,,,,,,,,,,,,,,,,REG,ARI,GB,Ricky Seals-Jones,SealRi00,0.0,0.0,0.0,43.7
2018,REG,13,00-0028112,C.Clay,TE,TE,BUF,10409,04ca4fb9-194e-47fe-8fc8-adb5790a8e78,10003.0,6326.0,801.0,charlesclay/2495139,14145.0,24961.0,,1265552.0,ClayCh00,charles-clay-1,7424.0,6681.0,,24961.0,400516.0,12751.0,,Charles Clay,charles clay,1,2,9.0,0,0.0,0.0,30.0,9.0,1.0,-1.4144236,0,0.3,0.071428575,0.073891625,0.158867,,,,,,,,,,,,,,,,,REG,BUF,MIA,Charles Clay,ClayCh00,0.0,1.0,0.5,62.5
2018,REG,13,00-0031788,M.Lengel,TE,TE,CIN,13044,4d747b73-bcc6-46d2-a2d7-ec1d0c8135a2,14079.0,9884.0,3036.0,,2470916.0,28975.0,,2174840.0,,,10558.0,10868.0,,28975.0,504496.0,17741.0,,Matt Lengel,matt lengel,1,2,9.0,0,0.0,0.0,4.0,5.0,1.0,0.5117037,0,2.25,0.055555556,0.020618556,0.097766325,,,,,,,,,,,,,,,,,,,,,,,,,
2018,REG,13,00-0032117,N.O'Leary,TE,TE,MIA,12207,c257b2e6-dfc9-45c8-b30c-a497f2ce82a2,13957.0,9627.0,2495.0,,2576804.0,28582.0,,1860760.0,OLeaNi00,nick-oleary-1,10250.0,10568.0,,28582.0,605423.0,16954.0,,Nick O'Leary,nick oleary,1,1,9.0,0,0.0,0.0,1.0,8.0,0.0,-0.26193127,0,9.0,0.041666668,0.004149378,0.065404564,,,,,,,,,,,,,,,,,REG,MIA,BUF,Nick O'Leary,OLeaNi00,0.0,0.0,0.0,104.2
2018,REG,13,00-0030089,L.Willson,TE,TE,DET,11381,16c67c97-ffd9-4f92-917d-ad6124ce1f6e,11812.0,7940.0,1603.0,lukewillson/2541199,16121.0,26781.0,,2057661.0,WillLu00,luke-willson-1,8907.0,8567.0,,26781.0,466869.0,15263.0,466869.0,Luke Willson,luke willson,1,2,8.0,0,0.0,0.0,9.0,2.0,0.0,0.17983554,0,0.8888889,0.060606062,0.03345725,0.11432917,,,,,,,,,,,,,,,,,REG,DET,LA,Luke Willson,WillLu00,0.0,0.0,0.0,60.4
2018,REG,13,00-0033885,D.Njoku,TE,TE,CLE,13192,8f86fcea-90e8-49ea-bc78-5c7659313e57,16399.0,11784.0,4033.0,,3123076.0,30142.0,,2136474.0,NjokDa00,david-njoku-1,11734.0,12186.0,252.0,30142.0,832098.0,18876.0,832098.0,David Njoku,david njoku,3,6,8.0,0,0.0,0.0,58.0,9.0,1.0,-6.5753818,0,0.13793103,0.15,0.14795919,0.32857144,David Njoku,CLE,7.25,5.264082821071303,10.293333333333331,15.38155010958358,50.0,8.0,0.0,3.546666666666667,5.233375026028625,-1.6867083593619583,00-0033885,David,Njoku,D.Njoku,REG,CLE,HOU,David Njoku,NjokDa00,3.0,0.0,0.0,16.7
2018,REG,13,00-0031598,N.Boyle,TE,TE,BAL,12328,9480dd9f-151f-4e6d-b5a3-35f07bda4cac,13963.0,9604.0,2474.0,,2574591.0,28559.0,,1888149.0,BoylNi00,,10252.0,10547.0,,28559.0,608753.0,16931.0,608753.0,Nick Boyle,nick boyle,1,2,7.0,0,0.0,0.0,2.0,7.0,1.0,-1.0025926,0,3.5,0.08,0.00862069,0.12603448,,,,,,,,,,,,,,,,,REG,BAL,ATL,Nick Boyle,BoylNi00,0.0,0.0,0.0,58.3
2018,REG,13,00-0032135,J.James,TE,TE,PIT,12211,a37a5bfd-b48c-4d8b-817a-d8ce7ca3592d,13959.0,9593.0,2463.0,jessejames/2552633,2979590.0,28548.0,,1983808.0,JameJe00,jesse-james-1,10150.0,10403.0,,28548.0,652019.0,16920.0,652019.0,Jesse James,jesse james,1,3,7.0,0,0.0,0.0,17.0,3.0,1.0,-0.8598415,0,0.4117647,0.06666667,0.045212764,0.13164894,,,,,,,,,,,,,,,,,REG,PIT,LAC,Jesse James,JameJe00,0.0,0.0,0.0,42.4
2018,REG,13,00-0033895,G.Everett,TE,TE,LA,13236,ebeceb00-57e0-4b74-9cf7-853da2afed18,16459.0,11799.0,4089.0,,3918639.0,30157.0,,2142692.0,EverGe00,gerald-everett-1,11737.0,12284.0,55.0,30157.0,838487.0,18935.0,838487.0,Gerald Everett,gerald everett,1,3,7.0,0,0.0,0.0,38.0,3.0,1.0,-1.2508342,0,0.18421052,0.09375,0.108882524,0.21684277,,,,,,,,,,,,,,,,,REG,LA,DET,Gerald Everett,EverGe00,0.0,0.0,0.0,42.4
2018,REG,13,00-0034383,D.Schultz,TE,TE,DAL,13772,8caec1b4-e0b6-4a84-b8c8-617d6e91ef6a,17349.0,47304.0,5001.0,,3117256.0,31107.0,,2136748.0,SchuDa00,dalton-schultz-1,12514.0,13198.0,487.0,31107.0,830523.0,19920.0,830523.0,Dalton Schultz,dalton schultz,1,2,7.0,0,0.0,0.0,10.0,2.0,0.0,-0.6264449,0,0.7,0.071428575,0.05319149,0.1443769,,,,,,,,,,,,,,,,,REG,DAL,NO,Dalton Schultz,SchuDa00,0.0,0.0,0.0,58.3
2018,REG,13,00-0033757,R.Tonyan,TE,TE,GB,13427,7c9c7800-69d0-459b-812b-a07ac48e9f2a,16502.0,12193.0,4602.0,,2975674.0,30777.0,,2820026.0,TonyRo00,,12389.0,12868.0,,30777.0,660151.0,19491.0,660151.0,Robert Tonyan,robert tonyan,1,1,5.0,0,0.0,0.0,4.0,1.0,1.0,0.19883947,0,1.25,0.020833334,0.011299435,0.039159603,,,,,,,,,,,,,,,,,REG,GB,ARI,Robert Tonyan,TonyRo00,0.0,0.0,0.0,87.5
2018,REG,13,00-0033896,A.Shaheen,TE,TE,CHI,13254,87171077-4c1c-4b67-b159-2cc6242988e0,16457.0,11800.0,4085.0,,4198676.0,30158.0,,2818105.0,ShahAd00,,11898.0,12283.0,,30158.0,1049770.0,18931.0,1049770.0,Adam Shaheen,adam shaheen,2,2,5.0,1,0.0,0.0,5.0,0.0,1.0,0.6532423,0,1.0,0.05,0.013774104,0.084641874,,,,,,,,,,,,,,,,,REG,CHI,NYG,Adam Shaheen,ShahAd00,0.0,0.0,0.0,118.7
2018,REG,13,00-0030854,E.Swoope,TE,TE,IND,11904,947e7faa-e8be-4603-829c-b57e4247ccbf,12352.0,9303.0,1975.0,erikswoope/2550405,17091.0,27914.0,,2130326.0,,,9808.0,9792.0,,27914.0,550290.0,16238.0,,Erik Swoope,erik swoope,1,1,4.0,0,0.0,0.0,0.0,4.0,0.0,-2.0773258,0,0.0,0.02,0.0,0.03,,,,,,,,,,,,,,,,,,,,,,,,,
2018,REG,13,00-0031299,J.Matthews,TE,TE,PHI,11676,7b96a836-666b-47b6-a0a7-9dbb0b4c53e8,12124.0,8677.0,1800.0,jordanmatthews/2543500,16763.0,27570.0,,1759816.0,MattJo00,jordan-matthews-1,9273.0,9420.0,,27570.0,555648.0,15974.0,555648.0,Jordan Matthews,jordan matthews,1,2,4.0,1,0.0,0.0,6.0,0.0,1.0,0.6224448,0,0.6666667,0.05263158,0.023809524,0.09561404,,,,,,,,,,,,,,,,,REG,PHI,WAS,Jordan Matthews,MattJo00,0.0,0.0,0.0,95.8
2018,REG,13,00-0031585,M.Pruitt,TE,TE,TEN,12309,f22b34cf-6ecf-4522-9c77-1da275dfda7d,13964.0,9576.0,2446.0,,2508256.0,28531.0,,1760327.0,PruiMy00,,10251.0,10522.0,,28531.0,552586.0,16903.0,552586.0,MyCole Pruitt,mycole pruitt,1,1,4.0,0,0.0,0.0,2.0,2.0,0.0,-1.9081047,0,2.0,0.030303031,0.005830904,0.04953618,,,,,,,,,,,,,,,,,REG,TEN,NYJ,MyCole Pruitt,PruiMy00,0.0,0.0,0.0,83.3
2018,REG,13,00-0032394,N.Vannett,TE,TE,SEA,12680,c731aa8a-778b-4ccd-a19f-517eb66f47b7,15645.0,10728.0,3258.0,,2576399.0,29328.0,,1871322.0,VannNi00,nick-vannett-1,10949.0,11329.0,,29328.0,606488.0,18019.0,606488.0,Nick Vannett,nick vannett,1,1,4.0,0,0.0,0.0,1.0,3.0,0.0,-0.1387874,0,4.0,0.05882353,0.006802721,0.0929972,,,,,,,,,,,,,,,,,REG,SEA,SF,Nick Vannett,VannNi00,0.0,0.0,0.0,83.3
2018,REG,13,00-0032745,A.Cross,TE,TE,TB,12996,cc1df018-baa8-4344-b13c-cd5ef1a52d26,16217.0,10931.0,3595.0,,2586700.0,29571.0,,1906373.0,,,11406.0,11727.0,,29571.0,614284.0,18376.0,,Alan Cross,alan cross,1,1,3.0,0,0.0,0.0,2.0,1.0,0.0,-0.38015318,0,1.5,0.033333335,0.008547009,0.055982906,,,,,,,,,,,,,,,,,,,,,,,,,
2018,REG,13,00-0028097,L.Smith,TE,TE,LV,10398,cf23126f-055b-4617-819b-bb4bcb84541a,9992.0,6311.0,812.0,leesmith/2495347,14215.0,24946.0,7585.0,1276441.0,SmitLe00,lee-smith-2,7425.0,6665.0,,24946.0,334184.0,12777.0,334184.0,Lee Smith,lee smith,1,1,1.0,1,0.0,0.0,1.0,0.0,1.0,0.8234431,0,1.0,0.027027028,0.0032467532,0.042813268,,,,,,,,,,,,,,,,,REG,OAK,KC,Lee Smith,SmitLe00,0.0,0.0,0.0,118.7
2018,REG,13,00-0021547,A.Gates,TE,TE,LAC,7236,82da09c2-e542-4f7d-87d9-24dfd8e014de,9027.0,1609.0,322.0,antoniogates/2505299,5362.0,6663.0,,396811.0,,,3172.0,611.0,,6663.0,234249.0,7884.0,,Antonio Gates,antonio gates,0,1,0.0,0,0.0,0.0,9.0,0.0,0.0,-0.44837555,1,0.0,0.027777778,0.0373444,0.06780775,,,,,,,,,,,,,,,,,,,,,,,,,
2018,REG,13,00-0030710,T.Burton,TE,TE,CHI,11705,bc0f07a4-3e7b-4e61-987a-05533dc225be,12153.0,9185.0,1793.0,treyburton/2550284,16974.0,27789.0,,2130223.0,BurtTr01,,9490.0,9737.0,,27789.0,542788.0,15965.0,,Trey Burton,trey burton,0,1,0.0,0,0.0,0.0,18.0,0.0,0.0,-0.7310387,0,0.0,0.025,0.049586777,0.072210744,,,,,,,,,,,,,,,,,REG,CHI,NYG,Trey Burton,BurtTr01,0.0,0.0,0.0,39.6
2018,REG,13,00-0031744,M.LaCosse,TE,TE,DEN,12596,25e58aee-1b33-4468-9a81-6586426b91d5,14288.0,9840.0,2944.0,mattlacosse/2553667,2576179.0,28875.0,,2174931.0,,,10727.0,10980.0,,28875.0,606055.0,17415.0,606055.0,Matt LaCosse,matt lacosse,0,1,0.0,0,0.0,0.0,-2.0,0.0,0.0,-0.5518183,0,0.0,0.05263158,-0.015384615,0.06817814,,,,,,,,,,,,,,,,,,,,,,,,,
2018,REG,13,00-0032661,B.Braunecker,TE,TE,CHI,12868,d76c8e95-7c6e-4def-9fd9-d813df18b3b8,15842.0,11335.0,3465.0,,2969241.0,29913.0,,1994904.0,BrauBe00,,10917.0,11587.0,,29913.0,679453.0,18229.0,,Ben Braunecker,ben braunecker,0,1,0.0,0,0.0,0.0,18.0,0.0,0.0,-0.4915658,0,0.0,0.025,0.049586777,0.072210744,,,,,,,,,,,,,,,,,REG,CHI,NYG,Ben Braunecker,BrauBe00,0.0,0.0,0.0,39.6
2018,REG,13,00-0034351,D.Goedert,TE,TE,PHI,13674,e8029983-87cf-49a2-bc04-04c8233a0630,17270.0,47272.0,5022.0,,3121023.0,31019.0,,2132551.0,GoedDa00,,12860.0,13151.0,382.0,31019.0,791365.0,19863.0,791365.0,Dallas Goedert,dallas goedert,0,3,0.0,0,0.0,0.0,25.0,0.0,0.0,-1.8473637,0,0.0,0.078947365,0.09920635,0.1878655,,,,,,,,,,,,,,,,,REG,PHI,WAS,Dallas Goedert,GoedDa00,0.0,0.0,0.0,39.6
2018,REG,13,00-0034532,J.Franks,TE,TE,CIN,13995,501aa2d9-4202-40e8-810b-92cacea26cd7,17660.0,47206.0,5253.0,,3128439.0,31561.0,,2926472.0,,,13247.0,13724.0,,31561.0,838400.0,20264.0,838400.0,Jordan Franks,jordan franks,0,1,0.0,0,0.0,0.0,23.0,0.0,0.0,-3.9992955,0,0.0,0.027777778,0.1185567,0.12465636,,,,,,,,,,,,,,,,,,,,,,,,,
2018,REG,14,00-0033288,G.Kittle,TE,TE,SF,13299,2ada91b0-036e-454f-83c3-6d939ff584a9,16499.0,11901.0,4217.0,,3040151.0,30259.0,,2818265.0,KittGe00,george-kittle-1,11892.0,12276.0,298.0,30259.0,733672.0,19063.0,733672.0,George Kittle,george kittle,7,9,210.0,1,0.0,0.0,93.0,136.0,6.0,14.155591,0,2.2580645,0.28125,0.42465752,0.7191353,George Kittle,SF,6.212000000000001,3.6460770298732177,9.67111111111111,37.23954990801352,77.77777777777779,210.0,1.0,20.080000000000002,12.380826277475405,7.699173722524597,00-0033288,George,Kittle,G.Kittle,REG,SF,DEN,George Kittle,KittGe00,2.0,0.0,0.0,155.8
2018,REG,14,00-0027061,J.Cook,TE,TE,LV,9474,3b7a1409-d154-4e5c-8c94-9d4a0e0993c7,9265.0,5012.0,367.0,jaredcook/71265,12537.0,9353.0,6126.0,584314.0,CookJa02,jared-cook-2,5981.0,5165.0,,9353.0,296480.0,8534.0,296480.0,Jared Cook,jared cook,7,10,116.0,0,0.0,0.0,99.0,35.0,6.0,5.141288,0,1.1717172,0.3125,0.34982333,0.7136263,Jared Cook,LV,3.551111111111111,2.2124034684566434,9.679,35.07519478166334,70.0,116.0,0.0,6.664285714285714,4.168276134034321,2.4960095802513926,00-0027061,Jared,Cook,J.Cook,REG,OAK,PIT,Jared Cook,CookJa02,0.0,1.0,0.1,108.7
2018,REG,14,00-0027656,R.Gronkowski,TE,TE,NE,9902,2142a164-48ad-47d6-bb27-0bc58c6b2e62,9721.0,5567.0,515.0,robgronkowski/497240,13229.0,24017.0,,1244303.0,GronRo00,rob-gronkowski-1,6443.0,5729.0,,24017.0,381091.0,10974.0,381091.0,Rob Gronkowski,rob gronkowski,8,8,107.0,1,0.0,0.0,79.0,28.0,7.0,12.53683,0,1.3544304,0.20512821,0.2303207,0.4689168,Rob Gronkowski,NE,7.268000000000001,3.2501711484098186,9.049999999999999,21.464571597983987,100.0,107.0,1.0,4.325000000000001,4.027319248052656,0.297680751947345,00-0027656,Robert,Gronkowski,R.Gronkowski,REG,NE,MIA,Rob Gronkowski,GronRo00,0.0,0.0,0.0,158.3
2018,REG,14,00-0030108,R.Griffin,TE,TE,HOU,11399,cb1df42c-b59c-4e23-a9a2-fbfc2b39ef71,11830.0,7982.0,1425.0,ryangriffin/2541316,15887.0,26824.0,,2057695.0,GrifRy00,ryan-griffin-1,8911.0,8600.0,,26824.0,465129.0,14985.0,465129.0,Ryan Griffin,ryan griffin,5,5,80.0,0,0.0,0.0,35.0,45.0,3.0,6.373203,0,2.2857144,0.13157895,0.13618676,0.29269916,Ryan Griffin,HOU,5.3566666666666665,3.859329323569848,6.444,12.132851333032082,100.0,80.0,0.0,9.556000000000001,8.12476802394998,1.4312319760500216,00-0030108,Ryan,Griffin,R.Griffin,REG,HOU,IND,Ryan Griffin,GrifRy00,0.0,0.0,0.0,118.7
2018,REG,14,00-0030506,T.Kelce,TE,TE,KC,11244,c3859e06-5f23-4302-a71b-04820a899d5f,11594.0,7844.0,1466.0,traviskelce/2540258,15847.0,26686.0,,1725130.0,KelcTr00,travis-kelce-1,8783.0,8411.0,264.0,26686.0,448240.0,15048.0,448240.0,Travis Kelce,travis kelce,7,9,77.0,1,0.0,0.0,82.0,17.0,6.0,8.562364,0,0.9390244,0.1875,0.22465754,0.43851027,Travis Kelce,KC,4.538888888888889,2.1316589524917067,9.172222222222222,21.40319946070678,77.77777777777779,77.0,1.0,2.8242857142857147,2.77582053286763,0.04846518141808476,00-0030506,Travis,Kelce,T.Kelce,REG,KC,BAL,Travis Kelce,KelcTr00,0.0,1.0,0.111,139.4
2018,REG,14,00-0033881,E.Engram,TE,TE,NYG,13189,e21365af-8d66-416e-b0a5-8816d18fcfd9,16411.0,11778.0,4066.0,,3051876.0,30136.0,,2079887.0,EngrEv00,evan-engram-1,11805.0,12205.0,229.0,30136.0,749185.0,18912.0,749185.0,Evan Engram,evan engram,3,5,77.0,0,0.0,0.0,17.0,71.0,2.0,2.7650902,0,4.529412,0.1923077,0.09042553,0.3517594,Evan Engram,NYG,3.822,5.940566806981136,3.4960000000000013,8.929301185124645,60.0,77.0,0.0,24.343333333333334,10.63051260622145,13.712820727111884,00-0033881,Evan,Engram,E.Engram,REG,NYG,WAS,Evan Engram,EngrEv00,0.0,0.0,0.0,104.2
2018,REG,14,00-0034365,I.Thomas,TE,TE,CAR,13678,ed8a8fd2-df67-45e7-a34f-984afb82f6ea,17387.0,42130.0,4995.0,,4045305.0,31071.0,,2253359.0,ThomIa00,ian-thomas-3,12858.0,13163.0,323.0,31071.0,943093.0,19910.0,943093.0,Ian Thomas,ian thomas,9,11,77.0,0,0.0,0.0,45.0,41.0,6.0,3.5628889,0,1.7111111,0.26190478,0.15306123,0.5,Ian Thomas,CAR,4.2957142857142845,3.0549529932975585,4.137272727272728,16.77293332841927,81.81818181818183,77.0,0.0,4.318888888888888,4.351548788693092,-0.03265989980420425,00-0034365,Ian,Thomas,I.Thomas,REG,CAR,CLE,Ian Thomas,ThomIa00,0.0,0.0,0.0,95.8
2018,REG,14,00-0031387,E.Ebron,TE,TE,IND,11695,9fbcfae9-dd14-415c-8952-9b1b5dff0dfc,12143.0,8645.0,2118.0,ericebron/2543466,16732.0,27538.0,,1865396.0,EbroEr00,eric-ebron-1,9210.0,9390.0,,27538.0,605752.0,16451.0,605752.0,Eric Ebron,eric ebron,4,8,65.0,1,0.0,0.0,67.0,21.0,4.0,1.6770246,0,0.9701493,0.2,0.19364162,0.43554914,Eric Ebron,IND,6.3757142857142854,4.655270151926578,8.1575,18.842755673615525,50.0,65.0,1.0,5.702500000000001,5.746340930366728,-0.04384093036672709,00-0031387,Eric,Ebron,E.Ebron,REG,IND,HOU,Eric Ebron,EbroEr00,0.0,2.0,0.25,117.2
2018,REG,14,00-0033658,B.Jarwin,TE,TE,DAL,13722,43e8a6ac-d451-4dbd-b145-797764f91494,16638.0,12320.0,4571.0,,2991767.0,30784.0,,2819999.0,JarwBl00,,12179.0,12507.0,,30784.0,711965.0,19457.0,711965.0,Blake Jarwin,blake jarwin,7,7,56.0,0,0.0,0.0,31.0,25.0,4.0,4.6510563,0,1.8064516,0.13207547,0.07226107,0.24869595,Blake Jarwin,DAL,6.3725000000000005,4.142926481602294,3.9385714285714277,6.681854535760161,100.0,56.0,0.0,4.061428571428572,4.1434557825765195,-0.0820272111479472,00-0033658,Blake,Jarwin,B.Jarwin,REG,DAL,PHI,Blake Jarwin,JarwBl00,0.0,0.0,0.0,100.0
2018,REG,14,00-0034351,D.Goedert,TE,TE,PHI,13674,e8029983-87cf-49a2-bc04-04c8233a0630,17270.0,47272.0,5022.0,,3121023.0,31019.0,,2132551.0,GoedDa00,,12860.0,13151.0,382.0,31019.0,791365.0,19863.0,791365.0,Dallas Goedert,dallas goedert,4,5,44.0,1,0.0,0.0,39.0,29.0,2.0,2.9348457,0,1.1282052,0.15625,0.14130434,0.33328804,Dallas Goedert,PHI,4.6850000000000005,2.977585486405798,8.623999999999999,16.79062341809119,80.0,44.0,1.0,7.412500000000001,6.308147300460405,1.1043526995395965,00-0034351,Dallas,Goedert,D.Goedert,REG,PHI,DAL,Dallas Goedert,GoedDa00,0.0,0.0,0.0,142.9
2018,REG,14,00-0034364,J.Akins,TE,TE,HOU,13753,0cb5a32a-a340-4671-ba2a-93f5fa6aee8d,17415.0,47050.0,5032.0,,3128452.0,31068.0,,2142712.0,AkinJo00,jordan-akins-1,12568.0,13238.0,,31068.0,838396.0,19903.0,838396.0,Jordan Akins,jordan akins,2,2,40.0,0,0.0,0.0,27.0,13.0,2.0,4.1165595,0,1.4814814,0.05263158,0.105058365,0.15248823,,,,,,,,,,,,,,,,,REG,HOU,IND,Jordan Akins,AkinJo00,0.0,0.0,0.0,118.7
2018,REG,14,00-0030061,Z.Ertz,TE,TE,PHI,11247,de3421f7-2147-4835-89a5-724e87bad463,11689.0,7816.0,1339.0,zachertz/2540158,15835.0,26658.0,,1685963.0,ErtzZa00,zach-ertz-1,8781.0,8409.0,305.0,26658.0,503177.0,14856.0,503177.0,Zach Ertz,zach ertz,5,8,38.0,0,0.0,0.0,62.0,7.0,3.0,-0.5896228,0,0.61290324,0.25,0.22463769,0.53224635,Zach Ertz,PHI,6.492857142857143,2.1373148133024693,7.26125,22.619835676180834,62.5,38.0,0.0,1.4880000000000009,1.7338932567579377,-0.24589325675793683,00-0030061,Zachary,Ertz,Z.Ertz,REG,PHI,DAL,Zach Ertz,ErtzZa00,0.0,0.0,0.0,74.0
2018,REG,14,00-0030470,V.McDonald,TE,TE,PIT,11257,8f24a248-b328-43ec-8677-67600e42a8f7,11699.0,7836.0,1587.0,vancemcdonald/2540215,15853.0,26678.0,,1673357.0,McDoVa00,vance-mcdonald-1,8785.0,8413.0,,26678.0,494969.0,15239.0,,Vance McDonald,vance mcdonald,4,4,37.0,0,0.0,0.0,-1.0,38.0,3.0,1.4962273,0,0.0,0.10810811,-0.005586592,0.15825155,,,,,,,,,,,,,,,,,REG,PIT,OAK,Vance McDonald,McDoVa00,1.0,0.0,0.0,105.2
2018,REG,14,00-0032134,C.Uzomah,TE,TE,CIN,12317,19858900-5c8e-49a7-ab02-34ef625724ca,14084.0,9590.0,2460.0,c.j.uzomah/2552559,2574576.0,28545.0,,2174118.0,UzomC.00,cj-uzomah-1,10462.0,10534.0,,28545.0,593305.0,16917.0,593305.0,C.J. Uzomah,cj uzomah,3,3,37.0,0,0.0,0.0,23.0,14.0,1.0,2.2616994,0,1.6086956,0.12,0.13690476,0.27583334,,,,,,,,,,,,,,,,,REG,CIN,LAC,C.J. Uzomah,UzomC.00,0.0,0.0,0.0,118.1
2018,REG,14,00-0032392,A.Hooper,TE,TE,ATL,12677,90c2a93f-d837-4e1b-b57c-56648903a8db,15581.0,10715.0,3202.0,,3043275.0,29315.0,,2067004.0,HoopAu00,austin-hooper-1,10748.0,11301.0,384.0,29315.0,739424.0,17963.0,739424.0,Austin Hooper,austin hooper,4,6,37.0,0,0.0,0.0,42.0,12.0,1.0,-4.6219,0,0.88095236,0.14285715,0.11898017,0.29757184,Austin Hooper,ATL,7.826666666666667,2.0688768914262683,7.348333333333333,12.343570648674373,66.66666666666666,37.0,0.0,2.8025,2.2477818572488673,0.554718142751133,00-0032392,Austin,Hooper,A.Hooper,REG,ATL,GB,Austin Hooper,HoopAu00,1.0,0.0,0.0,43.7
2018,REG,14,00-0034383,D.Schultz,TE,TE,DAL,13772,8caec1b4-e0b6-4a84-b8c8-617d6e91ef6a,17349.0,47304.0,5001.0,,3117256.0,31107.0,,2136748.0,SchuDa00,dalton-schultz-1,12514.0,13198.0,487.0,31107.0,830523.0,19920.0,830523.0,Dalton Schultz,dalton schultz,3,3,37.0,0,0.0,0.0,25.0,12.0,2.0,2.5404265,0,1.48,0.056603774,0.05827506,0.1256982,,,,,,,,,,,,,,,,,REG,DAL,PHI,Dalton Schultz,SchuDa00,1.0,0.0,0.0,118.1
2018,REG,14,00-0033885,D.Njoku,TE,TE,CLE,13192,8f86fcea-90e8-49ea-bc78-5c7659313e57,16399.0,11784.0,4033.0,,3123076.0,30142.0,,2136474.0,NjokDa00,david-njoku-1,11734.0,12186.0,252.0,30142.0,832098.0,18876.0,832098.0,David Njoku,david njoku,3,4,35.0,0,0.0,0.0,49.0,8.0,1.0,0.11913474,0,0.71428573,0.17391305,0.17948718,0.38651058,,,,,,,,,,,,,,,,,REG,CLE,CAR,David Njoku,NjokDa00,0.0,1.0,0.25,101.0
2018,REG,14,00-0024221,V.Davis,TE,TE,WAS,8247,0a95e792-6455-4927-9539-f95fa7f41fbb,9621.0,2951.0,200.0,vernondavis/2495826,9592.0,7755.0,,409254.0,DaviVe00,vernon-davis-1,4732.0,3638.0,,7755.0,215595.0,5084.0,,Vernon Davis,vernon davis,4,4,31.0,0,0.0,0.0,15.0,16.0,1.0,1.4497225,1,2.0666666,0.13793103,0.083333336,0.26522988,,,,,,,,,,,,,,,,,REG,WAS,NYG,Vernon Davis,DaviVe00,1.0,0.0,0.0,99.0
2018,REG,14,00-0033611,R.Seals-Jones,TE,TE,ARI,13382,52735659-a294-4f64-a7f4-3591450834e5,16730.0,12020.0,4531.0,,3051806.0,30494.0,,2080003.0,SealRi00,,11876.0,12463.0,,30494.0,744568.0,19410.0,744568.0,Ricky Seals-Jones,ricky seals-jones,3,5,31.0,0,0.0,0.0,70.0,8.0,2.0,-0.6371777,0,0.44285715,0.12195122,0.18421052,0.3118742,Ricky Seals-Jones,ARI,3.9325,2.929967919948271,13.960000000000003,18.359724341101586,60.0,31.0,0.0,3.4066666666666663,1.7421861489574486,1.6644805177092177,00-0033611,Roderick,Seals-Jones,R.Seals-Jones,REG,ARI,DET,Ricky Seals-Jones,SealRi00,0.0,0.0,0.0,77.9
2018,REG,14,00-0034420,J.Thomas,TE,TE,HOU,13819,f993832a-f81f-4706-90b8-80fd193bdfd7,17399.0,42062.0,5117.0,,4035379.0,31181.0,,2249166.0,ThomJo05,jordan-thomas-6,12697.0,13309.0,,31181.0,922092.0,20020.0,922092.0,Jordan Thomas,jordan thomas,4,4,31.0,0,0.0,0.0,23.0,8.0,2.0,2.9947538,0,1.3478261,0.10526316,0.08949416,0.22054066,,,,,,,,,,,,,,,,,REG,HOU,IND,Jordan Thomas,ThomJo05,0.0,0.0,0.0,99.0
2018,REG,14,00-0029119,D.Carrier,TE,TE,LV,10940,d3fab07b-f02a-433d-9612-cb0a751f324d,11417.0,7406.0,1718.0,derekcarrier/2534241,15403.0,26416.0,,1977121.0,CarrDe00,,9203.0,7527.0,,26416.0,654887.0,15640.0,654887.0,Derek Carrier,derek carrier,2,2,29.0,1,0.0,0.0,27.0,2.0,2.0,6.146057,0,1.074074,0.0625,0.09540636,0.16053446,,,,,,,,,,,,,,,,,REG,OAK,PIT,Derek Carrier,CarrDe00,0.0,0.0,0.0,158.3
2018,REG,14,00-0033895,G.Everett,TE,TE,LA,13236,ebeceb00-57e0-4b74-9cf7-853da2afed18,16459.0,11799.0,4089.0,,3918639.0,30157.0,,2142692.0,EverGe00,gerald-everett-1,11737.0,12284.0,55.0,30157.0,838487.0,18935.0,838487.0,Gerald Everett,gerald everett,4,7,29.0,0,0.0,0.0,27.0,10.0,2.0,1.5766273,0,1.074074,0.1627907,0.07377049,0.2958254,Gerald Everett,LAR,3.806,2.1196722832702632,4.9250000000000025,7.267227386749303,50.0,22.0,0.0,2.1066666666666642,2.5145146581726294,-0.4078479915059652,00-0033895,Gerald,Everett,G.Everett,REG,LA,CHI,Gerald Everett,EverGe00,0.0,0.0,0.0,67.0
2018,REG,14,00-0030155,D.Harris,TE,TE,KC,11448,8506c15c-15cc-4d2c-aebf-270c605fe0ec,11881.0,8524.0,1619.0,demetriusharris/2541187,16318.0,27174.0,,2060074.0,HarrDe03,,9847.0,8683.0,,27174.0,602269.0,15305.0,602269.0,Demetrius Harris,demetrius harris,3,3,28.0,0,0.0,0.0,-2.0,30.0,2.0,2.554113,0,0.0,0.0625,-0.005479452,0.08991438,,,,,,,,,,,,,,,,,REG,KC,BAL,Demetrius Harris,HarrDe03,1.0,0.0,0.0,105.6
2018,REG,14,00-0032135,J.James,TE,TE,PIT,12211,a37a5bfd-b48c-4d8b-817a-d8ce7ca3592d,13959.0,9593.0,2463.0,jessejames/2552633,2979590.0,28548.0,,1983808.0,JameJe00,jesse-james-1,10150.0,10403.0,,28548.0,652019.0,16920.0,652019.0,Jesse James,jesse james,2,2,28.0,0,0.0,0.0,20.0,8.0,1.0,2.05858,0,1.4,0.054054055,0.11173184,0.15929337,,,,,,,,,,,,,,,,,REG,PIT,OAK,Jesse James,JameJe00,0.0,0.0,0.0,118.7
2018,REG,14,00-0033455,A.Firkser,TE,TE,TEN,13919,b0719e3d-199b-46e5-a2b4-1091f6fd5c0d,16787.0,51837.0,4435.0,,3049698.0,30571.0,,2818971.0,FirkAn00,,12235.0,12691.0,,30571.0,767297.0,19296.0,767297.0,Anthony Firkser,anthony firkser,3,3,27.0,0,0.0,0.0,13.0,14.0,2.0,2.8465042,0,2.0769231,0.125,0.08227848,0.24509494,,,,,,,,,,,,,,,,,REG,TEN,JAX,Anthony Firkser,FirkAn00,0.0,0.0,0.0,104.2
2018,REG,14,00-0030443,L.Toilolo,TE,TE,DET,11252,67d56171-7522-430c-b7d9-8f7e2b6624d3,11694.0,7915.0,1642.0,levinetoilolo/2540203,15980.0,26756.0,,1685990.0,ToilLe00,levine-toilolo-1,8789.0,8414.0,,26756.0,503205.0,15378.0,503205.0,Levine Toilolo,levine toilolo,2,2,26.0,0,0.0,0.0,22.0,4.0,2.0,3.1322124,0,1.1818181,0.09090909,0.15277778,0.24330808,,,,,,,,,,,,,,,,,REG,DET,ARI,Levine Toilolo,ToilLe00,0.0,0.0,0.0,118.7
2018,REG,14,00-0022943,B.Watson,TE,TE,NO,7422,d81844de-54c3-42ee-9850-072dc4131b6f,9040.0,1753.0,663.0,benjaminwatson/2506122,5557.0,6791.0,,493107.0,WatsBe00,benjamin-watson-1,3872.0,48.0,,6791.0,246082.0,11756.0,,Ben Watson,ben watson,3,3,24.0,0,0.0,0.0,18.0,6.0,2.0,1.637573,0,1.3333334,0.09677419,0.09326425,0.21044627,,,,,,,,,,,,,,,,,REG,NO,TB,Ben Watson,WatsBe00,0.0,0.0,0.0,100.0
2018,REG,14,00-0030710,T.Burton,TE,TE,CHI,11705,bc0f07a4-3e7b-4e61-987a-05533dc225be,12153.0,9185.0,1793.0,treyburton/2550284,16974.0,27789.0,,2130223.0,BurtTr01,,9490.0,9737.0,,27789.0,542788.0,15965.0,,Trey Burton,trey burton,2,5,22.0,0,0.0,0.0,75.0,3.0,0.0,-6.7889647,0,0.29333332,0.17857143,0.3488372,0.5120432,Trey Burton,CHI,8.608,2.66332514462838,13.051999999999998,30.635621068444273,40.0,22.0,0.0,2.2900000000000027,2.3294190703245476,-0.03941907032454495,00-0030710,Lawrence,Burton,T.Burton,REG,CHI,LA,Trey Burton,BurtTr01,0.0,0.0,0.0,14.2
2018,REG,14,00-0021547,A.Gates,TE,TE,LAC,7236,82da09c2-e542-4f7d-87d9-24dfd8e014de,9027.0,1609.0,322.0,antoniogates/2505299,5362.0,6663.0,,396811.0,,,3172.0,611.0,,6663.0,234249.0,7884.0,,Antonio Gates,antonio gates,2,2,19.0,0,0.0,0.0,16.0,3.0,1.0,0.7265142,0,1.1875,0.06896552,0.067226894,0.15050709,,,,,,,,,,,,,,,,,,,,,,,,,
2018,REG,14,00-0032062,B.Bell,TE,TE,JAX,12213,0cc4e449-185a-4b08-9f07-c907ad0c3e05,13966.0,9550.0,2422.0,,2514206.0,28505.0,,1737101.0,BellBl00,blake-bell-1,10248.0,10366.0,,28505.0,542871.0,16878.0,542871.0,Blake Bell,blake bell,2,2,16.0,0,0.0,0.0,5.0,11.0,1.0,1.5170501,0,3.2,0.048780486,0.01344086,0.08257934,,,,,,,,,,,,,,,,,REG,JAX,TEN,Blake Bell,BellBl00,0.0,0.0,0.0,100.0
2018,REG,14,00-0033576,E.Saubert,TE,TE,ATL,13315,582dc00e-e7ec-4ca7-bff0-f7b1d604017b,16706.0,11929.0,4189.0,,2975863.0,30287.0,,2001018.0,SaubEr00,,11897.0,12300.0,,30287.0,694931.0,19035.0,694931.0,Eric Saubert,eric saubert,2,3,15.0,0,0.0,0.0,1.0,10.0,1.0,0.48979434,0,15.0,0.071428575,0.0028328612,0.10912586,,,,,,,,,,,,,,,,,REG,ATL,GB,Eric Saubert,SaubEr00,0.0,1.0,0.333,78.5
2018,REG,14,00-0034766,C.Herndon,TE,TE,NYJ,13679,780a48de-d092-4e87-9c34-8d1b45a154cc,17536.0,47164.0,5009.0,,3123050.0,31077.0,,2136463.0,HernCh00,christopher-herndon-iv-1,12899.0,13228.0,,31077.0,832080.0,19947.0,832080.0,Chris Herndon,chris herndon,1,2,14.0,0,0.0,0.0,35.0,0.0,1.0,-1.6733441,0,0.4,0.083333336,0.2,0.265,,,,,,,,,,,,,,,,,REG,NYJ,BUF,Chris Herndon,HernCh00,0.0,0.0,0.0,33.3
2018,REG,14,00-0027696,J.Graham,TE,TE,GB,9925,fd85786d-3900-4dc0-9b30-334ee30413ed,9712.0,5619.0,616.0,jimmygraham/497236,13232.0,24070.0,6610.0,1691166.0,GrahJi00,jimmy-graham-1,6532.0,5842.0,,24070.0,295918.0,11488.0,295918.0,Jimmy Graham,jimmy graham,2,5,13.0,0,0.0,0.0,91.0,1.0,1.0,-0.9338747,0,0.14285715,0.16129032,0.33955225,0.47962204,Jimmy Graham,GB,7.425,0.764971932297542,18.322,34.28517964071855,40.0,13.0,0.0,0.020000000000003126,0.605258382104239,-0.5852583821042359,00-0027696,Jimmy,Graham,J.Graham,REG,GB,ATL,Jimmy Graham,GrahJi00,0.0,0.0,0.0,47.9
2018,REG,14,00-0033953,J.Leggett,TE,TE,NYJ,13195,bea00842-e4db-4955-857a-ea8d4a0e215b,16458.0,11905.0,4153.0,,3045118.0,30263.0,,2060412.0,LeggJo00,jordan-leggett-1,11893.0,12307.0,,30263.0,733735.0,18999.0,,Jordan Leggett,jordan leggett,1,2,13.0,0,0.0,0.0,21.0,1.0,1.0,0.8788167,0,0.61904764,0.083333336,0.12,0.209,,,,,,,,,,,,,,,,,REG,NYJ,BUF,Jordan Leggett,LeggJo00,0.0,0.0,0.0,70.8
2018,REG,14,00-0031273,C.Brate,TE,TE,TB,12110,5afe93fd-0caf-4cca-83fc-7f405bebfa3e,13470.0,9207.0,2214.0,,17453.0,28267.0,,2132787.0,BratCa00,,10008.0,10193.0,,28267.0,552926.0,16593.0,552926.0,Cameron Brate,cameron brate,2,4,12.0,2,0.0,0.0,31.0,0.0,2.0,4.105006,0,0.38709676,0.10810811,0.066523604,0.20872869,,,,,,,,,,,,,,,,,REG,TB,NO,Cameron Brate,BratCa00,0.0,0.0,0.0,95.8
2018,REG,14,00-0031951,J.O'Shaughnessy,TE,TE,JAX,12330,e5c6b0d4-3e77-422b-a6d8-574a10ed385e,14146.0,9606.0,2476.0,,2508079.0,28561.0,,2174148.0,O'ShJa00,,10249.0,10549.0,,28561.0,552352.0,16933.0,552352.0,James O'Shaughnessy,james oshaughnessy,3,4,12.0,0,0.0,0.0,25.0,7.0,0.0,-1.9998065,0,0.48,0.09756097,0.067204304,0.19338447,,,,,,,,,,,,,,,,,REG,JAX,TEN,James O'Shaughnessy,O'ShJa00,0.0,0.0,0.0,77.1
2018,REG,14,00-0032394,N.Vannett,TE,TE,SEA,12680,c731aa8a-778b-4ccd-a19f-517eb66f47b7,15645.0,10728.0,3258.0,,2576399.0,29328.0,,1871322.0,VannNi00,nick-vannett-1,10949.0,11329.0,,29328.0,606488.0,18019.0,606488.0,Nick Vannett,nick vannett,1,1,12.0,0,0.0,0.0,10.0,2.0,1.0,0.67729294,0,1.2,0.0625,0.05464481,0.13200137,,,,,,,,,,,,,,,,,REG,SEA,MIN,Nick Vannett,VannNi00,0.0,0.0,0.0,116.7
2018,REG,14,00-0033421,A.Auclair,TE,TE,TB,13445,d6647491-8a3c-4f9f-999c-823823bd478d,16501.0,24606.0,4468.0,,4081127.0,30468.0,,2819226.0,AuclAn00,,12230.0,12603.0,,30468.0,1050026.0,19335.0,1050026.0,Antony Auclair,antony auclair,1,1,12.0,0,0.0,0.0,12.0,0.0,1.0,0.729897,0,1.0,0.027027028,0.025751073,0.05856629,,,,,,,,,,,,,,,,,REG,TB,NO,Antony Auclair,AuclAn00,0.0,0.0,0.0,116.7
2018,REG,14,00-0034270,T.Conklin,TE,TE,MIN,13675,f0d17dfa-ebf3-416c-a8d2-c6bc30675103,17598.0,47327.0,5133.0,,3915486.0,31220.0,,2165249.0,ConkTy00,tyler-conklin-1,12809.0,13220.0,489.0,31127.0,861278.0,19988.0,861278.0,Tyler Conklin,tyler conklin,1,2,11.0,0,0.0,0.0,18.0,2.0,0.0,0.76341176,0,0.6111111,0.06451613,0.08530806,0.15648983,,,,,,,,,,,,,,,,,REG,MIN,SEA,Tyler Conklin,ConkTy00,0.0,1.0,0.5,66.7
2018,REG,14,00-0031558,M.Williams,TE,TE,BAL,12206,52f4a43a-64a9-4d69-a9e2-28bd60f68e49,13919.0,9488.0,2360.0,,2970726.0,28443.0,,1983769.0,WillMa04,maxx-williams-1,10128.0,10298.0,,28443.0,651658.0,16816.0,651658.0,Maxx Williams,maxx williams,1,1,10.0,1,0.0,0.0,3.0,7.0,1.0,3.9623678,0,3.3333333,0.03846154,0.009771987,0.0645327,,,,,,,,,,,,,,,,,REG,BAL,KC,Maxx Williams,WillMa04,0.0,0.0,0.0,147.9
2018,REG,14,00-0029414,O.Charles,TE,TE,CLE,10747,b6325c85-c313-4cfb-a299-9884d5e9e389,11224.0,7116.0,1065.0,orsoncharles/2533047,14902.0,25826.0,,1707633.0,CharOr00,orson-charles-1,8042.0,7457.0,,25826.0,512099.0,13861.0,,Orson Charles,orson charles,1,1,9.0,0,0.0,0.0,-1.0,10.0,0.0,0.77826244,0,0.0,0.04347826,-0.0036630037,0.06265329,,,,,,,,,,,,,,,,,REG,CLE,CAR,Orson Charles,CharOr00,0.0,0.0,0.0,104.2
2018,REG,14,00-0031585,M.Pruitt,TE,TE,TEN,12309,f22b34cf-6ecf-4522-9c77-1da275dfda7d,13964.0,9576.0,2446.0,,2508256.0,28531.0,,1760327.0,PruiMy00,,10251.0,10522.0,,28531.0,552586.0,16903.0,552586.0,MyCole Pruitt,mycole pruitt,1,1,9.0,0,0.0,0.0,5.0,4.0,1.0,1.4821386,0,1.8,0.041666668,0.03164557,0.0846519,,,,,,,,,,,,,,,,,REG,TEN,JAX,MyCole Pruitt,PruiMy00,0.0,0.0,0.0,104.2
2018,REG,14,00-0033110,T.Higbee,TE,TE,LA,12678,0df7912d-9e81-47ea-b4f7-d04986df4ee8,15623.0,10744.0,3271.0,,2573401.0,29344.0,,1853103.0,HigbTy00,tyler-higbee-1,10854.0,11430.0,159.0,29344.0,604176.0,18032.0,604176.0,Tyler Higbee,tyler higbee,1,1,9.0,0,0.0,0.0,3.0,6.0,0.0,0.4816974,0,3.0,0.023255814,0.008196721,0.040621426,,,,,,,,,,,,,,,,,REG,LA,CHI,Tyler Higbee,HigbTy00,0.0,0.0,0.0,104.2
2018,REG,14,00-0027981,K.Rudolph,TE,TE,MIN,10312,1059e9dc-97df-4643-9116-883a0573d8b1,9906.0,6195.0,943.0,kylerudolph/2495438,14054.0,24830.0,7444.0,1633122.0,RudoKy00,kyle-rudolph-1,7246.0,6459.0,,24830.0,469472.0,13275.0,469472.0,Kyle Rudolph,kyle rudolph,2,5,7.0,0,0.0,0.0,13.0,1.0,0.0,-5.66262,0,0.53846157,0.16129032,0.061611373,0.28506345,Kyle Rudolph,MIN,4.618,2.04540139793208,4.001999999999998,7.820071908707203,40.0,7.0,0.0,0.6450000000000031,1.3519243367635454,-0.7069243367635423,00-0027981,Kyle,Rudolph,K.Rudolph,REG,MIN,SEA,Kyle Rudolph,RudoKy00,0.0,1.0,0.2,47.9
2018,REG,14,00-0028042,L.Stocker,TE,TE,TEN,10354,5b712aed-201c-43dd-b978-b7b6ef91178e,9948.0,6256.0,963.0,lukestocker/2495234,14099.0,24891.0,7589.0,1125485.0,StocLu00,luke-stocker-1,7413.0,6552.0,,24891.0,334186.0,13370.0,334186.0,Luke Stocker,luke stocker,1,1,7.0,0,0.0,0.0,5.0,2.0,0.0,-0.14802942,0,1.4,0.041666668,0.03164557,0.0846519,,,,,,,,,,,,,,,,,REG,TEN,JAX,Luke Stocker,StocLu00,0.0,0.0,0.0,95.8
2018,REG,14,00-0028112,C.Clay,TE,TE,BUF,10409,04ca4fb9-194e-47fe-8fc8-adb5790a8e78,10003.0,6326.0,801.0,charlesclay/2495139,14145.0,24961.0,,1265552.0,ClayCh00,charles-clay-1,7424.0,6681.0,,24961.0,400516.0,12751.0,,Charles Clay,charles clay,1,2,6.0,0,0.0,0.0,15.0,3.0,0.0,-1.0112594,0,0.4,0.057142857,0.05033557,0.12094919,,,,,,,,,,,,,,,,,REG,BUF,NYJ,Charles Clay,ClayCh00,0.0,0.0,0.0,56.2
2018,REG,14,00-0031299,J.Matthews,TE,TE,PHI,11676,7b96a836-666b-47b6-a0a7-9dbb0b4c53e8,12124.0,8677.0,1800.0,jordanmatthews/2543500,16763.0,27570.0,,1759816.0,MattJo00,jordan-matthews-1,9273.0,9420.0,,27570.0,555648.0,15974.0,555648.0,Jordan Matthews,jordan matthews,1,1,6.0,0,0.0,0.0,3.0,3.0,0.0,0.10582944,0,2.0,0.03125,0.010869565,0.054483697,,,,,,,,,,,,,,,,,REG,PHI,DAL,Jordan Matthews,MattJo00,0.0,0.0,0.0,91.7
2018,REG,14,00-0031260,L.Thomas,TE,TE,BUF,11647,b24625a0-d402-4d59-a778-aa4b073bfe5e,12095.0,8755.0,2251.0,loganthomas/2543767,16813.0,27648.0,,1691193.0,ThomLo00,logan-thomas-1,9323.0,9354.0,,27648.0,507528.0,16656.0,507528.0,Logan Thomas,logan thomas,1,2,5.0,0,0.0,0.0,-2.0,7.0,0.0,-0.38970298,0,0.0,0.057142857,-0.0067114094,0.0810163,,,,,,,,,,,,,,,,,REG,BUF,NYJ,Logan Thomas,ThomLo00,0.0,0.0,0.0,56.2
2018,REG,14,00-0032089,B.Parker,TE,TE,DEN,12433,c5606f69-f550-4b4a-b61a-f1f71142a32f,14332.0,10135.0,2653.0,brianparker/2553840,2508328.0,28688.0,,2175148.0,,,10661.0,10763.0,,28688.0,556849.0,17121.0,,Brian Parker,brian parker,1,2,5.0,0,0.0,0.0,3.0,3.0,0.0,-0.30242267,0,1.6666666,0.05263158,0.014218009,0.08889998,,,,,,,,,,,,,,,,,,,,,,,,,
2018,REG,14,00-0027675,E.Dickson,TE,TE,SEA,9912,46bb9a85-523c-4530-95c3-2c2a9737e65f,9706.0,5595.0,701.0,eddickson/497224,13272.0,24045.0,6604.0,565631.0,DickEd00,ed-dickson-1,6530.0,5840.0,,24045.0,296060.0,12153.0,,Ed Dickson,ed dickson,1,1,4.0,0,0.0,0.0,3.0,1.0,0.0,-0.18179807,0,1.3333334,0.0625,0.016393442,0.10522541,,,,,,,,,,,,,,,,,REG,SEA,MIN,Ed Dickson,DickEd00,0.0,0.0,0.0,83.3
2018,REG,14,00-0028097,L.Smith,TE,TE,LV,10398,cf23126f-055b-4617-819b-bb4bcb84541a,9992.0,6311.0,812.0,leesmith/2495347,14215.0,24946.0,7585.0,1276441.0,SmitLe00,lee-smith-2,7425.0,6665.0,,24946.0,334184.0,12777.0,334184.0,Lee Smith,lee smith,1,1,3.0,1,0.0,0.0,3.0,0.0,1.0,1.4860147,0,1.0,0.03125,0.010600707,0.054295495,,,,,,,,,,,,,,,,,REG,OAK,PIT,Lee Smith,SmitLe00,0.0,0.0,0.0,118.7
2018,REG,14,00-0031744,M.LaCosse,TE,TE,DEN,12596,25e58aee-1b33-4468-9a81-6586426b91d5,14288.0,9840.0,2944.0,mattlacosse/2553667,2576179.0,28875.0,,2174931.0,,,10727.0,10980.0,,28875.0,606055.0,17415.0,606055.0,Matt LaCosse,matt lacosse,1,1,3.0,0,0.0,0.0,-1.0,4.0,0.0,-0.8985906,0,0.0,0.02631579,-0.0047393367,0.036156148,,,,,,,,,,,,,,,,,,,,,,,,,
2018,REG,14,00-0027873,J.Gresham,TE,TE,ARI,9838,b44773b9-af17-4d6c-a453-132e20849712,9685.0,5546.0,530.0,jermainegresham/497238,13228.0,23996.0,,1123667.0,GresJe00,jermaine-gresham-1,6455.0,5549.0,,23996.0,333278.0,11026.0,,Jermaine Gresham,jermaine gresham,0,1,0.0,0,0.0,0.0,6.0,0.0,0.0,-0.5631633,0,0.0,0.024390243,0.015789473,0.047638,,,,,,,,,,,,,,,,,REG,ARI,DET,Jermaine Gresham,GresJe00,0.0,0.0,0.0,39.6
2018,REG,14,00-0028903,G.Celek,TE,TE,SF,11007,16cc9ade-f9ad-4d32-b5b9-d7568ee80f58,11507.0,7274.0,1223.0,garrettcelek/2534820,15204.0,26253.0,,1975891.0,,,8516.0,7982.0,,26253.0,403184.0,14496.0,,Garrett Celek,garrett celek,0,1,0.0,0,0.0,0.0,14.0,0.0,0.0,-0.57140106,0,0.0,0.03125,0.06392694,0.09162386,,,,,,,,,,,,,,,,,,,,,,,,,
2018,REG,14,00-0030216,J.Hill,TE,TE,NO,11529,687cdc33-bd0d-4b70-adb3-33f97dc26a3c,13565.0,8200.0,1777.0,joshhill/2541834,16143.0,26950.0,,2060083.0,HillJo02,,9071.0,8764.0,,26950.0,469509.0,15866.0,,Josh Hill,josh hill,0,1,0.0,0,0.0,0.0,5.0,0.0,0.0,-0.558227,0,0.0,0.032258064,0.025906736,0.06652181,,,,,,,,,,,,,,,,,REG,NO,TB,Josh Hill,HillJo02,0.0,1.0,1.0,39.6
2018,REG,14,00-0030472,J.Reed,TE,TE,WAS,11248,c3bf8d3e-3b2e-4f9e-ad74-c0a684035f17,11690.0,7866.0,1500.0,jordanreed/2540160,15860.0,26708.0,,1691412.0,ReedJo02,jordan-reed-1,8615.0,8412.0,,26708.0,508876.0,15100.0,,Jordan Reed,jordan reed,0,1,0.0,0,0.0,0.0,5.0,0.0,0.0,-0.8446511,0,0.0,0.03448276,0.027777778,0.07116858,,,,,,,,,,,,,,,,,REG,WAS,NYG,Jordan Reed,ReedJo02,0.0,1.0,1.0,39.6
2018,REG,14,00-0030854,E.Swoope,TE,TE,IND,11904,947e7faa-e8be-4603-829c-b57e4247ccbf,12352.0,9303.0,1975.0,erikswoope/2550405,17091.0,27914.0,,2130326.0,,,9808.0,9792.0,,27914.0,550290.0,16238.0,,Erik Swoope,erik swoope,0,1,0.0,0,0.0,0.0,8.0,0.0,0.0,-1.9669524,0,0.0,0.025,0.023121387,0.053684972,,,,,,,,,,,,,,,,,,,,,,,,,
2018,REG,14,00-0032055,D.Funchess,TE,TE,CAR,12205,7f5f2a81-ac40-420c-9421-5b9e2a21faf8,13915.0,9474.0,2346.0,,2977609.0,28429.0,,2001877.0,FuncDe00,devin-funchess-1,10138.0,10391.0,,28429.0,696127.0,16802.0,696127.0,Devin Funchess,devin funchess,0,3,0.0,0,0.0,0.0,66.0,0.0,0.0,-4.2874503,0,0.0,0.071428575,0.2244898,0.2642857,,,,,,,,,,,,,,,,,REG,CAR,CLE,Devin Funchess,FuncDe00,0.0,0.0,0.0,0.0
2018,REG,14,00-0033559,M.Roberts,TE,TE,DET,13197,bb9f0c5a-cbc2-43bb-9aa5-77cdc7e77bb6,16500.0,11882.0,4164.0,,3059945.0,30240.0,,2082652.0,RobeMi01,michael-roberts-3,11896.0,12354.0,,30240.0,749874.0,19010.0,,Michael Roberts,michael roberts,0,2,0.0,0,0.0,0.0,9.0,0.0,0.0,-2.7847652,0,0.0,0.09090909,0.0625,0.18011364,,,,,,,,,,,,,,,,,REG,DET,ARI,Michael Roberts,RobeMi01,0.0,1.0,0.5,39.6
2018,REG,14,00-0034753,M.Andrews,TE,TE,BAL,13671,0618f387-9b72-4270-8b8f-dec4cccc9e4a,17269.0,47436.0,5012.0,,3116365.0,31056.0,,2131121.0,AndrMa00,mark-andrews-1,12559.0,13182.0,366.0,31056.0,820699.0,19803.0,820699.0,Mark Andrews,mark andrews,0,2,0.0,0,0.0,0.0,11.0,0.0,0.0,-1.5950497,0,0.0,0.07692308,0.03583062,0.14046605,,,,,,,,,,,,,,,,,REG,BAL,KC,Mark Andrews,AndrMa00,0.0,1.0,0.5,39.6
2018,REG,14,00-0034829,M.Gesicki,TE,TE,MIA,13672,1012cbe0-7eba-4169-bfca-183a0204e1a7,17272.0,47153.0,4993.0,,3116164.0,31012.0,,2139298.0,GesiMi00,mike-gesicki-1,12764.0,13104.0,330.0,31012.0,836152.0,19853.0,836152.0,Mike Gesicki,mike gesicki,0,1,0.0,0,0.0,0.0,10.0,0.0,0.0,-0.44338194,0,0.0,0.05263158,0.05076142,0.11448036,,,,,,,,,,,,,,,,,REG,MIA,NE,Mike Gesicki,GesiMi00,0.0,0.0,0.0,39.6
2018,REG,14,00-0033054,R.Gathers,TE,TE,DAL,12833,ec2db5f2-ffec-4ece-9ca9-7a860c4880b6,15808.0,10851.0,3372.0,,2990959.0,29451.0,,2235884.0,GathRi00,,11236.0,11501.0,,29451.0,696197.0,18133.0,,Rico Gathers,rico gathers,1,1,-1.0,0,0.0,0.0,-5.0,4.0,0.0,-0.8482829,0,0.0,0.018867925,-0.011655011,0.020143379,,,,,,,,,,,,,,,,,REG,DAL,PHI,Rico Gathers,GathRi00,0.0,0.0,0.0,79.2
2018,REG,15,00-0033881,E.Engram,TE,TE,NYG,13189,e21365af-8d66-416e-b0a5-8816d18fcfd9,16411.0,11778.0,4066.0,,3051876.0,30136.0,,2079887.0,EngrEv00,evan-engram-1,11805.0,12205.0,229.0,30136.0,749185.0,18912.0,749185.0,Evan Engram,evan engram,8,12,75.0,0,0.0,0.0,61.0,39.0,4.0,-1.19955,0,1.2295082,0.27272728,0.1757925,0.5321457,Evan Engram,NYG,5.816666666666667,3.9085432722249815,4.748333333333333,16.942197906755474,66.66666666666666,75.0,0.0,5.58375,5.706205658826441,-0.12245565882644094,00-0033881,Evan,Engram,E.Engram,REG,NYG,TEN,Evan Engram,EngrEv00,0.0,0.0,0.0,83.7
2018,REG,15,00-0028903,G.Celek,TE,TE,SF,11007,16cc9ade-f9ad-4d32-b5b9-d7568ee80f58,11507.0,7274.0,1223.0,garrettcelek/2534820,15204.0,26253.0,,1975891.0,,,8516.0,7982.0,,26253.0,403184.0,14496.0,,Garrett Celek,garrett celek,2,2,61.0,1,0.0,0.0,33.0,28.0,2.0,5.202003,0,1.8484849,0.06896552,0.1416309,0.20258991,,,,,,,,,,,,,,,,,,,,,,,,,
2018,REG,15,00-0030506,T.Kelce,TE,TE,KC,11244,c3859e06-5f23-4302-a71b-04820a899d5f,11594.0,7844.0,1466.0,traviskelce/2540258,15847.0,26686.0,,1725130.0,KelcTr00,travis-kelce-1,8783.0,8411.0,264.0,26686.0,448240.0,15048.0,448240.0,Travis Kelce,travis kelce,7,9,61.0,0,0.0,0.0,79.0,15.0,4.0,4.1655684,0,0.7721519,0.2647059,0.37619048,0.66039217,Travis Kelce,KC,5.919999999999999,2.5043157773438036,8.195555555555552,32.96831001653779,77.77777777777779,61.0,0.0,2.3500000000000023,2.824393780585394,-0.4743937805853915,00-0030506,Travis,Kelce,T.Kelce,REG,KC,LAC,Travis Kelce,KelcTr00,1.0,1.0,0.111,94.9
2018,REG,15,00-0021547,A.Gates,TE,TE,LAC,7236,82da09c2-e542-4f7d-87d9-24dfd8e014de,9027.0,1609.0,322.0,antoniogates/2505299,5362.0,6663.0,,396811.0,,,3172.0,611.0,,6663.0,234249.0,7884.0,,Antonio Gates,antonio gates,4,5,54.0,0,0.0,0.0,27.0,21.0,3.0,3.0800776,0,2.0,0.13157895,0.08411215,0.25624692,Antonio Gates,LAC,4.305,2.8341197474451585,7.7520000000000024,11.084420041180515,80.0,54.0,0.0,4.929999999999996,5.151850803114598,-0.22185080311460226,00-0021547,Antonio,Gates,A.Gates,,,,,,,,,
2018,REG,15,00-0034270,T.Conklin,TE,TE,MIN,13675,f0d17dfa-ebf3-416c-a8d2-c6bc30675103,17598.0,47327.0,5133.0,,3915486.0,31220.0,,2165249.0,ConkTy00,tyler-conklin-1,12809.0,13220.0,489.0,31127.0,861278.0,19988.0,861278.0,Tyler Conklin,tyler conklin,2,3,53.0,0,0.0,0.0,38.0,19.0,2.0,3.057294,0,1.3947369,0.15,0.26027396,0.40719178,,,,,,,,,,,,,,,,,REG,MIN,MIA,Tyler Conklin,ConkTy00,0.0,0.0,0.0,109.7
2018,REG,15,00-0034766,C.Herndon,TE,TE,NYJ,13679,780a48de-d092-4e87-9c34-8d1b45a154cc,17536.0,47164.0,5009.0,,3123050.0,31077.0,,2136463.0,HernCh00,christopher-herndon-iv-1,12899.0,13228.0,,31077.0,832080.0,19947.0,832080.0,Chris Herndon,chris herndon,3,4,53.0,0,0.0,0.0,55.0,12.0,3.0,3.8184297,0,0.96363634,0.114285715,0.14360313,0.27195075,,,,,,,,,,,,,,,,,REG,NYJ,HOU,Chris Herndon,HernCh00,0.0,0.0,0.0,116.7
2018,REG,15,00-0033288,G.Kittle,TE,TE,SF,13299,2ada91b0-036e-454f-83c3-6d939ff584a9,16499.0,11901.0,4217.0,,3040151.0,30259.0,,2818265.0,KittGe00,george-kittle-1,11892.0,12276.0,298.0,30259.0,733672.0,19063.0,733672.0,George Kittle,george kittle,3,8,51.0,0,0.0,0.0,104.0,35.0,3.0,-0.4676912,0,0.4903846,0.27586207,0.44635195,0.72623944,George Kittle,SF,2.732,3.3473654486775923,14.23625,48.61899679829242,37.5,51.0,0.0,11.876666666666665,9.065597464417806,2.8110692022488593,00-0033288,George,Kittle,G.Kittle,REG,SF,SEA,George Kittle,KittGe00,1.0,0.0,0.0,59.9
2018,REG,15,00-0031484,C.Manhertz,TE,TE,CAR,12955,7c7b5515-7786-4e24-9ce0-34e6a8bd5727,14014.0,10211.0,3048.0,,2531358.0,28365.0,,2167520.0,ManhCh00,,10033.0,10295.0,,28365.0,563293.0,17762.0,563293.0,Chris Manhertz,chris manhertz,1,2,50.0,1,0.0,0.0,14.0,37.0,1.0,4.8814363,0,3.5714285,0.06896552,0.083333336,0.16178161,,,,,,,,,,,,,,,,,REG,CAR,NO,Chris Manhertz,ManhCh00,0.0,0.0,0.0,135.4
2018,REG,15,00-0033895,G.Everett,TE,TE,LA,13236,ebeceb00-57e0-4b74-9cf7-853da2afed18,16459.0,11799.0,4089.0,,3918639.0,30157.0,,2142692.0,EverGe00,gerald-everett-1,11737.0,12284.0,55.0,30157.0,838487.0,18935.0,838487.0,Gerald Everett,gerald everett,5,7,46.0,0,0.0,0.0,40.0,25.0,2.0,0.47830075,0,1.15,0.13725491,0.12195122,0.2912482,Gerald Everett,LAR,8.4725,8.000326664971494,5.694285714285712,10.862811358805253,71.42857142857143,46.0,0.0,5.124000000000004,5.95969726151529,-0.8356972615152856,00-0033895,Gerald,Everett,G.Everett,REG,LA,PHI,Gerald Everett,EverGe00,0.0,0.0,0.0,89.0
2018,REG,15,00-0033658,B.Jarwin,TE,TE,DAL,13722,43e8a6ac-d451-4dbd-b145-797764f91494,16638.0,12320.0,4571.0,,2991767.0,30784.0,,2819999.0,JarwBl00,,12179.0,12507.0,,30784.0,711965.0,19457.0,711965.0,Blake Jarwin,blake jarwin,4,7,45.0,0,0.0,0.0,73.0,8.0,2.0,-1.2427343,0,0.6164383,0.18421052,0.27037036,0.46557504,Blake Jarwin,DAL,7.484285714285714,2.862160674916686,9.665714285714285,26.56667190199466,57.14285714285714,45.0,0.0,1.6724999999999994,1.1217759084977956,0.5507240915022038,00-0033658,Blake,Jarwin,B.Jarwin,REG,DAL,IND,Blake Jarwin,JarwBl00,1.0,1.0,0.143,36.9
2018,REG,15,00-0031610,D.Waller,TE,TE,LV,12263,14c97c9f-26e8-4944-9299-f90de6aeada3,14104.0,9637.0,2505.0,,2576925.0,28592.0,,1850793.0,WallDa01,darren-waller-1,10215.0,10433.0,,28592.0,600191.0,16964.0,600191.0,Darren Waller,darren waller,1,1,44.0,0,0.0,0.0,3.0,41.0,1.0,3.7066178,0,14.666667,0.030303031,0.009677419,0.052228738,,,,,,,,,,,,,,,,,REG,OAK,CIN,Darren Waller,WallDa01,1.0,0.0,0.0,118.7
2018,REG,15,00-0031744,M.LaCosse,TE,TE,DEN,12596,25e58aee-1b33-4468-9a81-6586426b91d5,14288.0,9840.0,2944.0,mattlacosse/2553667,2576179.0,28875.0,,2174931.0,,,10727.0,10980.0,,28875.0,606055.0,17415.0,606055.0,Matt LaCosse,matt lacosse,4,6,43.0,0,0.0,0.0,28.0,28.0,4.0,3.296731,0,1.5357143,0.13333334,0.10108303,0.27075812,Matt LaCosse,DEN,5.282500000000001,3.4250403038341886,4.63,9.679105257656527,66.66666666666666,43.0,0.0,7.24,5.354208761355835,1.885791238644165,00-0031744,Matthew,LaCosse,M.LaCosse,,,,,,,,,
2018,REG,15,00-0033896,A.Shaheen,TE,TE,CHI,13254,87171077-4c1c-4b67-b159-2cc6242988e0,16457.0,11800.0,4085.0,,4198676.0,30158.0,,2818105.0,ShahAd00,,11898.0,12283.0,,30158.0,1049770.0,18931.0,1049770.0,Adam Shaheen,adam shaheen,2,2,39.0,0,0.0,0.0,26.0,13.0,2.0,3.9177904,0,1.5,0.071428575,0.125,0.19464286,,,,,,,,,,,,,,,,,REG,CHI,GB,Adam Shaheen,ShahAd00,0.0,0.0,0.0,118.7
2018,REG,15,00-0030710,T.Burton,TE,TE,CHI,11705,bc0f07a4-3e7b-4e61-987a-05533dc225be,12153.0,9185.0,1793.0,treyburton/2550284,16974.0,27789.0,,2130223.0,BurtTr01,,9490.0,9737.0,,27789.0,542788.0,15965.0,,Trey Burton,trey burton,4,7,36.0,1,0.0,0.0,57.0,10.0,1.0,2.0350235,0,0.6315789,0.25,0.27403846,0.56682694,Trey Burton,CHI,5.75,2.458609891848487,8.240000000000002,28.394210889042043,57.14285714285714,36.0,1.0,3.2974999999999977,3.717284842973413,-0.41978484297341545,00-0030710,Lawrence,Burton,T.Burton,REG,CHI,GB,Trey Burton,BurtTr01,0.0,1.0,0.143,110.7
2018,REG,15,00-0027696,J.Graham,TE,TE,GB,9925,fd85786d-3900-4dc0-9b30-334ee30413ed,9712.0,5619.0,616.0,jimmygraham/497236,13232.0,24070.0,6610.0,1691166.0,GrahJi00,jimmy-graham-1,6532.0,5842.0,,24070.0,295918.0,11488.0,295918.0,Jimmy Graham,jimmy graham,3,4,32.0,0,0.0,0.0,25.0,16.0,3.0,-0.9126816,0,1.28,0.1,0.055555556,0.18888889,,,,,,,,,,,,,,,,,REG,GB,CHI,Jimmy Graham,GrahJi00,0.0,0.0,0.0,58.3
2018,REG,15,00-0034753,M.Andrews,TE,TE,BAL,13671,0618f387-9b72-4270-8b8f-dec4cccc9e4a,17269.0,47436.0,5012.0,,3116365.0,31056.0,,2131121.0,AndrMa00,mark-andrews-1,12559.0,13182.0,366.0,31056.0,820699.0,19803.0,820699.0,Mark Andrews,mark andrews,2,4,31.0,0,0.0,0.0,46.0,5.0,2.0,2.6155415,0,0.67391306,0.1904762,0.30666667,0.50038093,,,,,,,,,,,,,,,,,REG,BAL,TB,Mark Andrews,AndrMa00,0.0,1.0,0.25,76.0
2018,REG,15,00-0033885,D.Njoku,TE,TE,CLE,13192,8f86fcea-90e8-49ea-bc78-5c7659313e57,16399.0,11784.0,4033.0,,3123076.0,30142.0,,2136474.0,NjokDa00,david-njoku-1,11734.0,12186.0,252.0,30142.0,832098.0,18876.0,832098.0,David Njoku,david njoku,3,5,30.0,0,0.0,0.0,69.0,15.0,2.0,3.6470048,0,0.4347826,0.16129032,0.21974522,0.39575714,David Njoku,CLE,2.9450000000000003,2.809477688879667,13.38,20.035338863765688,60.0,30.0,0.0,5.753333333333333,4.314150918941929,1.4391824143914036,00-0033885,David,Njoku,D.Njoku,REG,CLE,DEN,David Njoku,NjokDa00,0.0,0.0,0.0,77.1
2018,REG,15,00-0022943,B.Watson,TE,TE,NO,7422,d81844de-54c3-42ee-9850-072dc4131b6f,9040.0,1753.0,663.0,benjaminwatson/2506122,5557.0,6791.0,,493107.0,WatsBe00,benjamin-watson-1,3872.0,48.0,,6791.0,246082.0,11756.0,,Ben Watson,ben watson,1,2,28.0,0,0.0,0.0,50.0,1.0,1.0,0.8984179,0,0.56,0.05882353,0.23364486,0.2517867,,,,,,,,,,,,,,,,,REG,NO,CAR,Ben Watson,WatsBe00,1.0,0.0,0.0,95.8
2018,REG,15,00-0030443,L.Toilolo,TE,TE,DET,11252,67d56171-7522-430c-b7d9-8f7e2b6624d3,11694.0,7915.0,1642.0,levinetoilolo/2540203,15980.0,26756.0,,1685990.0,ToilLe00,levine-toilolo-1,8789.0,8414.0,,26756.0,503205.0,15378.0,503205.0,Levine Toilolo,levine toilolo,4,4,28.0,0,0.0,0.0,24.0,4.0,1.0,0.5365495,0,1.1666666,0.14285715,0.12307692,0.30043957,,,,,,,,,,,,,,,,,REG,DET,BUF,Levine Toilolo,ToilLe00,0.0,0.0,0.0,95.8
2018,REG,15,00-0027985,L.Kendricks,TE,TE,GB,10318,27921351-a775-4649-bd49-7b4c486d1ba2,9912.0,6199.0,964.0,lancekendricks/2495187,14007.0,24834.0,7425.0,1117803.0,KendLa00,lance-kendricks-1,7412.0,6614.0,,24834.0,332066.0,13386.0,,Lance Kendricks,lance kendricks,4,4,27.0,0,0.0,0.0,7.0,20.0,2.0,1.5096943,0,3.857143,0.1,0.015555556,0.1608889,,,,,,,,,,,,,,,,,REG,GB,CHI,Lance Kendricks,KendLa00,0.0,0.0,0.0,94.8
2018,REG,15,00-0028042,L.Stocker,TE,TE,TEN,10354,5b712aed-201c-43dd-b978-b7b6ef91178e,9948.0,6256.0,963.0,lukestocker/2495234,14099.0,24891.0,7589.0,1125485.0,StocLu00,luke-stocker-1,7413.0,6552.0,,24891.0,334186.0,13370.0,334186.0,Luke Stocker,luke stocker,2,2,27.0,0,0.0,0.0,22.0,5.0,2.0,2.7469316,0,1.2272727,0.1,0.17460318,0.27222222,,,,,,,,,,,,,,,,,REG,TEN,NYG,Luke Stocker,StocLu00,0.0,0.0,0.0,118.7
2018,REG,15,00-0032134,C.Uzomah,TE,TE,CIN,12317,19858900-5c8e-49a7-ab02-34ef625724ca,14084.0,9590.0,2460.0,c.j.uzomah/2552559,2574576.0,28545.0,,2174118.0,UzomC.00,cj-uzomah-1,10462.0,10534.0,,28545.0,593305.0,16917.0,593305.0,C.J. Uzomah,cj uzomah,1,5,27.0,0,0.0,0.0,69.0,6.0,1.0,-0.23369655,0,0.39130434,0.15151516,0.20353982,0.3697506,C.J. Uzomah,CIN,4.1675,2.3963216678464545,15.030000000000001,21.632747056622243,20.0,27.0,0.0,7.340000000000003,4.355443009845658,2.9845569901543456,00-0032134,Christopher,Uzomah,C.Uzomah,REG,CIN,OAK,C.J. Uzomah,UzomC.00,0.0,0.0,0.0,49.6
2018,REG,15,00-0033627,J.Croom,TE,TE,BUF,13890,e17b5817-d955-42be-bb8d-e34d89f6dd71,16770.0,12145.0,4536.0,,2972240.0,30594.0,,2819968.0,,,12082.0,12709.0,,30594.0,690029.0,19415.0,690029.0,Jason Croom,jason croom,1,1,25.0,0,0.0,0.0,22.0,3.0,1.0,1.4708171,0,1.1363636,0.04347826,0.055137843,0.10381388,,,,,,,,,,,,,,,,,,,,,,,,,
2018,REG,15,00-0030216,J.Hill,TE,TE,NO,11529,687cdc33-bd0d-4b70-adb3-33f97dc26a3c,13565.0,8200.0,1777.0,joshhill/2541834,16143.0,26950.0,,2060083.0,HillJo02,,9071.0,8764.0,,26950.0,469509.0,15866.0,,Josh Hill,josh hill,2,3,24.0,0,0.0,0.0,-6.0,28.0,2.0,0.25245768,0,0.0,0.0882353,-0.028037382,0.11272677,,,,,,,,,,,,,,,,,REG,NO,CAR,Josh Hill,HillJo02,1.0,0.0,0.0,91.0
2018,REG,15,00-0027061,J.Cook,TE,TE,LV,9474,3b7a1409-d154-4e5c-8c94-9d4a0e0993c7,9265.0,5012.0,367.0,jaredcook/71265,12537.0,9353.0,6126.0,584314.0,CookJa02,jared-cook-2,5981.0,5165.0,,9353.0,296480.0,8534.0,296480.0,Jared Cook,jared cook,2,5,23.0,0,0.0,0.0,68.0,6.0,2.0,-0.71808,0,0.3382353,0.15151516,0.21935484,0.3808211,Jared Cook,LV,4.7825,1.7273767504395117,15.751999999999999,24.04518394138299,40.0,23.0,0.0,3.285,1.5985911757728104,1.6864088242271897,00-0027061,Jared,Cook,J.Cook,REG,OAK,CIN,Jared Cook,CookJa02,0.0,0.0,0.0,54.6
2018,REG,15,00-0027981,K.Rudolph,TE,TE,MIN,10312,1059e9dc-97df-4643-9116-883a0573d8b1,9906.0,6195.0,943.0,kylerudolph/2495438,14054.0,24830.0,7444.0,1633122.0,RudoKy00,kyle-rudolph-1,7246.0,6459.0,,24830.0,469472.0,13275.0,469472.0,Kyle Rudolph,kyle rudolph,3,3,23.0,0,0.0,0.0,5.0,18.0,1.0,-0.14916004,0,4.6,0.15,0.034246575,0.24897261,,,,,,,,,,,,,,,,,REG,MIN,MIA,Kyle Rudolph,RudoKy00,0.0,0.0,0.0,98.6
2018,REG,15,00-0034383,D.Schultz,TE,TE,DAL,13772,8caec1b4-e0b6-4a84-b8c8-617d6e91ef6a,17349.0,47304.0,5001.0,,3117256.0,31107.0,,2136748.0,SchuDa00,dalton-schultz-1,12514.0,13198.0,487.0,31107.0,830523.0,19920.0,830523.0,Dalton Schultz,dalton schultz,3,4,23.0,0,0.0,0.0,18.0,11.0,1.0,1.1980728,0,1.2777778,0.10526316,0.06666667,0.2045614,,,,,,,,,,,,,,,,,REG,DAL,IND,Dalton Schultz,SchuDa00,0.0,0.0,0.0,88.5
2018,REG,15,00-0034829,M.Gesicki,TE,TE,MIA,13672,1012cbe0-7eba-4169-bfca-183a0204e1a7,17272.0,47153.0,4993.0,,3116164.0,31012.0,,2139298.0,GesiMi00,mike-gesicki-1,12764.0,13104.0,330.0,31012.0,836152.0,19853.0,836152.0,Mike Gesicki,mike gesicki,2,3,23.0,0,0.0,0.0,33.0,17.0,1.0,1.0212147,0,0.6969697,0.13043478,0.14932127,0.30017707,,,,,,,,,,,,,,,,,REG,MIA,MIN,Mike Gesicki,GesiMi00,0.0,0.0,0.0,89.6
2018,REG,15,00-0030061,Z.Ertz,TE,TE,PHI,11247,de3421f7-2147-4835-89a5-724e87bad463,11689.0,7816.0,1339.0,zachertz/2540158,15835.0,26658.0,,1685963.0,ErtzZa00,zach-ertz-1,8781.0,8409.0,305.0,26658.0,503177.0,14856.0,503177.0,Zach Ertz,zach ertz,3,7,22.0,0,0.0,0.0,60.0,15.0,1.0,-7.245321,0,0.36666667,0.22580644,0.25641027,0.5181969,Zach Ertz,PHI,5.911666666666666,2.8399649027412757,10.331428571428571,30.913909549457124,42.857142857142854,22.0,0.0,5.190000000000002,4.711129753910645,0.47887024608935747,00-0030061,Zachary,Ertz,Z.Ertz,REG,PHI,LA,Zach Ertz,ErtzZa00,0.0,1.0,0.143,11.3
2018,REG,15,00-0033611,R.Seals-Jones,TE,TE,ARI,13382,52735659-a294-4f64-a7f4-3591450834e5,16730.0,12020.0,4531.0,,3051806.0,30494.0,,2080003.0,SealRi00,,11876.0,12463.0,,30494.0,744568.0,19410.0,744568.0,Ricky Seals-Jones,ricky seals-jones,3,8,22.0,0,0.0,0.0,96.0,2.0,0.0,-1.884488,0,0.22916667,0.22857143,0.43835616,0.6497065,Ricky Seals-Jones,ARI,4.210000000000001,1.7367490948642899,12.248750000000001,46.09992472713587,37.5,22.0,0.0,0.22666666666666538,0.8888453143506408,-0.6621786476839755,00-0033611,Roderick,Seals-Jones,R.Seals-Jones,REG,ARI,ATL,Ricky Seals-Jones,SealRi00,0.0,2.0,0.25,45.8
2018,REG,15,00-0027656,R.Gronkowski,TE,TE,NE,9902,2142a164-48ad-47d6-bb27-0bc58c6b2e62,9721.0,5567.0,515.0,robgronkowski/497240,13229.0,24017.0,,1244303.0,GronRo00,rob-gronkowski-1,6443.0,5729.0,,24017.0,381091.0,10974.0,381091.0,Rob Gronkowski,rob gronkowski,2,5,21.0,0,0.0,0.0,69.0,5.0,2.0,1.4900552,0,0.3043478,0.1388889,0.20658682,0.3529441,Rob Gronkowski,NE,6.042,2.6234429185780916,16.338,23.942671238899145,40.0,21.0,0.0,3.019999999999996,4.135386916329594,-1.115386916329598,00-0027656,Robert,Gronkowski,R.Gronkowski,REG,NE,PIT,Rob Gronkowski,GronRo00,0.0,0.0,0.0,52.9
2018,REG,15,00-0034830,H.Hurst,TE,TE,BAL,13680,1b125fc4-5dd9-4eb9-a42f-048e61ca42b7,17283.0,47294.0,4973.0,,3924365.0,30995.0,,2185053.0,HursHa00,hayden-hurst-1,12467.0,13098.0,8.0,30995.0,881956.0,19843.0,881956.0,Hayden Hurst,hayden hurst,3,3,20.0,0,0.0,0.0,18.0,2.0,1.0,0.36772776,0,1.1111112,0.14285715,0.12,0.29828572,,,,,,,,,,,,,,,,,REG,BAL,TB,Hayden Hurst,HursHa00,0.0,0.0,0.0,94.4
2018,REG,15,00-0033528,J.Sprinkle,TE,TE,WAS,13194,2dcc8e56-ac32-4774-a011-b1e65ca73786,16461.0,11909.0,4221.0,,2980073.0,30267.0,,1999945.0,SpriJe00,jeremy-sprinkle-1,11899.0,12368.0,,30267.0,693833.0,19067.0,693833.0,Jeremy Sprinkle,jeremy sprinkle,3,3,19.0,1,0.0,0.0,4.0,15.0,2.0,2.2587955,0,4.75,0.13043478,0.020304568,0.20986538,,,,,,,,,,,,,,,,,REG,WAS,JAX,Jeremy Sprinkle,SpriJe00,1.0,0.0,0.0,132.6
2018,REG,15,00-0032089,B.Parker,TE,TE,DEN,12433,c5606f69-f550-4b4a-b61a-f1f71142a32f,14332.0,10135.0,2653.0,brianparker/2553840,2508328.0,28688.0,,2175148.0,,,10661.0,10763.0,,28688.0,556849.0,17121.0,,Brian Parker,brian parker,2,2,18.0,0,0.0,0.0,2.0,16.0,1.0,0.8633214,0,9.0,0.044444446,0.0072202166,0.071720816,,,,,,,,,,,,,,,,,,,,,,,,,
2018,REG,15,00-0024221,V.Davis,TE,TE,WAS,8247,0a95e792-6455-4927-9539-f95fa7f41fbb,9621.0,2951.0,200.0,vernondavis/2495826,9592.0,7755.0,,409254.0,DaviVe00,vernon-davis-1,4732.0,3638.0,,7755.0,215595.0,5084.0,,Vernon Davis,vernon davis,2,3,16.0,0,0.0,0.0,36.0,5.0,1.0,0.61774,0,0.44444445,0.13043478,0.18274112,0.32357097,,,,,,,,,,,,,,,,,REG,WAS,JAX,Vernon Davis,DaviVe00,0.0,1.0,0.333,79.9
2018,REG,15,00-0027873,J.Gresham,TE,TE,ARI,9838,b44773b9-af17-4d6c-a453-132e20849712,9685.0,5546.0,530.0,jermainegresham/497238,13228.0,23996.0,,1123667.0,GresJe00,jermaine-gresham-1,6455.0,5549.0,,23996.0,333278.0,11026.0,,Jermaine Gresham,jermaine gresham,1,1,16.0,0,0.0,0.0,11.0,5.0,1.0,0.97348386,0,1.4545455,0.028571429,0.05022831,0.07801696,,,,,,,,,,,,,,,,,REG,ARI,ATL,Jermaine Gresham,GresJe00,0.0,0.0,0.0,118.7
2018,REG,15,00-0027675,E.Dickson,TE,TE,SEA,9912,46bb9a85-523c-4530-95c3-2c2a9737e65f,9706.0,5595.0,701.0,eddickson/497224,13272.0,24045.0,6604.0,565631.0,DickEd00,ed-dickson-1,6530.0,5840.0,,24045.0,296060.0,12153.0,,Ed Dickson,ed dickson,2,2,14.0,0,0.0,0.0,6.0,8.0,1.0,0.51710826,0,2.3333333,0.071428575,0.029126214,0.1275312,,,,,,,,,,,,,,,,,REG,SEA,SF,Ed Dickson,DickEd00,0.0,0.0,0.0,95.8
2018,REG,15,00-0033110,T.Higbee,TE,TE,LA,12678,0df7912d-9e81-47ea-b4f7-d04986df4ee8,15623.0,10744.0,3271.0,,2573401.0,29344.0,,1853103.0,HigbTy00,tyler-higbee-1,10854.0,11430.0,159.0,29344.0,604176.0,18032.0,604176.0,Tyler Higbee,tyler higbee,2,2,14.0,0,0.0,0.0,5.0,9.0,1.0,1.1368501,0,2.8,0.039215688,0.015243903,0.06949426,,,,,,,,,,,,,,,,,REG,LA,PHI,Tyler Higbee,HigbTy00,0.0,0.0,0.0,95.8
2018,REG,15,00-0034365,I.Thomas,TE,TE,CAR,13678,ed8a8fd2-df67-45e7-a34f-984afb82f6ea,17387.0,42130.0,4995.0,,4045305.0,31071.0,,2253359.0,ThomIa00,ian-thomas-3,12858.0,13163.0,323.0,31071.0,943093.0,19910.0,943093.0,Ian Thomas,ian thomas,2,4,14.0,0,0.0,0.0,10.0,11.0,1.0,-2.487229,0,1.4,0.13793103,0.05952381,0.24856322,,,,,,,,,,,,,,,,,REG,CAR,NO,Ian Thomas,ThomIa00,2.0,2.0,0.5,58.3
2018,REG,15,00-0030470,V.McDonald,TE,TE,PIT,11257,8f24a248-b328-43ec-8677-67600e42a8f7,11699.0,7836.0,1587.0,vancemcdonald/2540215,15853.0,26678.0,,1673357.0,McDoVa00,vance-mcdonald-1,8785.0,8413.0,,26678.0,494969.0,15239.0,,Vance McDonald,vance mcdonald,2,3,13.0,1,0.0,0.0,27.0,0.0,2.0,3.0699582,0,0.4814815,0.09090909,0.073972605,0.18814446,,,,,,,,,,,,,,,,,REG,PIT,NE,Vance McDonald,McDoVa00,0.0,0.0,0.0,115.3
2018,REG,15,00-0034351,D.Goedert,TE,TE,PHI,13674,e8029983-87cf-49a2-bc04-04c8233a0630,17270.0,47272.0,5022.0,,3121023.0,31019.0,,2132551.0,GoedDa00,,12860.0,13151.0,382.0,31019.0,791365.0,19863.0,791365.0,Dallas Goedert,dallas goedert,2,2,12.0,0,0.0,0.0,10.0,2.0,2.0,1.9014668,0,1.2,0.06451613,0.042735044,0.12668872,,,,,,,,,,,,,,,,,REG,PHI,LA,Dallas Goedert,GoedDa00,0.0,0.0,0.0,91.7
2018,REG,15,00-0031690,E.Tomlinson,TE,TE,NYJ,13065,b3d7169b-9cf6-4fea-815a-26e4fb0ec16a,14339.0,9786.0,2755.0,,2511973.0,28658.0,,1759992.0,TomlEr01,,10553.0,10747.0,,28658.0,554431.0,17223.0,554431.0,Eric Tomlinson,eric tomlinson,1,1,11.0,0,0.0,0.0,-5.0,16.0,0.0,0.09498493,0,0.0,0.028571429,-0.01305483,0.03371876,,,,,,,,,,,,,,,,,REG,NYJ,HOU,Eric Tomlinson,TomlEr01,0.0,0.0,0.0,112.5
2018,REG,15,00-0028142,V.Green,TE,TE,LAC,10432,6ef43c53-53d7-4b0f-ad99-17664d663ae8,10026.0,6356.0,868.0,virgilgreen/2495288,14085.0,24991.0,7502.0,1130615.0,GreeVi00,virgil-green-1,7416.0,6570.0,,24991.0,323254.0,13016.0,,Virgil Green,virgil green,2,3,9.0,0,0.0,0.0,10.0,1.0,0.0,-0.29602835,0,0.9,0.078947365,0.031152649,0.1402279,,,,,,,,,,,,,,,,,REG,LAC,KC,Virgil Green,GreeVi00,0.0,1.0,0.333,70.1
2018,REG,15,00-0031273,C.Brate,TE,TE,TB,12110,5afe93fd-0caf-4cca-83fc-7f405bebfa3e,13470.0,9207.0,2214.0,,17453.0,28267.0,,2132787.0,BratCa00,,10008.0,10193.0,,28267.0,552926.0,16593.0,552926.0,Cameron Brate,cameron brate,1,2,9.0,0,0.0,0.0,12.0,5.0,0.0,-0.610731,0,0.75,0.08,0.046153847,0.15230769,,,,,,,,,,,,,,,,,REG,TB,BAL,Cameron Brate,BratCa00,0.0,0.0,0.0,62.5
2018,REG,15,00-0032135,J.James,TE,TE,PIT,12211,a37a5bfd-b48c-4d8b-817a-d8ce7ca3592d,13959.0,9593.0,2463.0,jessejames/2552633,2979590.0,28548.0,,1983808.0,JameJe00,jesse-james-1,10150.0,10403.0,,28548.0,652019.0,16920.0,652019.0,Jesse James,jesse james,1,1,9.0,0,0.0,0.0,2.0,7.0,0.0,0.9193061,0,4.5,0.030303031,0.005479452,0.04929016,,,,,,,,,,,,,,,,,REG,PIT,NE,Jesse James,JameJe00,0.0,0.0,0.0,104.2
2018,REG,15,00-0031387,E.Ebron,TE,TE,IND,11695,9fbcfae9-dd14-415c-8952-9b1b5dff0dfc,12143.0,8645.0,2118.0,ericebron/2543466,16732.0,27538.0,,1865396.0,EbroEr00,eric-ebron-1,9210.0,9390.0,,27538.0,605752.0,16451.0,605752.0,Eric Ebron,eric ebron,1,3,8.0,0,0.0,0.0,31.0,3.0,1.0,0.32298002,0,0.2580645,0.115384616,0.13963965,0.27082467,,,,,,,,,,,,,,,,,REG,IND,DAL,Eric Ebron,EbroEr00,0.0,1.0,0.333,42.4
2018,REG,15,00-0033953,J.Leggett,TE,TE,NYJ,13195,bea00842-e4db-4955-857a-ea8d4a0e215b,16458.0,11905.0,4153.0,,3045118.0,30263.0,,2060412.0,LeggJo00,jordan-leggett-1,11893.0,12307.0,,30263.0,733735.0,18999.0,,Jordan Leggett,jordan leggett,1,1,8.0,0,0.0,0.0,5.0,3.0,0.0,0.39207107,0,1.6,0.028571429,0.01305483,0.051995523,,,,,,,,,,,,,,,,,REG,NYJ,HOU,Jordan Leggett,LeggJo00,0.0,0.0,0.0,100.0
2018,REG,15,00-0031951,J.O'Shaughnessy,TE,TE,JAX,12330,e5c6b0d4-3e77-422b-a6d8-574a10ed385e,14146.0,9606.0,2476.0,,2508079.0,28561.0,,2174148.0,O'ShJa00,,10249.0,10549.0,,28561.0,552352.0,16933.0,552352.0,James O'Shaughnessy,james oshaughnessy,1,1,7.0,0,0.0,0.0,7.0,0.0,0.0,-0.29312307,0,1.0,0.06666667,0.084337346,0.15903614,,,,,,,,,,,,,,,,,REG,JAX,WAS,James O'Shaughnessy,O'ShJa00,0.0,0.0,0.0,95.8
2018,REG,15,00-0031558,M.Williams,TE,TE,BAL,12206,52f4a43a-64a9-4d69-a9e2-28bd60f68e49,13919.0,9488.0,2360.0,,2970726.0,28443.0,,1983769.0,WillMa04,maxx-williams-1,10128.0,10298.0,,28443.0,651658.0,16816.0,651658.0,Maxx Williams,maxx williams,1,2,6.0,0,0.0,0.0,0.0,6.0,0.0,-0.57130444,0,0.0,0.0952381,0.0,0.14285715,,,,,,,,,,,,,,,,,REG,BAL,TB,Maxx Williams,WillMa04,0.0,0.0,0.0,56.2
2018,REG,15,00-0032062,B.Bell,TE,TE,JAX,12213,0cc4e449-185a-4b08-9f07-c907ad0c3e05,13966.0,9550.0,2422.0,,2514206.0,28505.0,,1737101.0,BellBl00,blake-bell-1,10248.0,10366.0,,28505.0,542871.0,16878.0,542871.0,Blake Bell,blake bell,1,1,6.0,0,0.0,0.0,6.0,0.0,0.0,0.22114387,0,1.0,0.06666667,0.072289154,0.15060242,,,,,,,,,,,,,,,,,REG,JAX,WAS,Blake Bell,BellBl00,0.0,0.0,0.0,91.7
2018,REG,15,00-0031585,M.Pruitt,TE,TE,TEN,12309,f22b34cf-6ecf-4522-9c77-1da275dfda7d,13964.0,9576.0,2446.0,,2508256.0,28531.0,,1760327.0,PruiMy00,,10251.0,10522.0,,28531.0,552586.0,16903.0,552586.0,MyCole Pruitt,mycole pruitt,1,2,2.0,0,0.0,0.0,1.0,3.0,0.0,-1.7424326,0,2.0,0.1,0.007936508,0.15555556,,,,,,,,,,,,,,,,,REG,TEN,NYG,MyCole Pruitt,PruiMy00,0.0,0.0,0.0,56.2
2018,REG,15,00-0034420,J.Thomas,TE,TE,HOU,13819,f993832a-f81f-4706-90b8-80fd193bdfd7,17399.0,42062.0,5117.0,,4035379.0,31181.0,,2249166.0,ThomJo05,jordan-thomas-6,12697.0,13309.0,,31181.0,922092.0,20020.0,922092.0,Jordan Thomas,jordan thomas,1,1,2.0,0,0.0,0.0,1.0,1.0,0.0,-0.20907106,0,2.0,0.03846154,0.00456621,0.060888655,,,,,,,,,,,,,,,,,REG,HOU,NYJ,Jordan Thomas,ThomJo05,0.0,0.0,0.0,79.2
2018,REG,15,00-0028097,L.Smith,TE,TE,LV,10398,cf23126f-055b-4617-819b-bb4bcb84541a,9992.0,6311.0,812.0,leesmith/2495347,14215.0,24946.0,7585.0,1276441.0,SmitLe00,lee-smith-2,7425.0,6665.0,,24946.0,334184.0,12777.0,334184.0,Lee Smith,lee smith,1,1,1.0,1,0.0,0.0,1.0,0.0,1.0,0.7123131,0,1.0,0.030303031,0.0032258064,0.04771261,,,,,,,,,,,,,,,,,REG,OAK,CIN,Lee Smith,SmitLe00,0.0,0.0,0.0,118.7
2018,REG,15,00-0028112,C.Clay,TE,TE,BUF,10409,04ca4fb9-194e-47fe-8fc8-adb5790a8e78,10003.0,6326.0,801.0,charlesclay/2495139,14145.0,24961.0,,1265552.0,ClayCh00,charles-clay-1,7424.0,6681.0,,24961.0,400516.0,12751.0,,Charles Clay,charles clay,0,1,0.0,0,0.0,0.0,5.0,0.0,0.0,-0.67552996,0,0.0,0.04347826,0.012531328,0.073989324,,,,,,,,,,,,,,,,,REG,BUF,DET,Charles Clay,ClayCh00,0.0,0.0,0.0,39.6
2018,REG,15,00-0029587,R.Ellison,TE,TE,NYG,10838,cccc9f16-9508-434f-b7a4-9a29cb0cacf9,11315.0,7128.0,1211.0,rhettellison/2532835,15003.0,25838.0,,1244464.0,ElliRh00,rhett-ellison-1,8114.0,7580.0,,25838.0,399295.0,14445.0,,Rhett Ellison,rhett ellison,0,1,0.0,0,0.0,0.0,0.0,0.0,0.0,-0.56296414,0,,0.022727273,0.0,0.03409091,,,,,,,,,,,,,,,,,REG,NYG,TEN,Rhett Ellison,ElliRh00,0.0,1.0,1.0,39.6
2018,REG,15,00-0030155,D.Harris,TE,TE,KC,11448,8506c15c-15cc-4d2c-aebf-270c605fe0ec,11881.0,8524.0,1619.0,demetriusharris/2541187,16318.0,27174.0,,2060074.0,HarrDe03,,9847.0,8683.0,,27174.0,602269.0,15305.0,602269.0,Demetrius Harris,demetrius harris,0,2,0.0,0,0.0,0.0,3.0,0.0,0.0,-2.1862574,0,0.0,0.05882353,0.014285714,0.098235294,,,,,,,,,,,,,,,,,REG,KC,LAC,Demetrius Harris,HarrDe03,0.0,0.0,0.0,39.6
2018,REG,15,00-0031788,M.Lengel,TE,TE,CIN,13044,4d747b73-bcc6-46d2-a2d7-ec1d0c8135a2,14079.0,9884.0,3036.0,,2470916.0,28975.0,,2174840.0,,,10558.0,10868.0,,28975.0,504496.0,17741.0,,Matt Lengel,matt lengel,0,2,0.0,0,0.0,0.0,27.0,0.0,0.0,-1.121967,0,0.0,0.060606062,0.07964602,0.1466613,,,,,,,,,,,,,,,,,,,,,,,,,
2018,REG,15,00-0032055,D.Funchess,TE,TE,CAR,12205,7f5f2a81-ac40-420c-9421-5b9e2a21faf8,13915.0,9474.0,2346.0,,2977609.0,28429.0,,2001877.0,FuncDe00,devin-funchess-1,10138.0,10391.0,,28429.0,696127.0,16802.0,696127.0,Devin Funchess,devin funchess,0,1,0.0,0,0.0,0.0,13.0,0.0,0.0,-3.5306032,0,0.0,0.03448276,0.077380955,0.1058908,,,,,,,,,,,,,,,,,REG,CAR,NO,Devin Funchess,FuncDe00,0.0,0.0,0.0,0.0
2018,REG,15,00-0032117,N.O'Leary,TE,TE,MIA,12207,c257b2e6-dfc9-45c8-b30c-a497f2ce82a2,13957.0,9627.0,2495.0,,2576804.0,28582.0,,1860760.0,OLeaNi00,nick-oleary-1,10250.0,10568.0,,28582.0,605423.0,16954.0,,Nick O'Leary,nick oleary,0,1,0.0,0,0.0,0.0,4.0,0.0,0.0,-0.5103296,0,0.0,0.04347826,0.018099548,0.07788707,,,,,,,,,,,,,,,,,REG,MIA,MIN,Nick O'Leary,OLeaNi00,0.0,0.0,0.0,39.6
2018,REG,15,00-0032392,A.Hooper,TE,TE,ATL,12677,90c2a93f-d837-4e1b-b57c-56648903a8db,15581.0,10715.0,3202.0,,3043275.0,29315.0,,2067004.0,HoopAu00,austin-hooper-1,10748.0,11301.0,384.0,29315.0,739424.0,17963.0,739424.0,Austin Hooper,austin hooper,0,1,0.0,0,0.0,0.0,3.0,0.0,0.0,-1.9656966,0,0.0,0.027777778,0.012145749,0.05016869,,,,,,,,,,,,,,,,,REG,ATL,ARI,Austin Hooper,HoopAu00,0.0,1.0,1.0,39.6
2018,REG,15,00-0032394,N.Vannett,TE,TE,SEA,12680,c731aa8a-778b-4ccd-a19f-517eb66f47b7,15645.0,10728.0,3258.0,,2576399.0,29328.0,,1871322.0,VannNi00,nick-vannett-1,10949.0,11329.0,,29328.0,606488.0,18019.0,606488.0,Nick Vannett,nick vannett,0,1,0.0,0,0.0,0.0,23.0,0.0,0.0,-0.8726669,0,0.0,0.035714287,0.11165048,0.13172677,,,,,,,,,,,,,,,,,REG,SEA,SF,Nick Vannett,VannNi00,0.0,0.0,0.0,39.6
2018,REG,15,00-0034011,D.Arnold,TE,TE,NO,13880,d479a777-b53b-4bbf-a8e4-0c1675ac48df,17143.0,51842.0,4741.0,,4212989.0,30891.0,,2835170.0,ArnoDa00,,12276.0,12972.0,,30891.0,1053627.0,19659.0,1053627.0,Dan Arnold,dan arnold,0,2,0.0,0,0.0,0.0,20.0,0.0,0.0,-5.0981445,0,0.0,0.05882353,0.093457945,0.15365586,,,,,,,,,,,,,,,,,REG,NO,CAR,Dan Arnold,ArnoDa00,0.0,1.0,0.5,0.0
2018,REG,15,00-0030108,R.Griffin,TE,TE,HOU,11399,cb1df42c-b59c-4e23-a9a2-fbfc2b39ef71,11830.0,7982.0,1425.0,ryangriffin/2541316,15887.0,26824.0,,2057695.0,GrifRy00,ryan-griffin-1,8911.0,8600.0,,26824.0,465129.0,14985.0,465129.0,Ryan Griffin,ryan griffin,1,1,-1.0,0,0.0,0.0,-1.0,0.0,0.0,-1.3049651,0,0.0,0.03846154,-0.00456621,0.05449596,,,,,,,,,,,,,,,,,REG,HOU,NYJ,Ryan Griffin,GrifRy00,0.0,0.0,0.0,79.2
2018,REG,16,00-0027981,K.Rudolph,TE,TE,MIN,10312,1059e9dc-97df-4643-9116-883a0573d8b1,9906.0,6195.0,943.0,kylerudolph/2495438,14054.0,24830.0,7444.0,1633122.0,RudoKy00,kyle-rudolph-1,7246.0,6459.0,,24830.0,469472.0,13275.0,469472.0,Kyle Rudolph,kyle rudolph,9,9,122.0,2,0.0,0.0,86.0,36.0,4.0,11.564103,0,1.4186046,0.32142857,0.2792208,0.6775974,Kyle Rudolph,MIN,4.7299999999999995,4.516675364386517,9.964444444444444,28.484309490534876,100.0,122.0,2.0,4.141111111111111,3.860017978372311,0.28109313273879977,00-0027981,Kyle,Rudolph,K.Rudolph,REG,MIN,DET,Kyle Rudolph,RudoKy00,0.0,0.0,0.0,158.3
2018,REG,16,00-0030061,Z.Ertz,TE,TE,PHI,11247,de3421f7-2147-4835-89a5-724e87bad463,11689.0,7816.0,1339.0,zachertz/2540158,15835.0,26658.0,,1685963.0,ErtzZa00,zach-ertz-1,8781.0,8409.0,305.0,26658.0,503177.0,14856.0,503177.0,Zach Ertz,zach ertz,12,16,110.0,2,1.0,0.0,91.0,40.0,8.0,5.3085327,0,1.2087913,0.3265306,0.23214285,0.65229595,Zach Ertz,PHI,5.334,3.4032133952037347,5.4475,23.922709557007188,75.0,110.0,2.0,3.700833333333333,3.9728946360267607,-0.27206130269342754,00-0030061,Zachary,Ertz,Z.Ertz,REG,PHI,HOU,Zach Ertz,ErtzZa00,1.0,0.0,0.0,106.8
2018,REG,16,00-0033881,E.Engram,TE,TE,NYG,13189,e21365af-8d66-416e-b0a5-8816d18fcfd9,16411.0,11778.0,4066.0,,3051876.0,30136.0,,2079887.0,EngrEv00,evan-engram-1,11805.0,12205.0,229.0,30136.0,749185.0,18912.0,749185.0,Evan Engram,evan engram,6,6,87.0,0,0.0,0.0,53.0,34.0,5.0,8.115239,0,1.6415094,0.19354838,0.24311927,0.46050608,Evan Engram,NYG,6.3260000000000005,4.067433514012321,8.53,24.39815035515088,100.0,87.0,0.0,5.97,5.874146041185402,0.09585395881459746,00-0033881,Evan,Engram,E.Engram,REG,NYG,IND,Evan Engram,EngrEv00,0.0,0.0,0.0,118.7
2018,REG,16,00-0034753,M.Andrews,TE,TE,BAL,13671,0618f387-9b72-4270-8b8f-dec4cccc9e4a,17269.0,47436.0,5012.0,,3116365.0,31056.0,,2131121.0,AndrMa00,mark-andrews-1,12559.0,13182.0,366.0,31056.0,820699.0,19803.0,820699.0,Mark Andrews,mark andrews,2,2,83.0,1,0.0,0.0,39.0,44.0,2.0,7.3865237,0,2.128205,0.09090909,0.20103092,0.27708527,,,,,,,,,,,,,,,,,REG,BAL,LAC,Mark Andrews,AndrMa00,1.0,0.0,0.0,158.3
2018,REG,16,00-0034766,C.Herndon,TE,TE,NYJ,13679,780a48de-d092-4e87-9c34-8d1b45a154cc,17536.0,47164.0,5009.0,,3123050.0,31077.0,,2136463.0,HernCh00,christopher-herndon-iv-1,12899.0,13228.0,,31077.0,832080.0,19947.0,832080.0,Chris Herndon,chris herndon,6,7,82.0,1,0.0,0.0,68.0,29.0,5.0,7.565082,0,1.2058823,0.20588236,0.18328841,0.4371254,Chris Herndon,NYJ,5.8566666666666665,3.554237794517896,8.852857142857143,16.689109124205537,85.71428571428571,82.0,1.0,5.59,4.362640272655502,1.2273597273444983,00-0034766,Christopher,Herndon,C.Herndon,REG,NYJ,GB,Chris Herndon,HernCh00,0.0,0.0,0.0,155.1
2018,REG,16,00-0033288,G.Kittle,TE,TE,SF,13299,2ada91b0-036e-454f-83c3-6d939ff584a9,16499.0,11901.0,4217.0,,3040151.0,30259.0,,2818265.0,KittGe00,george-kittle-1,11892.0,12276.0,298.0,30259.0,733672.0,19063.0,733672.0,George Kittle,george kittle,7,12,74.0,0,0.0,0.0,101.0,32.0,3.0,2.5426826,0,0.7326733,0.3243243,0.2715054,0.67654026,George Kittle,SF,5.65,2.368186728941959,9.347500000000002,28.84437358568196,58.333333333333336,74.0,0.0,4.712857142857142,4.769964154932105,-0.05710701207496349,00-0033288,George,Kittle,G.Kittle,REG,SF,CHI,George Kittle,KittGe00,1.0,0.0,0.0,76.4
2018,REG,16,00-0033885,D.Njoku,TE,TE,CLE,13192,8f86fcea-90e8-49ea-bc78-5c7659313e57,16399.0,11784.0,4033.0,,3123076.0,30142.0,,2136474.0,NjokDa00,david-njoku-1,11734.0,12186.0,252.0,30142.0,832098.0,18876.0,832098.0,David Njoku,david njoku,3,4,73.0,1,0.0,0.0,31.0,62.0,2.0,6.2041836,0,2.3548386,0.10526316,0.10402685,0.23071353,,,,,,,,,,,,,,,,,REG,CLE,CIN,David Njoku,NjokDa00,1.0,0.0,0.0,156.2
2018,REG,16,00-0033627,J.Croom,TE,TE,BUF,13890,e17b5817-d955-42be-bb8d-e34d89f6dd71,16770.0,12145.0,4536.0,,2972240.0,30594.0,,2819968.0,,,12082.0,12709.0,,30594.0,690029.0,19415.0,690029.0,Jason Croom,jason croom,4,6,55.0,0,1.0,1.0,44.0,26.0,1.0,-4.130628,0,1.25,0.15,0.09821428,0.29375,Jason Croom,BUF,3.692,2.8462421686084345,6.559999999999998,8.572361973211367,66.66666666666666,55.0,0.0,7.050000000000001,5.973188084081002,1.0768119159189986,00-0033627,Jason,Croom,J.Croom,,,,,,,,,
2018,REG,16,00-0030506,T.Kelce,TE,TE,KC,11244,c3859e06-5f23-4302-a71b-04820a899d5f,11594.0,7844.0,1466.0,traviskelce/2540258,15847.0,26686.0,,1725130.0,KelcTr00,travis-kelce-1,8783.0,8411.0,264.0,26686.0,448240.0,15048.0,448240.0,Travis Kelce,travis kelce,5,9,54.0,0,0.0,0.0,120.0,18.0,3.0,1.9307679,0,0.45,0.23076923,0.31578946,0.5672065,Travis Kelce,KC,4.6414285714285715,2.864342473552591,13.977777777777776,30.926567839319514,55.55555555555556,54.0,0.0,3.9680000000000013,2.824975076257215,1.1430249237427863,00-0030506,Travis,Kelce,T.Kelce,REG,KC,SEA,Travis Kelce,KelcTr00,0.0,0.0,0.0,73.4
2018,REG,16,00-0030470,V.McDonald,TE,TE,PIT,11257,8f24a248-b328-43ec-8677-67600e42a8f7,11699.0,7836.0,1587.0,vancemcdonald/2540215,15853.0,26678.0,,1673357.0,McDoVa00,vance-mcdonald-1,8785.0,8413.0,,26678.0,494969.0,15239.0,,Vance McDonald,vance mcdonald,1,4,49.0,0,0.0,0.0,49.0,21.0,1.0,0.90323216,0,1.0,0.08163265,0.106290676,0.19685245,,,,,,,,,,,,,,,,,REG,PIT,NO,Vance McDonald,McDoVa00,0.0,0.0,0.0,78.1
2018,REG,16,00-0032134,C.Uzomah,TE,TE,CIN,12317,19858900-5c8e-49a7-ab02-34ef625724ca,14084.0,9590.0,2460.0,c.j.uzomah/2552559,2574576.0,28545.0,,2174118.0,UzomC.00,cj-uzomah-1,10462.0,10534.0,,28545.0,593305.0,16917.0,593305.0,C.J. Uzomah,cj uzomah,4,5,49.0,1,0.0,0.0,33.0,30.0,3.0,5.2071934,0,1.4848485,0.2631579,0.24626866,0.5671249,C.J. Uzomah,CIN,3.7224999999999997,2.7135702914700786,6.868,23.963712491277043,80.0,49.0,1.0,7.5725,5.387856037655354,2.184643962344646,00-0032134,Christopher,Uzomah,C.Uzomah,REG,CIN,CLE,C.J. Uzomah,UzomC.00,3.0,0.0,0.0,147.1
2018,REG,16,00-0034365,I.Thomas,TE,TE,CAR,13678,ed8a8fd2-df67-45e7-a34f-984afb82f6ea,17387.0,42130.0,4995.0,,4045305.0,31071.0,,2253359.0,ThomIa00,ian-thomas-3,12858.0,13163.0,323.0,31071.0,943093.0,19910.0,943093.0,Ian Thomas,ian thomas,4,5,48.0,1,0.0,0.0,65.0,11.0,4.0,3.885284,0,0.73846155,0.09090909,0.15151516,0.24242425,Ian Thomas,CAR,6.512499999999999,1.719248935314729,12.264,13.674984946812065,80.0,48.0,1.0,3.6774999999999993,2.3820989054491974,1.2954010945508019,00-0034365,Ian,Thomas,I.Thomas,REG,CAR,ATL,Ian Thomas,ThomIa00,0.0,0.0,0.0,146.2
2018,REG,16,00-0032392,A.Hooper,TE,TE,ATL,12677,90c2a93f-d837-4e1b-b57c-56648903a8db,15581.0,10715.0,3202.0,,3043275.0,29315.0,,2067004.0,HoopAu00,austin-hooper-1,10748.0,11301.0,384.0,29315.0,739424.0,17963.0,739424.0,Austin Hooper,austin hooper,2,2,36.0,0,0.0,0.0,27.0,9.0,1.0,1.7950748,0,1.3333334,0.07692308,0.092150174,0.17988974,,,,,,,,,,,,,,,,,REG,ATL,CAR,Austin Hooper,HoopAu00,0.0,0.0,0.0,118.7
2018,REG,16,00-0027696,J.Graham,TE,TE,GB,9925,fd85786d-3900-4dc0-9b30-334ee30413ed,9712.0,5619.0,616.0,jimmygraham/497236,13232.0,24070.0,6610.0,1691166.0,GrahJi00,jimmy-graham-1,6532.0,5842.0,,24070.0,295918.0,11488.0,295918.0,Jimmy Graham,jimmy graham,3,4,34.0,0,0.0,0.0,31.0,18.0,2.0,1.2717651,0,1.0967742,0.0754717,0.08136483,0.17016293,,,,,,,,,,,,,,,,,REG,GB,NYJ,Jimmy Graham,GrahJi00,0.0,0.0,0.0,100.0
2018,REG,16,00-0034364,J.Akins,TE,TE,HOU,13753,0cb5a32a-a340-4671-ba2a-93f5fa6aee8d,17415.0,47050.0,5032.0,,3128452.0,31068.0,,2142712.0,AkinJo00,jordan-akins-1,12568.0,13238.0,,31068.0,838396.0,19903.0,838396.0,Jordan Akins,jordan akins,2,3,33.0,0,0.0,0.0,52.0,9.0,2.0,2.6950862,0,0.63461536,0.075,0.12440191,0.19958134,,,,,,,,,,,,,,,,,REG,HOU,PHI,Jordan Akins,AkinJo00,0.0,0.0,0.0,103.5
2018,REG,16,00-0030710,T.Burton,TE,TE,CHI,11705,bc0f07a4-3e7b-4e61-987a-05533dc225be,12153.0,9185.0,1793.0,treyburton/2550284,16974.0,27789.0,,2130223.0,BurtTr01,,9490.0,9737.0,,27789.0,542788.0,15965.0,,Trey Burton,trey burton,5,5,30.0,0,0.0,0.0,22.0,8.0,0.0,1.2681279,0,1.3636364,0.1724138,0.114583336,0.338829,Trey Burton,CHI,5.41,1.450703283268189,4.37,11.647121535181236,100.0,30.0,0.0,1.6299999999999997,1.890320335563456,-0.26032033556345624,00-0030710,Lawrence,Burton,T.Burton,REG,CHI,SF,Trey Burton,BurtTr01,1.0,0.0,0.0,91.7
2018,REG,16,00-0034351,D.Goedert,TE,TE,PHI,13674,e8029983-87cf-49a2-bc04-04c8233a0630,17270.0,47272.0,5022.0,,3121023.0,31019.0,,2132551.0,GoedDa00,,12860.0,13151.0,382.0,31019.0,791365.0,19863.0,791365.0,Dallas Goedert,dallas goedert,3,3,30.0,0,0.0,0.0,16.0,14.0,2.0,3.4370294,0,1.875,0.06122449,0.040816326,0.12040816,,,,,,,,,,,,,,,,,REG,PHI,HOU,Dallas Goedert,GoedDa00,0.0,0.0,0.0,108.3
2018,REG,16,00-0031585,M.Pruitt,TE,TE,TEN,12309,f22b34cf-6ecf-4522-9c77-1da275dfda7d,13964.0,9576.0,2446.0,,2508256.0,28531.0,,1760327.0,PruiMy00,,10251.0,10522.0,,28531.0,552586.0,16903.0,552586.0,MyCole Pruitt,mycole pruitt,2,3,29.0,1,0.0,0.0,56.0,3.0,2.0,3.099052,0,0.51785713,0.13043478,0.29166666,0.39981884,,,,,,,,,,,,,,,,,REG,TEN,WAS,MyCole Pruitt,PruiMy00,0.0,0.0,0.0,137.5
2018,REG,16,00-0031387,E.Ebron,TE,TE,IND,11695,9fbcfae9-dd14-415c-8952-9b1b5dff0dfc,12143.0,8645.0,2118.0,ericebron/2543466,16732.0,27538.0,,1865396.0,EbroEr00,eric-ebron-1,9210.0,9390.0,,27538.0,605752.0,16451.0,605752.0,Eric Ebron,eric ebron,3,5,28.0,0,0.0,0.0,77.0,5.0,2.0,-0.95837766,0,0.36363637,0.11363637,0.19592875,0.30760467,Eric Ebron,IND,4.3875,1.490124297038914,14.993999999999996,18.43645484949833,60.0,28.0,0.0,1.4533333333333356,1.1223429538399614,0.3309903794933742,00-0031387,Eric,Ebron,E.Ebron,REG,IND,NYG,Eric Ebron,EbroEr00,0.0,0.0,0.0,75.4
2018,REG,16,00-0033895,G.Everett,TE,TE,LA,13236,ebeceb00-57e0-4b74-9cf7-853da2afed18,16459.0,11799.0,4089.0,,3918639.0,30157.0,,2142692.0,EverGe00,gerald-everett-1,11737.0,12284.0,55.0,30157.0,838487.0,18935.0,838487.0,Gerald Everett,gerald everett,5,6,28.0,0,0.0,0.0,39.0,2.0,2.0,1.9774256,0,0.71794873,0.26086956,0.21546961,0.5421331,Gerald Everett,LAR,7.348333333333334,2.0096434358677095,6.658333333333334,21.51782828826888,83.33333333333334,28.0,0.0,0.46200000000000047,1.1265235988140432,-0.6645235988140428,00-0033895,Gerald,Everett,G.Everett,REG,LA,ARI,Gerald Everett,EverGe00,0.0,0.0,0.0,86.1
2018,REG,16,00-0027985,L.Kendricks,TE,TE,GB,10318,27921351-a775-4649-bd49-7b4c486d1ba2,9912.0,6199.0,964.0,lancekendricks/2495187,14007.0,24834.0,7425.0,1117803.0,KendLa00,lance-kendricks-1,7412.0,6614.0,,24834.0,332066.0,13386.0,,Lance Kendricks,lance kendricks,2,2,26.0,0,0.0,0.0,7.0,19.0,1.0,1.6777936,0,3.7142856,0.03773585,0.018372703,0.06946467,,,,,,,,,,,,,,,,,REG,GB,NYJ,Lance Kendricks,KendLa00,0.0,0.0,0.0,118.7
2018,REG,16,00-0032055,D.Funchess,TE,TE,CAR,12205,7f5f2a81-ac40-420c-9421-5b9e2a21faf8,13915.0,9474.0,2346.0,,2977609.0,28429.0,,2001877.0,FuncDe00,devin-funchess-1,10138.0,10391.0,,28429.0,696127.0,16802.0,696127.0,Devin Funchess,devin funchess,2,4,23.0,0,0.0,0.0,50.0,2.0,2.0,-2.8891945,0,0.46,0.07272727,0.11655012,0.19067599,,,,,,,,,,,,,,,,,REG,CAR,ATL,Devin Funchess,FuncDe00,0.0,0.0,0.0,28.1
2018,REG,16,00-0033528,J.Sprinkle,TE,TE,WAS,13194,2dcc8e56-ac32-4774-a011-b1e65ca73786,16461.0,11909.0,4221.0,,2980073.0,30267.0,,1999945.0,SpriJe00,jeremy-sprinkle-1,11899.0,12368.0,,30267.0,693833.0,19067.0,693833.0,Jeremy Sprinkle,jeremy sprinkle,2,3,22.0,0,0.0,0.0,19.0,6.0,1.0,0.30957216,0,1.1578947,0.13043478,0.0701107,0.24472967,,,,,,,,,,,,,,,,,REG,WAS,TEN,Jeremy Sprinkle,SpriJe00,0.0,0.0,0.0,88.2
2018,REG,16,00-0021547,A.Gates,TE,TE,LAC,7236,82da09c2-e542-4f7d-87d9-24dfd8e014de,9027.0,1609.0,322.0,antoniogates/2505299,5362.0,6663.0,,396811.0,,,3172.0,611.0,,6663.0,234249.0,7884.0,,Antonio Gates,antonio gates,3,5,21.0,0,1.0,1.0,28.0,6.0,1.0,-9.211741,0,0.75,0.1388889,0.12612613,0.29662162,Antonio Gates,LAC,4.165,2.2169754063188263,5.655999999999999,12.852208689329212,60.0,21.0,0.0,1.8533333333333342,4.042273678449116,-2.188940345115782,00-0021547,Antonio,Gates,A.Gates,,,,,,,,,
2018,REG,16,00-0027061,J.Cook,TE,TE,LV,9474,3b7a1409-d154-4e5c-8c94-9d4a0e0993c7,9265.0,5012.0,367.0,jaredcook/71265,12537.0,9353.0,6126.0,584314.0,CookJa02,jared-cook-2,5981.0,5165.0,,9353.0,296480.0,8534.0,296480.0,Jared Cook,jared cook,2,3,20.0,0,0.0,0.0,13.0,11.0,0.0,0.91977847,0,1.5384616,0.115384616,0.07647059,0.22660634,,,,,,,,,,,,,,,,,REG,OAK,DEN,Jared Cook,CookJa02,0.0,0.0,0.0,85.4
2018,REG,16,00-0027675,E.Dickson,TE,TE,SEA,9912,46bb9a85-523c-4530-95c3-2c2a9737e65f,9706.0,5595.0,701.0,eddickson/497224,13272.0,24045.0,6604.0,565631.0,DickEd00,ed-dickson-1,6530.0,5840.0,,24045.0,296060.0,12153.0,,Ed Dickson,ed dickson,3,3,19.0,1,0.0,0.0,1.0,18.0,2.0,2.150079,0,19.0,0.11111111,0.003125,0.16885416,,,,,,,,,,,,,,,,,REG,SEA,KC,Ed Dickson,DickEd00,1.0,0.0,0.0,132.6
2018,REG,16,00-0029587,R.Ellison,TE,TE,NYG,10838,cccc9f16-9508-434f-b7a4-9a29cb0cacf9,11315.0,7128.0,1211.0,rhettellison/2532835,15003.0,25838.0,,1244464.0,ElliRh00,rhett-ellison-1,8114.0,7580.0,,25838.0,399295.0,14445.0,,Rhett Ellison,rhett ellison,2,2,18.0,0,0.0,0.0,2.0,16.0,1.0,0.75153357,0,9.0,0.06451613,0.0091743115,0.10319621,,,,,,,,,,,,,,,,,REG,NYG,IND,Rhett Ellison,ElliRh00,0.0,0.0,0.0,104.2
2018,REG,16,00-0029738,D.Fells,TE,TE,CLE,11337,54d4e35a-2e6c-48f6-86ad-92dd596c173c,13636.0,8549.0,1592.0,darrenfells/2540928,15773.0,26612.0,,2053740.0,FellDa01,,9758.0,8472.0,,26612.0,266414.0,15247.0,266414.0,Darren Fells,darren fells,3,3,18.0,1,0.0,0.0,0.0,18.0,2.0,2.8462741,0,0.0,0.078947365,0.0,0.118421055,,,,,,,,,,,,,,,,,REG,CLE,CIN,Darren Fells,FellDa01,0.0,0.0,0.0,131.2
2018,REG,16,00-0032661,B.Braunecker,TE,TE,CHI,12868,d76c8e95-7c6e-4def-9fd9-d813df18b3b8,15842.0,11335.0,3465.0,,2969241.0,29913.0,,1994904.0,BrauBe00,,10917.0,11587.0,,29913.0,679453.0,18229.0,,Ben Braunecker,ben braunecker,1,1,18.0,0,0.0,0.0,17.0,1.0,1.0,1.3072106,0,1.0588236,0.03448276,0.088541664,0.1137033,,,,,,,,,,,,,,,,,REG,CHI,SF,Ben Braunecker,BrauBe00,0.0,0.0,0.0,118.7
2018,REG,16,00-0034830,H.Hurst,TE,TE,BAL,13680,1b125fc4-5dd9-4eb9-a42f-048e61ca42b7,17283.0,47294.0,4973.0,,3924365.0,30995.0,,2185053.0,HursHa00,hayden-hurst-1,12467.0,13098.0,8.0,30995.0,881956.0,19843.0,881956.0,Hayden Hurst,hayden hurst,1,2,18.0,0,0.0,0.0,12.0,11.0,1.0,-0.6325374,0,1.5,0.09090909,0.06185567,0.1796626,,,,,,,,,,,,,,,,,REG,BAL,LAC,Hayden Hurst,HursHa00,0.0,0.0,0.0,81.2
2018,REG,16,00-0030443,L.Toilolo,TE,TE,DET,11252,67d56171-7522-430c-b7d9-8f7e2b6624d3,11694.0,7915.0,1642.0,levinetoilolo/2540203,15980.0,26756.0,,1685990.0,ToilLe00,levine-toilolo-1,8789.0,8414.0,,26756.0,503205.0,15378.0,503205.0,Levine Toilolo,levine toilolo,1,1,16.0,0,0.0,0.0,3.0,13.0,1.0,0.9593276,0,5.3333335,0.023809524,0.009615385,0.042445056,,,,,,,,,,,,,,,,,REG,DET,MIN,Levine Toilolo,ToilLe00,0.0,0.0,0.0,118.7
2018,REG,16,00-0031167,S.Simonson,TE,TE,NYG,12138,b77aa319-b97f-4316-84c5-e51390432644,13839.0,8954.0,2040.0,,17391.0,28215.0,,2130881.0,,,10016.0,10143.0,,28215.0,564881.0,16327.0,,Scott Simonson,scott simonson,3,3,16.0,1,0.0,0.0,5.0,11.0,2.0,1.8358245,0,3.2,0.09677419,0.02293578,0.16121633,,,,,,,,,,,,,,,,,,,,,,,,,
2018,REG,16,00-0033110,T.Higbee,TE,TE,LA,12678,0df7912d-9e81-47ea-b4f7-d04986df4ee8,15623.0,10744.0,3271.0,,2573401.0,29344.0,,1853103.0,HigbTy00,tyler-higbee-1,10854.0,11430.0,159.0,29344.0,604176.0,18032.0,604176.0,Tyler Higbee,tyler higbee,1,1,16.0,0,0.0,0.0,4.0,12.0,1.0,1.2934324,0,4.0,0.04347826,0.022099448,0.080687,,,,,,,,,,,,,,,,,REG,LA,ARI,Tyler Higbee,HigbTy00,1.0,0.0,0.0,118.7
2018,REG,16,00-0033455,A.Firkser,TE,TE,TEN,13919,b0719e3d-199b-46e5-a2b4-1091f6fd5c0d,16787.0,51837.0,4435.0,,3049698.0,30571.0,,2818971.0,FirkAn00,,12235.0,12691.0,,30571.0,767297.0,19296.0,767297.0,Anthony Firkser,anthony firkser,2,3,16.0,0,0.0,0.0,12.0,9.0,1.0,0.42402196,0,1.3333334,0.13043478,0.0625,0.23940217,,,,,,,,,,,,,,,,,REG,TEN,WAS,Anthony Firkser,FirkAn00,0.0,0.0,0.0,79.9
2018,REG,16,00-0030108,R.Griffin,TE,TE,HOU,11399,cb1df42c-b59c-4e23-a9a2-fbfc2b39ef71,11830.0,7982.0,1425.0,ryangriffin/2541316,15887.0,26824.0,,2057695.0,GrifRy00,ryan-griffin-1,8911.0,8600.0,,26824.0,465129.0,14985.0,465129.0,Ryan Griffin,ryan griffin,2,4,15.0,0,0.0,0.0,26.0,6.0,1.0,1.1910969,0,0.5769231,0.1,0.062200956,0.19354066,,,,,,,,,,,,,,,,,REG,HOU,PHI,Ryan Griffin,GrifRy00,0.0,0.0,0.0,59.4
2018,REG,16,00-0031598,N.Boyle,TE,TE,BAL,12328,9480dd9f-151f-4e6d-b5a3-35f07bda4cac,13963.0,9604.0,2474.0,,2574591.0,28559.0,,1888149.0,BoylNi00,,10252.0,10547.0,,28559.0,608753.0,16931.0,608753.0,Nick Boyle,nick boyle,2,2,15.0,0,0.0,0.0,4.0,11.0,0.0,0.86135674,0,3.75,0.09090909,0.020618556,0.15079662,,,,,,,,,,,,,,,,,REG,BAL,LAC,Nick Boyle,BoylNi00,0.0,0.0,0.0,97.9
2018,REG,16,00-0031299,J.Matthews,TE,TE,PHI,11676,7b96a836-666b-47b6-a0a7-9dbb0b4c53e8,12124.0,8677.0,1800.0,jordanmatthews/2543500,16763.0,27570.0,,1759816.0,MattJo00,jordan-matthews-1,9273.0,9420.0,,27570.0,555648.0,15974.0,555648.0,Jordan Matthews,jordan matthews,2,3,13.0,0,0.0,0.0,19.0,4.0,1.0,-0.56652486,0,0.68421054,0.06122449,0.048469387,0.12576531,,,,,,,,,,,,,,,,,REG,PHI,HOU,Jordan Matthews,MattJo00,1.0,0.0,0.0,75.7
2018,REG,16,00-0028142,V.Green,TE,TE,LAC,10432,6ef43c53-53d7-4b0f-ad99-17664d663ae8,10026.0,6356.0,868.0,virgilgreen/2495288,14085.0,24991.0,7502.0,1130615.0,GreeVi00,virgil-green-1,7416.0,6570.0,,24991.0,323254.0,13016.0,,Virgil Green,virgil green,2,2,12.0,0,0.0,0.0,7.0,5.0,1.0,0.7470991,0,1.7142857,0.055555556,0.03153153,0.105405405,,,,,,,,,,,,,,,,,REG,LAC,BAL,Virgil Green,GreeVi00,0.0,0.0,0.0,91.7
2018,REG,16,00-0032394,N.Vannett,TE,TE,SEA,12680,c731aa8a-778b-4ccd-a19f-517eb66f47b7,15645.0,10728.0,3258.0,,2576399.0,29328.0,,1871322.0,VannNi00,nick-vannett-1,10949.0,11329.0,,29328.0,606488.0,18019.0,606488.0,Nick Vannett,nick vannett,2,2,11.0,1,0.0,0.0,3.0,8.0,2.0,2.7156496,0,3.6666667,0.074074075,0.009375,0.11767361,,,,,,,,,,,,,,,,,REG,SEA,KC,Nick Vannett,VannNi00,0.0,0.0,0.0,129.2
2018,REG,16,00-0033757,R.Tonyan,TE,TE,GB,13427,7c9c7800-69d0-459b-812b-a07ac48e9f2a,16502.0,12193.0,4602.0,,2975674.0,30777.0,,2820026.0,TonyRo00,,12389.0,12868.0,,30777.0,660151.0,19491.0,660151.0,Robert Tonyan,robert tonyan,1,1,11.0,0,0.0,0.0,6.0,5.0,1.0,2.6021059,0,1.8333334,0.018867925,0.015748031,0.03932551,,,,,,,,,,,,,,,,,REG,GB,NYJ,Robert Tonyan,TonyRo00,0.0,0.0,0.0,112.5
2018,REG,16,00-0032089,B.Parker,TE,TE,DEN,12433,c5606f69-f550-4b4a-b61a-f1f71142a32f,14332.0,10135.0,2653.0,brianparker/2553840,2508328.0,28688.0,,2175148.0,,,10661.0,10763.0,,28688.0,556849.0,17121.0,,Brian Parker,brian parker,2,3,10.0,0,0.0,0.0,5.0,10.0,1.0,-0.59796274,0,2.0,0.083333336,0.0147492625,0.13532448,,,,,,,,,,,,,,,,,,,,,,,,,
2018,REG,16,00-0027139,J.Phillips,TE,TE,ARI,9638,c43cf6a1-8faa-4f95-aa2a-f1aac3ffe103,9312.0,5132.0,406.0,johnphillips/71435,12550.0,9472.0,6245.0,1117442.0,PhilJo00,john-phillips-1,6130.0,5419.0,,9472.0,323332.0,8848.0,,John Phillips,john phillips,1,1,9.0,0,0.0,0.0,5.0,4.0,0.0,0.11604608,0,1.8,0.032258064,0.017301038,0.060497824,,,,,,,,,,,,,,,,,REG,ARI,LA,John Phillips,PhilJo00,0.0,0.0,0.0,104.2
2018,REG,16,00-0033953,J.Leggett,TE,TE,NYJ,13195,bea00842-e4db-4955-857a-ea8d4a0e215b,16458.0,11905.0,4153.0,,3045118.0,30263.0,,2060412.0,LeggJo00,jordan-leggett-1,11893.0,12307.0,,30263.0,733735.0,18999.0,,Jordan Leggett,jordan leggett,1,1,9.0,0,0.0,0.0,9.0,0.0,0.0,0.8830735,0,1.0,0.029411765,0.02425876,0.06109878,,,,,,,,,,,,,,,,,REG,NYJ,GB,Jordan Leggett,LeggJo00,0.0,0.0,0.0,104.2
2018,REG,16,00-0034798,D.Smythe,TE,TE,MIA,13676,7e42a22a-c47b-4387-aeeb-2cc2e76dc1d8,17508.0,47257.0,5008.0,,3052897.0,31093.0,,2082845.0,SmytDu00,durham-smythe-1,12807.0,13249.0,,31093.0,749968.0,19943.0,749968.0,Durham Smythe,durham smythe,1,2,9.0,0,0.0,0.0,10.0,1.0,1.0,0.14166482,0,0.9,0.0952381,0.10752688,0.21812595,,,,,,,,,,,,,,,,,REG,MIA,JAX,Durham Smythe,SmytDu00,0.0,0.0,0.0,62.5
2018,REG,16,00-0031273,C.Brate,TE,TE,TB,12110,5afe93fd-0caf-4cca-83fc-7f405bebfa3e,13470.0,9207.0,2214.0,,17453.0,28267.0,,2132787.0,BratCa00,,10008.0,10193.0,,28267.0,552926.0,16593.0,552926.0,Cameron Brate,cameron brate,2,3,8.0,0,0.0,0.0,12.0,2.0,1.0,-0.53878903,0,0.6666667,0.0625,0.024489796,0.110892855,,,,,,,,,,,,,,,,,REG,TB,DAL,Cameron Brate,BratCa00,0.0,0.0,0.0,70.1
2018,REG,16,00-0031610,D.Waller,TE,TE,LV,12263,14c97c9f-26e8-4944-9299-f90de6aeada3,14104.0,9637.0,2505.0,,2576925.0,28592.0,,1850793.0,WallDa01,darren-waller-1,10215.0,10433.0,,28592.0,600191.0,16964.0,600191.0,Darren Waller,darren waller,2,2,8.0,0,0.0,0.0,3.0,5.0,0.0,-0.1915762,0,2.6666667,0.07692308,0.01764706,0.12773755,,,,,,,,,,,,,,,,,REG,OAK,DEN,Darren Waller,WallDa01,0.0,0.0,0.0,83.3
2018,REG,16,00-0033658,B.Jarwin,TE,TE,DAL,13722,43e8a6ac-d451-4dbd-b145-797764f91494,16638.0,12320.0,4571.0,,2991767.0,30784.0,,2819999.0,JarwBl00,,12179.0,12507.0,,30784.0,711965.0,19457.0,711965.0,Blake Jarwin,blake jarwin,2,3,8.0,0,0.0,0.0,16.0,3.0,0.0,-0.49611574,0,0.5,0.12,0.13445379,0.27411765,,,,,,,,,,,,,,,,,REG,DAL,TB,Blake Jarwin,JarwBl00,0.0,1.0,0.333,70.1
2018,REG,16,00-0031384,R.Rodgers,TE,TE,PHI,11785,e00b3426-238b-4bdb-85c3-bbf08b7469e3,12233.0,8733.0,2146.0,richardrodgers/2550313,16786.0,27626.0,,2129433.0,RodgRi00,richard-rodgers-1,9559.0,9547.0,,27626.0,607699.0,16491.0,607699.0,Richard Rodgers,richard rodgers,1,1,7.0,0,0.0,0.0,-2.0,9.0,1.0,0.45875126,0,0.0,0.020408163,-0.0051020407,0.027040817,,,,,,,,,,,,,,,,,REG,PHI,HOU,Richard Rodgers,RodgRi00,0.0,0.0,0.0,95.8
2018,REG,16,00-0022943,B.Watson,TE,TE,NO,7422,d81844de-54c3-42ee-9850-072dc4131b6f,9040.0,1753.0,663.0,benjaminwatson/2506122,5557.0,6791.0,,493107.0,WatsBe00,benjamin-watson-1,3872.0,48.0,,6791.0,246082.0,11756.0,,Ben Watson,ben watson,1,2,6.0,0,0.0,0.0,9.0,1.0,0.0,-1.1083664,0,0.6666667,0.051282052,0.025280898,0.094619706,,,,,,,,,,,,,,,,,REG,NO,PIT,Ben Watson,WatsBe00,0.0,1.0,0.5,56.2
2018,REG,16,00-0034829,M.Gesicki,TE,TE,MIA,13672,1012cbe0-7eba-4169-bfca-183a0204e1a7,17272.0,47153.0,4993.0,,3116164.0,31012.0,,2139298.0,GesiMi00,mike-gesicki-1,12764.0,13104.0,330.0,31012.0,836152.0,19853.0,836152.0,Mike Gesicki,mike gesicki,1,1,5.0,0,0.0,0.0,3.0,2.0,0.0,0.084743984,0,1.6666666,0.04761905,0.032258064,0.09400921,,,,,,,,,,,,,,,,,REG,MIA,JAX,Mike Gesicki,GesiMi00,0.0,0.0,0.0,87.5
2018,REG,16,00-0033896,A.Shaheen,TE,TE,CHI,13254,87171077-4c1c-4b67-b159-2cc6242988e0,16457.0,11800.0,4085.0,,4198676.0,30158.0,,2818105.0,ShahAd00,,11898.0,12283.0,,30158.0,1049770.0,18931.0,1049770.0,Adam Shaheen,adam shaheen,1,2,4.0,0,0.0,0.0,28.0,0.0,0.0,-0.95019,0,0.14285715,0.06896552,0.14583333,0.20553161,,,,,,,,,,,,,,,,,REG,CHI,SF,Adam Shaheen,ShahAd00,0.0,0.0,0.0,56.2
2018,REG,16,00-0033611,R.Seals-Jones,TE,TE,ARI,13382,52735659-a294-4f64-a7f4-3591450834e5,16730.0,12020.0,4531.0,,3051806.0,30494.0,,2080003.0,SealRi00,,11876.0,12463.0,,30494.0,744568.0,19410.0,744568.0,Ricky Seals-Jones,ricky seals-jones,1,1,3.0,0,0.0,0.0,3.0,0.0,0.0,-0.36348537,0,1.0,0.032258064,0.010380623,0.05565353,,,,,,,,,,,,,,,,,REG,ARI,LA,Ricky Seals-Jones,SealRi00,0.0,0.0,0.0,79.2
2018,REG,16,00-0030216,J.Hill,TE,TE,NO,11529,687cdc33-bd0d-4b70-adb3-33f97dc26a3c,13565.0,8200.0,1777.0,joshhill/2541834,16143.0,26950.0,,2060083.0,HillJo02,,9071.0,8764.0,,26950.0,469509.0,15866.0,,Josh Hill,josh hill,2,3,1.0,0,0.0,0.0,1.0,4.0,0.0,-1.9596901,0,1.0,0.07692308,0.0028089888,0.117350906,,,,,,,,,,,,,,,,,REG,NO,PIT,Josh Hill,HillJo02,0.0,0.0,0.0,70.1
2018,REG,16,00-0033080,S.DeValve,TE,TE,CLE,12792,a2451bf7-83dd-496c-b527-c14d8d518598,15671.0,10772.0,3296.0,,2566659.0,29372.0,,1984760.0,DevaSe00,,11221.0,11444.0,,29372.0,623676.0,18057.0,,Seth DeValve,seth devalve,1,1,1.0,0,0.0,0.0,1.0,0.0,0.0,-0.4051286,0,1.0,0.02631579,0.0033557047,0.04182268,,,,,,,,,,,,,,,,,REG,CLE,CIN,Seth Devalve,DevaSe00,0.0,0.0,0.0,79.2
2018,REG,16,00-0027656,R.Gronkowski,TE,TE,NE,9902,2142a164-48ad-47d6-bb27-0bc58c6b2e62,9721.0,5567.0,515.0,robgronkowski/497240,13229.0,24017.0,,1244303.0,GronRo00,rob-gronkowski-1,6443.0,5729.0,,24017.0,381091.0,10974.0,381091.0,Rob Gronkowski,rob gronkowski,0,3,0.0,0,0.0,0.0,37.0,0.0,0.0,-7.38502,0,0.0,0.125,0.31623933,0.4088675,,,,,,,,,,,,,,,,,REG,NE,BUF,Rob Gronkowski,GronRo00,0.0,1.0,0.333,0.0
2018,REG,16,00-0028042,L.Stocker,TE,TE,TEN,10354,5b712aed-201c-43dd-b978-b7b6ef91178e,9948.0,6256.0,963.0,lukestocker/2495234,14099.0,24891.0,7589.0,1125485.0,StocLu00,luke-stocker-1,7413.0,6552.0,,24891.0,334186.0,13370.0,334186.0,Luke Stocker,luke stocker,0,1,0.0,0,0.0,0.0,19.0,0.0,0.0,-0.41870755,0,0.0,0.04347826,0.098958336,0.13448822,,,,,,,,,,,,,,,,,REG,TEN,WAS,Luke Stocker,StocLu00,0.0,0.0,0.0,39.6
2018,REG,16,00-0030155,D.Harris,TE,TE,KC,11448,8506c15c-15cc-4d2c-aebf-270c605fe0ec,11881.0,8524.0,1619.0,demetriusharris/2541187,16318.0,27174.0,,2060074.0,HarrDe03,,9847.0,8683.0,,27174.0,602269.0,15305.0,602269.0,Demetrius Harris,demetrius harris,0,1,0.0,0,0.0,0.0,1.0,0.0,0.0,-0.7951378,0,0.0,0.025641026,0.002631579,0.040303644,,,,,,,,,,,,,,,,,REG,KC,SEA,Demetrius Harris,HarrDe03,0.0,1.0,1.0,39.6
2018,REG,16,00-0031035,X.Grimble,TE,TE,PIT,11701,c9557ff2-899f-41e3-8a0e-35ca874db9b2,12149.0,9092.0,2082.0,xaviergrimble/2550521,17348.0,28184.0,,2130777.0,,,9283.0,9614.0,,28184.0,555680.0,16395.0,,Xavier Grimble,xavier grimble,0,1,0.0,0,0.0,0.0,3.0,0.0,0.0,-0.5660651,0,0.0,0.020408163,0.0065075923,0.03516756,,,,,,,,,,,,,,,,,,,,,,,,,
2018,REG,16,00-0031260,L.Thomas,TE,TE,BUF,11647,b24625a0-d402-4d59-a778-aa4b073bfe5e,12095.0,8755.0,2251.0,loganthomas/2543767,16813.0,27648.0,,1691193.0,ThomLo00,logan-thomas-1,9323.0,9354.0,,27648.0,507528.0,16656.0,507528.0,Logan Thomas,logan thomas,0,1,0.0,0,0.0,0.0,22.0,0.0,0.0,-0.5699512,0,0.0,0.025,0.04910714,0.071875,,,,,,,,,,,,,,,,,REG,BUF,NE,Logan Thomas,ThomLo00,0.0,1.0,1.0,39.6
2018,REG,16,00-0031462,J.Cunningham,TE,TE,DET,12124,2a1658c4-c9fd-4a98-b619-74ec35e30bf5,13849.0,9400.0,2304.0,jeromecunningham/2551359,2476373.0,28348.0,,2141500.0,,,9920.0,10270.0,,28348.0,512900.0,16759.0,,Jerome Cunningham,jerome cunningham,0,1,0.0,0,0.0,0.0,3.0,0.0,0.0,-0.30440858,0,0.0,0.023809524,0.009615385,0.042445056,,,,,,,,,,,,,,,,,,,,,,,,,
2018,REG,16,00-0032062,B.Bell,TE,TE,JAX,12213,0cc4e449-185a-4b08-9f07-c907ad0c3e05,13966.0,9550.0,2422.0,,2514206.0,28505.0,,1737101.0,BellBl00,blake-bell-1,10248.0,10366.0,,28505.0,542871.0,16878.0,542871.0,Blake Bell,blake bell,0,1,0.0,0,0.0,0.0,24.0,0.0,0.0,-0.8242144,0,0.0,0.04347826,0.17391305,0.18695652,,,,,,,,,,,,,,,,,REG,JAX,MIA,Blake Bell,BellBl00,0.0,0.0,0.0,39.6
2018,REG,16,00-0033217,M.Alie-Cox,TE,TE,IND,13246,8809c0dd-786b-4255-a7d0-333c9498c19a,16579.0,12078.0,4054.0,moalie-cox/2558832,2998565.0,30112.0,,2815925.0,AlieMo00,,12196.0,12221.0,195.0,30112.0,712506.0,18900.0,712506.0,Mo Alie-Cox,mo alie-cox,0,1,0.0,0,0.0,0.0,13.0,0.0,0.0,-0.16079426,0,0.0,0.022727273,0.03307888,0.057246126,,,,,,,,,,,,,,,,,REG,IND,NYG,Mo Alie-Cox,AlieMo00,0.0,0.0,0.0,39.6
2018,REG,16,00-0034420,J.Thomas,TE,TE,HOU,13819,f993832a-f81f-4706-90b8-80fd193bdfd7,17399.0,42062.0,5117.0,,4035379.0,31181.0,,2249166.0,ThomJo05,jordan-thomas-6,12697.0,13309.0,,31181.0,922092.0,20020.0,922092.0,Jordan Thomas,jordan thomas,0,1,0.0,0,0.0,0.0,12.0,0.0,0.0,-0.6652323,0,0.0,0.025,0.028708134,0.057595693,,,,,,,,,,,,,,,,,REG,HOU,PHI,Jordan Thomas,ThomJo05,0.0,0.0,0.0,39.6
2018,REG,17,00-0033288,G.Kittle,TE,TE,SF,13299,2ada91b0-036e-454f-83c3-6d939ff584a9,16499.0,11901.0,4217.0,,3040151.0,30259.0,,2818265.0,KittGe00,george-kittle-1,11892.0,12276.0,298.0,30259.0,733672.0,19063.0,733672.0,George Kittle,george kittle,9,14,149.0,1,0.0,0.0,90.0,95.0,6.0,7.0173845,0,1.6555556,0.42424244,0.4712042,0.96620655,George Kittle,SF,9.5625,2.757665843687793,6.159285714285714,41.399010994286805,64.28571428571429,149.0,1.0,11.04777777777778,7.174758603309733,3.8730191744680473,00-0033288,George,Kittle,G.Kittle,REG,SF,LA,George Kittle,KittGe00,1.0,0.0,0.0,94.0
2018,REG,17,00-0033658,B.Jarwin,TE,TE,DAL,13722,43e8a6ac-d451-4dbd-b145-797764f91494,16638.0,12320.0,4571.0,,2991767.0,30784.0,,2819999.0,JarwBl00,,12179.0,12507.0,,30784.0,711965.0,19457.0,711965.0,Blake Jarwin,blake jarwin,7,8,119.0,3,0.0,0.0,93.0,33.0,5.0,13.525492,0,1.2795699,0.18604651,0.22248805,0.43481138,Blake Jarwin,DAL,8.114999999999998,2.9670813482290863,11.5725,21.92020835799692,87.5,119.0,3.0,5.279999999999999,2.5923927037802383,2.687607296219761,00-0033658,Blake,Jarwin,B.Jarwin,REG,DAL,NYG,Blake Jarwin,JarwBl00,0.0,0.0,0.0,158.3
2018,REG,17,00-0033881,E.Engram,TE,TE,NYG,13189,e21365af-8d66-416e-b0a5-8816d18fcfd9,16411.0,11778.0,4066.0,,3051876.0,30136.0,,2079887.0,EngrEv00,evan-engram-1,11805.0,12205.0,229.0,30136.0,749185.0,18912.0,749185.0,Evan Engram,evan engram,5,8,81.0,1,0.0,0.0,39.0,73.0,4.0,6.467156,1,2.0769231,0.20512821,0.1358885,0.40281427,Evan Engram,NYG,6.307499999999999,3.3647597771600823,4.8675,11.349791599871756,62.5,81.0,1.0,14.808000000000002,4.966568008231843,9.841431991768157,00-0033881,Evan,Engram,E.Engram,REG,NYG,DAL,Evan Engram,EngrEv00,0.0,0.0,0.0,135.9
2018,REG,17,00-0032392,A.Hooper,TE,TE,ATL,12677,90c2a93f-d837-4e1b-b57c-56648903a8db,15581.0,10715.0,3202.0,,3043275.0,29315.0,,2067004.0,HoopAu00,austin-hooper-1,10748.0,11301.0,384.0,29315.0,739424.0,17963.0,739424.0,Austin Hooper,austin hooper,5,6,67.0,0,0.0,0.0,84.0,17.0,3.0,2.5120835,0,0.79761904,0.13953489,0.22459893,0.36652157,Austin Hooper,ATL,6.519999999999999,5.006600079815616,13.183333333333332,20.742100432673393,83.33333333333334,67.0,0.0,4.246000000000002,4.72019138849336,-0.47419138849335774,00-0032392,Austin,Hooper,A.Hooper,REG,ATL,TB,Austin Hooper,HoopAu00,0.0,0.0,0.0,113.2
2018,REG,17,00-0030506,T.Kelce,TE,TE,KC,11244,c3859e06-5f23-4302-a71b-04820a899d5f,11594.0,7844.0,1466.0,traviskelce/2540258,15847.0,26686.0,,1725130.0,KelcTr00,travis-kelce-1,8783.0,8411.0,264.0,26686.0,448240.0,15048.0,448240.0,Travis Kelce,travis kelce,5,9,62.0,0,0.0,0.0,75.0,30.0,3.0,0.103464946,0,0.82666665,0.33333334,0.2747253,0.6923077,Travis Kelce,KC,5.614285714285714,3.422157046681045,7.767777777777777,26.97665444723133,55.55555555555556,62.0,0.0,6.358,6.0162876804582535,0.3417123195417462,00-0030506,Travis,Kelce,T.Kelce,REG,KC,OAK,Travis Kelce,KelcTr00,0.0,1.0,0.111,77.1
2018,REG,17,00-0033885,D.Njoku,TE,TE,CLE,13192,8f86fcea-90e8-49ea-bc78-5c7659313e57,16399.0,11784.0,4033.0,,3123076.0,30142.0,,2136474.0,NjokDa00,david-njoku-1,11734.0,12186.0,252.0,30142.0,832098.0,18876.0,832098.0,David Njoku,david njoku,3,7,62.0,0,0.0,0.0,77.0,18.0,2.0,0.663755,0,0.8051948,0.17073171,0.1655914,0.37201154,David Njoku,CLE,4.365714285714286,2.931754403227894,10.401428571428571,15.942981015568556,42.857142857142854,62.0,0.0,8.063333333333334,3.8447578960015867,4.218575437331747,00-0033885,David,Njoku,D.Njoku,REG,CLE,BAL,David Njoku,NjokDa00,0.0,0.0,0.0,74.7
2018,REG,17,00-0034365,I.Thomas,TE,TE,CAR,13678,ed8a8fd2-df67-45e7-a34f-984afb82f6ea,17387.0,42130.0,4995.0,,4045305.0,31071.0,,2253359.0,ThomIa00,ian-thomas-3,12858.0,13163.0,323.0,31071.0,943093.0,19910.0,943093.0,Ian Thomas,ian thomas,5,7,61.0,1,0.0,0.0,42.0,39.0,3.0,4.161381,0,1.4523809,0.23333333,0.18584071,0.4800885,Ian Thomas,CAR,5.55,4.0028441907784265,7.014285714285715,19.303349583267813,71.42857142857143,61.0,1.0,7.311999999999998,6.723412931950854,0.5885870680491436,00-0034365,Ian,Thomas,I.Thomas,REG,CAR,NO,Ian Thomas,ThomIa00,0.0,0.0,0.0,137.5
2018,REG,17,00-0031387,E.Ebron,TE,TE,IND,11695,9fbcfae9-dd14-415c-8952-9b1b5dff0dfc,12143.0,8645.0,2118.0,ericebron/2543466,16732.0,27538.0,,1865396.0,EbroEr00,eric-ebron-1,9210.0,9390.0,,27538.0,605752.0,16451.0,605752.0,Eric Ebron,eric ebron,4,6,60.0,1,0.0,0.0,60.0,8.0,4.0,5.369059,0,1.0,0.17142858,0.21052632,0.40451127,Eric Ebron,IND,4.998333333333334,2.004654855205775,10.801666666666664,21.36264750477948,66.66666666666666,60.0,1.0,1.7199999999999989,2.0587112498887876,-0.33871124988878876,00-0031387,Eric,Ebron,E.Ebron,REG,IND,TEN,Eric Ebron,EbroEr00,0.0,0.0,0.0,138.9
2018,REG,17,00-0034753,M.Andrews,TE,TE,BAL,13671,0618f387-9b72-4270-8b8f-dec4cccc9e4a,17269.0,47436.0,5012.0,,3116365.0,31056.0,,2131121.0,AndrMa00,mark-andrews-1,12559.0,13182.0,366.0,31056.0,820699.0,19803.0,820699.0,Mark Andrews,mark andrews,4,5,54.0,0,0.0,0.0,54.0,10.0,3.0,3.3517506,0,1.0,0.2173913,0.3139535,0.5458544,Mark Andrews,BAL,5.8525,2.12006610886628,10.547999999999998,33.27654741624077,80.0,54.0,0.0,2.9800000000000004,1.9320728495317994,1.047927150468201,00-0034753,Mark,Andrews,M.Andrews,REG,BAL,CLE,Mark Andrews,AndrMa00,0.0,0.0,0.0,111.7
2018,REG,17,00-0030443,L.Toilolo,TE,TE,DET,11252,67d56171-7522-430c-b7d9-8f7e2b6624d3,11694.0,7915.0,1642.0,levinetoilolo/2540203,15980.0,26756.0,,1685990.0,ToilLe00,levine-toilolo-1,8789.0,8414.0,,26756.0,503205.0,15378.0,503205.0,Levine Toilolo,levine toilolo,4,4,43.0,1,0.0,0.0,36.0,7.0,3.0,6.9385204,0,1.1944444,0.121212125,0.16901408,0.30012804,,,,,,,,,,,,,,,,,REG,DET,GB,Levine Toilolo,ToilLe00,0.0,0.0,0.0,151.0
2018,REG,17,00-0034830,H.Hurst,TE,TE,BAL,13680,1b125fc4-5dd9-4eb9-a42f-048e61ca42b7,17283.0,47294.0,4973.0,,3924365.0,30995.0,,2185053.0,HursHa00,hayden-hurst-1,12467.0,13098.0,8.0,30995.0,881956.0,19843.0,881956.0,Hayden Hurst,hayden hurst,2,4,43.0,0,0.0,0.0,20.0,31.0,1.0,0.9357643,0,2.15,0.17391305,0.11627907,0.34226492,,,,,,,,,,,,,,,,,REG,BAL,CLE,Hayden Hurst,HursHa00,1.0,0.0,0.0,88.5
2018,REG,17,00-0030470,V.McDonald,TE,TE,PIT,11257,8f24a248-b328-43ec-8677-67600e42a8f7,11699.0,7836.0,1587.0,vancemcdonald/2540215,15853.0,26678.0,,1673357.0,McDoVa00,vance-mcdonald-1,8785.0,8413.0,,26678.0,494969.0,15239.0,,Vance McDonald,vance mcdonald,3,6,39.0,0,0.0,0.0,24.0,35.0,2.0,3.2478983,0,1.625,0.13333334,0.093023255,0.26511627,Vance McDonald,PIT,9.919999999999998,4.302479416363682,3.6750000000000007,8.967059780398538,50.0,39.0,0.0,11.519999999999998,9.116616463439641,2.403383536560357,00-0030470,Vance,McDonald,V.McDonald,REG,PIT,CIN,Vance McDonald,McDoVa00,0.0,0.0,0.0,70.8
2018,REG,17,00-0031273,C.Brate,TE,TE,TB,12110,5afe93fd-0caf-4cca-83fc-7f405bebfa3e,13470.0,9207.0,2214.0,,17453.0,28267.0,,2132787.0,BratCa00,,10008.0,10193.0,,28267.0,552926.0,16593.0,552926.0,Cameron Brate,cameron brate,2,4,39.0,0,0.0,0.0,52.0,9.0,2.0,0.13414837,0,0.75,0.125,0.14730878,0.29061615,,,,,,,,,,,,,,,,,REG,TB,ATL,Cameron Brate,BratCa00,0.0,1.0,0.25,84.4
2018,REG,17,00-0033110,T.Higbee,TE,TE,LA,12678,0df7912d-9e81-47ea-b4f7-d04986df4ee8,15623.0,10744.0,3271.0,,2573401.0,29344.0,,1853103.0,HigbTy00,tyler-higbee-1,10854.0,11430.0,159.0,29344.0,604176.0,18032.0,604176.0,Tyler Higbee,tyler higbee,1,1,36.0,0,0.0,0.0,24.0,12.0,1.0,2.2227252,0,1.5,0.037037037,0.104347825,0.12859903,,,,,,,,,,,,,,,,,REG,LA,SF,Tyler Higbee,HigbTy00,0.0,0.0,0.0,118.7
2018,REG,17,00-0030710,T.Burton,TE,TE,CHI,11705,bc0f07a4-3e7b-4e61-987a-05533dc225be,12153.0,9185.0,1793.0,treyburton/2550284,16974.0,27789.0,,2130223.0,BurtTr01,,9490.0,9737.0,,27789.0,542788.0,15965.0,,Trey Burton,trey burton,5,6,33.0,0,0.0,0.0,31.0,17.0,3.0,2.213596,0,1.0645162,0.23076923,0.13304721,0.4392869,Trey Burton,CHI,6.336,5.264695626114338,4.9449999999999985,13.351032713855012,83.33333333333334,33.0,0.0,3.1300000000000003,3.9028847729128096,-0.7728847729128092,00-0030710,Lawrence,Burton,T.Burton,REG,CHI,MIN,Trey Burton,BurtTr01,0.0,0.0,0.0,89.6
2018,REG,17,00-0031744,M.LaCosse,TE,TE,DEN,12596,25e58aee-1b33-4468-9a81-6586426b91d5,14288.0,9840.0,2944.0,mattlacosse/2553667,2576179.0,28875.0,,2174931.0,,,10727.0,10980.0,,28875.0,606055.0,17415.0,606055.0,Matt LaCosse,matt lacosse,5,8,33.0,0,0.0,0.0,32.0,16.0,0.0,-0.7789719,0,1.03125,0.17021276,0.09169055,0.31950253,Matt LaCosse,DEN,5.828,5.177655578110545,4.8725000000000005,10.49542272482499,62.5,33.0,0.0,3.503999999999999,4.65560385136605,-1.1516038513660507,00-0031744,Matthew,LaCosse,M.LaCosse,,,,,,,,,
2018,REG,17,00-0033627,J.Croom,TE,TE,BUF,13890,e17b5817-d955-42be-bb8d-e34d89f6dd71,16770.0,12145.0,4536.0,,2972240.0,30594.0,,2819968.0,,,12082.0,12709.0,,30594.0,690029.0,19415.0,690029.0,Jason Croom,jason croom,2,4,32.0,0,0.0,0.0,20.0,23.0,1.0,-5.057703,0,1.6,0.16666667,0.14925373,0.3544776,,,,,,,,,,,,,,,,,,,,,,,,,
2018,REG,17,00-0022943,B.Watson,TE,TE,NO,7422,d81844de-54c3-42ee-9850-072dc4131b6f,9040.0,1753.0,663.0,benjaminwatson/2506122,5557.0,6791.0,,493107.0,WatsBe00,benjamin-watson-1,3872.0,48.0,,6791.0,246082.0,11756.0,,Ben Watson,ben watson,2,3,29.0,0,0.0,0.0,35.0,12.0,2.0,-2.634806,0,0.82857144,0.14285715,0.25735295,0.39443278,,,,,,,,,,,,,,,,,REG,NO,CAR,Ben Watson,WatsBe00,0.0,0.0,0.0,58.3
2018,REG,17,00-0027139,J.Phillips,TE,TE,ARI,9638,c43cf6a1-8faa-4f95-aa2a-f1aac3ffe103,9312.0,5132.0,406.0,johnphillips/71435,12550.0,9472.0,6245.0,1117442.0,PhilJo00,john-phillips-1,6130.0,5419.0,,9472.0,323332.0,8848.0,,John Phillips,john phillips,2,2,29.0,0,0.0,0.0,25.0,4.0,1.0,1.3285933,0,1.16,0.060606062,0.0656168,0.13684085,,,,,,,,,,,,,,,,,REG,ARI,SEA,John Phillips,PhilJo00,0.0,0.0,0.0,118.7
2018,REG,17,00-0027061,J.Cook,TE,TE,LV,9474,3b7a1409-d154-4e5c-8c94-9d4a0e0993c7,9265.0,5012.0,367.0,jaredcook/71265,12537.0,9353.0,6126.0,584314.0,CookJa02,jared-cook-2,5981.0,5165.0,,9353.0,296480.0,8534.0,296480.0,Jared Cook,jared cook,3,5,28.0,0,0.0,0.0,34.0,6.0,2.0,-7.377745,0,0.8235294,0.15625,0.16915423,0.35278296,Jared Cook,LV,6.319999999999999,2.2528333910886476,6.778000000000001,17.094577553593957,60.0,28.0,0.0,2.446666666666663,3.5428581611917216,-1.0961914945250584,00-0027061,Jared,Cook,J.Cook,REG,OAK,KC,Jared Cook,CookJa02,0.0,0.0,0.0,35.8
2018,REG,17,00-0034351,D.Goedert,TE,TE,PHI,13674,e8029983-87cf-49a2-bc04-04c8233a0630,17270.0,47272.0,5022.0,,3121023.0,31019.0,,2132551.0,GoedDa00,,12860.0,13151.0,382.0,31019.0,791365.0,19863.0,791365.0,Dallas Goedert,dallas goedert,3,3,27.0,0,0.0,0.0,1.0,26.0,1.0,1.1186094,0,27.0,0.0882353,0.009708738,0.13914905,,,,,,,,,,,,,,,,,REG,PHI,WAS,Dallas Goedert,GoedDa00,0.0,0.0,0.0,104.2
2018,REG,17,00-0031585,M.Pruitt,TE,TE,TEN,12309,f22b34cf-6ecf-4522-9c77-1da275dfda7d,13964.0,9576.0,2446.0,,2508256.0,28531.0,,1760327.0,PruiMy00,,10251.0,10522.0,,28531.0,552586.0,16903.0,552586.0,MyCole Pruitt,mycole pruitt,2,2,26.0,0,0.0,0.0,16.0,10.0,1.0,0.5058335,0,1.625,0.06896552,0.07111111,0.15322605,,,,,,,,,,,,,,,,,REG,TEN,IND,MyCole Pruitt,PruiMy00,0.0,0.0,0.0,118.7
2018,REG,17,00-0031951,J.O'Shaughnessy,TE,TE,JAX,12330,e5c6b0d4-3e77-422b-a6d8-574a10ed385e,14146.0,9606.0,2476.0,,2508079.0,28561.0,,2174148.0,O'ShJa00,,10249.0,10549.0,,28561.0,552352.0,16933.0,552352.0,James O'Shaughnessy,james oshaughnessy,3,4,25.0,0,0.0,0.0,24.0,12.0,0.0,1.3417763,0,1.0416666,0.14285715,0.08856089,0.27627835,,,,,,,,,,,,,,,,,REG,JAX,HOU,James O'Shaughnessy,O'ShJa00,0.0,0.0,0.0,90.6
2018,REG,17,00-0027656,R.Gronkowski,TE,TE,NE,9902,2142a164-48ad-47d6-bb27-0bc58c6b2e62,9721.0,5567.0,515.0,robgronkowski/497240,13229.0,24017.0,,1244303.0,GronRo00,rob-gronkowski-1,6443.0,5729.0,,24017.0,381091.0,10974.0,381091.0,Rob Gronkowski,rob gronkowski,2,2,24.0,0,0.0,0.0,13.0,11.0,2.0,2.573248,0,1.8461539,0.0625,0.041401275,0.12273089,,,,,,,,,,,,,,,,,REG,NE,NYJ,Rob Gronkowski,GronRo00,0.0,0.0,0.0,116.7
2018,REG,17,00-0031610,D.Waller,TE,TE,LV,12263,14c97c9f-26e8-4944-9299-f90de6aeada3,14104.0,9637.0,2505.0,,2576925.0,28592.0,,1850793.0,WallDa01,darren-waller-1,10215.0,10433.0,,28592.0,600191.0,16964.0,600191.0,Darren Waller,darren waller,3,3,23.0,0,0.0,0.0,13.0,10.0,3.0,2.358943,0,1.7692307,0.09375,0.06467662,0.18589863,,,,,,,,,,,,,,,,,REG,OAK,KC,Darren Waller,WallDa01,0.0,0.0,0.0,98.6
2018,REG,17,00-0028042,L.Stocker,TE,TE,TEN,10354,5b712aed-201c-43dd-b978-b7b6ef91178e,9948.0,6256.0,963.0,lukestocker/2495234,14099.0,24891.0,7589.0,1125485.0,StocLu00,luke-stocker-1,7413.0,6552.0,,24891.0,334186.0,13370.0,334186.0,Luke Stocker,luke stocker,1,2,22.0,1,0.0,0.0,20.0,20.0,1.0,1.6947446,0,1.1,0.06896552,0.08888889,0.1656705,,,,,,,,,,,,,,,,,REG,TEN,IND,Luke Stocker,StocLu00,0.0,0.0,0.0,129.2
2018,REG,17,00-0027696,J.Graham,TE,TE,GB,9925,fd85786d-3900-4dc0-9b30-334ee30413ed,9712.0,5619.0,616.0,jimmygraham/497236,13232.0,24070.0,6610.0,1691166.0,GrahJi00,jimmy-graham-1,6532.0,5842.0,,24070.0,295918.0,11488.0,295918.0,Jimmy Graham,jimmy graham,3,5,21.0,0,0.0,0.0,25.0,13.0,0.0,-2.016934,0,0.84,0.1388889,0.06596306,0.25450748,Jimmy Graham,GB,4.3025,3.9576153504942106,4.565999999999997,6.025018473556421,60.0,21.0,0.0,4.950000000000002,3.7619209137554512,1.1880790862445507,00-0027696,Jimmy,Graham,J.Graham,REG,GB,DET,Jimmy Graham,GrahJi00,0.0,1.0,0.2,69.6
2018,REG,17,00-0033217,M.Alie-Cox,TE,TE,IND,13246,8809c0dd-786b-4255-a7d0-333c9498c19a,16579.0,12078.0,4054.0,moalie-cox/2558832,2998565.0,30112.0,,2815925.0,AlieMo00,,12196.0,12221.0,195.0,30112.0,712506.0,18900.0,712506.0,Mo Alie-Cox,mo alie-cox,1,1,21.0,0,0.0,0.0,3.0,18.0,1.0,1.4405924,0,7.0,0.028571429,0.010526316,0.050225563,,,,,,,,,,,,,,,,,REG,IND,TEN,Mo Alie-Cox,AlieMo00,0.0,0.0,0.0,118.7
2018,REG,17,00-0027215,L.Paulsen,TE,TE,ATL,10123,518c96c5-65bb-4559-8074-9cdb2ca32f99,9850.0,5795.0,587.0,loganpaulsen/2507828,13726.0,24608.0,,559624.0,,,6871.0,6368.0,,24608.0,300115.0,11345.0,,Logan Paulsen,logan paulsen,1,1,19.0,0,0.0,0.0,4.0,15.0,1.0,1.6791624,0,4.75,0.023255814,0.010695187,0.042370353,,,,,,,,,,,,,,,,,,,,,,,,,
2018,REG,17,00-0027981,K.Rudolph,TE,TE,MIN,10312,1059e9dc-97df-4643-9116-883a0573d8b1,9906.0,6195.0,943.0,kylerudolph/2495438,14054.0,24830.0,7444.0,1633122.0,RudoKy00,kyle-rudolph-1,7246.0,6459.0,,24830.0,469472.0,13275.0,469472.0,Kyle Rudolph,kyle rudolph,4,5,19.0,0,0.0,0.0,26.0,6.0,0.0,-4.002921,0,0.7307692,0.16129032,0.09811321,0.31061473,Kyle Rudolph,MIN,7.1625,4.314480563189117,4.922,8.32234283588651,80.0,19.0,0.0,2.0924999999999994,2.955543719367938,-0.8630437193679388,00-0027981,Kyle,Rudolph,K.Rudolph,REG,MIN,CHI,Kyle Rudolph,RudoKy00,0.0,0.0,0.0,82.5
2018,REG,17,00-0034829,M.Gesicki,TE,TE,MIA,13672,1012cbe0-7eba-4169-bfca-183a0204e1a7,17272.0,47153.0,4993.0,,3116164.0,31012.0,,2139298.0,GesiMi00,mike-gesicki-1,12764.0,13104.0,330.0,31012.0,836152.0,19853.0,836152.0,Mike Gesicki,mike gesicki,1,2,18.0,0,0.0,0.0,21.0,14.0,1.0,0.6515923,0,0.85714287,0.06666667,0.09170306,0.16419214,,,,,,,,,,,,,,,,,REG,MIA,BUF,Mike Gesicki,GesiMi00,0.0,0.0,0.0,81.2
2018,REG,17,00-0032394,N.Vannett,TE,TE,SEA,12680,c731aa8a-778b-4ccd-a19f-517eb66f47b7,15645.0,10728.0,3258.0,,2576399.0,29328.0,,1871322.0,VannNi00,nick-vannett-1,10949.0,11329.0,,29328.0,606488.0,18019.0,606488.0,Nick Vannett,nick vannett,2,3,17.0,0,0.0,0.0,2.0,15.0,1.0,-0.4018566,0,8.5,0.15,0.011764706,0.2332353,,,,,,,,,,,,,,,,,REG,SEA,ARI,Nick Vannett,VannNi00,0.0,1.0,0.333,81.2
2018,REG,17,00-0034383,D.Schultz,TE,TE,DAL,13772,8caec1b4-e0b6-4a84-b8c8-617d6e91ef6a,17349.0,47304.0,5001.0,,3117256.0,31107.0,,2136748.0,SchuDa00,dalton-schultz-1,12514.0,13198.0,487.0,31107.0,830523.0,19920.0,830523.0,Dalton Schultz,dalton schultz,1,2,17.0,0,0.0,0.0,5.0,14.0,1.0,0.737137,0,3.4,0.046511628,0.011961723,0.078140646,,,,,,,,,,,,,,,,,REG,DAL,NYG,Dalton Schultz,SchuDa00,0.0,0.0,0.0,79.2
2018,REG,17,00-0031035,X.Grimble,TE,TE,PIT,11701,c9557ff2-899f-41e3-8a0e-35ca874db9b2,12149.0,9092.0,2082.0,xaviergrimble/2550521,17348.0,28184.0,,2130777.0,,,9283.0,9614.0,,28184.0,555680.0,16395.0,,Xavier Grimble,xavier grimble,1,1,16.0,0,0.0,0.0,3.0,13.0,1.0,2.6784358,0,5.3333335,0.022222223,0.011627907,0.041472867,,,,,,,,,,,,,,,,,,,,,,,,,
2018,REG,17,00-0030061,Z.Ertz,TE,TE,PHI,11247,de3421f7-2147-4835-89a5-724e87bad463,11689.0,7816.0,1339.0,zachertz/2540158,15835.0,26658.0,,1685963.0,ErtzZa00,zach-ertz-1,8781.0,8409.0,305.0,26658.0,503177.0,14856.0,503177.0,Zach Ertz,zach ertz,3,4,15.0,0,0.0,0.0,22.0,9.0,0.0,-5.7271996,0,0.6818182,0.11764706,0.21359223,0.32598516,,,,,,,,,,,,,,,,,REG,PHI,WAS,Zach Ertz,ErtzZa00,0.0,0.0,0.0,40.6
2018,REG,17,00-0031167,S.Simonson,TE,TE,NYG,12138,b77aa319-b97f-4316-84c5-e51390432644,13839.0,8954.0,2040.0,,17391.0,28215.0,,2130881.0,,,10016.0,10143.0,,28215.0,564881.0,16327.0,,Scott Simonson,scott simonson,2,2,14.0,0,0.0,0.0,7.0,7.0,0.0,0.5071823,0,2.0,0.051282052,0.024390243,0.09399625,,,,,,,,,,,,,,,,,,,,,,,,,
2018,REG,17,00-0034798,D.Smythe,TE,TE,MIA,13676,7e42a22a-c47b-4387-aeeb-2cc2e76dc1d8,17508.0,47257.0,5008.0,,3052897.0,31093.0,,2082845.0,SmytDu00,durham-smythe-1,12807.0,13249.0,,31093.0,749968.0,19943.0,749968.0,Durham Smythe,durham smythe,3,4,14.0,0,0.0,0.0,12.0,4.0,0.0,-0.26617232,0,1.1666666,0.13333334,0.052401748,0.23668122,,,,,,,,,,,,,,,,,REG,MIA,BUF,Durham Smythe,SmytDu00,0.0,0.0,0.0,79.2
2018,REG,17,00-0030108,R.Griffin,TE,TE,HOU,11399,cb1df42c-b59c-4e23-a9a2-fbfc2b39ef71,11830.0,7982.0,1425.0,ryangriffin/2541316,15887.0,26824.0,,2057695.0,GrifRy00,ryan-griffin-1,8911.0,8600.0,,26824.0,465129.0,14985.0,465129.0,Ryan Griffin,ryan griffin,1,1,8.0,0,0.0,0.0,7.0,1.0,0.0,0.32038602,0,1.1428572,0.028571429,0.030434782,0.064161494,,,,,,,,,,,,,,,,,REG,HOU,JAX,Ryan Griffin,GrifRy00,0.0,0.0,0.0,100.0
2018,REG,17,00-0033455,A.Firkser,TE,TE,TEN,13919,b0719e3d-199b-46e5-a2b4-1091f6fd5c0d,16787.0,51837.0,4435.0,,3049698.0,30571.0,,2818971.0,FirkAn00,,12235.0,12691.0,,30571.0,767297.0,19296.0,767297.0,Anthony Firkser,anthony firkser,1,1,8.0,0,0.0,0.0,2.0,6.0,0.0,0.31955487,0,4.0,0.03448276,0.008888889,0.05794636,,,,,,,,,,,,,,,,,REG,TEN,IND,Anthony Firkser,FirkAn00,0.0,0.0,0.0,100.0
2018,REG,17,00-0034766,C.Herndon,TE,TE,NYJ,13679,780a48de-d092-4e87-9c34-8d1b45a154cc,17536.0,47164.0,5009.0,,3123050.0,31077.0,,2136463.0,HernCh00,christopher-herndon-iv-1,12899.0,13228.0,,31077.0,832080.0,19947.0,832080.0,Chris Herndon,chris herndon,1,3,8.0,0,0.0,0.0,55.0,2.0,0.0,-0.65788084,0,0.14545454,0.10714286,0.17973857,0.28653127,,,,,,,,,,,,,,,,,REG,NYJ,NE,Chris Herndon,HernCh00,0.0,0.0,0.0,42.4
2018,REG,17,00-0033757,R.Tonyan,TE,TE,GB,13427,7c9c7800-69d0-459b-812b-a07ac48e9f2a,16502.0,12193.0,4602.0,,2975674.0,30777.0,,2820026.0,TonyRo00,,12389.0,12868.0,,30777.0,660151.0,19491.0,660151.0,Robert Tonyan,robert tonyan,1,2,7.0,0,0.0,0.0,15.0,3.0,0.0,-2.9511068,0,0.46666667,0.055555556,0.039577838,0.11103782,,,,,,,,,,,,,,,,,REG,GB,DET,Robert Tonyan,TonyRo00,0.0,1.0,0.5,58.3
2018,REG,17,00-0033953,J.Leggett,TE,TE,NYJ,13195,bea00842-e4db-4955-857a-ea8d4a0e215b,16458.0,11905.0,4153.0,,3045118.0,30263.0,,2060412.0,LeggJo00,jordan-leggett-1,11893.0,12307.0,,30263.0,733735.0,18999.0,,Jordan Leggett,jordan leggett,1,4,7.0,0,0.0,0.0,35.0,2.0,1.0,-1.3547733,0,0.2,0.14285715,0.114379086,0.29435107,,,,,,,,,,,,,,,,,REG,NYJ,NE,Jordan Leggett,LeggJo00,0.0,0.0,0.0,39.6
2018,REG,17,00-0032134,C.Uzomah,TE,TE,CIN,12317,19858900-5c8e-49a7-ab02-34ef625724ca,14084.0,9590.0,2460.0,c.j.uzomah/2552559,2574576.0,28545.0,,2174118.0,UzomC.00,cj-uzomah-1,10462.0,10534.0,,28545.0,593305.0,16917.0,593305.0,C.J. Uzomah,cj uzomah,1,1,6.0,0,0.0,0.0,5.0,1.0,0.0,0.14770494,0,1.2,0.04347826,0.02293578,0.08127244,,,,,,,,,,,,,,,,,REG,CIN,PIT,C.J. Uzomah,UzomC.00,0.0,0.0,0.0,91.7
2018,REG,17,00-0034073,R.Dwelley,TE,TE,SF,13988,70473218-5ae3-47b4-86fd-151e68f1e8b9,17886.0,20994.0,5285.0,,3120303.0,31329.0,,2924888.0,DwelRo00,,13030.0,13522.0,,31329.0,752665.0,20361.0,752665.0,Ross Dwelley,ross dwelley,1,1,6.0,0,0.0,0.0,5.0,1.0,0.0,-0.3557837,0,1.2,0.030303031,0.02617801,0.06377915,,,,,,,,,,,,,,,,,REG,SF,LA,Ross Dwelley,DwelRo00,0.0,0.0,0.0,91.7
2018,REG,17,00-0034420,J.Thomas,TE,TE,HOU,13819,f993832a-f81f-4706-90b8-80fd193bdfd7,17399.0,42062.0,5117.0,,4035379.0,31181.0,,2249166.0,ThomJo05,jordan-thomas-6,12697.0,13309.0,,31181.0,922092.0,20020.0,922092.0,Jordan Thomas,jordan thomas,1,1,6.0,0,0.0,0.0,4.0,2.0,1.0,1.6495488,0,1.5,0.028571429,0.017391304,0.055031057,,,,,,,,,,,,,,,,,REG,HOU,JAX,Jordan Thomas,ThomJo05,0.0,0.0,0.0,91.7
2018,REG,17,00-0033246,J.Mundt,TE,TE,LA,13940,6414998b-5831-44aa-8bd8-39e42a323c2c,16743.0,12206.0,4314.0,,3052096.0,30373.0,,2818622.0,MundJo00,,12316.0,12525.0,,30373.0,740704.0,19165.0,740704.0,Johnny Mundt,johnny mundt,1,1,5.0,0,0.0,0.0,0.0,5.0,0.0,-0.0887565,0,0.0,0.037037037,0.0,0.055555556,,,,,,,,,,,,,,,,,REG,LA,SF,Johnny Mundt,MundJo00,0.0,0.0,0.0,87.5
2018,REG,17,00-0029738,D.Fells,TE,TE,CLE,11337,54d4e35a-2e6c-48f6-86ad-92dd596c173c,13636.0,8549.0,1592.0,darrenfells/2540928,15773.0,26612.0,,2053740.0,FellDa01,,9758.0,8472.0,,26612.0,266414.0,15247.0,266414.0,Darren Fells,darren fells,1,1,3.0,0,0.0,0.0,0.0,3.0,0.0,-0.48874515,0,0.0,0.024390243,0.0,0.036585364,,,,,,,,,,,,,,,,,REG,CLE,BAL,Darren Fells,FellDa01,0.0,0.0,0.0,79.2
2018,REG,17,00-0030780,R.Hewitt,TE,TE,IND,11927,fa26e15f-2375-4acc-aaae-cf32cfe4bc3e,12881.0,9107.0,1891.0,ryanhewitt/2550206,17169.0,28021.0,,2130137.0,,,9654.0,9985.0,,28021.0,503183.0,16111.0,,Ryan Hewitt,ryan hewitt,1,1,1.0,1,0.0,0.0,1.0,0.0,1.0,0.62440103,0,1.0,0.028571429,0.003508772,0.045313284,,,,,,,,,,,,,,,,,,,,,,,,,
2018,REG,17,00-0021547,A.Gates,TE,TE,LAC,7236,82da09c2-e542-4f7d-87d9-24dfd8e014de,9027.0,1609.0,322.0,antoniogates/2505299,5362.0,6663.0,,396811.0,,,3172.0,611.0,,6663.0,234249.0,7884.0,,Antonio Gates,antonio gates,0,2,0.0,0,0.0,0.0,23.0,0.0,0.0,-4.863918,0,0.0,0.083333336,0.12105263,0.20973684,,,,,,,,,,,,,,,,,,,,,,,,,
2018,REG,17,00-0027675,E.Dickson,TE,TE,SEA,9912,46bb9a85-523c-4530-95c3-2c2a9737e65f,9706.0,5595.0,701.0,eddickson/497224,13272.0,24045.0,6604.0,565631.0,DickEd00,ed-dickson-1,6530.0,5840.0,,24045.0,296060.0,12153.0,,Ed Dickson,ed dickson,0,0,0.0,0,0.0,0.0,0.0,0.0,0.0,,0,,,,,,,,,,,,,,,,,,,,,,,,,,,,,
2018,REG,17,00-0027985,L.Kendricks,TE,TE,GB,10318,27921351-a775-4649-bd49-7b4c486d1ba2,9912.0,6199.0,964.0,lancekendricks/2495187,14007.0,24834.0,7425.0,1117803.0,KendLa00,lance-kendricks-1,7412.0,6614.0,,24834.0,332066.0,13386.0,,Lance Kendricks,lance kendricks,0,1,0.0,0,0.0,0.0,0.0,0.0,0.0,-0.4913529,0,,0.027777778,0.0,0.041666668,,,,,,,,,,,,,,,,,REG,GB,DET,Lance Kendricks,KendLa00,0.0,1.0,1.0,39.6
2018,REG,17,00-0028142,V.Green,TE,TE,LAC,10432,6ef43c53-53d7-4b0f-ad99-17664d663ae8,10026.0,6356.0,868.0,virgilgreen/2495288,14085.0,24991.0,7502.0,1130615.0,GreeVi00,virgil-green-1,7416.0,6570.0,,24991.0,323254.0,13016.0,,Virgil Green,virgil green,0,1,0.0,0,0.0,0.0,3.0,0.0,0.0,-0.5432149,0,0.0,0.041666668,0.015789473,0.07355263,,,,,,,,,,,,,,,,,REG,LAC,DEN,Virgil Green,GreeVi00,0.0,1.0,1.0,39.6
2018,REG,17,00-0030216,J.Hill,TE,TE,NO,11529,687cdc33-bd0d-4b70-adb3-33f97dc26a3c,13565.0,8200.0,1777.0,joshhill/2541834,16143.0,26950.0,,2060083.0,HillJo02,,9071.0,8764.0,,26950.0,469509.0,15866.0,,Josh Hill,josh hill,0,1,0.0,0,0.0,0.0,3.0,0.0,0.0,-0.5350288,0,0.0,0.04761905,0.022058824,0.08686975,,,,,,,,,,,,,,,,,REG,NO,CAR,Josh Hill,HillJo02,0.0,0.0,0.0,39.6
2018,REG,17,00-0031558,M.Williams,TE,TE,BAL,12206,52f4a43a-64a9-4d69-a9e2-28bd60f68e49,13919.0,9488.0,2360.0,,2970726.0,28443.0,,1983769.0,WillMa04,maxx-williams-1,10128.0,10298.0,,28443.0,651658.0,16816.0,651658.0,Maxx Williams,maxx williams,0,0,0.0,0,0.0,0.0,0.0,0.0,0.0,,0,,,,,,,,,,,,,,,,,,,,,,,,,,,,,
2018,REG,17,00-0032062,B.Bell,TE,TE,JAX,12213,0cc4e449-185a-4b08-9f07-c907ad0c3e05,13966.0,9550.0,2422.0,,2514206.0,28505.0,,1737101.0,BellBl00,blake-bell-1,10248.0,10366.0,,28505.0,542871.0,16878.0,542871.0,Blake Bell,blake bell,1,1,0.0,0,0.0,0.0,-1.0,1.0,0.0,-0.48910844,0,0.0,0.035714287,-0.003690037,0.050988402,,,,,,,,,,,,,,,,,REG,JAX,HOU,Blake Bell,BellBl00,0.0,0.0,0.0,79.2
2018,REG,17,00-0032135,J.James,TE,TE,PIT,12211,a37a5bfd-b48c-4d8b-817a-d8ce7ca3592d,13959.0,9593.0,2463.0,jessejames/2552633,2979590.0,28548.0,,1983808.0,JameJe00,jesse-james-1,10150.0,10403.0,,28548.0,652019.0,16920.0,652019.0,Jesse James,jesse james,0,1,0.0,0,0.0,0.0,16.0,0.0,0.0,-0.40619054,0,0.0,0.022222223,0.062015504,0.076744184,,,,,,,,,,,,,,,,,REG,PIT,CIN,Jesse James,JameJe00,0.0,1.0,1.0,39.6
2018,REG,17,00-0033258,D.Daniels,TE,TE,ARI,13396,7574eb56-a34a-419e-9682-c4788cfe2019,16582.0,12122.0,4323.0,,3052166.0,30523.0,,2079698.0,DaniDa02,,11890.0,12453.0,,30523.0,747895.0,19176.0,747895.0,Darrell Daniels,darrell daniels,0,1,0.0,0,0.0,0.0,36.0,0.0,0.0,-0.68121356,0,0.0,0.030303031,0.09448819,0.11159628,,,,,,,,,,,,,,,,,REG,ARI,SEA,Darrell Daniels,DaniDa02,0.0,0.0,0.0,39.6
2018,REG,17,00-0033421,A.Auclair,TE,TE,TB,13445,d6647491-8a3c-4f9f-999c-823823bd478d,16501.0,24606.0,4468.0,,4081127.0,30468.0,,2819226.0,AuclAn00,,12230.0,12603.0,,30468.0,1050026.0,19335.0,1050026.0,Antony Auclair,antony auclair,0,1,0.0,0,0.0,0.0,0.0,0.0,0.0,-0.5687064,0,,0.03125,0.0,0.046875,,,,,,,,,,,,,,,,,REG,TB,ATL,Antony Auclair,AuclAn00,0.0,0.0,0.0,39.6
2018,REG,17,00-0033895,G.Everett,TE,TE,LA,13236,ebeceb00-57e0-4b74-9cf7-853da2afed18,16459.0,11799.0,4089.0,,3918639.0,30157.0,,2142692.0,EverGe00,gerald-everett-1,11737.0,12284.0,55.0,30157.0,838487.0,18935.0,838487.0,Gerald Everett,gerald everett,0,1,0.0,0,0.0,0.0,5.0,0.0,0.0,-0.4106598,0,0.0,0.037037037,0.02173913,0.070772946,,,,,,,,,,,,,,,,,REG,LA,SF,Gerald Everett,EverGe00,0.0,0.0,0.0,39.6
2018,REG,17,00-0034364,J.Akins,TE,TE,HOU,13753,0cb5a32a-a340-4671-ba2a-93f5fa6aee8d,17415.0,47050.0,5032.0,,3128452.0,31068.0,,2142712.0,AkinJo00,jordan-akins-1,12568.0,13238.0,,31068.0,838396.0,19903.0,838396.0,Jordan Akins,jordan akins,0,2,0.0,0,0.0,0.0,22.0,0.0,0.0,-2.1254332,0,0.0,0.057142857,0.09565217,0.1526708,,,,,,,,,,,,,,,,,REG,HOU,JAX,Jordan Akins,AkinJo00,0.0,0.0,0.0,39.6
2018,POST,18,00-0030061,Z.Ertz,TE,TE,PHI,11247,de3421f7-2147-4835-89a5-724e87bad463,11689.0,7816.0,1339.0,zachertz/2540158,15835.0,26658.0,,1685963.0,ErtzZa00,zach-ertz-1,8781.0,8409.0,305.0,26658.0,503177.0,14856.0,503177.0,Zach Ertz,zach ertz,5,7,52.0,0,0.0,0.0,50.0,19.0,3.0,1.47585,0,1.04,0.175,0.1552795,0.37119564,Zach Ertz,PHI,6.51,1.9886576628206734,7.087142857142858,15.572226756230782,71.42857142857143,52.0,0.0,4.5,3.0383788771348916,1.4616211228651084,00-0030061,Zachary,Ertz,Z.Ertz,WC,PHI,CHI,Zach Ertz,ErtzZa00,0.0,0.0,0.0,92.6
2018,POST,18,00-0027675,E.Dickson,TE,TE,SEA,9912,46bb9a85-523c-4530-95c3-2c2a9737e65f,9706.0,5595.0,701.0,eddickson/497224,13272.0,24045.0,6604.0,565631.0,DickEd00,ed-dickson-1,6530.0,5840.0,,24045.0,296060.0,12153.0,,Ed Dickson,ed dickson,4,5,42.0,0,0.0,0.0,24.0,21.0,1.0,0.8953536,0,1.75,0.18518518,0.10714286,0.35277778,Ed Dickson,SEA,5.933999999999999,3.438357899158585,4.859999999999999,10.258358662613979,80.0,42.0,0.0,5.182500000000001,6.152876861566028,-0.9703768615660273,00-0027675,Edward,Dickson,E.Dickson,WC,SEA,DAL,Ed Dickson,DickEd00,0.0,0.0,0.0,101.7
2018,POST,18,00-0021547,A.Gates,TE,TE,LAC,7236,82da09c2-e542-4f7d-87d9-24dfd8e014de,9027.0,1609.0,322.0,antoniogates/2505299,5362.0,6663.0,,396811.0,,,3172.0,611.0,,6663.0,234249.0,7884.0,,Antonio Gates,antonio gates,4,4,35.0,0,0.0,0.0,28.0,7.0,3.0,3.9805872,0,1.25,0.13793103,0.15730338,0.3170089,,,,,,,,,,,,,,,,,,,,,,,,,
2018,POST,18,00-0034753,M.Andrews,TE,TE,BAL,13671,0618f387-9b72-4270-8b8f-dec4cccc9e4a,17269.0,47436.0,5012.0,,3116365.0,31056.0,,2131121.0,AndrMa00,mark-andrews-1,12559.0,13182.0,366.0,31056.0,820699.0,19803.0,820699.0,Mark Andrews,mark andrews,3,7,31.0,0,0.0,0.0,57.0,10.0,1.0,-2.1832218,0,0.54385966,0.26923078,0.228,0.56344616,Mark Andrews,BAL,5.517142857142857,3.5921805640534457,8.440000000000001,24.11723884557293,42.857142857142854,31.0,0.0,4.140000000000001,2.8717185057493406,1.26828149425066,00-0034753,Mark,Andrews,M.Andrews,WC,BAL,LAC,Mark Andrews,AndrMa00,0.0,0.0,0.0,56.2
2018,POST,18,00-0031387,E.Ebron,TE,TE,IND,11695,9fbcfae9-dd14-415c-8952-9b1b5dff0dfc,12143.0,8645.0,2118.0,ericebron/2543466,16732.0,27538.0,,1865396.0,EbroEr00,eric-ebron-1,9210.0,9390.0,,27538.0,605752.0,16451.0,605752.0,Eric Ebron,eric ebron,3,6,26.0,1,0.0,0.0,63.0,8.0,3.0,2.328647,0,0.41269842,0.19354838,0.19626169,0.42770576,Eric Ebron,IND,5.016,2.105652475880741,11.831666666666665,21.504952894489712,50.0,26.0,1.0,2.783333333333332,2.205770119612064,0.5775632137212678,00-0031387,Eric,Ebron,E.Ebron,WC,IND,HOU,Eric Ebron,EbroEr00,0.0,0.0,0.0,101.4
2018,POST,18,00-0034351,D.Goedert,TE,TE,PHI,13674,e8029983-87cf-49a2-bc04-04c8233a0630,17270.0,47272.0,5022.0,,3121023.0,31019.0,,2132551.0,GoedDa00,,12860.0,13151.0,382.0,31019.0,791365.0,19863.0,791365.0,Dallas Goedert,dallas goedert,2,4,20.0,1,0.0,0.0,21.0,10.0,2.0,1.0667387,0,0.95238096,0.1,0.06521739,0.19565217,,,,,,,,,,,,,,,,,WC,PHI,CHI,Dallas Goedert,GoedDa00,0.0,0.0,0.0,104.2
2018,POST,18,00-0032661,B.Braunecker,TE,TE,CHI,12868,d76c8e95-7c6e-4def-9fd9-d813df18b3b8,15842.0,11335.0,3465.0,,2969241.0,29913.0,,1994904.0,BrauBe00,,10917.0,11587.0,,29913.0,679453.0,18229.0,,Ben Braunecker,ben braunecker,2,2,15.0,0,0.0,0.0,5.0,10.0,0.0,0.19948258,0,3.0,0.048780486,0.01146789,0.08119825,,,,,,,,,,,,,,,,,WC,CHI,PHI,Ben Braunecker,BrauBe00,0.0,0.0,0.0,97.9
2018,POST,18,00-0033658,B.Jarwin,TE,TE,DAL,13722,43e8a6ac-d451-4dbd-b145-797764f91494,16638.0,12320.0,4571.0,,2991767.0,30784.0,,2819999.0,JarwBl00,,12179.0,12507.0,,30784.0,711965.0,19457.0,711965.0,Blake Jarwin,blake jarwin,3,3,15.0,0,0.0,0.0,2.0,13.0,1.0,0.43935803,0,7.5,0.09375,0.008368201,0.14648274,,,,,,,,,,,,,,,,,WC,DAL,SEA,Blake Jarwin,JarwBl00,0.0,0.0,0.0,87.5
2018,POST,18,00-0033896,A.Shaheen,TE,TE,CHI,13254,87171077-4c1c-4b67-b159-2cc6242988e0,16457.0,11800.0,4085.0,,4198676.0,30158.0,,2818105.0,ShahAd00,,11898.0,12283.0,,30158.0,1049770.0,18931.0,1049770.0,Adam Shaheen,adam shaheen,3,4,13.0,0,0.0,0.0,24.0,8.0,0.0,-1.12152,0,0.5416667,0.09756097,0.055045873,0.18487358,,,,,,,,,,,,,,,,,WC,CHI,PHI,Adam Shaheen,ShahAd00,0.0,0.0,0.0,78.1
2018,POST,18,00-0028142,V.Green,TE,TE,LAC,10432,6ef43c53-53d7-4b0f-ad99-17664d663ae8,10026.0,6356.0,868.0,virgilgreen/2495288,14085.0,24991.0,7502.0,1130615.0,GreeVi00,virgil-green-1,7416.0,6570.0,,24991.0,323254.0,13016.0,,Virgil Green,virgil green,1,1,8.0,0,1.0,1.0,4.0,4.0,0.0,-4.7248797,0,2.0,0.03448276,0.02247191,0.06745447,,,,,,,,,,,,,,,,,WC,LAC,BAL,Virgil Green,GreeVi00,0.0,0.0,0.0,100.0
2018,POST,18,00-0031558,M.Williams,TE,TE,BAL,12206,52f4a43a-64a9-4d69-a9e2-28bd60f68e49,13919.0,9488.0,2360.0,,2970726.0,28443.0,,1983769.0,WillMa04,maxx-williams-1,10128.0,10298.0,,28443.0,651658.0,16816.0,651658.0,Maxx Williams,maxx williams,1,1,8.0,0,0.0,0.0,-3.0,11.0,0.0,0.054672025,0,0.0,0.03846154,-0.012,0.049292307,,,,,,,,,,,,,,,,,WC,BAL,LAC,Maxx Williams,WillMa04,0.0,0.0,0.0,100.0
2018,POST,18,00-0034364,J.Akins,TE,TE,HOU,13753,0cb5a32a-a340-4671-ba2a-93f5fa6aee8d,17415.0,47050.0,5032.0,,3128452.0,31068.0,,2142712.0,AkinJo00,jordan-akins-1,12568.0,13238.0,,31068.0,838396.0,19903.0,838396.0,Jordan Akins,jordan akins,2,3,8.0,0,0.0,0.0,14.0,9.0,1.0,-1.654793,0,0.5714286,0.06382979,0.043343652,0.12608524,,,,,,,,,,,,,,,,,WC,HOU,IND,Jordan Akins,AkinJo00,0.0,0.0,0.0,70.1
2018,POST,18,00-0030108,R.Griffin,TE,TE,HOU,11399,cb1df42c-b59c-4e23-a9a2-fbfc2b39ef71,11830.0,7982.0,1425.0,ryangriffin/2541316,15887.0,26824.0,,2057695.0,GrifRy00,ryan-griffin-1,8911.0,8600.0,,26824.0,465129.0,14985.0,465129.0,Ryan Griffin,ryan griffin,1,5,6.0,0,0.0,0.0,49.0,5.0,0.0,-4.9632845,0,0.12244898,0.10638298,0.15170279,0.2657664,Ryan Griffin,HOU,7.723333333333334,3.569419445037738,9.613999999999999,13.557266548213326,20.0,6.0,0.0,6.090000000000003,6.587291026894491,-0.49729102689448723,00-0030108,Ryan,Griffin,R.Griffin,WC,HOU,IND,Ryan Griffin,GrifRy00,0.0,0.0,0.0,0.0
2018,POST,18,00-0032394,N.Vannett,TE,TE,SEA,12680,c731aa8a-778b-4ccd-a19f-517eb66f47b7,15645.0,10728.0,3258.0,,2576399.0,29328.0,,1871322.0,VannNi00,nick-vannett-1,10949.0,11329.0,,29328.0,606488.0,18019.0,606488.0,Nick Vannett,nick vannett,1,2,5.0,0,0.0,0.0,14.0,4.0,0.0,-1.5542469,0,0.35714287,0.074074075,0.0625,0.15486111,,,,,,,,,,,,,,,,,WC,SEA,DAL,Nick Vannett,VannNi00,0.0,0.0,0.0,56.2
2018,POST,18,00-0034830,H.Hurst,TE,TE,BAL,13680,1b125fc4-5dd9-4eb9-a42f-048e61ca42b7,17283.0,47294.0,4973.0,,3924365.0,30995.0,,2185053.0,HursHa00,hayden-hurst-1,12467.0,13098.0,8.0,30995.0,881956.0,19843.0,881956.0,Hayden Hurst,hayden hurst,0,1,0.0,0,0.0,0.0,12.0,0.0,0.0,-1.1117977,0,0.0,0.03846154,0.048,0.09129231,,,,,,,,,,,,,,,,,WC,BAL,LAC,Hayden Hurst,HursHa00,0.0,0.0,0.0,39.6
2018,POST,19,00-0030506,T.Kelce,TE,TE,KC,11244,c3859e06-5f23-4302-a71b-04820a899d5f,11594.0,7844.0,1466.0,traviskelce/2540258,15847.0,26686.0,,1725130.0,KelcTr00,travis-kelce-1,8783.0,8411.0,264.0,26686.0,448240.0,15048.0,448240.0,Travis Kelce,travis kelce,7,10,108.0,0,0.0,0.0,110.0,52.0,6.0,6.951729,0,0.9818182,0.24390244,0.29891303,0.5750928,Travis Kelce,KC,5.741428571428571,3.563498990162889,10.001,29.53545376687044,70.0,108.0,0.0,8.487142857142858,8.339386709706949,0.14775614743590992,00-0030506,Travis,Kelce,T.Kelce,DIV,KC,IND,Travis Kelce,KelcTr00,0.0,0.0,0.0,105.4
2018,POST,19,00-0031387,E.Ebron,TE,TE,IND,11695,9fbcfae9-dd14-415c-8952-9b1b5dff0dfc,12143.0,8645.0,2118.0,ericebron/2543466,16732.0,27538.0,,1865396.0,EbroEr00,eric-ebron-1,9210.0,9390.0,,27538.0,605752.0,16451.0,605752.0,Eric Ebron,eric ebron,5,9,51.0,0,0.0,0.0,94.0,11.0,2.0,-1.7776011,0,0.5425532,0.25,0.3051948,0.58863634,Eric Ebron,IND,7.304,3.3186991269362673,9.63888888888889,26.381412888118476,55.55555555555556,51.0,0.0,2.924000000000001,3.560766955564213,-0.6367669555642124,00-0031387,Eric,Ebron,E.Ebron,DIV,IND,KC,Eric Ebron,EbroEr00,1.0,1.0,0.111,72.0
2018,POST,19,00-0030061,Z.Ertz,TE,TE,PHI,11247,de3421f7-2147-4835-89a5-724e87bad463,11689.0,7816.0,1339.0,zachertz/2540158,15835.0,26658.0,,1685963.0,ErtzZa00,zach-ertz-1,8781.0,8409.0,305.0,26658.0,503177.0,14856.0,503177.0,Zach Ertz,zach ertz,5,8,50.0,0,0.0,0.0,94.0,17.0,3.0,-0.4206487,0,0.5319149,0.2580645,0.3003195,0.59732044,Zach Ertz,PHI,6.87625,4.554451293940054,11.306250000000002,32.271300128442995,62.5,50.0,0.0,3.209999999999998,2.833809180210585,0.37619081978941304,00-0030061,Zachary,Ertz,Z.Ertz,DIV,PHI,NO,Zach Ertz,ErtzZa00,0.0,0.0,0.0,40.6
2018,POST,19,00-0021547,A.Gates,TE,TE,LAC,7236,82da09c2-e542-4f7d-87d9-24dfd8e014de,9027.0,1609.0,322.0,antoniogates/2505299,5362.0,6663.0,,396811.0,,,3172.0,611.0,,6663.0,234249.0,7884.0,,Antonio Gates,antonio gates,5,8,41.0,1,0.0,0.0,58.0,20.0,3.0,2.8823164,0,0.70689654,0.17021276,0.10175438,0.3265472,Antonio Gates,LAC,2.81,2.1576751940300216,7.4025,10.69493606877122,62.5,41.0,1.0,4.354,5.062044382715351,-0.7080443827153511,00-0021547,Antonio,Gates,A.Gates,,,,,,,,,
2018,POST,19,00-0031299,J.Matthews,TE,TE,PHI,11676,7b96a836-666b-47b6-a0a7-9dbb0b4c53e8,12124.0,8677.0,1800.0,jordanmatthews/2543500,16763.0,27570.0,,1759816.0,MattJo00,jordan-matthews-1,9273.0,9420.0,,27570.0,555648.0,15974.0,555648.0,Jordan Matthews,jordan matthews,1,2,37.0,1,0.0,0.0,43.0,7.0,1.0,2.195737,0,0.8604651,0.06451613,0.1373802,0.19294032,,,,,,,,,,,,,,,,,DIV,PHI,NO,Jordan Matthews,MattJo00,0.0,0.0,0.0,135.4
2018,POST,19,00-0033110,T.Higbee,TE,TE,LA,12678,0df7912d-9e81-47ea-b4f7-d04986df4ee8,15623.0,10744.0,3271.0,,2573401.0,29344.0,,1853103.0,HigbTy00,tyler-higbee-1,10854.0,11430.0,159.0,29344.0,604176.0,18032.0,604176.0,Tyler Higbee,tyler higbee,2,4,30.0,0,0.0,0.0,38.0,31.0,2.0,1.5643344,0,0.7894737,0.14814815,0.16033755,0.3344585,,,,,,,,,,,,,,,,,DIV,LA,DAL,Tyler Higbee,HigbTy00,0.0,0.0,0.0,75.0
2018,POST,19,00-0027656,R.Gronkowski,TE,TE,NE,9902,2142a164-48ad-47d6-bb27-0bc58c6b2e62,9721.0,5567.0,515.0,robgronkowski/497240,13229.0,24017.0,,1244303.0,GronRo00,rob-gronkowski-1,6443.0,5729.0,,24017.0,381091.0,10974.0,381091.0,Rob Gronkowski,rob gronkowski,1,1,25.0,0,0.0,0.0,6.0,19.0,1.0,2.539333,0,4.1666665,0.022727273,0.03314917,0.05729533,,,,,,,,,,,,,,,,,DIV,NE,LAC,Rob Gronkowski,GronRo00,1.0,0.0,0.0,118.7
2018,POST,19,00-0034383,D.Schultz,TE,TE,DAL,13772,8caec1b4-e0b6-4a84-b8c8-617d6e91ef6a,17349.0,47304.0,5001.0,,3117256.0,31107.0,,2136748.0,SchuDa00,dalton-schultz-1,12514.0,13198.0,487.0,31107.0,830523.0,19920.0,830523.0,Dalton Schultz,dalton schultz,1,2,20.0,0,0.0,0.0,30.0,8.0,1.0,0.33743352,0,0.6666667,0.0625,0.12820514,0.18349358,,,,,,,,,,,,,,,,,DIV,DAL,LA,Dalton Schultz,SchuDa00,0.0,0.0,0.0,85.4
2018,POST,19,00-0033658,B.Jarwin,TE,TE,DAL,13722,43e8a6ac-d451-4dbd-b145-797764f91494,16638.0,12320.0,4571.0,,2991767.0,30784.0,,2819999.0,JarwBl00,,12179.0,12507.0,,30784.0,711965.0,19457.0,711965.0,Blake Jarwin,blake jarwin,2,2,17.0,0,0.0,0.0,4.0,13.0,2.0,2.1829438,0,4.25,0.0625,0.017094018,0.10571581,,,,,,,,,,,,,,,,,DIV,DAL,LA,Blake Jarwin,JarwBl00,0.0,0.0,0.0,102.1
2018,POST,19,00-0022943,B.Watson,TE,TE,NO,7422,d81844de-54c3-42ee-9850-072dc4131b6f,9040.0,1753.0,663.0,benjaminwatson/2506122,5557.0,6791.0,,493107.0,WatsBe00,benjamin-watson-1,3872.0,48.0,,6791.0,246082.0,11756.0,,Ben Watson,ben watson,1,1,12.0,0,0.0,0.0,5.0,7.0,1.0,0.4549958,0,2.4,0.027027028,0.01344086,0.049949143,,,,,,,,,,,,,,,,,DIV,NO,PHI,Ben Watson,WatsBe00,0.0,0.0,0.0,116.7
2018,POST,19,00-0030216,J.Hill,TE,TE,NO,11529,687cdc33-bd0d-4b70-adb3-33f97dc26a3c,13565.0,8200.0,1777.0,joshhill/2541834,16143.0,26950.0,,2060083.0,HillJo02,,9071.0,8764.0,,26950.0,469509.0,15866.0,,Josh Hill,josh hill,3,3,7.0,0,0.0,0.0,-7.0,14.0,1.0,-0.4142189,0,0.0,0.08108108,-0.018817205,0.10844958,,,,,,,,,,,,,,,,,DIV,NO,PHI,Josh Hill,HillJo02,0.0,0.0,0.0,79.2
2018,POST,19,00-0028142,V.Green,TE,TE,LAC,10432,6ef43c53-53d7-4b0f-ad99-17664d663ae8,10026.0,6356.0,868.0,virgilgreen/2495288,14085.0,24991.0,7502.0,1130615.0,GreeVi00,virgil-green-1,7416.0,6570.0,,24991.0,323254.0,13016.0,,Virgil Green,virgil green,1,1,1.0,1,0.0,0.0,1.0,0.0,1.0,0.6851659,0,1.0,0.021276595,0.001754386,0.033142965,,,,,,,,,,,,,,,,,DIV,LAC,NE,Virgil Green,GreeVi00,0.0,0.0,0.0,118.7
2018,POST,19,00-0030155,D.Harris,TE,TE,KC,11448,8506c15c-15cc-4d2c-aebf-270c605fe0ec,11881.0,8524.0,1619.0,demetriusharris/2541187,16318.0,27174.0,,2060074.0,HarrDe03,,9847.0,8683.0,,27174.0,602269.0,15305.0,602269.0,Demetrius Harris,demetrius harris,0,1,0.0,0,0.0,0.0,2.0,0.0,0.0,-1.0556555,0,0.0,0.024390243,0.0054347827,0.040389713,,,,,,,,,,,,,,,,,DIV,KC,IND,Demetrius Harris,HarrDe03,0.0,0.0,0.0,39.6
2018,POST,19,00-0030780,R.Hewitt,TE,TE,IND,11927,fa26e15f-2375-4acc-aaae-cf32cfe4bc3e,12881.0,9107.0,1891.0,ryanhewitt/2550206,17169.0,28021.0,,2130137.0,,,9654.0,9985.0,,28021.0,503183.0,16111.0,,Ryan Hewitt,ryan hewitt,0,1,0.0,0,0.0,0.0,1.0,0.0,0.0,-0.7604347,0,0.0,0.027777778,0.0032467532,0.043939393,,,,,,,,,,,,,,,,,,,,,,,,,
2018,POST,19,00-0033054,R.Gathers,TE,TE,DAL,12833,ec2db5f2-ffec-4ece-9ca9-7a860c4880b6,15808.0,10851.0,3372.0,,2990959.0,29451.0,,2235884.0,GathRi00,,11236.0,11501.0,,29451.0,696197.0,18133.0,,Rico Gathers,rico gathers,0,1,0.0,0,0.0,0.0,2.0,0.0,0.0,-0.48992878,0,0.0,0.03125,0.008547009,0.052857906,,,,,,,,,,,,,,,,,DIV,DAL,LA,Rico Gathers,GathRi00,0.0,1.0,1.0,39.6
2018,POST,19,00-0033090,H.Henry,TE,TE,LAC,12676,705899da-3c20-4bc3-b5d0-2e6e40655131,15561.0,10669.0,3214.0,,3046439.0,29269.0,,2079848.0,HenrHu00,hunter-henry-1,10735.0,11299.0,212.0,29269.0,744425.0,17975.0,744425.0,Hunter Henry,hunter henry,0,1,0.0,0,0.0,0.0,20.0,0.0,0.0,-0.6984118,0,0.0,0.021276595,0.03508772,0.0564763,,,,,,,,,,,,,,,,,DIV,LAC,NE,Hunter Henry,HenrHu00,0.0,0.0,0.0,39.6
2018,POST,19,00-0033217,M.Alie-Cox,TE,TE,IND,13246,8809c0dd-786b-4255-a7d0-333c9498c19a,16579.0,12078.0,4054.0,moalie-cox/2558832,2998565.0,30112.0,,2815925.0,AlieMo00,,12196.0,12221.0,195.0,30112.0,712506.0,18900.0,712506.0,Mo Alie-Cox,mo alie-cox,0,1,0.0,0,0.0,0.0,5.0,0.0,0.0,-1.099187,0,0.0,0.027777778,0.016233766,0.053030305,,,,,,,,,,,,,,,,,DIV,IND,KC,Mo Alie-Cox,AlieMo00,0.0,0.0,0.0,39.6
2018,POST,19,00-0033895,G.Everett,TE,TE,LA,13236,ebeceb00-57e0-4b74-9cf7-853da2afed18,16459.0,11799.0,4089.0,,3918639.0,30157.0,,2142692.0,EverGe00,gerald-everett-1,11737.0,12284.0,55.0,30157.0,838487.0,18935.0,838487.0,Gerald Everett,gerald everett,0,2,0.0,0,0.0,0.0,19.0,0.0,0.0,-3.6021905,0,0.0,0.074074075,0.080168776,0.16722925,,,,,,,,,,,,,,,,,DIV,LA,DAL,Gerald Everett,EverGe00,0.0,0.0,0.0,39.6
2018,POST,20,00-0027656,R.Gronkowski,TE,TE,NE,9902,2142a164-48ad-47d6-bb27-0bc58c6b2e62,9721.0,5567.0,515.0,robgronkowski/497240,13229.0,24017.0,,1244303.0,GronRo00,rob-gronkowski-1,6443.0,5729.0,,24017.0,381091.0,10974.0,381091.0,Rob Gronkowski,rob gronkowski,6,11,79.0,0,0.0,0.0,104.0,26.0,4.0,-2.2735412,0,0.75961536,0.23913044,0.26804122,0.5463245,Rob Gronkowski,NE,3.6109999999999998,1.7115496089905629,9.237272727272726,27.284444563787225,54.54545454545454,79.0,0.0,5.08166666666667,3.1941289591500586,1.887537707516611,00-0027656,Robert,Gronkowski,R.Gronkowski,CON,NE,KC,Rob Gronkowski,GronRo00,1.0,0.0,0.0,39.6
2018,POST,20,00-0033895,G.Everett,TE,TE,LA,13236,ebeceb00-57e0-4b74-9cf7-853da2afed18,16459.0,11799.0,4089.0,,3918639.0,30157.0,,2142692.0,EverGe00,gerald-everett-1,11737.0,12284.0,55.0,30157.0,838487.0,18935.0,838487.0,Gerald Everett,gerald everett,2,4,50.0,0,0.0,0.0,51.0,25.0,2.0,3.6668746,0,0.98039216,0.102564104,0.1954023,0.29062778,,,,,,,,,,,,,,,,,CON,LA,NO,Gerald Everett,EverGe00,0.0,0.0,0.0,95.8
2018,POST,20,00-0033110,T.Higbee,TE,TE,LA,12678,0df7912d-9e81-47ea-b4f7-d04986df4ee8,15623.0,10744.0,3271.0,,2573401.0,29344.0,,1853103.0,HigbTy00,tyler-higbee-1,10854.0,11430.0,159.0,29344.0,604176.0,18032.0,604176.0,Tyler Higbee,tyler higbee,4,4,25.0,1,0.0,0.0,3.0,22.0,2.0,2.0925775,0,8.333333,0.102564104,0.011494253,0.16189213,,,,,,,,,,,,,,,,,CON,LA,NO,Tyler Higbee,HigbTy00,0.0,0.0,0.0,132.3
2018,POST,20,00-0030216,J.Hill,TE,TE,NO,11529,687cdc33-bd0d-4b70-adb3-33f97dc26a3c,13565.0,8200.0,1777.0,joshhill/2541834,16143.0,26950.0,,2060083.0,HillJo02,,9071.0,8764.0,,26950.0,469509.0,15866.0,,Josh Hill,josh hill,1,1,24.0,0,0.0,0.0,-1.0,25.0,1.0,1.3123232,0,0.0,0.025641026,-0.0043668123,0.03540477,,,,,,,,,,,,,,,,,CON,NO,LA,Josh Hill,HillJo02,0.0,0.0,0.0,118.7
2018,POST,20,00-0030506,T.Kelce,TE,TE,KC,11244,c3859e06-5f23-4302-a71b-04820a899d5f,11594.0,7844.0,1466.0,traviskelce/2540258,15847.0,26686.0,,1725130.0,KelcTr00,travis-kelce-1,8783.0,8411.0,264.0,26686.0,448240.0,15048.0,448240.0,Travis Kelce,travis kelce,3,6,23.0,1,0.0,0.0,35.0,14.0,1.0,0.6867101,0,0.6571429,0.20689656,0.091145836,0.3741469,Travis Kelce,KC,4.2379999999999995,2.3214160306055587,5.398333333333333,7.952174019788369,50.0,23.0,1.0,5.396666666666666,4.930860050855638,0.46580661581102767,00-0030506,Travis,Kelce,T.Kelce,CON,KC,NE,Travis Kelce,KelcTr00,0.0,1.0,0.2,110.8
2018,POST,20,00-0033095,G.Griffin,TE,TE,NO,13546,3cacaa27-a790-43ae-927c-8163b06f1a53,16252.0,11439.0,3894.0,,2987440.0,30024.0,,2239251.0,GrifGa00,,11502.0,12072.0,,30024.0,703203.0,18716.0,703203.0,Garrett Griffin,garrett griffin,2,2,12.0,1,0.0,0.0,0.0,12.0,1.0,1.2242032,0,0.0,0.051282052,0.0,0.07692308,,,,,,,,,,,,,,,,,CON,NO,LA,Garrett Griffin,GrifGa00,0.0,0.0,0.0,131.2
2018,POST,20,00-0030155,D.Harris,TE,TE,KC,11448,8506c15c-15cc-4d2c-aebf-270c605fe0ec,11881.0,8524.0,1619.0,demetriusharris/2541187,16318.0,27174.0,,2060074.0,HarrDe03,,9847.0,8683.0,,27174.0,602269.0,15305.0,602269.0,Demetrius Harris,demetrius harris,1,1,2.0,0,0.0,0.0,0.0,2.0,0.0,-0.41177452,0,0.0,0.03448276,0.0,0.05172414,,,,,,,,,,,,,,,,,CON,KC,NE,Demetrius Harris,HarrDe03,0.0,0.0,0.0,79.2
2018,POST,20,00-0034011,D.Arnold,TE,TE,NO,13880,d479a777-b53b-4bbf-a8e4-0c1675ac48df,17143.0,51842.0,4741.0,,4212989.0,30891.0,,2835170.0,ArnoDa00,,12276.0,12972.0,,30891.0,1053627.0,19659.0,1053627.0,Dan Arnold,dan arnold,0,2,0.0,0,0.0,0.0,35.0,0.0,0.0,-1.9814433,0,0.0,0.051282052,0.15283842,0.18390998,,,,,,,,,,,,,,,,,CON,NO,LA,Dan Arnold,ArnoDa00,0.0,0.0,0.0,39.6
2018,POST,21,00-0027656,R.Gronkowski,TE,TE,NE,9902,2142a164-48ad-47d6-bb27-0bc58c6b2e62,9721.0,5567.0,515.0,robgronkowski/497240,13229.0,24017.0,,1244303.0,GronRo00,rob-gronkowski-1,6443.0,5729.0,,24017.0,381091.0,10974.0,381091.0,Rob Gronkowski,rob gronkowski,6,7,87.0,0,0.0,0.0,60.0,37.0,3.0,1.1780663,0,1.45,0.2,0.2238806,0.45671642,,,,,,,,,,,,,,,,,SB,NE,LA,Rob Gronkowski,GronRo00,0.0,0.0,0.0,118.5
2018,POST,21,00-0033895,G.Everett,TE,TE,LA,13236,ebeceb00-57e0-4b74-9cf7-853da2afed18,16459.0,11799.0,4089.0,,3918639.0,30157.0,,2142692.0,EverGe00,gerald-everett-1,11737.0,12284.0,55.0,30157.0,838487.0,18935.0,838487.0,Gerald Everett,gerald everett,0,1,0.0,0,0.0,0.0,3.0,0.0,0.0,-0.7810323,0,0.0,0.027777778,0.0076923077,0.04705128,,,,,,,,,,,,,,,,,SB,LA,NE,Gerald Everett,EverGe00,0.0,0.0,0.0,39.6
2019,REG,1,00-0035229,T.Hockenson,TE,TE,DET,14138,bd1120b6-38b3-4225-a4b0-20660a149d0d,18290.0,40912.0,5844.0,,4036133.0,31840.0,,2251097.0,HockTJ00,tj-hockenson-1,13610.0,14051.0,247.0,31840.0,923915.0,20805.0,923915.0,T.J. Hockenson,tj hockenson,6,9,131.0,1,0.0,0.0,142.0,56.0,4.0,9.604435,0,0.92253524,0.2195122,0.30021143,0.5394163,T.J. Hockenson,DET,8.11,3.033250433118934,17.164444444444445,31.670015170773713,66.66666666666666,131.0,1.0,9.061666666666667,8.266875462775564,0.7947912038911031,00-0035229,Thomas,Hockenson,T.Hockenson,REG,DET,ARI,T.J. Hockenson,HockTJ00,0.0,0.0,0.0,146.8
2019,REG,1,00-0033881,E.Engram,TE,TE,NYG,13189,e21365af-8d66-416e-b0a5-8816d18fcfd9,16411.0,11778.0,4066.0,,3051876.0,30136.0,,2079887.0,EngrEv00,evan-engram-1,11805.0,12205.0,229.0,30136.0,749185.0,18912.0,749185.0,Evan Engram,evan engram,11,14,116.0,1,0.0,0.0,72.0,57.0,8.0,5.7294083,0,1.6111112,0.3181818,0.26373628,0.6618881,Evan Engram,NYG,6.931818181818182,3.413538164994809,5.065714285714285,24.205604286835733,78.57142857142857,116.0,1.0,5.705454545454547,4.897606918760899,0.8078476266936478,00-0033881,Evan,Engram,E.Engram,REG,NYG,DAL,Evan Engram,EngrEv00,1.0,0.0,0.0,125.0
2019,REG,1,00-0034753,M.Andrews,TE,TE,BAL,13671,0618f387-9b72-4270-8b8f-dec4cccc9e4a,17269.0,47436.0,5012.0,,3116365.0,31056.0,,2131121.0,AndrMa00,mark-andrews-1,12559.0,13182.0,366.0,31056.0,820699.0,19803.0,820699.0,Mark Andrews,mark andrews,8,8,108.0,1,0.0,0.0,74.0,34.0,6.0,15.212696,0,1.4594594,0.32,0.2835249,0.67846745,Mark Andrews,BAL,4.837142857142857,3.0951893927920104,9.1525,27.72749649714091,100.0,108.0,1.0,4.28875,3.039935253785984,1.2488147462140162,00-0034753,Mark,Andrews,M.Andrews,REG,BAL,MIA,Mark Andrews,AndrMa00,0.0,0.0,0.0,158.3
2019,REG,1,00-0030506,T.Kelce,TE,TE,KC,11244,c3859e06-5f23-4302-a71b-04820a899d5f,11594.0,7844.0,1466.0,traviskelce/2540258,15847.0,26686.0,,1725130.0,KelcTr00,travis-kelce-1,8783.0,8411.0,264.0,26686.0,448240.0,15048.0,448240.0,Travis Kelce,travis kelce,3,8,88.0,0,0.0,0.0,63.0,41.0,2.0,2.7421556,0,1.3968254,0.23529412,0.35,0.59794116,Travis Kelce,KC,6.222857142857143,2.6896146861731562,10.161249999999999,43.19111630625365,37.5,88.0,0.0,14.493333333333334,15.892129770406731,-1.398796437073397,00-0030506,Travis,Kelce,T.Kelce,REG,KC,JAX,Travis Kelce,KelcTr00,0.0,1.0,0.125,79.2
2019,REG,1,00-0032392,A.Hooper,TE,TE,ATL,12677,90c2a93f-d837-4e1b-b57c-56648903a8db,15581.0,10715.0,3202.0,,3043275.0,29315.0,,2067004.0,HoopAu00,austin-hooper-1,10748.0,11301.0,384.0,29315.0,739424.0,17963.0,739424.0,Austin Hooper,austin hooper,9,9,77.0,0,0.0,0.0,45.0,32.0,3.0,4.0966086,0,1.7111111,0.2,0.13043478,0.39130434,Austin Hooper,ATL,6.493333333333333,4.638988479674893,5.043333333333333,12.647329265234475,100.0,77.0,0.0,3.5122222222222224,4.349879543230035,-0.8376573210078124,00-0032392,Austin,Hooper,A.Hooper,REG,ATL,MIN,Austin Hooper,HoopAu00,0.0,0.0,0.0,102.3
2019,REG,1,00-0031610,D.Waller,TE,TE,LV,12263,14c97c9f-26e8-4944-9299-f90de6aeada3,14104.0,9637.0,2505.0,,2576925.0,28592.0,,1850793.0,WallDa01,darren-waller-1,10215.0,10433.0,,28592.0,600191.0,16964.0,600191.0,Darren Waller,darren waller,7,8,70.0,0,0.0,0.0,55.0,31.0,3.0,4.9282136,0,1.2727273,0.30769232,0.25700936,0.641445,Darren Waller,LV,4.1875,2.644558750997654,6.299999999999999,25.31772743256141,87.5,70.0,0.0,5.032857142857144,7.01005641680581,-1.9771992739486661,00-0031610,Darren,Waller,D.Waller,REG,OAK,DEN,Darren Waller,WallDa01,0.0,0.0,0.0,103.1
2019,REG,1,00-0032134,C.Uzomah,TE,TE,CIN,12317,19858900-5c8e-49a7-ab02-34ef625724ca,14084.0,9590.0,2460.0,c.j.uzomah/2552559,2574576.0,28545.0,,2174118.0,UzomC.00,cj-uzomah-1,10462.0,10534.0,,28545.0,593305.0,16917.0,593305.0,C.J. Uzomah,cj uzomah,4,5,66.0,0,0.0,0.0,16.0,50.0,3.0,4.2258835,0,4.125,0.10204082,0.04507042,0.18461052,C.J. Uzomah,CIN,4.0175,4.40237123582181,2.067999999999999,3.0402822699206102,80.0,66.0,0.0,13.0675,13.979092437745521,-0.9115924377455205,00-0032134,Christopher,Uzomah,C.Uzomah,REG,CIN,SEA,C.J. Uzomah,UzomC.00,0.0,0.0,0.0,118.7
2019,REG,1,00-0033090,H.Henry,TE,TE,LAC,12676,705899da-3c20-4bc3-b5d0-2e6e40655131,15561.0,10669.0,3214.0,,3046439.0,29269.0,,2079848.0,HenrHu00,hunter-henry-1,10735.0,11299.0,212.0,29269.0,744425.0,17975.0,744425.0,Hunter Henry,hunter henry,4,5,60.0,0,0.0,0.0,67.0,8.0,3.0,3.843917,0,0.8955224,0.14705883,0.2863248,0.4210156,Hunter Henry,LAC,4.235,2.4629906541941406,13.206,28.05370268088541,80.0,60.0,0.0,2.635,3.065498952480766,-0.4304989524807663,00-0033090,Hunter,Henry,H.Henry,REG,LAC,IND,Hunter Henry,HenrHu00,0.0,0.0,0.0,116.7
2019,REG,1,00-0024221,V.Davis,TE,TE,WAS,8247,0a95e792-6455-4927-9539-f95fa7f41fbb,9621.0,2951.0,200.0,vernondavis/2495826,9592.0,7755.0,,409254.0,DaviVe00,vernon-davis-1,4732.0,3638.0,,7755.0,215595.0,5084.0,,Vernon Davis,vernon davis,4,7,59.0,1,0.0,0.0,33.0,54.0,1.0,1.2265779,0,1.7878788,0.1627907,0.10185185,0.31548235,Vernon Davis,WAS,6.3075,3.7995101217758744,3.432857142857144,7.590498452207975,57.14285714285714,59.0,1.0,13.552499999999998,5.515140893699304,8.037359106300695,00-0024221,Vernon,Davis,V.Davis,REG,WAS,PHI,Vernon Davis,DaviVe00,2.0,0.0,0.0,124.4
2019,REG,1,00-0024389,De.Walker,TE,TE,TEN,8416,ccce5e8e-52ca-4f0f-a40f-fe5e7227d156,9172.0,3120.0,284.0,delaniewalker/2495966,9761.0,7924.0,4353.0,1109396.0,WalkHu00,,4888.0,3976.0,,7924.0,218943.0,7175.0,,Delanie Walker,delanie walker,5,6,55.0,2,0.0,0.0,35.0,20.0,5.0,6.7557106,0,1.5714285,0.25,0.2413793,0.5439655,Delanie Walker,TEN,6.5280000000000005,2.8856652213951963,4.721666666666668,18.74917273328922,83.33333333333334,55.0,2.0,4.68,3.7504871270373767,0.929512872962623,00-0024389,Delanie,Walker,De.Walker,REG,TEN,CLE,Delanie Walker,WalkHu00,0.0,1.0,0.167,144.4
2019,REG,1,00-0030061,Z.Ertz,TE,TE,PHI,11247,de3421f7-2147-4835-89a5-724e87bad463,11689.0,7816.0,1339.0,zachertz/2540158,15835.0,26658.0,,1685963.0,ErtzZa00,zach-ertz-1,8781.0,8409.0,305.0,26658.0,503177.0,14856.0,503177.0,Zach Ertz,zach ertz,5,7,54.0,0,0.0,0.0,41.0,21.0,3.0,4.0375667,0,1.3170732,0.17948718,0.11953353,0.35290423,Zach Ertz,PHI,7.615714285714285,1.9923427951447508,5.595714285714285,11.671632896305123,71.42857142857143,54.0,0.0,4.032000000000002,2.382863751496984,1.6491362485030177,00-0030061,Zachary,Ertz,Z.Ertz,REG,PHI,WAS,Zach Ertz,ErtzZa00,0.0,0.0,0.0,93.7
2019,REG,1,00-0033288,G.Kittle,TE,TE,SF,13299,2ada91b0-036e-454f-83c3-6d939ff584a9,16499.0,11901.0,4217.0,,3040151.0,30259.0,,2818265.0,KittGe00,george-kittle-1,11892.0,12276.0,298.0,30259.0,733672.0,19063.0,733672.0,George Kittle,george kittle,8,10,54.0,0,0.0,0.0,49.0,35.0,4.0,3.2484293,0,1.1020408,0.37037036,0.31410256,0.77542734,George Kittle,SF,5.842222222222222,3.5266424857505223,3.876,27.71739130434782,80.0,54.0,0.0,6.2525,6.290354428878345,-0.03785442887834467,00-0033288,George,Kittle,G.Kittle,REG,SF,TB,George Kittle,KittGe00,0.0,0.0,0.0,89.2
2019,REG,1,00-0034830,H.Hurst,TE,TE,BAL,13680,1b125fc4-5dd9-4eb9-a42f-048e61ca42b7,17283.0,47294.0,4973.0,,3924365.0,30995.0,,2185053.0,HursHa00,hayden-hurst-1,12467.0,13098.0,8.0,30995.0,881956.0,19843.0,881956.0,Hayden Hurst,hayden hurst,3,3,41.0,0,0.0,0.0,25.0,16.0,2.0,3.291625,0,1.64,0.12,0.09578544,0.24704981,,,,,,,,,,,,,,,,,REG,BAL,MIA,Hayden Hurst,HursHa00,0.0,0.0,0.0,118.7
2019,REG,1,00-0030470,V.McDonald,TE,TE,PIT,11257,8f24a248-b328-43ec-8677-67600e42a8f7,11699.0,7836.0,1587.0,vancemcdonald/2540215,15853.0,26678.0,,1673357.0,McDoVa00,vance-mcdonald-1,8785.0,8413.0,,26678.0,494969.0,15239.0,,Vance McDonald,vance mcdonald,2,4,40.0,0,0.0,0.0,32.0,20.0,2.0,1.3317221,0,1.25,0.08510638,0.068817206,0.17583162,,,,,,,,,,,,,,,,,REG,PIT,NE,Vance McDonald,McDoVa00,0.0,1.0,0.25,85.4
2019,REG,1,00-0033658,B.Jarwin,TE,TE,DAL,13722,43e8a6ac-d451-4dbd-b145-797764f91494,16638.0,12320.0,4571.0,,2991767.0,30784.0,,2819999.0,JarwBl00,,12179.0,12507.0,,30784.0,711965.0,19457.0,711965.0,Blake Jarwin,blake jarwin,3,3,39.0,1,0.0,0.0,32.0,7.0,1.0,3.6240814,0,1.21875,0.09375,0.10631229,0.2150436,,,,,,,,,,,,,,,,,REG,DAL,NYG,Blake Jarwin,JarwBl00,0.0,0.0,0.0,158.3
2019,REG,1,00-0027061,J.Cook,TE,TE,NO,9474,3b7a1409-d154-4e5c-8c94-9d4a0e0993c7,9265.0,5012.0,367.0,jaredcook/71265,12537.0,9353.0,6126.0,584314.0,CookJa02,jared-cook-2,5981.0,5165.0,,9353.0,296480.0,8534.0,296480.0,Jared Cook,jared cook,2,3,37.0,0,0.0,0.0,39.0,15.0,2.0,2.8638096,0,0.94871795,0.07692308,0.13402061,0.20919904,,,,,,,,,,,,,,,,,REG,NO,HOU,Jared Cook,CookJa02,0.0,0.0,0.0,109.0
2019,REG,1,00-0033885,D.Njoku,TE,TE,CLE,13192,8f86fcea-90e8-49ea-bc78-5c7659313e57,16399.0,11784.0,4033.0,,3123076.0,30142.0,,2136474.0,NjokDa00,david-njoku-1,11734.0,12186.0,252.0,30142.0,832098.0,18876.0,832098.0,David Njoku,david njoku,4,6,37.0,1,0.0,0.0,41.0,16.0,3.0,1.3302164,0,0.902439,0.15789473,0.12166172,0.3220053,David Njoku,CLE,3.316,2.8804054004585686,7.1983333333333315,12.992990583917448,66.66666666666666,37.0,1.0,3.722500000000002,2.8631773354202323,0.8593226645797696,00-0033885,David,Njoku,D.Njoku,REG,CLE,TEN,David Njoku,NjokDa00,0.0,2.0,0.333,122.9
2019,REG,1,00-0025418,G.Olsen,TE,TE,CAR,8687,587d0a98-7ec5-45a5-adba-8af26e8f256b,9238.0,3647.0,58.0,gregolsen/2495700,10475.0,8285.0,,502524.0,OlseGr00,greg-olsen-1,5206.0,4190.0,,8285.0,230925.0,1658.0,,Greg Olsen,greg olsen,4,9,36.0,0,0.0,0.0,62.0,16.0,2.0,-7.4074035,0,0.58064514,0.24324325,0.26050422,0.5472178,Greg Olsen,CAR,4.354285714285714,3.777665913383611,6.764444444444446,26.008202323991792,44.44444444444444,36.0,0.0,5.057499999999997,6.021290956875191,-0.9637909568751937,00-0025418,Gregory,Olsen,G.Olsen,REG,CAR,LA,Greg Olsen,OlseGr00,0.0,1.0,0.111,16.2
2019,REG,1,00-0035308,T.Sweeney,TE,TE,BUF,14294,ec63ee49-3a03-44ca-a083-3916f0bccd76,18325.0,47216.0,6137.0,,3122818.0,32060.0,,2139106.0,SweeTo00,tommy-sweeney-1,13667.0,14287.0,,32060.0,836094.0,20957.0,836094.0,Tommy Sweeney,tommy sweeney,2,2,35.0,0,0.0,0.0,24.0,11.0,1.0,2.5848067,0,1.4583334,0.057142857,0.08391608,0.14445554,,,,,,,,,,,,,,,,,REG,BUF,NYJ,Tommy Sweeney,SweeTo00,0.0,0.0,0.0,118.7
2019,REG,1,00-0031951,J.O'Shaughnessy,TE,TE,JAX,12330,e5c6b0d4-3e77-422b-a6d8-574a10ed385e,14146.0,9606.0,2476.0,,2508079.0,28561.0,,2174148.0,O'ShJa00,,10249.0,10549.0,,28561.0,552352.0,16933.0,552352.0,James O'Shaughnessy,james oshaughnessy,4,5,32.0,0,0.0,0.0,21.0,16.0,1.0,0.19706988,0,1.5238096,0.15151516,0.09589041,0.294396,James O'Shaughnessy,JAX,3.2800000000000002,3.876422369863639,4.011999999999999,9.479703227635744,80.0,32.0,0.0,4.270000000000001,5.928765284639212,-1.6587652846392107,00-0031951,James,O'Shaughnessy,J.O'Shaughnessy,REG,JAX,KC,James O'Shaughnessy,O'ShJa00,0.0,0.0,0.0,93.3
2019,REG,1,00-0032055,D.Funchess,TE,TE,IND,12205,7f5f2a81-ac40-420c-9421-5b9e2a21faf8,13915.0,9474.0,2346.0,,2977609.0,28429.0,,2001877.0,FuncDe00,devin-funchess-1,10138.0,10391.0,,28429.0,696127.0,16802.0,696127.0,Devin Funchess,devin funchess,3,5,32.0,0,0.0,0.0,49.0,6.0,2.0,3.1633725,0,0.6530612,0.18518518,0.31012657,0.49486637,,,,,,,,,,,,,,,,,REG,IND,LAC,Devin Funchess,FuncDe00,0.0,1.0,0.2,78.7
2019,REG,1,00-0033879,O.Howard,TE,TE,TB,13188,93ed8c6f-b676-46d3-bf82-6155e89b4a68,16380.0,11774.0,4055.0,,3043080.0,30132.0,,2061190.0,HowaO.00,oj-howard-1,11806.0,12161.0,,30132.0,732147.0,18901.0,732147.0,O.J. Howard,oj howard,4,5,32.0,0,1.0,1.0,29.0,8.0,2.0,-6.6230364,0,1.1034483,0.14705883,0.0976431,0.2889384,O.J. Howard,TB,7.485,2.7065629066732,5.114000000000001,8.622201240895604,80.0,32.0,0.0,2.6050000000000004,1.9954486531517546,0.6095513468482459,00-0033879,O'Terrius,Howard,O.Howard,REG,TB,SF,O.J. Howard,HowaO.00,0.0,1.0,0.2,53.7
2019,REG,1,00-0034829,M.Gesicki,TE,TE,MIA,13672,1012cbe0-7eba-4169-bfca-183a0204e1a7,17272.0,47153.0,4993.0,,3116164.0,31012.0,,2139298.0,GesiMi00,mike-gesicki-1,12764.0,13104.0,330.0,31012.0,836152.0,19853.0,836152.0,Mike Gesicki,mike gesicki,2,6,31.0,0,0.0,0.0,58.0,14.0,1.0,-0.004858191,0,0.5344828,0.1875,0.13842481,0.37814736,Mike Gesicki,MIA,4.4559999999999995,5.552327301662106,11.096666666666666,14.168369084099423,33.33333333333333,31.0,0.0,7.359999999999999,5.933191753553729,1.4268082464462708,00-0034829,Michael,Gesicki,M.Gesicki,REG,MIA,BAL,Mike Gesicki,GesiMi00,0.0,0.0,0.0,51.4
2019,REG,1,00-0027696,J.Graham,TE,TE,GB,9925,fd85786d-3900-4dc0-9b30-334ee30413ed,9712.0,5619.0,616.0,jimmygraham/497236,13232.0,24070.0,6610.0,1691166.0,GrahJi00,jimmy-graham-1,6532.0,5842.0,,24070.0,295918.0,11488.0,295918.0,Jimmy Graham,jimmy graham,3,5,30.0,1,0.0,0.0,58.0,17.0,2.0,0.21862277,0,0.51724136,0.18518518,0.22924902,0.4382521,Jimmy Graham,GB,5.19,3.1535795960554522,12.8,21.703743895822033,60.0,30.0,1.0,5.44,4.219068914197426,1.2209310858025741,00-0027696,Jimmy,Graham,J.Graham,REG,GB,CHI,Jimmy Graham,GrahJi00,0.0,0.0,0.0,116.7
2019,REG,1,00-0035644,N.Fant,TE,TE,DEN,14137,cdc98acc-9eb6-4b44-81bb-61d7b8a3b55f,17527.0,42388.0,5857.0,,4036131.0,31852.0,,2251095.0,FantNo00,noah-fant-1,13426.0,14050.0,243.0,31852.0,923911.0,20753.0,923911.0,Noah Fant,noah fant,2,4,29.0,0,0.0,0.0,26.0,9.0,1.0,0.86662936,0,1.1153846,0.13333334,0.10612245,0.2742857,,,,,,,,,,,,,,,,,REG,DEN,OAK,Noah Fant,FantNo00,0.0,0.0,0.0,74.0
2019,REG,1,00-0033757,R.Tonyan,TE,TE,GB,13427,7c9c7800-69d0-459b-812b-a07ac48e9f2a,16502.0,12193.0,4602.0,,2975674.0,30777.0,,2820026.0,TonyRo00,,12389.0,12868.0,,30777.0,660151.0,19491.0,660151.0,Robert Tonyan,robert tonyan,1,1,28.0,0,0.0,0.0,19.0,9.0,1.0,2.5883589,0,1.4736842,0.037037037,0.07509881,0.108124726,,,,,,,,,,,,,,,,,REG,GB,CHI,Robert Tonyan,TonyRo00,0.0,0.0,0.0,118.7
2019,REG,1,00-0030549,T.Eifert,TE,TE,CIN,11250,14ecf9dd-3a77-4847-8e62-407cd1182f1c,11692.0,7802.0,1388.0,tylereifert/2540148,15788.0,26644.0,,1691608.0,EifeTy00,tyler-eifert-1,8782.0,8408.0,,26644.0,508968.0,14918.0,,Tyler Eifert,tyler eifert,5,5,27.0,0,0.0,0.0,23.0,4.0,2.0,1.5423784,0,1.173913,0.10204082,0.06478873,0.19841334,Tyler Eifert,CIN,5.215000000000001,1.7751320960293075,4.484,6.592178770949721,100.0,27.0,0.0,0.9159999999999997,1.7333159502361042,-0.8173159502361045,00-0030549,Tyler,Eifert,T.Eifert,REG,CIN,SEA,Tyler Eifert,EifeTy00,0.0,0.0,0.0,89.2
2019,REG,1,00-0031598,N.Boyle,TE,TE,BAL,12328,9480dd9f-151f-4e6d-b5a3-35f07bda4cac,13963.0,9604.0,2474.0,,2574591.0,28559.0,,1888149.0,BoylNi00,,10252.0,10547.0,,28559.0,608753.0,16931.0,608753.0,Nick Boyle,nick boyle,3,3,26.0,0,0.0,0.0,12.0,14.0,2.0,1.3243381,0,2.1666667,0.12,0.04597701,0.21218391,,,,,,,,,,,,,,,,,REG,BAL,MIA,Nick Boyle,BoylNi00,0.0,0.0,0.0,102.8
2019,REG,1,00-0030181,J.Doyle,TE,TE,IND,11516,bd413539-9351-454e-9d61-4e8635d7e9f5,11987.0,8520.0,1706.0,jackdoyle/2540232,16504.0,27299.0,,2041264.0,DoylJa00,,9081.0,9075.0,,27299.0,477386.0,15602.0,477386.0,Jack Doyle,jack doyle,1,2,20.0,0,0.0,0.0,10.0,13.0,1.0,1.2153318,0,2.0,0.074074075,0.06329114,0.15541491,,,,,,,,,,,,,,,,,REG,IND,LAC,Jack Doyle,DoylJa00,0.0,1.0,0.5,85.4
2019,REG,1,00-0033110,T.Higbee,TE,TE,LA,12678,0df7912d-9e81-47ea-b4f7-d04986df4ee8,15623.0,10744.0,3271.0,,2573401.0,29344.0,,1853103.0,HigbTy00,tyler-higbee-1,10854.0,11430.0,159.0,29344.0,604176.0,18032.0,604176.0,Tyler Higbee,tyler higbee,4,5,20.0,1,0.0,0.0,23.0,15.0,2.0,2.5194616,0,0.8695652,0.13157895,0.08424909,0.25634277,Tyler Higbee,LAR,7.536666666666666,4.250145442279786,5.336,10.28646335351043,80.0,20.0,1.0,4.2675,6.291242101958471,-2.0237421019584705,00-0033110,Tyler,Higbee,T.Higbee,REG,LA,CAR,Tyler Higbee,HigbTy00,0.0,0.0,0.0,122.9
2019,REG,1,00-0034981,F.Moreau,TE,TE,LV,14239,9c3a67fd-5c6e-4689-9e08-9ff6d4db6c9a,18397.0,47043.0,5985.0,,3843945.0,31969.0,,2180634.0,MoreFo00,foster-moreau-1,13822.0,14154.0,179.0,31969.0,865573.0,20884.0,865573.0,Foster Moreau,foster moreau,2,2,20.0,0,0.0,0.0,7.0,13.0,0.0,0.9304744,0,2.857143,0.07692308,0.03271028,0.1382818,,,,,,,,,,,,,,,,,REG,OAK,DEN,Foster Moreau,MoreFo00,1.0,0.0,0.0,108.3
2019,REG,1,00-0032141,G.Swaim,TE,TE,JAX,12378,d0f9112d-2496-450a-9fc5-d2d01b4d2454,14164.0,9679.0,2545.0,geoffswaim/2553454,3046704.0,28634.0,,2174207.0,SwaiGe00,geoff-swaim-1,10507.0,10617.0,,28634.0,728021.0,17005.0,728021.0,Geoff Swaim,geoff swaim,4,4,17.0,0,0.0,0.0,3.0,14.0,0.0,-0.40525696,0,5.6666665,0.121212125,0.01369863,0.19140722,,,,,,,,,,,,,,,,,REG,JAX,KC,Geoff Swaim,SwaiGe00,0.0,0.0,0.0,84.4
2019,REG,1,00-0034364,J.Akins,TE,TE,HOU,13753,0cb5a32a-a340-4671-ba2a-93f5fa6aee8d,17415.0,47050.0,5032.0,,3128452.0,31068.0,,2142712.0,AkinJo00,jordan-akins-1,12568.0,13238.0,,31068.0,838396.0,19903.0,838396.0,Jordan Akins,jordan akins,1,2,17.0,0,0.0,0.0,5.0,13.0,1.0,1.4685346,0,3.4,0.06896552,0.016129032,0.1147386,,,,,,,,,,,,,,,,,REG,HOU,NO,Jordan Akins,AkinJo00,1.0,0.0,0.0,79.2
2019,REG,1,00-0032394,N.Vannett,TE,TE,SEA,12680,c731aa8a-778b-4ccd-a19f-517eb66f47b7,15645.0,10728.0,3258.0,,2576399.0,29328.0,,1871322.0,VannNi00,nick-vannett-1,10949.0,11329.0,,29328.0,606488.0,18019.0,606488.0,Nick Vannett,nick vannett,2,2,16.0,0,0.0,0.0,13.0,3.0,0.0,-0.5604566,0,1.2307693,0.10526316,0.0718232,0.20817098,,,,,,,,,,,,,,,,,REG,SEA,CIN,Nick Vannett,VannNi00,0.0,0.0,0.0,100.0
2019,REG,1,00-0034351,D.Goedert,TE,TE,PHI,13674,e8029983-87cf-49a2-bc04-04c8233a0630,17270.0,47272.0,5022.0,,3121023.0,31019.0,,2132551.0,GoedDa00,,12860.0,13151.0,382.0,31019.0,791365.0,19863.0,791365.0,Dallas Goedert,dallas goedert,2,3,16.0,0,0.0,0.0,37.0,10.0,0.0,0.6421663,0,0.43243244,0.07692308,0.10787172,0.19089481,,,,,,,,,,,,,,,,,REG,PHI,WAS,Dallas Goedert,GoedDa00,0.0,1.0,0.333,79.9
2019,REG,1,00-0022127,J.Witten,TE,TE,DAL,6997,e38c9b1b-7c51-48a2-ac1d-a752502e8930,9275.0,1384.0,23.0,jasonwitten/2505629,4527.0,6405.0,,396134.0,WittJa00,jason-witten-1,3086.0,1990.0,,6405.0,184571.0,722.0,,Jason Witten,jason witten,3,4,15.0,1,0.0,0.0,3.0,16.0,1.0,0.06046539,0,5.0,0.125,0.009966778,0.19447674,,,,,,,,,,,,,,,,,REG,DAL,NYG,Jason Witten,WittJa00,0.0,0.0,0.0,119.8
2019,REG,1,00-0031558,M.Williams,TE,TE,ARI,12206,52f4a43a-64a9-4d69-a9e2-28bd60f68e49,13919.0,9488.0,2360.0,,2970726.0,28443.0,,1983769.0,WillMa04,maxx-williams-1,10128.0,10298.0,,28443.0,651658.0,16816.0,651658.0,Maxx Williams,maxx williams,1,1,15.0,0,0.0,0.0,4.0,11.0,1.0,0.8732941,0,3.75,0.01923077,0.0074074073,0.03403134,,,,,,,,,,,,,,,,,REG,ARI,DET,Maxx Williams,WillMa04,0.0,0.0,0.0,118.7
2019,REG,1,00-0032135,J.James,TE,TE,DET,12211,a37a5bfd-b48c-4d8b-817a-d8ce7ca3592d,13959.0,9593.0,2463.0,jessejames/2552633,2979590.0,28548.0,,1983808.0,JameJe00,jesse-james-1,10150.0,10403.0,,28548.0,652019.0,16920.0,652019.0,Jesse James,jesse james,1,1,15.0,0,0.0,0.0,6.0,9.0,1.0,2.2910073,0,2.5,0.024390243,0.01268499,0.04546486,,,,,,,,,,,,,,,,,REG,DET,ARI,Jesse James,JameJe00,0.0,0.0,0.0,118.7
2019,REG,1,00-0024243,M.Lewis,TE,TE,GB,8269,9c21e9af-681c-41ef-9b00-fbc9e1668ed1,9413.0,2973.0,111.0,marcedeslewis/2495888,9614.0,7777.0,4007.0,415313.0,LewiMa00,marcedes-lewis-1,4891.0,3615.0,,7777.0,214197.0,3061.0,214197.0,Marcedes Lewis,marcedes lewis,2,3,14.0,0,0.0,0.0,21.0,8.0,0.0,0.333945,0,0.6666667,0.11111111,0.08300395,0.22476943,,,,,,,,,,,,,,,,,REG,GB,CHI,Marcedes Lewis,LewiMa00,0.0,0.0,0.0,77.1
2019,REG,1,00-0034159,W.Dissly,TE,TE,SEA,13763,383f4814-6836-4766-a297-fc063e8509cc,18049.0,30762.0,5010.0,,3127292.0,31090.0,,2139628.0,DissWi00,will-dissly-1,12986.0,13246.0,86.0,31090.0,837806.0,19950.0,837806.0,Will Dissly,will dissly,1,2,12.0,0,0.0,0.0,29.0,3.0,1.0,0.6869745,0,0.41379312,0.10526316,0.160221,0.27004942,,,,,,,,,,,,,,,,,REG,SEA,CIN,Will Dissly,DissWi00,0.0,0.0,0.0,68.7
2019,REG,1,00-0030108,R.Griffin,TE,TE,NYJ,11399,cb1df42c-b59c-4e23-a9a2-fbfc2b39ef71,11830.0,7982.0,1425.0,ryangriffin/2541316,15887.0,26824.0,,2057695.0,GrifRy00,ryan-griffin-1,8911.0,8600.0,,26824.0,465129.0,14985.0,465129.0,Ryan Griffin,ryan griffin,3,4,10.0,0,0.0,0.0,0.0,12.0,1.0,-1.2493676,0,0.0,0.09756097,0.0,0.14634146,,,,,,,,,,,,,,,,,REG,NYJ,BUF,Ryan Griffin,GrifRy00,1.0,0.0,0.0,77.1
2019,REG,1,00-0029587,R.Ellison,TE,TE,NYG,10838,cccc9f16-9508-434f-b7a4-9a29cb0cacf9,11315.0,7128.0,1211.0,rhettellison/2532835,15003.0,25838.0,,1244464.0,ElliRh00,rhett-ellison-1,8114.0,7580.0,,25838.0,399295.0,14445.0,,Rhett Ellison,rhett ellison,1,2,8.0,0,0.0,0.0,31.0,6.0,0.0,-0.74274224,0,0.2580645,0.045454547,0.113553114,0.147669,,,,,,,,,,,,,,,,,REG,NYG,DAL,Rhett Ellison,ElliRh00,0.0,0.0,0.0,60.4
2019,REG,1,00-0031273,C.Brate,TE,TE,TB,12110,5afe93fd-0caf-4cca-83fc-7f405bebfa3e,13470.0,9207.0,2214.0,,17453.0,28267.0,,2132787.0,BratCa00,,10008.0,10193.0,,28267.0,552926.0,16593.0,552926.0,Cameron Brate,cameron brate,2,2,8.0,0,0.0,0.0,-1.0,9.0,0.0,-1.5390406,0,0.0,0.05882353,-0.0033670033,0.085878395,,,,,,,,,,,,,,,,,REG,TB,SF,Cameron Brate,BratCa00,0.0,0.0,0.0,83.3
2019,REG,1,00-0031387,E.Ebron,TE,TE,IND,11695,9fbcfae9-dd14-415c-8952-9b1b5dff0dfc,12143.0,8645.0,2118.0,ericebron/2543466,16732.0,27538.0,,1865396.0,EbroEr00,eric-ebron-1,9210.0,9390.0,,27538.0,605752.0,16451.0,605752.0,Eric Ebron,eric ebron,1,3,8.0,0,0.0,0.0,24.0,0.0,1.0,-1.7897284,0,0.33333334,0.11111111,0.15189873,0.27299577,,,,,,,,,,,,,,,,,REG,IND,LAC,Eric Ebron,EbroEr00,0.0,1.0,0.333,42.4
2019,REG,1,00-0033528,J.Sprinkle,TE,TE,WAS,13194,2dcc8e56-ac32-4774-a011-b1e65ca73786,16461.0,11909.0,4221.0,,2980073.0,30267.0,,1999945.0,SpriJe00,jeremy-sprinkle-1,11899.0,12368.0,,30267.0,693833.0,19067.0,693833.0,Jeremy Sprinkle,jeremy sprinkle,1,1,8.0,0,0.0,0.0,1.0,7.0,1.0,0.81040734,0,8.0,0.023255814,0.0030864198,0.037044216,,,,,,,,,,,,,,,,,REG,WAS,PHI,Jeremy Sprinkle,SpriJe00,0.0,0.0,0.0,100.0
2019,REG,1,00-0032062,B.Bell,TE,TE,KC,12213,0cc4e449-185a-4b08-9f07-c907ad0c3e05,13966.0,9550.0,2422.0,,2514206.0,28505.0,,1737101.0,BellBl00,blake-bell-1,10248.0,10366.0,,28505.0,542871.0,16878.0,542871.0,Blake Bell,blake bell,1,1,7.0,0,0.0,0.0,7.0,0.0,0.0,0.38660967,0,1.0,0.029411765,0.03888889,0.07133987,,,,,,,,,,,,,,,,,REG,KC,JAX,Blake Bell,BellBl00,0.0,0.0,0.0,95.8
2019,REG,1,00-0033858,J.Smith,TE,TE,TEN,13193,e4f25a37-74de-4bfb-b6c9-f50a4fab0b87,16460.0,11855.0,4144.0,,3054212.0,30213.0,,2081506.0,SmitJo01,jonnu-smith-1,11807.0,12344.0,84.0,30213.0,743749.0,18990.0,743749.0,Jonnu Smith,jonnu smith,1,1,7.0,0,0.0,0.0,2.0,5.0,0.0,0.09179323,0,3.5,0.041666668,0.013793103,0.07215517,,,,,,,,,,,,,,,,,REG,TEN,CLE,Jonnu Smith,SmitJo01,0.0,0.0,0.0,95.8
2019,REG,1,00-0033895,G.Everett,TE,TE,LA,13236,ebeceb00-57e0-4b74-9cf7-853da2afed18,16459.0,11799.0,4089.0,,3918639.0,30157.0,,2142692.0,EverGe00,gerald-everett-1,11737.0,12284.0,55.0,30157.0,838487.0,18935.0,838487.0,Gerald Everett,gerald everett,1,1,7.0,0,0.0,0.0,6.0,1.0,1.0,1.2717876,0,1.1666666,0.02631579,0.021978023,0.0548583,,,,,,,,,,,,,,,,,REG,LA,CAR,Gerald Everett,EverGe00,0.0,0.0,0.0,95.8
2019,REG,1,00-0033896,A.Shaheen,TE,TE,CHI,13254,87171077-4c1c-4b67-b159-2cc6242988e0,16457.0,11800.0,4085.0,,4198676.0,30158.0,,2818105.0,ShahAd00,,11898.0,12283.0,,30158.0,1049770.0,18931.0,1049770.0,Adam Shaheen,adam shaheen,1,2,6.0,0,0.0,0.0,11.0,1.0,0.0,-0.5761341,0,0.54545456,0.045454547,0.030054646,0.08922007,,,,,,,,,,,,,,,,,REG,CHI,GB,Adam Shaheen,ShahAd00,0.0,0.0,0.0,56.2
2019,REG,1,00-0028112,C.Clay,TE,TE,ARI,10409,04ca4fb9-194e-47fe-8fc8-adb5790a8e78,10003.0,6326.0,801.0,charlesclay/2495139,14145.0,24961.0,,1265552.0,ClayCh00,charles-clay-1,7424.0,6681.0,,24961.0,400516.0,12751.0,,Charles Clay,charles clay,1,1,5.0,0,0.0,0.0,5.0,0.0,0.0,-0.05610551,0,1.0,0.01923077,0.009259259,0.035327636,,,,,,,,,,,,,,,,,REG,ARI,DET,Charles Clay,ClayCh00,0.0,0.0,0.0,87.5
2019,REG,1,00-0028142,V.Green,TE,TE,LAC,10432,6ef43c53-53d7-4b0f-ad99-17664d663ae8,10026.0,6356.0,868.0,virgilgreen/2495288,14085.0,24991.0,7502.0,1130615.0,GreeVi00,virgil-green-1,7416.0,6570.0,,24991.0,323254.0,13016.0,,Virgil Green,virgil green,1,1,4.0,0,0.0,0.0,1.0,3.0,1.0,0.13672458,0,4.0,0.029411765,0.0042735045,0.0471091,,,,,,,,,,,,,,,,,REG,LAC,IND,Virgil Green,GreeVi00,0.0,0.0,0.0,83.3
2019,REG,1,00-0033217,M.Alie-Cox,TE,TE,IND,13246,8809c0dd-786b-4255-a7d0-333c9498c19a,16579.0,12078.0,4054.0,moalie-cox/2558832,2998565.0,30112.0,,2815925.0,AlieMo00,,12196.0,12221.0,195.0,30112.0,712506.0,18900.0,712506.0,Mo Alie-Cox,mo alie-cox,1,1,3.0,0,0.0,0.0,3.0,0.0,0.0,-0.32497987,0,1.0,0.037037037,0.01898734,0.068846695,,,,,,,,,,,,,,,,,REG,IND,LAC,Mo Alie-Cox,AlieMo00,0.0,0.0,0.0,79.2
2019,REG,1,00-0034439,R.Izzo,TE,TE,NE,13847,40b8fa44-b289-42dd-9606-a1ae30adc7bc,17541.0,47327.0,5094.0,,3122920.0,31127.0,,2138988.0,IzzoRy00,ryan-izzo-1,12529.0,13349.0,,31220.0,834990.0,20069.0,834990.0,Ryan Izzo,ryan izzo,1,2,3.0,0,0.0,0.0,9.0,1.0,0.0,-1.0614619,0,0.33333334,0.054054055,0.03214286,0.10358108,,,,,,,,,,,,,,,,,REG,NE,PIT,Ryan Izzo,IzzoRy00,0.0,0.0,0.0,56.2
2019,REG,1,00-0035689,D.Knox,TE,TE,BUF,14143,5fb525c5-4e70-4ede-8c49-94ad0cf66b7d,18631.0,35883.0,5906.0,,3930086.0,31928.0,,2186345.0,KnoxDa00,dawson-knox-1,13466.0,13953.0,88.0,31928.0,884083.0,20850.0,884083.0,Dawson Knox,dawson knox,1,2,1.0,0,0.0,0.0,6.0,0.0,0.0,-1.6626087,0,0.16666667,0.057142857,0.02097902,0.1003996,,,,,,,,,,,,,,,,,REG,BUF,NYJ,Dawson Knox,KnoxDa00,0.0,1.0,0.5,56.2
2019,REG,1,00-0027981,K.Rudolph,TE,TE,MIN,10312,1059e9dc-97df-4643-9116-883a0573d8b1,9906.0,6195.0,943.0,kylerudolph/2495438,14054.0,24830.0,7444.0,1633122.0,RudoKy00,kyle-rudolph-1,7246.0,6459.0,,24830.0,469472.0,13275.0,469472.0,Kyle Rudolph,kyle rudolph,0,1,0.0,0,0.0,0.0,4.0,0.0,0.0,-0.49088478,0,0.0,0.11111111,0.06666667,0.21333334,,,,,,,,,,,,,,,,,REG,MIN,ATL,Kyle Rudolph,RudoKy00,0.0,0.0,0.0,39.6
2019,REG,1,00-0028042,L.Stocker,TE,TE,ATL,10354,5b712aed-201c-43dd-b978-b7b6ef91178e,9948.0,6256.0,963.0,lukestocker/2495234,14099.0,24891.0,7589.0,1125485.0,StocLu00,luke-stocker-1,7413.0,6552.0,,24891.0,334186.0,13370.0,334186.0,Luke Stocker,luke stocker,0,1,0.0,0,0.0,0.0,3.0,0.0,0.0,-7.0685854,0,0.0,0.022222223,0.008695652,0.039420288,,,,,,,,,,,,,,,,,REG,ATL,MIN,Luke Stocker,StocLu00,0.0,0.0,0.0,0.0
2019,REG,1,00-0029738,D.Fells,TE,TE,HOU,11337,54d4e35a-2e6c-48f6-86ad-92dd596c173c,13636.0,8549.0,1592.0,darrenfells/2540928,15773.0,26612.0,,2053740.0,FellDa01,,9758.0,8472.0,,26612.0,266414.0,15247.0,266414.0,Darren Fells,darren fells,0,1,0.0,0,0.0,0.0,-1.0,0.0,0.0,-0.6580067,0,0.0,0.03448276,-0.0032258064,0.049466074,,,,,,,,,,,,,,,,,REG,HOU,NO,Darren Fells,FellDa01,0.0,0.0,0.0,39.6
2019,REG,1,00-0030155,D.Harris,TE,TE,CLE,11448,8506c15c-15cc-4d2c-aebf-270c605fe0ec,11881.0,8524.0,1619.0,demetriusharris/2541187,16318.0,27174.0,,2060074.0,HarrDe03,,9847.0,8683.0,,27174.0,602269.0,15305.0,602269.0,Demetrius Harris,demetrius harris,0,1,0.0,0,0.0,0.0,6.0,0.0,0.0,-0.5268866,0,0.0,0.02631579,0.017804155,0.051936593,,,,,,,,,,,,,,,,,REG,CLE,TEN,Demetrius Harris,HarrDe03,0.0,1.0,1.0,39.6
2019,REG,1,00-0031585,M.Pruitt,TE,TE,TEN,12309,f22b34cf-6ecf-4522-9c77-1da275dfda7d,13964.0,9576.0,2446.0,,2508256.0,28531.0,,1760327.0,PruiMy00,,10251.0,10522.0,,28531.0,552586.0,16903.0,552586.0,MyCole Pruitt,mycole pruitt,0,1,0.0,0,0.0,0.0,0.0,0.0,0.0,-0.4094886,0,,0.041666668,0.0,0.0625,,,,,,,,,,,,,,,,,REG,TEN,CLE,MyCole Pruitt,PruiMy00,0.0,0.0,0.0,39.6
2019,REG,1,00-0034365,I.Thomas,TE,TE,CAR,13678,ed8a8fd2-df67-45e7-a34f-984afb82f6ea,17387.0,42130.0,4995.0,,4045305.0,31071.0,,2253359.0,ThomIa00,ian-thomas-3,12858.0,13163.0,323.0,31071.0,943093.0,19910.0,943093.0,Ian Thomas,ian thomas,0,1,0.0,0,0.0,0.0,-2.0,0.0,0.0,-0.5094882,0,0.0,0.027027028,-0.008403362,0.034658186,,,,,,,,,,,,,,,,,REG,CAR,LA,Ian Thomas,ThomIa00,0.0,0.0,0.0,39.6
2019,REG,1,00-0030216,J.Hill,TE,TE,NO,11529,687cdc33-bd0d-4b70-adb3-33f97dc26a3c,13565.0,8200.0,1777.0,joshhill/2541834,16143.0,26950.0,,2060083.0,HillJo02,,9071.0,8764.0,,26950.0,469509.0,15866.0,,Josh Hill,josh hill,1,1,-2.0,0,0.0,0.0,-4.0,2.0,0.0,-0.84576684,0,0.0,0.025641026,-0.013745705,0.028839545,,,,,,,,,,,,,,,,,REG,NO,HOU,Josh Hill,HillJo02,0.0,0.0,0.0,79.2
2019,REG,2,00-0034753,M.Andrews,TE,TE,BAL,13671,0618f387-9b72-4270-8b8f-dec4cccc9e4a,17269.0,47436.0,5012.0,,3116365.0,31056.0,,2131121.0,AndrMa00,mark-andrews-1,12559.0,13182.0,366.0,31056.0,820699.0,19803.0,820699.0,Mark Andrews,mark andrews,8,9,112.0,1,1.0,0.0,95.0,30.0,6.0,9.260071,0,1.1789473,0.25714287,0.26988637,0.57463473,Mark Andrews,BAL,6.354000000000001,3.799513008912329,9.53888888888889,27.203878572786618,88.88888888888889,112.0,1.0,4.588749999999999,4.048013780091168,0.5407362199088315,00-0034753,Mark,Andrews,M.Andrews,REG,BAL,ARI,Mark Andrews,AndrMa00,3.0,0.0,0.0,155.6
2019,REG,2,00-0025418,G.Olsen,TE,TE,CAR,8687,587d0a98-7ec5-45a5-adba-8af26e8f256b,9238.0,3647.0,58.0,gregolsen/2495700,10475.0,8285.0,,502524.0,OlseGr00,greg-olsen-1,5206.0,4190.0,,8285.0,230925.0,1658.0,,Greg Olsen,greg olsen,6,9,110.0,0,0.0,0.0,110.0,38.0,4.0,4.1473365,0,1.0,0.18367347,0.19963703,0.4152561,Greg Olsen,CAR,3.9042857142857135,2.5095937614910824,11.242222222222223,20.749764160616873,66.66666666666666,110.0,0.0,7.009999999999998,8.860048306286766,-1.8500483062867676,00-0025418,Gregory,Olsen,G.Olsen,REG,CAR,TB,Greg Olsen,OlseGr00,1.0,0.0,0.0,108.6
2019,REG,2,00-0030506,T.Kelce,TE,TE,KC,11244,c3859e06-5f23-4302-a71b-04820a899d5f,11594.0,7844.0,1466.0,traviskelce/2540258,15847.0,26686.0,,1725130.0,KelcTr00,travis-kelce-1,8783.0,8411.0,264.0,26686.0,448240.0,15048.0,448240.0,Travis Kelce,travis kelce,7,9,107.0,1,0.0,0.0,105.0,27.0,6.0,10.31174,0,1.0190476,0.20454545,0.18850988,0.4387751,Travis Kelce,KC,3.4111111111111114,2.71782961234538,12.719999999999997,21.60978556327393,77.77777777777779,107.0,1.0,3.8985714285714295,4.296405454970421,-0.3978340263989919,00-0030506,Travis,Kelce,T.Kelce,REG,KC,OAK,Travis Kelce,KelcTr00,0.0,1.0,0.111,153.2
2019,REG,2,00-0030061,Z.Ertz,TE,TE,PHI,11247,de3421f7-2147-4835-89a5-724e87bad463,11689.0,7816.0,1339.0,zachertz/2540158,15835.0,26658.0,,1685963.0,ErtzZa00,zach-ertz-1,8781.0,8409.0,305.0,26658.0,503177.0,14856.0,503177.0,Zach Ertz,zach ertz,8,16,72.0,0,0.0,0.0,140.0,12.0,2.0,-5.5300756,1,0.51428574,0.34042552,0.3181818,0.7333656,Zach Ertz,PHI,7.822666666666667,1.6721255346446382,8.3525,31.469140744578127,50.0,72.0,0.0,1.8725000000000014,1.9140128810962125,-0.041512881096211096,00-0030061,Zachary,Ertz,Z.Ertz,REG,PHI,ATL,Zach Ertz,ErtzZa00,0.0,1.0,0.063,36.5
2019,REG,2,00-0031610,D.Waller,TE,TE,LV,12263,14c97c9f-26e8-4944-9299-f90de6aeada3,14104.0,9637.0,2505.0,,2576925.0,28592.0,,1850793.0,WallDa01,darren-waller-1,10215.0,10433.0,,28592.0,600191.0,16964.0,600191.0,Darren Waller,darren waller,6,7,63.0,0,0.0,0.0,32.0,53.0,3.0,2.2214897,0,1.96875,0.1891892,0.13333334,0.37711713,Darren Waller,LV,5.936666666666667,4.718134722384269,4.0128571428571425,12.540738425822582,85.71428571428571,63.0,0.0,9.403333333333334,6.593763420892183,2.809569912441151,00-0031610,Darren,Waller,D.Waller,REG,OAK,KC,Darren Waller,WallDa01,2.0,0.0,0.0,104.2
2019,REG,2,00-0033288,G.Kittle,TE,TE,SF,13299,2ada91b0-036e-454f-83c3-6d939ff584a9,16499.0,11901.0,4217.0,,3040151.0,30259.0,,2818265.0,KittGe00,george-kittle-1,11892.0,12276.0,298.0,30259.0,733672.0,19063.0,733672.0,George Kittle,george kittle,3,3,54.0,0,0.0,0.0,22.0,32.0,2.0,3.6051223,0,2.4545455,0.115384616,0.11764706,0.25542986,,,,,,,,,,,,,,,,,REG,SF,CIN,George Kittle,KittGe00,0.0,0.0,0.0,118.7
2019,REG,2,00-0034159,W.Dissly,TE,TE,SEA,13763,383f4814-6836-4766-a297-fc063e8509cc,18049.0,30762.0,5010.0,,3127292.0,31090.0,,2139628.0,DissWi00,will-dissly-1,12986.0,13246.0,86.0,31090.0,837806.0,19950.0,837806.0,Will Dissly,will dissly,5,5,50.0,2,0.0,0.0,37.0,13.0,4.0,5.540096,0,1.3513514,0.14285715,0.14453125,0.31545758,Will Dissly,SEA,4.1466666666666665,3.270318175624465,6.101999999999999,12.875590817015532,100.0,50.0,2.0,3.964,2.1575571610088446,1.8064428389911553,00-0034159,Will,Dissly,W.Dissly,REG,SEA,PIT,Will Dissly,DissWi00,0.0,0.0,0.0,147.9
2019,REG,2,00-0033881,E.Engram,TE,TE,NYG,13189,e21365af-8d66-416e-b0a5-8816d18fcfd9,16411.0,11778.0,4066.0,,3051876.0,30136.0,,2079887.0,EngrEv00,evan-engram-1,11805.0,12205.0,229.0,30136.0,749185.0,18912.0,749185.0,Evan Engram,evan engram,6,8,48.0,0,0.0,0.0,60.0,9.0,2.0,-2.2616343,0,0.8,0.18181819,0.16713092,0.38971892,Evan Engram,NYG,5.37,3.6962996432416624,7.427500000000001,15.866488651535382,75.0,48.0,0.0,1.6666666666666654,4.36684125015654,-2.7001745834898747,00-0033881,Evan,Engram,E.Engram,REG,NYG,BUF,Evan Engram,EngrEv00,0.0,1.0,0.125,89.6
2019,REG,2,00-0024389,De.Walker,TE,TE,TEN,8416,ccce5e8e-52ca-4f0f-a40f-fe5e7227d156,9172.0,3120.0,284.0,delaniewalker/2495966,9761.0,7924.0,4353.0,1109396.0,WalkHu00,,4888.0,3976.0,,7924.0,218943.0,7175.0,,Delanie Walker,delanie walker,4,6,39.0,0,0.0,0.0,74.0,6.0,2.0,0.6078884,0,0.527027,0.23076923,0.5,0.6961538,Delanie Walker,TEN,5.8375,2.779326473515198,10.58,40.653218059558114,66.66666666666666,39.0,0.0,2.0999999999999996,1.7873458327778735,0.31265416722212613,00-0024389,Delanie,Walker,De.Walker,REG,TEN,IND,Delanie Walker,WalkHu00,0.0,0.0,0.0,84.7
2019,REG,2,00-0030470,V.McDonald,TE,TE,PIT,11257,8f24a248-b328-43ec-8677-67600e42a8f7,11699.0,7836.0,1587.0,vancemcdonald/2540215,15853.0,26678.0,,1673357.0,McDoVa00,vance-mcdonald-1,8785.0,8413.0,,26678.0,494969.0,15239.0,,Vance McDonald,vance mcdonald,7,7,38.0,2,0.0,0.0,12.0,26.0,2.0,2.6624994,0,3.1666667,0.20588236,0.04597701,0.34100744,Vance McDonald,PIT,4.2780000000000005,3.696559788359706,1.8200000000000003,4.946996466431096,100.0,38.0,2.0,4.27,3.2501841596778314,1.0198158403221682,00-0030470,Vance,McDonald,V.McDonald,REG,PIT,SEA,Vance McDonald,McDoVa00,0.0,0.0,0.0,128.9
2019,REG,2,00-0032392,A.Hooper,TE,TE,ATL,12677,90c2a93f-d837-4e1b-b57c-56648903a8db,15581.0,10715.0,3202.0,,3043275.0,29315.0,,2067004.0,HoopAu00,austin-hooper-1,10748.0,11301.0,384.0,29315.0,739424.0,17963.0,739424.0,Austin Hooper,austin hooper,4,6,34.0,0,0.0,0.0,27.0,20.0,2.0,-3.6789613,0,1.2592592,0.13953489,0.067669176,0.25667074,Austin Hooper,ATL,8.32,2.550763188032107,4.501666666666665,6.742891379783803,66.66666666666666,34.0,0.0,5.1750000000000025,4.945494754953984,0.22950524504601866,00-0032392,Austin,Hooper,A.Hooper,REG,ATL,PHI,Austin Hooper,HoopAu00,1.0,0.0,0.0,41.7
2019,REG,2,00-0029119,D.Carrier,TE,TE,LV,10940,d3fab07b-f02a-433d-9612-cb0a751f324d,11417.0,7406.0,1718.0,derekcarrier/2534241,15403.0,26416.0,,1977121.0,CarrDe00,,9203.0,7527.0,,26416.0,654887.0,15640.0,654887.0,Derek Carrier,derek carrier,3,5,33.0,0,0.0,0.0,48.0,18.0,1.0,0.7966321,0,0.6875,0.13513513,0.2,0.34270272,Derek Carrier,LV,3.31,3.1176150293146714,9.671999999999997,21.590249564712703,60.0,33.0,0.0,5.356666666666669,4.740560018736384,0.6161066479302848,00-0029119,Derek,Carrier,D.Carrier,REG,OAK,KC,Derek Carrier,CarrDe00,0.0,1.0,0.2,79.6
2019,REG,2,00-0031744,M.LaCosse,TE,TE,NE,12596,25e58aee-1b33-4468-9a81-6586426b91d5,14288.0,9840.0,2944.0,mattlacosse/2553667,2576179.0,28875.0,,2174931.0,,,10727.0,10980.0,,28875.0,606055.0,17415.0,606055.0,Matt LaCosse,matt lacosse,2,2,33.0,0,0.0,0.0,22.0,11.0,2.0,2.1885853,0,1.5,0.071428575,0.083333336,0.16547619,,,,,,,,,,,,,,,,,,,,,,,,,
2019,REG,2,00-0035644,N.Fant,TE,TE,DEN,14137,cdc98acc-9eb6-4b44-81bb-61d7b8a3b55f,17527.0,42388.0,5857.0,,4036131.0,31852.0,,2251095.0,FantNo00,noah-fant-1,13426.0,14050.0,243.0,31852.0,923911.0,20753.0,923911.0,Noah Fant,noah fant,4,4,33.0,0,0.0,0.0,29.0,4.0,3.0,3.3024247,0,1.137931,0.08,0.11553785,0.20087649,,,,,,,,,,,,,,,,,REG,DEN,CHI,Noah Fant,FantNo00,0.0,0.0,0.0,101.0
2019,REG,2,00-0024221,V.Davis,TE,TE,WAS,8247,0a95e792-6455-4927-9539-f95fa7f41fbb,9621.0,2951.0,200.0,vernondavis/2495826,9592.0,7755.0,,409254.0,DaviVe00,vernon-davis-1,4732.0,3638.0,,7755.0,215595.0,5084.0,,Vernon Davis,vernon davis,3,4,29.0,0,0.0,0.0,32.0,1.0,1.0,2.6512086,0,0.90625,0.10810811,0.14285715,0.26216215,,,,,,,,,,,,,,,,,REG,WAS,DAL,Vernon Davis,DaviVe00,0.0,0.0,0.0,94.8
2019,REG,2,00-0031951,J.O'Shaughnessy,TE,TE,JAX,12330,e5c6b0d4-3e77-422b-a6d8-574a10ed385e,14146.0,9606.0,2476.0,,2508079.0,28561.0,,2174148.0,O'ShJa00,,10249.0,10549.0,,28561.0,552352.0,16933.0,552352.0,James O'Shaughnessy,james oshaughnessy,4,4,28.0,0,0.0,0.0,3.0,25.0,1.0,2.1137834,0,9.333333,0.121212125,0.014150944,0.19172384,,,,,,,,,,,,,,,,,REG,JAX,HOU,James O'Shaughnessy,O'ShJa00,0.0,0.0,0.0,95.8
2019,REG,2,00-0022127,J.Witten,TE,TE,DAL,6997,e38c9b1b-7c51-48a2-ac1d-a752502e8930,9275.0,1384.0,23.0,jasonwitten/2505629,4527.0,6405.0,,396134.0,WittJa00,jason-witten-1,3086.0,1990.0,,6405.0,184571.0,722.0,,Jason Witten,jason witten,4,4,25.0,1,0.0,0.0,15.0,10.0,2.0,2.890882,0,1.6666666,0.13333334,0.05836576,0.24085604,,,,,,,,,,,,,,,,,REG,DAL,WAS,Jason Witten,WittJa00,0.0,0.0,0.0,132.3
2019,REG,2,00-0027061,J.Cook,TE,TE,NO,9474,3b7a1409-d154-4e5c-8c94-9d4a0e0993c7,9265.0,5012.0,367.0,jaredcook/71265,12537.0,9353.0,6126.0,584314.0,CookJa02,jared-cook-2,5981.0,5165.0,,9353.0,296480.0,8534.0,296480.0,Jared Cook,jared cook,2,7,25.0,0,0.0,0.0,62.0,8.0,2.0,-4.25894,0,0.4032258,0.21875,0.25941423,0.50971496,Jared Cook,NO,3.8485714285714283,2.3208238745053684,9.824285714285717,28.110693263570962,28.57142857142857,25.0,0.0,4.339999999999996,0.9161265938178076,3.4238734061821887,00-0027061,Jared,Cook,J.Cook,REG,NO,LA,Jared Cook,CookJa02,1.0,2.0,0.286,2.4
2019,REG,2,00-0031387,E.Ebron,TE,TE,IND,11695,9fbcfae9-dd14-415c-8952-9b1b5dff0dfc,12143.0,8645.0,2118.0,ericebron/2543466,16732.0,27538.0,,1865396.0,EbroEr00,eric-ebron-1,9210.0,9390.0,,27538.0,605752.0,16451.0,605752.0,Eric Ebron,eric ebron,3,4,25.0,1,0.0,0.0,14.0,16.0,2.0,3.3030834,0,1.7857143,0.15384616,0.11111111,0.30854702,,,,,,,,,,,,,,,,,REG,IND,TEN,Eric Ebron,EbroEr00,0.0,0.0,0.0,130.2
2019,REG,2,00-0034364,J.Akins,TE,TE,HOU,13753,0cb5a32a-a340-4671-ba2a-93f5fa6aee8d,17415.0,47050.0,5032.0,,3128452.0,31068.0,,2142712.0,AkinJo00,jordan-akins-1,12568.0,13238.0,,31068.0,838396.0,19903.0,838396.0,Jordan Akins,jordan akins,2,3,25.0,0,0.0,0.0,20.0,9.0,1.0,0.74177,0,1.25,0.10344828,0.053908356,0.19290826,,,,,,,,,,,,,,,,,REG,HOU,JAX,Jordan Akins,AkinJo00,0.0,0.0,0.0,92.4
2019,REG,2,00-0035631,D.Sample,TE,TE,CIN,14146,15a4f552-ecaf-45bd-9006-aa5dda93bee6,18561.0,47259.0,6001.0,,3127310.0,31884.0,,2139646.0,SampDr00,drew-sample-1,13809.0,14111.0,435.0,31884.0,837824.0,20931.0,837824.0,Drew Sample,drew sample,2,3,25.0,0,0.0,0.0,38.0,12.0,1.0,1.7263329,0,0.65789473,0.071428575,0.12063492,0.1915873,,,,,,,,,,,,,,,,,REG,CIN,SF,Drew Sample,SampDr00,0.0,0.0,0.0,92.4
2019,REG,2,00-0032661,B.Braunecker,TE,TE,CHI,12868,d76c8e95-7c6e-4def-9fd9-d813df18b3b8,15842.0,11335.0,3465.0,,2969241.0,29913.0,,1994904.0,BrauBe00,,10917.0,11587.0,,29913.0,679453.0,18229.0,,Ben Braunecker,ben braunecker,2,3,24.0,0,0.0,0.0,22.0,16.0,2.0,-0.04121202,0,1.0909091,0.11111111,0.10377359,0.23930818,,,,,,,,,,,,,,,,,REG,CHI,DEN,Ben Braunecker,BrauBe00,0.0,0.0,0.0,91.0
2019,REG,2,00-0033896,A.Shaheen,TE,TE,CHI,13254,87171077-4c1c-4b67-b159-2cc6242988e0,16457.0,11800.0,4085.0,,4198676.0,30158.0,,2818105.0,ShahAd00,,11898.0,12283.0,,30158.0,1049770.0,18931.0,1049770.0,Adam Shaheen,adam shaheen,3,3,24.0,0,0.0,0.0,7.0,17.0,1.0,2.5132127,0,3.4285715,0.11111111,0.03301887,0.18977988,,,,,,,,,,,,,,,,,REG,CHI,DEN,Adam Shaheen,ShahAd00,1.0,0.0,0.0,100.0
2019,REG,2,00-0034798,D.Smythe,TE,TE,MIA,13676,7e42a22a-c47b-4387-aeeb-2cc2e76dc1d8,17508.0,47257.0,5008.0,,3052897.0,31093.0,,2082845.0,SmytDu00,durham-smythe-1,12807.0,13249.0,,31093.0,749968.0,19943.0,749968.0,Durham Smythe,durham smythe,1,1,24.0,0,0.0,0.0,24.0,0.0,1.0,1.0230304,0,1.0,0.025641026,0.050209206,0.07360798,,,,,,,,,,,,,,,,,REG,MIA,NE,Durham Smythe,SmytDu00,0.0,0.0,0.0,118.7
2019,REG,2,00-0033658,B.Jarwin,TE,TE,DAL,13722,43e8a6ac-d451-4dbd-b145-797764f91494,16638.0,12320.0,4571.0,,2991767.0,30784.0,,2819999.0,JarwBl00,,12179.0,12507.0,,30784.0,711965.0,19457.0,711965.0,Blake Jarwin,blake jarwin,1,1,22.0,0,0.0,0.0,16.0,6.0,1.0,1.4675857,0,1.375,0.033333335,0.06225681,0.09357977,,,,,,,,,,,,,,,,,REG,DAL,WAS,Blake Jarwin,JarwBl00,0.0,0.0,0.0,118.7
2019,REG,2,00-0030181,J.Doyle,TE,TE,IND,11516,bd413539-9351-454e-9d61-4e8635d7e9f5,11987.0,8520.0,1706.0,jackdoyle/2540232,16504.0,27299.0,,2041264.0,DoylJa00,,9081.0,9075.0,,27299.0,477386.0,15602.0,477386.0,Jack Doyle,jack doyle,2,3,21.0,0,0.0,0.0,12.0,18.0,1.0,1.1057307,0,1.75,0.115384616,0.0952381,0.23974359,,,,,,,,,,,,,,,,,REG,IND,TEN,Jack Doyle,DoylJa00,0.0,0.0,0.0,86.8
2019,REG,2,00-0031558,M.Williams,TE,TE,ARI,12206,52f4a43a-64a9-4d69-a9e2-28bd60f68e49,13919.0,9488.0,2360.0,,2970726.0,28443.0,,1983769.0,WillMa04,maxx-williams-1,10128.0,10298.0,,28443.0,651658.0,16816.0,651658.0,Maxx Williams,maxx williams,1,1,21.0,0,0.0,0.0,18.0,3.0,1.0,2.2218661,0,1.1666666,0.027027028,0.06185567,0.083839506,,,,,,,,,,,,,,,,,REG,ARI,BAL,Maxx Williams,WillMa04,0.0,0.0,0.0,118.7
2019,REG,2,00-0032227,J.Heuerman,TE,TE,DEN,12208,1fe3aadd-336b-4838-888e-8c9609747afc,13961.0,9525.0,2397.0,jeffheuerman/2552399,2576389.0,28480.0,,1824413.0,HeueJe00,jeff-heuerman-1,10246.0,10492.0,,28480.0,593517.0,16853.0,,Jeff Heuerman,jeff heuerman,4,5,21.0,0,0.0,0.0,17.0,13.0,0.0,-0.7355601,0,1.2352941,0.1,0.067729086,0.19741036,Jeff Heuerman,DEN,8.033333333333333,3.440477436682818,3.220000000000001,6.348330113165888,80.0,21.0,0.0,3.5249999999999986,4.319543810306328,-0.7945438103063296,00-0032227,Jeff,Heuerman,J.Heuerman,REG,DEN,CHI,Jeff Heuerman,HeueJe00,0.0,0.0,0.0,84.2
2019,REG,2,00-0033110,T.Higbee,TE,TE,LA,12678,0df7912d-9e81-47ea-b4f7-d04986df4ee8,15623.0,10744.0,3271.0,,2573401.0,29344.0,,1853103.0,HigbTy00,tyler-higbee-1,10854.0,11430.0,159.0,29344.0,604176.0,18032.0,604176.0,Tyler Higbee,tyler higbee,2,3,21.0,0,0.0,0.0,31.0,9.0,1.0,-0.38586375,0,0.67741936,0.10714286,0.155,0.26921427,,,,,,,,,,,,,,,,,REG,LA,NO,Tyler Higbee,HigbTy00,0.0,0.0,0.0,86.8
2019,REG,2,00-0033895,G.Everett,TE,TE,LA,13236,ebeceb00-57e0-4b74-9cf7-853da2afed18,16459.0,11799.0,4089.0,,3918639.0,30157.0,,2142692.0,EverGe00,gerald-everett-1,11737.0,12284.0,55.0,30157.0,838487.0,18935.0,838487.0,Gerald Everett,gerald everett,3,4,21.0,0,0.0,0.0,6.0,14.0,2.0,0.9481059,0,3.5,0.14285715,0.03,0.23528571,,,,,,,,,,,,,,,,,REG,LA,NO,Gerald Everett,EverGe00,2.0,0.0,0.0,86.5
2019,REG,2,00-0032135,J.James,TE,TE,DET,12211,a37a5bfd-b48c-4d8b-817a-d8ce7ca3592d,13959.0,9593.0,2463.0,jessejames/2552633,2979590.0,28548.0,,1983808.0,JameJe00,jesse-james-1,10150.0,10403.0,,28548.0,652019.0,16920.0,652019.0,Jesse James,jesse james,3,4,18.0,0,0.0,0.0,26.0,16.0,1.0,-0.7130267,0,0.6923077,0.13333334,0.08387097,0.25870967,,,,,,,,,,,,,,,,,REG,DET,LAC,Jesse James,JameJe00,0.0,0.0,0.0,83.3
2019,REG,2,00-0035689,D.Knox,TE,TE,BUF,14143,5fb525c5-4e70-4ede-8c49-94ad0cf66b7d,18631.0,35883.0,5906.0,,3930086.0,31928.0,,2186345.0,KnoxDa00,dawson-knox-1,13466.0,13953.0,88.0,31928.0,884083.0,20850.0,884083.0,Dawson Knox,dawson knox,1,4,18.0,0,0.0,0.0,25.0,2.0,1.0,-0.58103037,0,0.72,0.14285715,0.09157509,0.2783883,,,,,,,,,,,,,,,,,REG,BUF,NYG,Dawson Knox,KnoxDa00,0.0,2.0,0.5,45.8
2019,REG,2,00-0031598,N.Boyle,TE,TE,BAL,12328,9480dd9f-151f-4e6d-b5a3-35f07bda4cac,13963.0,9604.0,2474.0,,2574591.0,28559.0,,1888149.0,BoylNi00,,10252.0,10547.0,,28559.0,608753.0,16931.0,608753.0,Nick Boyle,nick boyle,1,3,14.0,0,0.0,0.0,22.0,5.0,1.0,-0.11006414,0,0.6363636,0.08571429,0.0625,0.17232142,,,,,,,,,,,,,,,,,REG,BAL,ARI,Nick Boyle,BoylNi00,0.0,0.0,0.0,49.3
2019,REG,2,00-0032141,G.Swaim,TE,TE,JAX,12378,d0f9112d-2496-450a-9fc5-d2d01b4d2454,14164.0,9679.0,2545.0,geoffswaim/2553454,3046704.0,28634.0,,2174207.0,SwaiGe00,geoff-swaim-1,10507.0,10617.0,,28634.0,728021.0,17005.0,728021.0,Geoff Swaim,geoff swaim,3,4,14.0,0,0.0,0.0,21.0,10.0,0.0,-2.356138,0,0.6666667,0.121212125,0.0990566,0.2511578,,,,,,,,,,,,,,,,,REG,JAX,HOU,Geoff Swaim,SwaiGe00,0.0,0.0,0.0,79.2
2019,REG,2,00-0032394,N.Vannett,TE,TE,SEA,12680,c731aa8a-778b-4ccd-a19f-517eb66f47b7,15645.0,10728.0,3258.0,,2576399.0,29328.0,,1871322.0,VannNi00,nick-vannett-1,10949.0,11329.0,,29328.0,606488.0,18019.0,606488.0,Nick Vannett,nick vannett,1,1,13.0,0,0.0,0.0,13.0,0.0,1.0,1.8266113,0,1.0,0.028571429,0.05078125,0.07840402,,,,,,,,,,,,,,,,,REG,SEA,PIT,Nick Vannett,VannNi00,0.0,0.0,0.0,118.7
2019,REG,2,00-0033528,J.Sprinkle,TE,TE,WAS,13194,2dcc8e56-ac32-4774-a011-b1e65ca73786,16461.0,11909.0,4221.0,,2980073.0,30267.0,,1999945.0,SpriJe00,jeremy-sprinkle-1,11899.0,12368.0,,30267.0,693833.0,19067.0,693833.0,Jeremy Sprinkle,jeremy sprinkle,1,1,11.0,0,0.0,0.0,6.0,5.0,1.0,1.4744943,0,1.8333334,0.027027028,0.026785715,0.05929054,,,,,,,,,,,,,,,,,REG,WAS,DAL,Jeremy Sprinkle,SpriJe00,0.0,0.0,0.0,112.5
2019,REG,2,00-0034829,M.Gesicki,TE,TE,MIA,13672,1012cbe0-7eba-4169-bfca-183a0204e1a7,17272.0,47153.0,4993.0,,3116164.0,31012.0,,2139298.0,GesiMi00,mike-gesicki-1,12764.0,13104.0,330.0,31012.0,836152.0,19853.0,836152.0,Mike Gesicki,mike gesicki,1,2,11.0,0,0.0,0.0,11.0,3.0,0.0,-2.5745637,0,1.0,0.051282052,0.023012552,0.09303186,,,,,,,,,,,,,,,,,REG,MIA,NE,Mike Gesicki,GesiMi00,0.0,0.0,0.0,27.1
2019,REG,2,00-0031273,C.Brate,TE,TE,TB,12110,5afe93fd-0caf-4cca-83fc-7f405bebfa3e,13470.0,9207.0,2214.0,,17453.0,28267.0,,2132787.0,BratCa00,,10008.0,10193.0,,28267.0,552926.0,16593.0,552926.0,Cameron Brate,cameron brate,2,2,10.0,0,0.0,0.0,7.0,3.0,1.0,0.31263182,0,1.4285715,0.08,0.022950819,0.13606557,,,,,,,,,,,,,,,,,REG,TB,CAR,Cameron Brate,BratCa00,0.0,0.0,0.0,87.5
2019,REG,2,00-0027981,K.Rudolph,TE,TE,MIN,10312,1059e9dc-97df-4643-9116-883a0573d8b1,9906.0,6195.0,943.0,kylerudolph/2495438,14054.0,24830.0,7444.0,1633122.0,RudoKy00,kyle-rudolph-1,7246.0,6459.0,,24830.0,469472.0,13275.0,469472.0,Kyle Rudolph,kyle rudolph,3,4,9.0,0,0.0,0.0,14.0,8.0,1.0,-0.3214563,0,0.64285713,0.14814815,0.047457628,0.25544256,,,,,,,,,,,,,,,,,REG,MIN,GB,Kyle Rudolph,RudoKy00,1.0,0.0,0.0,77.1
2019,REG,2,00-0028142,V.Green,TE,TE,LAC,10432,6ef43c53-53d7-4b0f-ad99-17664d663ae8,10026.0,6356.0,868.0,virgilgreen/2495288,14085.0,24991.0,7502.0,1130615.0,GreeVi00,virgil-green-1,7416.0,6570.0,,24991.0,323254.0,13016.0,,Virgil Green,virgil green,1,2,9.0,0,0.0,0.0,7.0,6.0,0.0,-0.83147043,0,1.2857143,0.057142857,0.018867925,0.098921835,,,,,,,,,,,,,,,,,REG,LAC,DET,Virgil Green,GreeVi00,0.0,0.0,0.0,62.5
2019,REG,2,00-0029738,D.Fells,TE,TE,HOU,11337,54d4e35a-2e6c-48f6-86ad-92dd596c173c,13636.0,8549.0,1592.0,darrenfells/2540928,15773.0,26612.0,,2053740.0,FellDa01,,9758.0,8472.0,,26612.0,266414.0,15247.0,266414.0,Darren Fells,darren fells,1,3,9.0,0,0.0,0.0,30.0,7.0,1.0,0.16290624,0,0.3,0.10344828,0.08086254,0.21177618,,,,,,,,,,,,,,,,,REG,HOU,JAX,Darren Fells,FellDa01,0.0,0.0,0.0,42.4
2019,REG,2,00-0030549,T.Eifert,TE,TE,CIN,11250,14ecf9dd-3a77-4847-8e62-407cd1182f1c,11692.0,7802.0,1388.0,tylereifert/2540148,15788.0,26644.0,,1691608.0,EifeTy00,tyler-eifert-1,8782.0,8408.0,,26644.0,508968.0,14918.0,,Tyler Eifert,tyler eifert,3,5,9.0,1,0.0,0.0,43.0,6.0,1.0,-5.397489,0,0.20930232,0.11904762,0.13650794,0.27412698,Tyler Eifert,CIN,7.0625,3.737478961541872,8.84,14.579278952402937,60.0,9.0,1.0,2.413333333333334,2.1342092115907576,0.2791241217425764,00-0030549,Tyler,Eifert,T.Eifert,REG,CIN,SF,Tyler Eifert,EifeTy00,0.0,0.0,0.0,64.6
2019,REG,2,00-0028097,L.Smith,TE,TE,BUF,10398,cf23126f-055b-4617-819b-bb4bcb84541a,9992.0,6311.0,812.0,leesmith/2495347,14215.0,24946.0,7585.0,1276441.0,SmitLe00,lee-smith-2,7425.0,6665.0,,24946.0,334184.0,12777.0,334184.0,Lee Smith,lee smith,1,1,8.0,0,0.0,0.0,6.0,2.0,1.0,0.8485917,0,1.3333334,0.035714287,0.021978023,0.06895605,,,,,,,,,,,,,,,,,REG,BUF,NYG,Lee Smith,SmitLe00,0.0,0.0,0.0,100.0
2019,REG,2,00-0029587,R.Ellison,TE,TE,NYG,10838,cccc9f16-9508-434f-b7a4-9a29cb0cacf9,11315.0,7128.0,1211.0,rhettellison/2532835,15003.0,25838.0,,1244464.0,ElliRh00,rhett-ellison-1,8114.0,7580.0,,25838.0,399295.0,14445.0,,Rhett Ellison,rhett ellison,1,1,8.0,0,0.0,0.0,5.0,3.0,0.0,-0.24799536,0,1.6,0.022727273,0.013927577,0.04384021,,,,,,,,,,,,,,,,,REG,NYG,BUF,Rhett Ellison,ElliRh00,1.0,0.0,0.0,100.0
2019,REG,2,00-0031260,L.Thomas,TE,TE,DET,11647,b24625a0-d402-4d59-a778-aa4b073bfe5e,12095.0,8755.0,2251.0,loganthomas/2543767,16813.0,27648.0,,1691193.0,ThomLo00,logan-thomas-1,9323.0,9354.0,,27648.0,507528.0,16656.0,507528.0,Logan Thomas,logan thomas,1,1,7.0,0,0.0,0.0,5.0,2.0,0.0,-0.011186032,0,1.4,0.033333335,0.016129032,0.061290324,,,,,,,,,,,,,,,,,REG,DET,LAC,Logan Thomas,ThomLo00,0.0,0.0,0.0,95.8
2019,REG,2,00-0034393,T.Fumagalli,TE,TE,DEN,13673,579d92e6-ab4f-43e0-803f-b2d5a54d106a,17273.0,47333.0,5092.0,,3045264.0,31126.0,,2071777.0,FumaTr00,troy-fumagalli-2,12808.0,13270.0,,31126.0,742474.0,19973.0,742474.0,Troy Fumagalli,troy fumagalli,1,1,7.0,0,0.0,0.0,5.0,2.0,0.0,0.41600713,0,1.4,0.02,0.01992032,0.043944225,,,,,,,,,,,,,,,,,REG,DEN,CHI,Troy Fumagalli,FumaTr00,0.0,0.0,0.0,95.8
2019,REG,2,00-0035229,T.Hockenson,TE,TE,DET,14138,bd1120b6-38b3-4225-a4b0-20660a149d0d,18290.0,40912.0,5844.0,,4036133.0,31840.0,,2251097.0,HockTJ00,tj-hockenson-1,13610.0,14051.0,247.0,31840.0,923915.0,20805.0,923915.0,T.J. Hockenson,tj hockenson,1,3,7.0,0,0.0,0.0,20.0,0.0,0.0,-1.6745421,0,0.35,0.1,0.06451613,0.19516128,,,,,,,,,,,,,,,,,REG,DET,LAC,T.J. Hockenson,HockTJ00,0.0,0.0,0.0,42.4
2019,REG,2,00-0028112,C.Clay,TE,TE,ARI,10409,04ca4fb9-194e-47fe-8fc8-adb5790a8e78,10003.0,6326.0,801.0,charlesclay/2495139,14145.0,24961.0,,1265552.0,ClayCh00,charles-clay-1,7424.0,6681.0,,24961.0,400516.0,12751.0,,Charles Clay,charles clay,1,2,6.0,0,0.0,0.0,2.0,6.0,1.0,-0.68745035,0,3.0,0.054054055,0.0068728523,0.08589208,,,,,,,,,,,,,,,,,REG,ARI,BAL,Charles Clay,ClayCh00,0.0,0.0,0.0,56.2
2019,REG,2,00-0032117,N.O'Leary,TE,TE,MIA,12207,c257b2e6-dfc9-45c8-b30c-a497f2ce82a2,13957.0,9627.0,2495.0,,2576804.0,28582.0,,1860760.0,OLeaNi00,nick-oleary-1,10250.0,10568.0,,28582.0,605423.0,16954.0,,Nick O'Leary,nick oleary,1,1,6.0,0,0.0,0.0,3.0,3.0,0.0,0.4283352,0,2.0,0.025641026,0.0062761507,0.042854846,,,,,,,,,,,,,,,,,REG,MIA,NE,Nick O'Leary,OLeaNi00,0.0,0.0,0.0,91.7
2019,REG,2,00-0030710,T.Burton,TE,TE,CHI,11705,bc0f07a4-3e7b-4e61-987a-05533dc225be,12153.0,9185.0,1793.0,treyburton/2550284,16974.0,27789.0,,2130223.0,BurtTr01,,9490.0,9737.0,,27789.0,542788.0,15965.0,,Trey Burton,trey burton,2,3,5.0,0,0.0,0.0,2.0,2.0,0.0,-1.3723634,0,2.5,0.11111111,0.009433962,0.17327043,,,,,,,,,,,,,,,,,REG,CHI,DEN,Trey Burton,BurtTr01,0.0,1.0,0.333,70.1
2019,REG,2,00-0028042,L.Stocker,TE,TE,ATL,10354,5b712aed-201c-43dd-b978-b7b6ef91178e,9948.0,6256.0,963.0,lukestocker/2495234,14099.0,24891.0,7589.0,1125485.0,StocLu00,luke-stocker-1,7413.0,6552.0,,24891.0,334186.0,13370.0,334186.0,Luke Stocker,luke stocker,1,1,4.0,0,1.0,0.0,0.0,4.0,0.0,0.78613853,0,0.0,0.023255814,0.0,0.034883723,,,,,,,,,,,,,,,,,REG,ATL,PHI,Luke Stocker,StocLu00,0.0,0.0,0.0,83.3
2019,REG,2,00-0030155,D.Harris,TE,TE,CLE,11448,8506c15c-15cc-4d2c-aebf-270c605fe0ec,11881.0,8524.0,1619.0,demetriusharris/2541187,16318.0,27174.0,,2060074.0,HarrDe03,,9847.0,8683.0,,27174.0,602269.0,15305.0,602269.0,Demetrius Harris,demetrius harris,1,1,4.0,0,0.0,0.0,4.0,0.0,0.0,-0.04562257,0,1.0,0.03125,0.012345679,0.055516977,,,,,,,,,,,,,,,,,REG,CLE,NYJ,Demetrius Harris,HarrDe03,0.0,0.0,0.0,83.3
2019,REG,2,00-0034830,H.Hurst,TE,TE,BAL,13680,1b125fc4-5dd9-4eb9-a42f-048e61ca42b7,17283.0,47294.0,4973.0,,3924365.0,30995.0,,2185053.0,HursHa00,hayden-hurst-1,12467.0,13098.0,8.0,30995.0,881956.0,19843.0,881956.0,Hayden Hurst,hayden hurst,1,1,1.0,1,0.0,0.0,1.0,0.0,1.0,0.7791384,0,1.0,0.028571429,0.0028409092,0.04484578,,,,,,,,,,,,,,,,,REG,BAL,ARI,Hayden Hurst,HursHa00,0.0,0.0,0.0,118.7
2019,REG,2,00-0024243,M.Lewis,TE,TE,GB,8269,9c21e9af-681c-41ef-9b00-fbc9e1668ed1,9413.0,2973.0,111.0,marcedeslewis/2495888,9614.0,7777.0,4007.0,415313.0,LewiMa00,marcedes-lewis-1,4891.0,3615.0,,7777.0,214197.0,3061.0,214197.0,Marcedes Lewis,marcedes lewis,0,1,0.0,0,0.0,0.0,16.0,0.0,0.0,-0.6946956,0,0.0,0.032258064,0.06926407,0.09687194,,,,,,,,,,,,,,,,,REG,GB,MIN,Marcedes Lewis,LewiMa00,0.0,0.0,0.0,39.6
2019,REG,2,00-0027696,J.Graham,TE,TE,GB,9925,fd85786d-3900-4dc0-9b30-334ee30413ed,9712.0,5619.0,616.0,jimmygraham/497236,13232.0,24070.0,6610.0,1691166.0,GrahJi00,jimmy-graham-1,6532.0,5842.0,,24070.0,295918.0,11488.0,295918.0,Jimmy Graham,jimmy graham,0,1,0.0,0,0.0,0.0,3.0,0.0,0.0,-0.7658229,0,0.0,0.032258064,0.012987013,0.057478007,,,,,,,,,,,,,,,,,REG,GB,MIN,Jimmy Graham,GrahJi00,0.0,0.0,0.0,39.6
2019,REG,2,00-0030108,R.Griffin,TE,TE,NYJ,11399,cb1df42c-b59c-4e23-a9a2-fbfc2b39ef71,11830.0,7982.0,1425.0,ryangriffin/2541316,15887.0,26824.0,,2057695.0,GrifRy00,ryan-griffin-1,8911.0,8600.0,,26824.0,465129.0,14985.0,465129.0,Ryan Griffin,ryan griffin,0,1,0.0,0,0.0,0.0,8.0,0.0,0.0,-0.19268166,0,0.0,0.033333335,0.052287582,0.08660131,,,,,,,,,,,,,,,,,REG,NYJ,CLE,Ryan Griffin,GrifRy00,0.0,0.0,0.0,39.6
2019,REG,2,00-0031035,X.Grimble,TE,TE,PIT,11701,c9557ff2-899f-41e3-8a0e-35ca874db9b2,12149.0,9092.0,2082.0,xaviergrimble/2550521,17348.0,28184.0,,2130777.0,,,9283.0,9614.0,,28184.0,555680.0,16395.0,,Xavier Grimble,xavier grimble,0,1,0.0,0,0.0,0.0,4.0,0.0,0.0,-0.57895476,0,0.0,0.029411765,0.01532567,0.054845616,,,,,,,,,,,,,,,,,,,,,,,,,
2019,REG,2,00-0032062,B.Bell,TE,TE,KC,12213,0cc4e449-185a-4b08-9f07-c907ad0c3e05,13966.0,9550.0,2422.0,,2514206.0,28505.0,,1737101.0,BellBl00,blake-bell-1,10248.0,10366.0,,28505.0,542871.0,16878.0,542871.0,Blake Bell,blake bell,0,1,0.0,0,0.0,0.0,32.0,0.0,0.0,-0.3777416,0,0.0,0.022727273,0.05745063,0.07430635,,,,,,,,,,,,,,,,,REG,KC,OAK,Blake Bell,BellBl00,0.0,0.0,0.0,39.6
2019,REG,2,00-0033217,M.Alie-Cox,TE,TE,IND,13246,8809c0dd-786b-4255-a7d0-333c9498c19a,16579.0,12078.0,4054.0,moalie-cox/2558832,2998565.0,30112.0,,2815925.0,AlieMo00,,12196.0,12221.0,195.0,30112.0,712506.0,18900.0,712506.0,Mo Alie-Cox,mo alie-cox,0,1,0.0,0,0.0,0.0,5.0,0.0,0.0,-0.9493534,0,0.0,0.03846154,0.03968254,0.08547009,,,,,,,,,,,,,,,,,REG,IND,TEN,Mo Alie-Cox,AlieMo00,0.0,0.0,0.0,39.6
2019,REG,2,00-0033439,P.Brown,TE,TE,CLE,13994,6733b953-de77-44e5-acbf-c2d3a0940243,16937.0,12247.0,4443.0,,2971281.0,30627.0,,2819155.0,BrowPh01,,11887.0,12737.0,,30627.0,689689.0,19304.0,689689.0,Pharaoh Brown,pharaoh brown,0,1,0.0,0,0.0,0.0,14.0,0.0,0.0,-0.49319133,0,0.0,0.03125,0.043209877,0.07712191,,,,,,,,,,,,,,,,,REG,CLE,NYJ,Pharaoh Brown,BrowPh01,0.0,0.0,0.0,39.6
2019,REG,2,00-0033885,D.Njoku,TE,TE,CLE,13192,8f86fcea-90e8-49ea-bc78-5c7659313e57,16399.0,11784.0,4033.0,,3123076.0,30142.0,,2136474.0,NjokDa00,david-njoku-1,11734.0,12186.0,252.0,30142.0,832098.0,18876.0,832098.0,David Njoku,david njoku,0,1,0.0,0,0.0,0.0,3.0,0.0,0.0,-0.86358076,0,0.0,0.03125,0.009259259,0.05335648,,,,,,,,,,,,,,,,,REG,CLE,NYJ,David Njoku,NjokDa00,0.0,0.0,0.0,39.6
2019,REG,2,00-0035308,T.Sweeney,TE,TE,BUF,14294,ec63ee49-3a03-44ca-a083-3916f0bccd76,18325.0,47216.0,6137.0,,3122818.0,32060.0,,2139106.0,SweeTo00,tommy-sweeney-1,13667.0,14287.0,,32060.0,836094.0,20957.0,836094.0,Tommy Sweeney,tommy sweeney,0,1,0.0,0,0.0,0.0,1.0,0.0,0.0,-0.71585536,0,0.0,0.035714287,0.0036630037,0.05613553,,,,,,,,,,,,,,,,,REG,BUF,NYG,Tommy Sweeney,SweeTo00,0.0,0.0,0.0,39.6
2019,REG,2,00-0034970,I.Smith,TE,TE,MIN,14141,ed0e6a30-83d5-4f4b-bf49-f7ff80e21304,18610.0,42060.0,6126.0,,4040980.0,31882.0,,2257888.0,SmitIr01,irv-smith-jr-1,13583.0,14052.0,,31882.0,944428.0,20949.0,944428.0,Irv Smith,irv smith,1,2,-1.0,0,0.0,0.0,-3.0,1.0,0.0,-1.5076054,0,0.0,0.074074075,-0.010169491,0.10399247,,,,,,,,,,,,,,,,,REG,MIN,GB,Irv Smith Jr.,SmitIr01,0.0,0.0,0.0,56.2
2019,REG,3,00-0031610,D.Waller,TE,TE,LV,12263,14c97c9f-26e8-4944-9299-f90de6aeada3,14104.0,9637.0,2505.0,,2576925.0,28592.0,,1850793.0,WallDa01,darren-waller-1,10215.0,10433.0,,28592.0,600191.0,16964.0,600191.0,Darren Waller,darren waller,13,14,134.0,0,0.0,0.0,87.0,66.0,7.0,11.506191,0,1.5402299,0.42424244,0.43939394,0.9439394,Darren Waller,LV,8.288571428571428,4.475663527259722,6.005000000000002,46.276215115319005,92.85714285714286,134.0,0.0,5.2361538461538455,5.018792805478689,0.21736104067515694,00-0031610,Darren,Waller,D.Waller,REG,OAK,MIN,Darren Waller,WallDa01,0.0,1.0,0.071,106.5
2019,REG,3,00-0033881,E.Engram,TE,TE,NYG,13189,e21365af-8d66-416e-b0a5-8816d18fcfd9,16411.0,11778.0,4066.0,,3051876.0,30136.0,,2079887.0,EngrEv00,evan-engram-1,11805.0,12205.0,229.0,30136.0,749185.0,18912.0,749185.0,Evan Engram,evan engram,6,8,113.0,1,0.0,0.0,36.0,83.0,4.0,7.1288304,0,3.1388888,0.22222222,0.10344828,0.40574712,Evan Engram,NYG,3.424285714285714,3.122159015765904,4.4875,9.838851129138348,75.0,113.0,1.0,13.968333333333334,5.144595326352437,8.823738006980896,00-0033881,Evan,Engram,E.Engram,REG,NYG,TB,Evan Engram,EngrEv00,1.0,0.0,0.0,156.2
2019,REG,3,00-0030506,T.Kelce,TE,TE,KC,11244,c3859e06-5f23-4302-a71b-04820a899d5f,11594.0,7844.0,1466.0,traviskelce/2540258,15847.0,26686.0,,1725130.0,KelcTr00,travis-kelce-1,8783.0,8411.0,264.0,26686.0,448240.0,15048.0,448240.0,Travis Kelce,travis kelce,7,8,89.0,0,0.0,0.0,111.0,16.0,5.0,6.9082284,0,0.8018018,0.22857143,0.3762712,0.60624695,Travis Kelce,KC,3.6137499999999996,2.487139719069485,12.8575,33.638563673229115,87.5,89.0,0.0,3.3214285714285716,2.4393235252268823,0.8821050462016893,00-0030506,Travis,Kelce,T.Kelce,REG,KC,BAL,Travis Kelce,KelcTr00,0.0,0.0,0.0,113.0
2019,REG,3,00-0025418,G.Olsen,TE,TE,CAR,8687,587d0a98-7ec5-45a5-adba-8af26e8f256b,9238.0,3647.0,58.0,gregolsen/2495700,10475.0,8285.0,,502524.0,OlseGr00,greg-olsen-1,5206.0,4190.0,,8285.0,230925.0,1658.0,,Greg Olsen,greg olsen,6,7,75.0,2,0.0,0.0,77.0,15.0,6.0,9.045566,0,0.97402596,0.28,0.3598131,0.67186916,Greg Olsen,CAR,4.246666666666667,2.6199605527670977,11.331428571428573,34.5440292657434,85.71428571428571,75.0,2.0,3.608333333333332,3.146333530257986,0.46199980307534627,00-0025418,Gregory,Olsen,G.Olsen,REG,CAR,ARI,Greg Olsen,OlseGr00,0.0,0.0,0.0,150.9
2019,REG,3,00-0034364,J.Akins,TE,TE,HOU,13753,0cb5a32a-a340-4671-ba2a-93f5fa6aee8d,17415.0,47050.0,5032.0,,3128452.0,31068.0,,2142712.0,AkinJo00,jordan-akins-1,12568.0,13238.0,,31068.0,838396.0,19903.0,838396.0,Jordan Akins,jordan akins,3,5,73.0,2,0.0,0.0,48.0,47.0,2.0,6.4949355,0,1.5208334,0.14705883,0.1696113,0.33931616,Jordan Akins,HOU,5.8549999999999995,5.432841084340284,10.815999999999999,18.321645153640283,60.0,73.0,2.0,15.19,15.073490990932138,0.11650900906786177,00-0034364,Jordan,Akins,J.Akins,REG,HOU,LAC,Jordan Akins,AkinJo00,0.0,1.0,0.2,143.7
2019,REG,3,00-0035689,D.Knox,TE,TE,BUF,14143,5fb525c5-4e70-4ede-8c49-94ad0cf66b7d,18631.0,35883.0,5906.0,,3930086.0,31928.0,,2186345.0,KnoxDa00,dawson-knox-1,13466.0,13953.0,88.0,31928.0,884083.0,20850.0,884083.0,Dawson Knox,dawson knox,3,4,67.0,1,0.0,0.0,49.0,38.0,3.0,5.045098,0,1.3673469,0.121212125,0.16780822,0.29928392,,,,,,,,,,,,,,,,,REG,BUF,CIN,Dawson Knox,KnoxDa00,2.0,1.0,0.25,156.2
2019,REG,3,00-0032392,A.Hooper,TE,TE,ATL,12677,90c2a93f-d837-4e1b-b57c-56648903a8db,15581.0,10715.0,3202.0,,3043275.0,29315.0,,2067004.0,HoopAu00,austin-hooper-1,10748.0,11301.0,384.0,29315.0,739424.0,17963.0,739424.0,Austin Hooper,austin hooper,6,7,66.0,2,0.0,0.0,48.0,34.0,4.0,6.8666973,0,1.375,0.21212122,0.16724738,0.435255,Austin Hooper,ATL,6.218333333333333,3.9844304551787424,8.417142857142856,20.4377536508377,85.71428571428571,66.0,2.0,5.468333333333334,4.434544108603177,1.0337892247301568,00-0032392,Austin,Hooper,A.Hooper,REG,ATL,IND,Austin Hooper,HoopAu00,1.0,0.0,0.0,145.5
2019,REG,3,00-0033879,O.Howard,TE,TE,TB,13188,93ed8c6f-b676-46d3-bf82-6155e89b4a68,16380.0,11774.0,4055.0,,3043080.0,30132.0,,2061190.0,HowaO.00,oj-howard-1,11806.0,12161.0,,30132.0,732147.0,18901.0,732147.0,O.J. Howard,oj howard,3,4,66.0,0,0.0,0.0,79.0,8.0,3.0,4.9186153,0,0.835443,0.11111111,0.16737288,0.2838277,,,,,,,,,,,,,,,,,REG,TB,NYG,O.J. Howard,HowaO.00,0.0,0.0,0.0,116.7
2019,REG,3,00-0024389,De.Walker,TE,TE,TEN,8416,ccce5e8e-52ca-4f0f-a40f-fe5e7227d156,9172.0,3120.0,284.0,delaniewalker/2495966,9761.0,7924.0,4353.0,1109396.0,WalkHu00,,4888.0,3976.0,,7924.0,218943.0,7175.0,,Delanie Walker,delanie walker,7,9,64.0,0,0.0,0.0,64.0,22.0,3.0,1.9279635,0,1.0,0.23684211,0.15165877,0.4614243,Delanie Walker,TEN,7.565,3.3804352295024915,7.492222222222223,16.487358795051108,77.77777777777779,64.0,0.0,3.4171428571428586,4.330343205699917,-0.9132003485570581,00-0024389,Delanie,Walker,De.Walker,REG,TEN,JAX,Delanie Walker,WalkHu00,0.0,0.0,0.0,96.3
2019,REG,3,00-0030061,Z.Ertz,TE,TE,PHI,11247,de3421f7-2147-4835-89a5-724e87bad463,11689.0,7816.0,1339.0,zachertz/2540158,15835.0,26658.0,,1685963.0,ErtzZa00,zach-ertz-1,8781.0,8409.0,305.0,26658.0,503177.0,14856.0,503177.0,Zach Ertz,zach ertz,4,7,64.0,0,0.0,0.0,67.0,22.0,3.0,3.039619,0,0.95522386,0.19444445,0.1679198,0.40921053,Zach Ertz,PHI,6.106,3.153207536533706,8.977142857142857,15.928216566967457,57.14285714285714,64.0,0.0,6.902499999999998,5.079092276549773,1.8234077234502255,00-0030061,Zachary,Ertz,Z.Ertz,REG,PHI,DET,Zach Ertz,ErtzZa00,0.0,0.0,0.0,87.8
2019,REG,3,00-0034159,W.Dissly,TE,TE,SEA,13763,383f4814-6836-4766-a297-fc063e8509cc,18049.0,30762.0,5010.0,,3127292.0,31090.0,,2139628.0,DissWi00,will-dissly-1,12986.0,13246.0,86.0,31090.0,837806.0,19950.0,837806.0,Will Dissly,will dissly,6,7,62.0,1,0.0,0.0,66.0,18.0,3.0,6.3571134,0,0.93939394,0.1521739,0.123364486,0.31461602,Will Dissly,SEA,5.015000000000001,2.894899544267885,9.85,12.539099439877793,85.71428571428571,62.0,1.0,3.498333333333333,3.7362362678616896,-0.23790293452835654,00-0034159,Will,Dissly,W.Dissly,REG,SEA,NO,Will Dissly,DissWi00,0.0,0.0,0.0,143.2
2019,REG,3,00-0034970,I.Smith,TE,TE,MIN,14141,ed0e6a30-83d5-4f4b-bf49-f7ff80e21304,18610.0,42060.0,6126.0,,4040980.0,31882.0,,2257888.0,SmitIr01,irv-smith-jr-1,13583.0,14052.0,,31882.0,944428.0,20949.0,944428.0,Irv Smith,irv smith,3,3,60.0,0,0.0,0.0,32.0,28.0,2.0,2.7927163,0,1.875,0.15,0.33333334,0.45833334,,,,,,,,,,,,,,,,,REG,MIN,OAK,Irv Smith Jr.,SmitIr01,0.0,0.0,0.0,118.7
2019,REG,3,00-0031598,N.Boyle,TE,TE,BAL,12328,9480dd9f-151f-4e6d-b5a3-35f07bda4cac,13963.0,9604.0,2474.0,,2574591.0,28559.0,,1888149.0,BoylNi00,,10252.0,10547.0,,28559.0,608753.0,16931.0,608753.0,Nick Boyle,nick boyle,4,5,58.0,0,0.0,0.0,34.0,40.0,2.0,2.2110772,0,1.7058823,0.11627907,0.070393376,0.22369397,Nick Boyle,BAL,7.6925,5.344751134450749,6.452000000000001,6.540691780544179,80.0,58.0,0.0,10.169999999999998,9.499301930832871,0.6706980691671269,00-0031598,Nicholas,Boyle,N.Boyle,REG,BAL,KC,Nick Boyle,BoylNi00,0.0,0.0,0.0,115.0
2019,REG,3,00-0033288,G.Kittle,TE,TE,SF,13299,2ada91b0-036e-454f-83c3-6d939ff584a9,16499.0,11901.0,4217.0,,3040151.0,30259.0,,2818265.0,KittGe00,george-kittle-1,11892.0,12276.0,298.0,30259.0,733672.0,19063.0,733672.0,George Kittle,george kittle,6,8,57.0,0,0.0,0.0,38.0,26.0,3.0,2.3828583,0,1.5,0.2580645,0.152,0.49349678,George Kittle,SF,4.645714285714286,2.0831064374011974,5.80125,18.29686575990538,75.0,57.0,0.0,4.245000000000001,4.621678836726157,-0.376678836726156,00-0033288,George,Kittle,G.Kittle,REG,SF,PIT,George Kittle,KittGe00,0.0,0.0,0.0,94.3
2019,REG,3,00-0022127,J.Witten,TE,TE,DAL,6997,e38c9b1b-7c51-48a2-ac1d-a752502e8930,9275.0,1384.0,23.0,jasonwitten/2505629,4527.0,6405.0,,396134.0,WittJa00,jason-witten-1,3086.0,1990.0,,6405.0,184571.0,722.0,,Jason Witten,jason witten,3,4,54.0,0,0.0,0.0,42.0,22.0,2.0,5.3068395,0,1.2857143,0.13333334,0.114754096,0.28032786,,,,,,,,,,,,,,,,,REG,DAL,MIA,Jason Witten,WittJa00,0.0,0.0,0.0,116.7
2019,REG,3,00-0029738,D.Fells,TE,TE,HOU,11337,54d4e35a-2e6c-48f6-86ad-92dd596c173c,13636.0,8549.0,1592.0,darrenfells/2540928,15773.0,26612.0,,2053740.0,FellDa01,,9758.0,8472.0,,26612.0,266414.0,15247.0,266414.0,Darren Fells,darren fells,5,6,49.0,1,0.0,0.0,32.0,21.0,2.0,4.557613,0,1.53125,0.1764706,0.113074206,0.34385782,Darren Fells,HOU,5.342499999999999,3.459865455847846,5.953333333333333,12.101500830030156,83.33333333333334,49.0,1.0,4.282000000000001,4.248009768266252,0.03399023173374882,00-0029738,Darren,Fells,D.Fells,REG,HOU,LAC,Darren Fells,FellDa01,0.0,1.0,0.167,140.3
2019,REG,3,00-0031387,E.Ebron,TE,TE,IND,11695,9fbcfae9-dd14-415c-8952-9b1b5dff0dfc,12143.0,8645.0,2118.0,ericebron/2543466,16732.0,27538.0,,1865396.0,EbroEr00,eric-ebron-1,9210.0,9390.0,,27538.0,605752.0,16451.0,605752.0,Eric Ebron,eric ebron,3,4,47.0,0,0.0,0.0,46.0,19.0,2.0,3.6091673,0,1.0217391,0.11111111,0.22660099,0.32528734,,,,,,,,,,,,,,,,,REG,IND,ATL,Eric Ebron,EbroEr00,0.0,0.0,0.0,113.5
2019,REG,3,00-0030181,J.Doyle,TE,TE,IND,11516,bd413539-9351-454e-9d61-4e8635d7e9f5,11987.0,8520.0,1706.0,jackdoyle/2540232,16504.0,27299.0,,2041264.0,DoylJa00,,9081.0,9075.0,,27299.0,477386.0,15602.0,477386.0,Jack Doyle,jack doyle,4,4,46.0,0,0.0,0.0,14.0,32.0,3.0,3.568295,0,3.2857144,0.11111111,0.06896552,0.21494253,,,,,,,,,,,,,,,,,REG,IND,ATL,Jack Doyle,DoylJa00,0.0,0.0,0.0,114.6
2019,REG,3,00-0034439,R.Izzo,TE,TE,NE,13847,40b8fa44-b289-42dd-9606-a1ae30adc7bc,17541.0,47327.0,5094.0,,3122920.0,31127.0,,2138988.0,IzzoRy00,ryan-izzo-1,12529.0,13349.0,,31220.0,834990.0,20069.0,834990.0,Ryan Izzo,ryan izzo,1,1,41.0,0,0.0,0.0,7.0,34.0,1.0,2.8804648,0,5.857143,0.023255814,0.022508038,0.050639346,,,,,,,,,,,,,,,,,REG,NE,NYJ,Ryan Izzo,IzzoRy00,0.0,0.0,0.0,118.7
2019,REG,3,00-0035644,N.Fant,TE,TE,DEN,14137,cdc98acc-9eb6-4b44-81bb-61d7b8a3b55f,17527.0,42388.0,5857.0,,4036131.0,31852.0,,2251095.0,FantNo00,noah-fant-1,13426.0,14050.0,243.0,31852.0,923911.0,20753.0,923911.0,Noah Fant,noah fant,3,3,37.0,0,1.0,1.0,20.0,17.0,2.0,-1.1259159,0,1.85,0.10714286,0.15151516,0.2667749,,,,,,,,,,,,,,,,,REG,DEN,GB,Noah Fant,FantNo00,0.0,0.0,0.0,118.1
2019,REG,3,00-0024221,V.Davis,TE,TE,WAS,8247,0a95e792-6455-4927-9539-f95fa7f41fbb,9621.0,2951.0,200.0,vernondavis/2495826,9592.0,7755.0,,409254.0,DaviVe00,vernon-davis-1,4732.0,3638.0,,7755.0,215595.0,5084.0,,Vernon Davis,vernon davis,2,4,30.0,0,0.0,0.0,34.0,24.0,2.0,-5.770175,0,0.88235295,0.0952381,0.13492064,0.23730159,,,,,,,,,,,,,,,,,REG,WAS,CHI,Vernon Davis,DaviVe00,0.0,0.0,0.0,35.4
2019,REG,3,00-0033217,M.Alie-Cox,TE,TE,IND,13246,8809c0dd-786b-4255-a7d0-333c9498c19a,16579.0,12078.0,4054.0,moalie-cox/2558832,2998565.0,30112.0,,2815925.0,AlieMo00,,12196.0,12221.0,195.0,30112.0,712506.0,18900.0,712506.0,Mo Alie-Cox,mo alie-cox,2,2,25.0,0,0.0,0.0,4.0,21.0,1.0,2.762804,0,6.25,0.055555556,0.019704433,0.09712644,,,,,,,,,,,,,,,,,REG,IND,ATL,Mo Alie-Cox,AlieMo00,0.0,0.0,0.0,118.7
2019,REG,3,00-0030710,T.Burton,TE,TE,CHI,11705,bc0f07a4-3e7b-4e61-987a-05533dc225be,12153.0,9185.0,1793.0,treyburton/2550284,16974.0,27789.0,,2130223.0,BurtTr01,,9490.0,9737.0,,27789.0,542788.0,15965.0,,Trey Burton,trey burton,4,4,20.0,0,0.0,0.0,6.0,14.0,2.0,-0.10755463,0,3.3333333,0.12903225,0.037037037,0.21947432,,,,,,,,,,,,,,,,,REG,CHI,WAS,Trey Burton,BurtTr01,0.0,0.0,0.0,87.5
2019,REG,3,00-0032227,J.Heuerman,TE,TE,DEN,12208,1fe3aadd-336b-4838-888e-8c9609747afc,13961.0,9525.0,2397.0,jeffheuerman/2552399,2576389.0,28480.0,,1824413.0,HeueJe00,jeff-heuerman-1,10246.0,10492.0,,28480.0,593517.0,16853.0,,Jeff Heuerman,jeff heuerman,2,2,20.0,0,0.0,0.0,7.0,13.0,2.0,1.7496431,0,2.857143,0.071428575,0.053030305,0.14426407,,,,,,,,,,,,,,,,,REG,DEN,GB,Jeff Heuerman,HeueJe00,1.0,0.0,0.0,108.3
2019,REG,3,00-0033858,J.Smith,TE,TE,TEN,13193,e4f25a37-74de-4bfb-b6c9-f50a4fab0b87,16460.0,11855.0,4144.0,,3054212.0,30213.0,,2081506.0,SmitJo01,jonnu-smith-1,11807.0,12344.0,84.0,30213.0,743749.0,18990.0,743749.0,Jonnu Smith,jonnu smith,2,3,20.0,0,0.0,0.0,14.0,8.0,1.0,0.9903339,0,1.4285715,0.078947365,0.033175357,0.1416438,,,,,,,,,,,,,,,,,REG,TEN,JAX,Jonnu Smith,SmitJo01,0.0,0.0,0.0,85.4
2019,REG,3,00-0024243,M.Lewis,TE,TE,GB,8269,9c21e9af-681c-41ef-9b00-fbc9e1668ed1,9413.0,2973.0,111.0,marcedeslewis/2495888,9614.0,7777.0,4007.0,415313.0,LewiMa00,marcedes-lewis-1,4891.0,3615.0,,7777.0,214197.0,3061.0,214197.0,Marcedes Lewis,marcedes lewis,1,2,19.0,0,0.0,0.0,5.0,13.0,1.0,0.6504125,0,3.8,0.074074075,0.02008032,0.12516734,,,,,,,,,,,,,,,,,REG,GB,DEN,Marcedes Lewis,LewiMa00,0.0,0.0,0.0,83.3
2019,REG,3,00-0032117,N.O'Leary,TE,TE,MIA,12207,c257b2e6-dfc9-45c8-b30c-a497f2ce82a2,13957.0,9627.0,2495.0,,2576804.0,28582.0,,1860760.0,OLeaNi00,nick-oleary-1,10250.0,10568.0,,28582.0,605423.0,16954.0,,Nick O'Leary,nick oleary,1,1,19.0,0,0.0,0.0,9.0,10.0,1.0,1.205293,0,2.1111112,0.024390243,0.023136247,0.05278074,,,,,,,,,,,,,,,,,REG,MIA,DAL,Nick O'Leary,OLeaNi00,0.0,0.0,0.0,118.7
2019,REG,3,00-0033528,J.Sprinkle,TE,TE,WAS,13194,2dcc8e56-ac32-4774-a011-b1e65ca73786,16461.0,11909.0,4221.0,,2980073.0,30267.0,,1999945.0,SpriJe00,jeremy-sprinkle-1,11899.0,12368.0,,30267.0,693833.0,19067.0,693833.0,Jeremy Sprinkle,jeremy sprinkle,2,4,19.0,0,0.0,0.0,35.0,6.0,1.0,-0.12842147,0,0.54285717,0.0952381,0.1388889,0.24007936,,,,,,,,,,,,,,,,,REG,WAS,CHI,Jeremy Sprinkle,SpriJe00,0.0,2.0,0.5,63.5
2019,REG,3,00-0030549,T.Eifert,TE,TE,CIN,11250,14ecf9dd-3a77-4847-8e62-407cd1182f1c,11692.0,7802.0,1388.0,tylereifert/2540148,15788.0,26644.0,,1691608.0,EifeTy00,tyler-eifert-1,8782.0,8408.0,,26644.0,508968.0,14918.0,,Tyler Eifert,tyler eifert,1,1,18.0,0,0.0,0.0,17.0,1.0,1.0,2.2506647,0,1.0588236,0.029411765,0.05944056,0.08572604,,,,,,,,,,,,,,,,,REG,CIN,BUF,Tyler Eifert,EifeTy00,0.0,0.0,0.0,118.7
2019,REG,3,00-0031951,J.O'Shaughnessy,TE,TE,JAX,12330,e5c6b0d4-3e77-422b-a6d8-574a10ed385e,14146.0,9606.0,2476.0,,2508079.0,28561.0,,2174148.0,O'ShJa00,,10249.0,10549.0,,28561.0,552352.0,16933.0,552352.0,James O'Shaughnessy,james oshaughnessy,2,3,18.0,1,0.0,0.0,9.0,10.0,2.0,0.8666534,0,2.0,0.1,0.04225352,0.17957747,,,,,,,,,,,,,,,,,REG,JAX,TEN,James O'Shaughnessy,O'ShJa00,1.0,0.0,0.0,122.2
2019,REG,3,00-0031260,L.Thomas,TE,TE,DET,11647,b24625a0-d402-4d59-a778-aa4b073bfe5e,12095.0,8755.0,2251.0,loganthomas/2543767,16813.0,27648.0,,1691193.0,ThomLo00,logan-thomas-1,9323.0,9354.0,,27648.0,507528.0,16656.0,507528.0,Logan Thomas,logan thomas,1,1,15.0,0,0.0,0.0,14.0,1.0,1.0,1.3362901,0,1.0714285,0.03125,0.045751635,0.07890114,,,,,,,,,,,,,,,,,REG,DET,PHI,Logan Thomas,ThomLo00,0.0,0.0,0.0,118.7
2019,REG,3,00-0033895,G.Everett,TE,TE,LA,13236,ebeceb00-57e0-4b74-9cf7-853da2afed18,16459.0,11799.0,4089.0,,3918639.0,30157.0,,2142692.0,EverGe00,gerald-everett-1,11737.0,12284.0,55.0,30157.0,838487.0,18935.0,838487.0,Gerald Everett,gerald everett,2,2,15.0,0,0.0,0.0,11.0,4.0,1.0,1.0040662,0,1.3636364,0.05263158,0.028205128,0.09869096,,,,,,,,,,,,,,,,,REG,LA,CLE,Gerald Everett,EverGe00,2.0,0.0,0.0,97.9
2019,REG,3,00-0034753,M.Andrews,TE,TE,BAL,13671,0618f387-9b72-4270-8b8f-dec4cccc9e4a,17269.0,47436.0,5012.0,,3116365.0,31056.0,,2131121.0,AndrMa00,mark-andrews-1,12559.0,13182.0,366.0,31056.0,820699.0,19803.0,820699.0,Mark Andrews,mark andrews,3,7,15.0,0,0.0,0.0,55.0,3.0,1.0,-1.4086369,0,0.27272728,0.1627907,0.113871634,0.3238962,Mark Andrews,BAL,8.375,1.6818143013786748,10.317142857142857,14.642553018936782,42.857142857142854,15.0,0.0,0.22666666666666538,0.6287364231338112,-0.4020697564671458,00-0034753,Mark,Andrews,M.Andrews,REG,BAL,KC,Mark Andrews,AndrMa00,0.0,0.0,0.0,50.3
2019,REG,3,00-0033611,R.Seals-Jones,TE,TE,CLE,13382,52735659-a294-4f64-a7f4-3591450834e5,16730.0,12020.0,4531.0,,3051806.0,30494.0,,2080003.0,SealRi00,,11876.0,12463.0,,30494.0,744568.0,19410.0,744568.0,Ricky Seals-Jones,ricky seals-jones,1,2,14.0,0,0.0,0.0,26.0,2.0,0.0,0.5917298,0,0.53846157,0.05882353,0.10699589,0.16313241,,,,,,,,,,,,,,,,,REG,CLE,LA,Ricky Seals-Jones,SealRi00,0.0,0.0,0.0,72.9
2019,REG,3,00-0034830,H.Hurst,TE,TE,BAL,13680,1b125fc4-5dd9-4eb9-a42f-048e61ca42b7,17283.0,47294.0,4973.0,,3924365.0,30995.0,,2185053.0,HursHa00,hayden-hurst-1,12467.0,13098.0,8.0,30995.0,881956.0,19843.0,881956.0,Hayden Hurst,hayden hurst,2,5,14.0,0,0.0,0.0,72.0,6.0,1.0,-1.5007533,0,0.19444445,0.11627907,0.14906833,0.27876642,Hayden Hurst,BAL,7.640000000000001,2.6381020841397422,16.278000000000002,16.501763918738092,40.0,14.0,0.0,3.2449999999999974,2.6551726216180214,0.5898273783819761,00-0034830,Hayden,Hurst,H.Hurst,REG,BAL,KC,Hayden Hurst,HursHa00,0.0,0.0,0.0,47.9
2019,REG,3,00-0027985,L.Kendricks,TE,TE,LAC,10318,27921351-a775-4649-bd49-7b4c486d1ba2,9912.0,6199.0,964.0,lancekendricks/2495187,14007.0,24834.0,7425.0,1117803.0,KendLa00,lance-kendricks-1,7412.0,6614.0,,24834.0,332066.0,13386.0,,Lance Kendricks,lance kendricks,1,2,13.0,0,0.0,0.0,32.0,0.0,1.0,0.7718981,0,0.40625,0.04347826,0.067940556,0.11277578,,,,,,,,,,,,,,,,,REG,LAC,HOU,Lance Kendricks,KendLa00,0.0,0.0,0.0,70.8
2019,REG,3,00-0032135,J.James,TE,TE,DET,12211,a37a5bfd-b48c-4d8b-817a-d8ce7ca3592d,13959.0,9593.0,2463.0,jessejames/2552633,2979590.0,28548.0,,1983808.0,JameJe00,jesse-james-1,10150.0,10403.0,,28548.0,652019.0,16920.0,652019.0,Jesse James,jesse james,1,1,13.0,0,0.0,0.0,13.0,0.0,1.0,1.7811329,0,1.0,0.03125,0.04248366,0.07661356,,,,,,,,,,,,,,,,,REG,DET,PHI,Jesse James,JameJe00,0.0,0.0,0.0,118.7
2019,REG,3,00-0028042,L.Stocker,TE,TE,ATL,10354,5b712aed-201c-43dd-b978-b7b6ef91178e,9948.0,6256.0,963.0,lukestocker/2495234,14099.0,24891.0,7589.0,1125485.0,StocLu00,luke-stocker-1,7413.0,6552.0,,24891.0,334186.0,13370.0,334186.0,Luke Stocker,luke stocker,3,4,12.0,0,0.0,0.0,32.0,5.0,0.0,-4.926848,0,0.375,0.121212125,0.11149826,0.25986695,,,,,,,,,,,,,,,,,REG,ATL,IND,Luke Stocker,StocLu00,0.0,0.0,0.0,37.5
2019,REG,3,00-0027981,K.Rudolph,TE,TE,MIN,10312,1059e9dc-97df-4643-9116-883a0573d8b1,9906.0,6195.0,943.0,kylerudolph/2495438,14054.0,24830.0,7444.0,1633122.0,RudoKy00,kyle-rudolph-1,7246.0,6459.0,,24830.0,469472.0,13275.0,469472.0,Kyle Rudolph,kyle rudolph,1,1,11.0,0,0.0,0.0,-3.0,14.0,1.0,1.5548145,0,0.0,0.05,-0.03125,0.053125,,,,,,,,,,,,,,,,,REG,MIN,OAK,Kyle Rudolph,RudoKy00,0.0,0.0,0.0,112.5
2019,REG,3,00-0030470,V.McDonald,TE,TE,PIT,11257,8f24a248-b328-43ec-8677-67600e42a8f7,11699.0,7836.0,1587.0,vancemcdonald/2540215,15853.0,26678.0,,1673357.0,McDoVa00,vance-mcdonald-1,8785.0,8413.0,,26678.0,494969.0,15239.0,,Vance McDonald,vance mcdonald,1,2,10.0,0,0.0,0.0,14.0,15.0,1.0,-0.18043287,0,0.71428573,0.07692308,0.08974359,0.17820513,,,,,,,,,,,,,,,,,REG,PIT,SF,Vance McDonald,McDoVa00,0.0,0.0,0.0,64.6
2019,REG,3,00-0028112,C.Clay,TE,TE,ARI,10409,04ca4fb9-194e-47fe-8fc8-adb5790a8e78,10003.0,6326.0,801.0,charlesclay/2495139,14145.0,24961.0,,1265552.0,ClayCh00,charles-clay-1,7424.0,6681.0,,24961.0,400516.0,12751.0,,Charles Clay,charles clay,1,1,9.0,0,0.0,0.0,4.0,5.0,1.0,0.56580967,0,2.25,0.023809524,0.017699115,0.048103668,,,,,,,,,,,,,,,,,REG,ARI,CAR,Charles Clay,ClayCh00,0.0,0.0,0.0,104.2
2019,REG,3,00-0032394,N.Vannett,TE,TE,SEA,12680,c731aa8a-778b-4ccd-a19f-517eb66f47b7,15645.0,10728.0,3258.0,,2576399.0,29328.0,,1871322.0,VannNi00,nick-vannett-1,10949.0,11329.0,,29328.0,606488.0,18019.0,606488.0,Nick Vannett,nick vannett,1,2,9.0,0,0.0,0.0,20.0,0.0,0.0,-0.5673982,0,0.45,0.04347826,0.037383176,0.09138562,,,,,,,,,,,,,,,,,REG,SEA,NO,Nick Vannett,VannNi00,0.0,0.0,0.0,62.5
2019,REG,3,00-0034829,M.Gesicki,TE,TE,MIA,13672,1012cbe0-7eba-4169-bfca-183a0204e1a7,17272.0,47153.0,4993.0,,3116164.0,31012.0,,2139298.0,GesiMi00,mike-gesicki-1,12764.0,13104.0,330.0,31012.0,836152.0,19853.0,836152.0,Mike Gesicki,mike gesicki,3,3,9.0,0,0.0,0.0,5.0,4.0,0.0,-3.0455246,0,1.8,0.07317073,0.012853471,0.11875353,,,,,,,,,,,,,,,,,REG,MIA,DAL,Mike Gesicki,GesiMi00,0.0,0.0,0.0,79.2
2019,REG,3,00-0032141,G.Swaim,TE,TE,JAX,12378,d0f9112d-2496-450a-9fc5-d2d01b4d2454,14164.0,9679.0,2545.0,geoffswaim/2553454,3046704.0,28634.0,,2174207.0,SwaiGe00,geoff-swaim-1,10507.0,10617.0,,28634.0,728021.0,17005.0,728021.0,Geoff Swaim,geoff swaim,1,2,8.0,0,0.0,0.0,6.0,6.0,0.0,-0.96853644,0,1.3333334,0.06666667,0.028169014,0.11971831,,,,,,,,,,,,,,,,,REG,JAX,TEN,Geoff Swaim,SwaiGe00,0.0,0.0,0.0,60.4
2019,REG,3,00-0027061,J.Cook,TE,TE,NO,9474,3b7a1409-d154-4e5c-8c94-9d4a0e0993c7,9265.0,5012.0,367.0,jaredcook/71265,12537.0,9353.0,6126.0,584314.0,CookJa02,jared-cook-2,5981.0,5165.0,,9353.0,296480.0,8534.0,296480.0,Jared Cook,jared cook,1,2,7.0,0,0.0,0.0,22.0,0.0,0.0,-0.96750265,0,0.3181818,0.074074075,0.23157895,0.27321637,,,,,,,,,,,,,,,,,REG,NO,SEA,Jared Cook,CookJa02,0.0,1.0,0.5,58.3
2019,REG,3,00-0031273,C.Brate,TE,TE,TB,12110,5afe93fd-0caf-4cca-83fc-7f405bebfa3e,13470.0,9207.0,2214.0,,17453.0,28267.0,,2132787.0,BratCa00,,10008.0,10193.0,,28267.0,552926.0,16593.0,552926.0,Cameron Brate,cameron brate,2,2,7.0,0,0.0,0.0,6.0,1.0,1.0,0.3438077,0,1.1666666,0.055555556,0.012711864,0.09223164,,,,,,,,,,,,,,,,,REG,TB,NYG,Cameron Brate,BratCa00,0.0,0.0,0.0,70.1
2019,REG,3,00-0033896,A.Shaheen,TE,TE,CHI,13254,87171077-4c1c-4b67-b159-2cc6242988e0,16457.0,11800.0,4085.0,,4198676.0,30158.0,,2818105.0,ShahAd00,,11898.0,12283.0,,30158.0,1049770.0,18931.0,1049770.0,Adam Shaheen,adam shaheen,1,1,7.0,0,0.0,0.0,6.0,1.0,0.0,0.30886775,0,1.1666666,0.032258064,0.037037037,0.07431302,,,,,,,,,,,,,,,,,REG,CHI,WAS,Adam Shaheen,ShahAd00,0.0,0.0,0.0,95.8
2019,REG,3,00-0030108,R.Griffin,TE,TE,NYJ,11399,cb1df42c-b59c-4e23-a9a2-fbfc2b39ef71,11830.0,7982.0,1425.0,ryangriffin/2541316,15887.0,26824.0,,2057695.0,GrifRy00,ryan-griffin-1,8911.0,8600.0,,26824.0,465129.0,14985.0,465129.0,Ryan Griffin,ryan griffin,1,1,5.0,0,0.0,0.0,2.0,3.0,0.0,-0.068567045,0,2.5,0.045454547,0.013793103,0.07783699,,,,,,,,,,,,,,,,,REG,NYJ,NE,Ryan Griffin,GrifRy00,0.0,0.0,0.0,87.5
2019,REG,3,00-0030216,J.Hill,TE,TE,NO,11529,687cdc33-bd0d-4b70-adb3-33f97dc26a3c,13565.0,8200.0,1777.0,joshhill/2541834,16143.0,26950.0,,2060083.0,HillJo02,,9071.0,8764.0,,26950.0,469509.0,15866.0,,Josh Hill,josh hill,1,2,4.0,0,0.0,0.0,11.0,4.0,0.0,-0.9869516,0,0.36363637,0.074074075,0.11578947,0.19216374,,,,,,,,,,,,,,,,,REG,NO,SEA,Josh Hill,HillJo02,0.0,0.0,0.0,56.2
2019,REG,3,00-0033757,R.Tonyan,TE,TE,GB,13427,7c9c7800-69d0-459b-812b-a07ac48e9f2a,16502.0,12193.0,4602.0,,2975674.0,30777.0,,2820026.0,TonyRo00,,12389.0,12868.0,,30777.0,660151.0,19491.0,660151.0,Robert Tonyan,robert tonyan,1,3,4.0,0,0.0,0.0,49.0,3.0,0.0,-2.4236116,0,0.08163265,0.11111111,0.19678715,0.30441767,,,,,,,,,,,,,,,,,REG,GB,DEN,Robert Tonyan,TonyRo00,0.0,0.0,0.0,42.4
2019,REG,3,00-0029587,R.Ellison,TE,TE,NYG,10838,cccc9f16-9508-434f-b7a4-9a29cb0cacf9,11315.0,7128.0,1211.0,rhettellison/2532835,15003.0,25838.0,,1244464.0,ElliRh00,rhett-ellison-1,8114.0,7580.0,,25838.0,399295.0,14445.0,,Rhett Ellison,rhett ellison,1,1,3.0,0,0.0,0.0,3.0,0.0,0.0,-0.17481472,0,1.0,0.027777778,0.00862069,0.04770115,,,,,,,,,,,,,,,,,REG,NYG,TB,Rhett Ellison,ElliRh00,0.0,0.0,0.0,79.2
2019,REG,3,00-0031035,X.Grimble,TE,TE,PIT,11701,c9557ff2-899f-41e3-8a0e-35ca874db9b2,12149.0,9092.0,2082.0,xaviergrimble/2550521,17348.0,28184.0,,2130777.0,,,9283.0,9614.0,,28184.0,555680.0,16395.0,,Xavier Grimble,xavier grimble,1,2,3.0,0,0.0,0.0,5.0,2.0,0.0,-1.2039222,0,0.6,0.07692308,0.032051284,0.13782051,,,,,,,,,,,,,,,,,,,,,,,,,
2019,REG,3,00-0033658,B.Jarwin,TE,TE,DAL,13722,43e8a6ac-d451-4dbd-b145-797764f91494,16638.0,12320.0,4571.0,,2991767.0,30784.0,,2819999.0,JarwBl00,,12179.0,12507.0,,30784.0,711965.0,19457.0,711965.0,Blake Jarwin,blake jarwin,1,3,3.0,0,0.0,0.0,20.0,1.0,0.0,-4.0793014,0,0.15,0.1,0.05464481,0.18825136,,,,,,,,,,,,,,,,,REG,DAL,MIA,Blake Jarwin,JarwBl00,0.0,1.0,0.333,42.4
2019,REG,3,00-0035308,T.Sweeney,TE,TE,BUF,14294,ec63ee49-3a03-44ca-a083-3916f0bccd76,18325.0,47216.0,6137.0,,3122818.0,32060.0,,2139106.0,SweeTo00,tommy-sweeney-1,13667.0,14287.0,,32060.0,836094.0,20957.0,836094.0,Tommy Sweeney,tommy sweeney,1,3,3.0,0,0.0,0.0,42.0,1.0,0.0,-1.6521544,0,0.071428575,0.09090909,0.14383562,0.23704857,,,,,,,,,,,,,,,,,REG,BUF,CIN,Tommy Sweeney,SweeTo00,0.0,0.0,0.0,42.4
2019,REG,3,00-0030155,D.Harris,TE,TE,CLE,11448,8506c15c-15cc-4d2c-aebf-270c605fe0ec,11881.0,8524.0,1619.0,demetriusharris/2541187,16318.0,27174.0,,2060074.0,HarrDe03,,9847.0,8683.0,,27174.0,602269.0,15305.0,602269.0,Demetrius Harris,demetrius harris,1,2,2.0,1,0.0,0.0,6.0,0.0,1.0,0.18039438,0,0.33333334,0.05882353,0.024691358,0.10551924,,,,,,,,,,,,,,,,,REG,CLE,LA,Demetrius Harris,HarrDe03,0.0,0.0,0.0,95.8
2019,REG,3,00-0032062,B.Bell,TE,TE,KC,12213,0cc4e449-185a-4b08-9f07-c907ad0c3e05,13966.0,9550.0,2422.0,,2514206.0,28505.0,,1737101.0,BellBl00,blake-bell-1,10248.0,10366.0,,28505.0,542871.0,16878.0,542871.0,Blake Bell,blake bell,1,1,1.0,0,0.0,0.0,-1.0,2.0,0.0,-0.55334014,0,0.0,0.028571429,-0.0033898305,0.04048426,,,,,,,,,,,,,,,,,REG,KC,BAL,Blake Bell,BellBl00,0.0,0.0,0.0,79.2
2019,REG,3,00-0034981,F.Moreau,TE,TE,LV,14239,9c3a67fd-5c6e-4689-9e08-9ff6d4db6c9a,18397.0,47043.0,5985.0,,3843945.0,31969.0,,2180634.0,MoreFo00,foster-moreau-1,13822.0,14154.0,179.0,31969.0,865573.0,20884.0,865573.0,Foster Moreau,foster moreau,1,2,1.0,0,0.0,0.0,13.0,2.0,0.0,-6.060102,0,0.07692308,0.060606062,0.065656565,0.13686869,,,,,,,,,,,,,,,,,REG,OAK,MIN,Foster Moreau,MoreFo00,0.0,0.0,0.0,16.7
2019,REG,3,00-0035229,T.Hockenson,TE,TE,DET,14138,bd1120b6-38b3-4225-a4b0-20660a149d0d,18290.0,40912.0,5844.0,,4036133.0,31840.0,,2251097.0,HockTJ00,tj-hockenson-1,13610.0,14051.0,247.0,31840.0,923915.0,20805.0,923915.0,T.J. Hockenson,tj hockenson,1,4,1.0,0,0.0,0.0,20.0,1.0,0.0,-2.4923062,0,0.05,0.125,0.06535948,0.23325163,,,,,,,,,,,,,,,,,REG,DET,PHI,T.J. Hockenson,HockTJ00,0.0,1.0,0.25,39.6
2019,REG,3,00-0027696,J.Graham,TE,TE,GB,9925,fd85786d-3900-4dc0-9b30-334ee30413ed,9712.0,5619.0,616.0,jimmygraham/497236,13232.0,24070.0,6610.0,1691166.0,GrahJi00,jimmy-graham-1,6532.0,5842.0,,24070.0,295918.0,11488.0,295918.0,Jimmy Graham,jimmy graham,0,1,0.0,0,0.0,0.0,2.0,0.0,0.0,-0.82935184,0,0.0,0.037037037,0.008032128,0.061178047,,,,,,,,,,,,,,,,,REG,GB,DEN,Jimmy Graham,GrahJi00,0.0,0.0,0.0,39.6
2019,REG,3,00-0028097,L.Smith,TE,TE,BUF,10398,cf23126f-055b-4617-819b-bb4bcb84541a,9992.0,6311.0,812.0,leesmith/2495347,14215.0,24946.0,7585.0,1276441.0,SmitLe00,lee-smith-2,7425.0,6665.0,,24946.0,334184.0,12777.0,334184.0,Lee Smith,lee smith,0,1,0.0,0,0.0,0.0,10.0,0.0,0.0,-0.5978704,0,0.0,0.030303031,0.034246575,0.06942715,,,,,,,,,,,,,,,,,REG,BUF,CIN,Lee Smith,SmitLe00,0.0,1.0,1.0,39.6
2019,REG,3,00-0032134,C.Uzomah,TE,TE,CIN,12317,19858900-5c8e-49a7-ab02-34ef625724ca,14084.0,9590.0,2460.0,c.j.uzomah/2552559,2574576.0,28545.0,,2174118.0,UzomC.00,cj-uzomah-1,10462.0,10534.0,,28545.0,593305.0,16917.0,593305.0,C.J. Uzomah,cj uzomah,0,1,0.0,0,0.0,0.0,13.0,0.0,0.0,-0.8119306,0,0.0,0.029411765,0.045454547,0.075935826,,,,,,,,,,,,,,,,,REG,CIN,BUF,C.J. Uzomah,UzomC.00,0.0,0.0,0.0,39.6
2019,REG,3,00-0033421,A.Auclair,TE,TE,TB,13445,d6647491-8a3c-4f9f-999c-823823bd478d,16501.0,24606.0,4468.0,,4081127.0,30468.0,,2819226.0,AuclAn00,,12230.0,12603.0,,30468.0,1050026.0,19335.0,1050026.0,Antony Auclair,antony auclair,0,1,0.0,0,0.0,0.0,3.0,0.0,0.0,-0.49181107,0,0.0,0.027777778,0.006355932,0.04611582,,,,,,,,,,,,,,,,,REG,TB,NYG,Antony Auclair,AuclAn00,0.0,0.0,0.0,39.6
2019,REG,3,00-0033696,S.Culkin,TE,TE,LAC,13438,5cc0007b-4561-4ff2-8fa7-242bec47dc5a,16912.0,12037.0,4660.0,,2971426.0,30420.0,,2820068.0,CulkSe00,,12405.0,12560.0,,30420.0,689866.0,19559.0,,Sean Culkin,sean culkin,0,1,0.0,0,0.0,0.0,7.0,0.0,0.0,-0.45603466,0,0.0,0.02173913,0.014861995,0.043012094,,,,,,,,,,,,,,,,,REG,LAC,HOU,Sean Culkin,CulkSe00,0.0,1.0,1.0,39.6
2019,REG,3,00-0034351,D.Goedert,TE,TE,PHI,13674,e8029983-87cf-49a2-bc04-04c8233a0630,17270.0,47272.0,5022.0,,3121023.0,31019.0,,2132551.0,GoedDa00,,12860.0,13151.0,382.0,31019.0,791365.0,19863.0,791365.0,Dallas Goedert,dallas goedert,0,1,0.0,0,0.0,0.0,26.0,0.0,0.0,-0.40957487,0,0.0,0.027777778,0.065162905,0.0872807,,,,,,,,,,,,,,,,,REG,PHI,DET,Dallas Goedert,GoedDa00,0.0,1.0,1.0,39.6
2019,REG,3,00-0034798,D.Smythe,TE,TE,MIA,13676,7e42a22a-c47b-4387-aeeb-2cc2e76dc1d8,17508.0,47257.0,5008.0,,3052897.0,31093.0,,2082845.0,SmytDu00,durham-smythe-1,12807.0,13249.0,,31093.0,749968.0,19943.0,749968.0,Durham Smythe,durham smythe,0,1,0.0,0,0.0,0.0,6.0,0.0,0.0,-0.77406955,0,0.0,0.024390243,0.015424165,0.04738228,,,,,,,,,,,,,,,,,REG,MIA,DAL,Durham Smythe,SmytDu00,0.0,0.0,0.0,39.6
2019,REG,4,00-0032392,A.Hooper,TE,TE,ATL,12677,90c2a93f-d837-4e1b-b57c-56648903a8db,15581.0,10715.0,3202.0,,3043275.0,29315.0,,2067004.0,HoopAu00,austin-hooper-1,10748.0,11301.0,384.0,29315.0,739424.0,17963.0,739424.0,Austin Hooper,austin hooper,9,11,130.0,0,0.0,0.0,92.0,52.0,5.0,6.819159,0,1.4130435,0.22,0.2195704,0.4836993,Austin Hooper,ATL,4.971111111111111,4.844925326703814,8.37090909090909,22.588004415552557,81.81818181818183,130.0,0.0,6.21888888888889,4.362310950374915,1.8565779385139756,00-0032392,Austin,Hooper,A.Hooper,REG,ATL,TEN,Austin Hooper,HoopAu00,2.0,0.0,0.0,115.9
2019,REG,4,00-0030506,T.Kelce,TE,TE,KC,11244,c3859e06-5f23-4302-a71b-04820a899d5f,11594.0,7844.0,1466.0,traviskelce/2540258,15847.0,26686.0,,1725130.0,KelcTr00,travis-kelce-1,8783.0,8411.0,264.0,26686.0,448240.0,15048.0,448240.0,Travis Kelce,travis kelce,7,8,85.0,0,0.0,0.0,84.0,27.0,5.0,7.5170417,0,1.0119047,0.20512821,0.17721519,0.43174294,Travis Kelce,KC,5.0962499999999995,3.6447558791425534,10.482500000000002,17.57887013939839,87.5,85.0,0.0,4.031428571428569,5.05079253065797,-1.019363959229401,00-0030506,Travis,Kelce,T.Kelce,REG,KC,DET,Travis Kelce,KelcTr00,0.0,0.0,0.0,110.9
2019,REG,4,00-0033611,R.Seals-Jones,TE,TE,CLE,13382,52735659-a294-4f64-a7f4-3591450834e5,16730.0,12020.0,4531.0,,3051806.0,30494.0,,2080003.0,SealRi00,,11876.0,12463.0,,30494.0,744568.0,19410.0,744568.0,Ricky Seals-Jones,ricky seals-jones,3,3,82.0,1,0.0,0.0,33.0,49.0,3.0,9.246272,0,2.4848485,0.09677419,0.14666666,0.24782796,,,,,,,,,,,,,,,,,REG,CLE,BAL,Ricky Seals-Jones,SealRi00,0.0,0.0,0.0,158.3
2019,REG,4,00-0030061,Z.Ertz,TE,TE,PHI,11247,de3421f7-2147-4835-89a5-724e87bad463,11689.0,7816.0,1339.0,zachertz/2540158,15835.0,26658.0,,1685963.0,ErtzZa00,zach-ertz-1,8781.0,8409.0,305.0,26658.0,503177.0,14856.0,503177.0,Zach Ertz,zach ertz,7,8,65.0,0,0.0,0.0,58.0,17.0,5.0,4.579923,0,1.1206896,0.2962963,0.3152174,0.66509664,Zach Ertz,PHI,7.11125,2.712577136106477,7.459999999999998,31.208492391361197,87.5,65.0,0.0,2.4200000000000017,2.7761795081579685,-0.35617950815796684,00-0030061,Zachary,Ertz,Z.Ertz,REG,PHI,GB,Zach Ertz,ErtzZa00,0.0,0.0,0.0,100.5
2019,REG,4,00-0027696,J.Graham,TE,TE,GB,9925,fd85786d-3900-4dc0-9b30-334ee30413ed,9712.0,5619.0,616.0,jimmygraham/497236,13232.0,24070.0,6610.0,1691166.0,GrahJi00,jimmy-graham-1,6532.0,5842.0,,24070.0,295918.0,11488.0,295918.0,Jimmy Graham,jimmy graham,6,9,61.0,1,0.0,0.0,50.0,17.0,4.0,1.7540646,0,1.22,0.18367347,0.14005603,0.37354943,Jimmy Graham,GB,5.821111111111112,1.8449944481920184,6.45,15.279934721381377,66.66666666666666,61.0,1.0,3.5333333333333328,2.1828409044591504,1.3504924288741824,00-0027696,Jimmy,Graham,J.Graham,REG,GB,PHI,Jimmy Graham,GrahJi00,1.0,0.0,0.0,122.9
2019,REG,4,00-0035689,D.Knox,TE,TE,BUF,14143,5fb525c5-4e70-4ede-8c49-94ad0cf66b7d,18631.0,35883.0,5906.0,,3930086.0,31928.0,,2186345.0,KnoxDa00,dawson-knox-1,13466.0,13953.0,88.0,31928.0,884083.0,20850.0,884083.0,Dawson Knox,dawson knox,3,3,58.0,0,0.0,0.0,46.0,12.0,2.0,3.2334673,0,1.2608696,0.07317073,0.09330629,0.1750705,,,,,,,,,,,,,,,,,REG,BUF,NE,Dawson Knox,KnoxDa00,0.0,0.0,0.0,118.7
2019,REG,4,00-0034159,W.Dissly,TE,TE,SEA,13763,383f4814-6836-4766-a297-fc063e8509cc,18049.0,30762.0,5010.0,,3127292.0,31090.0,,2139628.0,DissWi00,will-dissly-1,12986.0,13246.0,86.0,31090.0,837806.0,19950.0,837806.0,Will Dissly,will dissly,7,8,57.0,1,1.0,0.0,53.0,10.0,3.0,2.1929784,0,1.0754716,0.2962963,0.26767677,0.6318182,Will Dissly,SEA,5.59857142857143,3.611515356714009,7.57125,27.179717298631363,87.5,57.0,1.0,2.018571428571428,4.254435731818355,-2.2358643032469274,00-0034159,Will,Dissly,W.Dissly,REG,SEA,ARI,Will Dissly,DissWi00,0.0,0.0,0.0,135.9
2019,REG,4,00-0033881,E.Engram,TE,TE,NYG,13189,e21365af-8d66-416e-b0a5-8816d18fcfd9,16411.0,11778.0,4066.0,,3051876.0,30136.0,,2079887.0,EngrEv00,evan-engram-1,11805.0,12205.0,229.0,30136.0,749185.0,18912.0,749185.0,Evan Engram,evan engram,4,7,54.0,0,0.0,0.0,31.0,41.0,2.0,0.97933847,0,1.7419355,0.22580644,0.18562874,0.4686498,Evan Engram,NYG,7.105714285714286,1.9663071609962586,4.757142857142857,20.655005582433937,57.14285714285714,54.0,0.0,10.089999999999998,7.104562112744816,2.9854378872551823,00-0033881,Evan,Engram,E.Engram,REG,NYG,WAS,Evan Engram,EngrEv00,0.0,0.0,0.0,81.8
2019,REG,4,00-0031610,D.Waller,TE,TE,LV,12263,14c97c9f-26e8-4944-9299-f90de6aeada3,14104.0,9637.0,2505.0,,2576925.0,28592.0,,1850793.0,WallDa01,darren-waller-1,10215.0,10433.0,,28592.0,600191.0,16964.0,600191.0,Darren Waller,darren waller,7,8,53.0,0,0.0,0.0,21.0,33.0,3.0,2.5600564,0,2.5238094,0.2857143,0.12138728,0.51354253,Darren Waller,LV,4.8116666666666665,3.8441693972326827,2.489999999999999,11.703877790834309,87.5,53.0,0.0,4.775714285714287,5.6576111495920385,-0.8818968638777518,00-0031610,Darren,Waller,D.Waller,REG,OAK,IND,Darren Waller,WallDa01,0.0,0.0,0.0,94.3
2019,REG,4,00-0022127,J.Witten,TE,TE,DAL,6997,e38c9b1b-7c51-48a2-ac1d-a752502e8930,9275.0,1384.0,23.0,jasonwitten/2505629,4527.0,6405.0,,396134.0,WittJa00,jason-witten-1,3086.0,1990.0,,6405.0,184571.0,722.0,,Jason Witten,jason witten,4,4,50.0,0,1.0,1.0,40.0,10.0,3.0,-0.8116703,0,1.25,0.13333334,0.14869888,0.30408922,,,,,,,,,,,,,,,,,REG,DAL,NO,Jason Witten,WittJa00,0.0,0.0,0.0,118.7
2019,REG,4,00-0033658,B.Jarwin,TE,TE,DAL,13722,43e8a6ac-d451-4dbd-b145-797764f91494,16638.0,12320.0,4571.0,,2991767.0,30784.0,,2819999.0,JarwBl00,,12179.0,12507.0,,30784.0,711965.0,19457.0,711965.0,Blake Jarwin,blake jarwin,3,3,49.0,0,0.0,0.0,37.0,12.0,1.0,3.8954828,0,1.3243244,0.1,0.13754646,0.24628253,,,,,,,,,,,,,,,,,REG,DAL,NO,Blake Jarwin,JarwBl00,0.0,0.0,0.0,118.7
2019,REG,4,00-0031387,E.Ebron,TE,TE,IND,11695,9fbcfae9-dd14-415c-8952-9b1b5dff0dfc,12143.0,8645.0,2118.0,ericebron/2543466,16732.0,27538.0,,1865396.0,EbroEr00,eric-ebron-1,9210.0,9390.0,,27538.0,605752.0,16451.0,605752.0,Eric Ebron,eric ebron,1,5,48.0,1,0.0,0.0,88.0,21.0,1.0,3.2719574,0,0.54545456,0.10869565,0.18181819,0.2903162,Eric Ebron,IND,8.342500000000001,2.303454500107663,16.369999999999997,16.221411867295572,20.0,48.0,1.0,22.439999999999998,10.678201018745312,11.761798981254685,00-0031387,Eric,Ebron,E.Ebron,REG,IND,OAK,Eric Ebron,EbroEr00,0.0,3.0,0.6,106.7
2019,REG,4,00-0033895,G.Everett,TE,TE,LA,13236,ebeceb00-57e0-4b74-9cf7-853da2afed18,16459.0,11799.0,4089.0,,3918639.0,30157.0,,2142692.0,EverGe00,gerald-everett-1,11737.0,12284.0,55.0,30157.0,838487.0,18935.0,838487.0,Gerald Everett,gerald everett,5,8,44.0,1,0.0,0.0,50.0,24.0,4.0,-2.3131673,0,0.88,0.11764706,0.105932206,0.25062314,Gerald Everett,LAR,5.616666666666666,3.132669969026665,8.7575,13.428916447835004,62.5,44.0,1.0,4.581999999999999,5.231977300843482,-0.6499773008434833,00-0033895,Gerald,Everett,G.Everett,REG,LA,TB,Gerald Everett,EverGe00,0.0,0.0,0.0,77.1
2019,REG,4,00-0034319,D.Yelder,TE,TE,KC,13857,cad43704-4231-4a72-b616-c66642103452,17879.0,29556.0,5277.0,,3059766.0,31519.0,,2925876.0,YeldDe00,,13022.0,13688.0,,31519.0,750702.0,20332.0,750702.0,Deon Yelder,deon yelder,2,2,43.0,0,0.0,0.0,17.0,26.0,2.0,3.6268103,0,2.5294118,0.051282052,0.03586498,0.10202856,,,,,,,,,,,,,,,,,REG,KC,DET,Deon Yelder,YeldDe00,0.0,0.0,0.0,118.7
2019,REG,4,00-0033110,T.Higbee,TE,TE,LA,12678,0df7912d-9e81-47ea-b4f7-d04986df4ee8,15623.0,10744.0,3271.0,,2573401.0,29344.0,,1853103.0,HigbTy00,tyler-higbee-1,10854.0,11430.0,159.0,29344.0,604176.0,18032.0,604176.0,Tyler Higbee,tyler higbee,4,7,41.0,0,0.0,0.0,53.0,13.0,3.0,-0.42740625,0,0.7735849,0.10294118,0.11228813,0.23301347,Tyler Higbee,LAR,7.915000000000001,2.884481202996647,6.769999999999998,9.083590500469606,57.14285714285714,41.0,0.0,3.7624999999999993,2.5347859713385787,1.2277140286614205,00-0033110,Tyler,Higbee,T.Higbee,REG,LA,TB,Tyler Higbee,HigbTy00,1.0,1.0,0.143,74.1
2019,REG,4,00-0034830,H.Hurst,TE,TE,BAL,13680,1b125fc4-5dd9-4eb9-a42f-048e61ca42b7,17283.0,47294.0,4973.0,,3924365.0,30995.0,,2185053.0,HursHa00,hayden-hurst-1,12467.0,13098.0,8.0,30995.0,881956.0,19843.0,881956.0,Hayden Hurst,hayden hurst,2,2,39.0,0,0.0,0.0,21.0,18.0,1.0,1.922456,0,1.8571428,0.060606062,0.07835821,0.14575984,,,,,,,,,,,,,,,,,REG,BAL,CLE,Hayden Hurst,HursHa00,0.0,0.0,0.0,118.7
2019,REG,4,00-0027985,L.Kendricks,TE,TE,LAC,10318,27921351-a775-4649-bd49-7b4c486d1ba2,9912.0,6199.0,964.0,lancekendricks/2495187,14007.0,24834.0,7425.0,1117803.0,KendLa00,lance-kendricks-1,7412.0,6614.0,,24834.0,332066.0,13386.0,,Lance Kendricks,lance kendricks,2,3,37.0,0,0.0,0.0,33.0,7.0,2.0,2.5239286,0,1.1212121,0.1,0.13692947,0.24585062,,,,,,,,,,,,,,,,,REG,LAC,MIA,Lance Kendricks,KendLa00,0.0,0.0,0.0,109.0
2019,REG,4,00-0031273,C.Brate,TE,TE,TB,12110,5afe93fd-0caf-4cca-83fc-7f405bebfa3e,13470.0,9207.0,2214.0,,17453.0,28267.0,,2132787.0,BratCa00,,10008.0,10193.0,,28267.0,552926.0,16593.0,552926.0,Cameron Brate,cameron brate,3,3,36.0,1,0.0,0.0,33.0,3.0,2.0,4.266519,0,1.0909091,0.075,0.085051544,0.17203608,,,,,,,,,,,,,,,,,REG,TB,LA,Cameron Brate,BratCa00,0.0,0.0,0.0,156.2
2019,REG,4,00-0033879,O.Howard,TE,TE,TB,13188,93ed8c6f-b676-46d3-bf82-6155e89b4a68,16380.0,11774.0,4055.0,,3043080.0,30132.0,,2061190.0,HowaO.00,oj-howard-1,11806.0,12161.0,,30132.0,732147.0,18901.0,732147.0,O.J. Howard,oj howard,3,3,33.0,0,0.0,0.0,7.0,26.0,2.0,3.35209,0,4.714286,0.075,0.018041236,0.12512887,,,,,,,,,,,,,,,,,REG,TB,LA,O.J. Howard,HowaO.00,0.0,0.0,0.0,112.5
2019,REG,4,00-0034753,M.Andrews,TE,TE,BAL,13671,0618f387-9b72-4270-8b8f-dec4cccc9e4a,17269.0,47436.0,5012.0,,3116365.0,31056.0,,2131121.0,AndrMa00,mark-andrews-1,12559.0,13182.0,366.0,31056.0,820699.0,19803.0,820699.0,Mark Andrews,mark andrews,4,8,31.0,1,0.0,0.0,94.0,5.0,2.0,-6.0373616,0,0.32978722,0.24242425,0.35074627,0.60915875,Mark Andrews,BAL,6.9319999999999995,3.116819120110585,12.498750000000001,35.55199999999999,50.0,31.0,1.0,2.004999999999999,1.8710411827543112,0.1339588172456878,00-0034753,Mark,Andrews,M.Andrews,REG,BAL,CLE,Mark Andrews,AndrMa00,0.0,1.0,0.125,59.9
2019,REG,4,00-0035644,N.Fant,TE,TE,DEN,14137,cdc98acc-9eb6-4b44-81bb-61d7b8a3b55f,17527.0,42388.0,5857.0,,4036131.0,31852.0,,2251095.0,FantNo00,noah-fant-1,13426.0,14050.0,243.0,31852.0,923911.0,20753.0,923911.0,Noah Fant,noah fant,2,4,31.0,1,0.0,0.0,35.0,31.0,1.0,1.2726946,0,0.8857143,0.114285715,0.11904762,0.2547619,,,,,,,,,,,,,,,,,REG,DEN,JAX,Noah Fant,FantNo00,0.0,1.0,0.25,115.6
2019,REG,4,00-0034981,F.Moreau,TE,TE,LV,14239,9c3a67fd-5c6e-4689-9e08-9ff6d4db6c9a,18397.0,47043.0,5985.0,,3843945.0,31969.0,,2180634.0,MoreFo00,foster-moreau-1,13822.0,14154.0,179.0,31969.0,865573.0,20884.0,865573.0,Foster Moreau,foster moreau,3,3,30.0,1,0.0,0.0,28.0,2.0,3.0,4.295079,0,1.0714285,0.10714286,0.1618497,0.27400908,,,,,,,,,,,,,,,,,REG,OAK,IND,Foster Moreau,MoreFo00,0.0,0.0,0.0,147.9
2019,REG,4,00-0030216,J.Hill,TE,TE,NO,11529,687cdc33-bd0d-4b70-adb3-33f97dc26a3c,13565.0,8200.0,1777.0,joshhill/2541834,16143.0,26950.0,,2060083.0,HillJo02,,9071.0,8764.0,,26950.0,469509.0,15866.0,,Josh Hill,josh hill,3,4,29.0,0,0.0,0.0,18.0,24.0,1.0,-0.45978528,0,1.6111112,0.13333334,0.092307694,0.2646154,,,,,,,,,,,,,,,,,REG,NO,DAL,Josh Hill,HillJo02,0.0,1.0,0.25,94.8
2019,REG,4,00-0032394,N.Vannett,TE,TE,PIT,12680,c731aa8a-778b-4ccd-a19f-517eb66f47b7,15645.0,10728.0,3258.0,,2576399.0,29328.0,,1871322.0,VannNi00,nick-vannett-1,10949.0,11329.0,,29328.0,606488.0,18019.0,606488.0,Nick Vannett,nick vannett,2,2,28.0,0,0.0,0.0,27.0,1.0,1.0,2.5051186,0,1.037037,0.06666667,0.35526314,0.34868422,,,,,,,,,,,,,,,,,REG,PIT,CIN,Nick Vannett,VannNi00,0.0,0.0,0.0,118.7
2019,REG,4,00-0030549,T.Eifert,TE,TE,CIN,11250,14ecf9dd-3a77-4847-8e62-407cd1182f1c,11692.0,7802.0,1388.0,tylereifert/2540148,15788.0,26644.0,,1691608.0,EifeTy00,tyler-eifert-1,8782.0,8408.0,,26644.0,508968.0,14918.0,,Tyler Eifert,tyler eifert,2,5,27.0,0,0.0,0.0,48.0,1.0,2.0,1.2651082,0,0.5625,0.1388889,0.23076923,0.3698718,Tyler Eifert,CIN,2.944,1.3585048401915472,10.994,25.56149732620321,40.0,27.0,0.0,3.145000000000003,5.865750404613209,-2.720750404613206,00-0030549,Tyler,Eifert,T.Eifert,REG,CIN,PIT,Tyler Eifert,EifeTy00,0.0,1.0,0.2,57.9
2019,REG,4,00-0035229,T.Hockenson,TE,TE,DET,14138,bd1120b6-38b3-4225-a4b0-20660a149d0d,18290.0,40912.0,5844.0,,4036133.0,31840.0,,2251097.0,HockTJ00,tj-hockenson-1,13610.0,14051.0,247.0,31840.0,923915.0,20805.0,923915.0,T.J. Hockenson,tj hockenson,3,3,27.0,1,0.0,0.0,5.0,22.0,3.0,4.099314,0,5.4,0.09375,0.015576324,0.15152843,,,,,,,,,,,,,,,,,REG,DET,KC,T.J. Hockenson,HockTJ00,0.0,0.0,0.0,143.7
2019,REG,4,00-0030089,L.Willson,TE,TE,SEA,11381,16c67c97-ffd9-4f92-917d-ad6124ce1f6e,11812.0,7940.0,1603.0,lukewillson/2541199,16121.0,26781.0,,2057661.0,WillLu00,luke-willson-1,8907.0,8567.0,,26781.0,466869.0,15263.0,466869.0,Luke Willson,luke willson,2,2,26.0,0,0.0,0.0,23.0,3.0,1.0,1.4257942,0,1.1304348,0.074074075,0.116161615,0.19242424,,,,,,,,,,,,,,,,,REG,SEA,ARI,Luke Willson,WillLu00,0.0,0.0,0.0,118.7
2019,REG,4,00-0031260,L.Thomas,TE,TE,DET,11647,b24625a0-d402-4d59-a778-aa4b073bfe5e,12095.0,8755.0,2251.0,loganthomas/2543767,16813.0,27648.0,,1691193.0,ThomLo00,logan-thomas-1,9323.0,9354.0,,27648.0,507528.0,16656.0,507528.0,Logan Thomas,logan thomas,3,3,25.0,0,0.0,0.0,9.0,16.0,2.0,2.3600435,0,2.7777777,0.09375,0.028037382,0.16025117,,,,,,,,,,,,,,,,,REG,DET,KC,Logan Thomas,ThomLo00,0.0,0.0,0.0,101.4
2019,REG,4,00-0029587,R.Ellison,TE,TE,NYG,10838,cccc9f16-9508-434f-b7a4-9a29cb0cacf9,11315.0,7128.0,1211.0,rhettellison/2532835,15003.0,25838.0,,1244464.0,ElliRh00,rhett-ellison-1,8114.0,7580.0,,25838.0,399295.0,14445.0,,Rhett Ellison,rhett ellison,3,4,24.0,0,0.0,0.0,3.0,20.0,1.0,-0.1955293,0,8.0,0.12903225,0.017964073,0.20612323,,,,,,,,,,,,,,,,,REG,NYG,WAS,Rhett Ellison,ElliRh00,1.0,1.0,0.25,89.6
2019,REG,4,00-0030181,J.Doyle,TE,TE,IND,11516,bd413539-9351-454e-9d61-4e8635d7e9f5,11987.0,8520.0,1706.0,jackdoyle/2540232,16504.0,27299.0,,2041264.0,DoylJa00,,9081.0,9075.0,,27299.0,477386.0,15602.0,477386.0,Jack Doyle,jack doyle,4,8,22.0,1,0.0,0.0,53.0,9.0,3.0,1.1444335,0,0.41509435,0.17391305,0.10950413,0.33752245,Jack Doyle,IND,5.858,2.464102623346623,8.701250000000002,13.795632010781247,50.0,22.0,1.0,2.232499999999998,2.9341379691781384,-0.7016379691781403,00-0030181,John,Doyle,J.Doyle,REG,IND,OAK,Jack Doyle,DoylJa00,0.0,0.0,0.0,95.8
2019,REG,4,00-0027061,J.Cook,TE,TE,NO,9474,3b7a1409-d154-4e5c-8c94-9d4a0e0993c7,9265.0,5012.0,367.0,jaredcook/71265,12537.0,9353.0,6126.0,584314.0,CookJa02,jared-cook-2,5981.0,5165.0,,9353.0,296480.0,8534.0,296480.0,Jared Cook,jared cook,3,6,21.0,0,0.0,0.0,27.0,1.0,0.0,-1.4523057,0,0.7777778,0.2,0.13846155,0.39692307,Jared Cook,NO,8.326,2.5787924565495723,5.603333333333333,17.595645574920187,50.0,21.0,0.0,0.6366666666666679,2.0177792136667754,-1.3811125470001073,00-0027061,Jared,Cook,J.Cook,REG,NO,DAL,Jared Cook,CookJa02,0.0,0.0,0.0,58.3
2019,REG,4,00-0031558,M.Williams,TE,TE,ARI,12206,52f4a43a-64a9-4d69-a9e2-28bd60f68e49,13919.0,9488.0,2360.0,,2970726.0,28443.0,,1983769.0,WillMa04,maxx-williams-1,10128.0,10298.0,,28443.0,651658.0,16816.0,651658.0,Maxx Williams,maxx williams,1,1,21.0,0,0.0,0.0,6.0,15.0,1.0,1.2188445,0,3.5,0.033333335,0.04255319,0.07978723,,,,,,,,,,,,,,,,,REG,ARI,SEA,Maxx Williams,WillMa04,0.0,0.0,0.0,118.7
2019,REG,4,00-0034364,J.Akins,TE,TE,HOU,13753,0cb5a32a-a340-4671-ba2a-93f5fa6aee8d,17415.0,47050.0,5032.0,,3128452.0,31068.0,,2142712.0,AkinJo00,jordan-akins-1,12568.0,13238.0,,31068.0,838396.0,19903.0,838396.0,Jordan Akins,jordan akins,3,4,21.0,0,0.0,0.0,16.0,15.0,1.0,-0.6980758,0,1.3125,0.125,0.059925094,0.22944756,,,,,,,,,,,,,,,,,REG,HOU,CAR,Jordan Akins,AkinJo00,0.0,0.0,0.0,86.5
2019,REG,4,00-0033528,J.Sprinkle,TE,TE,WAS,13194,2dcc8e56-ac32-4774-a011-b1e65ca73786,16461.0,11909.0,4221.0,,2980073.0,30267.0,,1999945.0,SpriJe00,jeremy-sprinkle-1,11899.0,12368.0,,30267.0,693833.0,19067.0,693833.0,Jeremy Sprinkle,jeremy sprinkle,1,3,20.0,0,0.0,0.0,14.0,17.0,1.0,-6.6835904,0,1.4285715,0.115384616,0.060344826,0.2153183,,,,,,,,,,,,,,,,,REG,WAS,NYG,Jeremy Sprinkle,SpriJe00,0.0,0.0,0.0,18.1
2019,REG,4,00-0024243,M.Lewis,TE,TE,GB,8269,9c21e9af-681c-41ef-9b00-fbc9e1668ed1,9413.0,2973.0,111.0,marcedeslewis/2495888,9614.0,7777.0,4007.0,415313.0,LewiMa00,marcedes-lewis-1,4891.0,3615.0,,7777.0,214197.0,3061.0,214197.0,Marcedes Lewis,marcedes lewis,2,2,19.0,0,0.0,0.0,0.0,19.0,1.0,0.9534821,0,0.0,0.040816326,0.0,0.06122449,,,,,,,,,,,,,,,,,REG,GB,PHI,Marcedes Lewis,LewiMa00,0.0,0.0,0.0,106.2
2019,REG,4,00-0031951,J.O'Shaughnessy,TE,TE,JAX,12330,e5c6b0d4-3e77-422b-a6d8-574a10ed385e,14146.0,9606.0,2476.0,,2508079.0,28561.0,,2174148.0,O'ShJa00,,10249.0,10549.0,,28561.0,552352.0,16933.0,552352.0,James O'Shaughnessy,james oshaughnessy,1,4,18.0,1,0.0,0.0,49.0,7.0,1.0,1.1528679,0,0.36734694,0.125,0.14161849,0.28663296,,,,,,,,,,,,,,,,,REG,JAX,DEN,James O'Shaughnessy,O'ShJa00,1.0,0.0,0.0,85.4
2019,REG,4,00-0033439,P.Brown,TE,TE,CLE,13994,6733b953-de77-44e5-acbf-c2d3a0940243,16937.0,12247.0,4443.0,,2971281.0,30627.0,,2819155.0,BrowPh01,,11887.0,12737.0,,30627.0,689689.0,19304.0,689689.0,Pharaoh Brown,pharaoh brown,1,1,18.0,0,0.0,0.0,7.0,11.0,0.0,0.98439306,0,2.5714285,0.032258064,0.031111112,0.070164874,,,,,,,,,,,,,,,,,REG,CLE,BAL,Pharaoh Brown,BrowPh01,0.0,0.0,0.0,118.7
2019,REG,4,00-0032141,G.Swaim,TE,TE,JAX,12378,d0f9112d-2496-450a-9fc5-d2d01b4d2454,14164.0,9679.0,2545.0,geoffswaim/2553454,3046704.0,28634.0,,2174207.0,SwaiGe00,geoff-swaim-1,10507.0,10617.0,,28634.0,728021.0,17005.0,728021.0,Geoff Swaim,geoff swaim,3,4,17.0,0,0.0,0.0,22.0,6.0,1.0,-0.900882,0,0.77272725,0.125,0.06358381,0.23200867,,,,,,,,,,,,,,,,,REG,JAX,DEN,Geoff Swaim,SwaiGe00,0.0,1.0,0.25,82.3
2019,REG,4,00-0030710,T.Burton,TE,TE,CHI,11705,bc0f07a4-3e7b-4e61-987a-05533dc225be,12153.0,9185.0,1793.0,treyburton/2550284,16974.0,27789.0,,2130223.0,BurtTr01,,9490.0,9737.0,,27789.0,542788.0,15965.0,,Trey Burton,trey burton,2,4,16.0,0,0.0,0.0,14.0,4.0,1.0,0.5305526,0,1.1428572,0.121212125,0.068292685,0.22962306,,,,,,,,,,,,,,,,,REG,CHI,MIN,Trey Burton,BurtTr01,0.0,0.0,0.0,60.4
2019,REG,4,00-0034351,D.Goedert,TE,TE,PHI,13674,e8029983-87cf-49a2-bc04-04c8233a0630,17270.0,47272.0,5022.0,,3121023.0,31019.0,,2132551.0,GoedDa00,,12860.0,13151.0,382.0,31019.0,791365.0,19863.0,791365.0,Dallas Goedert,dallas goedert,2,3,16.0,1,0.0,0.0,-1.0,17.0,2.0,2.1928983,0,0.0,0.11111111,-0.0054347827,0.16286232,,,,,,,,,,,,,,,,,REG,PHI,GB,Dallas Goedert,GoedDa00,0.0,0.0,0.0,119.4
2019,REG,4,00-0033896,A.Shaheen,TE,TE,CHI,13254,87171077-4c1c-4b67-b159-2cc6242988e0,16457.0,11800.0,4085.0,,4198676.0,30158.0,,2818105.0,ShahAd00,,11898.0,12283.0,,30158.0,1049770.0,18931.0,1049770.0,Adam Shaheen,adam shaheen,2,2,13.0,0,0.0,0.0,13.0,0.0,0.0,0.6321861,0,1.0,0.060606062,0.06341463,0.13529934,,,,,,,,,,,,,,,,,REG,CHI,MIN,Adam Shaheen,ShahAd00,0.0,0.0,0.0,93.7
2019,REG,4,00-0027981,K.Rudolph,TE,TE,MIN,10312,1059e9dc-97df-4643-9116-883a0573d8b1,9906.0,6195.0,943.0,kylerudolph/2495438,14054.0,24830.0,7444.0,1633122.0,RudoKy00,kyle-rudolph-1,7246.0,6459.0,,24830.0,469472.0,13275.0,469472.0,Kyle Rudolph,kyle rudolph,1,1,12.0,0,0.0,0.0,6.0,6.0,0.0,-0.7396698,0,2.0,0.028571429,0.03141361,0.06484667,,,,,,,,,,,,,,,,,REG,MIN,CHI,Kyle Rudolph,RudoKy00,0.0,0.0,0.0,116.7
2019,REG,4,00-0029738,D.Fells,TE,TE,HOU,11337,54d4e35a-2e6c-48f6-86ad-92dd596c173c,13636.0,8549.0,1592.0,darrenfells/2540928,15773.0,26612.0,,2053740.0,FellDa01,,9758.0,8472.0,,26612.0,266414.0,15247.0,266414.0,Darren Fells,darren fells,1,1,12.0,0,0.0,0.0,1.0,11.0,0.0,-0.6920625,0,12.0,0.03125,0.0037453184,0.04949672,,,,,,,,,,,,,,,,,REG,HOU,CAR,Darren Fells,FellDa01,0.0,0.0,0.0,116.7
2019,REG,4,00-0033696,S.Culkin,TE,TE,LAC,13438,5cc0007b-4561-4ff2-8fa7-242bec47dc5a,16912.0,12037.0,4660.0,,2971426.0,30420.0,,2820068.0,CulkSe00,,12405.0,12560.0,,30420.0,689866.0,19559.0,,Sean Culkin,sean culkin,1,1,12.0,0,0.0,0.0,12.0,0.0,1.0,1.1736733,0,1.0,0.033333335,0.049792532,0.084854774,,,,,,,,,,,,,,,,,REG,LAC,MIA,Sean Culkin,CulkSe00,0.0,0.0,0.0,116.7
2019,REG,4,00-0033757,R.Tonyan,TE,TE,GB,13427,7c9c7800-69d0-459b-812b-a07ac48e9f2a,16502.0,12193.0,4602.0,,2975674.0,30777.0,,2820026.0,TonyRo00,,12389.0,12868.0,,30777.0,660151.0,19491.0,660151.0,Robert Tonyan,robert tonyan,1,1,11.0,0,0.0,0.0,11.0,0.0,1.0,1.1583048,0,1.0,0.020408163,0.030812325,0.05218087,,,,,,,,,,,,,,,,,REG,GB,PHI,Robert Tonyan,TonyRo00,0.0,0.0,0.0,112.5
2019,REG,4,00-0031598,N.Boyle,TE,TE,BAL,12328,9480dd9f-151f-4e6d-b5a3-35f07bda4cac,13963.0,9604.0,2474.0,,2574591.0,28559.0,,1888149.0,BoylNi00,,10252.0,10547.0,,28559.0,608753.0,16931.0,608753.0,Nick Boyle,nick boyle,1,1,9.0,0,0.0,0.0,5.0,4.0,0.0,0.8377529,0,1.8,0.030303031,0.018656716,0.05851425,,,,,,,,,,,,,,,,,REG,BAL,CLE,Nick Boyle,BoylNi00,0.0,0.0,0.0,104.2
2019,REG,4,00-0032117,N.O'Leary,TE,TE,MIA,12207,c257b2e6-dfc9-45c8-b30c-a497f2ce82a2,13957.0,9627.0,2495.0,,2576804.0,28582.0,,1860760.0,OLeaNi00,nick-oleary-1,10250.0,10568.0,,28582.0,605423.0,16954.0,,Nick O'Leary,nick oleary,1,1,9.0,0,0.0,0.0,7.0,2.0,0.0,0.64969015,0,1.2857143,0.041666668,0.04605263,0.094736844,,,,,,,,,,,,,,,,,REG,MIA,LAC,Nick O'Leary,OLeaNi00,0.0,0.0,0.0,104.2
2019,REG,4,00-0032986,J.Holtz,TE,TE,CHI,14372,8d3ac8d8-e18f-4485-acc6-55c79adcc2a8,16022.0,11062.0,3695.0,,2970262.0,29666.0,,2237671.0,HoltJ.01,,11364.0,11813.0,,29666.0,692334.0,18498.0,692334.0,J.P. Holtz,jp holtz,1,1,7.0,0,0.0,0.0,1.0,6.0,0.0,0.35373777,0,7.0,0.030303031,0.004878049,0.04886918,,,,,,,,,,,,,,,,,REG,CHI,MIN,J.P. Holtz,HoltJ.01,0.0,0.0,0.0,95.8
2019,REG,4,00-0024221,V.Davis,TE,TE,WAS,8247,0a95e792-6455-4927-9539-f95fa7f41fbb,9621.0,2951.0,200.0,vernondavis/2495826,9592.0,7755.0,,409254.0,DaviVe00,vernon-davis-1,4732.0,3638.0,,7755.0,215595.0,5084.0,,Vernon Davis,vernon davis,1,4,5.0,0,0.0,0.0,32.0,1.0,0.0,-7.0351977,0,0.15625,0.15384616,0.13793103,0.32732096,,,,,,,,,,,,,,,,,REG,WAS,NYG,Vernon Davis,DaviVe00,0.0,1.0,0.25,0.0
2019,REG,4,00-0025418,G.Olsen,TE,TE,CAR,8687,587d0a98-7ec5-45a5-adba-8af26e8f256b,9238.0,3647.0,58.0,gregolsen/2495700,10475.0,8285.0,,502524.0,OlseGr00,greg-olsen-1,5206.0,4190.0,,8285.0,230925.0,1658.0,,Greg Olsen,greg olsen,2,4,5.0,0,0.0,0.0,30.0,3.0,2.0,-0.93914276,0,0.16666667,0.121212125,0.11278196,0.26076555,,,,,,,,,,,,,,,,,REG,CAR,HOU,Greg Olsen,OlseGr00,0.0,0.0,0.0,56.2
2019,REG,4,00-0033858,J.Smith,TE,TE,TEN,13193,e4f25a37-74de-4bfb-b6c9-f50a4fab0b87,16460.0,11855.0,4144.0,,3054212.0,30213.0,,2081506.0,SmitJo01,jonnu-smith-1,11807.0,12344.0,84.0,30213.0,743749.0,18990.0,743749.0,Jonnu Smith,jonnu smith,1,1,5.0,0,0.0,0.0,1.0,4.0,0.0,-0.16795452,0,5.0,0.045454547,0.0076923077,0.07356644,,,,,,,,,,,,,,,,,REG,TEN,ATL,Jonnu Smith,SmitJo01,0.0,0.0,0.0,87.5
2019,REG,4,00-0034970,I.Smith,TE,TE,MIN,14141,ed0e6a30-83d5-4f4b-bf49-f7ff80e21304,18610.0,42060.0,6126.0,,4040980.0,31882.0,,2257888.0,SmitIr01,irv-smith-jr-1,13583.0,14052.0,,31882.0,944428.0,20949.0,944428.0,Irv Smith,irv smith,1,1,5.0,0,0.0,0.0,4.0,1.0,1.0,1.0636867,0,1.25,0.028571429,0.020942409,0.05751683,,,,,,,,,,,,,,,,,REG,MIN,CHI,Irv Smith Jr.,SmitIr01,0.0,0.0,0.0,87.5
2019,REG,4,00-0024389,De.Walker,TE,TE,TEN,8416,ccce5e8e-52ca-4f0f-a40f-fe5e7227d156,9172.0,3120.0,284.0,delaniewalker/2495966,9761.0,7924.0,4353.0,1109396.0,WalkHu00,,4888.0,3976.0,,7924.0,218943.0,7175.0,,Delanie Walker,delanie walker,1,2,4.0,0,1.0,0.0,8.0,1.0,0.0,-1.1023815,0,0.5,0.09090909,0.06153846,0.17944056,,,,,,,,,,,,,,,,,REG,TEN,ATL,Delanie Walker,WalkHu00,0.0,0.0,0.0,56.2
2019,REG,4,00-0028112,C.Clay,TE,TE,ARI,10409,04ca4fb9-194e-47fe-8fc8-adb5790a8e78,10003.0,6326.0,801.0,charlesclay/2495139,14145.0,24961.0,,1265552.0,ClayCh00,charles-clay-1,7424.0,6681.0,,24961.0,400516.0,12751.0,,Charles Clay,charles clay,1,2,3.0,0,0.0,0.0,-2.0,3.0,0.0,-0.78961515,0,0.0,0.06666667,-0.014184397,0.090070926,,,,,,,,,,,,,,,,,REG,ARI,SEA,Charles Clay,ClayCh00,0.0,0.0,0.0,56.2
2019,REG,4,00-0028042,L.Stocker,TE,TE,ATL,10354,5b712aed-201c-43dd-b978-b7b6ef91178e,9948.0,6256.0,963.0,lukestocker/2495234,14099.0,24891.0,7589.0,1125485.0,StocLu00,luke-stocker-1,7413.0,6552.0,,24891.0,334186.0,13370.0,334186.0,Luke Stocker,luke stocker,0,1,0.0,0,0.0,0.0,5.0,0.0,0.0,-0.6049223,0,0.0,0.02,0.011933174,0.038353223,,,,,,,,,,,,,,,,,REG,ATL,TEN,Luke Stocker,StocLu00,0.0,1.0,1.0,39.6
2019,REG,4,00-0032134,C.Uzomah,TE,TE,CIN,12317,19858900-5c8e-49a7-ab02-34ef625724ca,14084.0,9590.0,2460.0,c.j.uzomah/2552559,2574576.0,28545.0,,2174118.0,UzomC.00,cj-uzomah-1,10462.0,10534.0,,28545.0,593305.0,16917.0,593305.0,C.J. Uzomah,cj uzomah,0,1,0.0,0,0.0,0.0,13.0,0.0,0.0,-3.566733,0,0.0,0.027777778,0.0625,0.08541667,,,,,,,,,,,,,,,,,REG,CIN,PIT,C.J. Uzomah,UzomC.00,0.0,0.0,0.0,0.0
2019,REG,4,00-0032135,J.James,TE,TE,DET,12211,a37a5bfd-b48c-4d8b-817a-d8ce7ca3592d,13959.0,9593.0,2463.0,jessejames/2552633,2979590.0,28548.0,,1983808.0,JameJe00,jesse-james-1,10150.0,10403.0,,28548.0,652019.0,16920.0,652019.0,Jesse James,jesse james,0,1,0.0,0,0.0,0.0,10.0,0.0,0.0,-1.5954081,0,0.0,0.03125,0.031152649,0.06868185,,,,,,,,,,,,,,,,,REG,DET,KC,Jesse James,JameJe00,0.0,0.0,0.0,39.6
2019,REG,5,00-0033895,G.Everett,TE,TE,LA,13236,ebeceb00-57e0-4b74-9cf7-853da2afed18,16459.0,11799.0,4089.0,,3918639.0,30157.0,,2142692.0,EverGe00,gerald-everett-1,11737.0,12284.0,55.0,30157.0,838487.0,18935.0,838487.0,Gerald Everett,gerald everett,7,11,136.0,0,0.0,0.0,100.0,71.0,5.0,5.178716,0,1.36,0.2244898,0.243309,0.507051,Gerald Everett,LAR,4.442222222222222,3.2258789947615654,9.35909090909091,25.396551298813435,63.63636363636363,136.0,0.0,10.18142857142857,6.238279009973618,3.9431495614549528,00-0033895,Gerald,Everett,G.Everett,REG,LA,SEA,Gerald Everett,EverGe00,4.0,0.0,0.0,68.7
2019,REG,5,00-0034159,W.Dissly,TE,TE,SEA,13763,383f4814-6836-4766-a297-fc063e8509cc,18049.0,30762.0,5010.0,,3127292.0,31090.0,,2139628.0,DissWi00,will-dissly-1,12986.0,13246.0,86.0,31090.0,837806.0,19950.0,837806.0,Will Dissly,will dissly,4,4,81.0,0,0.0,0.0,55.0,26.0,3.0,4.7621036,0,1.4727273,0.18181819,0.22633745,0.4311635,,,,,,,,,,,,,,,,,REG,SEA,LA,Will Dissly,DissWi00,0.0,0.0,0.0,118.7
2019,REG,5,00-0030506,T.Kelce,TE,TE,KC,11244,c3859e06-5f23-4302-a71b-04820a899d5f,11594.0,7844.0,1466.0,traviskelce/2540258,15847.0,26686.0,,1725130.0,KelcTr00,travis-kelce-1,8783.0,8411.0,264.0,26686.0,448240.0,15048.0,448240.0,Travis Kelce,travis kelce,4,10,70.0,0,0.0,0.0,124.0,22.0,4.0,1.9780415,0,0.5645161,0.27027026,0.30243903,0.6171127,Travis Kelce,KC,2.44125,1.9811181952521881,12.901999999999997,30.900033529721703,40.0,70.0,0.0,4.962500000000002,4.163300296013915,0.799199703986087,00-0030506,Travis,Kelce,T.Kelce,REG,KC,IND,Travis Kelce,KelcTr00,0.0,1.0,0.1,64.6
2019,REG,5,00-0033288,G.Kittle,TE,TE,SF,13299,2ada91b0-036e-454f-83c3-6d939ff584a9,16499.0,11901.0,4217.0,,3040151.0,30259.0,,2818265.0,KittGe00,george-kittle-1,11892.0,12276.0,298.0,30259.0,733672.0,19063.0,733672.0,George Kittle,george kittle,6,8,70.0,1,0.0,0.0,64.0,30.0,4.0,6.271137,0,1.09375,0.2857143,0.35359117,0.67608523,George Kittle,SF,4.324285714285714,2.663804996757515,8.098750000000003,34.345843935538596,75.0,70.0,1.0,5.106666666666665,3.0860790082463914,2.0205876584202733,00-0033288,George,Kittle,G.Kittle,REG,SF,CLE,George Kittle,KittGe00,1.0,0.0,0.0,140.6
2019,REG,5,00-0030061,Z.Ertz,TE,TE,PHI,11247,de3421f7-2147-4835-89a5-724e87bad463,11689.0,7816.0,1339.0,zachertz/2540158,15835.0,26658.0,,1685963.0,ErtzZa00,zach-ertz-1,8781.0,8409.0,305.0,26658.0,503177.0,14856.0,503177.0,Zach Ertz,zach ertz,5,7,57.0,1,0.0,0.0,73.0,3.0,2.0,4.5443892,0,0.7808219,0.25,0.33953488,0.6126744,Zach Ertz,PHI,4.1325,2.3189683306189863,10.242857142857146,36.82966920073968,71.42857142857143,57.0,1.0,0.9459999999999986,1.5864199197412745,-0.6404199197412759,00-0030061,Zachary,Ertz,Z.Ertz,REG,PHI,NYJ,Zach Ertz,ErtzZa00,0.0,0.0,0.0,135.1
2019,REG,5,00-0031951,J.O'Shaughnessy,TE,TE,JAX,12330,e5c6b0d4-3e77-422b-a6d8-574a10ed385e,14146.0,9606.0,2476.0,,2508079.0,28561.0,,2174148.0,O'ShJa00,,10249.0,10549.0,,28561.0,552352.0,16933.0,552352.0,James O'Shaughnessy,james oshaughnessy,3,4,57.0,0,0.0,0.0,39.0,23.0,2.0,3.080729,0,1.4615384,0.1,0.10209424,0.22146598,,,,,,,,,,,,,,,,,REG,JAX,CAR,James O'Shaughnessy,O'ShJa00,0.0,0.0,0.0,116.7
2019,REG,5,00-0033858,J.Smith,TE,TE,TEN,13193,e4f25a37-74de-4bfb-b6c9-f50a4fab0b87,16460.0,11855.0,4144.0,,3054212.0,30213.0,,2081506.0,SmitJo01,jonnu-smith-1,11807.0,12344.0,84.0,30213.0,743749.0,18990.0,743749.0,Jonnu Smith,jonnu smith,1,2,57.0,0,0.0,0.0,0.0,62.0,1.0,3.9362414,0,0.0,0.0952381,0.0,0.14285715,,,,,,,,,,,,,,,,,REG,TEN,BUF,Jonnu Smith,SmitJo01,0.0,0.0,0.0,95.8
2019,REG,5,00-0032392,A.Hooper,TE,TE,ATL,12677,90c2a93f-d837-4e1b-b57c-56648903a8db,15581.0,10715.0,3202.0,,3043275.0,29315.0,,2067004.0,HoopAu00,austin-hooper-1,10748.0,11301.0,384.0,29315.0,739424.0,17963.0,739424.0,Austin Hooper,austin hooper,6,9,56.0,0,0.0,0.0,65.0,25.0,3.0,-8.583232,1,0.86153847,0.20454545,0.17473118,0.42913002,Austin Hooper,ATL,6.938749999999999,3.866418013694211,6.892222222222222,17.714758967329217,66.66666666666666,56.0,0.0,4.588333333333332,4.027221740169883,0.5611115931634494,00-0032392,Austin,Hooper,A.Hooper,REG,ATL,HOU,Austin Hooper,HoopAu00,0.0,0.0,0.0,44.0
2019,REG,5,00-0033110,T.Higbee,TE,TE,LA,12678,0df7912d-9e81-47ea-b4f7-d04986df4ee8,15623.0,10744.0,3271.0,,2573401.0,29344.0,,1853103.0,HigbTy00,tyler-higbee-1,10854.0,11430.0,159.0,29344.0,604176.0,18032.0,604176.0,Tyler Higbee,tyler higbee,3,3,47.0,0,0.0,0.0,-1.0,48.0,3.0,3.8875265,0,0.0,0.06122449,-0.00243309,0.09013357,,,,,,,,,,,,,,,,,REG,LA,SEA,Tyler Higbee,HigbTy00,0.0,0.0,0.0,118.7
2019,REG,5,00-0034981,F.Moreau,TE,TE,LV,14239,9c3a67fd-5c6e-4689-9e08-9ff6d4db6c9a,18397.0,47043.0,5985.0,,3843945.0,31969.0,,2180634.0,MoreFo00,foster-moreau-1,13822.0,14154.0,179.0,31969.0,865573.0,20884.0,865573.0,Foster Moreau,foster moreau,4,4,46.0,0,0.0,0.0,20.0,26.0,3.0,4.0704594,0,2.3,0.13333334,0.19417475,0.33592233,,,,,,,,,,,,,,,,,REG,OAK,CHI,Foster Moreau,MoreFo00,0.0,0.0,0.0,114.6
2019,REG,5,00-0034753,M.Andrews,TE,TE,BAL,13671,0618f387-9b72-4270-8b8f-dec4cccc9e4a,17269.0,47436.0,5012.0,,3116365.0,31056.0,,2131121.0,AndrMa00,mark-andrews-1,12559.0,13182.0,366.0,31056.0,820699.0,19803.0,820699.0,Mark Andrews,mark andrews,5,7,45.0,0,0.0,0.0,45.0,22.0,2.0,-0.6849274,0,1.0,0.25,0.20833333,0.5208333,Mark Andrews,BAL,8.030000000000001,3.4889918764521832,5.424285714285712,18.466102519210185,71.42857142857143,45.0,0.0,4.698000000000002,5.26183759615501,-0.5638375961550075,00-0034753,Mark,Andrews,M.Andrews,REG,BAL,PIT,Mark Andrews,AndrMa00,0.0,1.0,0.143,48.8
2019,REG,5,00-0033881,E.Engram,TE,TE,NYG,13189,e21365af-8d66-416e-b0a5-8816d18fcfd9,16411.0,11778.0,4066.0,,3051876.0,30136.0,,2079887.0,EngrEv00,evan-engram-1,11805.0,12205.0,229.0,30136.0,749185.0,18912.0,749185.0,Evan Engram,evan engram,6,11,42.0,0,0.0,0.0,83.0,29.0,2.0,-3.523603,0,0.5060241,0.30555555,0.23184358,0.6206238,Evan Engram,NYG,7.323,2.4077498969429145,7.321818181818181,22.209966081129522,54.54545454545454,42.0,0.0,5.06,4.36489811125877,0.6951018887412292,00-0033881,Evan,Engram,E.Engram,REG,NYG,MIN,Evan Engram,EngrEv00,0.0,0.0,0.0,63.4
2019,REG,5,00-0027061,J.Cook,TE,TE,NO,9474,3b7a1409-d154-4e5c-8c94-9d4a0e0993c7,9265.0,5012.0,367.0,jaredcook/71265,12537.0,9353.0,6126.0,584314.0,CookJa02,jared-cook-2,5981.0,5165.0,,9353.0,296480.0,8534.0,296480.0,Jared Cook,jared cook,4,6,41.0,1,0.0,0.0,44.0,13.0,3.0,2.4857802,0,0.9318182,0.1764706,0.16923077,0.38316742,Jared Cook,NO,5.078333333333333,2.1383473429677315,8.001666666666665,18.470357403916434,66.66666666666666,41.0,1.0,3.467500000000003,3.709582295515929,-0.2420822955159263,00-0027061,Jared,Cook,J.Cook,REG,NO,TB,Jared Cook,CookJa02,0.0,0.0,0.0,125.7
2019,REG,5,00-0027696,J.Graham,TE,TE,GB,9925,fd85786d-3900-4dc0-9b30-334ee30413ed,9712.0,5619.0,616.0,jimmygraham/497236,13232.0,24070.0,6610.0,1691166.0,GrahJi00,jimmy-graham-1,6532.0,5842.0,,24070.0,295918.0,11488.0,295918.0,Jimmy Graham,jimmy graham,3,3,41.0,0,0.0,0.0,25.0,16.0,2.0,2.0877445,0,1.64,0.09677419,0.11061947,0.22259492,,,,,,,,,,,,,,,,,REG,GB,DAL,Jimmy Graham,GrahJi00,0.0,0.0,0.0,118.7
2019,REG,5,00-0030216,J.Hill,TE,TE,NO,11529,687cdc33-bd0d-4b70-adb3-33f97dc26a3c,13565.0,8200.0,1777.0,joshhill/2541834,16143.0,26950.0,,2060083.0,HillJo02,,9071.0,8764.0,,26950.0,469509.0,15866.0,,Josh Hill,josh hill,3,4,39.0,0,0.0,0.0,36.0,14.0,2.0,1.2965171,0,1.0833334,0.11764706,0.13846155,0.27339366,,,,,,,,,,,,,,,,,REG,NO,TB,Josh Hill,HillJo02,0.0,0.0,0.0,105.2
2019,REG,5,00-0031610,D.Waller,TE,TE,LV,12263,14c97c9f-26e8-4944-9299-f90de6aeada3,14104.0,9637.0,2505.0,,2576925.0,28592.0,,1850793.0,WallDa01,darren-waller-1,10215.0,10433.0,,28592.0,600191.0,16964.0,600191.0,Darren Waller,darren waller,4,5,39.0,0,0.0,0.0,26.0,20.0,1.0,0.94122756,0,1.5,0.16666667,0.2524272,0.42669904,Darren Waller,LV,5.944000000000001,2.594349930405633,4.954000000000001,25.239453841450988,80.0,39.0,0.0,5.0024999999999995,4.151230768695768,0.8512692313042312,00-0031610,Darren,Waller,D.Waller,REG,OAK,CHI,Darren Waller,WallDa01,0.0,1.0,0.2,99.2
2019,REG,5,00-0034439,R.Izzo,TE,TE,NE,13847,40b8fa44-b289-42dd-9606-a1ae30adc7bc,17541.0,47327.0,5094.0,,3122920.0,31127.0,,2138988.0,IzzoRy00,ryan-izzo-1,12529.0,13349.0,,31220.0,834990.0,20069.0,834990.0,Ryan Izzo,ryan izzo,2,2,39.0,1,0.0,0.0,28.0,11.0,2.0,5.5009828,0,1.3928572,0.05,0.090614885,0.13843042,,,,,,,,,,,,,,,,,REG,NE,WAS,Ryan Izzo,IzzoRy00,0.0,0.0,0.0,158.3
2019,REG,5,00-0030470,V.McDonald,TE,TE,PIT,11257,8f24a248-b328-43ec-8677-67600e42a8f7,11699.0,7836.0,1587.0,vancemcdonald/2540215,15853.0,26678.0,,1673357.0,McDoVa00,vance-mcdonald-1,8785.0,8413.0,,26678.0,494969.0,15239.0,,Vance McDonald,vance mcdonald,3,3,34.0,0,0.0,0.0,13.0,21.0,1.0,2.1932447,0,2.6153846,0.1,0.050583657,0.18540856,,,,,,,,,,,,,,,,,REG,PIT,BAL,Vance McDonald,McDoVa00,0.0,0.0,0.0,113.9
2019,REG,5,00-0034830,H.Hurst,TE,TE,BAL,13680,1b125fc4-5dd9-4eb9-a42f-048e61ca42b7,17283.0,47294.0,4973.0,,3924365.0,30995.0,,2185053.0,HursHa00,hayden-hurst-1,12467.0,13098.0,8.0,30995.0,881956.0,19843.0,881956.0,Hayden Hurst,hayden hurst,4,4,32.0,0,0.0,0.0,19.0,13.0,2.0,2.702372,0,1.6842105,0.14285715,0.08796296,0.2758598,,,,,,,,,,,,,,,,,REG,BAL,PIT,Hayden Hurst,HursHa00,0.0,0.0,0.0,100.0
2019,REG,5,00-0022127,J.Witten,TE,TE,DAL,6997,e38c9b1b-7c51-48a2-ac1d-a752502e8930,9275.0,1384.0,23.0,jasonwitten/2505629,4527.0,6405.0,,396134.0,WittJa00,jason-witten-1,3086.0,1990.0,,6405.0,184571.0,722.0,,Jason Witten,jason witten,3,4,29.0,0,0.0,0.0,57.0,3.0,2.0,0.93778354,0,0.50877196,0.0952381,0.114,0.22265714,,,,,,,,,,,,,,,,,REG,DAL,GB,Jason Witten,WittJa00,0.0,0.0,0.0,94.8
2019,REG,5,00-0028112,C.Clay,TE,TE,ARI,10409,04ca4fb9-194e-47fe-8fc8-adb5790a8e78,10003.0,6326.0,801.0,charlesclay/2495139,14145.0,24961.0,,1265552.0,ClayCh00,charles-clay-1,7424.0,6681.0,,24961.0,400516.0,12751.0,,Charles Clay,charles clay,1,1,27.0,0,0.0,0.0,20.0,7.0,1.0,2.3275225,0,1.35,0.032258064,0.06472492,0.09369454,,,,,,,,,,,,,,,,,REG,ARI,CIN,Charles Clay,ClayCh00,0.0,0.0,0.0,118.7
2019,REG,5,00-0032227,J.Heuerman,TE,TE,DEN,12208,1fe3aadd-336b-4838-888e-8c9609747afc,13961.0,9525.0,2397.0,jeffheuerman/2552399,2576389.0,28480.0,,1824413.0,HeueJe00,jeff-heuerman-1,10246.0,10492.0,,28480.0,593517.0,16853.0,,Jeff Heuerman,jeff heuerman,1,3,26.0,0,0.0,0.0,29.0,3.0,1.0,-3.3591785,0,0.8965517,0.15789473,0.26126125,0.419725,,,,,,,,,,,,,,,,,REG,DEN,LAC,Jeff Heuerman,HeueJe00,0.0,0.0,0.0,26.4
2019,REG,5,00-0033757,R.Tonyan,TE,TE,GB,13427,7c9c7800-69d0-459b-812b-a07ac48e9f2a,16502.0,12193.0,4602.0,,2975674.0,30777.0,,2820026.0,TonyRo00,,12389.0,12868.0,,30777.0,660151.0,19491.0,660151.0,Robert Tonyan,robert tonyan,1,1,23.0,0,0.0,0.0,20.0,3.0,1.0,2.3121867,0,1.15,0.032258064,0.088495575,0.110334,,,,,,,,,,,,,,,,,REG,GB,DAL,Robert Tonyan,TonyRo00,0.0,0.0,0.0,118.7
2019,REG,5,00-0029119,D.Carrier,TE,TE,LV,10940,d3fab07b-f02a-433d-9612-cb0a751f324d,11417.0,7406.0,1718.0,derekcarrier/2534241,15403.0,26416.0,,1977121.0,CarrDe00,,9203.0,7527.0,,26416.0,654887.0,15640.0,654887.0,Derek Carrier,derek carrier,2,2,22.0,0,0.0,0.0,7.0,15.0,1.0,1.7385613,0,3.142857,0.06666667,0.067961164,0.14757282,,,,,,,,,,,,,,,,,REG,OAK,CHI,Derek Carrier,CarrDe00,0.0,0.0,0.0,112.5
2019,REG,5,00-0031744,M.LaCosse,TE,TE,NE,12596,25e58aee-1b33-4468-9a81-6586426b91d5,14288.0,9840.0,2944.0,mattlacosse/2553667,2576179.0,28875.0,,2174931.0,,,10727.0,10980.0,,28875.0,606055.0,17415.0,606055.0,Matt LaCosse,matt lacosse,1,4,22.0,0,0.0,0.0,29.0,13.0,1.0,-0.22754104,0,0.7586207,0.1,0.093851134,0.2156958,,,,,,,,,,,,,,,,,,,,,,,,,
2019,REG,5,00-0034364,J.Akins,TE,TE,HOU,13753,0cb5a32a-a340-4671-ba2a-93f5fa6aee8d,17415.0,47050.0,5032.0,,3128452.0,31068.0,,2142712.0,AkinJo00,jordan-akins-1,12568.0,13238.0,,31068.0,838396.0,19903.0,838396.0,Jordan Akins,jordan akins,1,1,21.0,0,0.0,0.0,-1.0,22.0,1.0,1.6976703,0,0.0,0.030303031,-0.0034965035,0.043006994,,,,,,,,,,,,,,,,,REG,HOU,ATL,Jordan Akins,AkinJo00,0.0,0.0,0.0,118.7
2019,REG,5,00-0029738,D.Fells,TE,TE,HOU,11337,54d4e35a-2e6c-48f6-86ad-92dd596c173c,13636.0,8549.0,1592.0,darrenfells/2540928,15773.0,26612.0,,2053740.0,FellDa01,,9758.0,8472.0,,26612.0,266414.0,15247.0,266414.0,Darren Fells,darren fells,2,2,20.0,2,0.0,0.0,20.0,0.0,2.0,4.5207896,0,1.0,0.060606062,0.06993007,0.13986014,,,,,,,,,,,,,,,,,REG,HOU,ATL,Darren Fells,FellDa01,0.0,0.0,0.0,147.9
2019,REG,5,00-0030181,J.Doyle,TE,TE,IND,11516,bd413539-9351-454e-9d61-4e8635d7e9f5,11987.0,8520.0,1706.0,jackdoyle/2540232,16504.0,27299.0,,2041264.0,DoylJa00,,9081.0,9075.0,,27299.0,477386.0,15602.0,477386.0,Jack Doyle,jack doyle,3,3,19.0,0,0.0,0.0,3.0,16.0,1.0,1.9687872,0,6.3333335,0.115384616,0.025,0.19057693,,,,,,,,,,,,,,,,,REG,IND,KC,Jack Doyle,DoylJa00,0.0,0.0,0.0,93.1
2019,REG,5,00-0024243,M.Lewis,TE,TE,GB,8269,9c21e9af-681c-41ef-9b00-fbc9e1668ed1,9413.0,2973.0,111.0,marcedeslewis/2495888,9614.0,7777.0,4007.0,415313.0,LewiMa00,marcedes-lewis-1,4891.0,3615.0,,7777.0,214197.0,3061.0,214197.0,Marcedes Lewis,marcedes lewis,2,2,17.0,0,0.0,0.0,-2.0,19.0,1.0,0.45316592,0,0.0,0.06451613,-0.0088495575,0.0905795,,,,,,,,,,,,,,,,,REG,GB,DAL,Marcedes Lewis,LewiMa00,0.0,0.0,0.0,102.1
2019,REG,5,00-0033528,J.Sprinkle,TE,TE,WAS,13194,2dcc8e56-ac32-4774-a011-b1e65ca73786,16461.0,11909.0,4221.0,,2980073.0,30267.0,,1999945.0,SpriJe00,jeremy-sprinkle-1,11899.0,12368.0,,30267.0,693833.0,19067.0,693833.0,Jeremy Sprinkle,jeremy sprinkle,2,3,17.0,0,0.0,0.0,17.0,5.0,0.0,-0.39124233,0,1.0,0.11111111,0.096045196,0.23389831,,,,,,,,,,,,,,,,,REG,WAS,NE,Jeremy Sprinkle,SpriJe00,0.0,0.0,0.0,81.2
2019,REG,5,00-0030710,T.Burton,TE,TE,CHI,11705,bc0f07a4-3e7b-4e61-987a-05533dc225be,12153.0,9185.0,1793.0,treyburton/2550284,16974.0,27789.0,,2130223.0,BurtTr01,,9490.0,9737.0,,27789.0,542788.0,15965.0,,Trey Burton,trey burton,3,3,16.0,0,0.0,0.0,6.0,10.0,1.0,0.42048705,0,2.6666667,0.1,0.027906977,0.16953488,,,,,,,,,,,,,,,,,REG,CHI,OAK,Trey Burton,BurtTr01,0.0,0.0,0.0,88.9
2019,REG,5,00-0032134,C.Uzomah,TE,TE,CIN,12317,19858900-5c8e-49a7-ab02-34ef625724ca,14084.0,9590.0,2460.0,c.j.uzomah/2552559,2574576.0,28545.0,,2174118.0,UzomC.00,cj-uzomah-1,10462.0,10534.0,,28545.0,593305.0,16917.0,593305.0,C.J. Uzomah,cj uzomah,2,2,16.0,0,0.0,0.0,12.0,4.0,0.0,1.1114551,0,1.3333334,0.054054055,0.051948052,0.11744472,,,,,,,,,,,,,,,,,REG,CIN,ARI,C.J. Uzomah,UzomC.00,0.0,0.0,0.0,100.0
2019,REG,5,00-0032986,J.Holtz,TE,TE,CHI,14372,8d3ac8d8-e18f-4485-acc6-55c79adcc2a8,16022.0,11062.0,3695.0,,2970262.0,29666.0,,2237671.0,HoltJ.01,,11364.0,11813.0,,29666.0,692334.0,18498.0,692334.0,J.P. Holtz,jp holtz,1,2,16.0,0,0.0,0.0,3.0,17.0,1.0,0.9077938,0,5.3333335,0.06666667,0.013953488,0.109767444,,,,,,,,,,,,,,,,,REG,CHI,OAK,J.P. Holtz,HoltJ.01,0.0,1.0,0.5,77.1
2019,REG,5,00-0030549,T.Eifert,TE,TE,CIN,11250,14ecf9dd-3a77-4847-8e62-407cd1182f1c,11692.0,7802.0,1388.0,tylereifert/2540148,15788.0,26644.0,,1691608.0,EifeTy00,tyler-eifert-1,8782.0,8408.0,,26644.0,508968.0,14918.0,,Tyler Eifert,tyler eifert,2,4,14.0,0,0.0,0.0,22.0,2.0,0.0,-2.1860802,0,0.6363636,0.10810811,0.0952381,0.22882883,,,,,,,,,,,,,,,,,REG,CIN,ARI,Tyler Eifert,EifeTy00,0.0,0.0,0.0,58.3
2019,REG,5,00-0035689,D.Knox,TE,TE,BUF,14143,5fb525c5-4e70-4ede-8c49-94ad0cf66b7d,18631.0,35883.0,5906.0,,3930086.0,31928.0,,2186345.0,KnoxDa00,dawson-knox-1,13466.0,13953.0,88.0,31928.0,884083.0,20850.0,884083.0,Dawson Knox,dawson knox,2,5,12.0,0,0.0,0.0,26.0,6.0,0.0,-3.6092112,0,0.46153846,0.1724138,0.2184874,0.41156188,Dawson Knox,BUF,4.76,2.4608939433463455,5.2559999999999985,21.579898177040562,40.0,12.0,0.0,3.020000000000003,4.293272075216464,-1.273272075216461,00-0035689,Dawson,Knox,D.Knox,REG,BUF,TEN,Dawson Knox,KnoxDa00,0.0,0.0,0.0,47.9
2019,REG,5,00-0031273,C.Brate,TE,TE,TB,12110,5afe93fd-0caf-4cca-83fc-7f405bebfa3e,13470.0,9207.0,2214.0,,17453.0,28267.0,,2132787.0,BratCa00,,10008.0,10193.0,,28267.0,552926.0,16593.0,552926.0,Cameron Brate,cameron brate,1,1,11.0,0,0.0,0.0,6.0,5.0,1.0,0.7630259,0,1.8333334,0.03846154,0.025751073,0.07571806,,,,,,,,,,,,,,,,,REG,TB,NO,Cameron Brate,BratCa00,0.0,0.0,0.0,112.5
2019,REG,5,00-0034351,D.Goedert,TE,TE,PHI,13674,e8029983-87cf-49a2-bc04-04c8233a0630,17270.0,47272.0,5022.0,,3121023.0,31019.0,,2132551.0,GoedDa00,,12860.0,13151.0,382.0,31019.0,791365.0,19863.0,791365.0,Dallas Goedert,dallas goedert,1,3,11.0,0,0.0,0.0,16.0,4.0,1.0,-1.2154478,0,0.6875,0.10714286,0.074418604,0.21280731,,,,,,,,,,,,,,,,,REG,PHI,NYJ,Dallas Goedert,GoedDa00,1.0,1.0,0.333,45.1
2019,REG,5,00-0024389,De.Walker,TE,TE,TEN,8416,ccce5e8e-52ca-4f0f-a40f-fe5e7227d156,9172.0,3120.0,284.0,delaniewalker/2495966,9761.0,7924.0,4353.0,1109396.0,WalkHu00,,4888.0,3976.0,,7924.0,218943.0,7175.0,,Delanie Walker,delanie walker,1,2,10.0,0,0.0,0.0,6.0,8.0,0.0,-1.5356883,0,1.6666666,0.0952381,0.058252428,0.18363385,,,,,,,,,,,,,,,,,REG,TEN,BUF,Delanie Walker,WalkHu00,0.0,1.0,0.5,64.6
2019,REG,5,00-0030089,L.Willson,TE,TE,SEA,11381,16c67c97-ffd9-4f92-917d-ad6124ce1f6e,11812.0,7940.0,1603.0,lukewillson/2541199,16121.0,26781.0,,2057661.0,WillLu00,luke-willson-1,8907.0,8567.0,,26781.0,466869.0,15263.0,466869.0,Luke Willson,luke willson,1,1,10.0,0,0.0,0.0,5.0,5.0,1.0,0.9066766,0,2.0,0.045454547,0.020576132,0.08258511,,,,,,,,,,,,,,,,,REG,SEA,LA,Luke Willson,WillLu00,0.0,0.0,0.0,108.3
2019,REG,5,00-0033217,M.Alie-Cox,TE,TE,IND,13246,8809c0dd-786b-4255-a7d0-333c9498c19a,16579.0,12078.0,4054.0,moalie-cox/2558832,2998565.0,30112.0,,2815925.0,AlieMo00,,12196.0,12221.0,195.0,30112.0,712506.0,18900.0,712506.0,Mo Alie-Cox,mo alie-cox,1,2,10.0,0,0.0,0.0,4.0,9.0,1.0,0.34602746,0,2.5,0.07692308,0.033333335,0.13871795,,,,,,,,,,,,,,,,,REG,IND,KC,Mo Alie-Cox,AlieMo00,0.0,0.0,0.0,64.6
2019,REG,5,00-0033879,O.Howard,TE,TE,TB,13188,93ed8c6f-b676-46d3-bf82-6155e89b4a68,16380.0,11774.0,4055.0,,3043080.0,30132.0,,2061190.0,HowaO.00,oj-howard-1,11806.0,12161.0,,30132.0,732147.0,18901.0,732147.0,O.J. Howard,oj howard,1,2,10.0,0,0.0,0.0,28.0,6.0,1.0,0.14527297,0,0.35714287,0.07692308,0.12017167,0.1995048,,,,,,,,,,,,,,,,,REG,TB,NO,O.J. Howard,HowaO.00,0.0,0.0,0.0,64.6
2019,REG,5,00-0028097,L.Smith,TE,TE,BUF,10398,cf23126f-055b-4617-819b-bb4bcb84541a,9992.0,6311.0,812.0,leesmith/2495347,14215.0,24946.0,7585.0,1276441.0,SmitLe00,lee-smith-2,7425.0,6665.0,,24946.0,334184.0,12777.0,334184.0,Lee Smith,lee smith,1,1,8.0,1,0.0,0.0,8.0,0.0,1.0,1.8964584,0,1.0,0.03448276,0.067226894,0.098782964,,,,,,,,,,,,,,,,,REG,BUF,TEN,Lee Smith,SmitLe00,0.0,0.0,0.0,139.6
2019,REG,5,00-0031387,E.Ebron,TE,TE,IND,11695,9fbcfae9-dd14-415c-8952-9b1b5dff0dfc,12143.0,8645.0,2118.0,ericebron/2543466,16732.0,27538.0,,1865396.0,EbroEr00,eric-ebron-1,9210.0,9390.0,,27538.0,605752.0,16451.0,605752.0,Eric Ebron,eric ebron,1,4,8.0,0,0.0,0.0,45.0,2.0,0.0,-7.018486,0,0.17777778,0.15384616,0.375,0.49326923,,,,,,,,,,,,,,,,,REG,IND,KC,Eric Ebron,EbroEr00,0.0,0.0,0.0,0.0
2019,REG,5,00-0031558,M.Williams,TE,TE,ARI,12206,52f4a43a-64a9-4d69-a9e2-28bd60f68e49,13919.0,9488.0,2360.0,,2970726.0,28443.0,,1983769.0,WillMa04,maxx-williams-1,10128.0,10298.0,,28443.0,651658.0,16816.0,651658.0,Maxx Williams,maxx williams,1,1,7.0,0,0.0,0.0,5.0,2.0,0.0,-0.6574941,0,1.4,0.032258064,0.01618123,0.059713956,,,,,,,,,,,,,,,,,REG,ARI,CIN,Maxx Williams,WillMa04,0.0,0.0,0.0,95.8
2019,REG,5,00-0035644,N.Fant,TE,TE,DEN,14137,cdc98acc-9eb6-4b44-81bb-61d7b8a3b55f,17527.0,42388.0,5857.0,,4036131.0,31852.0,,2251095.0,FantNo00,noah-fant-1,13426.0,14050.0,243.0,31852.0,923911.0,20753.0,923911.0,Noah Fant,noah fant,1,1,6.0,0,0.0,0.0,6.0,0.0,0.0,0.0051161763,0,1.0,0.05263158,0.054054055,0.116785206,,,,,,,,,,,,,,,,,REG,DEN,LAC,Noah Fant,FantNo00,0.0,0.0,0.0,91.7
2019,REG,5,00-0028142,V.Green,TE,TE,LAC,10432,6ef43c53-53d7-4b0f-ad99-17664d663ae8,10026.0,6356.0,868.0,virgilgreen/2495288,14085.0,24991.0,7502.0,1130615.0,GreeVi00,virgil-green-1,7416.0,6570.0,,24991.0,323254.0,13016.0,,Virgil Green,virgil green,1,1,5.0,0,0.0,0.0,5.0,0.0,0.0,0.09637523,0,1.0,0.02173913,0.023148147,0.0488124,,,,,,,,,,,,,,,,,REG,LAC,DEN,Virgil Green,GreeVi00,0.0,0.0,0.0,87.5
2019,REG,5,00-0027981,K.Rudolph,TE,TE,MIN,10312,1059e9dc-97df-4643-9116-883a0573d8b1,9906.0,6195.0,943.0,kylerudolph/2495438,14054.0,24830.0,7444.0,1633122.0,RudoKy00,kyle-rudolph-1,7246.0,6459.0,,24830.0,469472.0,13275.0,469472.0,Kyle Rudolph,kyle rudolph,1,1,4.0,0,0.0,0.0,-3.0,7.0,0.0,-0.2559695,0,0.0,0.041666668,-0.020689655,0.04801724,,,,,,,,,,,,,,,,,REG,MIN,NYG,Kyle Rudolph,RudoKy00,0.0,0.0,0.0,83.3
2019,REG,5,00-0032141,G.Swaim,TE,TE,JAX,12378,d0f9112d-2496-450a-9fc5-d2d01b4d2454,14164.0,9679.0,2545.0,geoffswaim/2553454,3046704.0,28634.0,,2174207.0,SwaiGe00,geoff-swaim-1,10507.0,10617.0,,28634.0,728021.0,17005.0,728021.0,Geoff Swaim,geoff swaim,1,1,4.0,0,0.0,0.0,1.0,3.0,0.0,-0.20742933,0,4.0,0.025,0.002617801,0.03933246,,,,,,,,,,,,,,,,,REG,JAX,CAR,Geoff Swaim,SwaiGe00,0.0,0.0,0.0,83.3
2019,REG,5,00-0029587,R.Ellison,TE,TE,NYG,10838,cccc9f16-9508-434f-b7a4-9a29cb0cacf9,11315.0,7128.0,1211.0,rhettellison/2532835,15003.0,25838.0,,1244464.0,ElliRh00,rhett-ellison-1,8114.0,7580.0,,25838.0,399295.0,14445.0,,Rhett Ellison,rhett ellison,1,1,3.0,0,0.0,0.0,2.0,1.0,0.0,-0.20458913,0,1.5,0.027777778,0.005586592,0.04557728,,,,,,,,,,,,,,,,,REG,NYG,MIN,Rhett Ellison,ElliRh00,0.0,0.0,0.0,79.2
2019,REG,5,00-0030108,R.Griffin,TE,TE,NYJ,11399,cb1df42c-b59c-4e23-a9a2-fbfc2b39ef71,11830.0,7982.0,1425.0,ryangriffin/2541316,15887.0,26824.0,,2057695.0,GrifRy00,ryan-griffin-1,8911.0,8600.0,,26824.0,465129.0,14985.0,465129.0,Ryan Griffin,ryan griffin,1,1,2.0,0,0.0,0.0,1.0,1.0,0.0,-0.7061673,0,2.0,0.04,0.0074074073,0.06518518,,,,,,,,,,,,,,,,,REG,NYJ,PHI,Ryan Griffin,GrifRy00,0.0,0.0,0.0,79.2
2019,REG,5,00-0025418,G.Olsen,TE,TE,CAR,8687,587d0a98-7ec5-45a5-adba-8af26e8f256b,9238.0,3647.0,58.0,gregolsen/2495700,10475.0,8285.0,,502524.0,OlseGr00,greg-olsen-1,5206.0,4190.0,,8285.0,230925.0,1658.0,,Greg Olsen,greg olsen,0,2,0.0,0,0.0,0.0,12.0,0.0,0.0,-1.6812255,0,0.0,0.071428575,0.060606062,0.1495671,,,,,,,,,,,,,,,,,REG,CAR,JAX,Greg Olsen,OlseGr00,0.0,1.0,0.5,39.6
2019,REG,5,00-0027985,L.Kendricks,TE,TE,LAC,10318,27921351-a775-4649-bd49-7b4c486d1ba2,9912.0,6199.0,964.0,lancekendricks/2495187,14007.0,24834.0,7425.0,1117803.0,KendLa00,lance-kendricks-1,7412.0,6614.0,,24834.0,332066.0,13386.0,,Lance Kendricks,lance kendricks,0,1,0.0,0,0.0,0.0,7.0,0.0,0.0,-1.6135111,0,0.0,0.02173913,0.032407407,0.05529388,,,,,,,,,,,,,,,,,REG,LAC,DEN,Lance Kendricks,KendLa00,0.0,0.0,0.0,39.6
2019,REG,5,00-0030155,D.Harris,TE,TE,CLE,11448,8506c15c-15cc-4d2c-aebf-270c605fe0ec,11881.0,8524.0,1619.0,demetriusharris/2541187,16318.0,27174.0,,2060074.0,HarrDe03,,9847.0,8683.0,,27174.0,602269.0,15305.0,602269.0,Demetrius Harris,demetrius harris,1,2,0.0,0,0.0,0.0,7.0,5.0,0.0,-1.2303236,0,0.0,0.09090909,0.02834008,0.15620169,,,,,,,,,,,,,,,,,REG,CLE,SF,Demetrius Harris,HarrDe03,0.0,0.0,0.0,56.2
2019,REG,5,00-0031598,N.Boyle,TE,TE,BAL,12328,9480dd9f-151f-4e6d-b5a3-35f07bda4cac,13963.0,9604.0,2474.0,,2574591.0,28559.0,,1888149.0,BoylNi00,,10252.0,10547.0,,28559.0,608753.0,16931.0,608753.0,Nick Boyle,nick boyle,0,2,0.0,0,0.0,0.0,34.0,0.0,0.0,-4.1301565,0,0.0,0.071428575,0.1574074,0.21732804,,,,,,,,,,,,,,,,,REG,BAL,PIT,Nick Boyle,BoylNi00,0.0,0.0,0.0,0.0
2019,REG,5,00-0032394,N.Vannett,TE,TE,PIT,12680,c731aa8a-778b-4ccd-a19f-517eb66f47b7,15645.0,10728.0,3258.0,,2576399.0,29328.0,,1871322.0,VannNi00,nick-vannett-1,10949.0,11329.0,,29328.0,606488.0,18019.0,606488.0,Nick Vannett,nick vannett,0,1,0.0,0,0.0,0.0,12.0,0.0,0.0,-0.49211314,0,0.0,0.033333335,0.046692606,0.08268482,,,,,,,,,,,,,,,,,REG,PIT,BAL,Nick Vannett,VannNi00,0.0,0.0,0.0,39.6
2019,REG,5,00-0033611,R.Seals-Jones,TE,TE,CLE,13382,52735659-a294-4f64-a7f4-3591450834e5,16730.0,12020.0,4531.0,,3051806.0,30494.0,,2080003.0,SealRi00,,11876.0,12463.0,,30494.0,744568.0,19410.0,744568.0,Ricky Seals-Jones,ricky seals-jones,0,1,0.0,0,0.0,0.0,30.0,0.0,0.0,-1.2888135,0,0.0,0.045454547,0.12145749,0.15320206,,,,,,,,,,,,,,,,,REG,CLE,SF,Ricky Seals-Jones,SealRi00,0.0,0.0,0.0,39.6
2019,REG,5,00-0035308,T.Sweeney,TE,TE,BUF,14294,ec63ee49-3a03-44ca-a083-3916f0bccd76,18325.0,47216.0,6137.0,,3122818.0,32060.0,,2139106.0,SweeTo00,tommy-sweeney-1,13667.0,14287.0,,32060.0,836094.0,20957.0,836094.0,Tommy Sweeney,tommy sweeney,0,2,0.0,0,0.0,0.0,1.0,0.0,0.0,-1.0157788,0,0.0,0.06896552,0.008403362,0.10933063,,,,,,,,,,,,,,,,,REG,BUF,TEN,Tommy Sweeney,SweeTo00,0.0,1.0,0.5,39.6
2019,REG,5,00-0034073,R.Dwelley,TE,TE,SF,13988,70473218-5ae3-47b4-86fd-151e68f1e8b9,17886.0,20994.0,5285.0,,3120303.0,31329.0,,2924888.0,DwelRo00,,13030.0,13522.0,,31329.0,752665.0,20361.0,752665.0,Ross Dwelley,ross dwelley,2,2,-3.0,0,0.0,0.0,-4.0,1.0,0.0,-1.8551234,0,0.0,0.071428575,-0.022099448,0.09167325,,,,,,,,,,,,,,,,,REG,SF,CLE,Ross Dwelley,DwelRo00,0.0,0.0,0.0,79.2
2019,REG,6,00-0032392,A.Hooper,TE,TE,ATL,12677,90c2a93f-d837-4e1b-b57c-56648903a8db,15581.0,10715.0,3202.0,,3043275.0,29315.0,,2067004.0,HoopAu00,austin-hooper-1,10748.0,11301.0,384.0,29315.0,739424.0,17963.0,739424.0,Austin Hooper,austin hooper,8,8,117.0,1,0.0,0.0,88.0,29.0,6.0,10.147021,0,1.3295455,0.23529412,0.29431438,0.5589613,Austin Hooper,ATL,4.428571428571429,4.715121073172265,10.186249999999998,27.933363041168196,100.0,117.0,1.0,4.438750000000002,4.208457561984716,0.23029243801528665,00-0032392,Austin,Hooper,A.Hooper,REG,ATL,ARI,Austin Hooper,HoopAu00,0.0,0.0,0.0,158.3
2019,REG,6,00-0033288,G.Kittle,TE,TE,SF,13299,2ada91b0-036e-454f-83c3-6d939ff584a9,16499.0,11901.0,4217.0,,3040151.0,30259.0,,2818265.0,KittGe00,george-kittle-1,11892.0,12276.0,298.0,30259.0,733672.0,19063.0,733672.0,George Kittle,george kittle,8,8,103.0,0,0.0,0.0,38.0,65.0,4.0,6.386536,0,2.7105262,0.2580645,0.29457363,0.5932983,George Kittle,SF,6.475714285714285,3.836127743942605,4.382500000000002,26.728672714797607,100.0,103.0,0.0,8.4925,5.31160116400406,3.18089883599594,00-0033288,George,Kittle,G.Kittle,REG,SF,LA,George Kittle,KittGe00,3.0,0.0,0.0,118.7
2019,REG,6,00-0033090,H.Henry,TE,TE,LAC,12676,705899da-3c20-4bc3-b5d0-2e6e40655131,15561.0,10669.0,3214.0,,3046439.0,29269.0,,2079848.0,HenrHu00,hunter-henry-1,10735.0,11299.0,212.0,29269.0,744425.0,17975.0,744425.0,Hunter Henry,hunter henry,8,9,100.0,2,0.0,0.0,103.0,12.0,6.0,10.02734,0,0.9708738,0.21428572,0.21193415,0.46978247,Hunter Henry,LAC,5.041428571428571,2.1508393999466917,12.321111111111113,22.74433391447031,88.88888888888889,100.0,2.0,1.7624999999999993,1.9994435789585197,-0.23694357895852036,00-0033090,Hunter,Henry,H.Henry,REG,LAC,PIT,Hunter Henry,HenrHu00,0.0,0.0,0.0,152.5
2019,REG,6,00-0034753,M.Andrews,TE,TE,BAL,13671,0618f387-9b72-4270-8b8f-dec4cccc9e4a,17269.0,47436.0,5012.0,,3116365.0,31056.0,,2131121.0,AndrMa00,mark-andrews-1,12559.0,13182.0,366.0,31056.0,820699.0,19803.0,820699.0,Mark Andrews,mark andrews,6,8,99.0,0,1.0,1.0,72.0,43.0,4.0,1.9923657,0,1.375,0.27586207,0.32876712,0.6439301,Mark Andrews,BAL,4.611428571428571,4.272923627591627,9.029999999999998,33.87096774193548,75.0,99.0,0.0,7.510000000000004,6.717059212344869,0.7929407876551355,00-0034753,Mark,Andrews,M.Andrews,REG,BAL,CIN,Mark Andrews,AndrMa00,0.0,0.0,0.0,116.1
2019,REG,6,00-0029738,D.Fells,TE,TE,HOU,11337,54d4e35a-2e6c-48f6-86ad-92dd596c173c,13636.0,8549.0,1592.0,darrenfells/2540928,15773.0,26612.0,,2053740.0,FellDa01,,9758.0,8472.0,,26612.0,266414.0,15247.0,266414.0,Darren Fells,darren fells,6,7,69.0,0,0.0,0.0,33.0,41.0,4.0,4.19633,0,2.090909,0.16666667,0.08943089,0.31260163,Darren Fells,HOU,6.4174999999999995,3.522592053966123,4.145714285714287,8.499048176892664,85.71428571428571,69.0,0.0,7.621666666666665,6.611178815748531,1.0104878509181345,00-0029738,Darren,Fells,D.Fells,REG,HOU,KC,Darren Fells,FellDa01,0.0,0.0,0.0,107.7
2019,REG,6,00-0030506,T.Kelce,TE,TE,KC,11244,c3859e06-5f23-4302-a71b-04820a899d5f,11594.0,7844.0,1466.0,traviskelce/2540258,15847.0,26686.0,,1725130.0,KelcTr00,travis-kelce-1,8783.0,8411.0,264.0,26686.0,448240.0,15048.0,448240.0,Travis Kelce,travis kelce,4,6,58.0,0,0.0,0.0,34.0,31.0,3.0,1.7780855,0,1.7058823,0.17142858,0.09714286,0.32514286,Travis Kelce,KC,4.548,3.50487933229109,5.333333333333333,9.144947416552354,66.66666666666666,58.0,0.0,7.967499999999998,3.1400493402613847,4.827450659738613,00-0030506,Travis,Kelce,T.Kelce,REG,KC,HOU,Travis Kelce,KelcTr00,2.0,2.0,0.333,97.9
2019,REG,6,00-0022127,J.Witten,TE,TE,DAL,6997,e38c9b1b-7c51-48a2-ac1d-a752502e8930,9275.0,1384.0,23.0,jasonwitten/2505629,4527.0,6405.0,,396134.0,WittJa00,jason-witten-1,3086.0,1990.0,,6405.0,184571.0,722.0,,Jason Witten,jason witten,5,7,57.0,0,0.0,0.0,76.0,11.0,2.0,4.763507,0,0.75,0.17948718,0.23824452,0.43600193,Jason Witten,DAL,5.3925,2.782897113349862,11.522857142857143,25.826902756876173,71.42857142857143,57.0,0.0,1.9,1.2463378417929107,0.6536621582070892,00-0022127,Christopher,Witten,J.Witten,REG,DAL,NYJ,Jason Witten,WittJa00,0.0,1.0,0.143,95.5
2019,REG,6,00-0030061,Z.Ertz,TE,TE,PHI,11247,de3421f7-2147-4835-89a5-724e87bad463,11689.0,7816.0,1339.0,zachertz/2540158,15835.0,26658.0,,1685963.0,ErtzZa00,zach-ertz-1,8781.0,8409.0,305.0,26658.0,503177.0,14856.0,503177.0,Zach Ertz,zach ertz,4,9,54.0,0,1.0,1.0,92.0,3.0,2.0,-3.8525546,0,0.5869565,0.2195122,0.24533333,0.5010016,Zach Ertz,PHI,5.784285714285714,3.205013532936133,10.488888888888887,25.59305950928562,44.44444444444444,54.0,0.0,1.0250000000000004,1.9015699395816483,-0.876569939581648,00-0030061,Zachary,Ertz,Z.Ertz,REG,PHI,MIN,Zach Ertz,ErtzZa00,0.0,1.0,0.111,64.1
2019,REG,6,00-0025418,G.Olsen,TE,TE,CAR,8687,587d0a98-7ec5-45a5-adba-8af26e8f256b,9238.0,3647.0,58.0,gregolsen/2495700,10475.0,8285.0,,502524.0,OlseGr00,greg-olsen-1,5206.0,4190.0,,8285.0,230925.0,1658.0,,Greg Olsen,greg olsen,4,7,52.0,0,0.0,0.0,56.0,21.0,3.0,0.9009945,0,0.9285714,0.22580644,0.19787987,0.47722557,Greg Olsen,CAR,5.55,2.5984018358575587,7.777142857142855,19.71463750271601,57.14285714285714,52.0,0.0,5.697500000000002,7.443568121437579,-1.7460681214375775,00-0025418,Gregory,Olsen,G.Olsen,REG,CAR,TB,Greg Olsen,OlseGr00,0.0,0.0,0.0,80.7
2019,REG,6,00-0034829,M.Gesicki,TE,TE,MIA,13672,1012cbe0-7eba-4169-bfca-183a0204e1a7,17272.0,47153.0,4993.0,,3116164.0,31012.0,,2139298.0,GesiMi00,mike-gesicki-1,12764.0,13104.0,330.0,31012.0,836152.0,19853.0,836152.0,Mike Gesicki,mike gesicki,3,7,51.0,0,0.0,0.0,82.0,25.0,1.0,-1.0628769,0,0.6219512,0.16666667,0.33606556,0.4852459,Mike Gesicki,MIA,3.4928571428571424,3.007884849691087,10.44857142857143,33.35765757548117,42.857142857142854,51.0,0.0,9.78,9.716426534008255,0.06357346599174463,00-0034829,Michael,Gesicki,M.Gesicki,REG,MIA,WAS,Mike Gesicki,GesiMi00,0.0,0.0,0.0,68.2
2019,REG,6,00-0024243,M.Lewis,TE,TE,GB,8269,9c21e9af-681c-41ef-9b00-fbc9e1668ed1,9413.0,2973.0,111.0,marcedeslewis/2495888,9614.0,7777.0,4007.0,415313.0,LewiMa00,marcedes-lewis-1,4891.0,3615.0,,7777.0,214197.0,3061.0,214197.0,Marcedes Lewis,marcedes lewis,2,2,50.0,0,0.0,0.0,45.0,5.0,2.0,2.725174,0,1.1111112,0.05263158,0.12261581,0.16477843,,,,,,,,,,,,,,,,,REG,GB,DET,Marcedes Lewis,LewiMa00,0.0,0.0,0.0,118.7
2019,REG,6,00-0034351,D.Goedert,TE,TE,PHI,13674,e8029983-87cf-49a2-bc04-04c8233a0630,17270.0,47272.0,5022.0,,3121023.0,31019.0,,2132551.0,GoedDa00,,12860.0,13151.0,382.0,31019.0,791365.0,19863.0,791365.0,Dallas Goedert,dallas goedert,5,8,48.0,0,0.0,0.0,46.0,36.0,2.0,-4.6362934,0,1.0434783,0.19512194,0.122666664,0.3785496,Dallas Goedert,PHI,7.17,3.042215565167438,5.029999999999999,9.5458858614613,71.42857142857143,48.0,0.0,7.840000000000001,7.573525324919638,0.2664746750803628,00-0034351,Dallas,Goedert,D.Goedert,REG,PHI,MIN,Dallas Goedert,GoedDa00,0.0,0.0,0.0,39.6
2019,REG,6,00-0031273,C.Brate,TE,TE,TB,12110,5afe93fd-0caf-4cca-83fc-7f405bebfa3e,13470.0,9207.0,2214.0,,17453.0,28267.0,,2132787.0,BratCa00,,10008.0,10193.0,,28267.0,552926.0,16593.0,552926.0,Cameron Brate,cameron brate,2,4,47.0,1,0.0,0.0,55.0,24.0,2.0,2.6090145,0,0.8545455,0.07692308,0.094827585,0.18176393,,,,,,,,,,,,,,,,,REG,TB,CAR,Cameron Brate,BratCa00,1.0,0.0,0.0,132.3
2019,REG,6,00-0033611,R.Seals-Jones,TE,TE,CLE,13382,52735659-a294-4f64-a7f4-3591450834e5,16730.0,12020.0,4531.0,,3051806.0,30494.0,,2080003.0,SealRi00,,11876.0,12463.0,,30494.0,744568.0,19410.0,744568.0,Ricky Seals-Jones,ricky seals-jones,3,6,47.0,1,0.0,0.0,74.0,12.0,2.0,2.6855595,0,0.6351351,0.16666667,0.24503312,0.42152318,Ricky Seals-Jones,CLE,3.38,2.449598066103775,11.233333333333334,20.3514704994263,50.0,47.0,1.0,5.209999999999998,3.03311050613479,2.1768894938652084,00-0033611,Roderick,Seals-Jones,R.Seals-Jones,REG,CLE,SEA,Ricky Seals-Jones,SealRi00,0.0,1.0,0.167,116.0
2019,REG,6,00-0024389,De.Walker,TE,TE,TEN,8416,ccce5e8e-52ca-4f0f-a40f-fe5e7227d156,9172.0,3120.0,284.0,delaniewalker/2495966,9761.0,7924.0,4353.0,1109396.0,WalkHu00,,4888.0,3976.0,,7924.0,218943.0,7175.0,,Delanie Walker,delanie walker,3,6,43.0,0,0.0,0.0,47.0,9.0,1.0,-2.3915012,0,0.9148936,0.1875,0.16666667,0.39791667,Delanie Walker,TEN,6.118,3.6960254156764356,10.123333333333333,20.357956830674347,50.0,43.0,0.0,3.8699999999999988,5.083574832511204,-1.2135748325112048,00-0024389,Delanie,Walker,De.Walker,REG,TEN,DEN,Delanie Walker,WalkHu00,0.0,0.0,0.0,34.0
2019,REG,6,00-0034364,J.Akins,TE,TE,HOU,13753,0cb5a32a-a340-4671-ba2a-93f5fa6aee8d,17415.0,47050.0,5032.0,,3128452.0,31068.0,,2142712.0,AkinJo00,jordan-akins-1,12568.0,13238.0,,31068.0,838396.0,19903.0,838396.0,Jordan Akins,jordan akins,3,3,39.0,0,0.0,0.0,29.0,10.0,2.0,1.6154764,0,1.3448275,0.071428575,0.07859079,0.1621564,,,,,,,,,,,,,,,,,REG,HOU,KC,Jordan Akins,AkinJo00,1.0,0.0,0.0,118.7
2019,REG,6,00-0027061,J.Cook,TE,TE,NO,9474,3b7a1409-d154-4e5c-8c94-9d4a0e0993c7,9265.0,5012.0,367.0,jaredcook/71265,12537.0,9353.0,6126.0,584314.0,CookJa02,jared-cook-2,5981.0,5165.0,,9353.0,296480.0,8534.0,296480.0,Jared Cook,jared cook,3,3,37.0,1,0.0,0.0,21.0,16.0,3.0,7.305214,0,1.7619047,0.0882353,0.110526316,0.20972136,,,,,,,,,,,,,,,,,REG,NO,JAX,Jared Cook,CookJa02,0.0,0.0,0.0,157.6
2019,REG,6,00-0027981,K.Rudolph,TE,TE,MIN,10312,1059e9dc-97df-4643-9116-883a0573d8b1,9906.0,6195.0,943.0,kylerudolph/2495438,14054.0,24830.0,7444.0,1633122.0,RudoKy00,kyle-rudolph-1,7246.0,6459.0,,24830.0,469472.0,13275.0,469472.0,Kyle Rudolph,kyle rudolph,3,3,36.0,0,0.0,0.0,3.0,33.0,2.0,1.9950114,0,12.0,0.10714286,0.00802139,0.16632926,,,,,,,,,,,,,,,,,REG,MIN,PHI,Kyle Rudolph,RudoKy00,0.0,0.0,0.0,116.7
2019,REG,6,00-0033879,O.Howard,TE,TE,TB,13188,93ed8c6f-b676-46d3-bf82-6155e89b4a68,16380.0,11774.0,4055.0,,3043080.0,30132.0,,2061190.0,HowaO.00,oj-howard-1,11806.0,12161.0,,30132.0,732147.0,18901.0,732147.0,O.J. Howard,oj howard,2,4,35.0,0,0.0,0.0,12.0,34.0,1.0,1.6124386,0,2.9166667,0.07692308,0.020689655,0.12986737,,,,,,,,,,,,,,,,,REG,TB,CAR,O.J. Howard,HowaO.00,1.0,2.0,0.5,80.2
2019,REG,6,00-0031558,M.Williams,TE,TE,ARI,12206,52f4a43a-64a9-4d69-a9e2-28bd60f68e49,13919.0,9488.0,2360.0,,2970726.0,28443.0,,1983769.0,WillMa04,maxx-williams-1,10128.0,10298.0,,28443.0,651658.0,16816.0,651658.0,Maxx Williams,maxx williams,3,3,34.0,1,0.0,0.0,21.0,13.0,3.0,3.3324518,0,1.6190476,0.08571429,0.09051724,0.1919335,,,,,,,,,,,,,,,,,REG,ARI,ATL,Maxx Williams,WillMa04,0.0,0.0,0.0,153.5
2019,REG,6,00-0034439,R.Izzo,TE,TE,NE,13847,40b8fa44-b289-42dd-9606-a1ae30adc7bc,17541.0,47327.0,5094.0,,3122920.0,31127.0,,2138988.0,IzzoRy00,ryan-izzo-1,12529.0,13349.0,,31220.0,834990.0,20069.0,834990.0,Ryan Izzo,ryan izzo,2,4,31.0,0,0.0,0.0,34.0,4.0,1.0,0.90095663,0,0.9117647,0.09756097,0.12142857,0.23134147,,,,,,,,,,,,,,,,,REG,NE,NYG,Ryan Izzo,IzzoRy00,0.0,0.0,0.0,76.0
2019,REG,6,00-0029587,R.Ellison,TE,TE,NYG,10838,cccc9f16-9508-434f-b7a4-9a29cb0cacf9,11315.0,7128.0,1211.0,rhettellison/2532835,15003.0,25838.0,,1244464.0,ElliRh00,rhett-ellison-1,8114.0,7580.0,,25838.0,399295.0,14445.0,,Rhett Ellison,rhett ellison,3,7,30.0,0,0.0,0.0,45.0,8.0,1.0,-5.8686852,0,0.6666667,0.2413793,0.15957446,0.4737711,Rhett Ellison,NYG,4.364,2.0978734157902013,6.675714285714286,16.796664390208836,42.857142857142854,30.0,0.0,2.2266666666666666,2.314527012715947,-0.08786034604928039,00-0029587,Rhett,Ellison,R.Ellison,REG,NYG,NE,Rhett Ellison,ElliRh00,0.0,0.0,0.0,16.1
2019,REG,6,00-0034970,I.Smith,TE,TE,MIN,14141,ed0e6a30-83d5-4f4b-bf49-f7ff80e21304,18610.0,42060.0,6126.0,,4040980.0,31882.0,,2257888.0,SmitIr01,irv-smith-jr-1,13583.0,14052.0,,31882.0,944428.0,20949.0,944428.0,Irv Smith,irv smith,2,2,29.0,0,0.0,0.0,19.0,10.0,1.0,1.6799649,0,1.5263158,0.071428575,0.050802138,0.14270435,,,,,,,,,,,,,,,,,REG,MIN,PHI,Irv Smith Jr.,SmitIr01,0.0,0.0,0.0,118.7
2019,REG,6,00-0030108,R.Griffin,TE,TE,NYJ,11399,cb1df42c-b59c-4e23-a9a2-fbfc2b39ef71,11830.0,7982.0,1425.0,ryangriffin/2541316,15887.0,26824.0,,2057695.0,GrifRy00,ryan-griffin-1,8911.0,8600.0,,26824.0,465129.0,14985.0,465129.0,Ryan Griffin,ryan griffin,3,3,28.0,1,0.0,0.0,11.0,17.0,3.0,3.6021836,0,2.5454545,0.1,0.042471044,0.17972973,,,,,,,,,,,,,,,,,REG,NYJ,DAL,Ryan Griffin,GrifRy00,1.0,0.0,0.0,145.1
2019,REG,6,00-0032134,C.Uzomah,TE,TE,CIN,12317,19858900-5c8e-49a7-ab02-34ef625724ca,14084.0,9590.0,2460.0,c.j.uzomah/2552559,2574576.0,28545.0,,2174118.0,UzomC.00,cj-uzomah-1,10462.0,10534.0,,28545.0,593305.0,16917.0,593305.0,C.J. Uzomah,cj uzomah,2,3,26.0,0,0.0,0.0,10.0,22.0,1.0,0.25505945,0,2.6,0.08108108,0.03521127,0.14626952,,,,,,,,,,,,,,,,,REG,CIN,BAL,C.J. Uzomah,UzomC.00,1.0,0.0,0.0,93.7
2019,REG,6,00-0033110,T.Higbee,TE,TE,LA,12678,0df7912d-9e81-47ea-b4f7-d04986df4ee8,15623.0,10744.0,3271.0,,2573401.0,29344.0,,1853103.0,HigbTy00,tyler-higbee-1,10854.0,11430.0,159.0,29344.0,604176.0,18032.0,604176.0,Tyler Higbee,tyler higbee,3,3,25.0,0,0.0,0.0,13.0,12.0,0.0,0.9205326,0,1.9230769,0.125,0.08387097,0.24620968,,,,,,,,,,,,,,,,,REG,LA,SF,Tyler Higbee,HigbTy00,1.0,0.0,0.0,101.4
2019,REG,6,00-0033455,A.Firkser,TE,TE,TEN,13919,b0719e3d-199b-46e5-a2b4-1091f6fd5c0d,16787.0,51837.0,4435.0,,3049698.0,30571.0,,2818971.0,FirkAn00,,12235.0,12691.0,,30571.0,767297.0,19296.0,767297.0,Anthony Firkser,anthony firkser,1,1,25.0,0,0.0,0.0,18.0,7.0,1.0,3.0938833,0,1.3888888,0.03125,0.06382979,0.09155585,,,,,,,,,,,,,,,,,REG,TEN,DEN,Anthony Firkser,FirkAn00,0.0,0.0,0.0,118.7
2019,REG,6,00-0033528,J.Sprinkle,TE,TE,WAS,13194,2dcc8e56-ac32-4774-a011-b1e65ca73786,16461.0,11909.0,4221.0,,2980073.0,30267.0,,1999945.0,SpriJe00,jeremy-sprinkle-1,11899.0,12368.0,,30267.0,693833.0,19067.0,693833.0,Jeremy Sprinkle,jeremy sprinkle,2,3,24.0,0,0.0,0.0,13.0,9.0,1.0,0.95743597,0,1.8461539,0.125,0.060465116,0.22982559,,,,,,,,,,,,,,,,,REG,WAS,MIA,Jeremy Sprinkle,SpriJe00,0.0,0.0,0.0,91.0
2019,REG,6,00-0034788,J.Graham,TE,TE,ATL,14464,97e65d1d-c738-4812-840e-030f0242bc29,18135.0,31849.0,5754.0,,3118954.0,31749.0,,2930527.0,,,13356.0,,,31749.0,832316.0,20662.0,832316.0,Jaeden Graham,jaeden graham,1,1,21.0,0,0.0,0.0,9.0,12.0,1.0,1.9308072,0,2.3333333,0.029411765,0.030100334,0.06518788,,,,,,,,,,,,,,,,,,,,,,,,,
2019,REG,6,00-0035229,T.Hockenson,TE,TE,DET,14138,bd1120b6-38b3-4225-a4b0-20660a149d0d,18290.0,40912.0,5844.0,,4036133.0,31840.0,,2251097.0,HockTJ00,tj-hockenson-1,13610.0,14051.0,247.0,31840.0,923915.0,20805.0,923915.0,T.J. Hockenson,tj hockenson,4,6,21.0,0,0.0,0.0,26.0,3.0,1.0,0.6288586,0,0.8076923,0.1875,0.07926829,0.3367378,T.J. Hockenson,DET,4.558333333333333,1.4029387935135726,4.648333333333333,8.682793188256904,66.66666666666666,21.0,0.0,1.3675000000000002,2.0048291777460463,-0.6373291777460461,00-0035229,Thomas,Hockenson,T.Hockenson,REG,DET,GB,T.J. Hockenson,HockTJ00,0.0,1.0,0.167,72.2
2019,REG,6,00-0031598,N.Boyle,TE,TE,BAL,12328,9480dd9f-151f-4e6d-b5a3-35f07bda4cac,13963.0,9604.0,2474.0,,2574591.0,28559.0,,1888149.0,BoylNi00,,10252.0,10547.0,,28559.0,608753.0,16931.0,608753.0,Nick Boyle,nick boyle,2,4,18.0,0,0.0,0.0,14.0,9.0,0.0,-0.12084951,0,1.2857143,0.13793103,0.06392694,0.25164542,,,,,,,,,,,,,,,,,REG,BAL,CIN,Nick Boyle,BoylNi00,0.0,0.0,0.0,62.5
2019,REG,6,00-0027696,J.Graham,TE,TE,GB,9925,fd85786d-3900-4dc0-9b30-334ee30413ed,9712.0,5619.0,616.0,jimmygraham/497236,13232.0,24070.0,6610.0,1691166.0,GrahJi00,jimmy-graham-1,6532.0,5842.0,,24070.0,295918.0,11488.0,295918.0,Jimmy Graham,jimmy graham,2,5,17.0,0,0.0,0.0,51.0,7.0,1.0,-1.3712721,0,0.33333334,0.13157895,0.13896458,0.2946436,Jimmy Graham,GB,5.666,2.700502338438271,10.436000000000002,14.236992169381463,40.0,17.0,0.0,4.024999999999999,5.891385429612569,-1.8663854296125706,00-0027696,Jimmy,Graham,J.Graham,REG,GB,DET,Jimmy Graham,GrahJi00,0.0,1.0,0.2,49.6
2019,REG,6,00-0030089,L.Willson,TE,TE,SEA,11381,16c67c97-ffd9-4f92-917d-ad6124ce1f6e,11812.0,7940.0,1603.0,lukewillson/2541199,16121.0,26781.0,,2057661.0,WillLu00,luke-willson-1,8907.0,8567.0,,26781.0,466869.0,15263.0,466869.0,Luke Willson,luke willson,2,3,16.0,0,0.0,0.0,16.0,6.0,1.0,0.25036252,0,1.0,0.09375,0.059479553,0.18226069,,,,,,,,,,,,,,,,,REG,SEA,CLE,Luke Willson,WillLu00,0.0,0.0,0.0,79.9
2019,REG,6,00-0033080,S.DeValve,TE,TE,JAX,12792,a2451bf7-83dd-496c-b527-c14d8d518598,15671.0,10772.0,3296.0,,2566659.0,29372.0,,1984760.0,DevaSe00,,11221.0,11444.0,,29372.0,623676.0,18057.0,,Seth DeValve,seth devalve,1,1,16.0,0,0.0,0.0,15.0,1.0,0.0,0.39950064,0,1.0666667,0.037037037,0.06944445,0.104166664,,,,,,,,,,,,,,,,,REG,JAX,NO,Seth Devalve,DevaSe00,0.0,0.0,0.0,118.7
2019,REG,6,00-0035644,N.Fant,TE,TE,DEN,14137,cdc98acc-9eb6-4b44-81bb-61d7b8a3b55f,17527.0,42388.0,5857.0,,4036131.0,31852.0,,2251095.0,FantNo00,noah-fant-1,13426.0,14050.0,243.0,31852.0,923911.0,20753.0,923911.0,Noah Fant,noah fant,2,3,16.0,0,0.0,0.0,48.0,3.0,1.0,-2.9382524,0,0.33333334,0.115384616,0.22966507,0.3338425,,,,,,,,,,,,,,,,,REG,DEN,TEN,Noah Fant,FantNo00,0.0,1.0,0.333,40.3
2019,REG,6,00-0028142,V.Green,TE,TE,LAC,10432,6ef43c53-53d7-4b0f-ad99-17664d663ae8,10026.0,6356.0,868.0,virgilgreen/2495288,14085.0,24991.0,7502.0,1130615.0,GreeVi00,virgil-green-1,7416.0,6570.0,,24991.0,323254.0,13016.0,,Virgil Green,virgil green,1,2,15.0,0,0.0,0.0,5.0,12.0,1.0,1.0925542,0,3.0,0.04761905,0.010288066,0.07863022,,,,,,,,,,,,,,,,,REG,LAC,PIT,Virgil Green,GreeVi00,1.0,0.0,0.0,75.0
2019,REG,6,00-0030549,T.Eifert,TE,TE,CIN,11250,14ecf9dd-3a77-4847-8e62-407cd1182f1c,11692.0,7802.0,1388.0,tylereifert/2540148,15788.0,26644.0,,1691608.0,EifeTy00,tyler-eifert-1,8782.0,8408.0,,26644.0,508968.0,14918.0,,Tyler Eifert,tyler eifert,2,2,13.0,0,0.0,0.0,9.0,4.0,2.0,2.721579,0,1.4444444,0.054054055,0.03169014,0.10326418,,,,,,,,,,,,,,,,,REG,CIN,BAL,Tyler Eifert,EifeTy00,0.0,0.0,0.0,93.7
2019,REG,6,00-0033439,P.Brown,TE,TE,CLE,13994,6733b953-de77-44e5-acbf-c2d3a0940243,16937.0,12247.0,4443.0,,2971281.0,30627.0,,2819155.0,BrowPh01,,11887.0,12737.0,,30627.0,689689.0,19304.0,689689.0,Pharaoh Brown,pharaoh brown,1,1,9.0,0,0.0,0.0,6.0,3.0,1.0,0.6279746,0,1.5,0.027777778,0.01986755,0.05557395,,,,,,,,,,,,,,,,,REG,CLE,SEA,Pharaoh Brown,BrowPh01,1.0,0.0,0.0,104.2
2019,REG,6,00-0033895,G.Everett,TE,TE,LA,13236,ebeceb00-57e0-4b74-9cf7-853da2afed18,16459.0,11799.0,4089.0,,3918639.0,30157.0,,2142692.0,EverGe00,gerald-everett-1,11737.0,12284.0,55.0,30157.0,838487.0,18935.0,838487.0,Gerald Everett,gerald everett,2,5,9.0,0,0.0,0.0,40.0,9.0,1.0,-4.764839,0,0.225,0.20833333,0.2580645,0.49314517,Gerald Everett,LAR,7.3675,2.918127178299112,8.184,27.981400437636754,40.0,9.0,0.0,3.980000000000004,4.703038948733592,-0.7230389487335884,00-0033895,Gerald,Everett,G.Everett,REG,LA,SF,Gerald Everett,EverGe00,0.0,0.0,0.0,47.9
2019,REG,6,00-0028112,C.Clay,TE,TE,ARI,10409,04ca4fb9-194e-47fe-8fc8-adb5790a8e78,10003.0,6326.0,801.0,charlesclay/2495139,14145.0,24961.0,,1265552.0,ClayCh00,charles-clay-1,7424.0,6681.0,,24961.0,400516.0,12751.0,,Charles Clay,charles clay,2,2,8.0,0,0.0,0.0,-1.0,9.0,1.0,1.5854847,0,0.0,0.057142857,-0.004310345,0.08269704,,,,,,,,,,,,,,,,,REG,ARI,ATL,Charles Clay,ClayCh00,0.0,0.0,0.0,83.3
2019,REG,6,00-0030216,J.Hill,TE,TE,NO,11529,687cdc33-bd0d-4b70-adb3-33f97dc26a3c,13565.0,8200.0,1777.0,joshhill/2541834,16143.0,26950.0,,2060083.0,HillJo02,,9071.0,8764.0,,26950.0,469509.0,15866.0,,Josh Hill,josh hill,1,2,8.0,0,0.0,0.0,12.0,0.0,1.0,-0.24206749,0,0.6666667,0.05882353,0.06315789,0.13244583,,,,,,,,,,,,,,,,,REG,NO,JAX,Josh Hill,HillJo02,0.0,0.0,0.0,60.4
2019,REG,6,00-0030443,L.Toilolo,TE,TE,SF,11252,67d56171-7522-430c-b7d9-8f7e2b6624d3,11694.0,7915.0,1642.0,levinetoilolo/2540203,15980.0,26756.0,,1685990.0,ToilLe00,levine-toilolo-1,8789.0,8414.0,,26756.0,503205.0,15378.0,503205.0,Levine Toilolo,levine toilolo,1,1,8.0,0,0.0,0.0,-4.0,12.0,0.0,0.73753315,0,0.0,0.032258064,-0.031007752,0.02668167,,,,,,,,,,,,,,,,,REG,SF,LA,Levine Toilolo,ToilLe00,1.0,0.0,0.0,100.0
2019,REG,6,00-0032135,J.James,TE,TE,DET,12211,a37a5bfd-b48c-4d8b-817a-d8ce7ca3592d,13959.0,9593.0,2463.0,jessejames/2552633,2979590.0,28548.0,,1983808.0,JameJe00,jesse-james-1,10150.0,10403.0,,28548.0,652019.0,16920.0,652019.0,Jesse James,jesse james,1,1,8.0,0,0.0,0.0,8.0,0.0,0.0,-0.22854546,0,1.0,0.03125,0.024390243,0.06394817,,,,,,,,,,,,,,,,,REG,DET,GB,Jesse James,JameJe00,0.0,0.0,0.0,100.0
2019,REG,6,00-0033858,J.Smith,TE,TE,TEN,13193,e4f25a37-74de-4bfb-b6c9-f50a4fab0b87,16460.0,11855.0,4144.0,,3054212.0,30213.0,,2081506.0,SmitJo01,jonnu-smith-1,11807.0,12344.0,84.0,30213.0,743749.0,18990.0,743749.0,Jonnu Smith,jonnu smith,1,1,8.0,0,0.0,0.0,4.0,4.0,0.0,0.52425563,0,2.0,0.03125,0.014184397,0.05680408,,,,,,,,,,,,,,,,,REG,TEN,DEN,Jonnu Smith,SmitJo01,1.0,0.0,0.0,100.0
2019,REG,6,00-0033658,B.Jarwin,TE,TE,DAL,13722,43e8a6ac-d451-4dbd-b145-797764f91494,16638.0,12320.0,4571.0,,2991767.0,30784.0,,2819999.0,JarwBl00,,12179.0,12507.0,,30784.0,711965.0,19457.0,711965.0,Blake Jarwin,blake jarwin,2,4,6.0,0,0.0,0.0,24.0,5.0,1.0,-2.308686,0,0.25,0.102564104,0.075235106,0.20651074,,,,,,,,,,,,,,,,,REG,DAL,NYJ,Blake Jarwin,JarwBl00,0.0,0.0,0.0,56.2
2019,REG,6,00-0034383,D.Schultz,TE,TE,DAL,13772,8caec1b4-e0b6-4a84-b8c8-617d6e91ef6a,17349.0,47304.0,5001.0,,3117256.0,31107.0,,2136748.0,SchuDa00,dalton-schultz-1,12514.0,13198.0,487.0,31107.0,830523.0,19920.0,830523.0,Dalton Schultz,dalton schultz,1,1,6.0,0,0.0,0.0,5.0,1.0,0.0,0.083816335,0,1.2,0.025641026,0.015673982,0.049433324,,,,,,,,,,,,,,,,,REG,DAL,NYJ,Dalton Schultz,SchuDa00,0.0,0.0,0.0,91.7
2019,REG,6,00-0030470,V.McDonald,TE,TE,PIT,11257,8f24a248-b328-43ec-8677-67600e42a8f7,11699.0,7836.0,1587.0,vancemcdonald/2540215,15853.0,26678.0,,1673357.0,McDoVa00,vance-mcdonald-1,8785.0,8413.0,,26678.0,494969.0,15239.0,,Vance McDonald,vance mcdonald,1,1,5.0,0,0.0,0.0,2.0,3.0,0.0,-0.5604242,0,2.5,0.05263158,0.020833334,0.0935307,,,,,,,,,,,,,,,,,REG,PIT,LAC,Vance McDonald,McDoVa00,0.0,0.0,0.0,87.5
2019,REG,6,00-0032141,G.Swaim,TE,TE,JAX,12378,d0f9112d-2496-450a-9fc5-d2d01b4d2454,14164.0,9679.0,2545.0,geoffswaim/2553454,3046704.0,28634.0,,2174207.0,SwaiGe00,geoff-swaim-1,10507.0,10617.0,,28634.0,728021.0,17005.0,728021.0,Geoff Swaim,geoff swaim,1,2,5.0,0,0.0,0.0,7.0,2.0,0.0,-1.0949584,0,0.71428573,0.074074075,0.032407407,0.13379629,,,,,,,,,,,,,,,,,REG,JAX,NO,Geoff Swaim,SwaiGe00,0.0,0.0,0.0,56.2
2019,REG,6,00-0032394,N.Vannett,TE,TE,PIT,12680,c731aa8a-778b-4ccd-a19f-517eb66f47b7,15645.0,10728.0,3258.0,,2576399.0,29328.0,,1871322.0,VannNi00,nick-vannett-1,10949.0,11329.0,,29328.0,606488.0,18019.0,606488.0,Nick Vannett,nick vannett,1,1,5.0,0,0.0,0.0,5.0,0.0,0.0,0.20646693,0,1.0,0.05263158,0.052083332,0.1154057,,,,,,,,,,,,,,,,,REG,PIT,LAC,Nick Vannett,VannNi00,0.0,0.0,0.0,87.5
2019,REG,6,00-0034830,H.Hurst,TE,TE,BAL,13680,1b125fc4-5dd9-4eb9-a42f-048e61ca42b7,17283.0,47294.0,4973.0,,3924365.0,30995.0,,2185053.0,HursHa00,hayden-hurst-1,12467.0,13098.0,8.0,30995.0,881956.0,19843.0,881956.0,Hayden Hurst,hayden hurst,1,1,4.0,0,0.0,0.0,2.0,2.0,0.0,-0.10874009,0,2.0,0.03448276,0.00913242,0.05811683,,,,,,,,,,,,,,,,,REG,BAL,CIN,Hayden Hurst,HursHa00,0.0,0.0,0.0,83.3
2019,REG,6,00-0032117,N.O'Leary,TE,TE,MIA,12207,c257b2e6-dfc9-45c8-b30c-a497f2ce82a2,13957.0,9627.0,2495.0,,2576804.0,28582.0,,1860760.0,OLeaNi00,nick-oleary-1,10250.0,10568.0,,28582.0,605423.0,16954.0,,Nick O'Leary,nick oleary,1,1,3.0,0,1.0,0.0,0.0,3.0,1.0,2.3934746,0,0.0,0.023809524,0.0,0.035714287,,,,,,,,,,,,,,,,,REG,MIA,WAS,Nick O'Leary,OLeaNi00,0.0,0.0,0.0,79.2
2019,REG,6,00-0028042,L.Stocker,TE,TE,ATL,10354,5b712aed-201c-43dd-b978-b7b6ef91178e,9948.0,6256.0,963.0,lukestocker/2495234,14099.0,24891.0,7589.0,1125485.0,StocLu00,luke-stocker-1,7413.0,6552.0,,24891.0,334186.0,13370.0,334186.0,Luke Stocker,luke stocker,1,1,0.0,0,0.0,0.0,0.0,0.0,0.0,-0.4792292,0,,0.029411765,0.0,0.04411765,,,,,,,,,,,,,,,,,REG,ATL,ARI,Luke Stocker,StocLu00,0.0,0.0,0.0,79.2
2019,REG,6,00-0030155,D.Harris,TE,TE,CLE,11448,8506c15c-15cc-4d2c-aebf-270c605fe0ec,11881.0,8524.0,1619.0,demetriusharris/2541187,16318.0,27174.0,,2060074.0,HarrDe03,,9847.0,8683.0,,27174.0,602269.0,15305.0,602269.0,Demetrius Harris,demetrius harris,0,0,0.0,0,0.0,0.0,0.0,0.0,0.0,,1,,,,,,,,,,,,,,,,,,,,,,,,,,,,,
2019,REG,6,00-0031260,L.Thomas,TE,TE,DET,11647,b24625a0-d402-4d59-a778-aa4b073bfe5e,12095.0,8755.0,2251.0,loganthomas/2543767,16813.0,27648.0,,1691193.0,ThomLo00,logan-thomas-1,9323.0,9354.0,,27648.0,507528.0,16656.0,507528.0,Logan Thomas,logan thomas,0,1,0.0,0,0.0,0.0,20.0,0.0,0.0,-0.45675012,0,0.0,0.03125,0.06097561,0.08955792,,,,,,,,,,,,,,,,,REG,DET,GB,Logan Thomas,ThomLo00,0.0,0.0,0.0,39.6
2019,REG,6,00-0032062,B.Bell,TE,TE,KC,12213,0cc4e449-185a-4b08-9f07-c907ad0c3e05,13966.0,9550.0,2422.0,,2514206.0,28505.0,,1737101.0,BellBl00,blake-bell-1,10248.0,10366.0,,28505.0,542871.0,16878.0,542871.0,Blake Bell,blake bell,0,1,0.0,0,0.0,0.0,2.0,0.0,0.0,-0.6229158,0,0.0,0.028571429,0.0057142857,0.046857145,,,,,,,,,,,,,,,,,REG,KC,HOU,Blake Bell,BellBl00,0.0,0.0,0.0,39.6
2019,REG,6,00-0034159,W.Dissly,TE,TE,SEA,13763,383f4814-6836-4766-a297-fc063e8509cc,18049.0,30762.0,5010.0,,3127292.0,31090.0,,2139628.0,DissWi00,will-dissly-1,12986.0,13246.0,86.0,31090.0,837806.0,19950.0,837806.0,Will Dissly,will dissly,0,1,0.0,0,0.0,0.0,16.0,0.0,0.0,-0.8303425,0,0.0,0.03125,0.059479553,0.088510685,,,,,,,,,,,,,,,,,REG,SEA,CLE,Will Dissly,DissWi00,0.0,0.0,0.0,39.6
2019,REG,6,00-0035631,D.Sample,TE,TE,CIN,14146,15a4f552-ecaf-45bd-9006-aa5dda93bee6,18561.0,47259.0,6001.0,,3127310.0,31884.0,,2139646.0,SampDr00,drew-sample-1,13809.0,14111.0,435.0,31884.0,837824.0,20931.0,837824.0,Drew Sample,drew sample,1,1,-1.0,0,0.0,0.0,-2.0,1.0,0.0,-0.97671974,0,0.0,0.027027028,-0.0070422534,0.035610963,,,,,,,,,,,,,,,,,REG,CIN,BAL,Drew Sample,SampDr00,0.0,0.0,0.0,79.2
2019,REG,7,00-0031610,D.Waller,TE,TE,LV,12263,14c97c9f-26e8-4944-9299-f90de6aeada3,14104.0,9637.0,2505.0,,2576925.0,28592.0,,1850793.0,WallDa01,darren-waller-1,10215.0,10433.0,,28592.0,600191.0,16964.0,600191.0,Darren Waller,darren waller,7,8,126.0,2,0.0,0.0,93.0,48.0,7.0,7.3732395,0,1.3548387,0.2580645,0.29245284,0.59181374,Darren Waller,LV,4.029999999999999,3.959284977814307,12.5875,32.16019417475729,87.5,126.0,2.0,7.312857142857141,6.364611617368657,0.9482455254884847,00-0031610,Darren,Waller,D.Waller,REG,OAK,GB,Darren Waller,WallDa01,0.0,0.0,0.0,118.7
2019,REG,7,00-0033090,H.Henry,TE,TE,LAC,12676,705899da-3c20-4bc3-b5d0-2e6e40655131,15561.0,10669.0,3214.0,,3046439.0,29269.0,,2079848.0,HenrHu00,hunter-henry-1,10735.0,11299.0,212.0,29269.0,744425.0,17975.0,744425.0,Hunter Henry,hunter henry,6,8,97.0,0,0.0,0.0,96.0,26.0,6.0,3.878887,0,1.0104166,0.21621622,0.22911695,0.4847062,Hunter Henry,LAC,3.306,2.5321286091510182,11.592499999999998,22.252615414147233,75.0,97.0,0.0,4.785,3.365627140572864,1.4193728594271362,00-0033090,Hunter,Henry,H.Henry,REG,LAC,TEN,Hunter Henry,HenrHu00,0.0,0.0,0.0,115.1
2019,REG,7,00-0031387,E.Ebron,TE,TE,IND,11695,9fbcfae9-dd14-415c-8952-9b1b5dff0dfc,12143.0,8645.0,2118.0,ericebron/2543466,16732.0,27538.0,,1865396.0,EbroEr00,eric-ebron-1,9210.0,9390.0,,27538.0,605752.0,16451.0,605752.0,Eric Ebron,eric ebron,4,5,70.0,1,0.0,0.0,39.0,35.0,4.0,8.386428,0,1.7948718,0.1388889,0.13636364,0.3037879,Eric Ebron,IND,6.0625,4.669143366309843,9.566000000000003,16.158783783783786,80.0,70.0,1.0,8.889999999999997,6.963479247132,1.9265207528679973,00-0031387,Eric,Ebron,E.Ebron,REG,IND,HOU,Eric Ebron,EbroEr00,0.0,0.0,0.0,158.3
2019,REG,7,00-0034351,D.Goedert,TE,TE,PHI,13674,e8029983-87cf-49a2-bc04-04c8233a0630,17270.0,47272.0,5022.0,,3121023.0,31019.0,,2132551.0,GoedDa00,,12860.0,13151.0,382.0,31019.0,791365.0,19863.0,791365.0,Dallas Goedert,dallas goedert,4,4,69.0,1,1.0,1.0,35.0,34.0,3.0,2.0271554,0,1.9714285,0.16,0.117056854,0.3219398,,,,,,,,,,,,,,,,,REG,PHI,DAL,Dallas Goedert,GoedDa00,0.0,0.0,0.0,158.3
2019,REG,7,00-0027696,J.Graham,TE,TE,GB,9925,fd85786d-3900-4dc0-9b30-334ee30413ed,9712.0,5619.0,616.0,jimmygraham/497236,13232.0,24070.0,6610.0,1691166.0,GrahJi00,jimmy-graham-1,6532.0,5842.0,,24070.0,295918.0,11488.0,295918.0,Jimmy Graham,jimmy graham,4,4,65.0,1,0.0,0.0,29.0,36.0,4.0,6.381215,0,2.2413793,0.13793103,0.11328125,0.28619343,,,,,,,,,,,,,,,,,REG,GB,OAK,Jimmy Graham,GrahJi00,0.0,0.0,0.0,158.3
2019,REG,7,00-0033858,J.Smith,TE,TE,TEN,13193,e4f25a37-74de-4bfb-b6c9-f50a4fab0b87,16460.0,11855.0,4144.0,,3054212.0,30213.0,,2081506.0,SmitJo01,jonnu-smith-1,11807.0,12344.0,84.0,30213.0,743749.0,18990.0,743749.0,Jonnu Smith,jonnu smith,3,3,64.0,0,0.0,0.0,27.0,37.0,2.0,5.413235,0,2.3703704,0.10344828,0.13705584,0.2511115,,,,,,,,,,,,,,,,,REG,TEN,LAC,Jonnu Smith,SmitJo01,2.0,0.0,0.0,118.7
2019,REG,7,00-0034970,I.Smith,TE,TE,MIN,14141,ed0e6a30-83d5-4f4b-bf49-f7ff80e21304,18610.0,42060.0,6126.0,,4040980.0,31882.0,,2257888.0,SmitIr01,irv-smith-jr-1,13583.0,14052.0,,31882.0,944428.0,20949.0,944428.0,Irv Smith,irv smith,5,6,60.0,0,1.0,0.0,61.0,20.0,3.0,3.2453377,0,0.9836066,0.18181819,0.17039107,0.392001,Irv Smith,MIN,5.146,3.6717322490894175,9.896666666666667,16.271167863210387,83.33333333333334,60.0,0.0,4.057999999999998,4.3924665143978014,-0.3344665143978034,00-0034970,Irvin,Smith,I.Smith,REG,MIN,DET,Irv Smith Jr.,SmitIr01,0.0,0.0,0.0,108.3
2019,REG,7,00-0027981,K.Rudolph,TE,TE,MIN,10312,1059e9dc-97df-4643-9116-883a0573d8b1,9906.0,6195.0,943.0,kylerudolph/2495438,14054.0,24830.0,7444.0,1633122.0,RudoKy00,kyle-rudolph-1,7246.0,6459.0,,24830.0,469472.0,13275.0,469472.0,Kyle Rudolph,kyle rudolph,5,6,58.0,1,0.0,0.0,64.0,24.0,4.0,6.4706655,0,0.90625,0.18181819,0.17877094,0.39786693,Kyle Rudolph,MIN,3.3700000000000006,2.9989597318902432,10.723333333333334,17.63029539102318,83.33333333333334,58.0,1.0,4.707999999999999,4.007288515898773,0.7007114841012259,00-0027981,Kyle,Rudolph,K.Rudolph,REG,MIN,DET,Kyle Rudolph,RudoKy00,0.0,0.0,0.0,146.5
2019,REG,7,00-0033895,G.Everett,TE,TE,LA,13236,ebeceb00-57e0-4b74-9cf7-853da2afed18,16459.0,11799.0,4089.0,,3918639.0,30157.0,,2142692.0,EverGe00,gerald-everett-1,11737.0,12284.0,55.0,30157.0,838487.0,18935.0,838487.0,Gerald Everett,gerald everett,4,10,50.0,1,0.0,0.0,147.0,21.0,2.0,1.1546496,0,0.34013605,0.2631579,0.39095744,0.6684071,Gerald Everett,LAR,4.829,2.2953728763253336,14.021,38.60194923187049,40.0,50.0,1.0,6.052499999999998,4.686674104110978,1.3658258958890208,00-0033895,Gerald,Everett,G.Everett,REG,LA,ATL,Gerald Everett,EverGe00,0.0,0.0,0.0,89.6
2019,REG,7,00-0032392,A.Hooper,TE,TE,ATL,12677,90c2a93f-d837-4e1b-b57c-56648903a8db,15581.0,10715.0,3202.0,,3043275.0,29315.0,,2067004.0,HoopAu00,austin-hooper-1,10748.0,11301.0,384.0,29315.0,739424.0,17963.0,739424.0,Austin Hooper,austin hooper,4,5,46.0,1,0.0,0.0,37.0,5.0,3.0,4.700015,0,1.2432432,0.15151516,0.1360294,0.3224933,Austin Hooper,ATL,5.81,2.8599724222107885,7.434,14.673719947889936,80.0,46.0,1.0,1.25,0.5535850554761339,0.6964149445238661,00-0032392,Austin,Hooper,A.Hooper,REG,ATL,LA,Austin Hooper,HoopAu00,1.0,0.0,0.0,144.6
2019,REG,7,00-0030506,T.Kelce,TE,TE,KC,11244,c3859e06-5f23-4302-a71b-04820a899d5f,11594.0,7844.0,1466.0,traviskelce/2540258,15847.0,26686.0,,1725130.0,KelcTr00,travis-kelce-1,8783.0,8411.0,264.0,26686.0,448240.0,15048.0,448240.0,Travis Kelce,travis kelce,6,8,44.0,0,0.0,0.0,48.0,15.0,3.0,3.0944865,0,0.9166667,0.27586207,0.29813665,0.62248874,Travis Kelce,KC,6.407142857142857,2.5447427618364418,5.977500000000001,31.242649941199534,75.0,44.0,0.0,2.2216666666666653,1.939025305179598,0.2826413614870673,00-0030506,Travis,Kelce,T.Kelce,REG,KC,DEN,Travis Kelce,KelcTr00,0.0,0.0,0.0,87.5
2019,REG,7,00-0030216,J.Hill,TE,TE,NO,11529,687cdc33-bd0d-4b70-adb3-33f97dc26a3c,13565.0,8200.0,1777.0,joshhill/2541834,16143.0,26950.0,,2060083.0,HillJo02,,9071.0,8764.0,,26950.0,469509.0,15866.0,,Josh Hill,josh hill,3,3,43.0,1,0.0,0.0,13.0,30.0,3.0,6.499199,0,3.3076923,0.083333336,0.048148148,0.1587037,,,,,,,,,,,,,,,,,REG,NO,CHI,Josh Hill,HillJo02,0.0,0.0,0.0,158.3
2019,REG,7,00-0034829,M.Gesicki,TE,TE,MIA,13672,1012cbe0-7eba-4169-bfca-183a0204e1a7,17272.0,47153.0,4993.0,,3116164.0,31012.0,,2139298.0,GesiMi00,mike-gesicki-1,12764.0,13104.0,330.0,31012.0,836152.0,19853.0,836152.0,Mike Gesicki,mike gesicki,4,4,41.0,0,0.0,0.0,29.0,12.0,2.0,5.6118,0,1.4137931,0.11764706,0.08656716,0.23706761,,,,,,,,,,,,,,,,,REG,MIA,BUF,Mike Gesicki,GesiMi00,0.0,0.0,0.0,109.4
2019,REG,7,00-0034753,M.Andrews,TE,TE,BAL,13671,0618f387-9b72-4270-8b8f-dec4cccc9e4a,17269.0,47436.0,5012.0,,3116365.0,31056.0,,2131121.0,AndrMa00,mark-andrews-1,12559.0,13182.0,366.0,31056.0,820699.0,19803.0,820699.0,Mark Andrews,mark andrews,2,8,39.0,0,0.0,0.0,93.0,3.0,1.0,-2.5930445,0,0.41935483,0.4,0.46268657,0.9238806,Mark Andrews,BAL,5.4,2.877736065979035,11.791250000000002,46.783712741159555,25.0,39.0,0.0,2.6350000000000016,6.008602179919308,-3.373602179919306,00-0034753,Mark,Andrews,M.Andrews,REG,BAL,SEA,Mark Andrews,AndrMa00,0.0,3.0,0.375,47.4
2019,REG,7,00-0030061,Z.Ertz,TE,TE,PHI,11247,de3421f7-2147-4835-89a5-724e87bad463,11689.0,7816.0,1339.0,zachertz/2540158,15835.0,26658.0,,1685963.0,ErtzZa00,zach-ertz-1,8781.0,8409.0,305.0,26658.0,503177.0,14856.0,503177.0,Zach Ertz,zach ertz,2,6,38.0,0,0.0,0.0,96.0,10.0,2.0,-0.06268517,0,0.39583334,0.24,0.32107022,0.58474916,Zach Ertz,PHI,7.75,2.438940440558364,16.118333333333332,31.718596261069205,33.33333333333333,38.0,0.0,4.490000000000002,5.1544984741588,-0.6644984741587976,00-0030061,Zachary,Ertz,Z.Ertz,REG,PHI,DAL,Zach Ertz,ErtzZa00,0.0,0.0,0.0,56.2
2019,REG,7,00-0033288,G.Kittle,TE,TE,SF,13299,2ada91b0-036e-454f-83c3-6d939ff584a9,16499.0,11901.0,4217.0,,3040151.0,30259.0,,2818265.0,KittGe00,george-kittle-1,11892.0,12276.0,298.0,30259.0,733672.0,19063.0,733672.0,George Kittle,george kittle,3,5,38.0,0,0.0,0.0,53.0,5.0,3.0,4.844508,0,0.7169811,0.25,0.31360948,0.59452665,George Kittle,SF,2.07,1.1931014052576836,9.952000000000002,31.010843824005992,60.0,38.0,0.0,2.039999999999997,4.145784680828456,-2.105784680828459,00-0033288,George,Kittle,G.Kittle,REG,SF,WAS,George Kittle,KittGe00,0.0,0.0,0.0,83.7
2019,REG,7,00-0022127,J.Witten,TE,TE,DAL,6997,e38c9b1b-7c51-48a2-ac1d-a752502e8930,9275.0,1384.0,23.0,jasonwitten/2505629,4527.0,6405.0,,396134.0,WittJa00,jason-witten-1,3086.0,1990.0,,6405.0,184571.0,722.0,,Jason Witten,jason witten,4,4,33.0,0,0.0,0.0,29.0,4.0,3.0,1.9107347,0,1.137931,0.16,0.13875598,0.33712918,,,,,,,,,,,,,,,,,REG,DAL,PHI,Jason Witten,WittJa00,0.0,0.0,0.0,101.0
2019,REG,7,00-0029587,R.Ellison,TE,TE,NYG,10838,cccc9f16-9508-434f-b7a4-9a29cb0cacf9,11315.0,7128.0,1211.0,rhettellison/2532835,15003.0,25838.0,,1244464.0,ElliRh00,rhett-ellison-1,8114.0,7580.0,,25838.0,399295.0,14445.0,,Rhett Ellison,rhett ellison,2,2,33.0,1,0.0,0.0,25.0,8.0,1.0,3.0140145,0,1.32,0.057142857,0.094339624,0.15175202,,,,,,,,,,,,,,,,,REG,NYG,ARI,Rhett Ellison,ElliRh00,0.0,0.0,0.0,158.3
2019,REG,7,00-0035229,T.Hockenson,TE,TE,DET,14138,bd1120b6-38b3-4225-a4b0-20660a149d0d,18290.0,40912.0,5844.0,,4036133.0,31840.0,,2251097.0,HockTJ00,tj-hockenson-1,13610.0,14051.0,247.0,31840.0,923915.0,20805.0,923915.0,T.J. Hockenson,tj hockenson,3,5,32.0,0,0.0,0.0,36.0,13.0,2.0,-0.2920541,0,0.8888889,0.11111111,0.09326425,0.23195164,T.J. Hockenson,DET,7.794,2.5454568196484684,7.352000000000001,9.199889881622745,60.0,32.0,0.0,4.259999999999998,4.039161044703026,0.22083895529697184,00-0035229,Thomas,Hockenson,T.Hockenson,REG,DET,MIN,T.J. Hockenson,HockTJ00,0.0,0.0,0.0,78.7
2019,REG,7,00-0029738,D.Fells,TE,TE,HOU,11337,54d4e35a-2e6c-48f6-86ad-92dd596c173c,13636.0,8549.0,1592.0,darrenfells/2540928,15773.0,26612.0,,2053740.0,FellDa01,,9758.0,8472.0,,26612.0,266414.0,15247.0,266414.0,Darren Fells,darren fells,2,2,27.0,0,0.0,0.0,17.0,10.0,1.0,2.8830407,0,1.5882353,0.060606062,0.06439394,0.13598485,,,,,,,,,,,,,,,,,REG,HOU,IND,Darren Fells,FellDa01,1.0,0.0,0.0,118.7
2019,REG,7,00-0033455,A.Firkser,TE,TE,TEN,13919,b0719e3d-199b-46e5-a2b4-1091f6fd5c0d,16787.0,51837.0,4435.0,,3049698.0,30571.0,,2818971.0,FirkAn00,,12235.0,12691.0,,30571.0,767297.0,19296.0,767297.0,Anthony Firkser,anthony firkser,1,1,27.0,0,0.0,0.0,9.0,18.0,1.0,1.7401348,0,3.0,0.03448276,0.04568528,0.08370383,,,,,,,,,,,,,,,,,REG,TEN,LAC,Anthony Firkser,FirkAn00,0.0,0.0,0.0,118.7
2019,REG,7,00-0033896,A.Shaheen,TE,TE,CHI,13254,87171077-4c1c-4b67-b159-2cc6242988e0,16457.0,11800.0,4085.0,,4198676.0,30158.0,,2818105.0,ShahAd00,,11898.0,12283.0,,30158.0,1049770.0,18931.0,1049770.0,Adam Shaheen,adam shaheen,2,2,24.0,0,0.0,0.0,5.0,19.0,2.0,1.5826385,1,4.8,0.039215688,0.0147929,0.06917856,,,,,,,,,,,,,,,,,REG,CHI,NO,Adam Shaheen,ShahAd00,0.0,0.0,0.0,116.7
2019,REG,7,00-0034981,F.Moreau,TE,TE,LV,14239,9c3a67fd-5c6e-4689-9e08-9ff6d4db6c9a,18397.0,47043.0,5985.0,,3843945.0,31969.0,,2180634.0,MoreFo00,foster-moreau-1,13822.0,14154.0,179.0,31969.0,865573.0,20884.0,865573.0,Foster Moreau,foster moreau,2,3,24.0,1,0.0,0.0,9.0,18.0,2.0,3.4470196,0,2.6666667,0.09677419,0.028301887,0.16497262,,,,,,,,,,,,,,,,,REG,OAK,GB,Foster Moreau,MoreFo00,0.0,0.0,0.0,130.6
2019,REG,7,00-0029119,D.Carrier,TE,TE,LV,10940,d3fab07b-f02a-433d-9612-cb0a751f324d,11417.0,7406.0,1718.0,derekcarrier/2534241,15403.0,26416.0,,1977121.0,CarrDe00,,9203.0,7527.0,,26416.0,654887.0,15640.0,654887.0,Derek Carrier,derek carrier,2,4,22.0,0,0.0,0.0,55.0,5.0,0.0,0.7428259,0,0.4,0.12903225,0.17295597,0.31461757,,,,,,,,,,,,,,,,,REG,OAK,GB,Derek Carrier,CarrDe00,0.0,0.0,0.0,66.7
2019,REG,7,00-0035689,D.Knox,TE,TE,BUF,14143,5fb525c5-4e70-4ede-8c49-94ad0cf66b7d,18631.0,35883.0,5906.0,,3930086.0,31928.0,,2186345.0,KnoxDa00,dawson-knox-1,13466.0,13953.0,88.0,31928.0,884083.0,20850.0,884083.0,Dawson Knox,dawson knox,2,5,22.0,0,0.0,0.0,54.0,5.0,1.0,-1.4012094,0,0.4074074,0.2,0.20300752,0.44210526,Dawson Knox,BUF,5.3675,2.7825420305739117,10.574000000000002,19.968274351323796,40.0,22.0,0.0,3.6850000000000023,4.383188146051907,-0.6981881460519048,00-0035689,Dawson,Knox,D.Knox,REG,BUF,MIA,Dawson Knox,KnoxDa00,0.0,2.0,0.4,53.7
2019,REG,7,00-0030181,J.Doyle,TE,TE,IND,11516,bd413539-9351-454e-9d61-4e8635d7e9f5,11987.0,8520.0,1706.0,jackdoyle/2540232,16504.0,27299.0,,2041264.0,DoylJa00,,9081.0,9075.0,,27299.0,477386.0,15602.0,477386.0,Jack Doyle,jack doyle,3,5,21.0,0,0.0,0.0,19.0,26.0,1.0,-0.3439898,0,1.1052631,0.1388889,0.066433564,0.25483683,Jack Doyle,IND,5.1825,4.3462326925381065,4.491999999999999,7.587837837837837,60.0,21.0,0.0,8.946666666666667,8.761988008545663,0.1846786581210047,00-0030181,John,Doyle,J.Doyle,REG,IND,HOU,Jack Doyle,DoylJa00,0.0,0.0,0.0,69.6
2019,REG,7,00-0031598,N.Boyle,TE,TE,BAL,12328,9480dd9f-151f-4e6d-b5a3-35f07bda4cac,13963.0,9604.0,2474.0,,2574591.0,28559.0,,1888149.0,BoylNi00,,10252.0,10547.0,,28559.0,608753.0,16931.0,608753.0,Nick Boyle,nick boyle,1,1,20.0,0,0.0,0.0,-2.0,22.0,1.0,2.0468793,0,0.0,0.05,-0.0099502485,0.06803483,,,,,,,,,,,,,,,,,REG,BAL,SEA,Nick Boyle,BoylNi00,0.0,0.0,0.0,118.7
2019,REG,7,00-0033387,J.Hollister,TE,TE,SEA,13391,ad2a1d03-020b-487a-bd5f-7ca9fbc250fe,16527.0,12051.0,4421.0,,3125404.0,30661.0,,2818962.0,HollJa03,,12271.0,12491.0,,30661.0,696882.0,19281.0,696882.0,Jacob Hollister,jacob hollister,3,6,20.0,0,0.0,0.0,43.0,7.0,0.0,-0.4724472,0,0.4651163,0.15789473,0.102870815,0.3088517,Jacob Hollister,SEA,7.524000000000001,3.100851375680932,6.719999999999998,9.25343676129713,50.0,20.0,0.0,2.0666666666666687,2.7019944214929033,-0.6353277548262346,00-0033387,Jacob,Hollister,J.Hollister,REG,SEA,BAL,Jacob Hollister,HollJa03,0.0,0.0,0.0,57.6
2019,REG,7,00-0022943,B.Watson,TE,TE,NE,7422,d81844de-54c3-42ee-9850-072dc4131b6f,9040.0,1753.0,663.0,benjaminwatson/2506122,5557.0,6791.0,,493107.0,WatsBe00,benjamin-watson-1,3872.0,48.0,,6791.0,246082.0,11756.0,,Ben Watson,ben watson,3,5,18.0,0,0.0,0.0,23.0,9.0,2.0,2.179702,0,0.7826087,0.11904762,0.10313901,0.25076875,Benjamin Watson,NE,3.455,2.1794790021966444,4.634,10.700595760402711,60.0,18.0,0.0,3.3433333333333315,5.430741478496202,-2.0874081451628705,00-0022943,Benjamin,Watson,B.Watson,REG,NE,NYJ,Ben Watson,WatsBe00,0.0,1.0,0.2,67.1
2019,REG,7,00-0034364,J.Akins,TE,TE,HOU,13753,0cb5a32a-a340-4671-ba2a-93f5fa6aee8d,17415.0,47050.0,5032.0,,3128452.0,31068.0,,2142712.0,AkinJo00,jordan-akins-1,12568.0,13238.0,,31068.0,838396.0,19903.0,838396.0,Jordan Akins,jordan akins,2,2,17.0,0,0.0,0.0,8.0,9.0,1.0,0.41590968,0,2.125,0.060606062,0.030303031,0.11212121,,,,,,,,,,,,,,,,,REG,HOU,IND,Jordan Akins,AkinJo00,0.0,0.0,0.0,102.1
2019,REG,7,00-0033528,J.Sprinkle,TE,TE,WAS,13194,2dcc8e56-ac32-4774-a011-b1e65ca73786,16461.0,11909.0,4221.0,,2980073.0,30267.0,,1999945.0,SpriJe00,jeremy-sprinkle-1,11899.0,12368.0,,30267.0,693833.0,19067.0,693833.0,Jeremy Sprinkle,jeremy sprinkle,2,2,13.0,0,0.0,0.0,11.0,2.0,1.0,1.23415,0,1.1818181,0.16666667,0.2244898,0.40714285,,,,,,,,,,,,,,,,,REG,WAS,SF,Jeremy Sprinkle,SpriJe00,0.0,0.0,0.0,93.7
2019,REG,7,00-0028112,C.Clay,TE,TE,ARI,10409,04ca4fb9-194e-47fe-8fc8-adb5790a8e78,10003.0,6326.0,801.0,charlesclay/2495139,14145.0,24961.0,,1265552.0,ClayCh00,charles-clay-1,7424.0,6681.0,,24961.0,400516.0,12751.0,,Charles Clay,charles clay,1,2,12.0,0,0.0,0.0,21.0,-2.0,1.0,1.3937608,0,0.5714286,0.0952381,0.1875,0.27410713,,,,,,,,,,,,,,,,,REG,ARI,NYG,Charles Clay,ClayCh00,0.0,0.0,0.0,68.7
2019,REG,7,00-0030710,T.Burton,TE,TE,CHI,11705,bc0f07a4-3e7b-4e61-987a-05533dc225be,12153.0,9185.0,1793.0,treyburton/2550284,16974.0,27789.0,,2130223.0,BurtTr01,,9490.0,9737.0,,27789.0,542788.0,15965.0,,Trey Burton,trey burton,2,4,11.0,0,0.0,0.0,12.0,6.0,1.0,-0.37615865,0,0.9166667,0.078431375,0.03550296,0.14249913,,,,,,,,,,,,,,,,,REG,CHI,NO,Trey Burton,BurtTr01,0.0,1.0,0.25,56.2
2019,REG,7,00-0030549,T.Eifert,TE,TE,CIN,11250,14ecf9dd-3a77-4847-8e62-407cd1182f1c,11692.0,7802.0,1388.0,tylereifert/2540148,15788.0,26644.0,,1691608.0,EifeTy00,tyler-eifert-1,8782.0,8408.0,,26644.0,508968.0,14918.0,,Tyler Eifert,tyler eifert,2,2,10.0,0,0.0,0.0,5.0,5.0,0.0,0.34458008,0,2.0,0.04761905,0.012987013,0.08051948,,,,,,,,,,,,,,,,,REG,CIN,JAX,Tyler Eifert,EifeTy00,0.0,0.0,0.0,87.5
2019,REG,7,00-0034830,H.Hurst,TE,TE,BAL,13680,1b125fc4-5dd9-4eb9-a42f-048e61ca42b7,17283.0,47294.0,4973.0,,3924365.0,30995.0,,2185053.0,HursHa00,hayden-hurst-1,12467.0,13098.0,8.0,30995.0,881956.0,19843.0,881956.0,Hayden Hurst,hayden hurst,1,2,10.0,0,0.0,0.0,10.0,0.0,1.0,0.99389,0,1.0,0.1,0.049751244,0.18482587,,,,,,,,,,,,,,,,,REG,BAL,SEA,Hayden Hurst,HursHa00,0.0,0.0,0.0,64.6
2019,REG,7,00-0028097,L.Smith,TE,TE,BUF,10398,cf23126f-055b-4617-819b-bb4bcb84541a,9992.0,6311.0,812.0,leesmith/2495347,14215.0,24946.0,7585.0,1276441.0,SmitLe00,lee-smith-2,7425.0,6665.0,,24946.0,334184.0,12777.0,334184.0,Lee Smith,lee smith,1,1,9.0,0,0.0,0.0,2.0,7.0,0.0,0.701459,0,4.5,0.04,0.007518797,0.06526316,,,,,,,,,,,,,,,,,REG,BUF,MIA,Lee Smith,SmitLe00,0.0,0.0,0.0,104.2
2019,REG,7,00-0028142,V.Green,TE,TE,LAC,10432,6ef43c53-53d7-4b0f-ad99-17664d663ae8,10026.0,6356.0,868.0,virgilgreen/2495288,14085.0,24991.0,7502.0,1130615.0,GreeVi00,virgil-green-1,7416.0,6570.0,,24991.0,323254.0,13016.0,,Virgil Green,virgil green,1,1,9.0,0,0.0,0.0,4.0,5.0,0.0,0.7597499,0,2.25,0.027027028,0.00954654,0.047223117,,,,,,,,,,,,,,,,,REG,LAC,TEN,Virgil Green,GreeVi00,0.0,0.0,0.0,104.2
2019,REG,7,00-0033110,T.Higbee,TE,TE,LA,12678,0df7912d-9e81-47ea-b4f7-d04986df4ee8,15623.0,10744.0,3271.0,,2573401.0,29344.0,,1853103.0,HigbTy00,tyler-higbee-1,10854.0,11430.0,159.0,29344.0,604176.0,18032.0,604176.0,Tyler Higbee,tyler higbee,1,1,8.0,0,0.0,0.0,5.0,3.0,0.0,0.41334006,0,1.6,0.02631579,0.013297873,0.048782196,,,,,,,,,,,,,,,,,REG,LA,ATL,Tyler Higbee,HigbTy00,0.0,0.0,0.0,100.0
2019,REG,7,00-0032135,J.James,TE,TE,DET,12211,a37a5bfd-b48c-4d8b-817a-d8ce7ca3592d,13959.0,9593.0,2463.0,jessejames/2552633,2979590.0,28548.0,,1983808.0,JameJe00,jesse-james-1,10150.0,10403.0,,28548.0,652019.0,16920.0,652019.0,Jesse James,jesse james,1,4,7.0,0,0.0,0.0,-1.0,12.0,1.0,-2.2504928,0,0.0,0.08888889,-0.0025906735,0.13151987,,,,,,,,,,,,,,,,,REG,DET,MIN,Jesse James,JameJe00,0.0,0.0,0.0,39.6
2019,REG,7,00-0035644,N.Fant,TE,TE,DEN,14137,cdc98acc-9eb6-4b44-81bb-61d7b8a3b55f,17527.0,42388.0,5857.0,,4036131.0,31852.0,,2251095.0,FantNo00,noah-fant-1,13426.0,14050.0,243.0,31852.0,923911.0,20753.0,923911.0,Noah Fant,noah fant,1,5,7.0,0,0.0,0.0,91.0,8.0,0.0,-3.8701365,0,0.07692308,0.15151516,0.30232558,0.43890062,Noah Fant,DEN,6.473999999999999,1.6771570778591478,17.45,28.47213157551234,20.0,7.0,0.0,7.390000000000001,8.250312420055707,-0.8603124200557062,00-0035644,Noah,Fant,N.Fant,REG,DEN,KC,Noah Fant,FantNo00,0.0,3.0,0.6,39.6
2019,REG,7,00-0033881,E.Engram,TE,TE,NYG,13189,e21365af-8d66-416e-b0a5-8816d18fcfd9,16411.0,11778.0,4066.0,,3051876.0,30136.0,,2079887.0,EngrEv00,evan-engram-1,11805.0,12205.0,229.0,30136.0,749185.0,18912.0,749185.0,Evan Engram,evan engram,1,5,6.0,0,0.0,0.0,40.0,2.0,0.0,-6.17201,0,0.15,0.14285715,0.1509434,0.31994608,Evan Engram,NYG,4.92,2.4542773137186864,8.978,16.90262820995557,20.0,6.0,0.0,2.3599999999999994,1.0378747262398065,1.322125273760193,00-0033881,Evan,Engram,E.Engram,REG,NYG,ARI,Evan Engram,EngrEv00,0.0,2.0,0.4,39.6
2019,REG,7,00-0031558,M.Williams,TE,TE,ARI,12206,52f4a43a-64a9-4d69-a9e2-28bd60f68e49,13919.0,9488.0,2360.0,,2970726.0,28443.0,,1983769.0,WillMa04,maxx-williams-1,10128.0,10298.0,,28443.0,651658.0,16816.0,651658.0,Maxx Williams,maxx williams,1,1,5.0,0,0.0,0.0,4.0,1.0,1.0,0.8206463,0,1.25,0.04761905,0.035714287,0.09642857,,,,,,,,,,,,,,,,,REG,ARI,NYG,Maxx Williams,WillMa04,0.0,0.0,0.0,87.5
2019,REG,7,00-0035631,D.Sample,TE,TE,CIN,14146,15a4f552-ecaf-45bd-9006-aa5dda93bee6,18561.0,47259.0,6001.0,,3127310.0,31884.0,,2139646.0,SampDr00,drew-sample-1,13809.0,14111.0,435.0,31884.0,837824.0,20931.0,837824.0,Drew Sample,drew sample,1,1,3.0,0,0.0,0.0,3.0,0.0,0.0,-0.5786896,0,1.0,0.023809524,0.007792208,0.04116883,,,,,,,,,,,,,,,,,REG,CIN,JAX,Drew Sample,SampDr00,0.0,0.0,0.0,79.2
2019,REG,7,00-0030443,L.Toilolo,TE,TE,SF,11252,67d56171-7522-430c-b7d9-8f7e2b6624d3,11694.0,7915.0,1642.0,levinetoilolo/2540203,15980.0,26756.0,,1685990.0,ToilLe00,levine-toilolo-1,8789.0,8414.0,,26756.0,503205.0,15378.0,503205.0,Levine Toilolo,levine toilolo,1,1,2.0,0,0.0,0.0,1.0,1.0,0.0,-0.46050495,0,2.0,0.05,0.00591716,0.07914201,,,,,,,,,,,,,,,,,REG,SF,WAS,Levine Toilolo,ToilLe00,0.0,0.0,0.0,79.2
2019,REG,7,00-0034073,R.Dwelley,TE,TE,SF,13988,70473218-5ae3-47b4-86fd-151e68f1e8b9,17886.0,20994.0,5285.0,,3120303.0,31329.0,,2924888.0,DwelRo00,,13030.0,13522.0,,31329.0,752665.0,20361.0,752665.0,Ross Dwelley,ross dwelley,1,3,2.0,0,0.0,0.0,25.0,1.0,1.0,0.6597173,0,0.08,0.15,0.147929,0.3285503,,,,,,,,,,,,,,,,,REG,SF,WAS,Ross Dwelley,DwelRo00,0.0,0.0,0.0,42.4
2019,REG,7,00-0030108,R.Griffin,TE,TE,NYJ,11399,cb1df42c-b59c-4e23-a9a2-fbfc2b39ef71,11830.0,7982.0,1425.0,ryangriffin/2541316,15887.0,26824.0,,2057695.0,GrifRy00,ryan-griffin-1,8911.0,8600.0,,26824.0,465129.0,14985.0,465129.0,Ryan Griffin,ryan griffin,1,2,1.0,0,0.0,0.0,22.0,1.0,0.0,-0.8831988,0,0.045454547,0.06451613,0.054320987,0.13479888,,,,,,,,,,,,,,,,,REG,NYJ,NE,Ryan Griffin,GrifRy00,0.0,0.0,0.0,56.2
2019,REG,7,00-0031690,E.Tomlinson,TE,TE,NE,13065,b3d7169b-9cf6-4fea-815a-26e4fb0ec16a,14339.0,9786.0,2755.0,,2511973.0,28658.0,,1759992.0,TomlEr01,,10553.0,10747.0,,28658.0,554431.0,17223.0,554431.0,Eric Tomlinson,eric tomlinson,1,1,1.0,0,0.0,0.0,0.0,1.0,0.0,-0.50011057,0,0.0,0.023809524,0.0,0.035714287,,,,,,,,,,,,,,,,,REG,NE,NYJ,Eric Tomlinson,TomlEr01,0.0,0.0,0.0,79.2
2019,REG,7,00-0033658,B.Jarwin,TE,TE,DAL,13722,43e8a6ac-d451-4dbd-b145-797764f91494,16638.0,12320.0,4571.0,,2991767.0,30784.0,,2819999.0,JarwBl00,,12179.0,12507.0,,30784.0,711965.0,19457.0,711965.0,Blake Jarwin,blake jarwin,1,1,1.0,1,0.0,0.0,1.0,0.0,1.0,0.5643258,0,1.0,0.04,0.004784689,0.063349284,,,,,,,,,,,,,,,,,REG,DAL,PHI,Blake Jarwin,JarwBl00,0.0,0.0,0.0,118.7
2019,REG,7,00-0030089,L.Willson,TE,TE,SEA,11381,16c67c97-ffd9-4f92-917d-ad6124ce1f6e,11812.0,7940.0,1603.0,lukewillson/2541199,16121.0,26781.0,,2057661.0,WillLu00,luke-willson-1,8907.0,8567.0,,26781.0,466869.0,15263.0,466869.0,Luke Willson,luke willson,0,1,0.0,0,0.0,0.0,25.0,0.0,0.0,-0.5467427,0,0.0,0.02631579,0.059808612,0.08133971,,,,,,,,,,,,,,,,,REG,SEA,BAL,Luke Willson,WillLu00,0.0,0.0,0.0,39.6
2019,REG,7,00-0032062,B.Bell,TE,TE,KC,12213,0cc4e449-185a-4b08-9f07-c907ad0c3e05,13966.0,9550.0,2422.0,,2514206.0,28505.0,,1737101.0,BellBl00,blake-bell-1,10248.0,10366.0,,28505.0,542871.0,16878.0,542871.0,Blake Bell,blake bell,0,1,0.0,0,0.0,0.0,3.0,0.0,0.0,-0.8864521,0,0.0,0.03448276,0.01863354,0.064767614,,,,,,,,,,,,,,,,,REG,KC,DEN,Blake Bell,BellBl00,0.0,0.0,0.0,39.6
2019,REG,7,00-0033080,S.DeValve,TE,TE,JAX,12792,a2451bf7-83dd-496c-b527-c14d8d518598,15671.0,10772.0,3296.0,,2566659.0,29372.0,,1984760.0,DevaSe00,,11221.0,11444.0,,29372.0,623676.0,18057.0,,Seth DeValve,seth devalve,0,2,0.0,0,0.0,0.0,5.0,0.0,0.0,-1.3223171,0,0.0,0.071428575,0.021008404,0.12184874,,,,,,,,,,,,,,,,,REG,JAX,CIN,Seth Devalve,DevaSe00,0.0,1.0,0.5,39.6
2019,REG,7,00-0033246,J.Mundt,TE,TE,LA,13940,6414998b-5831-44aa-8bd8-39e42a323c2c,16743.0,12206.0,4314.0,,3052096.0,30373.0,,2818622.0,MundJo00,,12316.0,12525.0,,30373.0,740704.0,19165.0,740704.0,Johnny Mundt,johnny mundt,0,1,0.0,0,0.0,0.0,0.0,0.0,0.0,-0.5526906,0,,0.02631579,0.0,0.039473683,,,,,,,,,,,,,,,,,REG,LA,ATL,Johnny Mundt,MundJo00,0.0,0.0,0.0,39.6
2019,REG,7,00-0034011,D.Arnold,TE,TE,NO,13880,d479a777-b53b-4bbf-a8e4-0c1675ac48df,17143.0,51842.0,4741.0,,4212989.0,30891.0,,2835170.0,ArnoDa00,,12276.0,12972.0,,30891.0,1053627.0,19659.0,1053627.0,Dan Arnold,dan arnold,0,1,0.0,0,0.0,0.0,5.0,0.0,0.0,-0.32161033,0,0.0,0.027777778,0.018518519,0.05462963,,,,,,,,,,,,,,,,,REG,NO,CHI,Dan Arnold,ArnoDa00,0.0,0.0,0.0,39.6
2019,REG,7,00-0034798,D.Smythe,TE,TE,MIA,13676,7e42a22a-c47b-4387-aeeb-2cc2e76dc1d8,17508.0,47257.0,5008.0,,3052897.0,31093.0,,2082845.0,SmytDu00,durham-smythe-1,12807.0,13249.0,,31093.0,749968.0,19943.0,749968.0,Durham Smythe,durham smythe,0,1,0.0,0,0.0,0.0,18.0,0.0,0.0,-0.77058935,0,0.0,0.029411765,0.053731345,0.08172959,,,,,,,,,,,,,,,,,REG,MIA,BUF,Durham Smythe,SmytDu00,0.0,0.0,0.0,39.6
2019,REG,8,00-0028112,C.Clay,TE,TE,ARI,10409,04ca4fb9-194e-47fe-8fc8-adb5790a8e78,10003.0,6326.0,801.0,charlesclay/2495139,14145.0,24961.0,,1265552.0,ClayCh00,charles-clay-1,7424.0,6681.0,,24961.0,400516.0,12751.0,,Charles Clay,charles clay,3,3,88.0,0,0.0,0.0,68.0,20.0,3.0,7.381102,0,1.2941177,0.09375,0.23859648,0.30764255,,,,,,,,,,,,,,,,,REG,ARI,NO,Charles Clay,ClayCh00,0.0,0.0,0.0,118.7
2019,REG,8,00-0033288,G.Kittle,TE,TE,SF,13299,2ada91b0-036e-454f-83c3-6d939ff584a9,16499.0,11901.0,4217.0,,3040151.0,30259.0,,2818265.0,KittGe00,george-kittle-1,11892.0,12276.0,298.0,30259.0,733672.0,19063.0,733672.0,George Kittle,george kittle,6,7,86.0,0,0.0,0.0,47.0,43.0,5.0,3.3880403,0,1.8297873,0.3181818,0.4017094,0.7584693,George Kittle,SF,3.8020000000000005,3.303525001958382,6.368571428571428,39.06072023131516,85.71428571428571,86.0,0.0,7.656666666666666,7.246599211679666,0.4100674549870007,00-0033288,George,Kittle,G.Kittle,REG,SF,CAR,George Kittle,KittGe00,0.0,0.0,0.0,78.3
2019,REG,8,00-0033858,J.Smith,TE,TE,TEN,13193,e4f25a37-74de-4bfb-b6c9-f50a4fab0b87,16460.0,11855.0,4144.0,,3054212.0,30213.0,,2081506.0,SmitJo01,jonnu-smith-1,11807.0,12344.0,84.0,30213.0,743749.0,18990.0,743749.0,Jonnu Smith,jonnu smith,6,7,78.0,1,0.0,0.0,47.0,35.0,4.0,4.9322424,0,1.6595745,0.21212122,0.13946587,0.41580793,Jonnu Smith,TEN,4.071666666666666,4.703540461793016,5.8814285714285734,12.106331049489814,85.71428571428571,78.0,1.0,6.9899999999999975,5.267080126336471,1.7229198736635265,00-0033858,Jonnu,Smith,J.Smith,REG,TEN,TB,Jonnu Smith,SmitJo01,1.0,0.0,0.0,152.7
2019,REG,8,00-0030549,T.Eifert,TE,TE,CIN,11250,14ecf9dd-3a77-4847-8e62-407cd1182f1c,11692.0,7802.0,1388.0,tylereifert/2540148,15788.0,26644.0,,1691608.0,EifeTy00,tyler-eifert-1,8782.0,8408.0,,26644.0,508968.0,14918.0,,Tyler Eifert,tyler eifert,6,9,74.0,0,0.0,0.0,94.0,19.0,4.0,2.7956977,0,0.78723407,0.1875,0.21461187,0.43147832,Tyler Eifert,CIN,5.735555555555556,1.1188827416971594,10.389999999999999,21.175271739130434,66.66666666666666,74.0,0.0,3.435000000000001,2.3494977573937157,1.0855022426062853,00-0030549,Tyler,Eifert,T.Eifert,REG,CIN,LA,Tyler Eifert,EifeTy00,0.0,1.0,0.111,91.9
2019,REG,8,00-0030108,R.Griffin,TE,TE,NYJ,11399,cb1df42c-b59c-4e23-a9a2-fbfc2b39ef71,11830.0,7982.0,1425.0,ryangriffin/2541316,15887.0,26824.0,,2057695.0,GrifRy00,ryan-griffin-1,8911.0,8600.0,,26824.0,465129.0,14985.0,465129.0,Ryan Griffin,ryan griffin,4,4,66.0,2,0.0,0.0,35.0,31.0,4.0,6.7070575,1,1.8857143,0.13793103,0.1502146,0.31204677,,,,,,,,,,,,,,,,,REG,NYJ,JAX,Ryan Griffin,GrifRy00,0.0,0.0,0.0,158.3
2019,REG,8,00-0032392,A.Hooper,TE,TE,ATL,12677,90c2a93f-d837-4e1b-b57c-56648903a8db,15581.0,10715.0,3202.0,,3043275.0,29315.0,,2067004.0,HoopAu00,austin-hooper-1,10748.0,11301.0,384.0,29315.0,739424.0,17963.0,739424.0,Austin Hooper,austin hooper,6,7,65.0,1,0.0,0.0,17.0,56.0,4.0,4.409119,0,3.8235295,0.14285715,0.048295453,0.24809253,Austin Hooper,ATL,5.815714285714285,3.5118994419036693,3.429999999999999,6.873353944807052,85.71428571428571,65.0,1.0,9.133333333333335,5.875412264368229,3.2579210689651052,00-0032392,Austin,Hooper,A.Hooper,REG,ATL,SEA,Austin Hooper,HoopAu00,0.0,0.0,0.0,144.9
2019,REG,8,00-0030506,T.Kelce,TE,TE,KC,11244,c3859e06-5f23-4302-a71b-04820a899d5f,11594.0,7844.0,1466.0,traviskelce/2540258,15847.0,26686.0,,1725130.0,KelcTr00,travis-kelce-1,8783.0,8411.0,264.0,26686.0,448240.0,15048.0,448240.0,Travis Kelce,travis kelce,4,8,63.0,1,0.0,0.0,62.0,29.0,4.0,3.2412083,0,1.016129,0.22857143,0.2966507,0.5505127,Travis Kelce,KC,7.35375,3.237139411102128,7.865,29.668049792531125,50.0,63.0,1.0,7.644999999999999,3.7754734880345495,3.869526511965449,00-0030506,Travis,Kelce,T.Kelce,REG,KC,GB,Travis Kelce,KelcTr00,2.0,0.0,0.0,116.1
2019,REG,8,00-0030181,J.Doyle,TE,TE,IND,11516,bd413539-9351-454e-9d61-4e8635d7e9f5,11987.0,8520.0,1706.0,jackdoyle/2540232,16504.0,27299.0,,2041264.0,DoylJa00,,9081.0,9075.0,,27299.0,477386.0,15602.0,477386.0,Jack Doyle,jack doyle,4,5,61.0,0,1.0,0.0,51.0,20.0,4.0,4.0595746,0,1.1960784,0.20833333,0.24878049,0.48664635,Jack Doyle,IND,3.316,5.250738749501448,9.760000000000002,23.78979183932141,80.0,61.0,0.0,5.4025,9.520846032173466,-4.118346032173466,00-0030181,John,Doyle,J.Doyle,REG,IND,DEN,Jack Doyle,DoylJa00,0.0,0.0,0.0,117.5
2019,REG,8,00-0029738,D.Fells,TE,TE,HOU,11337,54d4e35a-2e6c-48f6-86ad-92dd596c173c,13636.0,8549.0,1592.0,darrenfells/2540928,15773.0,26612.0,,2053740.0,FellDa01,,9758.0,8472.0,,26612.0,266414.0,15247.0,266414.0,Darren Fells,darren fells,6,6,58.0,2,0.0,0.0,35.0,23.0,4.0,6.128685,0,1.6571429,0.15789473,0.13779527,0.3332988,Darren Fells,HOU,6.904999999999999,3.843036000303476,6.706666666666666,15.076807793180965,100.0,58.0,2.0,3.905,1.135224923644652,2.769775076355348,00-0029738,Darren,Fells,D.Fells,REG,HOU,OAK,Darren Fells,FellDa01,1.0,0.0,0.0,146.5
2019,REG,8,00-0033090,H.Henry,TE,TE,LAC,12676,705899da-3c20-4bc3-b5d0-2e6e40655131,15561.0,10669.0,3214.0,,3046439.0,29269.0,,2079848.0,HenrHu00,hunter-henry-1,10735.0,11299.0,212.0,29269.0,744425.0,17975.0,744425.0,Hunter Henry,hunter henry,4,6,47.0,0,0.0,0.0,52.0,11.0,2.0,0.95720476,0,0.90384614,0.20689656,0.2007722,0.45088536,Hunter Henry,LAC,6.329999999999999,2.4405506109280175,8.549999999999999,19.896831245394253,66.66666666666666,47.0,0.0,2.7099999999999986,2.848973025202781,-0.13897302520278254,00-0033090,Hunter,Henry,H.Henry,REG,LAC,CHI,Hunter Henry,HenrHu00,0.0,2.0,0.333,90.3
2019,REG,8,00-0033455,A.Firkser,TE,TE,TEN,13919,b0719e3d-199b-46e5-a2b4-1091f6fd5c0d,16787.0,51837.0,4435.0,,3049698.0,30571.0,,2818971.0,FirkAn00,,12235.0,12691.0,,30571.0,767297.0,19296.0,767297.0,Anthony Firkser,anthony firkser,3,5,43.0,0,0.0,0.0,50.0,15.0,2.0,3.0679238,0,0.86,0.15151516,0.14836796,0.3311303,Anthony Firkser,TEN,5.625,3.122919461418409,10.342000000000002,15.205692945570028,60.0,43.0,0.0,4.593333333333331,2.7240616353457576,1.8692716979875734,00-0033455,Anthony,Firkser,A.Firkser,REG,TEN,TB,Anthony Firkser,FirkAn00,0.0,0.0,0.0,87.9
2019,REG,8,00-0033881,E.Engram,TE,TE,NYG,13189,e21365af-8d66-416e-b0a5-8816d18fcfd9,16411.0,11778.0,4066.0,,3051876.0,30136.0,,2079887.0,EngrEv00,evan-engram-1,11805.0,12205.0,229.0,30136.0,749185.0,18912.0,749185.0,Evan Engram,evan engram,4,7,40.0,1,0.0,0.0,27.0,13.0,2.0,0.49283418,0,1.4814814,0.175,0.09090909,0.32613635,Evan Engram,NYG,3.1716666666666664,3.817413896222163,3.701428571428571,8.673383992233788,57.14285714285714,40.0,1.0,3.2974999999999994,2.735568864992274,0.5619311350077254,00-0033881,Evan,Engram,E.Engram,REG,NYG,DET,Evan Engram,EngrEv00,0.0,0.0,0.0,113.1
2019,REG,8,00-0030216,J.Hill,TE,TE,NO,11529,687cdc33-bd0d-4b70-adb3-33f97dc26a3c,13565.0,8200.0,1777.0,joshhill/2541834,16143.0,26950.0,,2060083.0,HillJo02,,9071.0,8764.0,,26950.0,469509.0,15866.0,,Josh Hill,josh hill,3,5,39.0,0,0.0,0.0,38.0,29.0,1.0,0.57593906,0,1.0263158,0.11627907,0.16666667,0.29108527,Josh Hill,NO,4.3475,5.508202909504302,6.508000000000001,15.22125549630462,60.0,39.0,0.0,9.433333333333332,7.683826493610468,1.749506839722864,00-0030216,Josh,Hill,J.Hill,REG,NO,ARI,Josh Hill,HillJo02,0.0,0.0,0.0,84.6
2019,REG,8,00-0030155,D.Harris,TE,TE,CLE,11448,8506c15c-15cc-4d2c-aebf-270c605fe0ec,11881.0,8524.0,1619.0,demetriusharris/2541187,16318.0,27174.0,,2060074.0,HarrDe03,,9847.0,8683.0,,27174.0,602269.0,15305.0,602269.0,Demetrius Harris,demetrius harris,2,3,33.0,1,0.0,0.0,45.0,7.0,2.0,4.153108,0,0.73333335,0.1,0.18828452,0.28179917,,,,,,,,,,,,,,,,,REG,CLE,NE,Demetrius Harris,HarrDe03,0.0,0.0,0.0,143.1
2019,REG,8,00-0031273,C.Brate,TE,TE,TB,12110,5afe93fd-0caf-4cca-83fc-7f405bebfa3e,13470.0,9207.0,2214.0,,17453.0,28267.0,,2132787.0,BratCa00,,10008.0,10193.0,,28267.0,552926.0,16593.0,552926.0,Cameron Brate,cameron brate,3,6,32.0,0,0.0,0.0,51.0,4.0,3.0,0.5978782,0,0.627451,0.14634146,0.10828026,0.29530838,Cameron Brate,TB,4.997999999999999,2.0182020151217372,8.483333333333333,11.04049628006854,50.0,32.0,0.0,1.706666666666668,1.0129628653744476,0.6937038012922205,00-0031273,Cameron,Brate,C.Brate,REG,TB,TEN,Cameron Brate,BratCa00,0.0,1.0,0.167,66.0
2019,REG,8,00-0032214,T.Kroft,TE,TE,BUF,12212,36f54823-9d51-4180-9c91-d10281deb4bf,13960.0,9518.0,2390.0,tylerkroft/2552586,2582410.0,28473.0,,1824200.0,KrofTy00,tyler-kroft-1,10247.0,10490.0,,28473.0,592268.0,16846.0,592268.0,Tyler Kroft,tyler kroft,2,4,32.0,0,0.0,0.0,41.0,13.0,2.0,0.5766938,0,0.7804878,0.12903225,0.15018316,0.29867658,,,,,,,,,,,,,,,,,REG,BUF,PHI,Tyler Kroft,KrofTy00,0.0,0.0,0.0,77.1
2019,REG,8,00-0022943,B.Watson,TE,TE,NE,7422,d81844de-54c3-42ee-9850-072dc4131b6f,9040.0,1753.0,663.0,benjaminwatson/2506122,5557.0,6791.0,,493107.0,WatsBe00,benjamin-watson-1,3872.0,48.0,,6791.0,246082.0,11756.0,,Ben Watson,ben watson,1,1,26.0,0,0.0,0.0,25.0,1.0,1.0,1.9921603,0,1.04,0.03125,0.10460251,0.12009676,,,,,,,,,,,,,,,,,REG,NE,CLE,Ben Watson,WatsBe00,0.0,0.0,0.0,118.7
2019,REG,8,00-0031387,E.Ebron,TE,TE,IND,11695,9fbcfae9-dd14-415c-8952-9b1b5dff0dfc,12143.0,8645.0,2118.0,ericebron/2543466,16732.0,27538.0,,1865396.0,EbroEr00,eric-ebron-1,9210.0,9390.0,,27538.0,605752.0,16451.0,605752.0,Eric Ebron,eric ebron,3,4,26.0,0,0.0,0.0,28.0,13.0,2.0,-0.06821854,0,0.9285714,0.16666667,0.13658537,0.34560975,,,,,,,,,,,,,,,,,REG,IND,DEN,Eric Ebron,EbroEr00,0.0,0.0,0.0,91.7
2019,REG,8,00-0035644,N.Fant,TE,TE,DEN,14137,cdc98acc-9eb6-4b44-81bb-61d7b8a3b55f,17527.0,42388.0,5857.0,,4036131.0,31852.0,,2251095.0,FantNo00,noah-fant-1,13426.0,14050.0,243.0,31852.0,923911.0,20753.0,923911.0,Noah Fant,noah fant,5,9,26.0,0,0.0,0.0,20.0,17.0,2.0,-3.9181356,0,1.3,0.31034482,0.13333334,0.5588506,Noah Fant,DEN,5.901999999999999,3.657679129291932,3.3555555555555547,19.50778373490084,55.55555555555556,26.0,0.0,3.2959999999999985,3.4681102211700137,-0.17211022117001518,00-0035644,Noah,Fant,N.Fant,REG,DEN,IND,Noah Fant,FantNo00,0.0,0.0,0.0,60.9
2019,REG,8,00-0034011,D.Arnold,TE,TE,NO,13880,d479a777-b53b-4bbf-a8e4-0c1675ac48df,17143.0,51842.0,4741.0,,4212989.0,30891.0,,2835170.0,ArnoDa00,,12276.0,12972.0,,30891.0,1053627.0,19659.0,1053627.0,Dan Arnold,dan arnold,2,3,25.0,0,0.0,0.0,44.0,2.0,1.0,-0.44225237,0,0.5681818,0.069767445,0.19298245,0.23973888,,,,,,,,,,,,,,,,,REG,NO,ARI,Dan Arnold,ArnoDa00,0.0,0.0,0.0,92.4
2019,REG,8,00-0034351,D.Goedert,TE,TE,PHI,13674,e8029983-87cf-49a2-bc04-04c8233a0630,17270.0,47272.0,5022.0,,3121023.0,31019.0,,2132551.0,GoedDa00,,12860.0,13151.0,382.0,31019.0,791365.0,19863.0,791365.0,Dallas Goedert,dallas goedert,3,5,22.0,1,0.0,0.0,18.0,19.0,2.0,1.4643369,0,1.2222222,0.20833333,0.14876033,0.41663224,Dallas Goedert,PHI,5.998,2.7669306675470757,4.824000000000001,21.133794795408747,60.0,22.0,1.0,6.400000000000001,7.1494621152610875,-0.7494621152610863,00-0034351,Dallas,Goedert,D.Goedert,REG,PHI,BUF,Dallas Goedert,GoedDa00,0.0,0.0,0.0,110.0
2019,REG,8,00-0034970,I.Smith,TE,TE,MIN,14141,ed0e6a30-83d5-4f4b-bf49-f7ff80e21304,18610.0,42060.0,6126.0,,4040980.0,31882.0,,2257888.0,SmitIr01,irv-smith-jr-1,13583.0,14052.0,,31882.0,944428.0,20949.0,944428.0,Irv Smith,irv smith,3,3,21.0,0,0.0,0.0,6.0,15.0,2.0,2.466491,0,3.5,0.125,0.0625,0.23125,,,,,,,,,,,,,,,,,REG,MIN,WAS,Irv Smith Jr.,SmitIr01,0.0,0.0,0.0,95.8
2019,REG,8,00-0035229,T.Hockenson,TE,TE,DET,14138,bd1120b6-38b3-4225-a4b0-20660a149d0d,18290.0,40912.0,5844.0,,4036133.0,31840.0,,2251097.0,HockTJ00,tj-hockenson-1,13610.0,14051.0,247.0,31840.0,923915.0,20805.0,923915.0,T.J. Hockenson,tj hockenson,1,1,21.0,0,0.0,0.0,13.0,8.0,1.0,1.8736188,0,1.6153846,0.032258064,0.034574468,0.072589226,,,,,,,,,,,,,,,,,REG,DET,NYG,T.J. Hockenson,HockTJ00,0.0,0.0,0.0,118.7
2019,REG,8,00-0027696,J.Graham,TE,TE,GB,9925,fd85786d-3900-4dc0-9b30-334ee30413ed,9712.0,5619.0,616.0,jimmygraham/497236,13232.0,24070.0,6610.0,1691166.0,GrahJi00,jimmy-graham-1,6532.0,5842.0,,24070.0,295918.0,11488.0,295918.0,Jimmy Graham,jimmy graham,3,5,20.0,0,0.0,0.0,36.0,22.0,1.0,0.047525536,0,0.5555556,0.16129032,0.15584415,0.3510264,Jimmy Graham,GB,3.4966666666666666,4.8744202625305135,7.0200000000000005,14.632926168341184,60.0,20.0,0.0,7.846666666666668,8.89106686495658,-1.044400198289912,00-0027696,Jimmy,Graham,J.Graham,REG,GB,KC,Jimmy Graham,GrahJi00,0.0,0.0,0.0,68.7
2019,REG,8,00-0030061,Z.Ertz,TE,TE,PHI,11247,de3421f7-2147-4835-89a5-724e87bad463,11689.0,7816.0,1339.0,zachertz/2540158,15835.0,26658.0,,1685963.0,ErtzZa00,zach-ertz-1,8781.0,8409.0,305.0,26658.0,503177.0,14856.0,503177.0,Zach Ertz,zach ertz,2,4,20.0,0,0.0,0.0,46.0,5.0,1.0,0.76289123,0,0.4347826,0.16666667,0.38016528,0.5161157,,,,,,,,,,,,,,,,,REG,PHI,BUF,Zach Ertz,ErtzZa00,0.0,0.0,0.0,64.6
2019,REG,8,00-0030470,V.McDonald,TE,TE,PIT,11257,8f24a248-b328-43ec-8677-67600e42a8f7,11699.0,7836.0,1587.0,vancemcdonald/2540215,15853.0,26678.0,,1673357.0,McDoVa00,vance-mcdonald-1,8785.0,8413.0,,26678.0,494969.0,15239.0,,Vance McDonald,vance mcdonald,3,4,19.0,0,0.0,0.0,35.0,7.0,1.0,-1.4837463,0,0.54285717,0.11111111,0.073068894,0.21781489,,,,,,,,,,,,,,,,,REG,PIT,MIA,Vance McDonald,McDoVa00,0.0,0.0,0.0,84.4
2019,REG,8,00-0028042,L.Stocker,TE,TE,ATL,10354,5b712aed-201c-43dd-b978-b7b6ef91178e,9948.0,6256.0,963.0,lukestocker/2495234,14099.0,24891.0,7589.0,1125485.0,StocLu00,luke-stocker-1,7413.0,6552.0,,24891.0,334186.0,13370.0,334186.0,Luke Stocker,luke stocker,1,1,18.0,0,0.0,0.0,5.0,13.0,1.0,0.4338399,0,3.6,0.020408163,0.014204546,0.040555425,,,,,,,,,,,,,,,,,REG,ATL,SEA,Luke Stocker,StocLu00,0.0,0.0,0.0,118.7
2019,REG,8,00-0033387,J.Hollister,TE,TE,SEA,13391,ad2a1d03-020b-487a-bd5f-7ca9fbc250fe,16527.0,12051.0,4421.0,,3125404.0,30661.0,,2818962.0,HollJa03,,12271.0,12491.0,,30661.0,696882.0,19281.0,696882.0,Jacob Hollister,jacob hollister,2,2,18.0,0,0.0,0.0,13.0,5.0,0.0,0.17986889,0,1.3846154,0.1,0.06435644,0.19504951,,,,,,,,,,,,,,,,,REG,SEA,ATL,Jacob Hollister,HollJa03,0.0,0.0,0.0,104.2
2019,REG,8,00-0027981,K.Rudolph,TE,TE,MIN,10312,1059e9dc-97df-4643-9116-883a0573d8b1,9906.0,6195.0,943.0,kylerudolph/2495438,14054.0,24830.0,7444.0,1633122.0,RudoKy00,kyle-rudolph-1,7246.0,6459.0,,24830.0,469472.0,13275.0,469472.0,Kyle Rudolph,kyle rudolph,3,3,17.0,0,0.0,0.0,-3.0,20.0,0.0,-0.35822496,0,0.0,0.125,-0.03125,0.165625,,,,,,,,,,,,,,,,,REG,MIN,WAS,Kyle Rudolph,RudoKy00,0.0,0.0,0.0,90.3
2019,REG,8,00-0031260,L.Thomas,TE,TE,DET,11647,b24625a0-d402-4d59-a778-aa4b073bfe5e,12095.0,8755.0,2251.0,loganthomas/2543767,16813.0,27648.0,,1691193.0,ThomLo00,logan-thomas-1,9323.0,9354.0,,27648.0,507528.0,16656.0,507528.0,Logan Thomas,logan thomas,1,1,17.0,0,0.0,0.0,9.0,8.0,1.0,2.2964337,0,1.8888888,0.032258064,0.023936171,0.065142415,,,,,,,,,,,,,,,,,REG,DET,NYG,Logan Thomas,ThomLo00,0.0,0.0,0.0,118.7
2019,REG,8,00-0030710,T.Burton,TE,TE,CHI,11705,bc0f07a4-3e7b-4e61-987a-05533dc225be,12153.0,9185.0,1793.0,treyburton/2550284,16974.0,27789.0,,2130223.0,BurtTr01,,9490.0,9737.0,,27789.0,542788.0,15965.0,,Trey Burton,trey burton,1,4,16.0,0,0.0,0.0,48.0,0.0,0.0,-5.903332,0,0.33333334,0.121212125,0.17712177,0.30580342,,,,,,,,,,,,,,,,,REG,CHI,LAC,Trey Burton,BurtTr01,0.0,0.0,0.0,4.2
2019,REG,8,00-0032394,N.Vannett,TE,TE,PIT,12680,c731aa8a-778b-4ccd-a19f-517eb66f47b7,15645.0,10728.0,3258.0,,2576399.0,29328.0,,1871322.0,VannNi00,nick-vannett-1,10949.0,11329.0,,29328.0,606488.0,18019.0,606488.0,Nick Vannett,nick vannett,1,2,15.0,0,0.0,0.0,7.0,14.0,1.0,1.0839869,0,2.142857,0.055555556,0.014613778,0.093562976,,,,,,,,,,,,,,,,,REG,PIT,MIA,Nick Vannett,VannNi00,0.0,0.0,0.0,75.0
2019,REG,8,00-0033895,G.Everett,TE,TE,LA,13236,ebeceb00-57e0-4b74-9cf7-853da2afed18,16459.0,11799.0,4089.0,,3918639.0,30157.0,,2142692.0,EverGe00,gerald-everett-1,11737.0,12284.0,55.0,30157.0,838487.0,18935.0,838487.0,Gerald Everett,gerald everett,2,3,15.0,0,0.0,0.0,19.0,2.0,1.0,0.7042686,0,0.7894737,0.1,0.06031746,0.19222222,,,,,,,,,,,,,,,,,REG,LA,CIN,Gerald Everett,EverGe00,0.0,0.0,0.0,78.5
2019,REG,8,00-0025418,G.Olsen,TE,TE,CAR,8687,587d0a98-7ec5-45a5-adba-8af26e8f256b,9238.0,3647.0,58.0,gregolsen/2495700,10475.0,8285.0,,502524.0,OlseGr00,greg-olsen-1,5206.0,4190.0,,8285.0,230925.0,1658.0,,Greg Olsen,greg olsen,2,2,13.0,0,0.0,0.0,12.0,1.0,1.0,0.63903207,0,1.0833334,0.054054055,0.036809817,0.10684795,,,,,,,,,,,,,,,,,REG,CAR,SF,Greg Olsen,OlseGr00,0.0,0.0,0.0,93.7
2019,REG,8,00-0035025,H.Hentges,TE,TE,WAS,14654,fe7dea44-fd21-45e4-a8f0-1436e1108da1,18785.0,47150.0,6439.0,,3925348.0,32295.0,,3116798.0,HentHa00,,14094.0,,,32295.0,884045.0,21344.0,,Hale Hentges,hale hentges,1,1,13.0,0,0.0,0.0,-4.0,17.0,1.0,0.69348633,0,0.0,0.04761905,-0.02877698,0.051284686,,,,,,,,,,,,,,,,,REG,WAS,MIN,Hale Hentges,HentHa00,0.0,0.0,0.0,118.7
2019,REG,8,00-0033528,J.Sprinkle,TE,TE,WAS,13194,2dcc8e56-ac32-4774-a011-b1e65ca73786,16461.0,11909.0,4221.0,,2980073.0,30267.0,,1999945.0,SpriJe00,jeremy-sprinkle-1,11899.0,12368.0,,30267.0,693833.0,19067.0,693833.0,Jeremy Sprinkle,jeremy sprinkle,2,2,12.0,0,0.0,0.0,6.0,6.0,0.0,0.699919,0,2.0,0.0952381,0.043165468,0.17307296,,,,,,,,,,,,,,,,,REG,WAS,MIN,Jeremy Sprinkle,SpriJe00,0.0,0.0,0.0,91.7
2019,REG,8,00-0024243,M.Lewis,TE,TE,GB,8269,9c21e9af-681c-41ef-9b00-fbc9e1668ed1,9413.0,2973.0,111.0,marcedeslewis/2495888,9614.0,7777.0,4007.0,415313.0,LewiMa00,marcedes-lewis-1,4891.0,3615.0,,7777.0,214197.0,3061.0,214197.0,Marcedes Lewis,marcedes lewis,1,1,11.0,0,0.0,0.0,11.0,0.0,1.0,0.72840536,0,1.0,0.032258064,0.04761905,0.08172043,,,,,,,,,,,,,,,,,REG,GB,KC,Marcedes Lewis,LewiMa00,0.0,0.0,0.0,112.5
2019,REG,8,00-0031610,D.Waller,TE,TE,LV,12263,14c97c9f-26e8-4944-9299-f90de6aeada3,14104.0,9637.0,2505.0,,2576925.0,28592.0,,1850793.0,WallDa01,darren-waller-1,10215.0,10433.0,,28592.0,600191.0,16964.0,600191.0,Darren Waller,darren waller,2,8,11.0,1,0.0,0.0,68.0,7.0,1.0,-3.9508214,0,0.16176471,0.26666668,0.24460432,0.571223,Darren Waller,LV,4.855714285714286,1.380077963457854,8.4025,27.89095888137421,25.0,11.0,1.0,4.465,3.2309114306827738,1.234088569317226,00-0031610,Darren,Waller,D.Waller,REG,OAK,HOU,Darren Waller,WallDa01,1.0,1.0,0.125,79.2
2019,REG,8,00-0032227,J.Heuerman,TE,TE,DEN,12208,1fe3aadd-336b-4838-888e-8c9609747afc,13961.0,9525.0,2397.0,jeffheuerman/2552399,2576389.0,28480.0,,1824413.0,HeueJe00,jeff-heuerman-1,10246.0,10492.0,,28480.0,593517.0,16853.0,,Jeff Heuerman,jeff heuerman,1,1,11.0,0,0.0,0.0,10.0,1.0,1.0,0.69735837,0,1.1,0.03448276,0.06666667,0.0983908,,,,,,,,,,,,,,,,,REG,DEN,IND,Jeff Heuerman,HeueJe00,0.0,0.0,0.0,112.5
2019,REG,8,00-0033080,S.DeValve,TE,TE,JAX,12792,a2451bf7-83dd-496c-b527-c14d8d518598,15671.0,10772.0,3296.0,,2566659.0,29372.0,,1984760.0,DevaSe00,,11221.0,11444.0,,29372.0,623676.0,18057.0,,Seth DeValve,seth devalve,1,1,11.0,0,0.0,0.0,6.0,5.0,1.0,1.7372186,0,1.8333334,0.030303031,0.027272727,0.06454545,,,,,,,,,,,,,,,,,REG,JAX,NYJ,Seth Devalve,DevaSe00,0.0,0.0,0.0,112.5
2019,REG,8,00-0034364,J.Akins,TE,TE,HOU,13753,0cb5a32a-a340-4671-ba2a-93f5fa6aee8d,17415.0,47050.0,5032.0,,3128452.0,31068.0,,2142712.0,AkinJo00,jordan-akins-1,12568.0,13238.0,,31068.0,838396.0,19903.0,838396.0,Jordan Akins,jordan akins,2,5,11.0,0,0.0,0.0,8.0,8.0,1.0,-1.2203388,0,1.375,0.13157895,0.031496063,0.21941566,Jordan Akins,HOU,7.026666666666666,4.217188073694207,1.740000000000002,3.2596478081678573,40.0,11.0,0.0,5.234999999999999,5.231529535970367,0.0034704640296325806,00-0034364,Jordan,Akins,J.Akins,REG,HOU,OAK,Jordan Akins,AkinJo00,0.0,2.0,0.4,47.9
2019,REG,8,00-0034788,J.Graham,TE,TE,ATL,14464,97e65d1d-c738-4812-840e-030f0242bc29,18135.0,31849.0,5754.0,,3118954.0,31749.0,,2930527.0,,,13356.0,,,31749.0,832316.0,20662.0,832316.0,Jaeden Graham,jaeden graham,1,1,11.0,0,0.0,0.0,1.0,10.0,1.0,2.5316854,0,11.0,0.020408163,0.0028409092,0.03260088,,,,,,,,,,,,,,,,,,,,,,,,,
2019,REG,8,00-0028142,V.Green,TE,TE,LAC,10432,6ef43c53-53d7-4b0f-ad99-17664d663ae8,10026.0,6356.0,868.0,virgilgreen/2495288,14085.0,24991.0,7502.0,1130615.0,GreeVi00,virgil-green-1,7416.0,6570.0,,24991.0,323254.0,13016.0,,Virgil Green,virgil green,1,1,10.0,0,0.0,0.0,5.0,5.0,1.0,0.4900576,0,2.0,0.03448276,0.019305019,0.06523765,,,,,,,,,,,,,,,,,REG,LAC,CHI,Virgil Green,GreeVi00,0.0,0.0,0.0,108.3
2019,REG,8,00-0034829,M.Gesicki,TE,TE,MIA,13672,1012cbe0-7eba-4169-bfca-183a0204e1a7,17272.0,47153.0,4993.0,,3116164.0,31012.0,,2139298.0,GesiMi00,mike-gesicki-1,12764.0,13104.0,330.0,31012.0,836152.0,19853.0,836152.0,Mike Gesicki,mike gesicki,2,3,10.0,0,0.0,0.0,28.0,4.0,0.0,-1.128849,0,0.35714287,0.09090909,0.097222224,0.2044192,,,,,,,,,,,,,,,,,REG,MIA,PIT,Mike Gesicki,GesiMi00,0.0,0.0,0.0,71.5
2019,REG,8,00-0034981,F.Moreau,TE,TE,LV,14239,9c3a67fd-5c6e-4689-9e08-9ff6d4db6c9a,18397.0,47043.0,5985.0,,3843945.0,31969.0,,2180634.0,MoreFo00,foster-moreau-1,13822.0,14154.0,179.0,31969.0,865573.0,20884.0,865573.0,Foster Moreau,foster moreau,1,2,10.0,0,0.0,0.0,5.0,4.0,1.0,0.15865959,0,2.0,0.06666667,0.017985612,0.112589926,,,,,,,,,,,,,,,,,REG,OAK,HOU,Foster Moreau,MoreFo00,1.0,0.0,0.0,64.6
2019,REG,8,00-0031558,M.Williams,TE,TE,ARI,12206,52f4a43a-64a9-4d69-a9e2-28bd60f68e49,13919.0,9488.0,2360.0,,2970726.0,28443.0,,1983769.0,WillMa04,maxx-williams-1,10128.0,10298.0,,28443.0,651658.0,16816.0,651658.0,Maxx Williams,maxx williams,1,1,9.0,0,0.0,0.0,5.0,4.0,0.0,-0.058976445,0,1.8,0.03125,0.01754386,0.059155703,,,,,,,,,,,,,,,,,REG,ARI,NO,Maxx Williams,WillMa04,1.0,0.0,0.0,104.2
2019,REG,8,00-0033110,T.Higbee,TE,TE,LA,12678,0df7912d-9e81-47ea-b4f7-d04986df4ee8,15623.0,10744.0,3271.0,,2573401.0,29344.0,,1853103.0,HigbTy00,tyler-higbee-1,10854.0,11430.0,159.0,29344.0,604176.0,18032.0,604176.0,Tyler Higbee,tyler higbee,1,1,8.0,0,0.0,0.0,6.0,2.0,0.0,0.42074665,0,1.3333334,0.033333335,0.01904762,0.06333333,,,,,,,,,,,,,,,,,REG,LA,CIN,Tyler Higbee,HigbTy00,0.0,0.0,0.0,100.0
2019,REG,8,00-0030089,L.Willson,TE,TE,SEA,11381,16c67c97-ffd9-4f92-917d-ad6124ce1f6e,11812.0,7940.0,1603.0,lukewillson/2541199,16121.0,26781.0,,2057661.0,WillLu00,luke-willson-1,8907.0,8567.0,,26781.0,466869.0,15263.0,466869.0,Luke Willson,luke willson,1,1,7.0,0,0.0,0.0,4.0,3.0,0.0,0.39587983,0,1.75,0.05,0.01980198,0.08886138,,,,,,,,,,,,,,,,,REG,SEA,ATL,Luke Willson,WillLu00,0.0,0.0,0.0,95.8
2019,REG,8,00-0028097,L.Smith,TE,TE,BUF,10398,cf23126f-055b-4617-819b-bb4bcb84541a,9992.0,6311.0,812.0,leesmith/2495347,14215.0,24946.0,7585.0,1276441.0,SmitLe00,lee-smith-2,7425.0,6665.0,,24946.0,334184.0,12777.0,334184.0,Lee Smith,lee smith,1,1,6.0,0,0.0,0.0,6.0,0.0,0.0,0.31545812,0,1.0,0.032258064,0.021978023,0.06377171,,,,,,,,,,,,,,,,,REG,BUF,PHI,Lee Smith,SmitLe00,0.0,0.0,0.0,91.7
2019,REG,8,00-0035249,J.Oliver,TE,TE,JAX,14209,dc83f7af-7b30-4c4a-9c93-f67bd8db954b,18487.0,47083.0,5973.0,,3921690.0,31901.0,,2184618.0,OlivJo00,josh-oliver-1,13786.0,14127.0,7.0,31901.0,881779.0,20899.0,881779.0,Josh Oliver,josh oliver,1,2,6.0,0,0.0,0.0,16.0,0.0,0.0,0.9374916,0,0.375,0.060606062,0.07272727,0.14181818,,,,,,,,,,,,,,,,,REG,JAX,NYJ,Josh Oliver,OlivJo00,0.0,1.0,0.5,56.2
2019,REG,8,00-0032134,C.Uzomah,TE,TE,CIN,12317,19858900-5c8e-49a7-ab02-34ef625724ca,14084.0,9590.0,2460.0,c.j.uzomah/2552559,2574576.0,28545.0,,2174118.0,UzomC.00,cj-uzomah-1,10462.0,10534.0,,28545.0,593305.0,16917.0,593305.0,C.J. Uzomah,cj uzomah,1,2,4.0,0,0.0,0.0,-4.0,6.0,0.0,0.8979242,0,0.0,0.041666668,-0.00913242,0.056107305,,,,,,,,,,,,,,,,,REG,CIN,LA,C.J. Uzomah,UzomC.00,0.0,0.0,0.0,56.2
2019,REG,8,00-0031585,M.Pruitt,TE,TE,TEN,12309,f22b34cf-6ecf-4522-9c77-1da275dfda7d,13964.0,9576.0,2446.0,,2508256.0,28531.0,,1760327.0,PruiMy00,,10251.0,10522.0,,28531.0,552586.0,16903.0,552586.0,MyCole Pruitt,mycole pruitt,0,1,0.0,0,0.0,0.0,5.0,0.0,0.0,-0.42640316,0,0.0,0.030303031,0.014836796,0.055840302,,,,,,,,,,,,,,,,,REG,TEN,TB,MyCole Pruitt,PruiMy00,0.0,0.0,0.0,39.6
2019,REG,8,00-0032062,B.Bell,TE,TE,KC,12213,0cc4e449-185a-4b08-9f07-c907ad0c3e05,13966.0,9550.0,2422.0,,2514206.0,28505.0,,1737101.0,BellBl00,blake-bell-1,10248.0,10366.0,,28505.0,542871.0,16878.0,542871.0,Blake Bell,blake bell,0,1,0.0,0,0.0,0.0,0.0,0.0,0.0,-0.43881837,0,,0.028571429,0.0,0.042857144,,,,,,,,,,,,,,,,,REG,KC,GB,Blake Bell,BellBl00,0.0,1.0,1.0,39.6
2019,REG,8,00-0032117,N.O'Leary,TE,TE,MIA,12207,c257b2e6-dfc9-45c8-b30c-a497f2ce82a2,13957.0,9627.0,2495.0,,2576804.0,28582.0,,1860760.0,OLeaNi00,nick-oleary-1,10250.0,10568.0,,28582.0,605423.0,16954.0,,Nick O'Leary,nick oleary,0,1,0.0,0,0.0,0.0,12.0,0.0,0.0,-3.3377116,0,0.0,0.030303031,0.041666668,0.074621215,,,,,,,,,,,,,,,,,REG,MIA,PIT,Nick O'Leary,OLeaNi00,0.0,1.0,1.0,0.0
2019,REG,8,00-0033258,D.Daniels,TE,TE,ARI,13396,7574eb56-a34a-419e-9682-c4788cfe2019,16582.0,12122.0,4323.0,,3052166.0,30523.0,,2079698.0,DaniDa02,,11890.0,12453.0,,30523.0,747895.0,19176.0,747895.0,Darrell Daniels,darrell daniels,0,1,0.0,0,0.0,0.0,3.0,0.0,0.0,-0.644488,0,0.0,0.03125,0.010526316,0.05424342,,,,,,,,,,,,,,,,,REG,ARI,NO,Darrell Daniels,DaniDa02,0.0,0.0,0.0,39.6
2019,REG,8,00-0033896,A.Shaheen,TE,TE,CHI,13254,87171077-4c1c-4b67-b159-2cc6242988e0,16457.0,11800.0,4085.0,,4198676.0,30158.0,,2818105.0,ShahAd00,,11898.0,12283.0,,30158.0,1049770.0,18931.0,1049770.0,Adam Shaheen,adam shaheen,0,2,0.0,0,0.0,0.0,5.0,0.0,0.0,-2.353249,0,0.0,0.060606062,0.018450184,0.10382422,,,,,,,,,,,,,,,,,REG,CHI,LAC,Adam Shaheen,ShahAd00,0.0,0.0,0.0,39.6
2019,REG,8,00-0034365,I.Thomas,TE,TE,CAR,13678,ed8a8fd2-df67-45e7-a34f-984afb82f6ea,17387.0,42130.0,4995.0,,4045305.0,31071.0,,2253359.0,ThomIa00,ian-thomas-3,12858.0,13163.0,323.0,31071.0,943093.0,19910.0,943093.0,Ian Thomas,ian thomas,0,1,0.0,0,0.0,0.0,1.0,0.0,0.0,-1.209738,0,0.0,0.027027028,0.0030674846,0.04268778,,,,,,,,,,,,,,,,,REG,CAR,SF,Ian Thomas,ThomIa00,0.0,0.0,0.0,39.6
2019,REG,8,00-0034613,T.Hudson,TE,TE,TB,14370,2fa75e05-cac4-4b40-8924-dbc9ae0c959c,17826.0,66924.0,5409.0,,3050481.0,31257.0,,2926606.0,,,13286.0,,,31257.0,1115394.0,20506.0,1115394.0,Tanner Hudson,tanner hudson,0,1,0.0,0,0.0,0.0,9.0,0.0,0.0,-0.4689791,0,0.0,0.024390243,0.01910828,0.04996116,,,,,,,,,,,,,,,,,,,,,,,,,
2019,REG,8,00-0035689,D.Knox,TE,TE,BUF,14143,5fb525c5-4e70-4ede-8c49-94ad0cf66b7d,18631.0,35883.0,5906.0,,3930086.0,31928.0,,2186345.0,KnoxDa00,dawson-knox-1,13466.0,13953.0,88.0,31928.0,884083.0,20850.0,884083.0,Dawson Knox,dawson knox,0,1,0.0,0,0.0,0.0,7.0,0.0,0.0,-0.52632266,0,0.0,0.032258064,0.025641026,0.06633581,,,,,,,,,,,,,,,,,REG,BUF,PHI,Dawson Knox,KnoxDa00,0.0,0.0,0.0,39.6
2019,REG,8,00-0029587,R.Ellison,TE,TE,NYG,10838,cccc9f16-9508-434f-b7a4-9a29cb0cacf9,11315.0,7128.0,1211.0,rhettellison/2532835,15003.0,25838.0,,1244464.0,ElliRh00,rhett-ellison-1,8114.0,7580.0,,25838.0,399295.0,14445.0,,Rhett Ellison,rhett ellison,1,2,-1.0,0,0.0,0.0,4.0,0.0,0.0,-1.3320214,0,-0.25,0.05,0.013468013,0.08442761,,,,,,,,,,,,,,,,,REG,NYG,DET,Rhett Ellison,ElliRh00,0.0,0.0,0.0,56.2
2019,REG,9,00-0035644,N.Fant,TE,TE,DEN,14137,cdc98acc-9eb6-4b44-81bb-61d7b8a3b55f,17527.0,42388.0,5857.0,,4036131.0,31852.0,,2251095.0,FantNo00,noah-fant-1,13426.0,14050.0,243.0,31852.0,923911.0,20753.0,923911.0,Noah Fant,noah fant,3,4,115.0,1,0.0,0.0,45.0,73.0,3.0,7.3837147,0,2.5555556,0.22222222,0.25714287,0.5133333,,,,,,,,,,,,,,,,,REG,DEN,CLE,Noah Fant,FantNo00,1.0,0.0,0.0,156.2
2019,REG,9,00-0030061,Z.Ertz,TE,TE,PHI,11247,de3421f7-2147-4835-89a5-724e87bad463,11689.0,7816.0,1339.0,zachertz/2540158,15835.0,26658.0,,1685963.0,ErtzZa00,zach-ertz-1,8781.0,8409.0,305.0,26658.0,503177.0,14856.0,503177.0,Zach Ertz,zach ertz,9,11,103.0,1,0.0,0.0,76.0,50.0,8.0,12.959635,0,1.3552631,0.2820513,0.25082508,0.5986545,Zach Ertz,PHI,4.881,1.935582880050798,6.376363636363635,24.46630389284219,81.81818181818183,103.0,1.0,5.8533333333333335,3.925736935142974,1.9275963981903597,00-0030061,Zachary,Ertz,Z.Ertz,REG,PHI,CHI,Zach Ertz,ErtzZa00,1.0,1.0,0.091,136.0
2019,REG,9,00-0034829,M.Gesicki,TE,TE,MIA,13672,1012cbe0-7eba-4169-bfca-183a0204e1a7,17272.0,47153.0,4993.0,,3116164.0,31012.0,,2139298.0,GesiMi00,mike-gesicki-1,12764.0,13104.0,330.0,31012.0,836152.0,19853.0,836152.0,Mike Gesicki,mike gesicki,6,6,95.0,0,0.0,0.0,75.0,20.0,4.0,10.044126,0,1.2666667,0.16666667,0.2186589,0.4030612,Mike Gesicki,MIA,4.87,2.6826482983842452,12.290000000000001,21.53936030378268,100.0,95.0,0.0,3.543333333333333,3.6082379289875726,-0.06490459565423956,00-0034829,Michael,Gesicki,M.Gesicki,REG,MIA,NYJ,Mike Gesicki,GesiMi00,0.0,0.0,0.0,118.7
2019,REG,9,00-0033090,H.Henry,TE,TE,LAC,12676,705899da-3c20-4bc3-b5d0-2e6e40655131,15561.0,10669.0,3214.0,,3046439.0,29269.0,,2079848.0,HenrHu00,hunter-henry-1,10735.0,11299.0,212.0,29269.0,744425.0,17975.0,744425.0,Hunter Henry,hunter henry,7,10,84.0,0,0.0,0.0,105.0,23.0,5.0,2.6976564,0,0.8,0.3846154,0.47727272,0.91101396,Hunter Henry,LAC,5.887777777777778,2.5628681692184827,10.428,48.964642907451754,70.0,84.0,0.0,3.788571428571429,3.435157905049956,0.35341352352147304,00-0033090,Hunter,Henry,H.Henry,REG,LAC,GB,Hunter Henry,HenrHu00,0.0,0.0,0.0,95.4
2019,REG,9,00-0033288,G.Kittle,TE,TE,SF,13299,2ada91b0-036e-454f-83c3-6d939ff584a9,16499.0,11901.0,4217.0,,3040151.0,30259.0,,2818265.0,KittGe00,george-kittle-1,11892.0,12276.0,298.0,30259.0,733672.0,19063.0,733672.0,George Kittle,george kittle,6,8,79.0,1,0.0,0.0,54.0,48.0,3.0,4.109546,0,1.462963,0.21621622,0.20689656,0.4691519,George Kittle,SF,3.88125,2.6387406284752974,6.609999999999999,19.706342699560256,75.0,79.0,1.0,8.065,6.324948601196866,1.7400513988031339,00-0033288,George,Kittle,G.Kittle,REG,SF,ARI,George Kittle,KittGe00,1.0,0.0,0.0,145.3
2019,REG,9,00-0030506,T.Kelce,TE,TE,KC,11244,c3859e06-5f23-4302-a71b-04820a899d5f,11594.0,7844.0,1466.0,traviskelce/2540258,15847.0,26686.0,,1725130.0,KelcTr00,travis-kelce-1,8783.0,8411.0,264.0,26686.0,448240.0,15048.0,448240.0,Travis Kelce,travis kelce,7,9,62.0,0,0.0,0.0,67.0,17.0,4.0,2.6118162,0,0.92537314,0.2647059,0.23344947,0.56047344,Travis Kelce,KC,6.19,3.194852746917954,7.995555555555557,24.150892737280174,77.77777777777779,62.0,0.0,2.298571428571428,2.428841031677637,-0.13026960310620916,00-0030506,Travis,Kelce,T.Kelce,REG,KC,MIN,Travis Kelce,KelcTr00,0.0,0.0,0.0,95.4
2019,REG,9,00-0022127,J.Witten,TE,TE,DAL,6997,e38c9b1b-7c51-48a2-ac1d-a752502e8930,9275.0,1384.0,23.0,jasonwitten/2505629,4527.0,6405.0,,396134.0,WittJa00,jason-witten-1,3086.0,1990.0,,6405.0,184571.0,722.0,,Jason Witten,jason witten,8,9,58.0,0,0.0,0.0,37.0,28.0,2.0,1.9515812,0,1.5675676,0.2647059,0.10541311,0.470848,Jason Witten,DAL,5.016666666666667,3.779291400398109,4.002222222222223,10.612220847327793,88.88888888888889,58.0,0.0,3.8637499999999996,4.232272201295274,-0.36852220129527424,00-0022127,Christopher,Witten,J.Witten,REG,DAL,NYG,Jason Witten,WittJa00,0.0,0.0,0.0,93.5
2019,REG,9,00-0035229,T.Hockenson,TE,TE,DET,14138,bd1120b6-38b3-4225-a4b0-20660a149d0d,18290.0,40912.0,5844.0,,4036133.0,31840.0,,2251097.0,HockTJ00,tj-hockenson-1,13610.0,14051.0,247.0,31840.0,923915.0,20805.0,923915.0,T.J. Hockenson,tj hockenson,3,7,56.0,0,0.0,0.0,49.0,52.0,3.0,1.3145127,0,1.1428572,0.17073171,0.10560345,0.33001998,T.J. Hockenson,DET,6.034999999999999,3.054197022904827,6.225714285714285,9.78622114434564,42.857142857142854,56.0,0.0,17.643333333333334,14.87878196918579,2.764551364147545,00-0035229,Thomas,Hockenson,T.Hockenson,REG,DET,OAK,T.J. Hockenson,HockTJ00,0.0,0.0,0.0,71.1
2019,REG,9,00-0031610,D.Waller,TE,TE,LV,12263,14c97c9f-26e8-4944-9299-f90de6aeada3,14104.0,9637.0,2505.0,,2576925.0,28592.0,,1850793.0,WallDa01,darren-waller-1,10215.0,10433.0,,28592.0,600191.0,16964.0,600191.0,Darren Waller,darren waller,2,2,52.0,0,0.0,0.0,19.0,33.0,2.0,3.9831371,0,2.7368422,0.074074075,0.081196584,0.16794872,,,,,,,,,,,,,,,,,REG,OAK,DET,Darren Waller,WallDa01,0.0,0.0,0.0,118.7
2019,REG,9,00-0030108,R.Griffin,TE,TE,NYJ,11399,cb1df42c-b59c-4e23-a9a2-fbfc2b39ef71,11830.0,7982.0,1425.0,ryangriffin/2541316,15887.0,26824.0,,2057695.0,GrifRy00,ryan-griffin-1,8911.0,8600.0,,26824.0,465129.0,14985.0,465129.0,Ryan Griffin,ryan griffin,6,8,50.0,0,0.0,0.0,62.0,19.0,3.0,-0.9202975,0,0.8064516,0.22222222,0.25101215,0.50904185,Ryan Griffin,NYJ,7.8100000000000005,3.842675724097267,8.29,27.90775963642485,75.0,50.0,0.0,3.4000000000000017,2.8184190147223567,0.581580985277645,00-0030108,Ryan,Griffin,R.Griffin,REG,NYJ,MIA,Ryan Griffin,GrifRy00,0.0,1.0,0.125,90.6
2019,REG,9,00-0033881,E.Engram,TE,TE,NYG,13189,e21365af-8d66-416e-b0a5-8816d18fcfd9,16411.0,11778.0,4066.0,,3051876.0,30136.0,,2079887.0,EngrEv00,evan-engram-1,11805.0,12205.0,229.0,30136.0,749185.0,18912.0,749185.0,Evan Engram,evan engram,6,8,48.0,0,0.0,0.0,48.0,18.0,3.0,0.8699232,0,1.0,0.19512194,0.2,0.43268293,Evan Engram,NYG,6.761666666666667,3.3954200009077313,7.12875,20.91079089209108,75.0,48.0,0.0,3.198333333333333,2.34538270835886,0.8529506249744729,00-0033881,Evan,Engram,E.Engram,REG,NYG,DAL,Evan Engram,EngrEv00,0.0,0.0,0.0,89.6
2019,REG,9,00-0033658,B.Jarwin,TE,TE,DAL,13722,43e8a6ac-d451-4dbd-b145-797764f91494,16638.0,12320.0,4571.0,,2991767.0,30784.0,,2819999.0,JarwBl00,,12179.0,12507.0,,30784.0,711965.0,19457.0,711965.0,Blake Jarwin,blake jarwin,1,1,42.0,1,0.0,0.0,9.0,33.0,1.0,4.6732354,0,4.6666665,0.029411765,0.025641026,0.062066365,,,,,,,,,,,,,,,,,REG,DAL,NYG,Blake Jarwin,JarwBl00,0.0,0.0,0.0,158.3
2019,REG,9,00-0033080,S.DeValve,TE,TE,JAX,12792,a2451bf7-83dd-496c-b527-c14d8d518598,15671.0,10772.0,3296.0,,2566659.0,29372.0,,1984760.0,DevaSe00,,11221.0,11444.0,,29372.0,623676.0,18057.0,,Seth DeValve,seth devalve,4,5,41.0,0,0.0,0.0,32.0,15.0,2.0,0.6098675,0,1.28125,0.11363637,0.08421053,0.22940192,Seth DeValve,JAX,4.6866666666666665,3.007941684139957,6.319999999999999,8.29526959626188,80.0,41.0,0.0,3.8825000000000003,4.009765778556812,-0.12726577855681143,00-0033080,Seth,DeValve,S.DeValve,REG,JAX,HOU,Seth Devalve,DevaSe00,0.0,0.0,0.0,100.8
2019,REG,9,00-0025418,G.Olsen,TE,TE,CAR,8687,587d0a98-7ec5-45a5-adba-8af26e8f256b,9238.0,3647.0,58.0,gregolsen/2495700,10475.0,8285.0,,502524.0,OlseGr00,greg-olsen-1,5206.0,4190.0,,8285.0,230925.0,1658.0,,Greg Olsen,greg olsen,3,6,40.0,0,0.0,0.0,59.0,7.0,2.0,-0.39586112,0,0.6779661,0.2,0.1505102,0.40535715,Greg Olsen,CAR,6.15,2.3480035959428935,10.313333333333333,15.702793919861952,50.0,40.0,0.0,2.9366666666666674,3.9975542287430437,-1.0608875620763762,00-0025418,Gregory,Olsen,G.Olsen,REG,CAR,TEN,Greg Olsen,OlseGr00,0.0,0.0,0.0,71.5
2019,REG,9,00-0034351,D.Goedert,TE,TE,PHI,13674,e8029983-87cf-49a2-bc04-04c8233a0630,17270.0,47272.0,5022.0,,3121023.0,31019.0,,2132551.0,GoedDa00,,12860.0,13151.0,382.0,31019.0,791365.0,19863.0,791365.0,Dallas Goedert,dallas goedert,4,5,39.0,0,0.0,0.0,18.0,24.0,1.0,0.9036521,0,2.1666667,0.12820514,0.05940594,0.23389184,Dallas Goedert,PHI,7.164,2.140202720859277,3.2320000000000015,5.636947118738666,80.0,39.0,0.0,6.847499999999998,4.264776403920337,2.5827235960796617,00-0034351,Dallas,Goedert,D.Goedert,REG,PHI,CHI,Dallas Goedert,GoedDa00,0.0,0.0,0.0,99.2
2019,REG,9,00-0033387,J.Hollister,TE,TE,SEA,13391,ad2a1d03-020b-487a-bd5f-7ca9fbc250fe,16527.0,12051.0,4421.0,,3125404.0,30661.0,,2818962.0,HollJa03,,12271.0,12491.0,,30661.0,696882.0,19281.0,696882.0,Jacob Hollister,jacob hollister,4,6,37.0,2,0.0,0.0,35.0,10.0,3.0,3.4448931,0,1.0571429,0.13953489,0.10115607,0.28011158,Jacob Hollister,SEA,6.279999999999999,4.727925387793072,5.266666666666667,8.75758667516559,66.66666666666666,37.0,2.0,3.7375000000000016,2.5068117478551244,1.2306882521448772,00-0033387,Jacob,Hollister,J.Hollister,REG,SEA,TB,Jacob Hollister,HollJa03,1.0,0.0,0.0,122.9
2019,REG,9,00-0034970,I.Smith,TE,TE,MIN,14141,ed0e6a30-83d5-4f4b-bf49-f7ff80e21304,18610.0,42060.0,6126.0,,4040980.0,31882.0,,2257888.0,SmitIr01,irv-smith-jr-1,13583.0,14052.0,,31882.0,944428.0,20949.0,944428.0,Irv Smith,irv smith,4,6,33.0,0,0.0,0.0,33.0,4.0,3.0,2.3576024,0,1.0,0.16216215,0.13095239,0.33490992,Irv Smith,MIN,5.93,2.623175007923314,5.733333333333333,11.493484797861674,66.66666666666666,33.0,0.0,0.892500000000001,2.038187723236234,-1.1456877232362332,00-0034970,Irvin,Smith,I.Smith,REG,MIN,KC,Irv Smith Jr.,SmitIr01,0.0,1.0,0.167,80.6
2019,REG,9,00-0030470,V.McDonald,TE,TE,PIT,11257,8f24a248-b328-43ec-8677-67600e42a8f7,11699.0,7836.0,1587.0,vancemcdonald/2540215,15853.0,26678.0,,1673357.0,McDoVa00,vance-mcdonald-1,8785.0,8413.0,,26678.0,494969.0,15239.0,,Vance McDonald,vance mcdonald,5,7,30.0,1,0.0,0.0,14.0,22.0,2.0,2.2094598,0,2.142857,0.20588236,0.074074075,0.3606754,Vance McDonald,PIT,8.62,5.84247206196349,1.4171428571428566,5.339074273412268,71.42857142857143,30.0,1.0,4.614000000000002,3.7771311563768903,0.8368688436231113,00-0030470,Vance,McDonald,V.McDonald,REG,PIT,IND,Vance McDonald,McDoVa00,0.0,0.0,0.0,119.0
2019,REG,9,00-0034073,R.Dwelley,TE,TE,SF,13988,70473218-5ae3-47b4-86fd-151e68f1e8b9,17886.0,20994.0,5285.0,,3120303.0,31329.0,,2924888.0,DwelRo00,,13030.0,13522.0,,31329.0,752665.0,20361.0,752665.0,Ross Dwelley,ross dwelley,4,4,29.0,0,0.0,0.0,15.0,14.0,1.0,2.2794175,0,1.9333333,0.10810811,0.057471264,0.20239204,,,,,,,,,,,,,,,,,REG,SF,ARI,Ross Dwelley,DwelRo00,0.0,0.0,0.0,96.9
2019,REG,9,00-0022943,B.Watson,TE,TE,NE,7422,d81844de-54c3-42ee-9850-072dc4131b6f,9040.0,1753.0,663.0,benjaminwatson/2506122,5557.0,6791.0,,493107.0,WatsBe00,benjamin-watson-1,3872.0,48.0,,6791.0,246082.0,11756.0,,Ben Watson,ben watson,4,5,28.0,0,0.0,0.0,36.0,17.0,1.0,0.7597314,0,0.7777778,0.12195122,0.12371134,0.26952475,Benjamin Watson,NE,6.795,4.254340361369537,8.636666666666668,9.765934190192604,80.0,28.0,0.0,2.2174999999999994,1.9724465341951145,0.24505346580488485,00-0022943,Benjamin,Watson,B.Watson,REG,NE,BAL,Ben Watson,WatsBe00,0.0,1.0,0.2,90.0
2019,REG,9,00-0031598,N.Boyle,TE,TE,BAL,12328,9480dd9f-151f-4e6d-b5a3-35f07bda4cac,13963.0,9604.0,2474.0,,2574591.0,28559.0,,1888149.0,BoylNi00,,10252.0,10547.0,,28559.0,608753.0,16931.0,608753.0,Nick Boyle,nick boyle,5,5,27.0,1,0.0,0.0,13.0,14.0,1.0,1.9107249,0,2.0769231,0.2173913,0.11111111,0.40386474,Nick Boyle,BAL,8.49,3.9586562914421073,2.51,10.664513936097892,100.0,27.0,1.0,2.89,2.572645772541409,0.317354227458591,00-0031598,Nicholas,Boyle,N.Boyle,REG,BAL,NE,Nick Boyle,BoylNi00,0.0,0.0,0.0,128.7
2019,REG,9,00-0030155,D.Harris,TE,TE,CLE,11448,8506c15c-15cc-4d2c-aebf-270c605fe0ec,11881.0,8524.0,1619.0,demetriusharris/2541187,16318.0,27174.0,,2060074.0,HarrDe03,,9847.0,8683.0,,27174.0,602269.0,15305.0,602269.0,Demetrius Harris,demetrius harris,3,4,25.0,0,0.0,0.0,11.0,23.0,1.0,0.70637,0,2.2727273,0.1,0.06918239,0.19842768,,,,,,,,,,,,,,,,,REG,CLE,DEN,Demetrius Harris,HarrDe03,1.0,0.0,0.0,90.6
2019,REG,9,00-0034364,J.Akins,TE,TE,HOU,13753,0cb5a32a-a340-4671-ba2a-93f5fa6aee8d,17415.0,47050.0,5032.0,,3128452.0,31068.0,,2142712.0,AkinJo00,jordan-akins-1,12568.0,13238.0,,31068.0,838396.0,19903.0,838396.0,Jordan Akins,jordan akins,3,3,24.0,0,0.0,0.0,3.0,21.0,2.0,4.192608,0,8.0,0.10714286,0.016574586,0.17231649,,,,,,,,,,,,,,,,,REG,HOU,JAX,Jordan Akins,AkinJo00,0.0,0.0,0.0,100.0
2019,REG,9,00-0027981,K.Rudolph,TE,TE,MIN,10312,1059e9dc-97df-4643-9116-883a0573d8b1,9906.0,6195.0,943.0,kylerudolph/2495438,14054.0,24830.0,7444.0,1633122.0,RudoKy00,kyle-rudolph-1,7246.0,6459.0,,24830.0,469472.0,13275.0,469472.0,Kyle Rudolph,kyle rudolph,3,5,23.0,1,0.0,0.0,40.0,9.0,1.0,1.5641798,0,0.575,0.13513513,0.15873016,0.3138138,Kyle Rudolph,MIN,5.1899999999999995,2.177220780090907,10.992,18.36284664216505,60.0,23.0,1.0,2.7166666666666637,2.7783372151934977,-0.06167054852683407,00-0027981,Kyle,Rudolph,K.Rudolph,REG,MIN,KC,Kyle Rudolph,RudoKy00,0.0,0.0,0.0,110.8
2019,REG,9,00-0030181,J.Doyle,TE,TE,IND,11516,bd413539-9351-454e-9d61-4e8635d7e9f5,11987.0,8520.0,1706.0,jackdoyle/2540232,16504.0,27299.0,,2041264.0,DoylJa00,,9081.0,9075.0,,27299.0,477386.0,15602.0,477386.0,Jack Doyle,jack doyle,3,4,22.0,1,0.0,0.0,35.0,3.0,1.0,-7.343755,0,0.62857145,0.13333334,0.20588236,0.34411764,,,,,,,,,,,,,,,,,REG,IND,PIT,Jack Doyle,DoylJa00,0.0,0.0,0.0,87.5
2019,REG,9,00-0034753,M.Andrews,TE,TE,BAL,13671,0618f387-9b72-4270-8b8f-dec4cccc9e4a,17269.0,47436.0,5012.0,,3116365.0,31056.0,,2131121.0,AndrMa00,mark-andrews-1,12559.0,13182.0,366.0,31056.0,820699.0,19803.0,820699.0,Mark Andrews,mark andrews,2,3,21.0,0,0.0,0.0,48.0,6.0,2.0,2.645528,0,0.4375,0.13043478,0.41025642,0.48283166,,,,,,,,,,,,,,,,,REG,BAL,NE,Mark Andrews,AndrMa00,0.0,0.0,0.0,86.8
2019,REG,9,00-0030089,L.Willson,TE,TE,SEA,11381,16c67c97-ffd9-4f92-917d-ad6124ce1f6e,11812.0,7940.0,1603.0,lukewillson/2541199,16121.0,26781.0,,2057661.0,WillLu00,luke-willson-1,8907.0,8567.0,,26781.0,466869.0,15263.0,466869.0,Luke Willson,luke willson,2,2,20.0,0,0.0,0.0,-1.0,21.0,2.0,1.5011381,0,0.0,0.046511628,-0.0028901733,0.06774432,,,,,,,,,,,,,,,,,REG,SEA,TB,Luke Willson,WillLu00,1.0,0.0,0.0,108.3
2019,REG,9,00-0033858,J.Smith,TE,TE,TEN,13193,e4f25a37-74de-4bfb-b6c9-f50a4fab0b87,16460.0,11855.0,4144.0,,3054212.0,30213.0,,2081506.0,SmitJo01,jonnu-smith-1,11807.0,12344.0,84.0,30213.0,743749.0,18990.0,743749.0,Jonnu Smith,jonnu smith,3,5,18.0,0,0.0,0.0,35.0,0.0,0.0,-0.21347986,0,0.51428574,0.13513513,0.10670732,0.2773978,Jonnu Smith,TEN,6.383333333333333,2.666963823867712,6.038,9.345881187505805,60.0,18.0,0.0,0.6433333333333321,1.7002586132473805,-1.0569252799140485,00-0033858,Jonnu,Smith,J.Smith,REG,TEN,CAR,Jonnu Smith,SmitJo01,0.0,1.0,0.2,67.1
2019,REG,9,00-0027696,J.Graham,TE,TE,GB,9925,fd85786d-3900-4dc0-9b30-334ee30413ed,9712.0,5619.0,616.0,jimmygraham/497236,13232.0,24070.0,6610.0,1691166.0,GrahJi00,jimmy-graham-1,6532.0,5842.0,,24070.0,295918.0,11488.0,295918.0,Jimmy Graham,jimmy graham,4,4,17.0,0,0.0,0.0,6.0,11.0,1.0,-0.004097633,0,2.8333333,0.11764706,0.020134227,0.19056454,,,,,,,,,,,,,,,,,REG,GB,LAC,Jimmy Graham,GrahJi00,0.0,0.0,0.0,84.4
2019,REG,9,00-0029587,R.Ellison,TE,TE,NYG,10838,cccc9f16-9508-434f-b7a4-9a29cb0cacf9,11315.0,7128.0,1211.0,rhettellison/2532835,15003.0,25838.0,,1244464.0,ElliRh00,rhett-ellison-1,8114.0,7580.0,,25838.0,399295.0,14445.0,,Rhett Ellison,rhett ellison,2,5,17.0,0,0.0,0.0,17.0,6.0,0.0,-2.975009,0,1.0,0.12195122,0.07083333,0.23251016,Rhett Ellison,NYG,5.864999999999999,5.431337124422566,4.593999999999999,8.422249110842223,40.0,17.0,0.0,2.969999999999999,2.1740221583580706,0.7959778416419283,00-0029587,Rhett,Ellison,R.Ellison,REG,NYG,DAL,Rhett Ellison,ElliRh00,0.0,1.0,0.2,49.6
2019,REG,9,00-0031387,E.Ebron,TE,TE,IND,11695,9fbcfae9-dd14-415c-8952-9b1b5dff0dfc,12143.0,8645.0,2118.0,ericebron/2543466,16732.0,27538.0,,1865396.0,EbroEr00,eric-ebron-1,9210.0,9390.0,,27538.0,605752.0,16451.0,605752.0,Eric Ebron,eric ebron,2,2,16.0,0,0.0,0.0,9.0,7.0,1.0,0.95259094,0,1.7777778,0.06666667,0.052941177,0.13705882,,,,,,,,,,,,,,,,,REG,IND,PIT,Eric Ebron,EbroEr00,0.0,0.0,0.0,100.0
2019,REG,9,00-0033528,J.Sprinkle,TE,TE,WAS,13194,2dcc8e56-ac32-4774-a011-b1e65ca73786,16461.0,11909.0,4221.0,,2980073.0,30267.0,,1999945.0,SpriJe00,jeremy-sprinkle-1,11899.0,12368.0,,30267.0,693833.0,19067.0,693833.0,Jeremy Sprinkle,jeremy sprinkle,1,1,16.0,0,1.0,0.0,4.0,12.0,0.0,0.46885428,0,4.0,0.045454547,0.027777778,0.08762626,,,,,,,,,,,,,,,,,REG,WAS,BUF,Jeremy Sprinkle,SpriJe00,0.0,0.0,0.0,118.7
2019,REG,9,00-0034830,H.Hurst,TE,TE,BAL,13680,1b125fc4-5dd9-4eb9-a42f-048e61ca42b7,17283.0,47294.0,4973.0,,3924365.0,30995.0,,2185053.0,HursHa00,hayden-hurst-1,12467.0,13098.0,8.0,30995.0,881956.0,19843.0,881956.0,Hayden Hurst,hayden hurst,2,2,15.0,0,0.0,0.0,5.0,10.0,1.0,1.1793596,0,3.0,0.08695652,0.042735044,0.16034931,,,,,,,,,,,,,,,,,REG,BAL,NE,Hayden Hurst,HursHa00,0.0,0.0,0.0,97.9
2019,REG,9,00-0035689,D.Knox,TE,TE,BUF,14143,5fb525c5-4e70-4ede-8c49-94ad0cf66b7d,18631.0,35883.0,5906.0,,3930086.0,31928.0,,2186345.0,KnoxDa00,dawson-knox-1,13466.0,13953.0,88.0,31928.0,884083.0,20850.0,884083.0,Dawson Knox,dawson knox,2,2,14.0,0,0.0,0.0,10.0,4.0,1.0,2.3944907,0,1.4,0.1,0.049751244,0.18482587,,,,,,,,,,,,,,,,,REG,BUF,WAS,Dawson Knox,KnoxDa00,0.0,0.0,0.0,95.8
2019,REG,9,00-0031260,L.Thomas,TE,TE,DET,11647,b24625a0-d402-4d59-a778-aa4b073bfe5e,12095.0,8755.0,2251.0,loganthomas/2543767,16813.0,27648.0,,1691193.0,ThomLo00,logan-thomas-1,9323.0,9354.0,,27648.0,507528.0,16656.0,507528.0,Logan Thomas,logan thomas,1,2,13.0,0,0.0,0.0,14.0,0.0,0.0,-2.8381708,0,0.9285714,0.048780486,0.030172413,0.09429142,,,,,,,,,,,,,,,,,REG,DET,OAK,Logan Thomas,ThomLo00,0.0,0.0,0.0,70.8
2019,REG,9,00-0031558,M.Williams,TE,TE,ARI,12206,52f4a43a-64a9-4d69-a9e2-28bd60f68e49,13919.0,9488.0,2360.0,,2970726.0,28443.0,,1983769.0,WillMa04,maxx-williams-1,10128.0,10298.0,,28443.0,651658.0,16816.0,651658.0,Maxx Williams,maxx williams,1,2,12.0,0,0.0,0.0,24.0,10.0,1.0,-0.052721072,0,0.5,0.08695652,0.28235295,0.32808185,,,,,,,,,,,,,,,,,REG,ARI,SF,Maxx Williams,WillMa04,0.0,0.0,0.0,68.7
2019,REG,9,00-0033611,R.Seals-Jones,TE,TE,CLE,13382,52735659-a294-4f64-a7f4-3591450834e5,16730.0,12020.0,4531.0,,3051806.0,30494.0,,2080003.0,SealRi00,,11876.0,12463.0,,30494.0,744568.0,19410.0,744568.0,Ricky Seals-Jones,ricky seals-jones,2,2,12.0,0,0.0,0.0,4.0,8.0,1.0,0.44719866,0,3.0,0.05,0.025157232,0.09261006,,,,,,,,,,,,,,,,,REG,CLE,DEN,Ricky Seals-Jones,SealRi00,0.0,0.0,0.0,91.7
2019,REG,9,00-0034613,T.Hudson,TE,TE,TB,14370,2fa75e05-cac4-4b40-8924-dbc9ae0c959c,17826.0,66924.0,5409.0,,3050481.0,31257.0,,2926606.0,,,13286.0,,,31257.0,1115394.0,20506.0,1115394.0,Tanner Hudson,tanner hudson,1,2,12.0,0,0.0,0.0,32.0,0.0,0.0,-0.120982386,0,0.375,0.046511628,0.07079646,0.11932497,,,,,,,,,,,,,,,,,,,,,,,,,
2019,REG,9,00-0033217,M.Alie-Cox,TE,TE,IND,13246,8809c0dd-786b-4255-a7d0-333c9498c19a,16579.0,12078.0,4054.0,moalie-cox/2558832,2998565.0,30112.0,,2815925.0,AlieMo00,,12196.0,12221.0,195.0,30112.0,712506.0,18900.0,712506.0,Mo Alie-Cox,mo alie-cox,1,1,11.0,0,0.0,0.0,0.0,11.0,1.0,0.94003713,0,0.0,0.033333335,0.0,0.05,,,,,,,,,,,,,,,,,REG,IND,PIT,Mo Alie-Cox,AlieMo00,0.0,0.0,0.0,112.5
2019,REG,9,00-0033421,A.Auclair,TE,TE,TB,13445,d6647491-8a3c-4f9f-999c-823823bd478d,16501.0,24606.0,4468.0,,4081127.0,30468.0,,2819226.0,AuclAn00,,12230.0,12603.0,,30468.0,1050026.0,19335.0,1050026.0,Antony Auclair,antony auclair,1,2,11.0,0,0.0,0.0,-1.0,8.0,1.0,-0.026642334,0,0.0,0.046511628,-0.0022123894,0.06821877,,,,,,,,,,,,,,,,,REG,TB,SEA,Antony Auclair,AuclAn00,0.0,0.0,0.0,66.7
2019,REG,9,00-0034393,T.Fumagalli,TE,TE,DEN,13673,579d92e6-ab4f-43e0-803f-b2d5a54d106a,17273.0,47333.0,5092.0,,3045264.0,31126.0,,2071777.0,FumaTr00,troy-fumagalli-2,12808.0,13270.0,,31126.0,742474.0,19973.0,742474.0,Troy Fumagalli,troy fumagalli,1,1,9.0,0,0.0,0.0,9.0,0.0,0.0,0.6925923,0,1.0,0.055555556,0.05142857,0.119333334,,,,,,,,,,,,,,,,,REG,DEN,CLE,Troy Fumagalli,FumaTr00,0.0,0.0,0.0,104.2
2019,REG,9,00-0028112,C.Clay,TE,TE,ARI,10409,04ca4fb9-194e-47fe-8fc8-adb5790a8e78,10003.0,6326.0,801.0,charlesclay/2495139,14145.0,24961.0,,1265552.0,ClayCh00,charles-clay-1,7424.0,6681.0,,24961.0,400516.0,12751.0,,Charles Clay,charles clay,1,2,6.0,0,0.0,0.0,-11.0,10.0,0.0,-0.8659248,0,0.0,0.08695652,-0.12941177,0.039846547,,,,,,,,,,,,,,,,,REG,ARI,SF,Charles Clay,ClayCh00,0.0,0.0,0.0,56.2
2019,REG,9,00-0035249,J.Oliver,TE,TE,JAX,14209,dc83f7af-7b30-4c4a-9c93-f67bd8db954b,18487.0,47083.0,5973.0,,3921690.0,31901.0,,2184618.0,OlivJo00,josh-oliver-1,13786.0,14127.0,7.0,31901.0,881779.0,20899.0,881779.0,Josh Oliver,josh oliver,1,2,4.0,0,0.0,0.0,21.0,3.0,0.0,-6.539431,0,0.1904762,0.045454547,0.055263158,0.10686603,,,,,,,,,,,,,,,,,REG,JAX,HOU,Josh Oliver,OlivJo00,0.0,0.0,0.0,16.7
2019,REG,9,00-0032135,J.James,TE,TE,DET,12211,a37a5bfd-b48c-4d8b-817a-d8ce7ca3592d,13959.0,9593.0,2463.0,jessejames/2552633,2979590.0,28548.0,,1983808.0,JameJe00,jesse-james-1,10150.0,10403.0,,28548.0,652019.0,16920.0,652019.0,Jesse James,jesse james,1,2,3.0,0,0.0,0.0,10.0,0.0,0.0,-1.1588006,0,0.3,0.048780486,0.021551725,0.08825694,,,,,,,,,,,,,,,,,REG,DET,OAK,Jesse James,JameJe00,0.0,0.0,0.0,56.2
2019,REG,9,00-0034981,F.Moreau,TE,TE,LV,14239,9c3a67fd-5c6e-4689-9e08-9ff6d4db6c9a,18397.0,47043.0,5985.0,,3843945.0,31969.0,,2180634.0,MoreFo00,foster-moreau-1,13822.0,14154.0,179.0,31969.0,865573.0,20884.0,865573.0,Foster Moreau,foster moreau,1,2,3.0,1,0.0,0.0,20.0,0.0,1.0,1.5369619,0,0.15,0.074074075,0.08547009,0.17094018,,,,,,,,,,,,,,,,,REG,OAK,DET,Foster Moreau,MoreFo00,0.0,0.0,0.0,95.8
2019,REG,9,00-0032062,B.Bell,TE,TE,KC,12213,0cc4e449-185a-4b08-9f07-c907ad0c3e05,13966.0,9550.0,2422.0,,2514206.0,28505.0,,1737101.0,BellBl00,blake-bell-1,10248.0,10366.0,,28505.0,542871.0,16878.0,542871.0,Blake Bell,blake bell,1,1,2.0,0,0.0,0.0,1.0,1.0,0.0,-0.5251191,0,2.0,0.029411765,0.0034843206,0.04655667,,,,,,,,,,,,,,,,,REG,KC,MIN,Blake Bell,BellBl00,0.0,0.0,0.0,79.2
2019,REG,9,00-0029738,D.Fells,TE,TE,HOU,11337,54d4e35a-2e6c-48f6-86ad-92dd596c173c,13636.0,8549.0,1592.0,darrenfells/2540928,15773.0,26612.0,,2053740.0,FellDa01,,9758.0,8472.0,,26612.0,266414.0,15247.0,266414.0,Darren Fells,darren fells,1,3,1.0,1,0.0,0.0,6.0,1.0,1.0,-1.0022153,0,0.16666667,0.10714286,0.03314917,0.1839187,,,,,,,,,,,,,,,,,REG,HOU,JAX,Darren Fells,FellDa01,0.0,1.0,0.333,81.9
2019,REG,9,00-0029119,D.Carrier,TE,TE,LV,10940,d3fab07b-f02a-433d-9612-cb0a751f324d,11417.0,7406.0,1718.0,derekcarrier/2534241,15403.0,26416.0,,1977121.0,CarrDe00,,9203.0,7527.0,,26416.0,654887.0,15640.0,654887.0,Derek Carrier,derek carrier,0,0,0.0,0,0.0,0.0,0.0,0.0,0.0,,0,,,,,,,,,,,,,,,,,,,,,,,,,,,,,
2019,REG,9,00-0030710,T.Burton,TE,TE,CHI,11705,bc0f07a4-3e7b-4e61-987a-05533dc225be,12153.0,9185.0,1793.0,treyburton/2550284,16974.0,27789.0,,2130223.0,BurtTr01,,9490.0,9737.0,,27789.0,542788.0,15965.0,,Trey Burton,trey burton,0,1,0.0,0,0.0,0.0,24.0,0.0,0.0,-0.4411077,0,0.0,0.04761905,0.10666667,0.14609523,,,,,,,,,,,,,,,,,REG,CHI,PHI,Trey Burton,BurtTr01,0.0,0.0,0.0,39.6
2019,REG,9,00-0032139,B.Koyack,TE,TE,JAX,12209,666e3121-3daa-4413-b1ec-8e728f7cc645,13958.0,9662.0,2528.0,benkoyack/2552396,2579846.0,28617.0,,1893200.0,KoyaBe00,ben-koyack-1,10254.0,10601.0,,28617.0,610943.0,16988.0,,Ben Koyack,ben koyack,0,1,0.0,0,0.0,0.0,-1.0,0.0,0.0,-0.79967105,0,0.0,0.022727273,-0.002631579,0.032248802,,,,,,,,,,,,,,,,,REG,JAX,HOU,Ben Koyack,KoyaBe00,0.0,1.0,1.0,39.6
2019,REG,9,00-0032214,T.Kroft,TE,TE,BUF,12212,36f54823-9d51-4180-9c91-d10281deb4bf,13960.0,9518.0,2390.0,tylerkroft/2552586,2582410.0,28473.0,,1824200.0,KrofTy00,tyler-kroft-1,10247.0,10490.0,,28473.0,592268.0,16846.0,592268.0,Tyler Kroft,tyler kroft,0,1,0.0,0,0.0,0.0,0.0,0.0,0.0,-0.6676385,0,,0.05,0.0,0.075,,,,,,,,,,,,,,,,,REG,BUF,WAS,Tyler Kroft,KrofTy00,0.0,0.0,0.0,39.6
2019,REG,9,00-0032394,N.Vannett,TE,TE,PIT,12680,c731aa8a-778b-4ccd-a19f-517eb66f47b7,15645.0,10728.0,3258.0,,2576399.0,29328.0,,1871322.0,VannNi00,nick-vannett-1,10949.0,11329.0,,29328.0,606488.0,18019.0,606488.0,Nick Vannett,nick vannett,0,1,0.0,0,0.0,0.0,7.0,0.0,0.0,-0.50636894,0,0.0,0.029411765,0.037037037,0.07004357,,,,,,,,,,,,,,,,,REG,PIT,IND,Nick Vannett,VannNi00,0.0,0.0,0.0,39.6
2019,REG,9,00-0033455,A.Firkser,TE,TE,TEN,13919,b0719e3d-199b-46e5-a2b4-1091f6fd5c0d,16787.0,51837.0,4435.0,,3049698.0,30571.0,,2818971.0,FirkAn00,,12235.0,12691.0,,30571.0,767297.0,19296.0,767297.0,Anthony Firkser,anthony firkser,0,1,0.0,0,0.0,0.0,9.0,0.0,0.0,-0.12346008,0,0.0,0.027027028,0.027439024,0.059747856,,,,,,,,,,,,,,,,,REG,TEN,CAR,Anthony Firkser,FirkAn00,0.0,0.0,0.0,39.6
2019,REG,9,00-0033896,A.Shaheen,TE,TE,CHI,13254,87171077-4c1c-4b67-b159-2cc6242988e0,16457.0,11800.0,4085.0,,4198676.0,30158.0,,2818105.0,ShahAd00,,11898.0,12283.0,,30158.0,1049770.0,18931.0,1049770.0,Adam Shaheen,adam shaheen,0,1,0.0,0,0.0,0.0,2.0,0.0,0.0,-1.455441,0,0.0,0.04761905,0.008888889,0.07765079,,,,,,,,,,,,,,,,,REG,CHI,PHI,Adam Shaheen,ShahAd00,0.0,0.0,0.0,39.6
2019,REG,9,00-0035039,S.Carlson,TE,TE,CLE,14488,013477a2-0271-4441-a0af-9bc25924a2f6,18757.0,94365.0,6451.0,,3948283.0,32273.0,,3116783.0,CarlSt00,,14131.0,,,32273.0,881697.0,21278.0,881697.0,Stephen Carlson,stephen carlson,0,1,0.0,0,0.0,0.0,21.0,0.0,0.0,-0.54026884,0,0.0,0.025,0.13207547,0.12995283,,,,,,,,,,,,,,,,,REG,CLE,DEN,Stephen Carlson,CarlSt00,0.0,0.0,0.0,39.6
2019,REG,10,00-0025418,G.Olsen,TE,TE,CAR,8687,587d0a98-7ec5-45a5-adba-8af26e8f256b,9238.0,3647.0,58.0,gregolsen/2495700,10475.0,8285.0,,502524.0,OlseGr00,greg-olsen-1,5206.0,4190.0,,8285.0,230925.0,1658.0,,Greg Olsen,greg olsen,8,10,98.0,0,0.0,0.0,84.0,38.0,6.0,6.0540094,0,1.1666666,0.2631579,0.25531915,0.5734602,Greg Olsen,CAR,4.461,3.590828577701539,7.321000000000001,22.509531422949205,80.0,98.0,0.0,5.856249999999999,5.766300095424768,0.08994990457523144,00-0025418,Gregory,Olsen,G.Olsen,REG,CAR,GB,Greg Olsen,OlseGr00,0.0,0.0,0.0,107.5
2019,REG,10,00-0031598,N.Boyle,TE,TE,BAL,12328,9480dd9f-151f-4e6d-b5a3-35f07bda4cac,13963.0,9604.0,2474.0,,2574591.0,28559.0,,1888149.0,BoylNi00,,10252.0,10547.0,,28559.0,608753.0,16931.0,608753.0,Nick Boyle,nick boyle,4,4,78.0,0,0.0,0.0,52.0,26.0,3.0,6.374919,0,1.5,0.1904762,0.22510822,0.44329005,,,,,,,,,,,,,,,,,REG,BAL,CIN,Nick Boyle,BoylNi00,0.0,0.0,0.0,118.7
2019,REG,10,00-0030506,T.Kelce,TE,TE,KC,11244,c3859e06-5f23-4302-a71b-04820a899d5f,11594.0,7844.0,1466.0,traviskelce/2540258,15847.0,26686.0,,1725130.0,KelcTr00,travis-kelce-1,8783.0,8411.0,264.0,26686.0,448240.0,15048.0,448240.0,Travis Kelce,travis kelce,7,7,75.0,1,0.0,0.0,41.0,34.0,4.0,4.44841,0,1.8292683,0.14285715,0.098557696,0.2832761,Travis Kelce,KC,5.929999999999999,3.921956679032736,5.944285714285714,10.38355002121129,100.0,75.0,1.0,4.7700000000000005,3.244548835649628,1.5254511643503723,00-0030506,Travis,Kelce,T.Kelce,REG,KC,TEN,Travis Kelce,KelcTr00,0.0,0.0,0.0,150.9
2019,REG,10,00-0027061,J.Cook,TE,TE,NO,9474,3b7a1409-d154-4e5c-8c94-9d4a0e0993c7,9265.0,5012.0,367.0,jaredcook/71265,12537.0,9353.0,6126.0,584314.0,CookJa02,jared-cook-2,5981.0,5165.0,,9353.0,296480.0,8534.0,296480.0,Jared Cook,jared cook,6,10,74.0,0,0.0,0.0,89.0,27.0,4.0,-2.867629,0,0.83146065,0.22727273,0.32129964,0.56581885,Jared Cook,NO,3.5585714285714287,2.054706921587796,8.517,32.28459876426216,60.0,74.0,0.0,4.466666666666666,2.8597532168127295,1.6069134498539364,00-0027061,Jared,Cook,J.Cook,REG,NO,ATL,Jared Cook,CookJa02,0.0,0.0,0.0,82.9
2019,REG,10,00-0033895,G.Everett,TE,TE,LA,13236,ebeceb00-57e0-4b74-9cf7-853da2afed18,16459.0,11799.0,4089.0,,3918639.0,30157.0,,2142692.0,EverGe00,gerald-everett-1,11737.0,12284.0,55.0,30157.0,838487.0,18935.0,838487.0,Gerald Everett,gerald everett,8,12,68.0,0,0.0,0.0,64.0,31.0,3.0,-0.86598366,0,1.0625,0.2857143,0.2147651,0.578907,Gerald Everett,LAR,4.077500000000001,3.0502516527263914,4.7316666666666665,18.993142665997656,66.66666666666666,68.0,0.0,4.750000000000001,2.6505297477245637,2.099470252275437,00-0033895,Gerald,Everett,G.Everett,REG,LA,PIT,Gerald Everett,EverGe00,1.0,0.0,0.0,81.2
2019,REG,10,00-0033387,J.Hollister,TE,TE,SEA,13391,ad2a1d03-020b-487a-bd5f-7ca9fbc250fe,16527.0,12051.0,4421.0,,3125404.0,30661.0,,2818962.0,HollJa03,,12271.0,12491.0,,30661.0,696882.0,19281.0,696882.0,Jacob Hollister,jacob hollister,8,10,62.0,1,0.0,0.0,32.0,51.0,5.0,-3.2793167,0,1.9375,0.3030303,0.17297298,0.57562655,Jacob Hollister,SEA,8.192857142857143,4.026228781621982,3.4730000000000025,18.542445274959967,80.0,62.0,1.0,6.658749999999998,7.683138050805437,-1.024388050805439,00-0033387,Jacob,Hollister,J.Hollister,REG,SEA,SF,Jacob Hollister,HollJa03,1.0,0.0,0.0,86.2
2019,REG,10,00-0027696,J.Graham,TE,TE,GB,9925,fd85786d-3900-4dc0-9b30-334ee30413ed,9712.0,5619.0,616.0,jimmygraham/497236,13232.0,24070.0,6610.0,1691166.0,GrahJi00,jimmy-graham-1,6532.0,5842.0,,24070.0,295918.0,11488.0,295918.0,Jimmy Graham,jimmy graham,2,3,59.0,0,0.0,0.0,25.0,41.0,1.0,2.7433722,0,2.36,0.11111111,0.07788162,0.2211838,,,,,,,,,,,,,,,,,REG,GB,CAR,Jimmy Graham,GrahJi00,0.0,0.0,0.0,109.7
2019,REG,10,00-0031387,E.Ebron,TE,TE,IND,11695,9fbcfae9-dd14-415c-8952-9b1b5dff0dfc,12143.0,8645.0,2118.0,ericebron/2543466,16732.0,27538.0,,1865396.0,EbroEr00,eric-ebron-1,9210.0,9390.0,,27538.0,605752.0,16451.0,605752.0,Eric Ebron,eric ebron,5,12,56.0,0,0.0,0.0,134.0,15.0,3.0,-15.02504,0,0.41791046,0.30769232,0.3341646,0.69545364,Eric Ebron,IND,4.863333333333333,1.577026026127039,11.039166666666668,31.999130392772596,41.66666666666667,56.0,0.0,3.4039999999999977,4.087944081474356,-0.6839440814743587,00-0031387,Eric,Ebron,E.Ebron,REG,IND,MIA,Eric Ebron,EbroEr00,0.0,1.0,0.083,16.7
2019,REG,10,00-0035689,D.Knox,TE,TE,BUF,14143,5fb525c5-4e70-4ede-8c49-94ad0cf66b7d,18631.0,35883.0,5906.0,,3930086.0,31928.0,,2186345.0,KnoxDa00,dawson-knox-1,13466.0,13953.0,88.0,31928.0,884083.0,20850.0,884083.0,Dawson Knox,dawson knox,4,6,55.0,0,0.0,0.0,56.0,26.0,2.0,2.0543017,0,0.98214287,0.15384616,0.13691932,0.32661274,Dawson Knox,BUF,4.236,2.9623475718405987,9.456666666666669,15.137932874446403,66.66666666666666,55.0,0.0,7.192499999999999,6.998663302265186,0.19383669773481316,00-0035689,Dawson,Knox,D.Knox,REG,BUF,CLE,Dawson Knox,KnoxDa00,0.0,1.0,0.167,95.8
2019,REG,10,00-0034753,M.Andrews,TE,TE,BAL,13671,0618f387-9b72-4270-8b8f-dec4cccc9e4a,17269.0,47436.0,5012.0,,3116365.0,31056.0,,2131121.0,AndrMa00,mark-andrews-1,12559.0,13182.0,366.0,31056.0,820699.0,19803.0,820699.0,Mark Andrews,mark andrews,6,8,53.0,2,0.0,0.0,76.0,7.0,5.0,7.349404,0,0.69736844,0.3809524,0.32900432,0.8017316,Mark Andrews,BAL,4.796666666666667,2.0784661568150335,9.280000000000001,33.390303139336154,75.0,53.0,2.0,1.6400000000000017,2.243731429176947,-0.6037314291769451,00-0034753,Mark,Andrews,M.Andrews,REG,BAL,CIN,Mark Andrews,AndrMa00,0.0,0.0,0.0,131.8
2019,REG,10,00-0033879,O.Howard,TE,TE,TB,13188,93ed8c6f-b676-46d3-bf82-6155e89b4a68,16380.0,11774.0,4055.0,,3043080.0,30132.0,,2061190.0,HowaO.00,oj-howard-1,11806.0,12161.0,,30132.0,732147.0,18901.0,732147.0,O.J. Howard,oj howard,4,7,47.0,1,0.0,0.0,59.0,9.0,3.0,3.2396383,0,0.7966102,0.15555556,0.13470319,0.32762557,O.J. Howard,TB,4.103333333333334,2.042774707193838,8.39,14.10321062363423,57.14285714285714,47.0,1.0,3.2575000000000003,2.205174060776926,1.0523259392230742,00-0033879,O'Terrius,Howard,O.Howard,REG,TB,ARI,O.J. Howard,HowaO.00,1.0,0.0,0.0,117.3
2019,REG,10,00-0035229,T.Hockenson,TE,TE,DET,14138,bd1120b6-38b3-4225-a4b0-20660a149d0d,18290.0,40912.0,5844.0,,4036133.0,31840.0,,2251097.0,HockTJ00,tj-hockenson-1,13610.0,14051.0,247.0,31840.0,923915.0,20805.0,923915.0,T.J. Hockenson,tj hockenson,3,6,47.0,0,0.0,0.0,49.0,35.0,3.0,1.359532,0,0.9591837,0.13953489,0.16333333,0.32363567,T.J. Hockenson,DET,5.061999999999999,2.6228084456478165,8.025,15.87118465291054,50.0,47.0,0.0,11.36,5.256282887199177,6.1037171128008225,00-0035229,Thomas,Hockenson,T.Hockenson,REG,DET,CHI,T.J. Hockenson,HockTJ00,2.0,0.0,0.0,76.4
2019,REG,10,00-0030181,J.Doyle,TE,TE,IND,11516,bd413539-9351-454e-9d61-4e8635d7e9f5,11987.0,8520.0,1706.0,jackdoyle/2540232,16504.0,27299.0,,2041264.0,DoylJa00,,9081.0,9075.0,,27299.0,477386.0,15602.0,477386.0,Jack Doyle,jack doyle,3,4,44.0,1,0.0,0.0,18.0,31.0,3.0,3.3502705,0,2.4444444,0.102564104,0.04488778,0.1852676,,,,,,,,,,,,,,,,,REG,IND,MIA,Jack Doyle,DoylJa00,0.0,0.0,0.0,150.0
2019,REG,10,00-0029587,R.Ellison,TE,TE,NYG,10838,cccc9f16-9508-434f-b7a4-9a29cb0cacf9,11315.0,7128.0,1211.0,rhettellison/2532835,15003.0,25838.0,,1244464.0,ElliRh00,rhett-ellison-1,8114.0,7580.0,,25838.0,399295.0,14445.0,,Rhett Ellison,rhett ellison,3,3,42.0,0,0.0,0.0,11.0,31.0,1.0,1.3899533,0,3.8181818,0.078947365,0.04489796,0.14984962,,,,,,,,,,,,,,,,,REG,NYG,NYJ,Rhett Ellison,ElliRh00,0.0,0.0,0.0,118.7
2019,REG,10,00-0031610,D.Waller,TE,TE,LV,12263,14c97c9f-26e8-4944-9299-f90de6aeada3,14104.0,9637.0,2505.0,,2576925.0,28592.0,,1850793.0,WallDa01,darren-waller-1,10215.0,10433.0,,28592.0,600191.0,16964.0,600191.0,Darren Waller,darren waller,3,5,40.0,0,0.0,0.0,39.0,4.0,1.0,-0.31844908,0,1.0256411,0.16666667,0.2215909,0.40511364,Darren Waller,LV,7.647999999999999,2.3239043176170573,7.072,20.380403458213262,60.0,40.0,0.0,2.520000000000001,2.8262526304620983,-0.3062526304620974,00-0031610,Darren,Waller,D.Waller,REG,OAK,LAC,Darren Waller,WallDa01,0.0,0.0,0.0,85.4
2019,REG,10,00-0033455,A.Firkser,TE,TE,TEN,13919,b0719e3d-199b-46e5-a2b4-1091f6fd5c0d,16787.0,51837.0,4435.0,,3049698.0,30571.0,,2818971.0,FirkAn00,,12235.0,12691.0,,30571.0,767297.0,19296.0,767297.0,Anthony Firkser,anthony firkser,3,4,36.0,1,0.0,0.0,31.0,7.0,2.0,2.4427786,0,1.1612903,0.21052632,0.12350598,0.40224364,,,,,,,,,,,,,,,,,REG,TEN,KC,Anthony Firkser,FirkAn00,0.0,0.0,0.0,141.7
2019,REG,10,00-0033658,B.Jarwin,TE,TE,DAL,13722,43e8a6ac-d451-4dbd-b145-797764f91494,16638.0,12320.0,4571.0,,2991767.0,30784.0,,2819999.0,JarwBl00,,12179.0,12507.0,,30784.0,711965.0,19457.0,711965.0,Blake Jarwin,blake jarwin,3,4,35.0,0,0.0,0.0,34.0,17.0,1.0,2.1567574,0,1.0294118,0.09090909,0.0651341,0.18195751,,,,,,,,,,,,,,,,,REG,DAL,MIN,Blake Jarwin,JarwBl00,1.0,0.0,0.0,101.0
2019,REG,10,00-0034970,I.Smith,TE,TE,MIN,14141,ed0e6a30-83d5-4f4b-bf49-f7ff80e21304,18610.0,42060.0,6126.0,,4040980.0,31882.0,,2257888.0,SmitIr01,irv-smith-jr-1,13583.0,14052.0,,31882.0,944428.0,20949.0,944428.0,Irv Smith,irv smith,5,6,34.0,0,0.0,0.0,17.0,23.0,0.0,0.0738149,0,2.0,0.19354838,0.09189189,0.3546469,Irv Smith,MIN,7.368,3.995162371754599,2.761666666666668,7.586301620730707,83.33333333333334,34.0,0.0,4.499999999999998,4.093123304796791,0.40687669520320746,00-0034970,Irvin,Smith,I.Smith,REG,MIN,DAL,Irv Smith Jr.,SmitIr01,0.0,0.0,0.0,90.3
2019,REG,10,00-0033090,H.Henry,TE,TE,LAC,12676,705899da-3c20-4bc3-b5d0-2e6e40655131,15561.0,10669.0,3214.0,,3046439.0,29269.0,,2079848.0,HenrHu00,hunter-henry-1,10735.0,11299.0,212.0,29269.0,744425.0,17975.0,744425.0,Hunter Henry,hunter henry,4,7,30.0,1,0.0,0.0,69.0,6.0,3.0,-5.9638333,0,0.4347826,0.22580644,0.17380352,0.46037215,Hunter Henry,LAC,5.9799999999999995,3.1795320162938587,11.260000000000002,19.783639968876287,57.14285714285714,30.0,1.0,1.3674999999999997,1.3675588337440843,-5.883374408455211e-05,00-0033090,Hunter,Henry,H.Henry,REG,LAC,OAK,Hunter Henry,HenrHu00,0.0,0.0,0.0,67.6
2019,REG,10,00-0033858,J.Smith,TE,TE,TEN,13193,e4f25a37-74de-4bfb-b6c9-f50a4fab0b87,16460.0,11855.0,4144.0,,3054212.0,30213.0,,2081506.0,SmitJo01,jonnu-smith-1,11807.0,12344.0,84.0,30213.0,743749.0,18990.0,743749.0,Jonnu Smith,jonnu smith,4,6,30.0,0,0.0,0.0,41.0,24.0,1.0,0.81337434,0,0.73170733,0.31578946,0.16334662,0.5880268,Jonnu Smith,TEN,5.946666666666666,3.5527844152901693,5.858333333333332,14.169958880915903,66.66666666666666,30.0,0.0,6.930000000000001,3.026168418984412,3.903831581015589,00-0033858,Jonnu,Smith,J.Smith,REG,TEN,KC,Jonnu Smith,SmitJo01,1.0,0.0,0.0,78.5
2019,REG,10,00-0030155,D.Harris,TE,TE,CLE,11448,8506c15c-15cc-4d2c-aebf-270c605fe0ec,11881.0,8524.0,1619.0,demetriusharris/2541187,16318.0,27174.0,,2060074.0,HarrDe03,,9847.0,8683.0,,27174.0,602269.0,15305.0,602269.0,Demetrius Harris,demetrius harris,2,2,28.0,0,0.0,0.0,13.0,15.0,2.0,5.6180553,0,2.1538463,0.05263158,0.049808428,0.113813266,,,,,,,,,,,,,,,,,REG,CLE,BUF,Demetrius Harris,HarrDe03,0.0,0.0,0.0,118.7
2019,REG,10,00-0034829,M.Gesicki,TE,TE,MIA,13672,1012cbe0-7eba-4169-bfca-183a0204e1a7,17272.0,47153.0,4993.0,,3116164.0,31012.0,,2139298.0,GesiMi00,mike-gesicki-1,12764.0,13104.0,330.0,31012.0,836152.0,19853.0,836152.0,Mike Gesicki,mike gesicki,3,6,28.0,0,1.0,1.0,29.0,13.0,1.0,-9.009086,0,0.9655172,0.18181819,0.16763006,0.39006832,Mike Gesicki,MIA,7.089999999999999,3.6197156449936503,6.523333333333334,20.287150780075677,50.0,28.0,0.0,4.323333333333333,4.307518676712789,0.015814656620544376,00-0034829,Michael,Gesicki,M.Gesicki,REG,MIA,IND,Mike Gesicki,GesiMi00,0.0,0.0,0.0,23.6
2019,REG,10,00-0034073,R.Dwelley,TE,TE,SF,13988,70473218-5ae3-47b4-86fd-151e68f1e8b9,17886.0,20994.0,5285.0,,3120303.0,31329.0,,2924888.0,DwelRo00,,13030.0,13522.0,,31329.0,752665.0,20361.0,752665.0,Ross Dwelley,ross dwelley,3,7,24.0,0,0.0,0.0,30.0,19.0,2.0,0.028110037,0,0.8,0.1590909,0.084745765,0.2979584,Ross Dwelley,SF,4.464,3.1199035774759807,4.621428571428571,9.23494147873251,42.857142857142854,24.0,0.0,6.180000000000002,7.7702672968522775,-1.590267296852275,00-0034073,Ross,Dwelley,R.Dwelley,REG,SF,SEA,Ross Dwelley,DwelRo00,0.0,0.0,0.0,52.1
2019,REG,10,00-0033110,T.Higbee,TE,TE,LA,12678,0df7912d-9e81-47ea-b4f7-d04986df4ee8,15623.0,10744.0,3271.0,,2573401.0,29344.0,,1853103.0,HigbTy00,tyler-higbee-1,10854.0,11430.0,159.0,29344.0,604176.0,18032.0,604176.0,Tyler Higbee,tyler higbee,3,4,22.0,0,0.0,0.0,31.0,16.0,1.0,-3.6785922,0,0.7096774,0.0952381,0.10402685,0.21567594,,,,,,,,,,,,,,,,,REG,LA,PIT,Tyler Higbee,HigbTy00,0.0,0.0,0.0,47.9
2019,REG,10,00-0030549,T.Eifert,TE,TE,CIN,11250,14ecf9dd-3a77-4847-8e62-407cd1182f1c,11692.0,7802.0,1388.0,tylereifert/2540148,15788.0,26644.0,,1691608.0,EifeTy00,tyler-eifert-1,8782.0,8408.0,,26644.0,508968.0,14918.0,,Tyler Eifert,tyler eifert,2,4,20.0,1,0.0,0.0,35.0,1.0,2.0,4.0980673,0,0.5714286,0.13793103,0.16431925,0.32192004,,,,,,,,,,,,,,,,,REG,CIN,BAL,Tyler Eifert,EifeTy00,0.0,0.0,0.0,104.2
2019,REG,10,00-0034830,H.Hurst,TE,TE,BAL,13680,1b125fc4-5dd9-4eb9-a42f-048e61ca42b7,17283.0,47294.0,4973.0,,3924365.0,30995.0,,2185053.0,HursHa00,hayden-hurst-1,12467.0,13098.0,8.0,30995.0,881956.0,19843.0,881956.0,Hayden Hurst,hayden hurst,2,2,20.0,0,0.0,0.0,17.0,3.0,1.0,2.0677197,0,1.1764706,0.0952381,0.07359307,0.1943723,,,,,,,,,,,,,,,,,REG,BAL,CIN,Hayden Hurst,HursHa00,0.0,0.0,0.0,108.3
2019,REG,10,00-0031260,L.Thomas,TE,TE,DET,11647,b24625a0-d402-4d59-a778-aa4b073bfe5e,12095.0,8755.0,2251.0,loganthomas/2543767,16813.0,27648.0,,1691193.0,ThomLo00,logan-thomas-1,9323.0,9354.0,,27648.0,507528.0,16656.0,507528.0,Logan Thomas,logan thomas,2,2,19.0,0,0.0,0.0,8.0,11.0,1.0,-0.5644499,0,2.375,0.046511628,0.026666667,0.08843411,,,,,,,,,,,,,,,,,REG,DET,CHI,Logan Thomas,ThomLo00,0.0,0.0,0.0,106.2
2019,REG,10,00-0032661,B.Braunecker,TE,TE,CHI,12868,d76c8e95-7c6e-4def-9fd9-d813df18b3b8,15842.0,11335.0,3465.0,,2969241.0,29913.0,,1994904.0,BrauBe00,,10917.0,11587.0,,29913.0,679453.0,18229.0,,Ben Braunecker,ben braunecker,1,1,18.0,1,0.0,0.0,18.0,0.0,1.0,3.2376413,0,1.0,0.04347826,0.08144797,0.12223097,,,,,,,,,,,,,,,,,REG,CHI,DET,Ben Braunecker,BrauBe00,0.0,0.0,0.0,158.3
2019,REG,10,00-0022127,J.Witten,TE,TE,DAL,6997,e38c9b1b-7c51-48a2-ac1d-a752502e8930,9275.0,1384.0,23.0,jasonwitten/2505629,4527.0,6405.0,,396134.0,WittJa00,jason-witten-1,3086.0,1990.0,,6405.0,184571.0,722.0,,Jason Witten,jason witten,2,5,17.0,0,0.0,0.0,28.0,6.0,1.0,-1.6310762,0,0.60714287,0.11363637,0.053639848,0.20800243,Jason Witten,DAL,6.6625,2.5158615468308865,5.712,4.944427132024516,40.0,17.0,0.0,3.5600000000000023,3.165716713660686,0.3942832863393164,00-0022127,Christopher,Witten,J.Witten,REG,DAL,MIN,Jason Witten,WittJa00,0.0,0.0,0.0,49.6
2019,REG,10,00-0032392,A.Hooper,TE,TE,ATL,12677,90c2a93f-d837-4e1b-b57c-56648903a8db,15581.0,10715.0,3202.0,,3043275.0,29315.0,,2067004.0,HoopAu00,austin-hooper-1,10748.0,11301.0,384.0,29315.0,739424.0,17963.0,739424.0,Austin Hooper,austin hooper,4,5,17.0,1,0.0,0.0,19.0,11.0,2.0,1.8923829,0,0.8947368,0.15625,0.07335907,0.28572634,Austin Hooper,ATL,5.105,2.9134168056307095,5.981999999999999,11.155868859796353,80.0,17.0,1.0,0.8525000000000018,3.1381800316512454,-2.2856800316512436,00-0032392,Austin,Hooper,A.Hooper,REG,ATL,NO,Austin Hooper,HoopAu00,0.0,0.0,0.0,120.4
2019,REG,10,00-0031558,M.Williams,TE,TE,ARI,12206,52f4a43a-64a9-4d69-a9e2-28bd60f68e49,13919.0,9488.0,2360.0,,2970726.0,28443.0,,1983769.0,WillMa04,maxx-williams-1,10128.0,10298.0,,28443.0,651658.0,16816.0,651658.0,Maxx Williams,maxx williams,1,2,15.0,0,0.0,0.0,11.0,15.0,1.0,-2.4692938,0,1.3636364,0.046511628,0.020522388,0.08413311,,,,,,,,,,,,,,,,,REG,ARI,TB,Maxx Williams,WillMa04,1.0,1.0,0.5,75.0
2019,REG,10,00-0035259,T.Wesco,TE,TE,NYJ,14231,f6c34178-e063-444b-96b3-df6b3cf66419,18567.0,42018.0,6181.0,,4039253.0,31953.0,,2243366.0,WescTr00,trevon-wesco-1,13828.0,14224.0,,31953.0,919456.0,20977.0,919456.0,Trevon Wesco,trevon wesco,1,1,15.0,0,0.0,0.0,8.0,7.0,1.0,1.2164525,0,1.875,0.037037037,0.037037037,0.08148148,,,,,,,,,,,,,,,,,REG,NYJ,NYG,Trevon Wesco,WescTr00,0.0,0.0,0.0,118.7
2019,REG,10,00-0027981,K.Rudolph,TE,TE,MIN,10312,1059e9dc-97df-4643-9116-883a0573d8b1,9906.0,6195.0,943.0,kylerudolph/2495438,14054.0,24830.0,7444.0,1633122.0,RudoKy00,kyle-rudolph-1,7246.0,6459.0,,24830.0,469472.0,13275.0,469472.0,Kyle Rudolph,kyle rudolph,4,5,14.0,2,0.0,0.0,38.0,0.0,3.0,2.7157025,1,0.36842105,0.16129032,0.2054054,0.38571927,Kyle Rudolph,MIN,4.424,2.0981183745242022,10.069999999999999,23.05191832249794,80.0,14.0,2.0,0.40000000000000036,0.1473841989946152,0.25261580100538517,00-0027981,Kyle,Rudolph,K.Rudolph,REG,MIN,DAL,Kyle Rudolph,RudoKy00,0.0,0.0,0.0,118.7
2019,REG,10,00-0030470,V.McDonald,TE,TE,PIT,11257,8f24a248-b328-43ec-8677-67600e42a8f7,11699.0,7836.0,1587.0,vancemcdonald/2540215,15853.0,26678.0,,1673357.0,McDoVa00,vance-mcdonald-1,8785.0,8413.0,,26678.0,494969.0,15239.0,,Vance McDonald,vance mcdonald,3,7,11.0,0,1.0,0.0,62.0,6.0,0.0,-3.4846456,0,0.17741935,0.19444445,0.25,0.46666667,Vance McDonald,PIT,5.506666666666667,2.028787733429275,7.351428571428571,24.262140499764257,42.857142857142854,11.0,0.0,2.0866666666666682,1.1823899427099793,0.9042767239566889,00-0030470,Vance,McDonald,V.McDonald,REG,PIT,LA,Vance McDonald,McDoVa00,1.0,1.0,0.143,50.3
2019,REG,10,00-0033246,J.Mundt,TE,TE,LA,13940,6414998b-5831-44aa-8bd8-39e42a323c2c,16743.0,12206.0,4314.0,,3052096.0,30373.0,,2818622.0,MundJo00,,12316.0,12525.0,,30373.0,740704.0,19165.0,740704.0,Johnny Mundt,johnny mundt,1,1,9.0,0,0.0,0.0,4.0,5.0,0.0,0.7242294,0,2.25,0.023809524,0.013422819,0.04511026,,,,,,,,,,,,,,,,,REG,LA,PIT,Johnny Mundt,MundJo00,0.0,0.0,0.0,104.2
2019,REG,10,00-0032256,C.Walford,TE,TE,MIA,12210,2e56cca7-b898-4aac-bbc5-b5bda9163be1,13956.0,9501.0,2373.0,clivewalford/2552397,2512593.0,28456.0,,1759387.0,WalfCl00,clive-walford-1,10127.0,10471.0,,28456.0,553616.0,16829.0,,Clive Walford,clive walford,1,1,8.0,0,0.0,0.0,4.0,4.0,1.0,1.8544034,0,2.0,0.030303031,0.023121387,0.061639518,,,,,,,,,,,,,,,,,REG,MIA,IND,Clive Walford,WalfCl00,0.0,0.0,0.0,100.0
2019,REG,10,00-0032394,N.Vannett,TE,TE,PIT,12680,c731aa8a-778b-4ccd-a19f-517eb66f47b7,15645.0,10728.0,3258.0,,2576399.0,29328.0,,1871322.0,VannNi00,nick-vannett-1,10949.0,11329.0,,29328.0,606488.0,18019.0,606488.0,Nick Vannett,nick vannett,1,1,8.0,0,0.0,0.0,8.0,0.0,0.0,0.439696,0,1.0,0.027777778,0.032258064,0.06424731,,,,,,,,,,,,,,,,,REG,PIT,LA,Nick Vannett,VannNi00,0.0,0.0,0.0,100.0
2019,REG,10,00-0034319,D.Yelder,TE,TE,KC,13857,cad43704-4231-4a72-b616-c66642103452,17879.0,29556.0,5277.0,,3059766.0,31519.0,,2925876.0,YeldDe00,,13022.0,13688.0,,31519.0,750702.0,20332.0,750702.0,Deon Yelder,deon yelder,1,1,7.0,0,0.0,0.0,1.0,6.0,0.0,0.010896017,0,7.0,0.020408163,0.0024038462,0.032294936,,,,,,,,,,,,,,,,,REG,KC,TEN,Deon Yelder,YeldDe00,0.0,0.0,0.0,95.8
2019,REG,10,00-0034766,C.Herndon,TE,TE,NYJ,13679,780a48de-d092-4e87-9c34-8d1b45a154cc,17536.0,47164.0,5009.0,,3123050.0,31077.0,,2136463.0,HernCh00,christopher-herndon-iv-1,12899.0,13228.0,,31077.0,832080.0,19947.0,832080.0,Chris Herndon,chris herndon,1,2,7.0,0,0.0,0.0,12.0,5.0,0.0,-1.4842536,0,0.5833333,0.074074075,0.055555556,0.15,,,,,,,,,,,,,,,,,REG,NYJ,NYG,Chris Herndon,HernCh00,0.0,0.0,0.0,58.3
2019,REG,10,00-0028112,C.Clay,TE,TE,ARI,10409,04ca4fb9-194e-47fe-8fc8-adb5790a8e78,10003.0,6326.0,801.0,charlesclay/2495139,14145.0,24961.0,,1265552.0,ClayCh00,charles-clay-1,7424.0,6681.0,,24961.0,400516.0,12751.0,,Charles Clay,charles clay,1,1,5.0,0,0.0,0.0,4.0,1.0,0.0,-0.014807787,0,1.25,0.023255814,0.0074626864,0.0401076,,,,,,,,,,,,,,,,,REG,ARI,TB,Charles Clay,ClayCh00,1.0,0.0,0.0,87.5
2019,REG,10,00-0035631,D.Sample,TE,TE,CIN,14146,15a4f552-ecaf-45bd-9006-aa5dda93bee6,18561.0,47259.0,6001.0,,3127310.0,31884.0,,2139646.0,SampDr00,drew-sample-1,13809.0,14111.0,435.0,31884.0,837824.0,20931.0,837824.0,Drew Sample,drew sample,1,1,3.0,0,0.0,0.0,3.0,0.0,0.0,-0.60087967,0,1.0,0.03448276,0.014084507,0.06158329,,,,,,,,,,,,,,,,,REG,CIN,BAL,Drew Sample,SampDr00,0.0,0.0,0.0,79.2
2019,REG,10,00-0034988,K.Smith,TE,TE,NYG,14142,7bb7f5e7-f00e-47d8-954d-90bf5baf4292,18293.0,40973.0,6146.0,,4044452.0,32008.0,,2251343.0,SmitKa00,kaden-smith-1,13516.0,14217.0,,32008.0,924018.0,20946.0,924018.0,Kaden Smith,kaden smith,1,1,1.0,0,0.0,0.0,1.0,0.0,0.0,-0.003178932,0,1.0,0.02631579,0.0040816325,0.042330828,,,,,,,,,,,,,,,,,REG,NYG,NYJ,Kaden Smith,SmitKa00,0.0,0.0,0.0,79.2
2019,REG,10,00-0027985,L.Kendricks,TE,TE,LAC,10318,27921351-a775-4649-bd49-7b4c486d1ba2,9912.0,6199.0,964.0,lancekendricks/2495187,14007.0,24834.0,7425.0,1117803.0,KendLa00,lance-kendricks-1,7412.0,6614.0,,24834.0,332066.0,13386.0,,Lance Kendricks,lance kendricks,0,1,0.0,0,0.0,0.0,2.0,0.0,0.0,-0.8295685,0,0.0,0.032258064,0.005037783,0.051913545,,,,,,,,,,,,,,,,,REG,LAC,OAK,Lance Kendricks,KendLa00,0.0,0.0,0.0,39.6
2019,REG,10,00-0030710,T.Burton,TE,TE,CHI,11705,bc0f07a4-3e7b-4e61-987a-05533dc225be,12153.0,9185.0,1793.0,treyburton/2550284,16974.0,27789.0,,2130223.0,BurtTr01,,9490.0,9737.0,,27789.0,542788.0,15965.0,,Trey Burton,trey burton,0,1,0.0,0,0.0,0.0,8.0,0.0,0.0,-1.3786414,0,0.0,0.04347826,0.036199097,0.090556756,,,,,,,,,,,,,,,,,REG,CHI,DET,Trey Burton,BurtTr01,0.0,0.0,0.0,39.6
2019,REG,10,00-0032135,J.James,TE,TE,DET,12211,a37a5bfd-b48c-4d8b-817a-d8ce7ca3592d,13959.0,9593.0,2463.0,jessejames/2552633,2979590.0,28548.0,,1983808.0,JameJe00,jesse-james-1,10150.0,10403.0,,28548.0,652019.0,16920.0,652019.0,Jesse James,jesse james,0,1,0.0,0,0.0,0.0,1.0,0.0,0.0,-0.6233132,0,0.0,0.023255814,0.0033333334,0.037217055,,,,,,,,,,,,,,,,,REG,DET,CHI,Jesse James,JameJe00,0.0,1.0,1.0,39.6
2019,REG,10,00-0033217,M.Alie-Cox,TE,TE,IND,13246,8809c0dd-786b-4255-a7d0-333c9498c19a,16579.0,12078.0,4054.0,moalie-cox/2558832,2998565.0,30112.0,,2815925.0,AlieMo00,,12196.0,12221.0,195.0,30112.0,712506.0,18900.0,712506.0,Mo Alie-Cox,mo alie-cox,0,1,0.0,0,0.0,0.0,7.0,0.0,0.0,-0.8512825,0,0.0,0.025641026,0.017456358,0.05068099,,,,,,,,,,,,,,,,,REG,IND,MIA,Mo Alie-Cox,AlieMo00,0.0,0.0,0.0,39.6
2019,REG,10,00-0034270,T.Conklin,TE,TE,MIN,13675,f0d17dfa-ebf3-416c-a8d2-c6bc30675103,17598.0,47327.0,5133.0,,3915486.0,31220.0,,2165249.0,ConkTy00,tyler-conklin-1,12809.0,13220.0,489.0,31127.0,861278.0,19988.0,861278.0,Tyler Conklin,tyler conklin,0,1,0.0,0,0.0,0.0,21.0,0.0,0.0,-0.6270573,0,0.0,0.032258064,0.113513514,0.12784655,,,,,,,,,,,,,,,,,REG,MIN,DAL,Tyler Conklin,ConkTy00,0.0,0.0,0.0,39.6
2019,REG,10,00-0030108,R.Griffin,TE,TE,NYJ,11399,cb1df42c-b59c-4e23-a9a2-fbfc2b39ef71,11830.0,7982.0,1425.0,ryangriffin/2541316,15887.0,26824.0,,2057695.0,GrifRy00,ryan-griffin-1,8911.0,8600.0,,26824.0,465129.0,14985.0,465129.0,Ryan Griffin,ryan griffin,1,1,-2.0,0,0.0,0.0,-3.0,1.0,0.0,-0.99100727,0,0.0,0.037037037,-0.013888889,0.045833334,,,,,,,,,,,,,,,,,REG,NYJ,NYG,Ryan Griffin,GrifRy00,0.0,0.0,0.0,79.2
2019,REG,11,00-0030108,R.Griffin,TE,TE,NYJ,11399,cb1df42c-b59c-4e23-a9a2-fbfc2b39ef71,11830.0,7982.0,1425.0,ryangriffin/2541316,15887.0,26824.0,,2057695.0,GrifRy00,ryan-griffin-1,8911.0,8600.0,,26824.0,465129.0,14985.0,465129.0,Ryan Griffin,ryan griffin,5,5,109.0,1,0.0,0.0,43.0,66.0,5.0,9.888133,0,2.5348837,0.17857143,0.13826367,0.3646417,Ryan Griffin,NYJ,6.7475,5.384383433673993,8.122,12.837453372953153,100.0,109.0,1.0,13.678,9.933427691594378,3.7445723084056226,00-0030108,Ryan,Griffin,R.Griffin,REG,NYJ,WAS,Ryan Griffin,GrifRy00,0.0,0.0,0.0,158.3
2019,REG,11,00-0030061,Z.Ertz,TE,TE,PHI,11247,de3421f7-2147-4835-89a5-724e87bad463,11689.0,7816.0,1339.0,zachertz/2540158,15835.0,26658.0,,1685963.0,ErtzZa00,zach-ertz-1,8781.0,8409.0,305.0,26658.0,503177.0,14856.0,503177.0,Zach Ertz,zach ertz,9,11,94.0,0,0.0,0.0,87.0,22.0,4.0,1.9433937,0,1.0804597,0.28947368,0.24033149,0.60244256,Zach Ertz,PHI,5.136666666666667,3.113977615155909,7.277272727272731,19.566864657427104,81.81818181818183,94.0,0.0,3.175555555555553,4.038863049616237,-0.8633074940606846,00-0030061,Zachary,Ertz,Z.Ertz,REG,PHI,NE,Zach Ertz,ErtzZa00,2.0,0.0,0.0,102.3
2019,REG,11,00-0030506,T.Kelce,TE,TE,KC,11244,c3859e06-5f23-4302-a71b-04820a899d5f,11594.0,7844.0,1466.0,traviskelce/2540258,15847.0,26686.0,,1725130.0,KelcTr00,travis-kelce-1,8783.0,8411.0,264.0,26686.0,448240.0,15048.0,448240.0,Travis Kelce,travis kelce,7,10,92.0,1,0.0,0.0,106.0,20.0,4.0,3.721909,0,0.8679245,0.3125,0.41568628,0.7597304,Travis Kelce,KC,6.58,2.4376601379729217,11.364,47.433007763586275,70.0,92.0,1.0,3.3199999999999994,2.09415094246949,1.2258490575305094,00-0030506,Travis,Kelce,T.Kelce,REG,KC,LAC,Travis Kelce,KelcTr00,1.0,0.0,0.0,132.1
2019,REG,11,00-0031610,D.Waller,TE,TE,LV,12263,14c97c9f-26e8-4944-9299-f90de6aeada3,14104.0,9637.0,2505.0,,2576925.0,28592.0,,1850793.0,WallDa01,darren-waller-1,10215.0,10433.0,,28592.0,600191.0,16964.0,600191.0,Darren Waller,darren waller,5,7,78.0,0,0.0,0.0,44.0,42.0,2.0,3.5702784,0,1.7727273,0.25,0.24858756,0.5490113,Darren Waller,LV,6.078571428571429,3.003937272051165,7.047142857142857,28.621990136350462,71.42857142857143,78.0,0.0,9.478,6.140780599796221,3.3372194002037787,00-0031610,Darren,Waller,D.Waller,REG,OAK,CIN,Darren Waller,WallDa01,1.0,0.0,0.0,108.0
2019,REG,11,00-0034753,M.Andrews,TE,TE,BAL,13671,0618f387-9b72-4270-8b8f-dec4cccc9e4a,17269.0,47436.0,5012.0,,3116365.0,31056.0,,2131121.0,AndrMa00,mark-andrews-1,12559.0,13182.0,366.0,31056.0,820699.0,19803.0,820699.0,Mark Andrews,mark andrews,4,4,75.0,1,0.0,0.0,26.0,49.0,2.0,8.085763,0,2.8846154,0.14814815,0.123809524,0.30888888,,,,,,,,,,,,,,,,,REG,BAL,HOU,Mark Andrews,AndrMa00,0.0,0.0,0.0,158.3
2019,REG,11,00-0031273,C.Brate,TE,TE,TB,12110,5afe93fd-0caf-4cca-83fc-7f405bebfa3e,13470.0,9207.0,2214.0,,17453.0,28267.0,,2132787.0,BratCa00,,10008.0,10193.0,,28267.0,552926.0,16593.0,552926.0,Cameron Brate,cameron brate,10,14,73.0,0,0.0,0.0,94.0,9.0,3.0,1.8778671,0,0.7765958,0.2857143,0.21510297,0.5791435,Cameron Brate,TB,4.406666666666666,2.0198798041861314,6.6971428571428575,22.267610316819457,71.42857142857143,73.0,0.0,1.1590000000000003,1.7499964182466328,-0.5909964182466325,00-0031273,Cameron,Brate,C.Brate,REG,TB,NO,Cameron Brate,BratCa00,0.0,0.0,0.0,83.3
2019,REG,11,00-0033090,H.Henry,TE,TE,LAC,12676,705899da-3c20-4bc3-b5d0-2e6e40655131,15561.0,10669.0,3214.0,,3046439.0,29269.0,,2079848.0,HenrHu00,hunter-henry-1,10735.0,11299.0,212.0,29269.0,744425.0,17975.0,744425.0,Hunter Henry,hunter henry,6,9,69.0,0,0.0,0.0,81.0,21.0,4.0,2.689657,1,0.8518519,0.1875,0.19612591,0.41853812,Hunter Henry,LAC,6.725999999999999,3.08040601679909,8.327777777777778,19.935101204883367,66.66666666666666,69.0,0.0,4.871666666666666,8.712624653551908,-3.8409579868852415,00-0033090,Hunter,Henry,H.Henry,REG,LAC,KC,Hunter Henry,HenrHu00,0.0,1.0,0.111,89.6
2019,REG,11,00-0027981,K.Rudolph,TE,TE,MIN,10312,1059e9dc-97df-4643-9116-883a0573d8b1,9906.0,6195.0,943.0,kylerudolph/2495438,14054.0,24830.0,7444.0,1633122.0,RudoKy00,kyle-rudolph-1,7246.0,6459.0,,24830.0,469472.0,13275.0,469472.0,Kyle Rudolph,kyle rudolph,5,5,67.0,1,0.0,0.0,43.0,24.0,3.0,3.7808607,0,1.5581396,0.14285715,0.15302491,0.32140315,Kyle Rudolph,MIN,6.194,2.857763431579531,7.563999999999998,13.353105250150055,100.0,67.0,1.0,5.836000000000001,5.5667943546191285,0.26920564538087266,00-0027981,Kyle,Rudolph,K.Rudolph,REG,MIN,DEN,Kyle Rudolph,RudoKy00,0.0,0.0,0.0,158.3
2019,REG,11,00-0035644,N.Fant,TE,TE,DEN,14137,cdc98acc-9eb6-4b44-81bb-61d7b8a3b55f,17527.0,42388.0,5857.0,,4036131.0,31852.0,,2251095.0,FantNo00,noah-fant-1,13426.0,14050.0,243.0,31852.0,923911.0,20753.0,923911.0,Noah Fant,noah fant,4,10,60.0,0,0.0,0.0,84.0,27.0,3.0,-5.8290467,0,0.71428573,0.2777778,0.25074628,0.5921891,Noah Fant,DEN,3.3966666666666665,2.443681088781436,8.847999999999999,26.656222697556707,40.0,60.0,0.0,7.522499999999999,7.267496617675079,0.2550033823249205,00-0035644,Noah,Fant,N.Fant,REG,DEN,MIN,Noah Fant,FantNo00,0.0,0.0,0.0,20.8
2019,REG,11,00-0025418,G.Olsen,TE,TE,CAR,8687,587d0a98-7ec5-45a5-adba-8af26e8f256b,9238.0,3647.0,58.0,gregolsen/2495700,10475.0,8285.0,,502524.0,OlseGr00,greg-olsen-1,5206.0,4190.0,,8285.0,230925.0,1658.0,,Greg Olsen,greg olsen,5,5,57.0,0,0.0,0.0,42.0,15.0,3.0,4.256132,0,1.3571428,0.10638298,0.11965812,0.24333516,Greg Olsen,CAR,8.2425,3.6464822840091102,8.41,12.282392802897533,100.0,57.0,0.0,2.9899999999999998,3.0654444273253376,-0.07544442732533785,00-0025418,Gregory,Olsen,G.Olsen,REG,CAR,ATL,Greg Olsen,OlseGr00,0.0,0.0,0.0,114.2
2019,REG,11,00-0022943,B.Watson,TE,TE,NE,7422,d81844de-54c3-42ee-9850-072dc4131b6f,9040.0,1753.0,663.0,benjaminwatson/2506122,5557.0,6791.0,,493107.0,WatsBe00,benjamin-watson-1,3872.0,48.0,,6791.0,246082.0,11756.0,,Ben Watson,ben watson,3,4,52.0,0,0.0,0.0,65.0,31.0,3.0,4.2262774,0,0.8,0.08888889,0.19756839,0.2716312,,,,,,,,,,,,,,,,,REG,NE,PHI,Ben Watson,WatsBe00,1.0,0.0,0.0,116.7
2019,REG,11,00-0033658,B.Jarwin,TE,TE,DAL,13722,43e8a6ac-d451-4dbd-b145-797764f91494,16638.0,12320.0,4571.0,,2991767.0,30784.0,,2819999.0,JarwBl00,,12179.0,12507.0,,30784.0,711965.0,19457.0,711965.0,Blake Jarwin,blake jarwin,2,2,38.0,0,0.0,0.0,4.0,34.0,2.0,0.5330692,0,9.5,0.044444446,0.009009009,0.072972976,,,,,,,,,,,,,,,,,REG,DAL,DET,Blake Jarwin,JarwBl00,0.0,0.0,0.0,118.7
2019,REG,11,00-0034351,D.Goedert,TE,TE,PHI,13674,e8029983-87cf-49a2-bc04-04c8233a0630,17270.0,47272.0,5022.0,,3121023.0,31019.0,,2132551.0,GoedDa00,,12860.0,13151.0,382.0,31019.0,791365.0,19863.0,791365.0,Dallas Goedert,dallas goedert,3,6,36.0,1,0.0,0.0,36.0,27.0,3.0,3.1575866,0,1.0,0.15789473,0.09944751,0.30645537,Dallas Goedert,PHI,6.0475,2.1562187242605773,6.276666666666665,9.205348194862014,50.0,36.0,1.0,9.376666666666665,6.238545583659288,3.138121083007377,00-0034351,Dallas,Goedert,D.Goedert,REG,PHI,NE,Dallas Goedert,GoedDa00,2.0,1.0,0.167,108.3
2019,REG,11,00-0022127,J.Witten,TE,TE,DAL,6997,e38c9b1b-7c51-48a2-ac1d-a752502e8930,9275.0,1384.0,23.0,jasonwitten/2505629,4527.0,6405.0,,396134.0,WittJa00,jason-witten-1,3086.0,1990.0,,6405.0,184571.0,722.0,,Jason Witten,jason witten,5,7,33.0,0,0.0,0.0,39.0,9.0,1.0,0.8185011,0,0.84615386,0.15555556,0.08783784,0.29481983,Jason Witten,DAL,2.966,2.1792650242750553,6.068571428571429,9.327653594484213,71.42857142857143,33.0,0.0,1.8539999999999999,2.3699603116980597,-0.5159603116980598,00-0022127,Christopher,Witten,J.Witten,REG,DAL,DET,Jason Witten,WittJa00,0.0,0.0,0.0,81.2
2019,REG,11,00-0027061,J.Cook,TE,TE,NO,9474,3b7a1409-d154-4e5c-8c94-9d4a0e0993c7,9265.0,5012.0,367.0,jaredcook/71265,12537.0,9353.0,6126.0,584314.0,CookJa02,jared-cook-2,5981.0,5165.0,,9353.0,296480.0,8534.0,296480.0,Jared Cook,jared cook,2,2,33.0,1,0.0,0.0,11.0,22.0,2.0,4.0135827,0,3.0,0.05882353,0.07284768,0.13922867,,,,,,,,,,,,,,,,,REG,NO,TB,Jared Cook,CookJa02,0.0,0.0,0.0,158.3
2019,REG,11,00-0030470,V.McDonald,TE,TE,PIT,11257,8f24a248-b328-43ec-8677-67600e42a8f7,11699.0,7836.0,1587.0,vancemcdonald/2540215,15853.0,26678.0,,1673357.0,McDoVa00,vance-mcdonald-1,8785.0,8413.0,,26678.0,494969.0,15239.0,,Vance McDonald,vance mcdonald,3,7,33.0,0,0.0,0.0,51.0,19.0,1.0,-7.032262,0,0.64705884,0.1627907,0.12230216,0.32979757,Vance McDonald,PIT,5.183333333333334,2.410857034455052,7.341428571428572,12.45697386920056,42.857142857142854,33.0,0.0,5.9333333333333345,3.6902785446932853,2.243054788640049,00-0030470,Vance,McDonald,V.McDonald,REG,PIT,CLE,Vance McDonald,McDoVa00,0.0,0.0,0.0,17.9
2019,REG,11,00-0035689,D.Knox,TE,TE,BUF,14143,5fb525c5-4e70-4ede-8c49-94ad0cf66b7d,18631.0,35883.0,5906.0,,3930086.0,31928.0,,2186345.0,KnoxDa00,dawson-knox-1,13466.0,13953.0,88.0,31928.0,884083.0,20850.0,884083.0,Dawson Knox,dawson knox,2,3,32.0,1,0.0,0.0,10.0,24.0,2.0,3.9037743,0,3.2,0.09677419,0.0390625,0.17250504,,,,,,,,,,,,,,,,,REG,BUF,MIA,Dawson Knox,KnoxDa00,1.0,1.0,0.333,141.7
2019,REG,11,00-0034270,T.Conklin,TE,TE,MIN,13675,f0d17dfa-ebf3-416c-a8d2-c6bc30675103,17598.0,47327.0,5133.0,,3915486.0,31220.0,,2165249.0,ConkTy00,tyler-conklin-1,12809.0,13220.0,489.0,31127.0,861278.0,19988.0,861278.0,Tyler Conklin,tyler conklin,2,3,28.0,0,0.0,0.0,24.0,4.0,1.0,2.621669,0,1.1666666,0.08571429,0.085409254,0.1883579,,,,,,,,,,,,,,,,,REG,MIN,DEN,Tyler Conklin,ConkTy00,0.0,0.0,0.0,96.5
2019,REG,11,00-0031387,E.Ebron,TE,TE,IND,11695,9fbcfae9-dd14-415c-8952-9b1b5dff0dfc,12143.0,8645.0,2118.0,ericebron/2543466,16732.0,27538.0,,1865396.0,EbroEr00,eric-ebron-1,9210.0,9390.0,,27538.0,605752.0,16451.0,605752.0,Eric Ebron,eric ebron,4,4,27.0,0,0.0,0.0,22.0,5.0,1.0,-0.5839975,0,1.2272727,0.1904762,0.12865497,0.37577277,,,,,,,,,,,,,,,,,REG,IND,JAX,Eric Ebron,EbroEr00,0.0,0.0,0.0,94.8
2019,REG,11,00-0034788,J.Graham,TE,TE,ATL,14464,97e65d1d-c738-4812-840e-030f0242bc29,18135.0,31849.0,5754.0,,3118954.0,31749.0,,2930527.0,,,13356.0,,,31749.0,832316.0,20662.0,832316.0,Jaeden Graham,jaeden graham,2,2,23.0,0,0.0,0.0,11.0,12.0,2.0,2.8917382,0,2.090909,0.06451613,0.038194444,0.1235103,,,,,,,,,,,,,,,,,,,,,,,,,
2019,REG,11,00-0030549,T.Eifert,TE,TE,CIN,11250,14ecf9dd-3a77-4847-8e62-407cd1182f1c,11692.0,7802.0,1388.0,tylereifert/2540148,15788.0,26644.0,,1691608.0,EifeTy00,tyler-eifert-1,8782.0,8408.0,,26644.0,508968.0,14918.0,,Tyler Eifert,tyler eifert,3,4,21.0,0,0.0,0.0,33.0,10.0,1.0,2.4716861,0,0.6363636,0.13333334,0.17010309,0.31907216,,,,,,,,,,,,,,,,,REG,CIN,OAK,Tyler Eifert,EifeTy00,1.0,1.0,0.25,86.5
2019,REG,11,00-0031598,N.Boyle,TE,TE,BAL,12328,9480dd9f-151f-4e6d-b5a3-35f07bda4cac,13963.0,9604.0,2474.0,,2574591.0,28559.0,,1888149.0,BoylNi00,,10252.0,10547.0,,28559.0,608753.0,16931.0,608753.0,Nick Boyle,nick boyle,2,3,20.0,0,0.0,0.0,21.0,6.0,1.0,0.95465034,0,0.95238096,0.11111111,0.1,0.23666666,,,,,,,,,,,,,,,,,REG,BAL,HOU,Nick Boyle,BoylNi00,0.0,0.0,0.0,85.4
2019,REG,11,00-0032098,D.Brown,TE,TE,NYJ,12585,1b016b52-62ba-4da9-9ead-6bad689f8d33,14470.0,10144.0,2751.0,,2519013.0,29102.0,,2175305.0,BrowDa04,,10713.0,11092.0,,29102.0,561380.0,17219.0,561380.0,Daniel Brown,daniel brown,1,1,20.0,1,0.0,0.0,20.0,0.0,1.0,2.4079432,0,1.0,0.035714287,0.06430868,0.098587506,,,,,,,,,,,,,,,,,REG,NYJ,WAS,Daniel Brown,BrowDa04,0.0,0.0,0.0,158.3
2019,REG,11,00-0033895,G.Everett,TE,TE,LA,13236,ebeceb00-57e0-4b74-9cf7-853da2afed18,16459.0,11799.0,4089.0,,3918639.0,30157.0,,2142692.0,EverGe00,gerald-everett-1,11737.0,12284.0,55.0,30157.0,838487.0,18935.0,838487.0,Gerald Everett,gerald everett,1,1,20.0,0,0.0,0.0,20.0,0.0,1.0,2.5068665,0,1.0,0.0625,0.14184397,0.19304077,,,,,,,,,,,,,,,,,REG,LA,CHI,Gerald Everett,EverGe00,0.0,0.0,0.0,118.7
2019,REG,11,00-0034970,I.Smith,TE,TE,MIN,14141,ed0e6a30-83d5-4f4b-bf49-f7ff80e21304,18610.0,42060.0,6126.0,,4040980.0,31882.0,,2257888.0,SmitIr01,irv-smith-jr-1,13583.0,14052.0,,31882.0,944428.0,20949.0,944428.0,Irv Smith,irv smith,3,3,20.0,1,0.0,0.0,17.0,3.0,2.0,3.4948623,0,1.1764706,0.08571429,0.06049822,0.17092018,,,,,,,,,,,,,,,,,REG,MIN,DEN,Irv Smith Jr.,SmitIr01,0.0,0.0,0.0,134.0
2019,REG,11,00-0029738,D.Fells,TE,TE,HOU,11337,54d4e35a-2e6c-48f6-86ad-92dd596c173c,13636.0,8549.0,1592.0,darrenfells/2540928,15773.0,26612.0,,2053740.0,FellDa01,,9758.0,8472.0,,26612.0,266414.0,15247.0,266414.0,Darren Fells,darren fells,1,3,18.0,0,0.0,0.0,13.0,18.0,1.0,-0.87268186,0,1.3846154,0.1,0.05394191,0.18775934,,,,,,,,,,,,,,,,,REG,HOU,BAL,Darren Fells,FellDa01,0.0,0.0,0.0,54.9
2019,REG,11,00-0034829,M.Gesicki,TE,TE,MIA,13672,1012cbe0-7eba-4169-bfca-183a0204e1a7,17272.0,47153.0,4993.0,,3116164.0,31012.0,,2139298.0,GesiMi00,mike-gesicki-1,12764.0,13104.0,330.0,31012.0,836152.0,19853.0,836152.0,Mike Gesicki,mike gesicki,4,6,18.0,0,0.0,0.0,58.0,-2.0,1.0,-2.6633732,0,0.31034482,0.13636364,0.18892509,0.336793,Mike Gesicki,MIA,9.118,2.12242843665852,8.570000000000002,16.934527730206828,66.66666666666666,18.0,0.0,0.5224999999999991,0.9785266759199658,-0.4560266759199667,00-0034829,Michael,Gesicki,M.Gesicki,REG,MIA,BUF,Mike Gesicki,GesiMi00,0.0,0.0,0.0,70.1
2019,REG,11,00-0033528,J.Sprinkle,TE,TE,WAS,13194,2dcc8e56-ac32-4774-a011-b1e65ca73786,16461.0,11909.0,4221.0,,2980073.0,30267.0,,1999945.0,SpriJe00,jeremy-sprinkle-1,11899.0,12368.0,,30267.0,693833.0,19067.0,693833.0,Jeremy Sprinkle,jeremy sprinkle,2,3,16.0,1,0.0,0.0,27.0,0.0,2.0,3.4191298,0,0.5925926,0.09375,0.12676056,0.22935739,,,,,,,,,,,,,,,,,REG,WAS,NYJ,Jeremy Sprinkle,SpriJe00,0.0,1.0,0.333,119.4
2019,REG,11,00-0034830,H.Hurst,TE,TE,BAL,13680,1b125fc4-5dd9-4eb9-a42f-048e61ca42b7,17283.0,47294.0,4973.0,,3924365.0,30995.0,,2185053.0,HursHa00,hayden-hurst-1,12467.0,13098.0,8.0,30995.0,881956.0,19843.0,881956.0,Hayden Hurst,hayden hurst,2,2,16.0,0,0.0,0.0,11.0,5.0,1.0,2.0044115,0,1.4545455,0.074074075,0.052380953,0.14777778,,,,,,,,,,,,,,,,,REG,BAL,HOU,Hayden Hurst,HursHa00,0.0,0.0,0.0,100.0
2019,REG,11,00-0034364,J.Akins,TE,TE,HOU,13753,0cb5a32a-a340-4671-ba2a-93f5fa6aee8d,17415.0,47050.0,5032.0,,3128452.0,31068.0,,2142712.0,AkinJo00,jordan-akins-1,12568.0,13238.0,,31068.0,838396.0,19903.0,838396.0,Jordan Akins,jordan akins,1,2,15.0,0,0.0,0.0,14.0,1.0,0.0,0.27227473,0,1.0714285,0.06666667,0.058091287,0.1406639,,,,,,,,,,,,,,,,,REG,HOU,BAL,Jordan Akins,AkinJo00,0.0,0.0,0.0,75.0
2019,REG,11,00-0034073,R.Dwelley,TE,TE,SF,13988,70473218-5ae3-47b4-86fd-151e68f1e8b9,17886.0,20994.0,5285.0,,3120303.0,31329.0,,2924888.0,DwelRo00,,13030.0,13522.0,,31329.0,752665.0,20361.0,752665.0,Ross Dwelley,ross dwelley,4,5,14.0,2,0.0,0.0,29.0,2.0,3.0,0.60013247,0,0.4827586,0.11363637,0.11934157,0.25399363,Ross Dwelley,SF,5.1275,3.665563702142215,6.248000000000001,12.759874198423399,80.0,14.0,2.0,0.054999999999999716,0.43025896229192995,-0.37525896229193023,00-0034073,Ross,Dwelley,R.Dwelley,REG,SF,ARI,Ross Dwelley,DwelRo00,0.0,0.0,0.0,79.2
2019,REG,11,00-0032139,B.Koyack,TE,TE,JAX,12209,666e3121-3daa-4413-b1ec-8e728f7cc645,13958.0,9662.0,2528.0,benkoyack/2552396,2579846.0,28617.0,,1893200.0,KoyaBe00,ben-koyack-1,10254.0,10601.0,,28617.0,610943.0,16988.0,,Ben Koyack,ben koyack,1,1,9.0,0,0.0,0.0,6.0,3.0,0.0,-0.37127823,0,1.5,0.02173913,0.015228426,0.043268595,,,,,,,,,,,,,,,,,REG,JAX,IND,Ben Koyack,KoyaBe00,0.0,0.0,0.0,104.2
2019,REG,11,00-0028142,V.Green,TE,TE,LAC,10432,6ef43c53-53d7-4b0f-ad99-17664d663ae8,10026.0,6356.0,868.0,virgilgreen/2495288,14085.0,24991.0,7502.0,1130615.0,GreeVi00,virgil-green-1,7416.0,6570.0,,24991.0,323254.0,13016.0,,Virgil Green,virgil green,1,1,8.0,0,0.0,0.0,4.0,4.0,0.0,0.3647503,0,2.0,0.020833334,0.00968523,0.03802966,,,,,,,,,,,,,,,,,REG,LAC,KC,Virgil Green,GreeVi00,0.0,0.0,0.0,100.0
2019,REG,11,00-0030216,J.Hill,TE,TE,NO,11529,687cdc33-bd0d-4b70-adb3-33f97dc26a3c,13565.0,8200.0,1777.0,joshhill/2541834,16143.0,26950.0,,2060083.0,HillJo02,,9071.0,8764.0,,26950.0,469509.0,15866.0,,Josh Hill,josh hill,2,2,8.0,0,0.0,0.0,3.0,5.0,0.0,-0.41492525,0,2.6666667,0.05882353,0.01986755,0.10214258,,,,,,,,,,,,,,,,,REG,NO,TB,Josh Hill,HillJo02,0.0,0.0,0.0,83.3
2019,REG,11,00-0032661,B.Braunecker,TE,TE,CHI,12868,d76c8e95-7c6e-4def-9fd9-d813df18b3b8,15842.0,11335.0,3465.0,,2969241.0,29913.0,,1994904.0,BrauBe00,,10917.0,11587.0,,29913.0,679453.0,18229.0,,Ben Braunecker,ben braunecker,1,3,8.0,0,0.0,0.0,34.0,5.0,0.0,-0.98202896,0,0.23529412,0.06666667,0.10461538,0.17323077,,,,,,,,,,,,,,,,,REG,CHI,LA,Ben Braunecker,BrauBe00,0.0,0.0,0.0,42.4
2019,REG,11,00-0034981,F.Moreau,TE,TE,LV,14239,9c3a67fd-5c6e-4689-9e08-9ff6d4db6c9a,18397.0,47043.0,5985.0,,3843945.0,31969.0,,2180634.0,MoreFo00,foster-moreau-1,13822.0,14154.0,179.0,31969.0,865573.0,20884.0,865573.0,Foster Moreau,foster moreau,2,2,8.0,1,0.0,0.0,4.0,4.0,1.0,1.8423477,0,2.0,0.071428575,0.02259887,0.122962065,,,,,,,,,,,,,,,,,REG,OAK,CIN,Foster Moreau,MoreFo00,0.0,0.0,0.0,122.9
2019,REG,11,00-0035039,S.Carlson,TE,TE,CLE,14488,013477a2-0271-4441-a0af-9bc25924a2f6,18757.0,94365.0,6451.0,,3948283.0,32273.0,,3116783.0,CarlSt00,,14131.0,,,32273.0,881697.0,21278.0,881697.0,Stephen Carlson,stephen carlson,1,1,8.0,1,0.0,0.0,8.0,0.0,1.0,3.2121983,0,1.0,0.033333335,0.03018868,0.07113208,,,,,,,,,,,,,,,,,REG,CLE,PIT,Stephen Carlson,CarlSt00,0.0,0.0,0.0,139.6
2019,REG,11,00-0032394,N.Vannett,TE,TE,PIT,12680,c731aa8a-778b-4ccd-a19f-517eb66f47b7,15645.0,10728.0,3258.0,,2576399.0,29328.0,,1871322.0,VannNi00,nick-vannett-1,10949.0,11329.0,,29328.0,606488.0,18019.0,606488.0,Nick Vannett,nick vannett,1,1,7.0,0,0.0,0.0,4.0,3.0,0.0,0.6671669,0,1.75,0.023255814,0.009592326,0.04159835,,,,,,,,,,,,,,,,,REG,PIT,CLE,Nick Vannett,VannNi00,0.0,0.0,0.0,95.8
2019,REG,11,00-0031299,J.Matthews,TE,TE,PHI,11676,7b96a836-666b-47b6-a0a7-9dbb0b4c53e8,12124.0,8677.0,1800.0,jordanmatthews/2543500,16763.0,27570.0,,1759816.0,MattJo00,jordan-matthews-1,9273.0,9420.0,,27570.0,555648.0,15974.0,555648.0,Jordan Matthews,jordan matthews,1,6,6.0,0,0.0,0.0,79.0,2.0,0.0,-5.660968,0,0.07594936,0.15789473,0.21823205,0.38960454,,,,,,,,,,,,,,,,,REG,PHI,NE,Jordan Matthews,MattJo00,0.0,0.0,0.0,39.6
2019,REG,11,00-0032214,T.Kroft,TE,TE,BUF,12212,36f54823-9d51-4180-9c91-d10281deb4bf,13960.0,9518.0,2390.0,tylerkroft/2552586,2582410.0,28473.0,,1824200.0,KrofTy00,tyler-kroft-1,10247.0,10490.0,,28473.0,592268.0,16846.0,592268.0,Tyler Kroft,tyler kroft,1,1,6.0,0,0.0,0.0,3.0,3.0,1.0,0.31613258,0,2.0,0.032258064,0.01171875,0.05659022,,,,,,,,,,,,,,,,,REG,BUF,MIA,Tyler Kroft,KrofTy00,0.0,0.0,0.0,91.7
2019,REG,11,00-0035229,T.Hockenson,TE,TE,DET,14138,bd1120b6-38b3-4225-a4b0-20660a149d0d,18290.0,40912.0,5844.0,,4036133.0,31840.0,,2251097.0,HockTJ00,tj-hockenson-1,13610.0,14051.0,247.0,31840.0,923915.0,20805.0,923915.0,T.J. Hockenson,tj hockenson,1,2,6.0,0,0.0,0.0,17.0,0.0,0.0,-0.99854094,0,0.3529412,0.083333336,0.0720339,0.17542373,,,,,,,,,,,,,,,,,REG,DET,DAL,T.J. Hockenson,HockTJ00,0.0,0.0,0.0,56.2
2019,REG,11,00-0032134,C.Uzomah,TE,TE,CIN,12317,19858900-5c8e-49a7-ab02-34ef625724ca,14084.0,9590.0,2460.0,c.j.uzomah/2552559,2574576.0,28545.0,,2174118.0,UzomC.00,cj-uzomah-1,10462.0,10534.0,,28545.0,593305.0,16917.0,593305.0,C.J. Uzomah,cj uzomah,2,5,5.0,0,0.0,0.0,7.0,1.0,1.0,-1.8041222,0,0.71428573,0.16666667,0.036082473,0.27525774,C.J. Uzomah,CIN,9.12,3.824523693645431,0.8099999999999987,2.308744726941053,40.0,5.0,0.0,1.1550000000000011,3.136628337855086,-1.981628337855085,00-0032134,Christopher,Uzomah,C.Uzomah,REG,CIN,OAK,C.J. Uzomah,UzomC.00,0.0,0.0,0.0,47.9
2019,REG,11,00-0035249,J.Oliver,TE,TE,JAX,14209,dc83f7af-7b30-4c4a-9c93-f67bd8db954b,18487.0,47083.0,5973.0,,3921690.0,31901.0,,2184618.0,OlivJo00,josh-oliver-1,13786.0,14127.0,7.0,31901.0,881779.0,20899.0,881779.0,Josh Oliver,josh oliver,1,2,5.0,0,0.0,0.0,7.0,2.0,0.0,-0.4674019,0,0.71428573,0.04347826,0.017766498,0.07765394,,,,,,,,,,,,,,,,,REG,JAX,IND,Josh Oliver,OlivJo00,0.0,0.0,0.0,56.2
2019,REG,11,00-0033258,D.Daniels,TE,TE,ARI,13396,7574eb56-a34a-419e-9682-c4788cfe2019,16582.0,12122.0,4323.0,,3052166.0,30523.0,,2079698.0,DaniDa02,,11890.0,12453.0,,30523.0,747895.0,19176.0,747895.0,Darrell Daniels,darrell daniels,1,1,4.0,0,0.0,0.0,4.0,0.0,1.0,1.6930274,0,1.0,0.030303031,0.032258064,0.06803519,,,,,,,,,,,,,,,,,REG,ARI,SF,Darrell Daniels,DaniDa02,0.0,0.0,0.0,83.3
2019,REG,11,00-0031744,M.LaCosse,TE,TE,NE,12596,25e58aee-1b33-4468-9a81-6586426b91d5,14288.0,9840.0,2944.0,mattlacosse/2553667,2576179.0,28875.0,,2174931.0,,,10727.0,10980.0,,28875.0,606055.0,17415.0,606055.0,Matt LaCosse,matt lacosse,2,2,3.0,0,0.0,0.0,-2.0,5.0,0.0,-1.1890455,0,0.0,0.044444446,-0.0060790274,0.06241135,,,,,,,,,,,,,,,,,,,,,,,,,
2019,REG,11,00-0034393,T.Fumagalli,TE,TE,DEN,13673,579d92e6-ab4f-43e0-803f-b2d5a54d106a,17273.0,47333.0,5092.0,,3045264.0,31126.0,,2071777.0,FumaTr00,troy-fumagalli-2,12808.0,13270.0,,31126.0,742474.0,19973.0,742474.0,Troy Fumagalli,troy fumagalli,1,3,3.0,1,0.0,0.0,11.0,0.0,1.0,1.1279662,0,0.27272728,0.083333336,0.032835823,0.14798507,,,,,,,,,,,,,,,,,REG,DEN,MIN,Troy Fumagalli,FumaTr00,0.0,0.0,0.0,81.9
2019,REG,11,00-0028112,C.Clay,TE,TE,ARI,10409,04ca4fb9-194e-47fe-8fc8-adb5790a8e78,10003.0,6326.0,801.0,charlesclay/2495139,14145.0,24961.0,,1265552.0,ClayCh00,charles-clay-1,7424.0,6681.0,,24961.0,400516.0,12751.0,,Charles Clay,charles clay,0,1,0.0,0,0.0,0.0,1.0,0.0,0.0,-1.0171375,0,0.0,0.030303031,0.008064516,0.051099706,,,,,,,,,,,,,,,,,REG,ARI,SF,Charles Clay,ClayCh00,0.0,0.0,0.0,39.6
2019,REG,11,00-0031260,L.Thomas,TE,TE,DET,11647,b24625a0-d402-4d59-a778-aa4b073bfe5e,12095.0,8755.0,2251.0,loganthomas/2543767,16813.0,27648.0,,1691193.0,ThomLo00,logan-thomas-1,9323.0,9354.0,,27648.0,507528.0,16656.0,507528.0,Logan Thomas,logan thomas,0,1,0.0,0,0.0,0.0,17.0,0.0,0.0,-0.85378426,0,0.0,0.041666668,0.0720339,0.11292373,,,,,,,,,,,,,,,,,REG,DET,DAL,Logan Thomas,ThomLo00,0.0,0.0,0.0,39.6
2019,REG,11,00-0033879,O.Howard,TE,TE,TB,13188,93ed8c6f-b676-46d3-bf82-6155e89b4a68,16380.0,11774.0,4055.0,,3043080.0,30132.0,,2061190.0,HowaO.00,oj-howard-1,11806.0,12161.0,,30132.0,732147.0,18901.0,732147.0,O.J. Howard,oj howard,0,1,0.0,0,0.0,0.0,1.0,0.0,0.0,-4.809796,0,0.0,0.020408163,0.0022883294,0.032214075,,,,,,,,,,,,,,,,,REG,TB,NO,O.J. Howard,HowaO.00,0.0,1.0,1.0,0.0
2019,REG,11,00-0034319,D.Yelder,TE,TE,KC,13857,cad43704-4231-4a72-b616-c66642103452,17879.0,29556.0,5277.0,,3059766.0,31519.0,,2925876.0,YeldDe00,,13022.0,13688.0,,31519.0,750702.0,20332.0,750702.0,Deon Yelder,deon yelder,0,1,0.0,0,0.0,0.0,20.0,0.0,0.0,-1.0063684,0,0.0,0.03125,0.078431375,0.10177696,,,,,,,,,,,,,,,,,REG,KC,LAC,Deon Yelder,YeldDe00,0.0,0.0,0.0,39.6
2019,REG,11,00-0034365,I.Thomas,TE,TE,CAR,13678,ed8a8fd2-df67-45e7-a34f-984afb82f6ea,17387.0,42130.0,4995.0,,4045305.0,31071.0,,2253359.0,ThomIa00,ian-thomas-3,12858.0,13163.0,323.0,31071.0,943093.0,19910.0,943093.0,Ian Thomas,ian thomas,0,1,0.0,0,0.0,0.0,4.0,0.0,0.0,-0.36551693,0,0.0,0.021276595,0.011396011,0.0398921,,,,,,,,,,,,,,,,,REG,CAR,ATL,Ian Thomas,ThomIa00,0.0,1.0,1.0,39.6
2019,REG,11,00-0035025,H.Hentges,TE,TE,WAS,14654,fe7dea44-fd21-45e4-a8f0-1436e1108da1,18785.0,47150.0,6439.0,,3925348.0,32295.0,,3116798.0,HentHa00,,14094.0,,,32295.0,884045.0,21344.0,,Hale Hentges,hale hentges,1,3,0.0,0,0.0,0.0,19.0,0.0,0.0,-1.7596378,0,0.0,0.09375,0.089201875,0.20306632,,,,,,,,,,,,,,,,,REG,WAS,NYJ,Hale Hentges,HentHa00,0.0,1.0,0.333,42.4
2019,REG,12,00-0033288,G.Kittle,TE,TE,SF,13299,2ada91b0-036e-454f-83c3-6d939ff584a9,16499.0,11901.0,4217.0,,3040151.0,30259.0,,2818265.0,KittGe00,george-kittle-1,11892.0,12276.0,298.0,30259.0,733672.0,19063.0,733672.0,George Kittle,george kittle,6,6,129.0,1,0.0,0.0,66.0,63.0,4.0,6.589397,0,1.9545455,0.31578946,0.54545456,0.85550237,George Kittle,SF,5.819999999999999,4.527695111808708,10.163333333333334,56.384650947757734,100.0,129.0,1.0,11.336666666666666,9.558312545190498,1.778354121476168,00-0033288,George,Kittle,G.Kittle,REG,SF,GB,George Kittle,KittGe00,0.0,0.0,0.0,158.3
2019,REG,12,00-0027061,J.Cook,TE,TE,NO,9474,3b7a1409-d154-4e5c-8c94-9d4a0e0993c7,9265.0,5012.0,367.0,jaredcook/71265,12537.0,9353.0,6126.0,584314.0,CookJa02,jared-cook-2,5981.0,5165.0,,9353.0,296480.0,8534.0,296480.0,Jared Cook,jared cook,6,8,99.0,1,0.0,0.0,107.0,24.0,4.0,5.537597,0,0.92523366,0.21052632,0.28609625,0.51605684,Jared Cook,NO,4.575,1.7732743060262095,14.0425,29.797618100315642,75.0,99.0,1.0,4.633333333333333,2.904314741084704,1.7290185922486287,00-0027061,Jared,Cook,J.Cook,REG,NO,CAR,Jared Cook,CookJa02,0.0,0.0,0.0,155.7
2019,REG,12,00-0030061,Z.Ertz,TE,TE,PHI,11247,de3421f7-2147-4835-89a5-724e87bad463,11689.0,7816.0,1339.0,zachertz/2540158,15835.0,26658.0,,1685963.0,ErtzZa00,zach-ertz-1,8781.0,8409.0,305.0,26658.0,503177.0,14856.0,503177.0,Zach Ertz,zach ertz,12,14,91.0,1,0.0,0.0,78.0,21.0,7.0,5.082091,0,1.1666666,0.31111112,0.2857143,0.6666667,Zach Ertz,PHI,4.816666666666666,3.560967409385889,5.776428571428572,30.458363150163837,85.71428571428571,91.0,1.0,2.2308333333333334,2.3559772955605003,-0.12514396222716684,00-0030061,Zachary,Ertz,Z.Ertz,REG,PHI,SEA,Zach Ertz,ErtzZa00,0.0,0.0,0.0,117.6
2019,REG,12,00-0034788,J.Graham,TE,TE,ATL,14464,97e65d1d-c738-4812-840e-030f0242bc29,18135.0,31849.0,5754.0,,3118954.0,31749.0,,2930527.0,,,13356.0,,,31749.0,832316.0,20662.0,832316.0,Jaeden Graham,jaeden graham,1,2,53.0,0,0.0,0.0,31.0,32.0,1.0,2.2137368,0,1.7096775,0.03773585,0.059961315,0.098576695,,,,,,,,,,,,,,,,,,,,,,,,,
2019,REG,12,00-0034753,M.Andrews,TE,TE,BAL,13671,0618f387-9b72-4270-8b8f-dec4cccc9e4a,17269.0,47436.0,5012.0,,3116365.0,31056.0,,2131121.0,AndrMa00,mark-andrews-1,12559.0,13182.0,366.0,31056.0,820699.0,19803.0,820699.0,Mark Andrews,mark andrews,2,3,45.0,0,0.0,0.0,35.0,26.0,2.0,4.584274,0,1.2857143,0.13636364,0.18421052,0.33349282,,,,,,,,,,,,,,,,,REG,BAL,LA,Mark Andrews,AndrMa00,0.0,0.0,0.0,109.7
2019,REG,12,00-0025418,G.Olsen,TE,TE,CAR,8687,587d0a98-7ec5-45a5-adba-8af26e8f256b,9238.0,3647.0,58.0,gregolsen/2495700,10475.0,8285.0,,502524.0,OlseGr00,greg-olsen-1,5206.0,4190.0,,8285.0,230925.0,1658.0,,Greg Olsen,greg olsen,5,7,44.0,0,0.0,0.0,73.0,18.0,3.0,2.3032045,0,0.60273975,0.21875,0.32589287,0.55625,Greg Olsen,CAR,4.57,2.4555582776370573,9.738571428571428,29.769858945805495,71.42857142857143,44.0,0.0,3.558000000000001,3.136899727207447,0.42110027279255435,00-0025418,Gregory,Olsen,G.Olsen,REG,CAR,NO,Greg Olsen,OlseGr00,1.0,0.0,0.0,87.8
2019,REG,12,00-0031387,E.Ebron,TE,TE,IND,11695,9fbcfae9-dd14-415c-8952-9b1b5dff0dfc,12143.0,8645.0,2118.0,ericebron/2543466,16732.0,27538.0,,1865396.0,EbroEr00,eric-ebron-1,9210.0,9390.0,,27538.0,605752.0,16451.0,605752.0,Eric Ebron,eric ebron,4,5,44.0,0,0.0,0.0,46.0,22.0,3.0,2.0778558,0,0.95652175,0.20833333,0.25842696,0.49339887,Eric Ebron,IND,3.9619999999999997,7.076982700759973,7.449999999999998,23.77002105800523,80.0,44.0,0.0,6.332500000000001,5.821037760171748,0.5114622398282531,00-0031387,Eric,Ebron,E.Ebron,REG,IND,HOU,Eric Ebron,EbroEr00,0.0,0.0,0.0,103.3
2019,REG,12,00-0031610,D.Waller,TE,TE,LV,12263,14c97c9f-26e8-4944-9299-f90de6aeada3,14104.0,9637.0,2505.0,,2576925.0,28592.0,,1850793.0,WallDa01,darren-waller-1,10215.0,10433.0,,28592.0,600191.0,16964.0,600191.0,Darren Waller,darren waller,3,6,41.0,0,0.0,0.0,59.0,25.0,2.0,1.7091411,0,0.69491524,0.18181819,0.28921568,0.47517824,Darren Waller,LV,5.4575,2.9948972182126727,9.874999999999998,29.014250036726892,50.0,41.0,0.0,8.223333333333336,6.7409770015647155,1.4823563317686208,00-0031610,Darren,Waller,D.Waller,REG,OAK,NYJ,Darren Waller,WallDa01,1.0,0.0,0.0,72.2
2019,REG,12,00-0032117,N.O'Leary,TE,TE,JAX,12207,c257b2e6-dfc9-45c8-b30c-a497f2ce82a2,13957.0,9627.0,2495.0,,2576804.0,28582.0,,1860760.0,OLeaNi00,nick-oleary-1,10250.0,10568.0,,28582.0,605423.0,16954.0,,Nick O'Leary,nick oleary,4,4,36.0,0,0.0,0.0,25.0,11.0,1.0,2.7448025,0,1.44,0.09090909,0.07763975,0.19071147,,,,,,,,,,,,,,,,,REG,JAX,TEN,Nick O'Leary,OLeaNi00,0.0,0.0,0.0,104.2
2019,REG,12,00-0034351,D.Goedert,TE,TE,PHI,13674,e8029983-87cf-49a2-bc04-04c8233a0630,17270.0,47272.0,5022.0,,3121023.0,31019.0,,2132551.0,GoedDa00,,12860.0,13151.0,382.0,31019.0,791365.0,19863.0,791365.0,Dallas Goedert,dallas goedert,7,8,32.0,0,1.0,1.0,21.0,27.0,2.0,-9.378793,0,1.5238096,0.17777778,0.07692308,0.32051283,Dallas Goedert,PHI,4.7875,4.727331415643053,1.9825000000000004,5.97340966441942,87.5,32.0,0.0,4.035714285714285,4.9672011248546495,-0.9314868391403648,00-0034351,Dallas,Goedert,D.Goedert,REG,PHI,SEA,Dallas Goedert,GoedDa00,0.0,0.0,0.0,43.7
2019,REG,12,00-0030181,J.Doyle,TE,TE,IND,11516,bd413539-9351-454e-9d61-4e8635d7e9f5,11987.0,8520.0,1706.0,jackdoyle/2540232,16504.0,27299.0,,2041264.0,DoylJa00,,9081.0,9075.0,,27299.0,477386.0,15602.0,477386.0,Jack Doyle,jack doyle,3,4,28.0,0,0.0,0.0,15.0,12.0,3.0,1.6284262,0,1.8666667,0.16666667,0.084269665,0.30898875,,,,,,,,,,,,,,,,,REG,IND,HOU,Jack Doyle,DoylJa00,0.0,0.0,0.0,93.7
2019,REG,12,00-0034829,M.Gesicki,TE,TE,MIA,13672,1012cbe0-7eba-4169-bfca-183a0204e1a7,17272.0,47153.0,4993.0,,3116164.0,31012.0,,2139298.0,GesiMi00,mike-gesicki-1,12764.0,13104.0,330.0,31012.0,836152.0,19853.0,836152.0,Mike Gesicki,mike gesicki,3,7,28.0,1,0.0,0.0,77.0,11.0,2.0,-1.1945912,0,0.36363637,0.18421052,0.22916667,0.43673247,Mike Gesicki,MIA,3.83,1.7386631456903163,12.947142857142856,25.681496174553693,42.857142857142854,28.0,1.0,3.3266666666666658,4.2804005768484785,-0.9537339101818127,00-0034829,Michael,Gesicki,M.Gesicki,REG,MIA,CLE,Mike Gesicki,GesiMi00,0.0,0.0,0.0,94.0
2019,REG,12,00-0031299,J.Matthews,TE,TE,PHI,11676,7b96a836-666b-47b6-a0a7-9dbb0b4c53e8,12124.0,8677.0,1800.0,jordanmatthews/2543500,16763.0,27570.0,,1759816.0,MattJo00,jordan-matthews-1,9273.0,9420.0,,27570.0,555648.0,15974.0,555648.0,Jordan Matthews,jordan matthews,3,6,27.0,0,0.0,0.0,96.0,5.0,1.0,-2.633565,0,0.28125,0.13333334,0.35164836,0.44615385,,,,,,,,,,,,,,,,,REG,PHI,SEA,Jordan Matthews,MattJo00,0.0,0.0,0.0,22.9
2019,REG,12,00-0034364,J.Akins,TE,TE,HOU,13753,0cb5a32a-a340-4671-ba2a-93f5fa6aee8d,17415.0,47050.0,5032.0,,3128452.0,31068.0,,2142712.0,AkinJo00,jordan-akins-1,12568.0,13238.0,,31068.0,838396.0,19903.0,838396.0,Jordan Akins,jordan akins,3,4,26.0,0,0.0,0.0,47.0,10.0,1.0,0.2144791,0,0.5531915,0.14285715,0.13165267,0.3064426,,,,,,,,,,,,,,,,,REG,HOU,IND,Jordan Akins,AkinJo00,0.0,0.0,0.0,91.7
2019,REG,12,00-0029738,D.Fells,TE,TE,HOU,11337,54d4e35a-2e6c-48f6-86ad-92dd596c173c,13636.0,8549.0,1592.0,darrenfells/2540928,15773.0,26612.0,,2053740.0,FellDa01,,9758.0,8472.0,,26612.0,266414.0,15247.0,266414.0,Darren Fells,darren fells,1,2,24.0,0,0.0,0.0,38.0,3.0,1.0,1.8776928,0,0.6315789,0.071428575,0.10644258,0.18165267,,,,,,,,,,,,,,,,,REG,HOU,IND,Darren Fells,FellDa01,0.0,0.0,0.0,93.7
2019,REG,12,00-0031260,L.Thomas,TE,TE,DET,11647,b24625a0-d402-4d59-a778-aa4b073bfe5e,12095.0,8755.0,2251.0,loganthomas/2543767,16813.0,27648.0,,1691193.0,ThomLo00,logan-thomas-1,9323.0,9354.0,,27648.0,507528.0,16656.0,507528.0,Logan Thomas,logan thomas,2,2,24.0,1,0.0,0.0,15.0,9.0,2.0,4.333018,0,1.6,0.06666667,0.053380784,0.13736655,,,,,,,,,,,,,,,,,REG,DET,WAS,Logan Thomas,ThomLo00,0.0,0.0,0.0,156.2
2019,REG,12,00-0033895,G.Everett,TE,TE,LA,13236,ebeceb00-57e0-4b74-9cf7-853da2afed18,16459.0,11799.0,4089.0,,3918639.0,30157.0,,2142692.0,EverGe00,gerald-everett-1,11737.0,12284.0,55.0,30157.0,838487.0,18935.0,838487.0,Gerald Everett,gerald everett,2,2,23.0,0,0.0,0.0,22.0,1.0,1.0,1.1677074,0,1.0454545,0.055555556,0.06918239,0.131761,,,,,,,,,,,,,,,,,REG,LA,BAL,Gerald Everett,EverGe00,0.0,0.0,0.0,114.6
2019,REG,12,00-0033387,J.Hollister,TE,TE,SEA,13391,ad2a1d03-020b-487a-bd5f-7ca9fbc250fe,16527.0,12051.0,4421.0,,3125404.0,30661.0,,2818962.0,HollJa03,,12271.0,12491.0,,30661.0,696882.0,19281.0,696882.0,Jacob Hollister,jacob hollister,2,4,22.0,0,0.0,0.0,30.0,19.0,1.0,-0.84126985,0,0.73333335,0.17391305,0.0882353,0.32263428,,,,,,,,,,,,,,,,,REG,SEA,PHI,Jacob Hollister,HollJa03,0.0,0.0,0.0,66.7
2019,REG,12,00-0030155,D.Harris,TE,TE,CLE,11448,8506c15c-15cc-4d2c-aebf-270c605fe0ec,11881.0,8524.0,1619.0,demetriusharris/2541187,16318.0,27174.0,,2060074.0,HarrDe03,,9847.0,8683.0,,27174.0,602269.0,15305.0,602269.0,Demetrius Harris,demetrius harris,2,2,20.0,0,0.0,0.0,13.0,7.0,1.0,1.6693397,0,1.5384616,0.060606062,0.04347826,0.12134387,,,,,,,,,,,,,,,,,REG,CLE,MIA,Demetrius Harris,HarrDe03,0.0,0.0,0.0,108.3
2019,REG,12,00-0031585,M.Pruitt,TE,TE,TEN,12309,f22b34cf-6ecf-4522-9c77-1da275dfda7d,13964.0,9576.0,2446.0,,2508256.0,28531.0,,1760327.0,PruiMy00,,10251.0,10522.0,,28531.0,552586.0,16903.0,552586.0,MyCole Pruitt,mycole pruitt,1,1,20.0,0,0.0,0.0,1.0,19.0,1.0,1.7519568,0,20.0,0.05882353,0.007936508,0.09379085,,,,,,,,,,,,,,,,,REG,TEN,JAX,MyCole Pruitt,PruiMy00,0.0,0.0,0.0,118.7
2019,REG,12,00-0033110,T.Higbee,TE,TE,LA,12678,0df7912d-9e81-47ea-b4f7-d04986df4ee8,15623.0,10744.0,3271.0,,2573401.0,29344.0,,1853103.0,HigbTy00,tyler-higbee-1,10854.0,11430.0,159.0,29344.0,604176.0,18032.0,604176.0,Tyler Higbee,tyler higbee,5,6,20.0,0,0.0,0.0,35.0,7.0,1.0,-0.50209147,0,0.5714286,0.16666667,0.11006289,0.32704404,Tyler Higbee,LAR,5.1875,3.594879977001092,5.4316666666666675,10.485842985842988,83.33333333333334,20.0,0.0,1.8439999999999999,3.091704900897594,-1.247704900897594,00-0033110,Tyler,Higbee,T.Higbee,REG,LA,BAL,Tyler Higbee,HigbTy00,0.0,0.0,0.0,80.6
2019,REG,12,00-0033658,B.Jarwin,TE,TE,DAL,13722,43e8a6ac-d451-4dbd-b145-797764f91494,16638.0,12320.0,4571.0,,2991767.0,30784.0,,2819999.0,JarwBl00,,12179.0,12507.0,,30784.0,711965.0,19457.0,711965.0,Blake Jarwin,blake jarwin,3,4,17.0,0,1.0,0.0,21.0,7.0,0.0,-0.12776537,0,0.8095238,0.125,0.114754096,0.26782787,,,,,,,,,,,,,,,,,REG,DAL,NE,Blake Jarwin,JarwBl00,0.0,0.0,0.0,82.3
2019,REG,12,00-0034988,K.Smith,TE,TE,NYG,14142,7bb7f5e7-f00e-47d8-954d-90bf5baf4292,18293.0,40973.0,6146.0,,4044452.0,32008.0,,2251343.0,SmitKa00,kaden-smith-1,13516.0,14217.0,,32008.0,924018.0,20946.0,924018.0,Kaden Smith,kaden smith,5,6,17.0,1,0.0,0.0,13.0,11.0,1.0,-0.8032218,0,1.3076923,0.1764706,0.060747664,0.30722925,Kaden Smith,NYG,4.693333333333333,2.7773068336675792,2.0750000000000006,5.681040383299113,83.33333333333334,17.0,1.0,2.449999999999999,4.412410088867114,-1.9624100888671152,00-0034988,Kaden,Smith,K.Smith,REG,NYG,CHI,Kaden Smith,SmitKa00,0.0,0.0,0.0,118.7
2019,REG,12,00-0032214,T.Kroft,TE,TE,BUF,12212,36f54823-9d51-4180-9c91-d10281deb4bf,13960.0,9518.0,2390.0,tylerkroft/2552586,2582410.0,28473.0,,1824200.0,KrofTy00,tyler-kroft-1,10247.0,10490.0,,28473.0,592268.0,16846.0,592268.0,Tyler Kroft,tyler kroft,1,1,14.0,0,0.0,0.0,9.0,5.0,1.0,0.7566714,0,1.5555556,0.045454547,0.05027933,0.10337735,,,,,,,,,,,,,,,,,REG,BUF,DEN,Tyler Kroft,KrofTy00,0.0,0.0,0.0,118.7
2019,REG,12,00-0035644,N.Fant,TE,TE,DEN,14137,cdc98acc-9eb6-4b44-81bb-61d7b8a3b55f,17527.0,42388.0,5857.0,,4036131.0,31852.0,,2251095.0,FantNo00,noah-fant-1,13426.0,14050.0,243.0,31852.0,923911.0,20753.0,923911.0,Noah Fant,noah fant,3,5,14.0,0,0.0,0.0,8.0,10.0,1.0,-2.3564904,0,1.75,0.20833333,0.054421768,0.35059524,Noah Fant,DEN,8.274000000000001,3.1168460196538126,1.9459999999999986,6.390804597701146,60.0,14.0,0.0,3.4066666666666685,5.601259060183414,-2.194592393516745,00-0035644,Noah,Fant,N.Fant,REG,DEN,BUF,Noah Fant,FantNo00,0.0,0.0,0.0,64.6
2019,REG,12,00-0030108,R.Griffin,TE,TE,NYJ,11399,cb1df42c-b59c-4e23-a9a2-fbfc2b39ef71,11830.0,7982.0,1425.0,ryangriffin/2541316,15887.0,26824.0,,2057695.0,GrifRy00,ryan-griffin-1,8911.0,8600.0,,26824.0,465129.0,14985.0,465129.0,Ryan Griffin,ryan griffin,3,3,13.0,1,0.0,0.0,-5.0,18.0,2.0,0.8941207,0,0.0,0.115384616,-0.024271844,0.15608664,,,,,,,,,,,,,,,,,REG,NYJ,OAK,Ryan Griffin,GrifRy00,0.0,0.0,0.0,124.3
2019,REG,12,00-0030216,J.Hill,TE,TE,NO,11529,687cdc33-bd0d-4b70-adb3-33f97dc26a3c,13565.0,8200.0,1777.0,joshhill/2541834,16143.0,26950.0,,2060083.0,HillJo02,,9071.0,8764.0,,26950.0,469509.0,15866.0,,Josh Hill,josh hill,1,1,12.0,0,0.0,0.0,-5.0,17.0,1.0,0.8269821,0,0.0,0.02631579,-0.013368984,0.030115396,,,,,,,,,,,,,,,,,REG,NO,CAR,Josh Hill,HillJo02,0.0,0.0,0.0,116.7
2019,REG,12,00-0035689,D.Knox,TE,TE,BUF,14143,5fb525c5-4e70-4ede-8c49-94ad0cf66b7d,18631.0,35883.0,5906.0,,3930086.0,31928.0,,2186345.0,KnoxDa00,dawson-knox-1,13466.0,13953.0,88.0,31928.0,884083.0,20850.0,884083.0,Dawson Knox,dawson knox,2,2,11.0,0,0.0,0.0,9.0,2.0,0.0,-1.1380635,0,1.2222222,0.09090909,0.05027933,0.17155917,,,,,,,,,,,,,,,,,REG,BUF,DEN,Dawson Knox,KnoxDa00,0.0,0.0,0.0,89.6
2019,REG,12,00-0031167,S.Simonson,TE,TE,NYG,12138,b77aa319-b97f-4316-84c5-e51390432644,13839.0,8954.0,2040.0,,17391.0,28215.0,,2130881.0,,,10016.0,10143.0,,28215.0,564881.0,16327.0,,Scott Simonson,scott simonson,1,1,10.0,0,0.0,0.0,7.0,3.0,1.0,1.0952111,0,1.4285715,0.029411765,0.03271028,0.06701484,,,,,,,,,,,,,,,,,,,,,,,,,
2019,REG,12,00-0033879,O.Howard,TE,TE,TB,13188,93ed8c6f-b676-46d3-bf82-6155e89b4a68,16380.0,11774.0,4055.0,,3043080.0,30132.0,,2061190.0,HowaO.00,oj-howard-1,11806.0,12161.0,,30132.0,732147.0,18901.0,732147.0,O.J. Howard,oj howard,1,2,10.0,0,0.0,0.0,4.0,15.0,1.0,0.5800098,0,2.5,0.074074075,0.014545455,0.12129293,,,,,,,,,,,,,,,,,REG,TB,ATL,O.J. Howard,HowaO.00,0.0,0.0,0.0,64.6
2019,REG,12,00-0032661,B.Braunecker,TE,TE,CHI,12868,d76c8e95-7c6e-4def-9fd9-d813df18b3b8,15842.0,11335.0,3465.0,,2969241.0,29913.0,,1994904.0,BrauBe00,,10917.0,11587.0,,29913.0,679453.0,18229.0,,Ben Braunecker,ben braunecker,2,4,9.0,0,0.0,0.0,37.0,4.0,2.0,-0.0462698,0,0.24324325,0.09756097,0.101369865,0.21730037,,,,,,,,,,,,,,,,,REG,CHI,NYG,Ben Braunecker,BrauBe00,0.0,1.0,0.25,56.2
2019,REG,12,00-0033757,R.Tonyan,TE,TE,GB,13427,7c9c7800-69d0-459b-812b-a07ac48e9f2a,16502.0,12193.0,4602.0,,2975674.0,30777.0,,2820026.0,TonyRo00,,12389.0,12868.0,,30777.0,660151.0,19491.0,660151.0,Robert Tonyan,robert tonyan,2,2,8.0,0,0.0,0.0,3.0,5.0,0.0,-0.68780595,0,2.6666667,0.055555556,0.013215859,0.09258443,,,,,,,,,,,,,,,,,REG,GB,SF,Robert Tonyan,TonyRo00,0.0,0.0,0.0,83.3
2019,REG,12,00-0035039,S.Carlson,TE,TE,CLE,14488,013477a2-0271-4441-a0af-9bc25924a2f6,18757.0,94365.0,6451.0,,3948283.0,32273.0,,3116783.0,CarlSt00,,14131.0,,,32273.0,881697.0,21278.0,881697.0,Stephen Carlson,stephen carlson,1,1,8.0,0,0.0,0.0,1.0,7.0,0.0,0.5932884,0,8.0,0.030303031,0.0033444816,0.047795683,,,,,,,,,,,,,,,,,REG,CLE,MIA,Stephen Carlson,CarlSt00,0.0,0.0,0.0,100.0
2019,REG,12,00-0027696,J.Graham,TE,TE,GB,9925,fd85786d-3900-4dc0-9b30-334ee30413ed,9712.0,5619.0,616.0,jimmygraham/497236,13232.0,24070.0,6610.0,1691166.0,GrahJi00,jimmy-graham-1,6532.0,5842.0,,24070.0,295918.0,11488.0,295918.0,Jimmy Graham,jimmy graham,1,2,7.0,0,0.0,0.0,36.0,10.0,0.0,-0.6927871,0,0.19444445,0.055555556,0.1585903,0.19434655,,,,,,,,,,,,,,,,,REG,GB,SF,Jimmy Graham,GrahJi00,0.0,0.0,0.0,58.3
2019,REG,12,00-0030549,T.Eifert,TE,TE,CIN,11250,14ecf9dd-3a77-4847-8e62-407cd1182f1c,11692.0,7802.0,1388.0,tylereifert/2540148,15788.0,26644.0,,1691608.0,EifeTy00,tyler-eifert-1,8782.0,8408.0,,26644.0,508968.0,14918.0,,Tyler Eifert,tyler eifert,1,1,7.0,0,0.0,0.0,6.0,1.0,0.0,0.19768459,0,1.1666666,0.04,0.02166065,0.075162455,,,,,,,,,,,,,,,,,REG,CIN,PIT,Tyler Eifert,EifeTy00,0.0,0.0,0.0,95.8
2019,REG,12,00-0031598,N.Boyle,TE,TE,BAL,12328,9480dd9f-151f-4e6d-b5a3-35f07bda4cac,13963.0,9604.0,2474.0,,2574591.0,28559.0,,1888149.0,BoylNi00,,10252.0,10547.0,,28559.0,608753.0,16931.0,608753.0,Nick Boyle,nick boyle,1,1,7.0,0,0.0,0.0,7.0,0.0,0.0,0.36535805,0,1.0,0.045454547,0.036842104,0.09397129,,,,,,,,,,,,,,,,,REG,BAL,LA,Nick Boyle,BoylNi00,0.0,0.0,0.0,95.8
2019,REG,12,00-0032135,J.James,TE,TE,DET,12211,a37a5bfd-b48c-4d8b-817a-d8ce7ca3592d,13959.0,9593.0,2463.0,jessejames/2552633,2979590.0,28548.0,,1983808.0,JameJe00,jesse-james-1,10150.0,10403.0,,28548.0,652019.0,16920.0,652019.0,Jesse James,jesse james,1,1,7.0,0,0.0,0.0,3.0,4.0,1.0,1.2696345,0,2.3333333,0.033333335,0.010676157,0.05747331,,,,,,,,,,,,,,,,,REG,DET,WAS,Jesse James,JameJe00,0.0,0.0,0.0,95.8
2019,REG,12,00-0022127,J.Witten,TE,TE,DAL,6997,e38c9b1b-7c51-48a2-ac1d-a752502e8930,9275.0,1384.0,23.0,jasonwitten/2505629,4527.0,6405.0,,396134.0,WittJa00,jason-witten-1,3086.0,1990.0,,6405.0,184571.0,722.0,,Jason Witten,jason witten,1,4,5.0,0,0.0,0.0,27.0,0.0,0.0,-1.7106087,0,0.18518518,0.125,0.14754099,0.2907787,,,,,,,,,,,,,,,,,REG,DAL,NE,Jason Witten,WittJa00,0.0,2.0,0.5,39.6
2019,REG,12,00-0031744,M.LaCosse,TE,TE,NE,12596,25e58aee-1b33-4468-9a81-6586426b91d5,14288.0,9840.0,2944.0,mattlacosse/2553667,2576179.0,28875.0,,2174931.0,,,10727.0,10980.0,,28875.0,606055.0,17415.0,606055.0,Matt LaCosse,matt lacosse,1,1,5.0,0,0.0,0.0,5.0,0.0,0.0,-0.37448895,0,1.0,0.028571429,0.013850415,0.052552436,,,,,,,,,,,,,,,,,,,,,,,,,
2019,REG,12,00-0033528,J.Sprinkle,TE,TE,WAS,13194,2dcc8e56-ac32-4774-a011-b1e65ca73786,16461.0,11909.0,4221.0,,2980073.0,30267.0,,1999945.0,SpriJe00,jeremy-sprinkle-1,11899.0,12368.0,,30267.0,693833.0,19067.0,693833.0,Jeremy Sprinkle,jeremy sprinkle,1,2,4.0,0,0.0,0.0,6.0,3.0,0.0,-1.3559209,0,0.6666667,0.06896552,0.015544041,0.11432911,,,,,,,,,,,,,,,,,REG,WAS,DET,Jeremy Sprinkle,SpriJe00,0.0,0.0,0.0,56.2
2019,REG,12,00-0034365,I.Thomas,TE,TE,CAR,13678,ed8a8fd2-df67-45e7-a34f-984afb82f6ea,17387.0,42130.0,4995.0,,4045305.0,31071.0,,2253359.0,ThomIa00,ian-thomas-3,12858.0,13163.0,323.0,31071.0,943093.0,19910.0,943093.0,Ian Thomas,ian thomas,1,2,4.0,0,0.0,0.0,5.0,1.0,0.0,-0.6518078,0,0.8,0.0625,0.02232143,0.109375,,,,,,,,,,,,,,,,,REG,CAR,NO,Ian Thomas,ThomIa00,0.0,0.0,0.0,56.2
2019,REG,12,00-0035562,J.Horsted,TE,TE,CHI,14752,48c56733-6644-42ee-9020-07bd2deba1ad,18482.0,91465.0,6075.0,,3940587.0,32576.0,,3117107.0,,,13639.0,,,32576.0,0.0,20812.0,881708.0,Jesper Horsted,jesper horsted,1,1,4.0,0,0.0,0.0,-1.0,5.0,0.0,0.023051495,0,0.0,0.024390243,-0.002739726,0.03466756,,,,,,,,,,,,,,,,,,,,,,,,,
2019,REG,12,00-0034981,F.Moreau,TE,TE,LV,14239,9c3a67fd-5c6e-4689-9e08-9ff6d4db6c9a,18397.0,47043.0,5985.0,,3843945.0,31969.0,,2180634.0,MoreFo00,foster-moreau-1,13822.0,14154.0,179.0,31969.0,865573.0,20884.0,865573.0,Foster Moreau,foster moreau,1,1,3.0,0,0.0,0.0,0.0,3.0,0.0,-0.5604432,0,0.0,0.030303031,0.0,0.045454547,,,,,,,,,,,,,,,,,REG,OAK,NYJ,Foster Moreau,MoreFo00,0.0,0.0,0.0,79.2
2019,REG,12,00-0030470,V.McDonald,TE,TE,PIT,11257,8f24a248-b328-43ec-8677-67600e42a8f7,11699.0,7836.0,1587.0,vancemcdonald/2540215,15853.0,26678.0,,1673357.0,McDoVa00,vance-mcdonald-1,8785.0,8413.0,,26678.0,494969.0,15239.0,,Vance McDonald,vance mcdonald,1,1,1.0,0,0.0,0.0,0.0,1.0,0.0,-0.5523037,0,0.0,0.045454547,0.0,0.06818182,,,,,,,,,,,,,,,,,REG,PIT,CIN,Vance McDonald,McDoVa00,0.0,0.0,0.0,79.2
2019,REG,12,00-0022943,B.Watson,TE,TE,NE,7422,d81844de-54c3-42ee-9850-072dc4131b6f,9040.0,1753.0,663.0,benjaminwatson/2506122,5557.0,6791.0,,493107.0,WatsBe00,benjamin-watson-1,3872.0,48.0,,6791.0,246082.0,11756.0,,Ben Watson,ben watson,0,1,0.0,0,0.0,0.0,22.0,0.0,0.0,-0.656249,0,0.0,0.028571429,0.060941827,0.08551642,,,,,,,,,,,,,,,,,REG,NE,DAL,Ben Watson,WatsBe00,0.0,0.0,0.0,39.6
2019,REG,12,00-0028042,L.Stocker,TE,TE,ATL,10354,5b712aed-201c-43dd-b978-b7b6ef91178e,9948.0,6256.0,963.0,lukestocker/2495234,14099.0,24891.0,7589.0,1125485.0,StocLu00,luke-stocker-1,7413.0,6552.0,,24891.0,334186.0,13370.0,334186.0,Luke Stocker,luke stocker,0,1,0.0,0,0.0,0.0,4.0,0.0,0.0,-0.55039424,0,0.0,0.018867925,0.007736944,0.033717748,,,,,,,,,,,,,,,,,REG,ATL,TB,Luke Stocker,StocLu00,0.0,0.0,0.0,39.6
2019,REG,12,00-0029119,D.Carrier,TE,TE,LV,10940,d3fab07b-f02a-433d-9612-cb0a751f324d,11417.0,7406.0,1718.0,derekcarrier/2534241,15403.0,26416.0,,1977121.0,CarrDe00,,9203.0,7527.0,,26416.0,654887.0,15640.0,654887.0,Derek Carrier,derek carrier,0,1,0.0,0,0.0,0.0,19.0,0.0,0.0,-0.6407316,0,0.0,0.030303031,0.09313726,0.11065062,,,,,,,,,,,,,,,,,REG,OAK,NYJ,Derek Carrier,CarrDe00,0.0,0.0,0.0,39.6
2019,REG,12,00-0031273,C.Brate,TE,TE,TB,12110,5afe93fd-0caf-4cca-83fc-7f405bebfa3e,13470.0,9207.0,2214.0,,17453.0,28267.0,,2132787.0,BratCa00,,10008.0,10193.0,,28267.0,552926.0,16593.0,552926.0,Cameron Brate,cameron brate,0,1,0.0,0,0.0,0.0,2.0,0.0,0.0,-1.6023575,0,0.0,0.037037037,0.0072727273,0.060646463,,,,,,,,,,,,,,,,,REG,TB,ATL,Cameron Brate,BratCa00,0.0,0.0,0.0,39.6
2019,REG,12,00-0032134,C.Uzomah,TE,TE,CIN,12317,19858900-5c8e-49a7-ab02-34ef625724ca,14084.0,9590.0,2460.0,c.j.uzomah/2552559,2574576.0,28545.0,,2174118.0,UzomC.00,cj-uzomah-1,10462.0,10534.0,,28545.0,593305.0,16917.0,593305.0,C.J. Uzomah,cj uzomah,0,1,0.0,0,0.0,0.0,0.0,0.0,0.0,-0.8182325,0,,0.04,0.0,0.06,,,,,,,,,,,,,,,,,REG,CIN,PIT,C.J. Uzomah,UzomC.00,0.0,0.0,0.0,39.6
2019,REG,12,00-0032139,B.Koyack,TE,TE,JAX,12209,666e3121-3daa-4413-b1ec-8e728f7cc645,13958.0,9662.0,2528.0,benkoyack/2552396,2579846.0,28617.0,,1893200.0,KoyaBe00,ben-koyack-1,10254.0,10601.0,,28617.0,610943.0,16988.0,,Ben Koyack,ben koyack,0,1,0.0,0,0.0,0.0,0.0,0.0,0.0,-0.40096566,0,,0.022727273,0.0,0.03409091,,,,,,,,,,,,,,,,,REG,JAX,TEN,Ben Koyack,KoyaBe00,0.0,0.0,0.0,39.6
2019,REG,12,00-0033611,R.Seals-Jones,TE,TE,CLE,13382,52735659-a294-4f64-a7f4-3591450834e5,16730.0,12020.0,4531.0,,3051806.0,30494.0,,2080003.0,SealRi00,,11876.0,12463.0,,30494.0,744568.0,19410.0,744568.0,Ricky Seals-Jones,ricky seals-jones,0,1,0.0,0,0.0,0.0,11.0,0.0,0.0,-0.42378598,0,0.0,0.030303031,0.036789298,0.071207054,,,,,,,,,,,,,,,,,REG,CLE,MIA,Ricky Seals-Jones,SealRi00,0.0,0.0,0.0,39.6
2019,REG,12,00-0033858,J.Smith,TE,TE,TEN,13193,e4f25a37-74de-4bfb-b6c9-f50a4fab0b87,16460.0,11855.0,4144.0,,3054212.0,30213.0,,2081506.0,SmitJo01,jonnu-smith-1,11807.0,12344.0,84.0,30213.0,743749.0,18990.0,743749.0,Jonnu Smith,jonnu smith,0,0,0.0,0,0.0,0.0,0.0,0.0,0.0,,0,,,,,,,,,,,,,,,,,,,,,,,,,,,,,
2019,REG,12,00-0034798,D.Smythe,TE,TE,MIA,13676,7e42a22a-c47b-4387-aeeb-2cc2e76dc1d8,17508.0,47257.0,5008.0,,3052897.0,31093.0,,2082845.0,SmytDu00,durham-smythe-1,12807.0,13249.0,,31093.0,749968.0,19943.0,749968.0,Durham Smythe,durham smythe,0,2,0.0,0,0.0,0.0,25.0,0.0,0.0,-3.3962111,0,0.0,0.05263158,0.07440476,0.13103071,,,,,,,,,,,,,,,,,REG,MIA,CLE,Durham Smythe,SmytDu00,0.0,0.0,0.0,0.0
2019,REG,12,00-0034830,H.Hurst,TE,TE,BAL,13680,1b125fc4-5dd9-4eb9-a42f-048e61ca42b7,17283.0,47294.0,4973.0,,3924365.0,30995.0,,2185053.0,HursHa00,hayden-hurst-1,12467.0,13098.0,8.0,30995.0,881956.0,19843.0,881956.0,Hayden Hurst,hayden hurst,0,1,0.0,0,0.0,0.0,8.0,0.0,0.0,-1.0550717,0,0.0,0.045454547,0.042105265,0.097655505,,,,,,,,,,,,,,,,,REG,BAL,LA,Hayden Hurst,HursHa00,0.0,0.0,0.0,39.6
2019,REG,12,00-0035229,T.Hockenson,TE,TE,DET,14138,bd1120b6-38b3-4225-a4b0-20660a149d0d,18290.0,40912.0,5844.0,,4036133.0,31840.0,,2251097.0,HockTJ00,tj-hockenson-1,13610.0,14051.0,247.0,31840.0,923915.0,20805.0,923915.0,T.J. Hockenson,tj hockenson,0,2,0.0,0,0.0,0.0,10.0,0.0,0.0,-1.1345966,0,0.0,0.06666667,0.035587188,0.12491103,,,,,,,,,,,,,,,,,REG,DET,WAS,T.J. Hockenson,HockTJ00,0.0,0.0,0.0,39.6
2019,REG,13,00-0033110,T.Higbee,TE,TE,LA,12678,0df7912d-9e81-47ea-b4f7-d04986df4ee8,15623.0,10744.0,3271.0,,2573401.0,29344.0,,1853103.0,HigbTy00,tyler-higbee-1,10854.0,11430.0,159.0,29344.0,604176.0,18032.0,604176.0,Tyler Higbee,tyler higbee,7,8,107.0,1,0.0,0.0,45.0,64.0,5.0,7.900451,0,2.3777778,0.19512194,0.22727273,0.45177382,Tyler Higbee,LAR,5.678,3.6020613314149146,4.904999999999998,21.9303638294305,87.5,107.0,1.0,10.01714285714286,8.006996858602486,2.0101459985403736,00-0033110,Tyler,Higbee,T.Higbee,REG,LA,ARI,Tyler Higbee,HigbTy00,1.0,0.0,0.0,158.3
2019,REG,13,00-0031610,D.Waller,TE,TE,LV,12263,14c97c9f-26e8-4944-9299-f90de6aeada3,14104.0,9637.0,2505.0,,2576925.0,28592.0,,1850793.0,WallDa01,darren-waller-1,10215.0,10433.0,,28592.0,600191.0,16964.0,600191.0,Darren Waller,darren waller,7,9,100.0,0,0.0,0.0,74.0,42.0,4.0,2.8590136,0,1.3513514,0.33333334,0.4868421,0.8407895,Darren Waller,LV,4.7875000000000005,2.994165167521085,8.243333333333332,42.731252159889415,77.77777777777779,100.0,0.0,6.224285714285715,4.922691112868555,1.3015946014171602,00-0031610,Darren,Waller,D.Waller,REG,OAK,KC,Darren Waller,WallDa01,2.0,0.0,0.0,73.4
2019,REG,13,00-0030506,T.Kelce,TE,TE,KC,11244,c3859e06-5f23-4302-a71b-04820a899d5f,11594.0,7844.0,1466.0,traviskelce/2540258,15847.0,26686.0,,1725130.0,KelcTr00,travis-kelce-1,8783.0,8411.0,264.0,26686.0,448240.0,15048.0,448240.0,Travis Kelce,travis kelce,5,9,90.0,0,0.0,0.0,120.0,28.0,4.0,5.076703,0,0.75,0.33333334,0.51502144,0.860515,Travis Kelce,KC,4.90888888888889,3.142837508670084,13.50888888888889,56.18559083136929,55.55555555555556,90.0,0.0,5.828,4.01477597092462,1.8132240290753803,00-0030506,Travis,Kelce,T.Kelce,REG,KC,OAK,Travis Kelce,KelcTr00,0.0,2.0,0.222,90.0
2019,REG,13,00-0027061,J.Cook,TE,TE,NO,9474,3b7a1409-d154-4e5c-8c94-9d4a0e0993c7,9265.0,5012.0,367.0,jaredcook/71265,12537.0,9353.0,6126.0,584314.0,CookJa02,jared-cook-2,5981.0,5165.0,,9353.0,296480.0,8534.0,296480.0,Jared Cook,jared cook,3,6,85.0,0,0.0,0.0,67.0,53.0,3.0,1.9433359,0,1.2686567,0.20689656,0.39880952,0.5895115,Jared Cook,NO,6.145,3.224300624387513,11.530000000000001,40.98341232227489,50.0,85.0,0.0,17.756666666666664,7.691657773068073,10.065008893598591,00-0027061,Jared,Cook,J.Cook,REG,NO,ATL,Jared Cook,CookJa02,1.0,1.0,0.167,95.8
2019,REG,13,00-0034829,M.Gesicki,TE,TE,MIA,13672,1012cbe0-7eba-4169-bfca-183a0204e1a7,17272.0,47153.0,4993.0,,3116164.0,31012.0,,2139298.0,GesiMi00,mike-gesicki-1,12764.0,13104.0,330.0,31012.0,836152.0,19853.0,836152.0,Mike Gesicki,mike gesicki,5,7,79.0,1,0.0,0.0,81.0,26.0,5.0,5.32875,0,0.97530866,0.17948718,0.23011364,0.4303103,Mike Gesicki,MIA,7.79,2.7093810595682988,10.411428571428571,21.698225556746458,71.42857142857143,79.0,1.0,7.296000000000001,6.7472463510725,0.5487536489275016,00-0034829,Michael,Gesicki,M.Gesicki,REG,MIA,PHI,Mike Gesicki,GesiMi00,0.0,0.0,0.0,148.2
2019,REG,13,00-0030181,J.Doyle,TE,TE,IND,11516,bd413539-9351-454e-9d61-4e8635d7e9f5,11987.0,8520.0,1706.0,jackdoyle/2540232,16504.0,27299.0,,2041264.0,DoylJa00,,9081.0,9075.0,,27299.0,477386.0,15602.0,477386.0,Jack Doyle,jack doyle,6,11,73.0,1,0.0,0.0,82.0,17.0,3.0,-1.7559552,0,0.8902439,0.2972973,0.27891156,0.64118403,Jack Doyle,IND,7.728571428571429,3.5183951007980356,7.535454545454544,28.60840753779249,54.54545454545454,73.0,1.0,2.763333333333333,1.9842339489197183,0.7790993844136149,00-0030181,John,Doyle,J.Doyle,REG,IND,TEN,Jack Doyle,DoylJa00,0.0,1.0,0.091,67.6
2019,REG,13,00-0034988,K.Smith,TE,TE,NYG,14142,7bb7f5e7-f00e-47d8-954d-90bf5baf4292,18293.0,40973.0,6146.0,,4044452.0,32008.0,,2251343.0,SmitKa00,kaden-smith-1,13516.0,14217.0,,32008.0,924018.0,20946.0,924018.0,Kaden Smith,kaden smith,6,8,70.0,0,0.0,0.0,53.0,27.0,3.0,1.8835317,0,1.3207548,0.22222222,0.19133574,0.46726835,Kaden Smith,NYG,5.47125,2.8413893949459483,6.638749999999997,19.761860465116275,75.0,70.0,0.0,4.918333333333336,4.5538351978268565,0.36449813550647914,00-0034988,Kaden,Smith,K.Smith,REG,NYG,GB,Kaden Smith,SmitKa00,1.0,0.0,0.0,101.0
2019,REG,13,00-0034351,D.Goedert,TE,TE,PHI,13674,e8029983-87cf-49a2-bc04-04c8233a0630,17270.0,47272.0,5022.0,,3121023.0,31019.0,,2132551.0,GoedDa00,,12860.0,13151.0,382.0,31019.0,791365.0,19863.0,791365.0,Dallas Goedert,dallas goedert,6,7,66.0,0,0.0,0.0,22.0,49.0,5.0,4.0582967,0,3.0,0.15555556,0.048140045,0.26703137,Dallas Goedert,PHI,4.641666666666667,3.4916830121448887,2.3542857142857136,3.2870591989787776,85.71428571428571,66.0,0.0,8.991666666666667,5.89124240929011,3.100424257376557,00-0034351,Dallas,Goedert,D.Goedert,REG,PHI,MIA,Dallas Goedert,GoedDa00,0.0,0.0,0.0,106.0
2019,REG,13,00-0033879,O.Howard,TE,TE,TB,13188,93ed8c6f-b676-46d3-bf82-6155e89b4a68,16380.0,11774.0,4055.0,,3043080.0,30132.0,,2061190.0,HowaO.00,oj-howard-1,11806.0,12161.0,,30132.0,732147.0,18901.0,732147.0,O.J. Howard,oj howard,5,6,61.0,0,0.0,0.0,52.0,7.0,2.0,0.7395932,0,1.1730769,0.18181819,0.15430267,0.38073915,O.J. Howard,TB,5.376666666666668,1.4738050545367987,8.540000000000001,14.939646626625457,83.33333333333334,61.0,0.0,1.8059999999999996,2.8973518385974613,-1.0913518385974617,00-0033879,O'Terrius,Howard,O.Howard,REG,TB,JAX,O.J. Howard,HowaO.00,0.0,0.0,0.0,109.0
2019,REG,13,00-0032134,C.Uzomah,TE,TE,CIN,12317,19858900-5c8e-49a7-ab02-34ef625724ca,14084.0,9590.0,2460.0,c.j.uzomah/2552559,2574576.0,28545.0,,2174118.0,UzomC.00,cj-uzomah-1,10462.0,10534.0,,28545.0,593305.0,16917.0,593305.0,C.J. Uzomah,cj uzomah,5,6,51.0,0,0.0,0.0,30.0,26.0,3.0,1.386169,0,1.7,0.16666667,0.09771987,0.3184039,C.J. Uzomah,CIN,3.975,4.46681017282922,5.530000000000001,10.88154269972452,83.33333333333334,51.0,0.0,4.429999999999998,3.94751278270258,0.4824872172974177,00-0032134,Christopher,Uzomah,C.Uzomah,REG,CIN,NYJ,C.J. Uzomah,UzomC.00,0.0,1.0,0.167,102.1
2019,REG,13,00-0027981,K.Rudolph,TE,TE,MIN,10312,1059e9dc-97df-4643-9116-883a0573d8b1,9906.0,6195.0,943.0,kylerudolph/2495438,14054.0,24830.0,7444.0,1633122.0,RudoKy00,kyle-rudolph-1,7246.0,6459.0,,24830.0,469472.0,13275.0,469472.0,Kyle Rudolph,kyle rudolph,4,6,50.0,1,0.0,0.0,70.0,12.0,4.0,3.0520623,0,0.71428573,0.16666667,0.2892562,0.45247933,Kyle Rudolph,MIN,6.09,1.393884811804096,12.901666666666666,29.02076928844568,66.66666666666666,50.0,1.0,3.4525000000000023,2.5519777437176003,0.900522256282402,00-0027981,Kyle,Rudolph,K.Rudolph,REG,MIN,SEA,Kyle Rudolph,RudoKy00,0.0,0.0,0.0,131.9
2019,REG,13,00-0034753,M.Andrews,TE,TE,BAL,13671,0618f387-9b72-4270-8b8f-dec4cccc9e4a,17269.0,47436.0,5012.0,,3116365.0,31056.0,,2131121.0,AndrMa00,mark-andrews-1,12559.0,13182.0,366.0,31056.0,820699.0,19803.0,820699.0,Mark Andrews,mark andrews,3,6,50.0,1,0.0,0.0,91.0,4.0,3.0,0.5511441,0,0.5494506,0.26086956,0.46192893,0.7146546,Mark Andrews,BAL,6.625,1.5020193474391539,14.088333333333331,44.372703412073484,50.0,50.0,1.0,2.176666666666667,0.7080145205005314,1.4686521461661357,00-0034753,Mark,Andrews,M.Andrews,REG,BAL,SF,Mark Andrews,AndrMa00,0.0,0.0,0.0,118.1
2019,REG,13,00-0033387,J.Hollister,TE,TE,SEA,13391,ad2a1d03-020b-487a-bd5f-7ca9fbc250fe,16527.0,12051.0,4421.0,,3125404.0,30661.0,,2818962.0,HollJa03,,12271.0,12491.0,,30661.0,696882.0,19281.0,696882.0,Jacob Hollister,jacob hollister,6,8,44.0,0,0.0,0.0,53.0,12.0,1.0,-6.206151,0,0.8301887,0.2580645,0.2145749,0.5372992,Jacob Hollister,SEA,7.46875,2.4426328792465726,6.327499999999999,20.15127388535031,75.0,44.0,0.0,2.098333333333336,2.5632307857186256,-0.4648974523852898,00-0033387,Jacob,Hollister,J.Hollister,REG,SEA,MIN,Jacob Hollister,HollJa03,0.0,0.0,0.0,47.9
2019,REG,13,00-0022127,J.Witten,TE,TE,DAL,6997,e38c9b1b-7c51-48a2-ac1d-a752502e8930,9275.0,1384.0,23.0,jasonwitten/2505629,4527.0,6405.0,,396134.0,WittJa00,jason-witten-1,3086.0,1990.0,,6405.0,184571.0,722.0,,Jason Witten,jason witten,6,8,42.0,1,0.0,0.0,49.0,13.0,3.0,2.166306,1,0.85714287,0.1632653,0.13725491,0.3409764,Jason Witten,DAL,7.146666666666666,3.833945072619736,6.445,13.135636400692954,75.0,42.0,1.0,1.9766666666666668,2.428340273262014,-0.45167360659534705,00-0022127,Christopher,Witten,J.Witten,REG,DAL,BUF,Jason Witten,WittJa00,0.0,1.0,0.125,126.0
2019,REG,13,00-0034788,J.Graham,TE,TE,ATL,14464,97e65d1d-c738-4812-840e-030f0242bc29,18135.0,31849.0,5754.0,,3118954.0,31749.0,,2930527.0,,,13356.0,,,31749.0,832316.0,20662.0,832316.0,Jaeden Graham,jaeden graham,4,4,41.0,1,0.0,0.0,34.0,7.0,2.0,1.9389759,0,1.2058823,0.08510638,0.10240964,0.19934632,,,,,,,,,,,,,,,,,,,,,,,,,
2019,REG,13,00-0033528,J.Sprinkle,TE,TE,WAS,13194,2dcc8e56-ac32-4774-a011-b1e65ca73786,16461.0,11909.0,4221.0,,2980073.0,30267.0,,1999945.0,SpriJe00,jeremy-sprinkle-1,11899.0,12368.0,,30267.0,693833.0,19067.0,693833.0,Jeremy Sprinkle,jeremy sprinkle,2,4,36.0,0,0.0,0.0,55.0,9.0,2.0,2.6627195,0,0.6545454,0.16666667,0.26442307,0.43509614,,,,,,,,,,,,,,,,,REG,WAS,CAR,Jeremy Sprinkle,SpriJe00,0.0,1.0,0.25,81.2
2019,REG,13,00-0032319,R.Travis,TE,TE,IND,12898,75dfd9cc-5419-49e1-bade-0632d03ca4b4,14613.0,10320.0,3041.0,,3936647.0,29208.0,,2195596.0,,,10837.0,11245.0,,29208.0,602069.0,17750.0,602069.0,Ross Travis,ross travis,2,3,31.0,0,1.0,1.0,16.0,16.0,0.0,-3.5431209,0,1.9375,0.08108108,0.054421768,0.15971686,,,,,,,,,,,,,,,,,,,,,,,,,
2019,REG,13,00-0030108,R.Griffin,TE,TE,NYJ,11399,cb1df42c-b59c-4e23-a9a2-fbfc2b39ef71,11830.0,7982.0,1425.0,ryangriffin/2541316,15887.0,26824.0,,2057695.0,GrifRy00,ryan-griffin-1,8911.0,8600.0,,26824.0,465129.0,14985.0,465129.0,Ryan Griffin,ryan griffin,5,7,30.0,0,0.0,0.0,43.0,9.0,0.0,0.1400797,0,0.6976744,0.15555556,0.09862386,0.30237004,Ryan Griffin,NYJ,6.0024999999999995,3.3423446924242635,6.245714285714285,10.316673745811503,71.42857142857143,30.0,0.0,2.160000000000001,3.8608863270536404,-1.7008863270536394,00-0030108,Ryan,Griffin,R.Griffin,REG,NYJ,CIN,Ryan Griffin,GrifRy00,0.0,1.0,0.143,79.5
2019,REG,13,00-0028112,C.Clay,TE,TE,ARI,10409,04ca4fb9-194e-47fe-8fc8-adb5790a8e78,10003.0,6326.0,801.0,charlesclay/2495139,14145.0,24961.0,,1265552.0,ClayCh00,charles-clay-1,7424.0,6681.0,,24961.0,400516.0,12751.0,,Charles Clay,charles clay,2,2,29.0,0,0.0,0.0,11.0,18.0,1.0,0.9415351,0,2.6363637,0.060606062,0.06790123,0.13843995,,,,,,,,,,,,,,,,,REG,ARI,LA,Charles Clay,ClayCh00,1.0,0.0,0.0,118.7
2019,REG,13,00-0035039,S.Carlson,TE,TE,CLE,14488,013477a2-0271-4441-a0af-9bc25924a2f6,18757.0,94365.0,6451.0,,3948283.0,32273.0,,3116783.0,CarlSt00,,14131.0,,,32273.0,881697.0,21278.0,881697.0,Stephen Carlson,stephen carlson,2,2,28.0,0,0.0,0.0,15.0,13.0,1.0,2.0636892,0,1.8666667,0.060606062,0.04054054,0.11928747,,,,,,,,,,,,,,,,,REG,CLE,PIT,Stephen Carlson,CarlSt00,1.0,0.0,0.0,118.7
2019,REG,13,00-0030061,Z.Ertz,TE,TE,PHI,11247,de3421f7-2147-4835-89a5-724e87bad463,11689.0,7816.0,1339.0,zachertz/2540158,15835.0,26658.0,,1685963.0,ErtzZa00,zach-ertz-1,8781.0,8409.0,305.0,26658.0,503177.0,14856.0,503177.0,Zach Ertz,zach ertz,3,6,24.0,0,0.0,0.0,53.0,17.0,1.0,-0.6134775,0,0.4528302,0.13333334,0.11597374,0.28118163,Zach Ertz,PHI,5.138,3.87520869777668,8.681666666666665,10.38973990745173,50.0,24.0,0.0,6.0466666666666695,5.73407006452491,0.31259660214175966,00-0030061,Zachary,Ertz,Z.Ertz,REG,PHI,MIA,Zach Ertz,ErtzZa00,0.0,1.0,0.167,60.4
2019,REG,13,00-0031744,M.LaCosse,TE,TE,NE,12596,25e58aee-1b33-4468-9a81-6586426b91d5,14288.0,9840.0,2944.0,mattlacosse/2553667,2576179.0,28875.0,,2174931.0,,,10727.0,10980.0,,28875.0,606055.0,17415.0,606055.0,Matt LaCosse,matt lacosse,1,2,24.0,0,0.0,0.0,17.0,8.0,1.0,2.0055952,0,1.4117647,0.044444446,0.035196688,0.09130435,,,,,,,,,,,,,,,,,,,,,,,,,
2019,REG,13,00-0034365,I.Thomas,TE,TE,CAR,13678,ed8a8fd2-df67-45e7-a34f-984afb82f6ea,17387.0,42130.0,4995.0,,4045305.0,31071.0,,2253359.0,ThomIa00,ian-thomas-3,12858.0,13163.0,323.0,31071.0,943093.0,19910.0,943093.0,Ian Thomas,ian thomas,4,4,24.0,0,0.0,0.0,17.0,7.0,1.0,1.3639846,0,1.4117647,0.093023255,0.03926097,0.16701756,,,,,,,,,,,,,,,,,REG,CAR,WAS,Ian Thomas,ThomIa00,0.0,0.0,0.0,91.7
2019,REG,13,00-0022943,B.Watson,TE,TE,NE,7422,d81844de-54c3-42ee-9850-072dc4131b6f,9040.0,1753.0,663.0,benjaminwatson/2506122,5557.0,6791.0,,493107.0,WatsBe00,benjamin-watson-1,3872.0,48.0,,6791.0,246082.0,11756.0,,Ben Watson,ben watson,1,1,23.0,0,0.0,0.0,7.0,16.0,1.0,3.2889416,0,3.2857144,0.022222223,0.014492754,0.04347826,,,,,,,,,,,,,,,,,REG,NE,HOU,Ben Watson,WatsBe00,1.0,0.0,0.0,118.7
2019,REG,13,00-0029738,D.Fells,TE,TE,HOU,11337,54d4e35a-2e6c-48f6-86ad-92dd596c173c,13636.0,8549.0,1592.0,darrenfells/2540928,15773.0,26612.0,,2053740.0,FellDa01,,9758.0,8472.0,,26612.0,266414.0,15247.0,266414.0,Darren Fells,darren fells,2,3,23.0,1,0.0,0.0,16.0,14.0,2.0,1.6063961,0,1.4375,0.115384616,0.082051285,0.23051283,,,,,,,,,,,,,,,,,REG,HOU,NE,Darren Fells,FellDa01,0.0,0.0,0.0,129.2
2019,REG,13,00-0030155,D.Harris,TE,TE,CLE,11448,8506c15c-15cc-4d2c-aebf-270c605fe0ec,11881.0,8524.0,1619.0,demetriusharris/2541187,16318.0,27174.0,,2060074.0,HarrDe03,,9847.0,8683.0,,27174.0,602269.0,15305.0,602269.0,Demetrius Harris,demetrius harris,1,4,23.0,0,0.0,0.0,44.0,6.0,1.0,-0.5257146,0,0.52272725,0.121212125,0.11891892,0.26506144,,,,,,,,,,,,,,,,,REG,CLE,PIT,Demetrius Harris,HarrDe03,0.0,1.0,0.25,51.0
2019,REG,13,00-0025418,G.Olsen,TE,TE,CAR,8687,587d0a98-7ec5-45a5-adba-8af26e8f256b,9238.0,3647.0,58.0,gregolsen/2495700,10475.0,8285.0,,502524.0,OlseGr00,greg-olsen-1,5206.0,4190.0,,8285.0,230925.0,1658.0,,Greg Olsen,greg olsen,3,3,22.0,0,0.0,0.0,12.0,10.0,1.0,3.760245,0,1.8333334,0.069767445,0.027713627,0.1240507,,,,,,,,,,,,,,,,,REG,CAR,WAS,Greg Olsen,OlseGr00,0.0,0.0,0.0,97.2
2019,REG,13,00-0033455,A.Firkser,TE,TE,TEN,13919,b0719e3d-199b-46e5-a2b4-1091f6fd5c0d,16787.0,51837.0,4435.0,,3049698.0,30571.0,,2818971.0,FirkAn00,,12235.0,12691.0,,30571.0,767297.0,19296.0,767297.0,Anthony Firkser,anthony firkser,3,4,22.0,0,0.0,0.0,18.0,9.0,2.0,0.77779835,0,1.2222222,0.1904762,0.1125,0.36446428,,,,,,,,,,,,,,,,,REG,TEN,IND,Anthony Firkser,FirkAn00,0.0,1.0,0.25,87.5
2019,REG,13,00-0030470,V.McDonald,TE,TE,PIT,11257,8f24a248-b328-43ec-8677-67600e42a8f7,11699.0,7836.0,1587.0,vancemcdonald/2540215,15853.0,26678.0,,1673357.0,McDoVa00,vance-mcdonald-1,8785.0,8413.0,,26678.0,494969.0,15239.0,,Vance McDonald,vance mcdonald,3,3,21.0,0,0.0,0.0,6.0,15.0,1.0,-0.012633574,0,3.5,0.16666667,0.02764977,0.26935485,,,,,,,,,,,,,,,,,REG,PIT,CLE,Vance McDonald,McDoVa00,0.0,0.0,0.0,95.8
2019,REG,13,00-0034830,H.Hurst,TE,TE,BAL,13680,1b125fc4-5dd9-4eb9-a42f-048e61ca42b7,17283.0,47294.0,4973.0,,3924365.0,30995.0,,2185053.0,HursHa00,hayden-hurst-1,12467.0,13098.0,8.0,30995.0,881956.0,19843.0,881956.0,Hayden Hurst,hayden hurst,3,4,21.0,0,0.0,0.0,25.0,9.0,1.0,1.9208605,0,0.84,0.17391305,0.12690355,0.34970206,,,,,,,,,,,,,,,,,REG,BAL,SF,Hayden Hurst,HursHa00,0.0,0.0,0.0,86.5
2019,REG,13,00-0034364,J.Akins,TE,TE,HOU,13753,0cb5a32a-a340-4671-ba2a-93f5fa6aee8d,17415.0,47050.0,5032.0,,3128452.0,31068.0,,2142712.0,AkinJo00,jordan-akins-1,12568.0,13238.0,,31068.0,838396.0,19903.0,838396.0,Jordan Akins,jordan akins,1,1,19.0,0,0.0,0.0,1.0,18.0,1.0,1.6719956,0,19.0,0.03846154,0.0051282053,0.06128205,,,,,,,,,,,,,,,,,REG,HOU,NE,Jordan Akins,AkinJo00,1.0,0.0,0.0,118.7
2019,REG,13,00-0035229,T.Hockenson,TE,TE,DET,14138,bd1120b6-38b3-4225-a4b0-20660a149d0d,18290.0,40912.0,5844.0,,4036133.0,31840.0,,2251097.0,HockTJ00,tj-hockenson-1,13610.0,14051.0,247.0,31840.0,923915.0,20805.0,923915.0,T.J. Hockenson,tj hockenson,6,11,18.0,0,0.0,0.0,68.0,10.0,2.0,-3.6618161,0,0.2647059,0.30555555,0.20543806,0.60214,T.J. Hockenson,DET,4.758,1.6811593477930806,5.95,20.383693045563543,54.54545454545454,18.0,0.0,1.9116666666666664,1.5658441939405539,0.34582247272611255,00-0035229,Thomas,Hockenson,T.Hockenson,REG,DET,CHI,T.J. Hockenson,HockTJ00,2.0,0.0,0.0,60.0
2019,REG,13,00-0035562,J.Horsted,TE,TE,CHI,14752,48c56733-6644-42ee-9020-07bd2deba1ad,18482.0,91465.0,6075.0,,3940587.0,32576.0,,3117107.0,,,13639.0,,,32576.0,0.0,20812.0,881708.0,Jesper Horsted,jesper horsted,1,1,18.0,1,0.0,0.0,18.0,0.0,1.0,2.0954888,0,1.0,0.02631579,0.053731345,0.07708562,,,,,,,,,,,,,,,,,,,,,,,,,
2019,REG,13,00-0033288,G.Kittle,TE,TE,SF,13299,2ada91b0-036e-454f-83c3-6d939ff584a9,16499.0,11901.0,4217.0,,3040151.0,30259.0,,2818265.0,KittGe00,george-kittle-1,11892.0,12276.0,298.0,30259.0,733672.0,19063.0,733672.0,George Kittle,george kittle,2,4,17.0,0,0.0,0.0,24.0,0.0,1.0,-2.9048328,0,0.7083333,0.1904762,0.15189873,0.3920434,,,,,,,,,,,,,,,,,REG,SF,BAL,George Kittle,KittGe00,0.0,0.0,0.0,61.5
2019,REG,13,00-0035689,D.Knox,TE,TE,BUF,14143,5fb525c5-4e70-4ede-8c49-94ad0cf66b7d,18631.0,35883.0,5906.0,,3930086.0,31928.0,,2186345.0,KnoxDa00,dawson-knox-1,13466.0,13953.0,88.0,31928.0,884083.0,20850.0,884083.0,Dawson Knox,dawson knox,3,4,17.0,0,0.0,0.0,32.0,8.0,0.0,-0.99314874,0,0.53125,0.16,0.14096916,0.33867842,,,,,,,,,,,,,,,,,REG,BUF,DAL,Dawson Knox,KnoxDa00,0.0,0.0,0.0,82.3
2019,REG,13,00-0027696,J.Graham,TE,TE,GB,9925,fd85786d-3900-4dc0-9b30-334ee30413ed,9712.0,5619.0,616.0,jimmygraham/497236,13232.0,24070.0,6610.0,1691166.0,GrahJi00,jimmy-graham-1,6532.0,5842.0,,24070.0,295918.0,11488.0,295918.0,Jimmy Graham,jimmy graham,1,1,16.0,0,0.0,0.0,14.0,2.0,1.0,2.11827,0,1.1428572,0.030303031,0.052238807,0.08202171,,,,,,,,,,,,,,,,,REG,GB,NYG,Jimmy Graham,GrahJi00,0.0,0.0,0.0,118.7
2019,REG,13,00-0032227,J.Heuerman,TE,TE,DEN,12208,1fe3aadd-336b-4838-888e-8c9609747afc,13961.0,9525.0,2397.0,jeffheuerman/2552399,2576389.0,28480.0,,1824413.0,HeueJe00,jeff-heuerman-1,10246.0,10492.0,,28480.0,593517.0,16853.0,,Jeff Heuerman,jeff heuerman,3,5,15.0,0,0.0,0.0,31.0,2.0,3.0,1.94788,0,0.48387095,0.1923077,0.17919075,0.41389507,Jeff Heuerman,DEN,3.145,1.5504042597471295,6.022000000000003,16.01851359259457,60.0,15.0,0.0,0.9199999999999969,1.3377975086614906,-0.4177975086614937,00-0032227,Jeff,Heuerman,J.Heuerman,REG,DEN,LAC,Jeff Heuerman,HeueJe00,0.0,0.0,0.0,64.6
2019,REG,13,00-0034981,F.Moreau,TE,TE,LV,14239,9c3a67fd-5c6e-4689-9e08-9ff6d4db6c9a,18397.0,47043.0,5985.0,,3843945.0,31969.0,,2180634.0,MoreFo00,foster-moreau-1,13822.0,14154.0,179.0,31969.0,865573.0,20884.0,865573.0,Foster Moreau,foster moreau,1,1,15.0,0,0.0,0.0,0.0,15.0,1.0,0.9801302,0,0.0,0.037037037,0.0,0.055555556,,,,,,,,,,,,,,,,,REG,OAK,KC,Foster Moreau,MoreFo00,1.0,0.0,0.0,118.7
2019,REG,13,00-0034798,D.Smythe,TE,TE,MIA,13676,7e42a22a-c47b-4387-aeeb-2cc2e76dc1d8,17508.0,47257.0,5008.0,,3052897.0,31093.0,,2082845.0,SmytDu00,durham-smythe-1,12807.0,13249.0,,31093.0,749968.0,19943.0,749968.0,Durham Smythe,durham smythe,2,3,13.0,0,0.0,0.0,14.0,5.0,0.0,-0.21476305,0,0.9285714,0.07692308,0.039772727,0.14322552,,,,,,,,,,,,,,,,,REG,MIA,PHI,Durham Smythe,SmytDu00,0.0,0.0,0.0,75.7
2019,REG,13,00-0030549,T.Eifert,TE,TE,CIN,11250,14ecf9dd-3a77-4847-8e62-407cd1182f1c,11692.0,7802.0,1388.0,tylereifert/2540148,15788.0,26644.0,,1691608.0,EifeTy00,tyler-eifert-1,8782.0,8408.0,,26644.0,508968.0,14918.0,,Tyler Eifert,tyler eifert,1,2,12.0,0,0.0,0.0,15.0,2.0,1.0,1.4544953,0,0.8,0.055555556,0.048859935,0.117535286,,,,,,,,,,,,,,,,,REG,CIN,NYJ,Tyler Eifert,EifeTy00,0.0,1.0,0.5,68.7
2019,REG,13,00-0029119,D.Carrier,TE,TE,LV,10940,d3fab07b-f02a-433d-9612-cb0a751f324d,11417.0,7406.0,1718.0,derekcarrier/2534241,15403.0,26416.0,,1977121.0,CarrDe00,,9203.0,7527.0,,26416.0,654887.0,15640.0,654887.0,Derek Carrier,derek carrier,2,2,10.0,1,0.0,0.0,4.0,6.0,2.0,2.468828,0,2.5,0.074074075,0.02631579,0.12953216,,,,,,,,,,,,,,,,,REG,OAK,KC,Derek Carrier,CarrDe00,0.0,0.0,0.0,127.1
2019,REG,13,00-0033090,H.Henry,TE,TE,LAC,12676,705899da-3c20-4bc3-b5d0-2e6e40655131,15561.0,10669.0,3214.0,,3046439.0,29269.0,,2079848.0,HenrHu00,hunter-henry-1,10735.0,11299.0,212.0,29269.0,744425.0,17975.0,744425.0,Hunter Henry,hunter henry,2,3,10.0,0,0.0,0.0,11.0,2.0,0.0,-0.96387,0,0.90909094,0.11111111,0.053658538,0.20422764,,,,,,,,,,,,,,,,,REG,LAC,DEN,Hunter Henry,HenrHu00,0.0,0.0,0.0,71.5
2019,REG,13,00-0032098,D.Brown,TE,TE,NYJ,12585,1b016b52-62ba-4da9-9ead-6bad689f8d33,14470.0,10144.0,2751.0,,2519013.0,29102.0,,2175305.0,BrowDa04,,10713.0,11092.0,,29102.0,561380.0,17219.0,561380.0,Daniel Brown,daniel brown,1,1,9.0,0,0.0,0.0,0.0,9.0,1.0,1.0931538,0,0.0,0.022222223,0.0,0.033333335,,,,,,,,,,,,,,,,,REG,NYJ,CIN,Daniel Brown,BrowDa04,0.0,0.0,0.0,104.2
2019,REG,13,00-0033658,B.Jarwin,TE,TE,DAL,13722,43e8a6ac-d451-4dbd-b145-797764f91494,16638.0,12320.0,4571.0,,2991767.0,30784.0,,2819999.0,JarwBl00,,12179.0,12507.0,,30784.0,711965.0,19457.0,711965.0,Blake Jarwin,blake jarwin,2,3,9.0,0,0.0,0.0,12.0,0.0,1.0,-0.9152768,0,0.75,0.06122449,0.033613447,0.115366146,,,,,,,,,,,,,,,,,REG,DAL,BUF,Blake Jarwin,JarwBl00,0.0,0.0,0.0,70.1
2019,REG,13,00-0034270,T.Conklin,TE,TE,MIN,13675,f0d17dfa-ebf3-416c-a8d2-c6bc30675103,17598.0,47327.0,5133.0,,3915486.0,31220.0,,2165249.0,ConkTy00,tyler-conklin-1,12809.0,13220.0,489.0,31127.0,861278.0,19988.0,861278.0,Tyler Conklin,tyler conklin,2,2,8.0,0,0.0,0.0,7.0,1.0,0.0,0.009141257,0,1.1428572,0.055555556,0.02892562,0.103581265,,,,,,,,,,,,,,,,,REG,MIN,SEA,Tyler Conklin,ConkTy00,0.0,0.0,0.0,83.3
2019,REG,13,00-0032394,N.Vannett,TE,TE,PIT,12680,c731aa8a-778b-4ccd-a19f-517eb66f47b7,15645.0,10728.0,3258.0,,2576399.0,29328.0,,1871322.0,VannNi00,nick-vannett-1,10949.0,11329.0,,29328.0,606488.0,18019.0,606488.0,Nick Vannett,nick vannett,1,1,7.0,0,0.0,0.0,1.0,6.0,1.0,0.66574097,0,7.0,0.055555556,0.004608295,0.08655914,,,,,,,,,,,,,,,,,REG,PIT,CLE,Nick Vannett,VannNi00,0.0,0.0,0.0,95.8
2019,REG,13,00-0032117,N.O'Leary,TE,TE,JAX,12207,c257b2e6-dfc9-45c8-b30c-a497f2ce82a2,13957.0,9627.0,2495.0,,2576804.0,28582.0,,1860760.0,OLeaNi00,nick-oleary-1,10250.0,10568.0,,28582.0,605423.0,16954.0,,Nick O'Leary,nick oleary,1,4,6.0,0,0.0,0.0,11.0,4.0,0.0,-3.2541761,0,0.54545456,0.10526316,0.05392157,0.19563983,,,,,,,,,,,,,,,,,REG,JAX,TB,Nick O'Leary,OLeaNi00,0.0,0.0,0.0,39.6
2019,REG,13,00-0034970,I.Smith,TE,TE,MIN,14141,ed0e6a30-83d5-4f4b-bf49-f7ff80e21304,18610.0,42060.0,6126.0,,4040980.0,31882.0,,2257888.0,SmitIr01,irv-smith-jr-1,13583.0,14052.0,,31882.0,944428.0,20949.0,944428.0,Irv Smith,irv smith,1,3,6.0,0,0.0,0.0,9.0,5.0,0.0,-2.7919939,0,0.6666667,0.083333336,0.037190083,0.15103306,,,,,,,,,,,,,,,,,REG,MIN,SEA,Irv Smith Jr.,SmitIr01,0.0,0.0,0.0,42.4
2019,REG,13,00-0031273,C.Brate,TE,TE,TB,12110,5afe93fd-0caf-4cca-83fc-7f405bebfa3e,13470.0,9207.0,2214.0,,17453.0,28267.0,,2132787.0,BratCa00,,10008.0,10193.0,,28267.0,552926.0,16593.0,552926.0,Cameron Brate,cameron brate,1,1,5.0,0,0.0,0.0,5.0,0.0,1.0,0.8612127,0,1.0,0.030303031,0.014836796,0.055840302,,,,,,,,,,,,,,,,,REG,TB,JAX,Cameron Brate,BratCa00,0.0,0.0,0.0,87.5
2019,REG,13,00-0035644,N.Fant,TE,TE,DEN,14137,cdc98acc-9eb6-4b44-81bb-61d7b8a3b55f,17527.0,42388.0,5857.0,,4036131.0,31852.0,,2251095.0,FantNo00,noah-fant-1,13426.0,14050.0,243.0,31852.0,923911.0,20753.0,923911.0,Noah Fant,noah fant,1,3,5.0,0,0.0,0.0,38.0,0.0,0.0,-2.6397328,0,0.13157895,0.115384616,0.21965317,0.32683414,,,,,,,,,,,,,,,,,REG,DEN,LAC,Noah Fant,FantNo00,0.0,0.0,0.0,42.4
2019,REG,13,00-0031598,N.Boyle,TE,TE,BAL,12328,9480dd9f-151f-4e6d-b5a3-35f07bda4cac,13963.0,9604.0,2474.0,,2574591.0,28559.0,,1888149.0,BoylNi00,,10252.0,10547.0,,28559.0,608753.0,16931.0,608753.0,Nick Boyle,nick boyle,1,2,4.0,0,0.0,0.0,6.0,0.0,0.0,1.3580891,0,0.6666667,0.08695652,0.030456852,0.15175457,,,,,,,,,,,,,,,,,REG,BAL,SF,Nick Boyle,BoylNi00,0.0,0.0,0.0,56.2
2019,REG,13,00-0030216,J.Hill,TE,TE,NO,11529,687cdc33-bd0d-4b70-adb3-33f97dc26a3c,13565.0,8200.0,1777.0,joshhill/2541834,16143.0,26950.0,,2060083.0,HillJo02,,9071.0,8764.0,,26950.0,469509.0,15866.0,,Josh Hill,josh hill,1,2,2.0,0,0.0,0.0,6.0,0.0,0.0,-1.5081432,0,0.33333334,0.06896552,0.035714287,0.12844828,,,,,,,,,,,,,,,,,REG,NO,ATL,Josh Hill,HillJo02,0.0,0.0,0.0,56.2
2019,REG,13,00-0024243,M.Lewis,TE,TE,GB,8269,9c21e9af-681c-41ef-9b00-fbc9e1668ed1,9413.0,2973.0,111.0,marcedeslewis/2495888,9614.0,7777.0,4007.0,415313.0,LewiMa00,marcedes-lewis-1,4891.0,3615.0,,7777.0,214197.0,3061.0,214197.0,Marcedes Lewis,marcedes lewis,1,2,1.0,1,0.0,0.0,6.0,0.0,1.0,0.52128184,0,0.16666667,0.060606062,0.02238806,0.106580734,,,,,,,,,,,,,,,,,REG,GB,NYG,Marcedes Lewis,LewiMa00,0.0,0.0,0.0,95.8
2019,REG,13,00-0028142,V.Green,TE,TE,LAC,10432,6ef43c53-53d7-4b0f-ad99-17664d663ae8,10026.0,6356.0,868.0,virgilgreen/2495288,14085.0,24991.0,7502.0,1130615.0,GreeVi00,virgil-green-1,7416.0,6570.0,,24991.0,323254.0,13016.0,,Virgil Green,virgil green,0,1,0.0,0,0.0,0.0,-5.0,0.0,0.0,-0.72117615,0,0.0,0.037037037,-0.024390243,0.038482387,,,,,,,,,,,,,,,,,REG,LAC,DEN,Virgil Green,GreeVi00,0.0,0.0,0.0,39.6
2019,REG,13,00-0032062,B.Bell,TE,TE,KC,12213,0cc4e449-185a-4b08-9f07-c907ad0c3e05,13966.0,9550.0,2422.0,,2514206.0,28505.0,,1737101.0,BellBl00,blake-bell-1,10248.0,10366.0,,28505.0,542871.0,16878.0,542871.0,Blake Bell,blake bell,0,1,0.0,0,0.0,0.0,0.0,0.0,0.0,-0.49707666,0,,0.037037037,0.0,0.055555556,,,,,,,,,,,,,,,,,REG,KC,OAK,Blake Bell,BellBl00,0.0,0.0,0.0,39.6
2019,REG,13,00-0032256,C.Walford,TE,TE,MIA,12210,2e56cca7-b898-4aac-bbc5-b5bda9163be1,13956.0,9501.0,2373.0,clivewalford/2552397,2512593.0,28456.0,,1759387.0,WalfCl00,clive-walford-1,10127.0,10471.0,,28456.0,553616.0,16829.0,,Clive Walford,clive walford,0,1,0.0,0,0.0,0.0,18.0,0.0,0.0,-1.3230981,0,0.0,0.025641026,0.051136363,0.074256994,,,,,,,,,,,,,,,,,REG,MIA,PHI,Clive Walford,WalfCl00,0.0,0.0,0.0,39.6
2019,REG,13,00-0033246,J.Mundt,TE,TE,LA,13940,6414998b-5831-44aa-8bd8-39e42a323c2c,16743.0,12206.0,4314.0,,3052096.0,30373.0,,2818622.0,MundJo00,,12316.0,12525.0,,30373.0,740704.0,19165.0,740704.0,Johnny Mundt,johnny mundt,0,1,0.0,0,0.0,0.0,4.0,0.0,0.0,-0.4677742,0,0.0,0.024390243,0.02020202,0.05072678,,,,,,,,,,,,,,,,,REG,LA,ARI,Johnny Mundt,MundJo00,0.0,1.0,1.0,39.6
2019,REG,13,00-0033757,R.Tonyan,TE,TE,GB,13427,7c9c7800-69d0-459b-812b-a07ac48e9f2a,16502.0,12193.0,4602.0,,2975674.0,30777.0,,2820026.0,TonyRo00,,12389.0,12868.0,,30777.0,660151.0,19491.0,660151.0,Robert Tonyan,robert tonyan,0,1,0.0,0,0.0,0.0,0.0,0.0,0.0,-0.8708578,0,,0.030303031,0.0,0.045454547,,,,,,,,,,,,,,,,,REG,GB,NYG,Robert Tonyan,TonyRo00,0.0,0.0,0.0,39.6
2019,REG,13,00-0033858,J.Smith,TE,TE,TEN,13193,e4f25a37-74de-4bfb-b6c9-f50a4fab0b87,16460.0,11855.0,4144.0,,3054212.0,30213.0,,2081506.0,SmitJo01,jonnu-smith-1,11807.0,12344.0,84.0,30213.0,743749.0,18990.0,743749.0,Jonnu Smith,jonnu smith,2,2,0.0,0,0.0,0.0,-2.0,2.0,0.0,-2.3793874,0,0.0,0.0952381,-0.0125,0.13410714,,,,,,,,,,,,,,,,,REG,TEN,IND,Jonnu Smith,SmitJo01,0.0,0.0,0.0,79.2
2019,REG,13,00-0035025,H.Hentges,TE,TE,WAS,14654,fe7dea44-fd21-45e4-a8f0-1436e1108da1,18785.0,47150.0,6439.0,,3925348.0,32295.0,,3116798.0,HentHa00,,14094.0,,,32295.0,884045.0,21344.0,,Hale Hentges,hale hentges,0,1,0.0,0,0.0,0.0,-2.0,0.0,0.0,-0.47304612,0,0.0,0.041666668,-0.009615385,0.05576923,,,,,,,,,,,,,,,,,REG,WAS,CAR,Hale Hentges,HentHa00,0.0,0.0,0.0,39.6
2019,REG,14,00-0033110,T.Higbee,TE,TE,LA,12678,0df7912d-9e81-47ea-b4f7-d04986df4ee8,15623.0,10744.0,3271.0,,2573401.0,29344.0,,1853103.0,HigbTy00,tyler-higbee-1,10854.0,11430.0,159.0,29344.0,604176.0,18032.0,604176.0,Tyler Higbee,tyler higbee,7,11,116.0,0,0.0,0.0,143.0,39.0,4.0,4.88597,0,0.8111888,0.36666667,0.47039473,0.87927634,Tyler Higbee,LAR,5.656999999999999,2.8213477387210997,12.436363636363637,46.80443410428357,63.63636363636363,116.0,0.0,6.347142857142857,6.2951995089406,0.05194334820225688,00-0033110,Tyler,Higbee,T.Higbee,REG,LA,SEA,Tyler Higbee,HigbTy00,0.0,1.0,0.091,99.1
2019,REG,14,00-0035644,N.Fant,TE,TE,DEN,14137,cdc98acc-9eb6-4b44-81bb-61d7b8a3b55f,17527.0,42388.0,5857.0,,4036131.0,31852.0,,2251095.0,FantNo00,noah-fant-1,13426.0,14050.0,243.0,31852.0,923911.0,20753.0,923911.0,Noah Fant,noah fant,4,4,113.0,1,0.0,0.0,29.0,84.0,4.0,11.4970455,0,3.8965516,0.14814815,0.15508021,0.33077836,,,,,,,,,,,,,,,,,REG,DEN,HOU,Noah Fant,FantNo00,1.0,0.0,0.0,158.3
2019,REG,14,00-0030061,Z.Ertz,TE,TE,PHI,11247,de3421f7-2147-4835-89a5-724e87bad463,11689.0,7816.0,1339.0,zachertz/2540158,15835.0,26658.0,,1685963.0,ErtzZa00,zach-ertz-1,8781.0,8409.0,305.0,26658.0,503177.0,14856.0,503177.0,Zach Ertz,zach ertz,9,13,91.0,2,0.0,0.0,117.0,13.0,4.0,4.3285947,0,0.7777778,0.26,0.37261146,0.650828,Zach Ertz,PHI,5.091666666666666,3.0455137358486457,10.085384615384614,39.768866779907796,69.23076923076923,91.0,2.0,1.6333333333333344,4.07355794873883,-2.440224615405495,00-0030061,Zachary,Ertz,Z.Ertz,REG,PHI,NYG,Zach Ertz,ErtzZa00,0.0,0.0,0.0,128.5
2019,REG,14,00-0033879,O.Howard,TE,TE,TB,13188,93ed8c6f-b676-46d3-bf82-6155e89b4a68,16380.0,11774.0,4055.0,,3043080.0,30132.0,,2061190.0,HowaO.00,oj-howard-1,11806.0,12161.0,,30132.0,732147.0,18901.0,732147.0,O.J. Howard,oj howard,4,5,73.0,0,0.0,0.0,70.0,16.0,3.0,3.4138422,0,1.0428572,0.11111111,0.1861702,0.2969858,O.J. Howard,TB,4.34,3.3984237356492115,13.3,16.74388155906939,80.0,73.0,0.0,4.987500000000001,4.580404600487441,0.4070953995125599,00-0033879,O'Terrius,Howard,O.Howard,REG,TB,IND,O.J. Howard,HowaO.00,0.0,0.0,0.0,118.7
2019,REG,14,00-0034830,H.Hurst,TE,TE,BAL,13680,1b125fc4-5dd9-4eb9-a42f-048e61ca42b7,17283.0,47294.0,4973.0,,3924365.0,30995.0,,2185053.0,HursHa00,hayden-hurst-1,12467.0,13098.0,8.0,30995.0,881956.0,19843.0,881956.0,Hayden Hurst,hayden hurst,3,3,73.0,1,0.0,0.0,31.0,42.0,1.0,5.8784795,0,2.3548386,0.13043478,0.20945945,0.3422738,,,,,,,,,,,,,,,,,REG,BAL,BUF,Hayden Hurst,HursHa00,0.0,0.0,0.0,158.3
2019,REG,14,00-0031610,D.Waller,TE,TE,LV,12263,14c97c9f-26e8-4944-9299-f90de6aeada3,14104.0,9637.0,2505.0,,2576925.0,28592.0,,1850793.0,WallDa01,darren-waller-1,10215.0,10433.0,,28592.0,600191.0,16964.0,600191.0,Darren Waller,darren waller,6,6,72.0,0,1.0,1.0,52.0,20.0,5.0,-1.7474655,0,1.3846154,0.2,0.2184874,0.45294118,Darren Waller,LV,5.5825000000000005,3.2609158960721665,8.05,21.186998289248585,100.0,72.0,0.0,3.9383333333333326,3.666683255852907,0.27165007748042536,00-0031610,Darren,Waller,D.Waller,REG,OAK,TEN,Darren Waller,WallDa01,1.0,0.0,0.0,116.7
2019,REG,14,00-0033288,G.Kittle,TE,TE,SF,13299,2ada91b0-036e-454f-83c3-6d939ff584a9,16499.0,11901.0,4217.0,,3040151.0,30259.0,,2818265.0,KittGe00,george-kittle-1,11892.0,12276.0,298.0,30259.0,733672.0,19063.0,733672.0,George Kittle,george kittle,6,8,67.0,1,0.0,0.0,22.0,64.0,3.0,4.6447144,0,3.0454545,0.22857143,0.09606987,0.41010606,George Kittle,SF,5.8625,2.815143158097222,2.8175000000000003,8.8019368947204,75.0,67.0,1.0,10.764999999999999,3.254017467451149,7.51098253254885,00-0033288,George,Kittle,G.Kittle,REG,SF,NO,George Kittle,KittGe00,1.0,1.0,0.125,139.1
2019,REG,14,00-0030506,T.Kelce,TE,TE,KC,11244,c3859e06-5f23-4302-a71b-04820a899d5f,11594.0,7844.0,1466.0,traviskelce/2540258,15847.0,26686.0,,1725130.0,KelcTr00,travis-kelce-1,8783.0,8411.0,264.0,26686.0,448240.0,15048.0,448240.0,Travis Kelce,travis kelce,7,9,66.0,0,1.0,1.0,42.0,37.0,3.0,-1.1170583,0,1.5714285,0.23076923,0.19534884,0.48289803,Travis Kelce,KC,4.445555555555555,4.300637277065888,4.877777777777776,20.08693662777396,77.77777777777779,66.0,0.0,6.682857142857145,5.795144971884578,0.8877121709725673,00-0030506,Travis,Kelce,T.Kelce,REG,KC,NE,Travis Kelce,KelcTr00,0.0,0.0,0.0,97.2
2019,REG,14,00-0027061,J.Cook,TE,TE,NO,9474,3b7a1409-d154-4e5c-8c94-9d4a0e0993c7,9265.0,5012.0,367.0,jaredcook/71265,12537.0,9353.0,6126.0,584314.0,CookJa02,jared-cook-2,5981.0,5165.0,,9353.0,296480.0,8534.0,296480.0,Jared Cook,jared cook,2,2,64.0,2,0.0,0.0,44.0,20.0,2.0,6.8875556,0,1.4545455,0.048780486,0.176,0.19637074,,,,,,,,,,,,,,,,,REG,NO,SF,Jared Cook,CookJa02,0.0,0.0,0.0,158.3
2019,REG,14,00-0034365,I.Thomas,TE,TE,CAR,13678,ed8a8fd2-df67-45e7-a34f-984afb82f6ea,17387.0,42130.0,4995.0,,4045305.0,31071.0,,2253359.0,ThomIa00,ian-thomas-3,12858.0,13163.0,323.0,31071.0,943093.0,19910.0,943093.0,Ian Thomas,ian thomas,5,10,57.0,1,0.0,0.0,108.0,37.0,4.0,-2.2857099,0,0.5277778,0.25,0.29589042,0.5821233,Ian Thomas,CAR,4.184285714285714,3.1108948687648668,9.100999999999999,28.778775613458134,50.0,57.0,1.0,7.284000000000001,5.622668350215099,1.661331649784902,00-0034365,Ian,Thomas,I.Thomas,REG,CAR,ATL,Ian Thomas,ThomIa00,0.0,1.0,0.1,61.2
2019,REG,14,00-0032986,J.Holtz,TE,TE,CHI,14372,8d3ac8d8-e18f-4485-acc6-55c79adcc2a8,16022.0,11062.0,3695.0,,2970262.0,29666.0,,2237671.0,HoltJ.01,,11364.0,11813.0,,29666.0,692334.0,18498.0,692334.0,J.P. Holtz,jp holtz,3,3,56.0,0,0.0,0.0,15.0,41.0,2.0,3.956158,0,3.7333333,0.09677419,0.07537688,0.1979251,,,,,,,,,,,,,,,,,REG,CHI,DAL,J.P. Holtz,HoltJ.01,1.0,0.0,0.0,118.7
2019,REG,14,00-0033658,B.Jarwin,TE,TE,DAL,13722,43e8a6ac-d451-4dbd-b145-797764f91494,16638.0,12320.0,4571.0,,2991767.0,30784.0,,2819999.0,JarwBl00,,12179.0,12507.0,,30784.0,711965.0,19457.0,711965.0,Blake Jarwin,blake jarwin,6,7,50.0,0,0.0,0.0,85.0,2.0,4.0,2.7044241,0,0.5882353,0.1521739,0.18123667,0.35512653,Blake Jarwin,DAL,3.938333333333333,1.525484133300216,11.918571428571427,17.501940464452787,85.71428571428571,50.0,0.0,0.16000000000000014,0.9973875780248136,-0.8373875780248135,00-0033658,Blake,Jarwin,B.Jarwin,REG,DAL,CHI,Blake Jarwin,JarwBl00,0.0,0.0,0.0,96.4
2019,REG,14,00-0027696,J.Graham,TE,TE,GB,9925,fd85786d-3900-4dc0-9b30-334ee30413ed,9712.0,5619.0,616.0,jimmygraham/497236,13232.0,24070.0,6610.0,1691166.0,GrahJi00,jimmy-graham-1,6532.0,5842.0,,24070.0,295918.0,11488.0,295918.0,Jimmy Graham,jimmy graham,3,5,49.0,0,0.0,0.0,75.0,20.0,2.0,0.39606354,0,0.6533333,0.18518518,0.35545024,0.52659297,Jimmy Graham,GB,5.795,4.597478208223717,14.756000000000004,34.249373317240746,60.0,49.0,0.0,6.966666666666664,7.675244149242644,-0.7085774825759801,00-0027696,Jimmy,Graham,J.Graham,REG,GB,WAS,Jimmy Graham,GrahJi00,1.0,0.0,0.0,92.9
2019,REG,14,00-0030549,T.Eifert,TE,TE,CIN,11250,14ecf9dd-3a77-4847-8e62-407cd1182f1c,11692.0,7802.0,1388.0,tylereifert/2540148,15788.0,26644.0,,1691608.0,EifeTy00,tyler-eifert-1,8782.0,8408.0,,26644.0,508968.0,14918.0,,Tyler Eifert,tyler eifert,4,4,49.0,0,0.0,0.0,25.0,24.0,1.0,1.4372399,0,1.96,0.11764706,0.084745765,0.23579262,,,,,,,,,,,,,,,,,REG,CIN,CLE,Tyler Eifert,EifeTy00,0.0,0.0,0.0,117.7
2019,REG,14,00-0034364,J.Akins,TE,TE,HOU,13753,0cb5a32a-a340-4671-ba2a-93f5fa6aee8d,17415.0,47050.0,5032.0,,3128452.0,31068.0,,2142712.0,AkinJo00,jordan-akins-1,12568.0,13238.0,,31068.0,838396.0,19903.0,838396.0,Jordan Akins,jordan akins,4,9,49.0,0,0.0,0.0,118.0,34.0,4.0,-2.9223728,0,0.41525424,0.19148937,0.3033419,0.49957338,Jordan Akins,HOU,6.22,2.8934319981165135,13.21888888888889,29.897969441093693,44.44444444444444,49.0,0.0,9.0125,5.721432926994453,3.2910670730055465,00-0034364,Jordan,Akins,J.Akins,REG,HOU,DEN,Jordan Akins,AkinJo00,1.0,0.0,0.0,22.2
2019,REG,14,00-0031585,M.Pruitt,TE,TE,TEN,12309,f22b34cf-6ecf-4522-9c77-1da275dfda7d,13964.0,9576.0,2446.0,,2508256.0,28531.0,,1760327.0,PruiMy00,,10251.0,10522.0,,28531.0,552586.0,16903.0,552586.0,MyCole Pruitt,mycole pruitt,1,1,42.0,0,0.0,0.0,17.0,25.0,1.0,2.3866632,0,2.4705882,0.037037037,0.05782313,0.09603175,,,,,,,,,,,,,,,,,REG,TEN,OAK,MyCole Pruitt,PruiMy00,0.0,0.0,0.0,118.7
2019,REG,14,00-0034351,D.Goedert,TE,TE,PHI,13674,e8029983-87cf-49a2-bc04-04c8233a0630,17270.0,47272.0,5022.0,,3121023.0,31019.0,,2132551.0,GoedDa00,,12860.0,13151.0,382.0,31019.0,791365.0,19863.0,791365.0,Dallas Goedert,dallas goedert,3,6,41.0,0,0.0,0.0,28.0,12.0,1.0,1.087263,0,1.4642857,0.12,0.089171976,0.24242038,Dallas Goedert,PHI,6.0775,3.4049712474727385,5.239999999999999,9.536520262072315,50.0,41.0,0.0,5.3066666666666675,4.173548564407308,1.1331181022593597,00-0034351,Dallas,Goedert,D.Goedert,REG,PHI,NYG,Dallas Goedert,GoedDa00,1.0,1.0,0.167,72.2
2019,REG,14,00-0033090,H.Henry,TE,TE,LAC,12676,705899da-3c20-4bc3-b5d0-2e6e40655131,15561.0,10669.0,3214.0,,3046439.0,29269.0,,2079848.0,HenrHu00,hunter-henry-1,10735.0,11299.0,212.0,29269.0,744425.0,17975.0,744425.0,Hunter Henry,hunter henry,2,4,39.0,1,0.0,0.0,73.0,13.0,1.0,4.019825,0,0.53424656,0.15384616,0.28968254,0.43354702,,,,,,,,,,,,,,,,,REG,LAC,JAX,Hunter Henry,HenrHu00,0.0,1.0,0.25,124.0
2019,REG,14,00-0033455,A.Firkser,TE,TE,TEN,13919,b0719e3d-199b-46e5-a2b4-1091f6fd5c0d,16787.0,51837.0,4435.0,,3049698.0,30571.0,,2818971.0,FirkAn00,,12235.0,12691.0,,30571.0,767297.0,19296.0,767297.0,Anthony Firkser,anthony firkser,1,1,39.0,0,0.0,0.0,30.0,9.0,1.0,1.8760641,0,1.3,0.037037037,0.10204082,0.12698413,,,,,,,,,,,,,,,,,REG,TEN,OAK,Anthony Firkser,FirkAn00,0.0,0.0,0.0,118.7
2019,REG,14,00-0022127,J.Witten,TE,TE,DAL,6997,e38c9b1b-7c51-48a2-ac1d-a752502e8930,9275.0,1384.0,23.0,jasonwitten/2505629,4527.0,6405.0,,396134.0,WittJa00,jason-witten-1,3086.0,1990.0,,6405.0,184571.0,722.0,,Jason Witten,jason witten,5,7,37.0,0,0.0,0.0,37.0,7.0,2.0,-0.1516184,0,1.0,0.1521739,0.078891255,0.28348476,Jason Witten,DAL,2.6700000000000004,2.702658020201286,5.355714285714287,7.864649982168706,71.42857142857143,37.0,0.0,1.7319999999999987,2.1613010757290794,-0.4293010757290807,00-0022127,Christopher,Witten,J.Witten,REG,DAL,CHI,Jason Witten,WittJa00,0.0,0.0,0.0,83.6
2019,REG,14,00-0032599,J.Perkins,TE,TE,PHI,12685,9c18801d-bdaa-4036-9663-24280c763bcf,16233.0,11051.0,3668.0,,2578377.0,29654.0,,1884450.0,PerkJo02,,11317.0,11804.0,,29654.0,608012.0,18468.0,,Joshua Perkins,joshua perkins,5,5,37.0,0,0.0,0.0,27.0,10.0,3.0,1.9534416,0,1.3703704,0.1,0.08598726,0.21019109,Josh Perkins,PHI,4.3133333333333335,4.171873086354159,4.936000000000002,7.486047075952443,100.0,37.0,0.0,2.4639999999999986,3.5216011477351232,-1.0576011477351246,00-0032599,Joshua,Perkins,J.Perkins,REG,PHI,NYG,Joshua Perkins,PerkJo02,0.0,0.0,0.0,97.5
2019,REG,14,00-0035689,D.Knox,TE,TE,BUF,14143,5fb525c5-4e70-4ede-8c49-94ad0cf66b7d,18631.0,35883.0,5906.0,,3930086.0,31928.0,,2186345.0,KnoxDa00,dawson-knox-1,13466.0,13953.0,88.0,31928.0,884083.0,20850.0,884083.0,Dawson Knox,dawson knox,1,4,37.0,0,0.0,0.0,59.0,15.0,1.0,-0.42897695,0,0.62711865,0.10810811,0.15284973,0.269157,,,,,,,,,,,,,,,,,REG,BUF,BAL,Dawson Knox,KnoxDa00,0.0,1.0,0.25,65.6
2019,REG,14,00-0035562,J.Horsted,TE,TE,CHI,14752,48c56733-6644-42ee-9020-07bd2deba1ad,18482.0,91465.0,6075.0,,3940587.0,32576.0,,3117107.0,,,13639.0,,,32576.0,0.0,20812.0,881708.0,Jesper Horsted,jesper horsted,4,4,36.0,0,0.0,0.0,19.0,17.0,2.0,1.7063078,0,1.8947369,0.12903225,0.09547739,0.26038256,,,,,,,,,,,,,,,,,,,,,,,,,
2019,REG,14,00-0033387,J.Hollister,TE,TE,SEA,13391,ad2a1d03-020b-487a-bd5f-7ca9fbc250fe,16527.0,12051.0,4421.0,,3125404.0,30661.0,,2818962.0,HollJa03,,12271.0,12491.0,,30661.0,696882.0,19281.0,696882.0,Jacob Hollister,jacob hollister,4,6,34.0,0,0.0,0.0,46.0,12.0,1.0,-0.9283289,0,0.73913044,0.18181819,0.13450292,0.3668793,Jacob Hollister,SEA,6.1975,3.4636198994213907,8.178333333333333,14.25334766317135,66.66666666666666,34.0,0.0,3.317500000000001,2.873715615869287,0.44378438413071386,00-0033387,Jacob,Hollister,J.Hollister,REG,SEA,LA,Jacob Hollister,HollJa03,0.0,1.0,0.167,81.2
2019,REG,14,00-0032392,A.Hooper,TE,TE,ATL,12677,90c2a93f-d837-4e1b-b57c-56648903a8db,15581.0,10715.0,3202.0,,3043275.0,29315.0,,2067004.0,HoopAu00,austin-hooper-1,10748.0,11301.0,384.0,29315.0,739424.0,17963.0,739424.0,Austin Hooper,austin hooper,2,6,32.0,0,0.0,0.0,54.0,17.0,2.0,-1.7575912,0,0.5925926,0.19354838,0.17763157,0.4146647,Austin Hooper,ATL,4.048333333333334,3.242978702256518,8.719999999999999,17.460953143772524,33.33333333333333,32.0,0.0,8.685000000000002,6.166658610138214,2.5183413898617886,00-0032392,Austin,Hooper,A.Hooper,REG,ATL,CAR,Austin Hooper,HoopAu00,0.0,0.0,0.0,52.1
2019,REG,14,00-0031273,C.Brate,TE,TE,TB,12110,5afe93fd-0caf-4cca-83fc-7f405bebfa3e,13470.0,9207.0,2214.0,,17453.0,28267.0,,2132787.0,BratCa00,,10008.0,10193.0,,28267.0,552926.0,16593.0,552926.0,Cameron Brate,cameron brate,4,4,30.0,1,0.0,0.0,11.0,19.0,4.0,4.026237,0,2.7272727,0.08888889,0.02925532,0.15381205,,,,,,,,,,,,,,,,,REG,TB,IND,Cameron Brate,BratCa00,0.0,0.0,0.0,137.5
2019,REG,14,00-0032117,N.O'Leary,TE,TE,JAX,12207,c257b2e6-dfc9-45c8-b30c-a497f2ce82a2,13957.0,9627.0,2495.0,,2576804.0,28582.0,,1860760.0,OLeaNi00,nick-oleary-1,10250.0,10568.0,,28582.0,605423.0,16954.0,,Nick O'Leary,nick oleary,4,5,30.0,1,0.0,0.0,28.0,6.0,1.0,0.9357874,0,1.0714285,0.13513513,0.13397129,0.2964826,Nick O'Leary,JAX,4.553333333333334,4.475657596131546,7.0040000000000004,17.644984128583673,80.0,30.0,1.0,1.6224999999999987,0.966412488051219,0.6560875119487797,00-0032117,Nicklaus,O'Leary,N.O'Leary,REG,JAX,LAC,Nick O'Leary,OLeaNi00,0.0,0.0,0.0,131.2
2019,REG,14,00-0033858,J.Smith,TE,TE,TEN,13193,e4f25a37-74de-4bfb-b6c9-f50a4fab0b87,16460.0,11855.0,4144.0,,3054212.0,30213.0,,2081506.0,SmitJo01,jonnu-smith-1,11807.0,12344.0,84.0,30213.0,743749.0,18990.0,743749.0,Jonnu Smith,jonnu smith,3,4,29.0,1,0.0,0.0,17.0,10.0,2.0,-5.5232167,0,1.7058823,0.14814815,0.05782313,0.2626984,,,,,,,,,,,,,,,,,REG,TEN,OAK,Jonnu Smith,SmitJo01,0.0,0.0,0.0,94.8
2019,REG,14,00-0030181,J.Doyle,TE,TE,IND,11516,bd413539-9351-454e-9d61-4e8635d7e9f5,11987.0,8520.0,1706.0,jackdoyle/2540232,16504.0,27299.0,,2041264.0,DoylJa00,,9081.0,9075.0,,27299.0,477386.0,15602.0,477386.0,Jack Doyle,jack doyle,2,6,27.0,0,0.0,0.0,69.0,6.0,2.0,-0.6295311,0,0.39130434,0.17142858,0.19327731,0.39243698,Jack Doyle,IND,5.343999999999999,1.5556389337882457,11.859999999999998,20.265421199521555,33.33333333333333,27.0,0.0,4.765000000000001,2.298638882436194,2.4663611175638067,00-0030181,John,Doyle,J.Doyle,REG,IND,TB,Jack Doyle,DoylJa00,0.0,1.0,0.167,48.6
2019,REG,14,00-0032135,J.James,TE,TE,DET,12211,a37a5bfd-b48c-4d8b-817a-d8ce7ca3592d,13959.0,9593.0,2463.0,jessejames/2552633,2979590.0,28548.0,,1983808.0,JameJe00,jesse-james-1,10150.0,10403.0,,28548.0,652019.0,16920.0,652019.0,Jesse James,jesse james,1,2,23.0,0,0.0,0.0,21.0,5.0,1.0,0.92427695,0,1.0952381,0.05263158,0.084,0.13774736,,,,,,,,,,,,,,,,,REG,DET,MIN,Jesse James,JameJe00,0.0,0.0,0.0,91.7
2019,REG,14,00-0033611,R.Seals-Jones,TE,TE,CLE,13382,52735659-a294-4f64-a7f4-3591450834e5,16730.0,12020.0,4531.0,,3051806.0,30494.0,,2080003.0,SealRi00,,11876.0,12463.0,,30494.0,744568.0,19410.0,744568.0,Ricky Seals-Jones,ricky seals-jones,1,1,22.0,0,0.0,0.0,7.0,15.0,1.0,2.3297918,0,3.142857,0.045454547,0.031390134,0.090154916,,,,,,,,,,,,,,,,,REG,CLE,CIN,Ricky Seals-Jones,SealRi00,0.0,0.0,0.0,118.7
2019,REG,14,00-0031260,L.Thomas,TE,TE,DET,11647,b24625a0-d402-4d59-a778-aa4b073bfe5e,12095.0,8755.0,2251.0,loganthomas/2543767,16813.0,27648.0,,1691193.0,ThomLo00,logan-thomas-1,9323.0,9354.0,,27648.0,507528.0,16656.0,507528.0,Logan Thomas,logan thomas,2,4,21.0,0,0.0,0.0,40.0,4.0,2.0,-3.1184642,0,0.525,0.10526316,0.16,0.26989475,,,,,,,,,,,,,,,,,REG,DET,MIN,Logan Thomas,ThomLo00,0.0,0.0,0.0,26.0
2019,REG,14,00-0034970,I.Smith,TE,TE,MIN,14141,ed0e6a30-83d5-4f4b-bf49-f7ff80e21304,18610.0,42060.0,6126.0,,4040980.0,31882.0,,2257888.0,SmitIr01,irv-smith-jr-1,13583.0,14052.0,,31882.0,944428.0,20949.0,944428.0,Irv Smith,irv smith,3,4,21.0,0,0.0,0.0,12.0,12.0,1.0,0.060668267,0,1.75,0.13793103,0.055813953,0.24596632,,,,,,,,,,,,,,,,,REG,MIN,DET,Irv Smith Jr.,SmitIr01,0.0,0.0,0.0,86.5
2019,REG,14,00-0028142,V.Green,TE,TE,LAC,10432,6ef43c53-53d7-4b0f-ad99-17664d663ae8,10026.0,6356.0,868.0,virgilgreen/2495288,14085.0,24991.0,7502.0,1130615.0,GreeVi00,virgil-green-1,7416.0,6570.0,,24991.0,323254.0,13016.0,,Virgil Green,virgil green,1,1,14.0,1,0.0,0.0,13.0,1.0,1.0,2.9113584,0,1.0769231,0.03846154,0.051587302,0.09380342,,,,,,,,,,,,,,,,,REG,LAC,JAX,Virgil Green,GreeVi00,0.0,0.0,0.0,158.3
2019,REG,14,00-0031744,M.LaCosse,TE,TE,NE,12596,25e58aee-1b33-4468-9a81-6586426b91d5,14288.0,9840.0,2944.0,mattlacosse/2553667,2576179.0,28875.0,,2174931.0,,,10727.0,10980.0,,28875.0,606055.0,17415.0,606055.0,Matt LaCosse,matt lacosse,2,4,14.0,0,0.0,0.0,42.0,0.0,0.0,-4.165045,0,0.33333334,0.114285715,0.1660079,0.2876341,,,,,,,,,,,,,,,,,,,,,,,,,
2019,REG,14,00-0034753,M.Andrews,TE,TE,BAL,13671,0618f387-9b72-4270-8b8f-dec4cccc9e4a,17269.0,47436.0,5012.0,,3116365.0,31056.0,,2131121.0,AndrMa00,mark-andrews-1,12559.0,13182.0,366.0,31056.0,820699.0,19803.0,820699.0,Mark Andrews,mark andrews,1,3,14.0,0,0.0,0.0,70.0,2.0,1.0,-0.16282113,0,0.2,0.13043478,0.47297296,0.5267333,,,,,,,,,,,,,,,,,REG,BAL,BUF,Mark Andrews,AndrMa00,0.0,2.0,0.667,49.3
2019,REG,14,00-0034981,F.Moreau,TE,TE,LV,14239,9c3a67fd-5c6e-4689-9e08-9ff6d4db6c9a,18397.0,47043.0,5985.0,,3843945.0,31969.0,,2180634.0,MoreFo00,foster-moreau-1,13822.0,14154.0,179.0,31969.0,865573.0,20884.0,865573.0,Foster Moreau,foster moreau,3,3,14.0,1,0.0,0.0,4.0,10.0,2.0,2.2869272,0,3.5,0.1,0.016806724,0.16176471,,,,,,,,,,,,,,,,,REG,OAK,TEN,Foster Moreau,MoreFo00,1.0,0.0,0.0,125.7
2019,REG,14,00-0034270,T.Conklin,TE,TE,MIN,13675,f0d17dfa-ebf3-416c-a8d2-c6bc30675103,17598.0,47327.0,5133.0,,3915486.0,31220.0,,2165249.0,ConkTy00,tyler-conklin-1,12809.0,13220.0,489.0,31127.0,861278.0,19988.0,861278.0,Tyler Conklin,tyler conklin,3,3,13.0,0,0.0,0.0,0.0,13.0,1.0,-0.7042882,0,0.0,0.10344828,0.0,0.15517241,,,,,,,,,,,,,,,,,REG,MIN,DET,Tyler Conklin,ConkTy00,0.0,0.0,0.0,84.7
2019,REG,14,00-0033757,R.Tonyan,TE,TE,GB,13427,7c9c7800-69d0-459b-812b-a07ac48e9f2a,16502.0,12193.0,4602.0,,2975674.0,30777.0,,2820026.0,TonyRo00,,12389.0,12868.0,,30777.0,660151.0,19491.0,660151.0,Robert Tonyan,robert tonyan,1,1,12.0,1,0.0,0.0,12.0,0.0,1.0,2.3368683,0,1.0,0.037037037,0.056872036,0.09536598,,,,,,,,,,,,,,,,,REG,GB,WAS,Robert Tonyan,TonyRo00,0.0,0.0,0.0,156.2
2019,REG,14,00-0027981,K.Rudolph,TE,TE,MIN,10312,1059e9dc-97df-4643-9116-883a0573d8b1,9906.0,6195.0,943.0,kylerudolph/2495438,14054.0,24830.0,7444.0,1633122.0,RudoKy00,kyle-rudolph-1,7246.0,6459.0,,24830.0,469472.0,13275.0,469472.0,Kyle Rudolph,kyle rudolph,2,2,11.0,0,0.0,0.0,4.0,7.0,1.0,0.27212727,0,2.75,0.06896552,0.018604651,0.11647153,,,,,,,,,,,,,,,,,REG,MIN,DET,Kyle Rudolph,RudoKy00,0.0,0.0,0.0,89.6
2019,REG,14,00-0031484,C.Manhertz,TE,TE,CAR,12955,7c7b5515-7786-4e24-9ce0-34e6a8bd5727,14014.0,10211.0,3048.0,,2531358.0,28365.0,,2167520.0,ManhCh00,,10033.0,10295.0,,28365.0,563293.0,17762.0,563293.0,Chris Manhertz,chris manhertz,1,1,11.0,0,0.0,0.0,2.0,9.0,1.0,0.78832525,0,5.5,0.025,0.005479452,0.041335616,,,,,,,,,,,,,,,,,REG,CAR,ATL,Chris Manhertz,ManhCh00,0.0,0.0,0.0,112.5
2019,REG,14,00-0031598,N.Boyle,TE,TE,BAL,12328,9480dd9f-151f-4e6d-b5a3-35f07bda4cac,13963.0,9604.0,2474.0,,2574591.0,28559.0,,1888149.0,BoylNi00,,10252.0,10547.0,,28559.0,608753.0,16931.0,608753.0,Nick Boyle,nick boyle,2,3,10.0,1,0.0,0.0,14.0,8.0,1.0,1.0272366,0,0.71428573,0.13043478,0.0945946,0.2618684,,,,,,,,,,,,,,,,,REG,BAL,BUF,Nick Boyle,BoylNi00,0.0,1.0,0.333,111.1
2019,REG,14,00-0034988,K.Smith,TE,TE,NYG,14142,7bb7f5e7-f00e-47d8-954d-90bf5baf4292,18293.0,40973.0,6146.0,,4044452.0,32008.0,,2251343.0,SmitKa00,kaden-smith-1,13516.0,14217.0,,32008.0,924018.0,20946.0,924018.0,Kaden Smith,kaden smith,2,5,9.0,0,1.0,0.0,10.0,9.0,0.0,-3.0834117,0,0.9,0.1724138,0.037453182,0.28483793,Kaden Smith,NYG,6.206,2.3619659080664914,2.2579999999999982,4.013508709562742,40.0,9.0,0.0,4.130000000000003,6.137757688398324,-2.0077576883983212,00-0034988,Kaden,Smith,K.Smith,REG,NYG,PHI,Kaden Smith,SmitKa00,0.0,1.0,0.2,47.9
2019,REG,14,00-0030108,R.Griffin,TE,TE,NYJ,11399,cb1df42c-b59c-4e23-a9a2-fbfc2b39ef71,11830.0,7982.0,1425.0,ryangriffin/2541316,15887.0,26824.0,,2057695.0,GrifRy00,ryan-griffin-1,8911.0,8600.0,,26824.0,465129.0,14985.0,465129.0,Ryan Griffin,ryan griffin,1,1,8.0,0,0.0,0.0,4.0,4.0,1.0,1.1570182,0,2.0,0.028571429,0.01010101,0.04992785,,,,,,,,,,,,,,,,,REG,NYJ,MIA,Ryan Griffin,GrifRy00,0.0,0.0,0.0,100.0
2019,REG,14,00-0032227,J.Heuerman,TE,TE,DEN,12208,1fe3aadd-336b-4838-888e-8c9609747afc,13961.0,9525.0,2397.0,jeffheuerman/2552399,2576389.0,28480.0,,1824413.0,HeueJe00,jeff-heuerman-1,10246.0,10492.0,,28480.0,593517.0,16853.0,,Jeff Heuerman,jeff heuerman,1,1,8.0,1,0.0,0.0,2.0,6.0,1.0,2.4909506,0,4.0,0.037037037,0.010695187,0.063042186,,,,,,,,,,,,,,,,,REG,DEN,HOU,Jeff Heuerman,HeueJe00,0.0,0.0,0.0,139.6
2019,REG,14,00-0033217,M.Alie-Cox,TE,TE,IND,13246,8809c0dd-786b-4255-a7d0-333c9498c19a,16579.0,12078.0,4054.0,moalie-cox/2558832,2998565.0,30112.0,,2815925.0,AlieMo00,,12196.0,12221.0,195.0,30112.0,712506.0,18900.0,712506.0,Mo Alie-Cox,mo alie-cox,1,1,8.0,0,0.0,0.0,4.0,4.0,0.0,0.4899893,0,2.0,0.028571429,0.011204482,0.05070028,,,,,,,,,,,,,,,,,REG,IND,TB,Mo Alie-Cox,AlieMo00,0.0,0.0,0.0,100.0
2019,REG,14,00-0022943,B.Watson,TE,TE,NE,7422,d81844de-54c3-42ee-9850-072dc4131b6f,9040.0,1753.0,663.0,benjaminwatson/2506122,5557.0,6791.0,,493107.0,WatsBe00,benjamin-watson-1,3872.0,48.0,,6791.0,246082.0,11756.0,,Ben Watson,ben watson,1,3,7.0,0,0.0,0.0,21.0,5.0,0.0,-2.563385,0,0.33333334,0.08571429,0.08300395,0.18667419,,,,,,,,,,,,,,,,,REG,NE,KC,Ben Watson,WatsBe00,0.0,0.0,0.0,42.4
2019,REG,14,00-0032098,D.Brown,TE,TE,NYJ,12585,1b016b52-62ba-4da9-9ead-6bad689f8d33,14470.0,10144.0,2751.0,,2519013.0,29102.0,,2175305.0,BrowDa04,,10713.0,11092.0,,29102.0,561380.0,17219.0,561380.0,Daniel Brown,daniel brown,1,2,7.0,0,0.0,0.0,30.0,5.0,1.0,0.43685213,0,0.23333333,0.057142857,0.07575758,0.1387446,,,,,,,,,,,,,,,,,REG,NYJ,MIA,Daniel Brown,BrowDa04,0.0,0.0,0.0,58.3
2019,REG,14,00-0034829,M.Gesicki,TE,TE,MIA,13672,1012cbe0-7eba-4169-bfca-183a0204e1a7,17272.0,47153.0,4993.0,,3116164.0,31012.0,,2139298.0,GesiMi00,mike-gesicki-1,12764.0,13104.0,330.0,31012.0,836152.0,19853.0,836152.0,Mike Gesicki,mike gesicki,1,5,6.0,0,0.0,0.0,42.0,1.0,0.0,-3.6319284,0,0.14285715,0.14285715,0.13043478,0.30559006,Mike Gesicki,MIA,6.595,1.7512865846844416,10.746,16.703973139339677,20.0,6.0,0.0,0.9699999999999989,1.1555715323872846,-0.18557153238728574,00-0034829,Michael,Gesicki,M.Gesicki,REG,MIA,NYJ,Mike Gesicki,GesiMi00,0.0,0.0,0.0,39.6
2019,REG,14,00-0024243,M.Lewis,TE,TE,GB,8269,9c21e9af-681c-41ef-9b00-fbc9e1668ed1,9413.0,2973.0,111.0,marcedeslewis/2495888,9614.0,7777.0,4007.0,415313.0,LewiMa00,marcedes-lewis-1,4891.0,3615.0,,7777.0,214197.0,3061.0,214197.0,Marcedes Lewis,marcedes lewis,1,1,5.0,0,0.0,0.0,6.0,-1.0,0.0,-0.3289693,0,0.8333333,0.037037037,0.028436018,0.07546077,,,,,,,,,,,,,,,,,REG,GB,WAS,Marcedes Lewis,LewiMa00,0.0,0.0,0.0,87.5
2019,REG,14,00-0028112,C.Clay,TE,TE,ARI,10409,04ca4fb9-194e-47fe-8fc8-adb5790a8e78,10003.0,6326.0,801.0,charlesclay/2495139,14145.0,24961.0,,1265552.0,ClayCh00,charles-clay-1,7424.0,6681.0,,24961.0,400516.0,12751.0,,Charles Clay,charles clay,1,1,5.0,1,0.0,0.0,4.0,1.0,1.0,2.5211332,0,1.25,0.035714287,0.023809524,0.0702381,,,,,,,,,,,,,,,,,REG,ARI,PIT,Charles Clay,ClayCh00,0.0,0.0,0.0,127.1
2019,REG,14,00-0030216,J.Hill,TE,TE,NO,11529,687cdc33-bd0d-4b70-adb3-33f97dc26a3c,13565.0,8200.0,1777.0,joshhill/2541834,16143.0,26950.0,,2060083.0,HillJo02,,9071.0,8764.0,,26950.0,469509.0,15866.0,,Josh Hill,josh hill,2,3,4.0,1,0.0,0.0,18.0,4.0,1.0,-0.4555066,0,0.22222222,0.07317073,0.072,0.1601561,,,,,,,,,,,,,,,,,REG,NO,SF,Josh Hill,HillJo02,0.0,0.0,0.0,109.7
2019,REG,14,00-0032134,C.Uzomah,TE,TE,CIN,12317,19858900-5c8e-49a7-ab02-34ef625724ca,14084.0,9590.0,2460.0,c.j.uzomah/2552559,2574576.0,28545.0,,2174118.0,UzomC.00,cj-uzomah-1,10462.0,10534.0,,28545.0,593305.0,16917.0,593305.0,C.J. Uzomah,cj uzomah,1,2,4.0,0,0.0,0.0,4.0,0.0,0.0,-1.5987859,0,1.0,0.05882353,0.013559322,0.09772682,,,,,,,,,,,,,,,,,REG,CIN,CLE,C.J. Uzomah,UzomC.00,0.0,0.0,0.0,56.2
2019,REG,14,00-0033885,D.Njoku,TE,TE,CLE,13192,8f86fcea-90e8-49ea-bc78-5c7659313e57,16399.0,11784.0,4033.0,,3123076.0,30142.0,,2136474.0,NjokDa00,david-njoku-1,11734.0,12186.0,252.0,30142.0,832098.0,18876.0,832098.0,David Njoku,david njoku,1,3,4.0,0,0.0,0.0,20.0,0.0,0.0,-7.535158,0,0.2,0.13636364,0.089686096,0.26732573,,,,,,,,,,,,,,,,,REG,CLE,CIN,David Njoku,NjokDa00,0.0,0.0,0.0,2.8
2019,REG,14,00-0030470,V.McDonald,TE,TE,PIT,11257,8f24a248-b328-43ec-8677-67600e42a8f7,11699.0,7836.0,1587.0,vancemcdonald/2540215,15853.0,26678.0,,1673357.0,McDoVa00,vance-mcdonald-1,8785.0,8413.0,,26678.0,494969.0,15239.0,,Vance McDonald,vance mcdonald,1,1,3.0,0,0.0,0.0,3.0,0.0,0.0,-1.5727855,0,1.0,0.055555556,0.036585364,0.10894309,,,,,,,,,,,,,,,,,REG,PIT,ARI,Vance McDonald,McDoVa00,0.0,0.0,0.0,79.2
2019,REG,14,00-0034393,T.Fumagalli,TE,TE,DEN,13673,579d92e6-ab4f-43e0-803f-b2d5a54d106a,17273.0,47333.0,5092.0,,3045264.0,31126.0,,2071777.0,FumaTr00,troy-fumagalli-2,12808.0,13270.0,,31126.0,742474.0,19973.0,742474.0,Troy Fumagalli,troy fumagalli,1,1,3.0,0,0.0,0.0,2.0,1.0,0.0,-0.53697973,0,1.5,0.037037037,0.010695187,0.063042186,,,,,,,,,,,,,,,,,REG,DEN,HOU,Troy Fumagalli,FumaTr00,0.0,0.0,0.0,79.2
2019,REG,14,00-0035539,I.Nauta,TE,TE,DET,14144,e0755328-7fe1-4df7-9dfb-93e9cf9ef5be,18601.0,47119.0,5957.0,,4035014.0,32056.0,,2240213.0,NautIs00,isaac-nauta-1,13528.0,14285.0,,32056.0,914008.0,20893.0,914008.0,Isaac Nauta,isaac nauta,1,1,3.0,0,0.0,0.0,2.0,1.0,0.0,-0.064464435,0,1.5,0.02631579,0.008,0.045073684,,,,,,,,,,,,,,,,,REG,DET,MIN,Isaac Nauta,NautIs00,0.0,0.0,0.0,79.2
2019,REG,14,00-0029738,D.Fells,TE,TE,HOU,11337,54d4e35a-2e6c-48f6-86ad-92dd596c173c,13636.0,8549.0,1592.0,darrenfells/2540928,15773.0,26612.0,,2053740.0,FellDa01,,9758.0,8472.0,,26612.0,266414.0,15247.0,266414.0,Darren Fells,darren fells,2,4,2.0,0,0.0,0.0,6.0,0.0,1.0,-1.9702754,0,0.33333334,0.08510638,0.015424165,0.1384565,,,,,,,,,,,,,,,,,REG,HOU,DEN,Darren Fells,FellDa01,0.0,1.0,0.25,56.2
2019,REG,14,00-0034798,D.Smythe,TE,TE,MIA,13676,7e42a22a-c47b-4387-aeeb-2cc2e76dc1d8,17508.0,47257.0,5008.0,,3052897.0,31093.0,,2082845.0,SmytDu00,durham-smythe-1,12807.0,13249.0,,31093.0,749968.0,19943.0,749968.0,Durham Smythe,durham smythe,1,1,2.0,0,0.0,0.0,2.0,0.0,0.0,-0.3410456,0,1.0,0.028571429,0.0062111802,0.047204968,,,,,,,,,,,,,,,,,REG,MIA,NYJ,Durham Smythe,SmytDu00,0.0,0.0,0.0,79.2
2019,REG,14,00-0032319,R.Travis,TE,TE,IND,12898,75dfd9cc-5419-49e1-bade-0632d03ca4b4,14613.0,10320.0,3041.0,,3936647.0,29208.0,,2195596.0,,,10837.0,11245.0,,29208.0,602069.0,17750.0,602069.0,Ross Travis,ross travis,1,1,1.0,0,0.0,0.0,-5.0,6.0,0.0,-0.578403,0,0.0,0.028571429,-0.014005602,0.033053223,,,,,,,,,,,,,,,,,,,,,,,,,
2019,REG,14,00-0028042,L.Stocker,TE,TE,ATL,10354,5b712aed-201c-43dd-b978-b7b6ef91178e,9948.0,6256.0,963.0,lukestocker/2495234,14099.0,24891.0,7589.0,1125485.0,StocLu00,luke-stocker-1,7413.0,6552.0,,24891.0,334186.0,13370.0,334186.0,Luke Stocker,luke stocker,0,1,0.0,0,0.0,0.0,1.0,0.0,0.0,-0.6820979,0,0.0,0.032258064,0.0032894737,0.050689727,,,,,,,,,,,,,,,,,REG,ATL,CAR,Luke Stocker,StocLu00,0.0,1.0,1.0,39.6
2019,REG,14,00-0031558,M.Williams,TE,TE,ARI,12206,52f4a43a-64a9-4d69-a9e2-28bd60f68e49,13919.0,9488.0,2360.0,,2970726.0,28443.0,,1983769.0,WillMa04,maxx-williams-1,10128.0,10298.0,,28443.0,651658.0,16816.0,651658.0,Maxx Williams,maxx williams,0,1,0.0,0,0.0,0.0,6.0,0.0,0.0,-4.0875587,0,0.0,0.035714287,0.035714287,0.07857143,,,,,,,,,,,,,,,,,REG,ARI,PIT,Maxx Williams,WillMa04,0.0,0.0,0.0,0.0
2019,REG,14,00-0032214,T.Kroft,TE,TE,BUF,12212,36f54823-9d51-4180-9c91-d10281deb4bf,13960.0,9518.0,2390.0,tylerkroft/2552586,2582410.0,28473.0,,1824200.0,KrofTy00,tyler-kroft-1,10247.0,10490.0,,28473.0,592268.0,16846.0,592268.0,Tyler Kroft,tyler kroft,0,1,0.0,0,0.0,0.0,17.0,0.0,0.0,-0.24221846,0,0.0,0.027027028,0.04404145,0.07136956,,,,,,,,,,,,,,,,,REG,BUF,BAL,Tyler Kroft,KrofTy00,0.0,0.0,0.0,39.6
2019,REG,14,00-0035039,S.Carlson,TE,TE,CLE,14488,013477a2-0271-4441-a0af-9bc25924a2f6,18757.0,94365.0,6451.0,,3948283.0,32273.0,,3116783.0,CarlSt00,,14131.0,,,32273.0,881697.0,21278.0,881697.0,Stephen Carlson,stephen carlson,0,1,0.0,0,0.0,0.0,0.0,0.0,0.0,-2.3501506,0,,0.045454547,0.0,0.06818182,,,,,,,,,,,,,,,,,REG,CLE,CIN,Stephen Carlson,CarlSt00,0.0,0.0,0.0,39.6
2019,REG,14,00-0035671,J.Sternberger,TE,TE,GB,14140,f808794b-3135-4f75-b46a-ba90bf6b8502,18614.0,47081.0,6139.0,,3917962.0,31907.0,,2179567.0,SterJa00,jace-sternberger-1,13495.0,14097.0,,31907.0,877598.0,20952.0,877598.0,Jace Sternberger,jace sternberger,0,1,0.0,0,0.0,0.0,13.0,0.0,0.0,-0.46491295,0,0.0,0.037037037,0.061611373,0.09868352,,,,,,,,,,,,,,,,,REG,GB,WAS,Jace Sternberger,SterJa00,0.0,1.0,1.0,39.6
2019,REG,15,00-0030506,T.Kelce,TE,TE,KC,11244,c3859e06-5f23-4302-a71b-04820a899d5f,11594.0,7844.0,1466.0,traviskelce/2540258,15847.0,26686.0,,1725130.0,KelcTr00,travis-kelce-1,8783.0,8411.0,264.0,26686.0,448240.0,15048.0,448240.0,Travis Kelce,travis kelce,11,13,142.0,0,0.0,0.0,145.0,21.0,8.0,6.3829694,0,0.97931033,0.38235295,0.43026707,0.87471634,Travis Kelce,KC,6.171538461538461,2.8758361548736073,11.262307692307692,44.096741160171064,84.61538461538461,142.0,0.0,2.3609090909090926,1.977889469746639,0.3830196211624537,00-0030506,Travis,Kelce,T.Kelce,REG,KC,DEN,Travis Kelce,KelcTr00,0.0,0.0,0.0,112.2
2019,REG,15,00-0033288,G.Kittle,TE,TE,SF,13299,2ada91b0-036e-454f-83c3-6d939ff584a9,16499.0,11901.0,4217.0,,3040151.0,30259.0,,2818265.0,KittGe00,george-kittle-1,11892.0,12276.0,298.0,30259.0,733672.0,19063.0,733672.0,George Kittle,george kittle,13,17,134.0,0,1.0,0.0,59.0,95.0,7.0,5.0994134,0,2.2711864,0.5151515,0.45038167,1.0879945,George Kittle,SF,6.312307692307693,3.913444578522145,3.4282352941176466,47.23618090452262,76.47058823529412,134.0,0.0,7.61923076923077,6.477016707581338,1.1422140616494314,00-0033288,George,Kittle,G.Kittle,REG,SF,ATL,George Kittle,KittGe00,1.0,0.0,0.0,98.7
2019,REG,15,00-0031610,D.Waller,TE,TE,LV,12263,14c97c9f-26e8-4944-9299-f90de6aeada3,14104.0,9637.0,2505.0,,2576925.0,28592.0,,1850793.0,WallDa01,darren-waller-1,10215.0,10433.0,,28592.0,600191.0,16964.0,600191.0,Darren Waller,darren waller,8,10,122.0,0,0.0,0.0,93.0,45.0,7.0,6.2229877,0,1.3118279,0.32258064,0.60784316,0.9093612,Darren Waller,LV,5.5875,2.3858628478835207,9.302000000000001,38.69867287931106,80.0,122.0,0.0,6.176249999999999,6.565763648967128,-0.3895136489671289,00-0031610,Darren,Waller,D.Waller,REG,OAK,JAX,Darren Waller,WallDa01,0.0,1.0,0.1,117.5
2019,REG,15,00-0033110,T.Higbee,TE,TE,LA,12678,0df7912d-9e81-47ea-b4f7-d04986df4ee8,15623.0,10744.0,3271.0,,2573401.0,29344.0,,1853103.0,HigbTy00,tyler-higbee-1,10854.0,11430.0,159.0,29344.0,604176.0,18032.0,604176.0,Tyler Higbee,tyler higbee,12,14,111.0,0,0.0,0.0,69.0,65.0,6.0,4.77657,0,1.6086956,0.27450982,0.21630093,0.5631754,Tyler Higbee,LAR,7.612,5.290280593746629,5.278571428571429,22.81005000308661,85.71428571428571,111.0,0.0,5.532499999999999,6.035624073324375,-0.5031240733243765,00-0033110,Tyler,Higbee,T.Higbee,REG,LA,DAL,Tyler Higbee,HigbTy00,2.0,0.0,0.0,99.7
2019,REG,15,00-0030061,Z.Ertz,TE,TE,PHI,11247,de3421f7-2147-4835-89a5-724e87bad463,11689.0,7816.0,1339.0,zachertz/2540158,15835.0,26658.0,,1685963.0,ErtzZa00,zach-ertz-1,8781.0,8409.0,305.0,26658.0,503177.0,14856.0,503177.0,Zach Ertz,zach ertz,5,10,61.0,1,0.0,0.0,101.0,29.0,4.0,4.313344,0,0.6039604,0.25,0.47867298,0.7100711,Zach Ertz,PHI,5.368571428571428,2.837797735679848,10.849,44.649765412791176,50.0,61.0,1.0,5.570000000000002,2.932091568558826,2.637908431441176,00-0030061,Zachary,Ertz,Z.Ertz,REG,PHI,WAS,Zach Ertz,ErtzZa00,1.0,1.0,0.1,102.5
2019,REG,15,00-0033858,J.Smith,TE,TE,TEN,13193,e4f25a37-74de-4bfb-b6c9-f50a4fab0b87,16460.0,11855.0,4144.0,,3054212.0,30213.0,,2081506.0,SmitJo01,jonnu-smith-1,11807.0,12344.0,84.0,30213.0,743749.0,18990.0,743749.0,Jonnu Smith,jonnu smith,5,5,60.0,0,0.0,0.0,29.0,31.0,3.0,3.5213652,0,2.0689654,0.1388889,0.075718015,0.26133594,Jonnu Smith,TEN,5.4475,4.345880384509944,5.274000000000001,7.373130155179647,100.0,60.0,0.0,6.725999999999999,4.070505269084924,2.655494730915075,00-0033858,Jonnu,Smith,J.Smith,REG,TEN,HOU,Jonnu Smith,SmitJo01,1.0,0.0,0.0,116.7
2019,REG,15,00-0035644,N.Fant,TE,TE,DEN,14137,cdc98acc-9eb6-4b44-81bb-61d7b8a3b55f,17527.0,42388.0,5857.0,,4036131.0,31852.0,,2251095.0,FantNo00,noah-fant-1,13426.0,14050.0,243.0,31852.0,923911.0,20753.0,923911.0,Noah Fant,noah fant,2,3,56.0,0,0.0,0.0,40.0,27.0,2.0,-0.50598943,0,1.4,0.075,0.16460906,0.22772634,,,,,,,,,,,,,,,,,REG,DEN,KC,Noah Fant,FantNo00,0.0,0.0,0.0,70.1
2019,REG,15,00-0034351,D.Goedert,TE,TE,PHI,13674,e8029983-87cf-49a2-bc04-04c8233a0630,17270.0,47272.0,5022.0,,3121023.0,31019.0,,2132551.0,GoedDa00,,12860.0,13151.0,382.0,31019.0,791365.0,19863.0,791365.0,Dallas Goedert,dallas goedert,5,6,55.0,0,0.0,0.0,35.0,39.0,2.0,2.4954915,0,1.5714285,0.15,0.16587678,0.34111375,Dallas Goedert,PHI,6.34,4.0591777984062185,5.45,13.457897769363736,83.33333333333334,55.0,0.0,8.05,7.549120456683522,0.5008795433164783,00-0034351,Dallas,Goedert,D.Goedert,REG,PHI,WAS,Dallas Goedert,GoedDa00,1.0,0.0,0.0,104.9
2019,REG,15,00-0027061,J.Cook,TE,TE,NO,9474,3b7a1409-d154-4e5c-8c94-9d4a0e0993c7,9265.0,5012.0,367.0,jaredcook/71265,12537.0,9353.0,6126.0,584314.0,CookJa02,jared-cook-2,5981.0,5165.0,,9353.0,296480.0,8534.0,296480.0,Jared Cook,jared cook,4,4,54.0,0,0.0,0.0,50.0,4.0,3.0,4.5683913,0,1.08,0.13333334,0.24752475,0.37326732,,,,,,,,,,,,,,,,,REG,NO,IND,Jared Cook,CookJa02,0.0,0.0,0.0,118.7
2019,REG,15,00-0034753,M.Andrews,TE,TE,BAL,13671,0618f387-9b72-4270-8b8f-dec4cccc9e4a,17269.0,47436.0,5012.0,,3116365.0,31056.0,,2131121.0,AndrMa00,mark-andrews-1,12559.0,13182.0,366.0,31056.0,820699.0,19803.0,820699.0,Mark Andrews,mark andrews,4,7,52.0,1,0.0,0.0,82.0,25.0,3.0,3.7845383,0,0.63414633,0.3181818,0.34599155,0.7194668,Mark Andrews,BAL,5.135,3.549880962195479,11.198571428571428,32.66113911920337,57.14285714285714,52.0,1.0,6.5975,5.689789695856689,0.9077103041433112,00-0034753,Mark,Andrews,M.Andrews,REG,BAL,NYJ,Mark Andrews,AndrMa00,0.0,0.0,0.0,120.2
2019,REG,15,00-0027981,K.Rudolph,TE,TE,MIN,10312,1059e9dc-97df-4643-9116-883a0573d8b1,9906.0,6195.0,943.0,kylerudolph/2495438,14054.0,24830.0,7444.0,1633122.0,RudoKy00,kyle-rudolph-1,7246.0,6459.0,,24830.0,469472.0,13275.0,469472.0,Kyle Rudolph,kyle rudolph,3,3,48.0,0,0.0,0.0,26.0,22.0,3.0,3.5978467,0,1.8461539,0.125,0.13333334,0.28083333,,,,,,,,,,,,,,,,,REG,MIN,LAC,Kyle Rudolph,RudoKy00,0.0,0.0,0.0,118.7
2019,REG,15,00-0034829,M.Gesicki,TE,TE,MIA,13672,1012cbe0-7eba-4169-bfca-183a0204e1a7,17272.0,47153.0,4993.0,,3116164.0,31012.0,,2139298.0,GesiMi00,mike-gesicki-1,12764.0,13104.0,330.0,31012.0,836152.0,19853.0,836152.0,Mike Gesicki,mike gesicki,4,8,47.0,0,0.0,0.0,89.0,11.0,2.0,-0.42091352,0,0.5280899,0.19512194,0.2528409,0.46967158,Mike Gesicki,MIA,5.148750000000001,1.8743047207624302,10.99625,26.489806980035535,50.0,47.0,0.0,2.639999999999999,2.336900702016898,0.30309929798310087,00-0034829,Michael,Gesicki,M.Gesicki,REG,MIA,NYG,Mike Gesicki,GesiMi00,0.0,0.0,0.0,68.2
2019,REG,15,00-0033879,O.Howard,TE,TE,TB,13188,93ed8c6f-b676-46d3-bf82-6155e89b4a68,16380.0,11774.0,4055.0,,3043080.0,30132.0,,2061190.0,HowaO.00,oj-howard-1,11806.0,12161.0,,30132.0,732147.0,18901.0,732147.0,O.J. Howard,oj howard,4,7,46.0,0,0.0,0.0,57.0,19.0,3.0,2.2222593,0,0.80701756,0.17073171,0.124726474,0.34340608,O.J. Howard,TB,5.584,2.3899479574891953,7.835714285714286,11.985665275440859,57.14285714285714,46.0,0.0,5.004999999999999,4.358275355090655,0.6467246449093444,00-0033879,O'Terrius,Howard,O.Howard,REG,TB,DET,O.J. Howard,HowaO.00,0.0,0.0,0.0,77.1
2019,REG,15,00-0030549,T.Eifert,TE,TE,CIN,11250,14ecf9dd-3a77-4847-8e62-407cd1182f1c,11692.0,7802.0,1388.0,tylereifert/2540148,15788.0,26644.0,,1691608.0,EifeTy00,tyler-eifert-1,8782.0,8408.0,,26644.0,508968.0,14918.0,,Tyler Eifert,tyler eifert,3,5,44.0,0,0.0,0.0,57.0,9.0,2.0,2.5580294,0,0.7719298,0.1724138,0.2489083,0.4328565,Tyler Eifert,CIN,3.25,1.5284993067990207,10.162000000000003,24.142354841775166,60.0,44.0,0.0,3.653333333333331,2.403092016553728,1.250241316779603,00-0030549,Tyler,Eifert,T.Eifert,REG,CIN,NE,Tyler Eifert,EifeTy00,0.0,1.0,0.2,88.7
2019,REG,15,00-0032062,B.Bell,TE,TE,KC,12213,0cc4e449-185a-4b08-9f07-c907ad0c3e05,13966.0,9550.0,2422.0,,2514206.0,28505.0,,1737101.0,BellBl00,blake-bell-1,10248.0,10366.0,,28505.0,542871.0,16878.0,542871.0,Blake Bell,blake bell,2,2,41.0,0,0.0,0.0,39.0,2.0,2.0,3.235336,0,1.051282,0.05882353,0.115727,0.1692442,,,,,,,,,,,,,,,,,REG,KC,DEN,Blake Bell,BellBl00,0.0,0.0,0.0,118.7
2019,REG,15,00-0032394,N.Vannett,TE,TE,PIT,12680,c731aa8a-778b-4ccd-a19f-517eb66f47b7,15645.0,10728.0,3258.0,,2576399.0,29328.0,,1871322.0,VannNi00,nick-vannett-1,10949.0,11329.0,,29328.0,606488.0,18019.0,606488.0,Nick Vannett,nick vannett,5,6,40.0,0,0.0,0.0,18.0,26.0,0.0,-0.9617296,0,2.2222223,0.16666667,0.05882353,0.29117647,Nick Vannett,PIT,9.84,5.739029768991879,2.2466666666666675,4.638199772907134,83.33333333333334,40.0,0.0,6.0299999999999985,5.042712024157754,0.9872879758422446,00-0032394,Nicholas,Vannett,N.Vannett,REG,PIT,BUF,Nick Vannett,VannNi00,1.0,0.0,0.0,94.4
2019,REG,15,00-0033658,B.Jarwin,TE,TE,DAL,13722,43e8a6ac-d451-4dbd-b145-797764f91494,16638.0,12320.0,4571.0,,2991767.0,30784.0,,2819999.0,JarwBl00,,12179.0,12507.0,,30784.0,711965.0,19457.0,711965.0,Blake Jarwin,blake jarwin,2,3,40.0,0,0.0,0.0,12.0,32.0,2.0,1.6045077,0,3.3333333,0.13636364,0.08759124,0.26585934,,,,,,,,,,,,,,,,,REG,DAL,LA,Blake Jarwin,JarwBl00,0.0,0.0,0.0,109.7
2019,REG,15,00-0034988,K.Smith,TE,TE,NYG,14142,7bb7f5e7-f00e-47d8-954d-90bf5baf4292,18293.0,40973.0,6146.0,,4044452.0,32008.0,,2251343.0,SmitKa00,kaden-smith-1,13516.0,14217.0,,32008.0,924018.0,20946.0,924018.0,Kaden Smith,kaden smith,3,3,38.0,0,0.0,0.0,24.0,14.0,1.0,1.3392045,0,1.5833334,0.10344828,0.08219178,0.21270666,,,,,,,,,,,,,,,,,REG,NYG,MIA,Kaden Smith,SmitKa00,0.0,0.0,0.0,118.7
2019,REG,15,00-0022127,J.Witten,TE,TE,DAL,6997,e38c9b1b-7c51-48a2-ac1d-a752502e8930,9275.0,1384.0,23.0,jasonwitten/2505629,4527.0,6405.0,,396134.0,WittJa00,jason-witten-1,3086.0,1990.0,,6405.0,184571.0,722.0,,Jason Witten,jason witten,4,5,36.0,1,0.0,0.0,31.0,15.0,1.0,2.6287205,0,1.1612903,0.22727273,0.22627737,0.49930325,Jason Witten,DAL,5.061999999999999,3.048427167509902,6.109999999999999,23.765071956437176,80.0,36.0,1.0,3.7800000000000007,3.1502003397569354,0.6297996602430653,00-0022127,Christopher,Witten,J.Witten,REG,DAL,LA,Jason Witten,WittJa00,0.0,1.0,0.2,136.2
2019,REG,15,00-0032256,C.Walford,TE,TE,MIA,12210,2e56cca7-b898-4aac-bbc5-b5bda9163be1,13956.0,9501.0,2373.0,clivewalford/2552397,2512593.0,28456.0,,1759387.0,WalfCl00,clive-walford-1,10127.0,10471.0,,28456.0,553616.0,16829.0,,Clive Walford,clive walford,2,4,34.0,0,0.0,0.0,38.0,19.0,2.0,1.8224995,0,0.8947368,0.09756097,0.10795455,0.22190964,,,,,,,,,,,,,,,,,REG,MIA,NYG,Clive Walford,WalfCl00,0.0,2.0,0.5,79.2
2019,REG,15,00-0031273,C.Brate,TE,TE,TB,12110,5afe93fd-0caf-4cca-83fc-7f405bebfa3e,13470.0,9207.0,2214.0,,17453.0,28267.0,,2132787.0,BratCa00,,10008.0,10193.0,,28267.0,552926.0,16593.0,552926.0,Cameron Brate,cameron brate,3,7,33.0,0,0.0,0.0,87.0,2.0,1.0,-1.7476897,0,0.37931034,0.17073171,0.19037199,0.38935795,Cameron Brate,TB,4.4383333333333335,1.8164557352266573,11.88,18.1718855844241,42.857142857142854,33.0,0.0,1.4466666666666654,2.743909258023431,-1.2972425913567656,00-0031273,Cameron,Brate,C.Brate,REG,TB,DET,Cameron Brate,BratCa00,0.0,0.0,0.0,57.4
2019,REG,15,00-0032135,J.James,TE,TE,DET,12211,a37a5bfd-b48c-4d8b-817a-d8ce7ca3592d,13959.0,9593.0,2463.0,jessejames/2552633,2979590.0,28548.0,,1983808.0,JameJe00,jesse-james-1,10150.0,10403.0,,28548.0,652019.0,16920.0,652019.0,Jesse James,jesse james,3,5,31.0,0,0.0,0.0,33.0,9.0,1.0,1.4695077,0,0.93939394,0.11627907,0.09322034,0.23967284,Jesse James,DET,6.085,4.187082632759664,6.164000000000001,9.078858220166733,60.0,31.0,0.0,3.3766666666666665,4.799030109370203,-1.4223634427035363,00-0032135,Jesse,James,J.James,REG,DET,TB,Jesse James,JameJe00,0.0,1.0,0.2,77.9
2019,REG,15,00-0033090,H.Henry,TE,TE,LAC,12676,705899da-3c20-4bc3-b5d0-2e6e40655131,15561.0,10669.0,3214.0,,3046439.0,29269.0,,2079848.0,HenrHu00,hunter-henry-1,10735.0,11299.0,212.0,29269.0,744425.0,17975.0,744425.0,Hunter Henry,hunter henry,2,2,29.0,0,1.0,1.0,26.0,3.0,1.0,-3.0849144,0,1.1153846,0.05263158,0.076246336,0.13231981,,,,,,,,,,,,,,,,,REG,LAC,MIN,Hunter Henry,HenrHu00,0.0,0.0,0.0,118.7
2019,REG,15,00-0033611,R.Seals-Jones,TE,TE,CLE,13382,52735659-a294-4f64-a7f4-3591450834e5,16730.0,12020.0,4531.0,,3051806.0,30494.0,,2080003.0,SealRi00,,11876.0,12463.0,,30494.0,744568.0,19410.0,744568.0,Ricky Seals-Jones,ricky seals-jones,3,4,29.0,2,1.0,1.0,25.0,5.0,2.0,-3.5326529,0,1.16,0.093023255,0.09191176,0.20387311,,,,,,,,,,,,,,,,,REG,CLE,ARI,Ricky Seals-Jones,SealRi00,0.0,0.0,0.0,134.4
2019,REG,15,00-0033080,S.DeValve,TE,TE,JAX,12792,a2451bf7-83dd-496c-b527-c14d8d518598,15671.0,10772.0,3296.0,,2566659.0,29372.0,,1984760.0,DevaSe00,,11221.0,11444.0,,29372.0,623676.0,18057.0,,Seth DeValve,seth devalve,2,2,23.0,0,0.0,0.0,16.0,7.0,2.0,1.9257805,0,1.4375,0.071428575,0.068085104,0.15480243,,,,,,,,,,,,,,,,,REG,JAX,OAK,Seth Devalve,DevaSe00,0.0,0.0,0.0,114.6
2019,REG,15,00-0033387,J.Hollister,TE,TE,SEA,13391,ad2a1d03-020b-487a-bd5f-7ca9fbc250fe,16527.0,12051.0,4421.0,,3125404.0,30661.0,,2818962.0,HollJa03,,12271.0,12491.0,,30661.0,696882.0,19281.0,696882.0,Jacob Hollister,jacob hollister,3,3,23.0,0,0.0,0.0,0.0,23.0,0.0,2.4635246,0,0.0,0.12,0.0,0.18,,,,,,,,,,,,,,,,,REG,SEA,CAR,Jacob Hollister,HollJa03,0.0,0.0,0.0,98.6
2019,REG,15,00-0034365,I.Thomas,TE,TE,CAR,13678,ed8a8fd2-df67-45e7-a34f-984afb82f6ea,17387.0,42130.0,4995.0,,4045305.0,31071.0,,2253359.0,ThomIa00,ian-thomas-3,12858.0,13163.0,323.0,31071.0,943093.0,19910.0,943093.0,Ian Thomas,ian thomas,2,3,23.0,0,0.0,0.0,8.0,17.0,2.0,1.4308119,0,2.875,0.07692308,0.033755273,0.1390133,,,,,,,,,,,,,,,,,REG,CAR,SEA,Ian Thomas,ThomIa00,0.0,1.0,0.333,89.6
2019,REG,15,00-0031744,M.LaCosse,TE,TE,NE,12596,25e58aee-1b33-4468-9a81-6586426b91d5,14288.0,9840.0,2944.0,mattlacosse/2553667,2576179.0,28875.0,,2174931.0,,,10727.0,10980.0,,28875.0,606055.0,17415.0,606055.0,Matt LaCosse,matt lacosse,3,3,22.0,0,0.0,0.0,14.0,8.0,1.0,0.8258604,0,1.5714285,0.10714286,0.089171976,0.22313467,,,,,,,,,,,,,,,,,,,,,,,,,
2019,REG,15,00-0030181,J.Doyle,TE,TE,IND,11516,bd413539-9351-454e-9d61-4e8635d7e9f5,11987.0,8520.0,1706.0,jackdoyle/2540232,16504.0,27299.0,,2041264.0,DoylJa00,,9081.0,9075.0,,27299.0,477386.0,15602.0,477386.0,Jack Doyle,jack doyle,2,5,21.0,0,0.0,0.0,46.0,8.0,2.0,-1.9598831,0,0.45652175,0.15151516,0.13450292,0.32142478,Jack Doyle,IND,6.236666666666667,3.4399773443103214,9.238,13.921875941889203,40.0,21.0,0.0,4.164999999999999,5.114354289968105,-0.949354289968106,00-0030181,John,Doyle,J.Doyle,REG,IND,NO,Jack Doyle,DoylJa00,0.0,0.0,0.0,52.9
2019,REG,15,00-0032392,A.Hooper,TE,TE,ATL,12677,90c2a93f-d837-4e1b-b57c-56648903a8db,15581.0,10715.0,3202.0,,3043275.0,29315.0,,2067004.0,HoopAu00,austin-hooper-1,10748.0,11301.0,384.0,29315.0,739424.0,17963.0,739424.0,Austin Hooper,austin hooper,3,6,20.0,0,0.0,0.0,23.0,24.0,1.0,-1.4508414,0,0.8695652,0.15384616,0.09126984,0.29465812,Austin Hooper,ATL,6.49,2.0723769453831458,4.963333333333333,11.106552791556334,50.0,20.0,0.0,8.290000000000001,11.156233310736525,-2.866233310736524,00-0032392,Austin,Hooper,A.Hooper,REG,ATL,SF,Austin Hooper,HoopAu00,0.0,0.0,0.0,57.6
2019,REG,15,00-0034830,H.Hurst,TE,TE,BAL,13680,1b125fc4-5dd9-4eb9-a42f-048e61ca42b7,17283.0,47294.0,4973.0,,3924365.0,30995.0,,2185053.0,HursHa00,hayden-hurst-1,12467.0,13098.0,8.0,30995.0,881956.0,19843.0,881956.0,Hayden Hurst,hayden hurst,1,2,19.0,0,0.0,0.0,33.0,10.0,1.0,0.8435669,0,0.57575756,0.09090909,0.1392405,0.23383199,,,,,,,,,,,,,,,,,REG,BAL,NYJ,Hayden Hurst,HursHa00,1.0,0.0,0.0,83.3
2019,REG,15,00-0028112,C.Clay,TE,TE,ARI,10409,04ca4fb9-194e-47fe-8fc8-adb5790a8e78,10003.0,6326.0,801.0,charlesclay/2495139,14145.0,24961.0,,1265552.0,ClayCh00,charles-clay-1,7424.0,6681.0,,24961.0,400516.0,12751.0,,Charles Clay,charles clay,1,2,18.0,0,0.0,0.0,10.0,17.0,1.0,-4.121145,0,1.8,0.1,0.07633588,0.20343511,,,,,,,,,,,,,,,,,REG,ARI,CLE,Charles Clay,ClayCh00,0.0,0.0,0.0,41.7
2019,REG,15,00-0033246,J.Mundt,TE,TE,LA,13940,6414998b-5831-44aa-8bd8-39e42a323c2c,16743.0,12206.0,4314.0,,3052096.0,30373.0,,2818622.0,MundJo00,,12316.0,12525.0,,30373.0,740704.0,19165.0,740704.0,Johnny Mundt,johnny mundt,2,3,15.0,0,0.0,0.0,16.0,3.0,1.0,-0.7467325,0,0.9375,0.05882353,0.05015674,0.12334501,,,,,,,,,,,,,,,,,REG,LA,DAL,Johnny Mundt,MundJo00,0.0,0.0,0.0,78.5
2019,REG,15,00-0032214,T.Kroft,TE,TE,BUF,12212,36f54823-9d51-4180-9c91-d10281deb4bf,13960.0,9518.0,2390.0,tylerkroft/2552586,2582410.0,28473.0,,1824200.0,KrofTy00,tyler-kroft-1,10247.0,10490.0,,28473.0,592268.0,16846.0,592268.0,Tyler Kroft,tyler kroft,1,1,14.0,1,0.0,0.0,14.0,0.0,1.0,3.509095,0,1.0,0.041666668,0.057613168,0.10282922,,,,,,,,,,,,,,,,,REG,BUF,PIT,Tyler Kroft,KrofTy00,0.0,0.0,0.0,158.3
2019,REG,15,00-0034613,T.Hudson,TE,TE,TB,14370,2fa75e05-cac4-4b40-8924-dbc9ae0c959c,17826.0,66924.0,5409.0,,3050481.0,31257.0,,2926606.0,,,13286.0,,,31257.0,1115394.0,20506.0,1115394.0,Tanner Hudson,tanner hudson,1,1,14.0,0,0.0,0.0,12.0,2.0,1.0,0.9080679,0,1.1666666,0.024390243,0.026258206,0.05496611,,,,,,,,,,,,,,,,,,,,,,,,,
2019,REG,15,00-0030155,D.Harris,TE,TE,CLE,11448,8506c15c-15cc-4d2c-aebf-270c605fe0ec,11881.0,8524.0,1619.0,demetriusharris/2541187,16318.0,27174.0,,2060074.0,HarrDe03,,9847.0,8683.0,,27174.0,602269.0,15305.0,602269.0,Demetrius Harris,demetrius harris,1,2,13.0,0,0.0,0.0,13.0,5.0,1.0,1.0787338,0,1.0,0.046511628,0.04779412,0.103223324,,,,,,,,,,,,,,,,,REG,CLE,ARI,Demetrius Harris,HarrDe03,2.0,1.0,0.5,70.8
2019,REG,15,00-0033338,C.Carter,TE,TE,CIN,13369,53fd9a69-1b10-4fd6-90e7-ee84cca9e041,16543.0,47149.0,4362.0,,3040470.0,30577.0,,2060620.0,CartCe00,,11889.0,12499.0,,30577.0,728274.0,19219.0,728274.0,Cethan Carter,cethan carter,2,2,13.0,1,0.0,0.0,8.0,5.0,2.0,2.8364527,0,1.625,0.06896552,0.0349345,0.12790242,,,,,,,,,,,,,,,,,REG,CIN,NE,Cethan Carter,CartCe00,0.0,0.0,0.0,133.3
2019,REG,15,00-0033528,J.Sprinkle,TE,TE,WAS,13194,2dcc8e56-ac32-4774-a011-b1e65ca73786,16461.0,11909.0,4221.0,,2980073.0,30267.0,,1999945.0,SpriJe00,jeremy-sprinkle-1,11899.0,12368.0,,30267.0,693833.0,19067.0,693833.0,Jeremy Sprinkle,jeremy sprinkle,2,2,13.0,0,0.0,0.0,13.0,0.0,1.0,1.0125635,0,1.0,0.074074075,0.06467662,0.15638474,,,,,,,,,,,,,,,,,REG,WAS,PHI,Jeremy Sprinkle,SpriJe00,0.0,0.0,0.0,93.7
2019,REG,15,00-0035689,D.Knox,TE,TE,BUF,14143,5fb525c5-4e70-4ede-8c49-94ad0cf66b7d,18631.0,35883.0,5906.0,,3930086.0,31928.0,,2186345.0,KnoxDa00,dawson-knox-1,13466.0,13953.0,88.0,31928.0,884083.0,20850.0,884083.0,Dawson Knox,dawson knox,1,1,11.0,0,0.0,0.0,10.0,1.0,1.0,0.7013595,0,1.1,0.041666668,0.041152265,0.09130658,,,,,,,,,,,,,,,,,REG,BUF,PIT,Dawson Knox,KnoxDa00,0.0,0.0,0.0,112.5
2019,REG,15,00-0035539,I.Nauta,TE,TE,DET,14144,e0755328-7fe1-4df7-9dfb-93e9cf9ef5be,18601.0,47119.0,5957.0,,4035014.0,32056.0,,2240213.0,NautIs00,isaac-nauta-1,13528.0,14285.0,,32056.0,914008.0,20893.0,914008.0,Isaac Nauta,isaac nauta,1,2,10.0,0,0.0,0.0,2.0,7.0,1.0,0.59339315,0,5.0,0.046511628,0.0056497175,0.07372224,,,,,,,,,,,,,,,,,REG,DET,TB,Isaac Nauta,NautIs00,0.0,1.0,0.5,64.6
2019,REG,15,00-0028042,L.Stocker,TE,TE,ATL,10354,5b712aed-201c-43dd-b978-b7b6ef91178e,9948.0,6256.0,963.0,lukestocker/2495234,14099.0,24891.0,7589.0,1125485.0,StocLu00,luke-stocker-1,7413.0,6552.0,,24891.0,334186.0,13370.0,334186.0,Luke Stocker,luke stocker,1,1,9.0,0,0.0,0.0,1.0,8.0,0.0,0.7869349,0,9.0,0.025641026,0.003968254,0.041239318,,,,,,,,,,,,,,,,,REG,ATL,SF,Luke Stocker,StocLu00,0.0,0.0,0.0,104.2
2019,REG,15,00-0035562,J.Horsted,TE,TE,CHI,14752,48c56733-6644-42ee-9020-07bd2deba1ad,18482.0,91465.0,6075.0,,3940587.0,32576.0,,3117107.0,,,13639.0,,,32576.0,0.0,20812.0,881708.0,Jesper Horsted,jesper horsted,1,3,9.0,0,0.0,0.0,14.0,4.0,0.0,-1.228563,0,0.64285713,0.06,0.030837005,0.1115859,,,,,,,,,,,,,,,,,,,,,,,,,
2019,REG,15,00-0032134,C.Uzomah,TE,TE,CIN,12317,19858900-5c8e-49a7-ab02-34ef625724ca,14084.0,9590.0,2460.0,c.j.uzomah/2552559,2574576.0,28545.0,,2174118.0,UzomC.00,cj-uzomah-1,10462.0,10534.0,,28545.0,593305.0,16917.0,593305.0,C.J. Uzomah,cj uzomah,1,2,8.0,0,0.0,0.0,13.0,3.0,0.0,-0.2766054,0,0.61538464,0.06896552,0.05676856,0.14318627,,,,,,,,,,,,,,,,,REG,CIN,NE,C.J. Uzomah,UzomC.00,0.0,1.0,0.5,60.4
2019,REG,15,00-0034970,I.Smith,TE,TE,MIN,14141,ed0e6a30-83d5-4f4b-bf49-f7ff80e21304,18610.0,42060.0,6126.0,,4040980.0,31882.0,,2257888.0,SmitIr01,irv-smith-jr-1,13583.0,14052.0,,31882.0,944428.0,20949.0,944428.0,Irv Smith,irv smith,2,3,8.0,1,0.0,0.0,34.0,0.0,1.0,-0.044262573,0,0.23529412,0.125,0.17435898,0.30955127,,,,,,,,,,,,,,,,,REG,MIN,LAC,Irv Smith Jr.,SmitIr01,0.0,0.0,0.0,109.7
2019,REG,15,00-0033455,A.Firkser,TE,TE,TEN,13919,b0719e3d-199b-46e5-a2b4-1091f6fd5c0d,16787.0,51837.0,4435.0,,3049698.0,30571.0,,2818971.0,FirkAn00,,12235.0,12691.0,,30571.0,767297.0,19296.0,767297.0,Anthony Firkser,anthony firkser,1,4,7.0,0,0.0,0.0,35.0,4.0,0.0,-13.21675,0,0.2,0.11111111,0.091383815,0.23063533,,,,,,,,,,,,,,,,,REG,TEN,HOU,Anthony Firkser,FirkAn00,0.0,0.0,0.0,0.0
2019,REG,15,00-0034364,J.Akins,TE,TE,HOU,13753,0cb5a32a-a340-4671-ba2a-93f5fa6aee8d,17415.0,47050.0,5032.0,,3128452.0,31068.0,,2142712.0,AkinJo00,jordan-akins-1,12568.0,13238.0,,31068.0,838396.0,19903.0,838396.0,Jordan Akins,jordan akins,2,2,7.0,0,0.0,0.0,6.0,1.0,0.0,-0.32289785,0,1.1666666,0.08,0.025423728,0.13779661,,,,,,,,,,,,,,,,,REG,HOU,TEN,Jordan Akins,AkinJo00,0.0,0.0,0.0,81.2
2019,REG,15,00-0034393,T.Fumagalli,TE,TE,DEN,13673,579d92e6-ab4f-43e0-803f-b2d5a54d106a,17273.0,47333.0,5092.0,,3045264.0,31126.0,,2071777.0,FumaTr00,troy-fumagalli-2,12808.0,13270.0,,31126.0,742474.0,19973.0,742474.0,Troy Fumagalli,troy fumagalli,1,1,7.0,0,0.0,0.0,3.0,4.0,0.0,0.25856805,0,2.3333333,0.025,0.012345679,0.046141975,,,,,,,,,,,,,,,,,REG,DEN,KC,Troy Fumagalli,FumaTr00,0.0,0.0,0.0,95.8
2019,REG,15,00-0024243,M.Lewis,TE,TE,GB,8269,9c21e9af-681c-41ef-9b00-fbc9e1668ed1,9413.0,2973.0,111.0,marcedeslewis/2495888,9614.0,7777.0,4007.0,415313.0,LewiMa00,marcedes-lewis-1,4891.0,3615.0,,7777.0,214197.0,3061.0,214197.0,Marcedes Lewis,marcedes lewis,1,1,6.0,0,0.0,0.0,0.0,6.0,0.0,0.04423191,0,0.0,0.033333335,0.0,0.05,,,,,,,,,,,,,,,,,REG,GB,CHI,Marcedes Lewis,LewiMa00,0.0,0.0,0.0,91.7
2019,REG,15,00-0034011,D.Arnold,TE,TE,ARI,13880,d479a777-b53b-4bbf-a8e4-0c1675ac48df,17143.0,51842.0,4741.0,,4212989.0,30891.0,,2835170.0,ArnoDa00,,12276.0,12972.0,,30891.0,1053627.0,19659.0,1053627.0,Dan Arnold,dan arnold,1,1,6.0,1,0.0,0.0,6.0,0.0,1.0,2.3091793,0,1.0,0.05,0.045801528,0.107061066,,,,,,,,,,,,,,,,,REG,ARI,CLE,Dan Arnold,ArnoDa00,0.0,0.0,0.0,131.2
2019,REG,15,00-0029119,D.Carrier,TE,TE,LV,10940,d3fab07b-f02a-433d-9612-cb0a751f324d,11417.0,7406.0,1718.0,derekcarrier/2534241,15403.0,26416.0,,1977121.0,CarrDe00,,9203.0,7527.0,,26416.0,654887.0,15640.0,654887.0,Derek Carrier,derek carrier,1,2,5.0,0,0.0,0.0,22.0,1.0,0.0,-0.7388236,0,0.22727273,0.06451613,0.14379086,0.1974278,,,,,,,,,,,,,,,,,REG,OAK,JAX,Derek Carrier,CarrDe00,0.0,0.0,0.0,56.2
2019,REG,15,00-0030216,J.Hill,TE,TE,NO,11529,687cdc33-bd0d-4b70-adb3-33f97dc26a3c,13565.0,8200.0,1777.0,joshhill/2541834,16143.0,26950.0,,2060083.0,HillJo02,,9071.0,8764.0,,26950.0,469509.0,15866.0,,Josh Hill,josh hill,1,1,5.0,1,0.0,0.0,5.0,0.0,1.0,0.9728688,0,1.0,0.033333335,0.024752475,0.06732673,,,,,,,,,,,,,,,,,REG,NO,IND,Josh Hill,HillJo02,0.0,0.0,0.0,127.1
2019,REG,15,00-0033757,R.Tonyan,TE,TE,GB,13427,7c9c7800-69d0-459b-812b-a07ac48e9f2a,16502.0,12193.0,4602.0,,2975674.0,30777.0,,2820026.0,TonyRo00,,12389.0,12868.0,,30777.0,660151.0,19491.0,660151.0,Robert Tonyan,robert tonyan,1,2,5.0,0,0.0,0.0,21.0,5.0,0.0,-1.6263051,0,0.23809524,0.06666667,0.069078945,0.14835526,,,,,,,,,,,,,,,,,REG,GB,CHI,Robert Tonyan,TonyRo00,0.0,0.0,0.0,56.2
2019,REG,15,00-0031558,M.Williams,TE,TE,ARI,12206,52f4a43a-64a9-4d69-a9e2-28bd60f68e49,13919.0,9488.0,2360.0,,2970726.0,28443.0,,1983769.0,WillMa04,maxx-williams-1,10128.0,10298.0,,28443.0,651658.0,16816.0,651658.0,Maxx Williams,maxx williams,1,1,4.0,0,0.0,0.0,0.0,4.0,0.0,-0.31324643,0,0.0,0.05,0.0,0.075,,,,,,,,,,,,,,,,,REG,ARI,CLE,Maxx Williams,WillMa04,1.0,0.0,0.0,83.3
2019,REG,15,00-0032098,D.Brown,TE,TE,NYJ,12585,1b016b52-62ba-4da9-9ead-6bad689f8d33,14470.0,10144.0,2751.0,,2519013.0,29102.0,,2175305.0,BrowDa04,,10713.0,11092.0,,29102.0,561380.0,17219.0,561380.0,Daniel Brown,daniel brown,1,2,4.0,0,0.0,0.0,21.0,3.0,0.0,-4.7516932,0,0.1904762,0.06896552,0.0875,0.16469827,,,,,,,,,,,,,,,,,REG,NYJ,BAL,Daniel Brown,BrowDa04,0.0,0.0,0.0,16.7
2019,REG,15,00-0035222,Z.Gentry,TE,TE,PIT,14240,58f18567-a050-49c4-aeca-b34499338b37,18690.0,36049.0,6018.0,,3929924.0,31973.0,,2185708.0,GentZa00,zach-gentry-2,13511.0,14247.0,,31973.0,883079.0,20770.0,883079.0,Zach Gentry,zach gentry,1,1,4.0,0,0.0,0.0,2.0,2.0,1.0,1.0050207,0,2.0,0.027777778,0.006535948,0.04624183,,,,,,,,,,,,,,,,,REG,PIT,BUF,Zach Gentry,GentZa00,1.0,0.0,0.0,83.3
2019,REG,15,00-0029738,D.Fells,TE,TE,HOU,11337,54d4e35a-2e6c-48f6-86ad-92dd596c173c,13636.0,8549.0,1592.0,darrenfells/2540928,15773.0,26612.0,,2053740.0,FellDa01,,9758.0,8472.0,,26612.0,266414.0,15247.0,266414.0,Darren Fells,darren fells,1,2,2.0,0,0.0,0.0,2.0,2.0,0.0,-1.305174,0,1.0,0.08,0.008474576,0.1259322,,,,,,,,,,,,,,,,,REG,HOU,TEN,Darren Fells,FellDa01,0.0,0.0,0.0,56.2
2019,REG,15,00-0031167,S.Simonson,TE,TE,NYG,12138,b77aa319-b97f-4316-84c5-e51390432644,13839.0,8954.0,2040.0,,17391.0,28215.0,,2130881.0,,,10016.0,10143.0,,28215.0,564881.0,16327.0,,Scott Simonson,scott simonson,1,1,1.0,0,0.0,0.0,1.0,0.0,0.0,-0.04524401,0,1.0,0.03448276,0.0034246575,0.054121397,,,,,,,,,,,,,,,,,,,,,,,,,
2019,REG,15,00-0027696,J.Graham,TE,TE,GB,9925,fd85786d-3900-4dc0-9b30-334ee30413ed,9712.0,5619.0,616.0,jimmygraham/497236,13232.0,24070.0,6610.0,1691166.0,GrahJi00,jimmy-graham-1,6532.0,5842.0,,24070.0,295918.0,11488.0,295918.0,Jimmy Graham,jimmy graham,1,4,0.0,0,0.0,0.0,35.0,1.0,0.0,-2.8561673,0,0.0,0.13333334,0.11513158,0.2805921,,,,,,,,,,,,,,,,,REG,GB,CHI,Jimmy Graham,GrahJi00,0.0,0.0,0.0,39.6
2019,REG,15,00-0031260,L.Thomas,TE,TE,DET,11647,b24625a0-d402-4d59-a778-aa4b073bfe5e,12095.0,8755.0,2251.0,loganthomas/2543767,16813.0,27648.0,,1691193.0,ThomLo00,logan-thomas-1,9323.0,9354.0,,27648.0,507528.0,16656.0,507528.0,Logan Thomas,logan thomas,0,4,0.0,0,0.0,0.0,25.0,0.0,0.0,-3.3742697,0,0.0,0.093023255,0.07062147,0.18896991,,,,,,,,,,,,,,,,,REG,DET,TB,Logan Thomas,ThomLo00,0.0,0.0,0.0,39.6
2019,REG,15,00-0032227,J.Heuerman,TE,TE,DEN,12208,1fe3aadd-336b-4838-888e-8c9609747afc,13961.0,9525.0,2397.0,jeffheuerman/2552399,2576389.0,28480.0,,1824413.0,HeueJe00,jeff-heuerman-1,10246.0,10492.0,,28480.0,593517.0,16853.0,,Jeff Heuerman,jeff heuerman,0,1,0.0,0,0.0,0.0,3.0,0.0,0.0,-0.5176908,0,0.0,0.025,0.012345679,0.046141975,,,,,,,,,,,,,,,,,REG,DEN,KC,Jeff Heuerman,HeueJe00,0.0,0.0,0.0,39.6
2019,REG,15,00-0032986,J.Holtz,TE,TE,CHI,14372,8d3ac8d8-e18f-4485-acc6-55c79adcc2a8,16022.0,11062.0,3695.0,,2970262.0,29666.0,,2237671.0,HoltJ.01,,11364.0,11813.0,,29666.0,692334.0,18498.0,692334.0,J.P. Holtz,jp holtz,1,1,-1.0,0,0.0,0.0,-1.0,0.0,0.0,-0.9292527,0,0.0,0.02,-0.002202643,0.02845815,,,,,,,,,,,,,,,,,REG,CHI,GB,J.P. Holtz,HoltJ.01,0.0,0.0,0.0,79.2
2019,REG,16,00-0033110,T.Higbee,TE,TE,LA,12678,0df7912d-9e81-47ea-b4f7-d04986df4ee8,15623.0,10744.0,3271.0,,2573401.0,29344.0,,1853103.0,HigbTy00,tyler-higbee-1,10854.0,11430.0,159.0,29344.0,604176.0,18032.0,604176.0,Tyler Higbee,tyler higbee,9,11,104.0,0,0.0,0.0,77.0,55.0,6.0,5.1704774,0,1.3506494,0.2820513,0.27304965,0.6142117,Tyler Higbee,LAR,9.105,2.981320447658821,6.510000000000002,27.714993420543394,81.81818181818183,104.0,0.0,6.571111111111112,5.269943893375425,1.3011672177356868,00-0033110,Tyler,Higbee,T.Higbee,REG,LA,SF,Tyler Higbee,HigbTy00,0.0,0.0,0.0,106.1
2019,REG,16,00-0034753,M.Andrews,TE,TE,BAL,13671,0618f387-9b72-4270-8b8f-dec4cccc9e4a,17269.0,47436.0,5012.0,,3116365.0,31056.0,,2131121.0,AndrMa00,mark-andrews-1,12559.0,13182.0,366.0,31056.0,820699.0,19803.0,820699.0,Mark Andrews,mark andrews,6,9,93.0,2,0.0,0.0,79.0,32.0,4.0,3.9645298,0,1.1772152,0.3,0.34801763,0.69361234,Mark Andrews,BAL,6.544,3.678924004830904,9.50111111111111,38.65732368896926,66.66666666666666,93.0,2.0,5.253333333333332,4.910893202596678,0.34244013073665425,00-0034753,Mark,Andrews,M.Andrews,REG,BAL,CLE,Mark Andrews,AndrMa00,0.0,0.0,0.0,140.3
2019,REG,16,00-0034351,D.Goedert,TE,TE,PHI,13674,e8029983-87cf-49a2-bc04-04c8233a0630,17270.0,47272.0,5022.0,,3121023.0,31019.0,,2132551.0,GoedDa00,,12860.0,13151.0,382.0,31019.0,791365.0,19863.0,791365.0,Dallas Goedert,dallas goedert,9,12,91.0,1,0.0,0.0,90.0,26.0,6.0,5.023205,0,1.0111111,0.3,0.44334975,0.7603448,Dallas Goedert,PHI,5.6118181818181805,2.77396621004713,8.496666666666666,49.2750821573555,75.0,91.0,1.0,3.3333333333333335,3.054676959563216,0.2786563737701173,00-0034351,Dallas,Goedert,D.Goedert,REG,PHI,DAL,Dallas Goedert,GoedDa00,0.0,0.0,0.0,124.0
2019,REG,16,00-0027061,J.Cook,TE,TE,NO,9474,3b7a1409-d154-4e5c-8c94-9d4a0e0993c7,9265.0,5012.0,367.0,jaredcook/71265,12537.0,9353.0,6126.0,584314.0,CookJa02,jared-cook-2,5981.0,5165.0,,9353.0,296480.0,8534.0,296480.0,Jared Cook,jared cook,3,4,84.0,2,0.0,0.0,48.0,48.0,2.0,6.084304,0,1.75,0.102564104,0.17204301,0.27427626,,,,,,,,,,,,,,,,,REG,NO,TEN,Jared Cook,CookJa02,1.0,0.0,0.0,156.2
2019,REG,16,00-0032392,A.Hooper,TE,TE,ATL,12677,90c2a93f-d837-4e1b-b57c-56648903a8db,15581.0,10715.0,3202.0,,3043275.0,29315.0,,2067004.0,HoopAu00,austin-hooper-1,10748.0,11301.0,384.0,29315.0,739424.0,17963.0,739424.0,Austin Hooper,austin hooper,7,9,82.0,0,0.0,0.0,78.0,17.0,3.0,1.9750191,0,1.051282,0.20930232,0.19796954,0.45253217,Austin Hooper,ATL,4.7725,2.3725086661099275,8.743333333333332,20.533896978237042,77.77777777777779,82.0,0.0,2.6785714285714297,2.227779900046079,0.45079152852535076,00-0032392,Austin,Hooper,A.Hooper,REG,ATL,JAX,Austin Hooper,HoopAu00,0.0,1.0,0.111,104.6
2019,REG,16,00-0034829,M.Gesicki,TE,TE,MIA,13672,1012cbe0-7eba-4169-bfca-183a0204e1a7,17272.0,47153.0,4993.0,,3116164.0,31012.0,,2139298.0,GesiMi00,mike-gesicki-1,12764.0,13104.0,330.0,31012.0,836152.0,19853.0,836152.0,Mike Gesicki,mike gesicki,6,12,82.0,2,0.0,0.0,152.0,11.0,4.0,2.287019,0,0.5394737,0.23529412,0.29457363,0.5591427,Mike Gesicki,MIA,6.913749999999999,1.8763332494315168,13.961666666666666,33.2830068735349,50.0,82.0,2.0,2.3299999999999996,2.2055675767957155,0.12443242320428416,00-0034829,Michael,Gesicki,M.Gesicki,REG,MIA,CIN,Mike Gesicki,GesiMi00,0.0,0.0,0.0,111.8
2019,REG,16,00-0033288,G.Kittle,TE,TE,SF,13299,2ada91b0-036e-454f-83c3-6d939ff584a9,16499.0,11901.0,4217.0,,3040151.0,30259.0,,2818265.0,KittGe00,george-kittle-1,11892.0,12276.0,298.0,30259.0,733672.0,19063.0,733672.0,George Kittle,george kittle,5,8,79.0,1,0.0,0.0,59.0,48.0,5.0,3.8776248,0,1.338983,0.2962963,0.28502417,0.64396137,George Kittle,SF,4.78,3.489011717771585,7.680000000000001,27.488702966310235,62.5,79.0,1.0,9.85,7.248937515636226,2.6010624843637737,00-0033288,George,Kittle,G.Kittle,REG,SF,LA,George Kittle,KittGe00,0.0,1.0,0.125,134.9
2019,REG,16,00-0030506,T.Kelce,TE,TE,KC,11244,c3859e06-5f23-4302-a71b-04820a899d5f,11594.0,7844.0,1466.0,traviskelce/2540258,15847.0,26686.0,,1725130.0,KelcTr00,travis-kelce-1,8783.0,8411.0,264.0,26686.0,448240.0,15048.0,448240.0,Travis Kelce,travis kelce,8,9,74.0,1,0.0,0.0,55.0,29.0,5.0,4.189621,0,1.3454546,0.3,0.24229075,0.6196035,Travis Kelce,KC,6.681111111111111,3.918710598155155,5.954444444444444,25.335665658093802,88.88888888888889,74.0,1.0,3.645,4.34790315626077,-0.7029031562607702,00-0030506,Travis,Kelce,T.Kelce,REG,KC,CHI,Travis Kelce,KelcTr00,0.0,0.0,0.0,138.0
2019,REG,16,00-0033387,J.Hollister,TE,TE,SEA,13391,ad2a1d03-020b-487a-bd5f-7ca9fbc250fe,16527.0,12051.0,4421.0,,3125404.0,30661.0,,2818962.0,HollJa03,,12271.0,12491.0,,30661.0,696882.0,19281.0,696882.0,Jacob Hollister,jacob hollister,5,6,64.0,0,0.0,0.0,50.0,26.0,4.0,4.857067,0,1.28,0.20689656,0.17301038,0.4314521,Jacob Hollister,SEA,4.7725,3.2175713864878106,7.27,15.995013017491106,83.33333333333334,64.0,0.0,5.612,4.938994479854591,0.6730055201454093,00-0033387,Jacob,Hollister,J.Hollister,REG,SEA,ARI,Jacob Hollister,HollJa03,0.0,0.0,0.0,111.1
2019,REG,16,00-0033858,J.Smith,TE,TE,TEN,13193,e4f25a37-74de-4bfb-b6c9-f50a4fab0b87,16460.0,11855.0,4144.0,,3054212.0,30213.0,,2081506.0,SmitJo01,jonnu-smith-1,11807.0,12344.0,84.0,30213.0,743749.0,18990.0,743749.0,Jonnu Smith,jonnu smith,3,4,63.0,1,0.0,0.0,16.0,51.0,2.0,4.1911154,0,3.9375,0.16,0.071428575,0.29,,,,,,,,,,,,,,,,,REG,TEN,NO,Jonnu Smith,SmitJo01,0.0,1.0,0.25,156.2
2019,REG,16,00-0030549,T.Eifert,TE,TE,CIN,11250,14ecf9dd-3a77-4847-8e62-407cd1182f1c,11692.0,7802.0,1388.0,tylereifert/2540148,15788.0,26644.0,,1691608.0,EifeTy00,tyler-eifert-1,8782.0,8408.0,,26644.0,508968.0,14918.0,,Tyler Eifert,tyler eifert,4,8,57.0,1,0.0,0.0,67.0,11.0,3.0,2.769494,1,0.8507463,0.14814815,0.11394558,0.30198413,Tyler Eifert,CIN,5.928571428571429,1.9761086270488244,9.825,13.364619465415222,50.0,57.0,1.0,2.672500000000001,2.63327032351523,0.03922967648477105,00-0030549,Tyler,Eifert,T.Eifert,REG,CIN,MIA,Tyler Eifert,EifeTy00,0.0,0.0,0.0,113.0
2019,REG,16,00-0033879,O.Howard,TE,TE,TB,13188,93ed8c6f-b676-46d3-bf82-6155e89b4a68,16380.0,11774.0,4055.0,,3043080.0,30132.0,,2061190.0,HowaO.00,oj-howard-1,11806.0,12161.0,,30132.0,732147.0,18901.0,732147.0,O.J. Howard,oj howard,3,7,46.0,0,0.0,0.0,130.0,2.0,2.0,0.594163,0,0.35384616,0.14893617,0.20866774,0.36947167,O.J. Howard,TB,4.282,2.3266998300058392,16.488571428571426,19.419533944645412,42.857142857142854,46.0,0.0,0.6466666666666706,1.8265171806569924,-1.179850513990322,00-0033879,O'Terrius,Howard,O.Howard,REG,TB,HOU,O.J. Howard,HowaO.00,0.0,1.0,0.143,65.2
2019,REG,16,00-0033080,S.DeValve,TE,TE,JAX,12792,a2451bf7-83dd-496c-b527-c14d8d518598,15671.0,10772.0,3296.0,,2566659.0,29372.0,,1984760.0,DevaSe00,,11221.0,11444.0,,29372.0,623676.0,18057.0,,Seth DeValve,seth devalve,3,6,45.0,0,0.0,0.0,31.0,33.0,2.0,0.82321614,0,1.451613,0.19354838,0.13025211,0.38149905,Seth DeValve,JAX,4.245,2.673453335650528,4.423333333333333,12.08340921507922,50.0,45.0,0.0,10.896666666666667,8.897101934862198,1.999564731804469,00-0033080,Seth,DeValve,S.DeValve,REG,JAX,ATL,Seth Devalve,DevaSe00,0.0,0.0,0.0,75.0
2019,REG,16,00-0033090,H.Henry,TE,TE,LAC,12676,705899da-3c20-4bc3-b5d0-2e6e40655131,15561.0,10669.0,3214.0,,3046439.0,29269.0,,2079848.0,HenrHu00,hunter-henry-1,10735.0,11299.0,212.0,29269.0,744425.0,17975.0,744425.0,Hunter Henry,hunter henry,5,7,45.0,0,0.0,0.0,50.0,26.0,2.0,1.0585343,0,0.9,0.1891892,0.24630542,0.4561976,Hunter Henry,LAC,6.346666666666667,2.6487864536096777,7.327142857142854,23.54480352552331,71.42857142857143,45.0,0.0,4.620000000000002,4.248889221838596,0.37111077816140625,00-0033090,Hunter,Henry,H.Henry,REG,LAC,OAK,Hunter Henry,HenrHu00,0.0,0.0,0.0,88.4
2019,REG,16,00-0031610,D.Waller,TE,TE,LV,12263,14c97c9f-26e8-4944-9299-f90de6aeada3,14104.0,9637.0,2505.0,,2576925.0,28592.0,,1850793.0,WallDa01,darren-waller-1,10215.0,10433.0,,28592.0,600191.0,16964.0,600191.0,Darren Waller,darren waller,4,4,37.0,0,0.0,0.0,19.0,18.0,2.0,1.952783,0,1.9473684,0.13793103,0.14728682,0.30999732,,,,,,,,,,,,,,,,,REG,OAK,LAC,Darren Waller,WallDa01,0.0,0.0,0.0,105.2
2019,REG,16,00-0032134,C.Uzomah,TE,TE,CIN,12317,19858900-5c8e-49a7-ab02-34ef625724ca,14084.0,9590.0,2460.0,c.j.uzomah/2552559,2574576.0,28545.0,,2174118.0,UzomC.00,cj-uzomah-1,10462.0,10534.0,,28545.0,593305.0,16917.0,593305.0,C.J. Uzomah,cj uzomah,4,4,37.0,1,0.0,0.0,25.0,12.0,2.0,3.4587302,0,1.48,0.074074075,0.042517006,0.14087301,,,,,,,,,,,,,,,,,REG,CIN,MIA,C.J. Uzomah,UzomC.00,0.0,0.0,0.0,144.8
2019,REG,16,00-0031558,M.Williams,TE,TE,ARI,12206,52f4a43a-64a9-4d69-a9e2-28bd60f68e49,13919.0,9488.0,2360.0,,2970726.0,28443.0,,1983769.0,WillMa04,maxx-williams-1,10128.0,10298.0,,28443.0,651658.0,16816.0,651658.0,Maxx Williams,maxx williams,2,2,36.0,0,0.0,0.0,26.0,10.0,1.0,1.6939291,0,1.3846154,0.074074075,0.117117114,0.19309309,,,,,,,,,,,,,,,,,REG,ARI,SEA,Maxx Williams,WillMa04,0.0,0.0,0.0,118.7
2019,REG,16,00-0034988,K.Smith,TE,TE,NYG,14142,7bb7f5e7-f00e-47d8-954d-90bf5baf4292,18293.0,40973.0,6146.0,,4044452.0,32008.0,,2251343.0,SmitKa00,kaden-smith-1,13516.0,14217.0,,32008.0,924018.0,20946.0,924018.0,Kaden Smith,kaden smith,6,8,35.0,2,0.0,0.0,30.0,14.0,2.0,4.703735,0,1.1666666,0.20512821,0.094936706,0.374148,Kaden Smith,NYG,3.2283333333333335,3.239806583168925,4.645000000000001,10.523930897762677,75.0,35.0,2.0,2.2199999999999993,3.4663510680278287,-1.2463510680278294,00-0034988,Kaden,Smith,K.Smith,REG,NYG,WAS,Kaden Smith,SmitKa00,0.0,0.0,0.0,122.4
2019,REG,16,00-0025418,G.Olsen,TE,TE,CAR,8687,587d0a98-7ec5-45a5-adba-8af26e8f256b,9238.0,3647.0,58.0,gregolsen/2495700,10475.0,8285.0,,502524.0,OlseGr00,greg-olsen-1,5206.0,4190.0,,8285.0,230925.0,1658.0,,Greg Olsen,greg olsen,2,5,33.0,0,0.0,0.0,70.0,12.0,1.0,-0.9127849,0,0.47142857,0.11904762,0.19390582,0.3143055,Greg Olsen,CAR,4.1049999999999995,1.2423499059760787,14.702000000000002,22.133566180898477,40.0,33.0,0.0,5.724999999999998,5.3891361036596095,0.3358638963403884,00-0025418,Gregory,Olsen,G.Olsen,REG,CAR,IND,Greg Olsen,OlseGr00,0.0,1.0,0.2,62.9
2019,REG,16,00-0035689,D.Knox,TE,TE,BUF,14143,5fb525c5-4e70-4ede-8c49-94ad0cf66b7d,18631.0,35883.0,5906.0,,3930086.0,31928.0,,2186345.0,KnoxDa00,dawson-knox-1,13466.0,13953.0,88.0,31928.0,884083.0,20850.0,884083.0,Dawson Knox,dawson knox,1,4,33.0,0,0.0,0.0,56.0,1.0,1.0,0.8378013,0,0.58928573,0.15384616,0.17665616,0.35442853,,,,,,,,,,,,,,,,,REG,BUF,NE,Dawson Knox,KnoxDa00,0.0,1.0,0.25,61.5
2019,REG,16,00-0035259,T.Wesco,TE,TE,NYJ,14231,f6c34178-e063-444b-96b3-df6b3cf66419,18567.0,42018.0,6181.0,,4039253.0,31953.0,,2243366.0,WescTr00,trevon-wesco-1,13828.0,14224.0,,31953.0,919456.0,20977.0,919456.0,Trevon Wesco,trevon wesco,1,1,32.0,0,0.0,0.0,-1.0,33.0,1.0,2.4708595,0,0.0,0.04,-0.004878049,0.056585364,,,,,,,,,,,,,,,,,REG,NYJ,PIT,Trevon Wesco,WescTr00,0.0,0.0,0.0,118.7
2019,REG,16,00-0034735,C.McElroy,TE,TE,TB,14351,225d9e5e-598c-4b32-9c74-d7df2018500c,17914.0,66966.0,5269.0,,3951441.0,31732.0,,2927083.0,,,13341.0,13863.0,,31732.0,901152.0,20314.0,901152.0,Codey McElroy,codey mcelroy,1,1,30.0,0,0.0,0.0,30.0,0.0,1.0,2.6233046,0,1.0,0.021276595,0.048154093,0.06562276,,,,,,,,,,,,,,,,,,,,,,,,,
2019,REG,16,00-0030061,Z.Ertz,TE,TE,PHI,11247,de3421f7-2147-4835-89a5-724e87bad463,11689.0,7816.0,1339.0,zachertz/2540158,15835.0,26658.0,,1685963.0,ErtzZa00,zach-ertz-1,8781.0,8409.0,305.0,26658.0,503177.0,14856.0,503177.0,Zach Ertz,zach ertz,4,6,28.0,0,0.0,0.0,54.0,10.0,2.0,-1.3275585,0,0.5185185,0.15,0.26600984,0.4112069,Zach Ertz,PHI,5.018000000000001,2.6590279977535443,8.318333333333333,24.12043301759134,66.66666666666666,28.0,0.0,3.085000000000001,2.8158249584381565,0.26917504156184435,00-0030061,Zachary,Ertz,Z.Ertz,REG,PHI,DAL,Zach Ertz,ErtzZa00,1.0,0.0,0.0,77.1
2019,REG,16,00-0035025,H.Hentges,TE,TE,WAS,14654,fe7dea44-fd21-45e4-a8f0-1436e1108da1,18785.0,47150.0,6439.0,,3925348.0,32295.0,,3116798.0,HentHa00,,14094.0,,,32295.0,884045.0,21344.0,,Hale Hentges,hale hentges,2,2,28.0,1,0.0,0.0,28.0,0.0,2.0,4.056335,0,1.0,0.054054055,0.094915256,0.14752176,,,,,,,,,,,,,,,,,REG,WAS,NYG,Hale Hentges,HentHa00,0.0,0.0,0.0,158.3
2019,REG,16,00-0029738,D.Fells,TE,TE,HOU,11337,54d4e35a-2e6c-48f6-86ad-92dd596c173c,13636.0,8549.0,1592.0,darrenfells/2540928,15773.0,26612.0,,2053740.0,FellDa01,,9758.0,8472.0,,26612.0,266414.0,15247.0,266414.0,Darren Fells,darren fells,3,3,27.0,0,0.0,0.0,10.0,17.0,2.0,2.699171,0,2.7,0.09375,0.046511628,0.17318314,,,,,,,,,,,,,,,,,REG,HOU,TB,Darren Fells,FellDa01,0.0,0.0,0.0,104.2
2019,REG,16,00-0034073,R.Dwelley,TE,TE,SF,13988,70473218-5ae3-47b4-86fd-151e68f1e8b9,17886.0,20994.0,5285.0,,3120303.0,31329.0,,2924888.0,DwelRo00,,13030.0,13522.0,,31329.0,752665.0,20361.0,752665.0,Ross Dwelley,ross dwelley,1,1,25.0,0,0.0,0.0,22.0,3.0,1.0,2.120444,0,1.1363636,0.037037037,0.10628019,0.12995169,,,,,,,,,,,,,,,,,REG,SF,LA,Ross Dwelley,DwelRo00,0.0,0.0,0.0,118.7
2019,REG,16,00-0031598,N.Boyle,TE,TE,BAL,12328,9480dd9f-151f-4e6d-b5a3-35f07bda4cac,13963.0,9604.0,2474.0,,2574591.0,28559.0,,1888149.0,BoylNi00,,10252.0,10547.0,,28559.0,608753.0,16931.0,608753.0,Nick Boyle,nick boyle,3,4,24.0,0,0.0,0.0,22.0,12.0,1.0,0.7415943,0,1.0909091,0.13333334,0.0969163,0.2678414,,,,,,,,,,,,,,,,,REG,BAL,CLE,Nick Boyle,BoylNi00,0.0,1.0,0.25,89.6
2019,REG,16,00-0033611,R.Seals-Jones,TE,TE,CLE,13382,52735659-a294-4f64-a7f4-3591450834e5,16730.0,12020.0,4531.0,,3051806.0,30494.0,,2080003.0,SealRi00,,11876.0,12463.0,,30494.0,744568.0,19410.0,744568.0,Ricky Seals-Jones,ricky seals-jones,1,2,23.0,0,0.0,0.0,43.0,4.0,1.0,0.66536176,0,0.53488374,0.0625,0.14675768,0.19648038,,,,,,,,,,,,,,,,,REG,CLE,BAL,Ricky Seals-Jones,SealRi00,0.0,0.0,0.0,91.7
2019,REG,16,00-0033217,M.Alie-Cox,TE,TE,IND,13246,8809c0dd-786b-4255-a7d0-333c9498c19a,16579.0,12078.0,4054.0,moalie-cox/2558832,2998565.0,30112.0,,2815925.0,AlieMo00,,12196.0,12221.0,195.0,30112.0,712506.0,18900.0,712506.0,Mo Alie-Cox,mo alie-cox,1,1,21.0,0,0.0,0.0,18.0,3.0,1.0,1.7773682,0,1.1666666,0.041666668,0.076595746,0.11611702,,,,,,,,,,,,,,,,,REG,IND,CAR,Mo Alie-Cox,AlieMo00,0.0,0.0,0.0,118.7
2019,REG,16,00-0034011,D.Arnold,TE,TE,ARI,13880,d479a777-b53b-4bbf-a8e4-0c1675ac48df,17143.0,51842.0,4741.0,,4212989.0,30891.0,,2835170.0,ArnoDa00,,12276.0,12972.0,,30891.0,1053627.0,19659.0,1053627.0,Dan Arnold,dan arnold,1,3,20.0,0,0.0,0.0,44.0,8.0,1.0,-0.6266649,0,0.45454547,0.11111111,0.1981982,0.3054054,,,,,,,,,,,,,,,,,REG,ARI,SEA,Dan Arnold,ArnoDa00,0.0,0.0,0.0,57.6
2019,REG,16,00-0035562,J.Horsted,TE,TE,CHI,14752,48c56733-6644-42ee-9020-07bd2deba1ad,18482.0,91465.0,6075.0,,3940587.0,32576.0,,3117107.0,,,13639.0,,,32576.0,0.0,20812.0,881708.0,Jesper Horsted,jesper horsted,1,1,20.0,0,0.0,0.0,16.0,4.0,1.0,2.185257,0,1.25,0.030303031,0.05839416,0.08633046,,,,,,,,,,,,,,,,,,,,,,,,,
2019,REG,16,00-0032319,R.Travis,TE,TE,IND,12898,75dfd9cc-5419-49e1-bade-0632d03ca4b4,14613.0,10320.0,3041.0,,3936647.0,29208.0,,2195596.0,,,10837.0,11245.0,,29208.0,602069.0,17750.0,602069.0,Ross Travis,ross travis,1,2,19.0,0,0.0,0.0,11.0,9.0,1.0,0.774547,0,1.7272727,0.083333336,0.04680851,0.15776595,,,,,,,,,,,,,,,,,,,,,,,,,
2019,REG,16,00-0032394,N.Vannett,TE,TE,PIT,12680,c731aa8a-778b-4ccd-a19f-517eb66f47b7,15645.0,10728.0,3258.0,,2576399.0,29328.0,,1871322.0,VannNi00,nick-vannett-1,10949.0,11329.0,,29328.0,606488.0,18019.0,606488.0,Nick Vannett,nick vannett,1,1,18.0,0,0.0,0.0,5.0,13.0,1.0,1.1314842,0,3.6,0.027777778,0.017857144,0.054166667,,,,,,,,,,,,,,,,,REG,PIT,NYJ,Nick Vannett,VannNi00,1.0,0.0,0.0,118.7
2019,REG,16,00-0034798,D.Smythe,TE,TE,MIA,13676,7e42a22a-c47b-4387-aeeb-2cc2e76dc1d8,17508.0,47257.0,5008.0,,3052897.0,31093.0,,2082845.0,SmytDu00,durham-smythe-1,12807.0,13249.0,,31093.0,749968.0,19943.0,749968.0,Durham Smythe,durham smythe,2,2,18.0,0,0.0,0.0,17.0,1.0,1.0,0.72669876,0,1.0588236,0.039215688,0.032945737,0.08188555,,,,,,,,,,,,,,,,,REG,MIA,CIN,Durham Smythe,SmytDu00,0.0,0.0,0.0,104.2
2019,REG,16,00-0030181,J.Doyle,TE,TE,IND,11516,bd413539-9351-454e-9d61-4e8635d7e9f5,11987.0,8520.0,1706.0,jackdoyle/2540232,16504.0,27299.0,,2041264.0,DoylJa00,,9081.0,9075.0,,27299.0,477386.0,15602.0,477386.0,Jack Doyle,jack doyle,2,4,17.0,0,0.0,0.0,40.0,5.0,1.0,-0.3547122,0,0.425,0.16666667,0.17021276,0.36914894,,,,,,,,,,,,,,,,,REG,IND,CAR,Jack Doyle,DoylJa00,0.0,0.0,0.0,61.5
2019,REG,16,00-0031260,L.Thomas,TE,TE,DET,11647,b24625a0-d402-4d59-a778-aa4b073bfe5e,12095.0,8755.0,2251.0,loganthomas/2543767,16813.0,27648.0,,1691193.0,ThomLo00,logan-thomas-1,9323.0,9354.0,,27648.0,507528.0,16656.0,507528.0,Logan Thomas,logan thomas,2,3,17.0,0,0.0,0.0,22.0,16.0,1.0,0.7571827,0,0.77272725,0.13043478,0.09053498,0.25902665,,,,,,,,,,,,,,,,,REG,DET,DEN,Logan Thomas,ThomLo00,0.0,0.0,0.0,81.2
2019,REG,16,00-0031273,C.Brate,TE,TE,TB,12110,5afe93fd-0caf-4cca-83fc-7f405bebfa3e,13470.0,9207.0,2214.0,,17453.0,28267.0,,2132787.0,BratCa00,,10008.0,10193.0,,28267.0,552926.0,16593.0,552926.0,Cameron Brate,cameron brate,2,5,17.0,0,0.0,0.0,19.0,10.0,1.0,-1.1513597,0,0.8947368,0.10638298,0.030497592,0.18092278,Cameron Brate,TB,4.96,3.1621815057612492,4.814000000000001,4.04980230503912,40.0,17.0,0.0,4.879999999999999,6.1305850046296655,-1.2505850046296665,00-0031273,Cameron,Brate,C.Brate,REG,TB,HOU,Cameron Brate,BratCa00,0.0,1.0,0.2,49.6
2019,REG,16,00-0027696,J.Graham,TE,TE,GB,9925,fd85786d-3900-4dc0-9b30-334ee30413ed,9712.0,5619.0,616.0,jimmygraham/497236,13232.0,24070.0,6610.0,1691166.0,GrahJi00,jimmy-graham-1,6532.0,5842.0,,24070.0,295918.0,11488.0,295918.0,Jimmy Graham,jimmy graham,1,1,16.0,0,1.0,0.0,4.0,12.0,1.0,1.36039,0,4.0,0.02631579,0.016194332,0.050809715,,,,,,,,,,,,,,,,,REG,GB,MIN,Jimmy Graham,GrahJi00,0.0,0.0,0.0,118.7
2019,REG,16,00-0028112,C.Clay,TE,TE,ARI,10409,04ca4fb9-194e-47fe-8fc8-adb5790a8e78,10003.0,6326.0,801.0,charlesclay/2495139,14145.0,24961.0,,1265552.0,ClayCh00,charles-clay-1,7424.0,6681.0,,24961.0,400516.0,12751.0,,Charles Clay,charles clay,1,1,16.0,0,0.0,0.0,16.0,0.0,1.0,1.4585565,0,1.0,0.037037037,0.072072074,0.106006004,,,,,,,,,,,,,,,,,REG,ARI,SEA,Charles Clay,ClayCh00,0.0,0.0,0.0,118.7
2019,REG,16,00-0034365,I.Thomas,TE,TE,CAR,13678,ed8a8fd2-df67-45e7-a34f-984afb82f6ea,17387.0,42130.0,4995.0,,4045305.0,31071.0,,2253359.0,ThomIa00,ian-thomas-3,12858.0,13163.0,323.0,31071.0,943093.0,19910.0,943093.0,Ian Thomas,ian thomas,3,3,16.0,0,0.0,0.0,11.0,5.0,2.0,0.2583937,0,1.4545455,0.071428575,0.030470913,0.12847249,,,,,,,,,,,,,,,,,REG,CAR,IND,Ian Thomas,ThomIa00,0.0,0.0,0.0,88.9
2019,REG,16,00-0022943,B.Watson,TE,TE,NE,7422,d81844de-54c3-42ee-9850-072dc4131b6f,9040.0,1753.0,663.0,benjaminwatson/2506122,5557.0,6791.0,,493107.0,WatsBe00,benjamin-watson-1,3872.0,48.0,,6791.0,246082.0,11756.0,,Ben Watson,ben watson,3,3,15.0,0,0.0,0.0,11.0,4.0,1.0,0.8890375,0,1.3636364,0.09375,0.0625,0.184375,,,,,,,,,,,,,,,,,REG,NE,BUF,Ben Watson,WatsBe00,0.0,0.0,0.0,87.5
2019,REG,16,00-0031585,M.Pruitt,TE,TE,TEN,12309,f22b34cf-6ecf-4522-9c77-1da275dfda7d,13964.0,9576.0,2446.0,,2508256.0,28531.0,,1760327.0,PruiMy00,,10251.0,10522.0,,28531.0,552586.0,16903.0,552586.0,MyCole Pruitt,mycole pruitt,2,2,15.0,0,0.0,0.0,4.0,11.0,0.0,0.67039907,0,3.75,0.08,0.017857144,0.1325,,,,,,,,,,,,,,,,,REG,TEN,NO,MyCole Pruitt,PruiMy00,0.0,0.0,0.0,97.9
2019,REG,16,00-0032062,B.Bell,TE,TE,KC,12213,0cc4e449-185a-4b08-9f07-c907ad0c3e05,13966.0,9550.0,2422.0,,2514206.0,28505.0,,1737101.0,BellBl00,blake-bell-1,10248.0,10366.0,,28505.0,542871.0,16878.0,542871.0,Blake Bell,blake bell,2,3,15.0,0,0.0,0.0,14.0,4.0,1.0,-0.20025867,0,1.0714285,0.1,0.06167401,0.1931718,,,,,,,,,,,,,,,,,REG,KC,CHI,Blake Bell,BellBl00,1.0,1.0,0.333,78.5
2019,REG,16,00-0032256,C.Walford,TE,TE,MIA,12210,2e56cca7-b898-4aac-bbc5-b5bda9163be1,13956.0,9501.0,2373.0,clivewalford/2552397,2512593.0,28456.0,,1759387.0,WalfCl00,clive-walford-1,10127.0,10471.0,,28456.0,553616.0,16829.0,,Clive Walford,clive walford,1,2,15.0,0,0.0,0.0,20.0,4.0,1.0,0.1281049,0,0.75,0.039215688,0.03875969,0.085955314,,,,,,,,,,,,,,,,,REG,MIA,CIN,Clive Walford,WalfCl00,0.0,1.0,0.5,75.0
2019,REG,16,00-0022127,J.Witten,TE,TE,DAL,6997,e38c9b1b-7c51-48a2-ac1d-a752502e8930,9275.0,1384.0,23.0,jasonwitten/2505629,4527.0,6405.0,,396134.0,WittJa00,jason-witten-1,3086.0,1990.0,,6405.0,184571.0,722.0,,Jason Witten,jason witten,2,3,14.0,0,0.0,0.0,17.0,3.0,0.0,-1.1411928,0,0.8235294,0.06818182,0.03671706,0.12797467,,,,,,,,,,,,,,,,,REG,DAL,PHI,Jason Witten,WittJa00,0.0,1.0,0.333,77.1
2019,REG,16,00-0033528,J.Sprinkle,TE,TE,WAS,13194,2dcc8e56-ac32-4774-a011-b1e65ca73786,16461.0,11909.0,4221.0,,2980073.0,30267.0,,1999945.0,SpriJe00,jeremy-sprinkle-1,11899.0,12368.0,,30267.0,693833.0,19067.0,693833.0,Jeremy Sprinkle,jeremy sprinkle,2,3,14.0,0,0.0,0.0,19.0,4.0,1.0,0.5063997,0,0.7368421,0.08108108,0.06440678,0.16670637,,,,,,,,,,,,,,,,,REG,WAS,NYG,Jeremy Sprinkle,SpriJe00,0.0,0.0,0.0,77.1
2019,REG,16,00-0033658,B.Jarwin,TE,TE,DAL,13722,43e8a6ac-d451-4dbd-b145-797764f91494,16638.0,12320.0,4571.0,,2991767.0,30784.0,,2819999.0,JarwBl00,,12179.0,12507.0,,30784.0,711965.0,19457.0,711965.0,Blake Jarwin,blake jarwin,1,1,14.0,0,0.0,0.0,13.0,1.0,1.0,0.94026226,0,1.0769231,0.022727273,0.028077753,0.053745337,,,,,,,,,,,,,,,,,REG,DAL,PHI,Blake Jarwin,JarwBl00,0.0,0.0,0.0,118.7
2019,REG,16,00-0032227,J.Heuerman,TE,TE,DEN,12208,1fe3aadd-336b-4838-888e-8c9609747afc,13961.0,9525.0,2397.0,jeffheuerman/2552399,2576389.0,28480.0,,1824413.0,HeueJe00,jeff-heuerman-1,10246.0,10492.0,,28480.0,593517.0,16853.0,,Jeff Heuerman,jeff heuerman,2,2,13.0,0,0.0,0.0,9.0,4.0,1.0,1.6240487,0,1.4444444,0.05882353,0.04109589,0.11700242,,,,,,,,,,,,,,,,,REG,DEN,DET,Jeff Heuerman,HeueJe00,0.0,0.0,0.0,93.7
2019,REG,16,00-0032986,J.Holtz,TE,TE,CHI,14372,8d3ac8d8-e18f-4485-acc6-55c79adcc2a8,16022.0,11062.0,3695.0,,2970262.0,29666.0,,2237671.0,HoltJ.01,,11364.0,11813.0,,29666.0,692334.0,18498.0,692334.0,J.P. Holtz,jp holtz,1,1,13.0,0,0.0,0.0,-2.0,15.0,1.0,1.240548,0,0.0,0.030303031,-0.00729927,0.040345058,,,,,,,,,,,,,,,,,REG,CHI,KC,J.P. Holtz,HoltJ.01,0.0,0.0,0.0,118.7
2019,REG,16,00-0029119,D.Carrier,TE,TE,LV,10940,d3fab07b-f02a-433d-9612-cb0a751f324d,11417.0,7406.0,1718.0,derekcarrier/2534241,15403.0,26416.0,,1977121.0,CarrDe00,,9203.0,7527.0,,26416.0,654887.0,15640.0,654887.0,Derek Carrier,derek carrier,2,2,12.0,0,0.0,0.0,6.0,6.0,0.0,0.52213943,0,2.0,0.06896552,0.046511628,0.13600641,,,,,,,,,,,,,,,,,REG,OAK,LAC,Derek Carrier,CarrDe00,0.0,0.0,0.0,91.7
2019,REG,16,00-0032135,J.James,TE,TE,DET,12211,a37a5bfd-b48c-4d8b-817a-d8ce7ca3592d,13959.0,9593.0,2463.0,jessejames/2552633,2979590.0,28548.0,,1983808.0,JameJe00,jesse-james-1,10150.0,10403.0,,28548.0,652019.0,16920.0,652019.0,Jesse James,jesse james,1,1,12.0,0,0.0,0.0,3.0,9.0,1.0,0.8267365,0,4.0,0.04347826,0.012345679,0.073859364,,,,,,,,,,,,,,,,,REG,DET,DEN,Jesse James,JameJe00,1.0,0.0,0.0,116.7
2019,REG,16,00-0033576,E.Saubert,TE,TE,CHI,13315,582dc00e-e7ec-4ca7-bff0-f7b1d604017b,16706.0,11929.0,4189.0,,2975863.0,30287.0,,2001018.0,SaubEr00,,11897.0,12300.0,,30287.0,694931.0,19035.0,694931.0,Eric Saubert,eric saubert,1,2,11.0,0,0.0,0.0,10.0,7.0,0.0,-2.149125,0,1.1,0.060606062,0.03649635,0.11645654,,,,,,,,,,,,,,,,,REG,CHI,KC,Eric Saubert,SaubEr00,0.0,1.0,0.5,66.7
2019,REG,16,00-0035644,N.Fant,TE,TE,DEN,14137,cdc98acc-9eb6-4b44-81bb-61d7b8a3b55f,17527.0,42388.0,5857.0,,4036131.0,31852.0,,2251095.0,FantNo00,noah-fant-1,13426.0,14050.0,243.0,31852.0,923911.0,20753.0,923911.0,Noah Fant,noah fant,2,2,10.0,0,0.0,0.0,-1.0,11.0,0.0,-0.7555449,0,0.0,0.05882353,-0.00456621,0.085038945,,,,,,,,,,,,,,,,,REG,DEN,DET,Noah Fant,FantNo00,0.0,0.0,0.0,87.5
2019,REG,16,00-0030470,V.McDonald,TE,TE,PIT,11257,8f24a248-b328-43ec-8677-67600e42a8f7,11699.0,7836.0,1587.0,vancemcdonald/2540215,15853.0,26678.0,,1673357.0,McDoVa00,vance-mcdonald-1,8785.0,8413.0,,26678.0,494969.0,15239.0,,Vance McDonald,vance mcdonald,3,6,9.0,0,0.0,0.0,27.0,5.0,0.0,-7.046293,0,0.33333334,0.16666667,0.09642857,0.3175,Vance McDonald,PIT,3.0366666666666666,3.1975971752123633,4.326666666666667,9.260184062210175,50.0,9.0,0.0,1.740000000000002,3.139476102189993,-1.399476102189991,00-0030470,Vance,McDonald,V.McDonald,REG,PIT,NYJ,Vance McDonald,McDoVa00,0.0,1.0,0.167,16.7
2019,REG,16,00-0034830,H.Hurst,TE,TE,BAL,13680,1b125fc4-5dd9-4eb9-a42f-048e61ca42b7,17283.0,47294.0,4973.0,,3924365.0,30995.0,,2185053.0,HursHa00,hayden-hurst-1,12467.0,13098.0,8.0,30995.0,881956.0,19843.0,881956.0,Hayden Hurst,hayden hurst,1,3,9.0,0,0.0,0.0,26.0,3.0,0.0,-0.6225118,0,0.34615386,0.1,0.11453745,0.23017621,,,,,,,,,,,,,,,,,REG,BAL,CLE,Hayden Hurst,HursHa00,0.0,0.0,0.0,42.4
2019,REG,16,00-0031744,M.LaCosse,TE,TE,NE,12596,25e58aee-1b33-4468-9a81-6586426b91d5,14288.0,9840.0,2944.0,mattlacosse/2553667,2576179.0,28875.0,,2174931.0,,,10727.0,10980.0,,28875.0,606055.0,17415.0,606055.0,Matt LaCosse,matt lacosse,1,1,8.0,1,0.0,0.0,7.0,1.0,1.0,1.4592649,0,1.1428572,0.03125,0.039772727,0.07471591,,,,,,,,,,,,,,,,,,,,,,,,,
2019,REG,16,00-0027981,K.Rudolph,TE,TE,MIN,10312,1059e9dc-97df-4643-9116-883a0573d8b1,9906.0,6195.0,943.0,kylerudolph/2495438,14054.0,24830.0,7444.0,1633122.0,RudoKy00,kyle-rudolph-1,7246.0,6459.0,,24830.0,469472.0,13275.0,469472.0,Kyle Rudolph,kyle rudolph,1,2,7.0,0,0.0,0.0,5.0,4.0,1.0,-0.39413777,0,1.4,0.06666667,0.02008032,0.11405622,,,,,,,,,,,,,,,,,REG,MIN,GB,Kyle Rudolph,RudoKy00,0.0,0.0,0.0,58.3
2019,REG,16,00-0035039,S.Carlson,TE,TE,CLE,14488,013477a2-0271-4441-a0af-9bc25924a2f6,18757.0,94365.0,6451.0,,3948283.0,32273.0,,3116783.0,CarlSt00,,14131.0,,,32273.0,881697.0,21278.0,881697.0,Stephen Carlson,stephen carlson,1,1,7.0,0,0.0,0.0,6.0,1.0,0.0,0.4950137,0,1.1666666,0.03125,0.020477816,0.06120947,,,,,,,,,,,,,,,,,REG,CLE,BAL,Stephen Carlson,CarlSt00,0.0,0.0,0.0,95.8
2019,REG,16,00-0028142,V.Green,TE,TE,LAC,10432,6ef43c53-53d7-4b0f-ad99-17664d663ae8,10026.0,6356.0,868.0,virgilgreen/2495288,14085.0,24991.0,7502.0,1130615.0,GreeVi00,virgil-green-1,7416.0,6570.0,,24991.0,323254.0,13016.0,,Virgil Green,virgil green,1,1,4.0,0,0.0,0.0,1.0,3.0,0.0,-0.022205172,0,4.0,0.027027028,0.0049261083,0.043988816,,,,,,,,,,,,,,,,,REG,LAC,OAK,Virgil Green,GreeVi00,0.0,0.0,0.0,83.3
2019,REG,16,00-0034970,I.Smith,TE,TE,MIN,14141,ed0e6a30-83d5-4f4b-bf49-f7ff80e21304,18610.0,42060.0,6126.0,,4040980.0,31882.0,,2257888.0,SmitIr01,irv-smith-jr-1,13583.0,14052.0,,31882.0,944428.0,20949.0,944428.0,Irv Smith,irv smith,2,3,4.0,0,0.0,0.0,27.0,0.0,0.0,-1.2662473,0,0.14814815,0.1,0.10843374,0.22590362,,,,,,,,,,,,,,,,,REG,MIN,GB,Irv Smith Jr.,SmitIr01,0.0,0.0,0.0,70.1
2019,REG,16,00-0024243,M.Lewis,TE,TE,GB,8269,9c21e9af-681c-41ef-9b00-fbc9e1668ed1,9413.0,2973.0,111.0,marcedeslewis/2495888,9614.0,7777.0,4007.0,415313.0,LewiMa00,marcedes-lewis-1,4891.0,3615.0,,7777.0,214197.0,3061.0,214197.0,Marcedes Lewis,marcedes lewis,1,1,2.0,0,0.0,0.0,1.0,1.0,0.0,-0.603895,0,2.0,0.02631579,0.004048583,0.042307694,,,,,,,,,,,,,,,,,REG,GB,MIN,Marcedes Lewis,LewiMa00,0.0,0.0,0.0,79.2
2019,REG,16,00-0030155,D.Harris,TE,TE,CLE,11448,8506c15c-15cc-4d2c-aebf-270c605fe0ec,11881.0,8524.0,1619.0,demetriusharris/2541187,16318.0,27174.0,,2060074.0,HarrDe03,,9847.0,8683.0,,27174.0,602269.0,15305.0,602269.0,Demetrius Harris,demetrius harris,1,3,1.0,1,0.0,0.0,16.0,0.0,1.0,-1.6551446,0,0.0625,0.09375,0.054607507,0.17885026,,,,,,,,,,,,,,,,,REG,CLE,BAL,Demetrius Harris,HarrDe03,0.0,1.0,0.333,81.9
2019,REG,16,00-0028042,L.Stocker,TE,TE,ATL,10354,5b712aed-201c-43dd-b978-b7b6ef91178e,9948.0,6256.0,963.0,lukestocker/2495234,14099.0,24891.0,7589.0,1125485.0,StocLu00,luke-stocker-1,7413.0,6552.0,,24891.0,334186.0,13370.0,334186.0,Luke Stocker,luke stocker,0,1,0.0,0,0.0,0.0,5.0,0.0,0.0,-0.56310904,0,0.0,0.023255814,0.012690355,0.043766968,,,,,,,,,,,,,,,,,REG,ATL,JAX,Luke Stocker,StocLu00,0.0,0.0,0.0,39.6
2019,REG,16,00-0032098,D.Brown,TE,TE,NYJ,12585,1b016b52-62ba-4da9-9ead-6bad689f8d33,14470.0,10144.0,2751.0,,2519013.0,29102.0,,2175305.0,BrowDa04,,10713.0,11092.0,,29102.0,561380.0,17219.0,561380.0,Daniel Brown,daniel brown,0,1,0.0,0,0.0,0.0,0.0,0.0,0.0,-0.5325108,0,,0.04,0.0,0.06,,,,,,,,,,,,,,,,,REG,NYJ,PIT,Daniel Brown,BrowDa04,0.0,0.0,0.0,39.6
2019,REG,16,00-0032214,T.Kroft,TE,TE,BUF,12212,36f54823-9d51-4180-9c91-d10281deb4bf,13960.0,9518.0,2390.0,tylerkroft/2552586,2582410.0,28473.0,,1824200.0,KrofTy00,tyler-kroft-1,10247.0,10490.0,,28473.0,592268.0,16846.0,592268.0,Tyler Kroft,tyler kroft,0,1,0.0,0,0.0,0.0,1.0,0.0,0.0,-0.51037383,0,0.0,0.03846154,0.0031545742,0.05990051,,,,,,,,,,,,,,,,,REG,BUF,NE,Tyler Kroft,KrofTy00,0.0,0.0,0.0,39.6
2019,REG,16,00-0032599,J.Perkins,TE,TE,PHI,12685,9c18801d-bdaa-4036-9663-24280c763bcf,16233.0,11051.0,3668.0,,2578377.0,29654.0,,1884450.0,PerkJo02,,11317.0,11804.0,,29654.0,608012.0,18468.0,,Joshua Perkins,joshua perkins,0,2,0.0,0,0.0,0.0,25.0,0.0,0.0,-4.9003797,0,0.0,0.05,0.12315271,0.1612069,,,,,,,,,,,,,,,,,REG,PHI,DAL,Joshua Perkins,PerkJo02,0.0,0.0,0.0,39.6
2019,REG,16,00-0033258,D.Daniels,TE,TE,ARI,13396,7574eb56-a34a-419e-9682-c4788cfe2019,16582.0,12122.0,4323.0,,3052166.0,30523.0,,2079698.0,DaniDa02,,11890.0,12453.0,,30523.0,747895.0,19176.0,747895.0,Darrell Daniels,darrell daniels,0,1,0.0,0,0.0,0.0,15.0,0.0,0.0,-0.6519976,0,0.0,0.037037037,0.067567565,0.10285285,,,,,,,,,,,,,,,,,REG,ARI,SEA,Darrell Daniels,DaniDa02,0.0,0.0,0.0,39.6
2019,REG,16,00-0033455,A.Firkser,TE,TE,TEN,13919,b0719e3d-199b-46e5-a2b4-1091f6fd5c0d,16787.0,51837.0,4435.0,,3049698.0,30571.0,,2818971.0,FirkAn00,,12235.0,12691.0,,30571.0,767297.0,19296.0,767297.0,Anthony Firkser,anthony firkser,0,1,0.0,0,0.0,0.0,0.0,0.0,0.0,-0.43222967,0,,0.04,0.0,0.06,,,,,,,,,,,,,,,,,REG,TEN,NO,Anthony Firkser,FirkAn00,0.0,0.0,0.0,39.6
2019,REG,16,00-0033895,G.Everett,TE,TE,LA,13236,ebeceb00-57e0-4b74-9cf7-853da2afed18,16459.0,11799.0,4089.0,,3918639.0,30157.0,,2142692.0,EverGe00,gerald-everett-1,11737.0,12284.0,55.0,30157.0,838487.0,18935.0,838487.0,Gerald Everett,gerald everett,0,1,0.0,0,0.0,0.0,2.0,0.0,0.0,-0.12600188,0,0.0,0.025641026,0.0070921984,0.043426078,,,,,,,,,,,,,,,,,REG,LA,SF,Gerald Everett,EverGe00,0.0,0.0,0.0,39.6
2019,REG,16,00-0034364,J.Akins,TE,TE,HOU,13753,0cb5a32a-a340-4671-ba2a-93f5fa6aee8d,17415.0,47050.0,5032.0,,3128452.0,31068.0,,2142712.0,AkinJo00,jordan-akins-1,12568.0,13238.0,,31068.0,838396.0,19903.0,838396.0,Jordan Akins,jordan akins,0,2,0.0,0,0.0,0.0,15.0,0.0,0.0,-1.3466979,0,0.0,0.0625,0.069767445,0.14258721,,,,,,,,,,,,,,,,,REG,HOU,TB,Jordan Akins,AkinJo00,0.0,1.0,0.5,39.6
2019,REG,16,00-0034383,D.Schultz,TE,TE,DAL,13772,8caec1b4-e0b6-4a84-b8c8-617d6e91ef6a,17349.0,47304.0,5001.0,,3117256.0,31107.0,,2136748.0,SchuDa00,dalton-schultz-1,12514.0,13198.0,487.0,31107.0,830523.0,19920.0,830523.0,Dalton Schultz,dalton schultz,0,1,0.0,0,0.0,0.0,15.0,0.0,0.0,-0.440408,0,0.0,0.022727273,0.032397408,0.056769095,,,,,,,,,,,,,,,,,REG,DAL,PHI,Dalton Schultz,SchuDa00,0.0,0.0,0.0,39.6
2019,REG,17,00-0031610,D.Waller,TE,TE,LV,12263,14c97c9f-26e8-4944-9299-f90de6aeada3,14104.0,9637.0,2505.0,,2576925.0,28592.0,,1850793.0,WallDa01,darren-waller-1,10215.0,10433.0,,28592.0,600191.0,16964.0,600191.0,Darren Waller,darren waller,6,10,107.0,0,0.0,0.0,67.0,91.0,3.0,2.7871718,0,1.5970149,0.24390244,0.22333333,0.522187,Darren Waller,LV,4.907,2.137402453408884,7.43,24.399855505566315,60.0,107.0,0.0,15.594999999999999,5.718974225453034,9.876025774546964,00-0031610,Darren,Waller,D.Waller,REG,OAK,DEN,Darren Waller,WallDa01,0.0,1.0,0.1,96.7
2019,REG,17,00-0034988,K.Smith,TE,TE,NYG,14142,7bb7f5e7-f00e-47d8-954d-90bf5baf4292,18293.0,40973.0,6146.0,,4044452.0,32008.0,,2251343.0,SmitKa00,kaden-smith-1,13516.0,14217.0,,32008.0,924018.0,20946.0,924018.0,Kaden Smith,kaden smith,8,11,98.0,0,1.0,0.0,110.0,16.0,5.0,6.812044,0,0.8909091,0.23404256,0.21113244,0.49885654,Kaden Smith,NYG,4.995,2.601534426748027,9.892727272727274,21.25722769182685,72.72727272727273,98.0,0.0,1.7987499999999983,0.8284230057260462,0.9703269942739521,00-0034988,Kaden,Smith,K.Smith,REG,NYG,PHI,Kaden Smith,SmitKa00,0.0,0.0,0.0,99.8
2019,REG,17,00-0033288,G.Kittle,TE,TE,SF,13299,2ada91b0-036e-454f-83c3-6d939ff584a9,16499.0,11901.0,4217.0,,3040151.0,30259.0,,2818265.0,KittGe00,george-kittle-1,11892.0,12276.0,298.0,30259.0,733672.0,19063.0,733672.0,George Kittle,george kittle,7,7,86.0,0,0.0,0.0,38.0,48.0,5.0,6.5729127,0,2.2631578,0.3181818,0.2585034,0.6582251,George Kittle,SF,5.647999999999999,4.00577583011158,5.1899999999999995,27.493567428484937,100.0,86.0,0.0,7.095714285714286,5.688965736862558,1.406748548851728,00-0033288,George,Kittle,G.Kittle,REG,SF,SEA,George Kittle,KittGe00,1.0,0.0,0.0,117.9
2019,REG,17,00-0033110,T.Higbee,TE,TE,LA,12678,0df7912d-9e81-47ea-b4f7-d04986df4ee8,15623.0,10744.0,3271.0,,2573401.0,29344.0,,1853103.0,HigbTy00,tyler-higbee-1,10854.0,11430.0,159.0,29344.0,604176.0,18032.0,604176.0,Tyler Higbee,tyler higbee,8,12,84.0,1,0.0,0.0,61.0,42.0,4.0,2.803021,0,1.3770492,0.27272728,0.1747851,0.5314405,Tyler Higbee,LAR,3.3463636363636358,2.5279543454350404,5.781666666666666,18.7003045740007,66.66666666666666,84.0,1.0,5.712499999999998,6.726747537387517,-1.0142475373875195,00-0033110,Tyler,Higbee,T.Higbee,REG,LA,ARI,Tyler Higbee,HigbTy00,0.0,0.0,0.0,114.6
2019,REG,17,00-0034011,D.Arnold,TE,TE,ARI,13880,d479a777-b53b-4bbf-a8e4-0c1675ac48df,17143.0,51842.0,4741.0,,4212989.0,30891.0,,2835170.0,ArnoDa00,,12276.0,12972.0,,30891.0,1053627.0,19659.0,1053627.0,Dan Arnold,dan arnold,4,6,76.0,1,0.0,0.0,83.0,19.0,3.0,6.821662,0,0.91566265,0.15384616,0.21227622,0.37936258,Dan Arnold,ARI,7.239999999999999,3.144504465420218,14.411666666666664,22.925393711225407,66.66666666666666,76.0,1.0,4.995000000000001,3.446704566904941,1.5482954330950598,00-0034011,Daniel,Arnold,D.Arnold,REG,ARI,LA,Dan Arnold,ArnoDa00,0.0,0.0,0.0,149.3
2019,REG,17,00-0035308,T.Sweeney,TE,TE,BUF,14294,ec63ee49-3a03-44ca-a083-3916f0bccd76,18325.0,47216.0,6137.0,,3122818.0,32060.0,,2139106.0,SweeTo00,tommy-sweeney-1,13667.0,14287.0,,32060.0,836094.0,20957.0,836094.0,Tommy Sweeney,tommy sweeney,5,5,76.0,0,0.0,0.0,50.0,26.0,3.0,5.9997473,0,1.52,0.12820514,0.1633987,0.3066868,Tommy Sweeney,BUF,3.5980000000000003,4.346625483386306,9.656,16.005304160450855,100.0,76.0,0.0,5.543999999999999,5.18794326149972,0.3560567385002784,00-0035308,Tommy,Sweeney,T.Sweeney,REG,BUF,NYJ,Tommy Sweeney,SweeTo00,1.0,0.0,0.0,118.7
2019,REG,17,00-0034351,D.Goedert,TE,TE,PHI,13674,e8029983-87cf-49a2-bc04-04c8233a0630,17270.0,47272.0,5022.0,,3121023.0,31019.0,,2132551.0,GoedDa00,,12860.0,13151.0,382.0,31019.0,791365.0,19863.0,791365.0,Dallas Goedert,dallas goedert,4,10,65.0,0,0.0,0.0,73.0,10.0,3.0,1.2336587,0,0.89041096,0.25,0.24252492,0.54476744,Dallas Goedert,PHI,5.388,2.082037702465372,7.843000000000001,25.696219120634307,40.0,65.0,0.0,2.9375,1.782987537130661,1.154512462869339,00-0034351,Dallas,Goedert,D.Goedert,REG,PHI,NYG,Dallas Goedert,GoedDa00,0.0,0.0,0.0,62.5
2019,REG,17,00-0035025,H.Hentges,TE,TE,WAS,14654,fe7dea44-fd21-45e4-a8f0-1436e1108da1,18785.0,47150.0,6439.0,,3925348.0,32295.0,,3116798.0,HentHa00,,14094.0,,,32295.0,884045.0,21344.0,,Hale Hentges,hale hentges,4,7,62.0,0,0.0,0.0,65.0,30.0,3.0,-2.141253,0,0.95384616,0.2,0.28138527,0.4969697,Hale Hentges,WAS,4.716666666666666,3.2112843844743266,9.152857142857144,28.29572053173166,57.14285714285714,62.0,0.0,7.789999999999999,6.156310727404616,1.633689272595383,00-0035025,Hale,Hentges,H.Hentges,REG,WAS,DAL,Hale Hentges,HentHa00,0.0,1.0,0.143,86.6
2019,REG,17,00-0034364,J.Akins,TE,TE,HOU,13753,0cb5a32a-a340-4671-ba2a-93f5fa6aee8d,17415.0,47050.0,5032.0,,3128452.0,31068.0,,2142712.0,AkinJo00,jordan-akins-1,12568.0,13238.0,,31068.0,838396.0,19903.0,838396.0,Jordan Akins,jordan akins,5,7,54.0,0,0.0,0.0,56.0,28.0,3.0,0.9372448,0,0.96428573,0.21875,0.22310758,0.4843003,Jordan Akins,HOU,2.985,2.720792121354673,6.8914285714285715,18.60249884312819,71.42857142857143,54.0,0.0,6.3260000000000005,2.5715392321370016,3.754460767862999,00-0034364,Jordan,Akins,J.Akins,REG,HOU,TEN,Jordan Akins,AkinJo00,2.0,0.0,0.0,54.2
2019,REG,17,00-0032599,J.Perkins,TE,TE,PHI,12685,9c18801d-bdaa-4036-9663-24280c763bcf,16233.0,11051.0,3668.0,,2578377.0,29654.0,,1884450.0,PerkJo02,,11317.0,11804.0,,29654.0,608012.0,18468.0,,Joshua Perkins,joshua perkins,4,6,50.0,1,0.0,0.0,72.0,16.0,2.0,4.183182,0,0.6944444,0.15,0.23920266,0.39244187,Josh Perkins,PHI,7.528333333333333,2.433155986892897,11.85333333333333,23.301225345652316,66.66666666666666,50.0,1.0,4.067500000000001,1.6631431709978415,2.4043568290021593,00-0032599,Joshua,Perkins,J.Perkins,REG,PHI,NYG,Joshua Perkins,PerkJo02,0.0,0.0,0.0,131.9
2019,REG,17,00-0027696,J.Graham,TE,TE,GB,9925,fd85786d-3900-4dc0-9b30-334ee30413ed,9712.0,5619.0,616.0,jimmygraham/497236,13232.0,24070.0,6610.0,1691166.0,GrahJi00,jimmy-graham-1,6532.0,5842.0,,24070.0,295918.0,11488.0,295918.0,Jimmy Graham,jimmy graham,4,7,49.0,0,0.0,0.0,84.0,34.0,3.0,2.6465473,0,0.5833333,0.12962963,0.10852713,0.27041343,Jimmy Graham,GB,5.976,4.471807025009103,11.224285714285717,10.28524302601092,57.14285714285714,49.0,0.0,8.734999999999998,9.700141646716588,-0.9651416467165905,00-0027696,Jimmy,Graham,J.Graham,REG,GB,DET,Jimmy Graham,GrahJi00,0.0,1.0,0.143,78.9
2019,REG,17,00-0032392,A.Hooper,TE,TE,ATL,12677,90c2a93f-d837-4e1b-b57c-56648903a8db,15581.0,10715.0,3202.0,,3043275.0,29315.0,,2067004.0,HoopAu00,austin-hooper-1,10748.0,11301.0,384.0,29315.0,739424.0,17963.0,739424.0,Austin Hooper,austin hooper,7,9,45.0,0,0.0,0.0,36.0,13.0,3.0,0.057160314,0,1.25,0.1875,0.116504855,0.3628034,Austin Hooper,ATL,5.543333333333333,2.8634685184052606,4.705555555555554,12.398266877451839,77.77777777777779,45.0,0.0,1.825714285714287,2.572865743933757,-0.74715145821947,00-0032392,Austin,Hooper,A.Hooper,REG,ATL,TB,Austin Hooper,HoopAu00,0.0,0.0,0.0,87.5
2019,REG,17,00-0027061,J.Cook,TE,TE,NO,9474,3b7a1409-d154-4e5c-8c94-9d4a0e0993c7,9265.0,5012.0,367.0,jaredcook/71265,12537.0,9353.0,6126.0,584314.0,CookJa02,jared-cook-2,5981.0,5165.0,,9353.0,296480.0,8534.0,296480.0,Jared Cook,jared cook,2,2,44.0,1,0.0,0.0,41.0,3.0,2.0,4.2986927,0,1.0731708,0.06896552,0.2009804,0.24413455,,,,,,,,,,,,,,,,,REG,NO,CAR,Jared Cook,CookJa02,0.0,0.0,0.0,158.3
2019,REG,17,00-0033090,H.Henry,TE,TE,LAC,12676,705899da-3c20-4bc3-b5d0-2e6e40655131,15561.0,10669.0,3214.0,,3046439.0,29269.0,,2079848.0,HenrHu00,hunter-henry-1,10735.0,11299.0,212.0,29269.0,744425.0,17975.0,744425.0,Hunter Henry,hunter henry,5,6,42.0,1,0.0,0.0,46.0,8.0,3.0,4.325674,0,0.9130435,0.13636364,0.14603175,0.30676767,Hunter Henry,LAC,4.343999999999999,1.934929250722724,6.635000000000001,13.188669869140302,83.33333333333334,42.0,1.0,2.2759999999999994,2.198961605164686,0.07703839483531327,00-0033090,Hunter,Henry,H.Henry,REG,LAC,KC,Hunter Henry,HenrHu00,0.0,0.0,0.0,135.4
2019,REG,17,00-0030216,J.Hill,TE,TE,NO,11529,687cdc33-bd0d-4b70-adb3-33f97dc26a3c,13565.0,8200.0,1777.0,joshhill/2541834,16143.0,26950.0,,2060083.0,HillJo02,,9071.0,8764.0,,26950.0,469509.0,15866.0,,Josh Hill,josh hill,3,5,35.0,0,0.0,0.0,22.0,30.0,2.0,3.1388283,0,1.5909091,0.1724138,0.10784314,0.3341109,Josh Hill,NO,4.077500000000001,4.2290290508487915,6.006000000000003,12.771115080377655,60.0,35.0,0.0,9.89333333333333,6.6793532661204535,3.2139800672128773,00-0030216,Josh,Hill,J.Hill,REG,NO,CAR,Josh Hill,HillJo02,0.0,0.0,0.0,81.2
2019,REG,17,00-0034830,H.Hurst,TE,TE,BAL,13680,1b125fc4-5dd9-4eb9-a42f-048e61ca42b7,17283.0,47294.0,4973.0,,3924365.0,30995.0,,2185053.0,HursHa00,hayden-hurst-1,12467.0,13098.0,8.0,30995.0,881956.0,19843.0,881956.0,Hayden Hurst,hayden hurst,2,2,35.0,0,0.0,0.0,24.0,11.0,2.0,3.8923533,0,1.4583334,0.1,0.17777778,0.27444443,,,,,,,,,,,,,,,,,REG,BAL,PIT,Hayden Hurst,HursHa00,0.0,0.0,0.0,118.7
2019,REG,17,00-0030549,T.Eifert,TE,TE,CIN,11250,14ecf9dd-3a77-4847-8e62-407cd1182f1c,11692.0,7802.0,1388.0,tylereifert/2540148,15788.0,26644.0,,1691608.0,EifeTy00,tyler-eifert-1,8782.0,8408.0,,26644.0,508968.0,14918.0,,Tyler Eifert,tyler eifert,2,2,34.0,0,0.0,0.0,22.0,12.0,2.0,4.8725524,0,1.5454545,0.074074075,0.094420604,0.17720553,,,,,,,,,,,,,,,,,REG,CIN,CLE,Tyler Eifert,EifeTy00,0.0,0.0,0.0,118.7
2019,REG,17,00-0034829,M.Gesicki,TE,TE,MIA,13672,1012cbe0-7eba-4169-bfca-183a0204e1a7,17272.0,47153.0,4993.0,,3116164.0,31012.0,,2139298.0,GesiMi00,mike-gesicki-1,12764.0,13104.0,330.0,31012.0,836152.0,19853.0,836152.0,Mike Gesicki,mike gesicki,4,7,34.0,1,0.0,0.0,69.0,22.0,2.0,2.324039,0,0.49275362,0.1590909,0.16197184,0.35201666,Mike Gesicki,MIA,4.3028571428571425,2.695731719036789,10.157142857142858,19.069330830092536,57.14285714285714,34.0,1.0,5.2425,5.760184087769062,-0.5176840877690623,00-0034829,Michael,Gesicki,M.Gesicki,REG,MIA,NE,Mike Gesicki,GesiMi00,0.0,0.0,0.0,109.5
2019,REG,17,00-0032098,D.Brown,TE,TE,NYJ,12585,1b016b52-62ba-4da9-9ead-6bad689f8d33,14470.0,10144.0,2751.0,,2519013.0,29102.0,,2175305.0,BrowDa04,,10713.0,11092.0,,29102.0,561380.0,17219.0,561380.0,Daniel Brown,daniel brown,3,4,32.0,0,0.0,0.0,40.0,4.0,1.0,0.98062354,0,0.8,0.121212125,0.18099548,0.308515,,,,,,,,,,,,,,,,,REG,NYJ,BUF,Daniel Brown,BrowDa04,0.0,1.0,0.25,97.9
2019,REG,17,00-0032134,C.Uzomah,TE,TE,CIN,12317,19858900-5c8e-49a7-ab02-34ef625724ca,14084.0,9590.0,2460.0,c.j.uzomah/2552559,2574576.0,28545.0,,2174118.0,UzomC.00,cj-uzomah-1,10462.0,10534.0,,28545.0,593305.0,16917.0,593305.0,C.J. Uzomah,cj uzomah,5,6,25.0,1,0.0,0.0,17.0,11.0,2.0,0.76275414,0,1.4705882,0.22222222,0.072961375,0.3844063,C.J. Uzomah,CIN,9.368,2.936190604570712,2.694999999999999,6.9384252306372005,83.33333333333334,25.0,1.0,2.2040000000000006,2.0513125208561633,0.1526874791438373,00-0032134,Christopher,Uzomah,C.Uzomah,REG,CIN,CLE,C.J. Uzomah,UzomC.00,0.0,0.0,0.0,123.6
2019,REG,17,00-0033387,J.Hollister,TE,TE,SEA,13391,ad2a1d03-020b-487a-bd5f-7ca9fbc250fe,16527.0,12051.0,4421.0,,3125404.0,30661.0,,2818962.0,HollJa03,,12271.0,12491.0,,30661.0,696882.0,19281.0,696882.0,Jacob Hollister,jacob hollister,4,8,25.0,0,0.0,0.0,38.0,4.0,1.0,-2.7956152,0,0.65789473,0.21052632,0.15079366,0.42134503,Jacob Hollister,SEA,6.475714285714285,2.5600039879717746,5.4887500000000005,16.139822098066603,50.0,25.0,0.0,1.2050000000000018,1.3044479258941237,-0.09944792589412188,00-0033387,Jacob,Hollister,J.Hollister,REG,SEA,SF,Jacob Hollister,HollJa03,1.0,0.0,0.0,56.8
2019,REG,17,00-0022127,J.Witten,TE,TE,DAL,6997,e38c9b1b-7c51-48a2-ac1d-a752502e8930,9275.0,1384.0,23.0,jasonwitten/2505629,4527.0,6405.0,,396134.0,WittJa00,jason-witten-1,3086.0,1990.0,,6405.0,184571.0,722.0,,Jason Witten,jason witten,4,4,24.0,0,0.0,0.0,19.0,5.0,2.0,1.2525446,0,1.2631578,0.125,0.09223301,0.2520631,,,,,,,,,,,,,,,,,REG,DAL,WAS,Jason Witten,WittJa00,0.0,0.0,0.0,91.7
2019,REG,17,00-0030506,T.Kelce,TE,TE,KC,11244,c3859e06-5f23-4302-a71b-04820a899d5f,11594.0,7844.0,1466.0,traviskelce/2540258,15847.0,26686.0,,1725130.0,KelcTr00,travis-kelce-1,8783.0,8411.0,264.0,26686.0,448240.0,15048.0,448240.0,Travis Kelce,travis kelce,3,5,24.0,0,0.0,0.0,17.0,16.0,1.0,-0.14522782,0,1.4117647,0.2,0.11971831,0.38380283,Travis Kelce,KC,6.7075,3.2457531293999344,3.8580000000000014,13.574947220267418,60.0,24.0,0.0,4.780000000000001,4.001371835352377,0.7786281646476239,00-0030506,Travis,Kelce,T.Kelce,REG,KC,LAC,Travis Kelce,KelcTr00,1.0,1.0,0.2,72.1
2019,REG,17,00-0031558,M.Williams,TE,TE,ARI,12206,52f4a43a-64a9-4d69-a9e2-28bd60f68e49,13919.0,9488.0,2360.0,,2970726.0,28443.0,,1983769.0,WillMa04,maxx-williams-1,10128.0,10298.0,,28443.0,651658.0,16816.0,651658.0,Maxx Williams,maxx williams,1,2,23.0,0,0.0,0.0,7.0,16.0,1.0,1.682275,0,3.2857144,0.051282052,0.017902814,0.089455046,,,,,,,,,,,,,,,,,REG,ARI,LA,Maxx Williams,WillMa04,0.0,0.0,0.0,91.7
2019,REG,17,00-0030470,V.McDonald,TE,TE,PIT,11257,8f24a248-b328-43ec-8677-67600e42a8f7,11699.0,7836.0,1587.0,vancemcdonald/2540215,15853.0,26678.0,,1673357.0,McDoVa00,vance-mcdonald-1,8785.0,8413.0,,26678.0,494969.0,15239.0,,Vance McDonald,vance mcdonald,2,2,19.0,0,0.0,0.0,7.0,12.0,1.0,2.148419,0,2.7142856,0.1,0.05691057,0.1898374,,,,,,,,,,,,,,,,,REG,PIT,BAL,Vance McDonald,McDoVa00,0.0,0.0,0.0,106.2
2019,REG,17,00-0033528,J.Sprinkle,TE,TE,WAS,13194,2dcc8e56-ac32-4774-a011-b1e65ca73786,16461.0,11909.0,4221.0,,2980073.0,30267.0,,1999945.0,SpriJe00,jeremy-sprinkle-1,11899.0,12368.0,,30267.0,693833.0,19067.0,693833.0,Jeremy Sprinkle,jeremy sprinkle,3,6,18.0,0,0.0,0.0,31.0,6.0,1.0,-4.625168,0,0.58064514,0.17142858,0.13419913,0.35108227,Jeremy Sprinkle,WAS,4.992,1.976692780058703,5.014999999999998,13.288875149052682,50.0,18.0,0.0,2.353333333333334,2.850893207245766,-0.49755987391243206,00-0033528,Jeremy,Sprinkle,J.Sprinkle,REG,WAS,DAL,Jeremy Sprinkle,SpriJe00,0.0,0.0,0.0,16.7
2019,REG,17,00-0031260,L.Thomas,TE,TE,DET,11647,b24625a0-d402-4d59-a778-aa4b073bfe5e,12095.0,8755.0,2251.0,loganthomas/2543767,16813.0,27648.0,,1691193.0,ThomLo00,logan-thomas-1,9323.0,9354.0,,27648.0,507528.0,16656.0,507528.0,Logan Thomas,logan thomas,1,3,15.0,0,0.0,0.0,16.0,10.0,0.0,-1.0281413,0,0.9375,0.10344828,0.06130268,0.1980843,,,,,,,,,,,,,,,,,REG,DET,GB,Logan Thomas,ThomLo00,0.0,0.0,0.0,50.7
2019,REG,17,00-0033217,M.Alie-Cox,TE,TE,IND,13246,8809c0dd-786b-4255-a7d0-333c9498c19a,16579.0,12078.0,4054.0,moalie-cox/2558832,2998565.0,30112.0,,2815925.0,AlieMo00,,12196.0,12221.0,195.0,30112.0,712506.0,18900.0,712506.0,Mo Alie-Cox,mo alie-cox,1,1,15.0,0,0.0,0.0,3.0,12.0,1.0,0.94581383,0,5.0,0.041666668,0.015228426,0.073159896,,,,,,,,,,,,,,,,,REG,IND,JAX,Mo Alie-Cox,AlieMo00,0.0,0.0,0.0,118.7
2019,REG,17,00-0031585,M.Pruitt,TE,TE,TEN,12309,f22b34cf-6ecf-4522-9c77-1da275dfda7d,13964.0,9576.0,2446.0,,2508256.0,28531.0,,1760327.0,PruiMy00,,10251.0,10522.0,,28531.0,552586.0,16903.0,552586.0,MyCole Pruitt,mycole pruitt,2,2,13.0,1,0.0,0.0,3.0,10.0,2.0,1.4898237,0,4.3333335,0.0952381,0.01056338,0.15025151,,,,,,,,,,,,,,,,,REG,TEN,HOU,MyCole Pruitt,PruiMy00,0.0,0.0,0.0,133.3
2019,REG,17,00-0024243,M.Lewis,TE,TE,GB,8269,9c21e9af-681c-41ef-9b00-fbc9e1668ed1,9413.0,2973.0,111.0,marcedeslewis/2495888,9614.0,7777.0,4007.0,415313.0,LewiMa00,marcedes-lewis-1,4891.0,3615.0,,7777.0,214197.0,3061.0,214197.0,Marcedes Lewis,marcedes lewis,1,1,12.0,0,0.0,0.0,0.0,12.0,1.0,1.1726881,0,0.0,0.018518519,0.0,0.027777778,,,,,,,,,,,,,,,,,REG,GB,DET,Marcedes Lewis,LewiMa00,0.0,0.0,0.0,116.7
2019,REG,17,00-0025418,G.Olsen,TE,TE,CAR,8687,587d0a98-7ec5-45a5-adba-8af26e8f256b,9238.0,3647.0,58.0,gregolsen/2495700,10475.0,8285.0,,502524.0,OlseGr00,greg-olsen-1,5206.0,4190.0,,8285.0,230925.0,1658.0,,Greg Olsen,greg olsen,2,6,12.0,0,0.0,0.0,39.0,7.0,0.0,-9.551052,0,0.30769232,0.12244898,0.10455764,0.25686383,Greg Olsen,CAR,6.442499999999999,1.7215354016170565,7.041666666666667,11.839045030403229,33.33333333333333,12.0,0.0,4.540000000000001,4.021397651083248,0.5186023489167528,00-0025418,Gregory,Olsen,G.Olsen,REG,CAR,NO,Greg Olsen,OlseGr00,0.0,0.0,0.0,2.8
2019,REG,17,00-0034365,I.Thomas,TE,TE,CAR,13678,ed8a8fd2-df67-45e7-a34f-984afb82f6ea,17387.0,42130.0,4995.0,,4045305.0,31071.0,,2253359.0,ThomIa00,ian-thomas-3,12858.0,13163.0,323.0,31071.0,943093.0,19910.0,943093.0,Ian Thomas,ian thomas,1,5,12.0,0,0.0,0.0,52.0,10.0,1.0,-1.924176,0,0.23076923,0.10204082,0.13941018,0.25064835,Ian Thomas,CAR,6.7775,2.4124026134977434,9.033999999999997,12.65727015439796,20.0,12.0,0.0,10.620000000000005,10.079065340558827,0.5409346594411772,00-0034365,Ian,Thomas,I.Thomas,REG,CAR,NO,Ian Thomas,ThomIa00,0.0,0.0,0.0,39.6
2019,REG,17,00-0034970,I.Smith,TE,TE,MIN,14141,ed0e6a30-83d5-4f4b-bf49-f7ff80e21304,18610.0,42060.0,6126.0,,4040980.0,31882.0,,2257888.0,SmitIr01,irv-smith-jr-1,13583.0,14052.0,,31882.0,944428.0,20949.0,944428.0,Irv Smith,irv smith,1,2,11.0,0,0.0,0.0,-3.0,14.0,1.0,0.037062943,0,0.0,0.1,-0.04225352,0.120422535,,,,,,,,,,,,,,,,,REG,MIN,CHI,Irv Smith Jr.,SmitIr01,0.0,0.0,0.0,66.7
2019,REG,17,00-0028042,L.Stocker,TE,TE,ATL,10354,5b712aed-201c-43dd-b978-b7b6ef91178e,9948.0,6256.0,963.0,lukestocker/2495234,14099.0,24891.0,7589.0,1125485.0,StocLu00,luke-stocker-1,7413.0,6552.0,,24891.0,334186.0,13370.0,334186.0,Luke Stocker,luke stocker,1,1,10.0,0,0.0,0.0,4.0,6.0,1.0,0.6936097,0,2.5,0.020833334,0.012944984,0.04031149,,,,,,,,,,,,,,,,,REG,ATL,TB,Luke Stocker,StocLu00,0.0,0.0,0.0,108.3
2019,REG,17,00-0033576,E.Saubert,TE,TE,CHI,13315,582dc00e-e7ec-4ca7-bff0-f7b1d604017b,16706.0,11929.0,4189.0,,2975863.0,30287.0,,2001018.0,SaubEr00,,11897.0,12300.0,,30287.0,694931.0,19035.0,694931.0,Eric Saubert,eric saubert,1,1,10.0,0,0.0,0.0,-1.0,11.0,1.0,0.5831463,0,0.0,0.028571429,-0.004854369,0.039459083,,,,,,,,,,,,,,,,,REG,CHI,MIN,Eric Saubert,SaubEr00,0.0,0.0,0.0,108.3
2019,REG,17,00-0033757,R.Tonyan,TE,TE,GB,13427,7c9c7800-69d0-459b-812b-a07ac48e9f2a,16502.0,12193.0,4602.0,,2975674.0,30777.0,,2820026.0,TonyRo00,,12389.0,12868.0,,30777.0,660151.0,19491.0,660151.0,Robert Tonyan,robert tonyan,2,3,9.0,0,0.0,0.0,23.0,1.0,0.0,-1.1076977,0,0.39130434,0.055555556,0.029715762,0.104134366,,,,,,,,,,,,,,,,,REG,GB,DET,Robert Tonyan,TonyRo00,0.0,0.0,0.0,70.1
2019,REG,17,00-0034270,T.Conklin,TE,TE,MIN,13675,f0d17dfa-ebf3-416c-a8d2-c6bc30675103,17598.0,47327.0,5133.0,,3915486.0,31220.0,,2165249.0,ConkTy00,tyler-conklin-1,12809.0,13220.0,489.0,31127.0,861278.0,19988.0,861278.0,Tyler Conklin,tyler conklin,1,1,9.0,0,0.0,0.0,9.0,0.0,0.0,0.7723722,0,1.0,0.05,0.12676056,0.1637324,,,,,,,,,,,,,,,,,REG,MIN,CHI,Tyler Conklin,ConkTy00,0.0,0.0,0.0,104.2
2019,REG,17,00-0034393,T.Fumagalli,TE,TE,DEN,13673,579d92e6-ab4f-43e0-803f-b2d5a54d106a,17273.0,47333.0,5092.0,,3045264.0,31126.0,,2071777.0,FumaTr00,troy-fumagalli-2,12808.0,13270.0,,31126.0,742474.0,19973.0,742474.0,Troy Fumagalli,troy fumagalli,1,2,9.0,0,0.0,0.0,11.0,7.0,0.0,-0.90488523,0,0.8181818,0.07692308,0.05699482,0.15528099,,,,,,,,,,,,,,,,,REG,DEN,OAK,Troy Fumagalli,FumaTr00,0.0,0.0,0.0,62.5
2019,REG,17,00-0034420,J.Thomas,TE,TE,HOU,13819,f993832a-f81f-4706-90b8-80fd193bdfd7,17399.0,42062.0,5117.0,,4035379.0,31181.0,,2249166.0,ThomJo05,jordan-thomas-6,12697.0,13309.0,,31181.0,922092.0,20020.0,922092.0,Jordan Thomas,jordan thomas,1,3,8.0,0,0.0,0.0,8.0,3.0,0.0,-1.4750712,0,1.0,0.09375,0.03187251,0.16293576,,,,,,,,,,,,,,,,,REG,HOU,TEN,Jordan Thomas,ThomJo05,0.0,0.0,0.0,42.4
2019,REG,17,00-0034798,D.Smythe,TE,TE,MIA,13676,7e42a22a-c47b-4387-aeeb-2cc2e76dc1d8,17508.0,47257.0,5008.0,,3052897.0,31093.0,,2082845.0,SmytDu00,durham-smythe-1,12807.0,13249.0,,31093.0,749968.0,19943.0,749968.0,Durham Smythe,durham smythe,1,3,8.0,0,0.0,0.0,32.0,4.0,0.0,-0.22675242,0,0.25,0.06818182,0.07511737,0.1548549,,,,,,,,,,,,,,,,,REG,MIA,NE,Durham Smythe,SmytDu00,0.0,1.0,0.333,42.4
2019,REG,17,00-0030181,J.Doyle,TE,TE,IND,11516,bd413539-9351-454e-9d61-4e8635d7e9f5,11987.0,8520.0,1706.0,jackdoyle/2540232,16504.0,27299.0,,2041264.0,DoylJa00,,9081.0,9075.0,,27299.0,477386.0,15602.0,477386.0,Jack Doyle,jack doyle,1,4,6.0,0,0.0,0.0,24.0,0.0,0.0,-2.193987,0,0.25,0.16666667,0.12182741,0.3352792,,,,,,,,,,,,,,,,,REG,IND,JAX,Jack Doyle,DoylJa00,0.0,0.0,0.0,39.6
2019,REG,17,00-0031598,N.Boyle,TE,TE,BAL,12328,9480dd9f-151f-4e6d-b5a3-35f07bda4cac,13963.0,9604.0,2474.0,,2574591.0,28559.0,,1888149.0,BoylNi00,,10252.0,10547.0,,28559.0,608753.0,16931.0,608753.0,Nick Boyle,nick boyle,1,2,6.0,0,0.0,0.0,9.0,0.0,0.0,-1.6333034,0,0.6666667,0.1,0.06666667,0.19666667,,,,,,,,,,,,,,,,,REG,BAL,PIT,Nick Boyle,BoylNi00,0.0,0.0,0.0,56.2
2019,REG,17,00-0032135,J.James,TE,TE,DET,12211,a37a5bfd-b48c-4d8b-817a-d8ce7ca3592d,13959.0,9593.0,2463.0,jessejames/2552633,2979590.0,28548.0,,1983808.0,JameJe00,jesse-james-1,10150.0,10403.0,,28548.0,652019.0,16920.0,652019.0,Jesse James,jesse james,2,3,5.0,0,0.0,0.0,8.0,1.0,0.0,-1.5113565,0,0.625,0.10344828,0.03065134,0.17662835,,,,,,,,,,,,,,,,,REG,DET,GB,Jesse James,JameJe00,0.0,0.0,0.0,70.1
2019,REG,17,00-0032214,T.Kroft,TE,TE,BUF,12212,36f54823-9d51-4180-9c91-d10281deb4bf,13960.0,9518.0,2390.0,tylerkroft/2552586,2582410.0,28473.0,,1824200.0,KrofTy00,tyler-kroft-1,10247.0,10490.0,,28473.0,592268.0,16846.0,592268.0,Tyler Kroft,tyler kroft,1,4,5.0,0,0.0,0.0,17.0,6.0,0.0,-3.3026319,0,0.29411766,0.102564104,0.055555556,0.19273505,,,,,,,,,,,,,,,,,REG,BUF,NYJ,Tyler Kroft,KrofTy00,0.0,1.0,0.25,39.6
2019,REG,17,00-0033455,A.Firkser,TE,TE,TEN,13919,b0719e3d-199b-46e5-a2b4-1091f6fd5c0d,16787.0,51837.0,4435.0,,3049698.0,30571.0,,2818971.0,FirkAn00,,12235.0,12691.0,,30571.0,767297.0,19296.0,767297.0,Anthony Firkser,anthony firkser,1,2,5.0,0,0.0,0.0,22.0,2.0,0.0,-0.31242302,0,0.22727273,0.0952381,0.07746479,0.19708249,,,,,,,,,,,,,,,,,REG,TEN,HOU,Anthony Firkser,FirkAn00,0.0,0.0,0.0,56.2
2019,REG,17,00-0033742,T.Swoopes,TE,TE,SEA,13411,2aa9cc15-bd17-4e53-bfcd-17a2fb1a2170,17094.0,12267.0,4678.0,,3046705.0,30763.0,,2820103.0,SwooTy00,,12049.0,12853.0,,30763.0,728022.0,19579.0,,Tyrone Swoopes,tyrone swoopes,1,1,5.0,0,0.0,0.0,-2.0,7.0,0.0,0.021967575,0,0.0,0.02631579,-0.007936508,0.033918127,,,,,,,,,,,,,,,,,REG,SEA,SF,Tyrone Swoopes,SwooTy00,0.0,0.0,0.0,87.5
2019,REG,17,00-0035553,C.Jones,TE,TE,JAX,14751,7b2e40ac-417d-4a86-b239-66bbe91c0bfc,19048.0,47186.0,6591.0,,3126263.0,32565.0,,3117137.0,JoneCh10,,14248.0,,,32565.0,0.0,21551.0,,Charles Jones,charles jones,1,1,5.0,0,0.0,0.0,3.0,2.0,0.0,-0.634114,0,1.6666666,0.025641026,0.012931035,0.04751326,,,,,,,,,,,,,,,,,REG,JAX,IND,Charles Jones,JoneCh10,0.0,0.0,0.0,87.5
2019,REG,17,00-0022943,B.Watson,TE,TE,NE,7422,d81844de-54c3-42ee-9850-072dc4131b6f,9040.0,1753.0,663.0,benjaminwatson/2506122,5557.0,6791.0,,493107.0,WatsBe00,benjamin-watson-1,3872.0,48.0,,6791.0,246082.0,11756.0,,Ben Watson,ben watson,1,1,4.0,0,0.0,0.0,4.0,0.0,0.0,0.085651934,0,1.0,0.03448276,0.012987013,0.060815047,,,,,,,,,,,,,,,,,REG,NE,MIA,Ben Watson,WatsBe00,0.0,0.0,0.0,83.3
2019,REG,17,00-0029119,D.Carrier,TE,TE,LV,10940,d3fab07b-f02a-433d-9612-cb0a751f324d,11417.0,7406.0,1718.0,derekcarrier/2534241,15403.0,26416.0,,1977121.0,CarrDe00,,9203.0,7527.0,,26416.0,654887.0,15640.0,654887.0,Derek Carrier,derek carrier,1,1,4.0,0,0.0,0.0,4.0,0.0,0.0,-0.25119597,0,1.0,0.024390243,0.013333334,0.0459187,,,,,,,,,,,,,,,,,REG,OAK,DEN,Derek Carrier,CarrDe00,0.0,0.0,0.0,83.3
2019,REG,17,00-0033080,S.DeValve,TE,TE,JAX,12792,a2451bf7-83dd-496c-b527-c14d8d518598,15671.0,10772.0,3296.0,,2566659.0,29372.0,,1984760.0,DevaSe00,,11221.0,11444.0,,29372.0,623676.0,18057.0,,Seth DeValve,seth devalve,1,1,4.0,0,0.0,0.0,4.0,0.0,0.0,-0.30227402,0,1.0,0.025641026,0.01724138,0.050530504,,,,,,,,,,,,,,,,,REG,JAX,IND,Seth Devalve,DevaSe00,0.0,0.0,0.0,83.3
2019,REG,17,00-0035644,N.Fant,TE,TE,DEN,14137,cdc98acc-9eb6-4b44-81bb-61d7b8a3b55f,17527.0,42388.0,5857.0,,4036131.0,31852.0,,2251095.0,FantNo00,noah-fant-1,13426.0,14050.0,243.0,31852.0,923911.0,20753.0,923911.0,Noah Fant,noah fant,1,2,4.0,0,0.0,0.0,-15.0,9.0,0.0,-0.786367,0,0.0,0.07692308,-0.07772021,0.06098047,,,,,,,,,,,,,,,,,REG,DEN,OAK,Noah Fant,FantNo00,1.0,0.0,0.0,56.2
2019,REG,17,00-0031273,C.Brate,TE,TE,TB,12110,5afe93fd-0caf-4cca-83fc-7f405bebfa3e,13470.0,9207.0,2214.0,,17453.0,28267.0,,2132787.0,BratCa00,,10008.0,10193.0,,28267.0,552926.0,16593.0,552926.0,Cameron Brate,cameron brate,1,3,2.0,1,0.0,0.0,10.0,1.0,1.0,-5.665413,0,0.2,0.13043478,0.039215688,0.22310315,,,,,,,,,,,,,,,,,REG,TB,ATL,Cameron Brate,BratCa00,0.0,0.0,0.0,42.4
2019,REG,17,00-0033246,J.Mundt,TE,TE,LA,13940,6414998b-5831-44aa-8bd8-39e42a323c2c,16743.0,12206.0,4314.0,,3052096.0,30373.0,,2818622.0,MundJo00,,12316.0,12525.0,,30373.0,740704.0,19165.0,740704.0,Johnny Mundt,johnny mundt,1,1,2.0,0,0.0,0.0,0.0,2.0,0.0,-0.36661556,0,0.0,0.022727273,0.0,0.03409091,,,,,,,,,,,,,,,,,REG,LA,ARI,Johnny Mundt,MundJo00,0.0,0.0,0.0,79.2
2019,REG,17,00-0032062,B.Bell,TE,TE,KC,12213,0cc4e449-185a-4b08-9f07-c907ad0c3e05,13966.0,9550.0,2422.0,,2514206.0,28505.0,,1737101.0,BellBl00,blake-bell-1,10248.0,10366.0,,28505.0,542871.0,16878.0,542871.0,Blake Bell,blake bell,1,2,1.0,0,0.0,0.0,2.0,0.0,0.0,-2.2012715,0,0.5,0.08,0.014084507,0.12985915,,,,,,,,,,,,,,,,,REG,KC,LAC,Blake Bell,BellBl00,0.0,1.0,0.5,56.2
2019,REG,17,00-0028142,V.Green,TE,TE,LAC,10432,6ef43c53-53d7-4b0f-ad99-17664d663ae8,10026.0,6356.0,868.0,virgilgreen/2495288,14085.0,24991.0,7502.0,1130615.0,GreeVi00,virgil-green-1,7416.0,6570.0,,24991.0,323254.0,13016.0,,Virgil Green,virgil green,0,1,0.0,0,0.0,0.0,23.0,0.0,0.0,-0.4204364,0,0.0,0.022727273,0.073015876,0.08520202,,,,,,,,,,,,,,,,,REG,LAC,KC,Virgil Green,GreeVi00,0.0,0.0,0.0,39.6
2019,REG,17,00-0030155,D.Harris,TE,TE,CLE,11448,8506c15c-15cc-4d2c-aebf-270c605fe0ec,11881.0,8524.0,1619.0,demetriusharris/2541187,16318.0,27174.0,,2060074.0,HarrDe03,,9847.0,8683.0,,27174.0,602269.0,15305.0,602269.0,Demetrius Harris,demetrius harris,0,1,0.0,0,0.0,0.0,-8.0,0.0,0.0,-0.42493477,0,0.0,0.041666668,-0.01980198,0.048638612,,,,,,,,,,,,,,,,,REG,CLE,CIN,Demetrius Harris,HarrDe03,0.0,1.0,1.0,39.6
2019,REG,17,00-0033338,C.Carter,TE,TE,CIN,13369,53fd9a69-1b10-4fd6-90e7-ee84cca9e041,16543.0,47149.0,4362.0,,3040470.0,30577.0,,2060620.0,CartCe00,,11889.0,12499.0,,30577.0,728274.0,19219.0,728274.0,Cethan Carter,cethan carter,0,1,0.0,0,0.0,0.0,0.0,0.0,0.0,-0.49777102,0,,0.037037037,0.0,0.055555556,,,,,,,,,,,,,,,,,REG,CIN,CLE,Cethan Carter,CartCe00,0.0,0.0,0.0,39.6
2019,REG,17,00-0033658,B.Jarwin,TE,TE,DAL,13722,43e8a6ac-d451-4dbd-b145-797764f91494,16638.0,12320.0,4571.0,,2991767.0,30784.0,,2819999.0,JarwBl00,,12179.0,12507.0,,30784.0,711965.0,19457.0,711965.0,Blake Jarwin,blake jarwin,0,1,0.0,0,0.0,0.0,9.0,0.0,0.0,-0.5954335,0,0.0,0.03125,0.04368932,0.077457525,,,,,,,,,,,,,,,,,REG,DAL,WAS,Blake Jarwin,JarwBl00,0.0,0.0,0.0,39.6
2019,REG,17,00-0033858,J.Smith,TE,TE,TEN,13193,e4f25a37-74de-4bfb-b6c9-f50a4fab0b87,16460.0,11855.0,4144.0,,3054212.0,30213.0,,2081506.0,SmitJo01,jonnu-smith-1,11807.0,12344.0,84.0,30213.0,743749.0,18990.0,743749.0,Jonnu Smith,jonnu smith,0,0,0.0,0,0.0,0.0,0.0,0.0,0.0,,0,,,,,,,,,,,,,,,,,,,,,,,,,,,,,
2019,REG,17,00-0034613,T.Hudson,TE,TE,TB,14370,2fa75e05-cac4-4b40-8924-dbc9ae0c959c,17826.0,66924.0,5409.0,,3050481.0,31257.0,,2926606.0,,,13286.0,,,31257.0,1115394.0,20506.0,1115394.0,Tanner Hudson,tanner hudson,0,1,0.0,0,0.0,0.0,2.0,0.0,0.0,-1.8754263,0,0.0,0.04347826,0.007843138,0.07070759,,,,,,,,,,,,,,,,,,,,,,,,,
2019,REG,17,00-0035259,T.Wesco,TE,TE,NYJ,14231,f6c34178-e063-444b-96b3-df6b3cf66419,18567.0,42018.0,6181.0,,4039253.0,31953.0,,2243366.0,WescTr00,trevon-wesco-1,13828.0,14224.0,,31953.0,919456.0,20977.0,919456.0,Trevon Wesco,trevon wesco,0,1,0.0,0,0.0,0.0,1.0,0.0,0.0,-0.26894075,0,0.0,0.030303031,0.004524887,0.048621967,,,,,,,,,,,,,,,,,REG,NYJ,BUF,Trevon Wesco,WescTr00,0.0,0.0,0.0,39.6
2019,POST,18,00-0034351,D.Goedert,TE,TE,PHI,13674,e8029983-87cf-49a2-bc04-04c8233a0630,17270.0,47272.0,5022.0,,3121023.0,31019.0,,2132551.0,GoedDa00,,12860.0,13151.0,382.0,31019.0,791365.0,19863.0,791365.0,Dallas Goedert,dallas goedert,7,8,73.0,0,0.0,0.0,63.0,17.0,4.0,4.631121,0,1.1587301,0.32,0.42,0.774,Dallas Goedert,PHI,5.329999999999999,3.261285525695028,7.626250000000002,41.120172541618935,87.5,73.0,0.0,2.749999999999997,2.351209548396696,0.39879045160330095,00-0034351,Dallas,Goedert,D.Goedert,WC,PHI,SEA,Dallas Goedert,GoedDa00,0.0,0.0,0.0,104.7
2019,POST,18,00-0027061,J.Cook,TE,TE,NO,9474,3b7a1409-d154-4e5c-8c94-9d4a0e0993c7,9265.0,5012.0,367.0,jaredcook/71265,12537.0,9353.0,6126.0,584314.0,CookJa02,jared-cook-2,5981.0,5165.0,,9353.0,296480.0,8534.0,296480.0,Jared Cook,jared cook,5,5,54.0,0,0.0,0.0,33.0,21.0,4.0,3.2499278,0,1.6363636,0.15151516,0.12992126,0.3182176,Jared Cook,NO,5.359999999999999,3.445863736847291,6.707999999999998,13.82579661156684,100.0,54.0,0.0,4.092000000000001,2.032111765241763,2.0598882347582386,00-0027061,Jared,Cook,J.Cook,WC,NO,MIN,Jared Cook,CookJa02,1.0,0.0,0.0,111.7
2019,POST,18,00-0030061,Z.Ertz,TE,TE,PHI,11247,de3421f7-2147-4835-89a5-724e87bad463,11689.0,7816.0,1339.0,zachertz/2540158,15835.0,26658.0,,1685963.0,ErtzZa00,zach-ertz-1,8781.0,8409.0,305.0,26658.0,503177.0,14856.0,503177.0,Zach Ertz,zach ertz,2,4,44.0,0,0.0,0.0,50.0,16.0,2.0,1.4575956,0,0.88,0.16,0.33333334,0.47333333,,,,,,,,,,,,,,,,,WC,PHI,SEA,Zach Ertz,ErtzZa00,0.0,0.0,0.0,89.6
2019,POST,18,00-0022943,B.Watson,TE,TE,NE,7422,d81844de-54c3-42ee-9850-072dc4131b6f,9040.0,1753.0,663.0,benjaminwatson/2506122,5557.0,6791.0,,493107.0,WatsBe00,benjamin-watson-1,3872.0,48.0,,6791.0,246082.0,11756.0,,Ben Watson,ben watson,3,4,38.0,0,0.0,0.0,38.0,6.0,3.0,4.0736256,0,1.0,0.114285715,0.13718411,0.26745746,,,,,,,,,,,,,,,,,WC,NE,TEN,Ben Watson,WatsBe00,0.0,1.0,0.25,104.2
2019,POST,18,00-0029738,D.Fells,TE,TE,HOU,11337,54d4e35a-2e6c-48f6-86ad-92dd596c173c,13636.0,8549.0,1592.0,darrenfells/2540928,15773.0,26612.0,,2053740.0,FellDa01,,9758.0,8472.0,,26612.0,266414.0,15247.0,266414.0,Darren Fells,darren fells,4,5,37.0,0,0.0,0.0,32.0,15.0,3.0,3.6050582,0,1.15625,0.2,0.14814815,0.4037037,Darren Fells,HOU,5.8,4.36292239239466,6.286000000000001,15.160870194394866,80.0,37.0,0.0,3.9974999999999987,3.5551005704637646,0.4423994295362341,00-0029738,Darren,Fells,D.Fells,WC,HOU,BUF,Darren Fells,FellDa01,1.0,1.0,0.2,97.5
2019,POST,18,00-0027981,K.Rudolph,TE,TE,MIN,10312,1059e9dc-97df-4643-9116-883a0573d8b1,9906.0,6195.0,943.0,kylerudolph/2495438,14054.0,24830.0,7444.0,1633122.0,RudoKy00,kyle-rudolph-1,7246.0,6459.0,,24830.0,469472.0,13275.0,469472.0,Kyle Rudolph,kyle rudolph,4,7,31.0,1,0.0,0.0,46.0,19.0,2.0,1.5929332,0,0.67391306,0.22580644,0.17692308,0.46255583,Kyle Rudolph,MIN,2.87,2.086104563485993,8.108571428571429,21.37209127193313,57.14285714285714,31.0,1.0,4.977500000000001,3.2191746672178283,1.7583253327821726,00-0027981,Kyle,Rudolph,K.Rudolph,WC,MIN,NO,Kyle Rudolph,RudoKy00,1.0,0.0,0.0,107.7
2019,POST,18,00-0033455,A.Firkser,TE,TE,TEN,13919,b0719e3d-199b-46e5-a2b4-1091f6fd5c0d,16787.0,51837.0,4435.0,,3049698.0,30571.0,,2818971.0,FirkAn00,,12235.0,12691.0,,30571.0,767297.0,19296.0,767297.0,Anthony Firkser,anthony firkser,2,3,23.0,1,0.0,0.0,39.0,0.0,2.0,2.9518385,0,0.5897436,0.2,0.27857143,0.495,,,,,,,,,,,,,,,,,WC,TEN,NE,Anthony Firkser,FirkAn00,0.0,0.0,0.0,129.2
2019,POST,18,00-0033387,J.Hollister,TE,TE,SEA,13391,ad2a1d03-020b-487a-bd5f-7ca9fbc250fe,16527.0,12051.0,4421.0,,3125404.0,30661.0,,2818962.0,HollJa03,,12271.0,12491.0,,30661.0,696882.0,19281.0,696882.0,Jacob Hollister,jacob hollister,2,4,16.0,0,0.0,0.0,18.0,12.0,0.0,-1.833602,0,0.8888889,0.13793103,0.055214725,0.24554686,,,,,,,,,,,,,,,,,WC,SEA,PHI,Jacob Hollister,HollJa03,0.0,0.0,0.0,60.4
2019,POST,18,00-0035689,D.Knox,TE,TE,BUF,14143,5fb525c5-4e70-4ede-8c49-94ad0cf66b7d,18631.0,35883.0,5906.0,,3930086.0,31928.0,,2186345.0,KnoxDa00,dawson-knox-1,13466.0,13953.0,88.0,31928.0,884083.0,20850.0,884083.0,Dawson Knox,dawson knox,1,2,14.0,0,0.0,0.0,12.0,7.0,1.0,1.9561741,0,1.1666666,0.046511628,0.030612245,0.091196015,,,,,,,,,,,,,,,,,WC,BUF,HOU,Dawson Knox,KnoxDa00,0.0,0.0,0.0,72.9
2019,POST,18,00-0033858,J.Smith,TE,TE,TEN,13193,e4f25a37-74de-4bfb-b6c9-f50a4fab0b87,16460.0,11855.0,4144.0,,3054212.0,30213.0,,2081506.0,SmitJo01,jonnu-smith-1,11807.0,12344.0,84.0,30213.0,743749.0,18990.0,743749.0,Jonnu Smith,jonnu smith,1,2,9.0,0,0.0,0.0,24.0,9.0,0.0,0.4150937,0,0.375,0.13333334,0.17142858,0.32,,,,,,,,,,,,,,,,,WC,TEN,NE,Jonnu Smith,SmitJo01,0.0,0.0,0.0,62.5
2019,POST,18,00-0028097,L.Smith,TE,TE,BUF,10398,cf23126f-055b-4617-819b-bb4bcb84541a,9992.0,6311.0,812.0,leesmith/2495347,14215.0,24946.0,7585.0,1276441.0,SmitLe00,lee-smith-2,7425.0,6665.0,,24946.0,334184.0,12777.0,334184.0,Lee Smith,lee smith,1,1,8.0,0,0.0,0.0,1.0,7.0,0.0,0.7943444,0,8.0,0.023255814,0.0025510204,0.036669437,,,,,,,,,,,,,,,,,WC,BUF,HOU,Lee Smith,SmitLe00,0.0,0.0,0.0,100.0
2019,POST,18,00-0031585,M.Pruitt,TE,TE,TEN,12309,f22b34cf-6ecf-4522-9c77-1da275dfda7d,13964.0,9576.0,2446.0,,2508256.0,28531.0,,1760327.0,PruiMy00,,10251.0,10522.0,,28531.0,552586.0,16903.0,552586.0,MyCole Pruitt,mycole pruitt,2,2,4.0,0,0.0,0.0,4.0,0.0,0.0,-0.7169303,0,1.0,0.13333334,0.028571429,0.22,,,,,,,,,,,,,,,,,WC,TEN,NE,MyCole Pruitt,PruiMy00,0.0,0.0,0.0,79.2
2019,POST,18,00-0030216,J.Hill,TE,TE,NO,11529,687cdc33-bd0d-4b70-adb3-33f97dc26a3c,13565.0,8200.0,1777.0,joshhill/2541834,16143.0,26950.0,,2060083.0,HillJo02,,9071.0,8764.0,,26950.0,469509.0,15866.0,,Josh Hill,josh hill,2,3,3.0,0,0.0,0.0,3.0,0.0,0.0,-2.6034968,0,1.0,0.09090909,0.011811024,0.14463136,,,,,,,,,,,,,,,,,WC,NO,MIN,Josh Hill,HillJo02,0.0,0.0,0.0,70.1
2019,POST,18,00-0032214,T.Kroft,TE,TE,BUF,12212,36f54823-9d51-4180-9c91-d10281deb4bf,13960.0,9518.0,2390.0,tylerkroft/2552586,2582410.0,28473.0,,1824200.0,KrofTy00,tyler-kroft-1,10247.0,10490.0,,28473.0,592268.0,16846.0,592268.0,Tyler Kroft,tyler kroft,0,2,0.0,0,0.0,0.0,19.0,0.0,0.0,-1.0322303,0,0.0,0.046511628,0.048469387,0.10369601,,,,,,,,,,,,,,,,,WC,BUF,HOU,Tyler Kroft,KrofTy00,0.0,0.0,0.0,39.6
2019,POST,18,00-0034270,T.Conklin,TE,TE,MIN,13675,f0d17dfa-ebf3-416c-a8d2-c6bc30675103,17598.0,47327.0,5133.0,,3915486.0,31220.0,,2165249.0,ConkTy00,tyler-conklin-1,12809.0,13220.0,489.0,31127.0,861278.0,19988.0,861278.0,Tyler Conklin,tyler conklin,0,1,0.0,0,0.0,0.0,1.0,0.0,0.0,-0.43208736,0,0.0,0.032258064,0.0038461538,0.051079404,,,,,,,,,,,,,,,,,WC,MIN,NO,Tyler Conklin,ConkTy00,0.0,0.0,0.0,39.6
2019,POST,19,00-0030506,T.Kelce,TE,TE,KC,11244,c3859e06-5f23-4302-a71b-04820a899d5f,11594.0,7844.0,1466.0,traviskelce/2540258,15847.0,26686.0,,1725130.0,KelcTr00,travis-kelce-1,8783.0,8411.0,264.0,26686.0,448240.0,15048.0,448240.0,Travis Kelce,travis kelce,10,12,134.0,3,0.0,0.0,79.0,64.0,8.0,15.224948,0,1.6962025,0.34285715,0.34649122,0.75682956,Travis Kelce,KC,3.9810000000000003,2.9075664408770456,6.211666666666666,34.94608532583216,83.33333333333334,134.0,3.0,6.99,4.869354211882955,2.120645788117045,00-0030506,Travis,Kelce,T.Kelce,DIV,KC,HOU,Travis Kelce,KelcTr00,2.0,2.0,0.167,152.8
2019,POST,19,00-0034830,H.Hurst,TE,TE,BAL,13680,1b125fc4-5dd9-4eb9-a42f-048e61ca42b7,17283.0,47294.0,4973.0,,3924365.0,30995.0,,2185053.0,HursHa00,hayden-hurst-1,12467.0,13098.0,8.0,30995.0,881956.0,19843.0,881956.0,Hayden Hurst,hayden hurst,4,6,53.0,1,0.0,0.0,84.0,19.0,3.0,3.02516,0,0.63095236,0.11320755,0.13397129,0.26359123,Hayden Hurst,BAL,4.056,2.5779132336960204,13.604999999999999,13.48052977507679,66.66666666666666,53.0,1.0,4.992499999999999,4.157124963986462,0.835375036013537,00-0034830,Hayden,Hurst,H.Hurst,DIV,BAL,TEN,Hayden Hurst,HursHa00,0.0,1.0,0.167,134.0
2019,POST,19,00-0027696,J.Graham,TE,TE,GB,9925,fd85786d-3900-4dc0-9b30-334ee30413ed,9712.0,5619.0,616.0,jimmygraham/497236,13232.0,24070.0,6610.0,1691166.0,GrahJi00,jimmy-graham-1,6532.0,5842.0,,24070.0,295918.0,11488.0,295918.0,Jimmy Graham,jimmy graham,3,4,49.0,0,0.0,0.0,32.0,15.0,3.0,4.8955636,0,1.53125,0.18181819,0.20512821,0.41631702,,,,,,,,,,,,,,,,,DIV,GB,SEA,Jimmy Graham,GrahJi00,0.0,0.0,0.0,115.6
2019,POST,19,00-0033387,J.Hollister,TE,TE,SEA,13391,ad2a1d03-020b-487a-bd5f-7ca9fbc250fe,16527.0,12051.0,4421.0,,3125404.0,30661.0,,2818962.0,HollJa03,,12271.0,12491.0,,30661.0,696882.0,19281.0,696882.0,Jacob Hollister,jacob hollister,5,6,47.0,0,0.0,0.0,40.0,11.0,2.0,1.0269891,0,1.175,0.21428572,0.13793103,0.41798028,Jacob Hollister,SEA,3.0649999999999995,2.358179923741623,5.746666666666666,10.36961294397161,83.33333333333334,47.0,0.0,3.0519999999999996,2.1712196843740914,0.8807803156259082,00-0033387,Jacob,Hollister,J.Hollister,DIV,SEA,GB,Jacob Hollister,HollJa03,0.0,1.0,0.167,99.3
2019,POST,19,00-0034753,M.Andrews,TE,TE,BAL,13671,0618f387-9b72-4270-8b8f-dec4cccc9e4a,17269.0,47436.0,5012.0,,3116365.0,31056.0,,2131121.0,AndrMa00,mark-andrews-1,12559.0,13182.0,366.0,31056.0,820699.0,19803.0,820699.0,Mark Andrews,mark andrews,4,7,39.0,0,0.0,0.0,68.0,7.0,3.0,-6.959061,0,0.5735294,0.13207547,0.10845295,0.27403027,Mark Andrews,BAL,3.7640000000000002,1.6827598785584694,8.844285714285714,10.22393235789543,57.14285714285714,39.0,0.0,1.9450000000000003,1.888656639958029,0.05634336004197138,00-0034753,Mark,Andrews,M.Andrews,DIV,BAL,TEN,Mark Andrews,AndrMa00,0.0,1.0,0.143,33.3
2019,POST,19,00-0034970,I.Smith,TE,TE,MIN,14141,ed0e6a30-83d5-4f4b-bf49-f7ff80e21304,18610.0,42060.0,6126.0,,4040980.0,31882.0,,2257888.0,SmitIr01,irv-smith-jr-1,13583.0,14052.0,,31882.0,944428.0,20949.0,944428.0,Irv Smith,irv smith,3,3,39.0,0,0.0,0.0,28.0,11.0,1.0,0.64574844,0,1.3928572,0.10344828,0.15730338,0.26528478,,,,,,,,,,,,,,,,,DIV,MIN,SF,Irv Smith Jr.,SmitIr01,0.0,0.0,0.0,118.7
2019,POST,19,00-0029738,D.Fells,TE,TE,HOU,11337,54d4e35a-2e6c-48f6-86ad-92dd596c173c,13636.0,8549.0,1592.0,darrenfells/2540928,15773.0,26612.0,,2053740.0,FellDa01,,9758.0,8472.0,,26612.0,266414.0,15247.0,266414.0,Darren Fells,darren fells,3,7,22.0,1,0.0,0.0,46.0,11.0,1.0,0.01650906,0,0.47826087,0.14,0.10599078,0.28419355,Darren Fells,HOU,10.48,4.156455008064373,6.3757142857142854,10.536877892152233,42.857142857142854,22.0,1.0,3.9633333333333334,3.7102986804473708,0.2530346528859626,00-0029738,Darren,Fells,D.Fells,DIV,HOU,KC,Darren Fells,FellDa01,0.0,3.0,0.429,90.5
2019,POST,19,00-0033288,G.Kittle,TE,TE,SF,13299,2ada91b0-036e-454f-83c3-6d939ff584a9,16499.0,11901.0,4217.0,,3040151.0,30259.0,,2818265.0,KittGe00,george-kittle-1,11892.0,12276.0,298.0,30259.0,733672.0,19063.0,733672.0,George Kittle,george kittle,3,5,16.0,0,0.0,0.0,25.0,13.0,1.0,-1.8816804,0,0.64,0.2777778,0.147929,0.52021694,George Kittle,SF,7.585,2.9666706931164,4.430000000000001,12.862203124092675,60.0,16.0,0.0,4.929999999999999,4.324488611369058,0.6055113886309407,00-0033288,George,Kittle,G.Kittle,DIV,SF,MIN,George Kittle,KittGe00,0.0,1.0,0.2,65.4
2019,POST,19,00-0031585,M.Pruitt,TE,TE,TEN,12309,f22b34cf-6ecf-4522-9c77-1da275dfda7d,13964.0,9576.0,2446.0,,2508256.0,28531.0,,1760327.0,PruiMy00,,10251.0,10522.0,,28531.0,552586.0,16903.0,552586.0,MyCole Pruitt,mycole pruitt,1,1,15.0,0,0.0,0.0,4.0,11.0,1.0,1.6100658,0,3.75,0.06666667,0.022222223,0.115555555,,,,,,,,,,,,,,,,,DIV,TEN,BAL,MyCole Pruitt,PruiMy00,0.0,0.0,0.0,118.7
2019,POST,19,00-0032062,B.Bell,TE,TE,KC,12213,0cc4e449-185a-4b08-9f07-c907ad0c3e05,13966.0,9550.0,2422.0,,2514206.0,28505.0,,1737101.0,BellBl00,blake-bell-1,10248.0,10366.0,,28505.0,542871.0,16878.0,542871.0,Blake Bell,blake bell,2,2,15.0,1,0.0,0.0,5.0,10.0,1.0,1.8636075,0,3.0,0.057142857,0.021929825,0.10106517,,,,,,,,,,,,,,,,,DIV,KC,HOU,Blake Bell,BellBl00,0.0,0.0,0.0,137.5
2019,POST,19,00-0033858,J.Smith,TE,TE,TEN,13193,e4f25a37-74de-4bfb-b6c9-f50a4fab0b87,16460.0,11855.0,4144.0,,3054212.0,30213.0,,2081506.0,SmitJo01,jonnu-smith-1,11807.0,12344.0,84.0,30213.0,743749.0,18990.0,743749.0,Jonnu Smith,jonnu smith,2,3,12.0,1,0.0,0.0,26.0,2.0,1.0,2.3059278,0,0.46153846,0.2,0.14444445,0.40111113,,,,,,,,,,,,,,,,,DIV,TEN,BAL,Jonnu Smith,SmitJo01,0.0,0.0,0.0,113.9
2019,POST,19,00-0034319,D.Yelder,TE,TE,KC,13857,cad43704-4231-4a72-b616-c66642103452,17879.0,29556.0,5277.0,,3059766.0,31519.0,,2925876.0,YeldDe00,,13022.0,13688.0,,31519.0,750702.0,20332.0,750702.0,Deon Yelder,deon yelder,1,1,11.0,0,0.0,0.0,1.0,10.0,1.0,0.84187406,0,11.0,0.028571429,0.004385965,0.04592732,,,,,,,,,,,,,,,,,DIV,KC,HOU,Deon Yelder,YeldDe00,0.0,0.0,0.0,112.5
2019,POST,19,00-0030089,L.Willson,TE,TE,SEA,11381,16c67c97-ffd9-4f92-917d-ad6124ce1f6e,11812.0,7940.0,1603.0,lukewillson/2541199,16121.0,26781.0,,2057661.0,WillLu00,luke-willson-1,8907.0,8567.0,,26781.0,466869.0,15263.0,466869.0,Luke Willson,luke willson,1,1,8.0,0,0.0,0.0,-1.0,9.0,0.0,0.61966175,0,0.0,0.035714287,-0.0034482758,0.051157635,,,,,,,,,,,,,,,,,DIV,SEA,GB,Luke Willson,WillLu00,0.0,0.0,0.0,100.0
2019,POST,19,00-0034420,J.Thomas,TE,TE,HOU,13819,f993832a-f81f-4706-90b8-80fd193bdfd7,17399.0,42062.0,5117.0,,4035379.0,31181.0,,2249166.0,ThomJo05,jordan-thomas-6,12697.0,13309.0,,31181.0,922092.0,20020.0,922092.0,Jordan Thomas,jordan thomas,1,1,7.0,0,0.0,0.0,-2.0,9.0,0.0,0.38868546,0,0.0,0.02,-0.004608295,0.026774194,,,,,,,,,,,,,,,,,DIV,HOU,KC,Jordan Thomas,ThomJo05,0.0,0.0,0.0,95.8
2019,POST,19,00-0034270,T.Conklin,TE,TE,MIN,13675,f0d17dfa-ebf3-416c-a8d2-c6bc30675103,17598.0,47327.0,5133.0,,3915486.0,31220.0,,2165249.0,ConkTy00,tyler-conklin-1,12809.0,13220.0,489.0,31127.0,861278.0,19988.0,861278.0,Tyler Conklin,tyler conklin,1,1,5.0,0,0.0,0.0,-5.0,10.0,0.0,0.14281727,0,0.0,0.03448276,-0.028089888,0.032061215,,,,,,,,,,,,,,,,,DIV,MIN,SF,Tyler Conklin,ConkTy00,0.0,0.0,0.0,87.5
2019,POST,19,00-0027981,K.Rudolph,TE,TE,MIN,10312,1059e9dc-97df-4643-9116-883a0573d8b1,9906.0,6195.0,943.0,kylerudolph/2495438,14054.0,24830.0,7444.0,1633122.0,RudoKy00,kyle-rudolph-1,7246.0,6459.0,,24830.0,469472.0,13275.0,469472.0,Kyle Rudolph,kyle rudolph,2,3,4.0,0,0.0,0.0,19.0,1.0,0.0,-3.235913,0,0.21052632,0.10344828,0.10674157,0.22989151,,,,,,,,,,,,,,,,,DIV,MIN,SF,Kyle Rudolph,RudoKy00,0.0,0.0,0.0,70.1
2019,POST,19,00-0035671,J.Sternberger,TE,TE,GB,14140,f808794b-3135-4f75-b46a-ba90bf6b8502,18614.0,47081.0,6139.0,,3917962.0,31907.0,,2179567.0,SterJa00,jace-sternberger-1,13495.0,14097.0,,31907.0,877598.0,20952.0,877598.0,Jace Sternberger,jace sternberger,1,1,2.0,0,0.0,0.0,-1.0,3.0,0.0,1.6716717,0,0.0,0.045454547,-0.0064102565,0.06369464,,,,,,,,,,,,,,,,,DIV,GB,SEA,Jace Sternberger,SterJa00,0.0,0.0,0.0,79.2
2019,POST,19,00-0031598,N.Boyle,TE,TE,BAL,12328,9480dd9f-151f-4e6d-b5a3-35f07bda4cac,13963.0,9604.0,2474.0,,2574591.0,28559.0,,1888149.0,BoylNi00,,10252.0,10547.0,,28559.0,608753.0,16931.0,608753.0,Nick Boyle,nick boyle,0,2,0.0,0,0.0,0.0,36.0,0.0,0.0,-1.0988462,0,0.0,0.03773585,0.057416268,0.096795164,,,,,,,,,,,,,,,,,DIV,BAL,TEN,Nick Boyle,BoylNi00,0.0,0.0,0.0,39.6
2019,POST,20,00-0027696,J.Graham,TE,TE,GB,9925,fd85786d-3900-4dc0-9b30-334ee30413ed,9712.0,5619.0,616.0,jimmygraham/497236,13232.0,24070.0,6610.0,1691166.0,GrahJi00,jimmy-graham-1,6532.0,5842.0,,24070.0,295918.0,11488.0,295918.0,Jimmy Graham,jimmy graham,4,5,59.0,0,0.0,0.0,54.0,33.0,1.0,2.5522482,0,1.0925926,0.13513513,0.16875,0.3208277,Jimmy Graham,GB,9.12,5.482278345404408,10.029999999999998,15.651332625928466,80.0,59.0,0.0,8.987500000000002,8.018089963010539,0.9694100369894638,00-0027696,Jimmy,Graham,J.Graham,CON,GB,SF,Jimmy Graham,GrahJi00,0.0,0.0,0.0,115.8
2019,POST,20,00-0033858,J.Smith,TE,TE,TEN,13193,e4f25a37-74de-4bfb-b6c9-f50a4fab0b87,16460.0,11855.0,4144.0,,3054212.0,30213.0,,2081506.0,SmitJo01,jonnu-smith-1,11807.0,12344.0,84.0,30213.0,743749.0,18990.0,743749.0,Jonnu Smith,jonnu smith,3,4,38.0,0,0.0,0.0,22.0,16.0,1.0,0.6806965,0,1.7272727,0.125,0.08178439,0.24474907,,,,,,,,,,,,,,,,,CON,TEN,KC,Jonnu Smith,SmitJo01,0.0,0.0,0.0,104.2
2019,POST,20,00-0030506,T.Kelce,TE,TE,KC,11244,c3859e06-5f23-4302-a71b-04820a899d5f,11594.0,7844.0,1466.0,traviskelce/2540258,15847.0,26686.0,,1725130.0,KelcTr00,travis-kelce-1,8783.0,8411.0,264.0,26686.0,448240.0,15048.0,448240.0,Travis Kelce,travis kelce,3,4,30.0,0,0.0,0.0,37.0,7.0,2.0,2.2184198,0,0.8108108,0.125,0.15289256,0.2945248,,,,,,,,,,,,,,,,,CON,KC,TEN,Travis Kelce,KelcTr00,0.0,1.0,0.25,95.8
2019,POST,20,00-0033455,A.Firkser,TE,TE,TEN,13919,b0719e3d-199b-46e5-a2b4-1091f6fd5c0d,16787.0,51837.0,4435.0,,3049698.0,30571.0,,2818971.0,FirkAn00,,12235.0,12691.0,,30571.0,767297.0,19296.0,767297.0,Anthony Firkser,anthony firkser,1,2,22.0,1,0.0,0.0,55.0,0.0,1.0,3.0821722,0,0.4,0.0625,0.20446096,0.23687267,,,,,,,,,,,,,,,,,CON,TEN,KC,Anthony Firkser,FirkAn00,0.0,0.0,0.0,129.2
2019,POST,20,00-0033288,G.Kittle,TE,TE,SF,13299,2ada91b0-036e-454f-83c3-6d939ff584a9,16499.0,11901.0,4217.0,,3040151.0,30259.0,,2818265.0,KittGe00,george-kittle-1,11892.0,12276.0,298.0,30259.0,733672.0,19063.0,733672.0,George Kittle,george kittle,1,1,19.0,0,0.0,0.0,3.0,16.0,1.0,1.1681583,0,6.3333335,0.125,0.11111111,0.26527777,,,,,,,,,,,,,,,,,CON,SF,GB,George Kittle,KittGe00,0.0,0.0,0.0,118.7
2019,POST,20,00-0024243,M.Lewis,TE,TE,GB,8269,9c21e9af-681c-41ef-9b00-fbc9e1668ed1,9413.0,2973.0,111.0,marcedeslewis/2495888,9614.0,7777.0,4007.0,415313.0,LewiMa00,marcedes-lewis-1,4891.0,3615.0,,7777.0,214197.0,3061.0,214197.0,Marcedes Lewis,marcedes lewis,2,2,14.0,0,0.0,0.0,-2.0,16.0,1.0,0.8751503,0,0.0,0.054054055,-0.00625,0.07670608,,,,,,,,,,,,,,,,,CON,GB,SF,Marcedes Lewis,LewiMa00,0.0,0.0,0.0,95.8
2019,POST,20,00-0035671,J.Sternberger,TE,TE,GB,14140,f808794b-3135-4f75-b46a-ba90bf6b8502,18614.0,47081.0,6139.0,,3917962.0,31907.0,,2179567.0,SterJa00,jace-sternberger-1,13495.0,14097.0,,31907.0,877598.0,20952.0,877598.0,Jace Sternberger,jace sternberger,2,2,13.0,1,0.0,0.0,10.0,3.0,2.0,2.0926967,0,1.3,0.054054055,0.03125,0.10295608,,,,,,,,,,,,,,,,,CON,GB,SF,Jace Sternberger,SterJa00,0.0,0.0,0.0,133.3
2019,POST,20,00-0031585,M.Pruitt,TE,TE,TEN,12309,f22b34cf-6ecf-4522-9c77-1da275dfda7d,13964.0,9576.0,2446.0,,2508256.0,28531.0,,1760327.0,PruiMy00,,10251.0,10522.0,,28531.0,552586.0,16903.0,552586.0,MyCole Pruitt,mycole pruitt,1,1,9.0,0,0.0,0.0,-1.0,10.0,0.0,0.7606659,0,0.0,0.03125,-0.003717472,0.04427277,,,,,,,,,,,,,,,,,CON,TEN,KC,MyCole Pruitt,PruiMy00,0.0,0.0,0.0,104.2
2019,POST,21,00-0030506,T.Kelce,TE,TE,KC,11244,c3859e06-5f23-4302-a71b-04820a899d5f,11594.0,7844.0,1466.0,traviskelce/2540258,15847.0,26686.0,,1725130.0,KelcTr00,travis-kelce-1,8783.0,8411.0,264.0,26686.0,448240.0,15048.0,448240.0,Travis Kelce,travis kelce,6,6,43.0,1,0.0,0.0,30.0,13.0,3.0,4.3351583,0,1.4333333,0.15384616,0.104166664,0.3036859,,,,,,,,,,,,,,,,,SB,KC,SF,Travis Kelce,KelcTr00,0.0,0.0,0.0,136.1
2019,POST,21,00-0033288,G.Kittle,TE,TE,SF,13299,2ada91b0-036e-454f-83c3-6d939ff584a9,16499.0,11901.0,4217.0,,3040151.0,30259.0,,2818265.0,KittGe00,george-kittle-1,11892.0,12276.0,298.0,30259.0,733672.0,19063.0,733672.0,George Kittle,george kittle,4,7,36.0,0,0.0,0.0,17.0,25.0,2.0,0.61740667,0,2.1176472,0.22580644,0.06854839,0.38669354,,,,,,,,,,,,,,,,,SB,SF,KC,George Kittle,KittGe00,0.0,0.0,0.0,71.1
2019,POST,21,00-0032062,B.Bell,TE,TE,KC,12213,0cc4e449-185a-4b08-9f07-c907ad0c3e05,13966.0,9550.0,2422.0,,2514206.0,28505.0,,1737101.0,BellBl00,blake-bell-1,10248.0,10366.0,,28505.0,542871.0,16878.0,542871.0,Blake Bell,blake bell,1,1,9.0,0,0.0,0.0,7.0,2.0,0.0,0.46911916,0,1.2857143,0.025641026,0.024305556,0.05547543,,,,,,,,,,,,,,,,,SB,KC,SF,Blake Bell,BellBl00,0.0,0.0,0.0,104.2
2020,REG,1,00-0034351,D.Goedert,TE,TE,PHI,13674,e8029983-87cf-49a2-bc04-04c8233a0630,17270.0,47272.0,5022.0,,3121023.0,31019.0,,2132551.0,GoedDa00,,12860.0,13151.0,382.0,31019.0,791365.0,19863.0,791365.0,Dallas Goedert,dallas goedert,8,9,101.0,1,0.0,0.0,57.0,52.0,5.0,6.727071,0,1.7719299,0.21428572,0.109615386,0.39815935,Dallas Goedert,PHI,6.158571428571429,4.204783105711261,5.7588888888888885,10.297214606429055,88.88888888888889,101.0,1.0,6.96875,5.502550197410983,1.466199802589017,00-0034351,Dallas,Goedert,D.Goedert,REG,PHI,WAS,Dallas Goedert,GoedDa00,2.0,0.0,0.0,150.5
2020,REG,1,00-0035644,N.Fant,TE,TE,DEN,14137,cdc98acc-9eb6-4b44-81bb-61d7b8a3b55f,17527.0,42388.0,5857.0,,4036131.0,31852.0,,2251095.0,FantNo00,noah-fant-1,13426.0,14050.0,243.0,31852.0,923911.0,20753.0,923911.0,Noah Fant,noah fant,5,6,81.0,1,0.0,0.0,56.0,58.0,4.0,8.408058,0,1.4464285,0.1875,0.19178082,0.4154966,Noah Fant,DEN,3.026666666666667,5.002773290071186,9.768333333333333,20.52170868347339,83.33333333333334,81.0,1.0,11.695999999999998,9.02347786069895,2.672522139301048,00-0035644,Noah,Fant,N.Fant,REG,DEN,TEN,Noah Fant,FantNo00,1.0,0.0,0.0,158.3
2020,REG,1,00-0027061,J.Cook,TE,TE,NO,9474,3b7a1409-d154-4e5c-8c94-9d4a0e0993c7,9265.0,5012.0,367.0,jaredcook/71265,12537.0,9353.0,6126.0,584314.0,CookJa02,jared-cook-2,5981.0,5165.0,,9353.0,296480.0,8534.0,296480.0,Jared Cook,jared cook,5,7,80.0,0,0.0,0.0,76.0,19.0,3.0,2.6603658,0,1.0526316,0.23333333,0.45783132,0.6704819,Jared Cook,NO,6.276000000000001,3.54291603087754,10.708571428571426,48.373773877129594,71.42857142857143,80.0,0.0,4.034000000000001,3.0224031752885,1.0115968247115008,00-0027061,Jared,Cook,J.Cook,REG,NO,TB,Jared Cook,CookJa02,0.0,1.0,0.143,109.2
2020,REG,1,00-0033090,H.Henry,TE,TE,LAC,12676,705899da-3c20-4bc3-b5d0-2e6e40655131,15561.0,10669.0,3214.0,,3046439.0,29269.0,,2079848.0,HenrHu00,hunter-henry-1,10735.0,11299.0,212.0,29269.0,744425.0,17975.0,744425.0,Hunter Henry,hunter henry,5,8,73.0,0,0.0,0.0,73.0,33.0,2.0,-0.97007406,0,1.0,0.27586207,0.22256097,0.5695858,Hunter Henry,LAC,6.25,3.0894968444424977,10.07125,24.01347162613257,62.5,73.0,0.0,7.116000000000002,6.660717362990408,0.4552826370095939,00-0033090,Hunter,Henry,H.Henry,REG,LAC,CIN,Hunter Henry,HenrHu00,0.0,0.0,0.0,92.2
2020,REG,1,00-0034753,M.Andrews,TE,TE,BAL,13671,0618f387-9b72-4270-8b8f-dec4cccc9e4a,17269.0,47436.0,5012.0,,3116365.0,31056.0,,2131121.0,AndrMa00,mark-andrews-1,12559.0,13182.0,366.0,31056.0,820699.0,19803.0,820699.0,Mark Andrews,mark andrews,5,6,58.0,2,0.0,0.0,63.0,4.0,5.0,8.685316,0,0.9206349,0.24,0.24705882,0.53294116,Mark Andrews,BAL,6.52,2.6462441751177286,13.048333333333332,28.726058560211342,83.33333333333334,58.0,2.0,0.43199999999999933,0.9777752695607205,-0.5457752695607212,00-0034753,Mark,Andrews,M.Andrews,REG,BAL,CLE,Mark Andrews,AndrMa00,0.0,0.0,0.0,146.5
2020,REG,1,00-0035229,T.Hockenson,TE,TE,DET,14138,bd1120b6-38b3-4225-a4b0-20660a149d0d,18290.0,40912.0,5844.0,,4036133.0,31840.0,,2251097.0,HockTJ00,tj-hockenson-1,13610.0,14051.0,247.0,31840.0,923915.0,20805.0,923915.0,T.J. Hockenson,tj hockenson,5,5,56.0,1,0.0,0.0,22.0,34.0,3.0,4.8589187,0,2.5454545,0.12195122,0.059139784,0.22432467,T.J. Hockenson,DET,6.894,2.7825422287022747,5.05,6.637575247758997,100.0,56.0,1.0,6.775999999999999,4.99855730520772,1.7774426947922786,00-0035229,Thomas,Hockenson,T.Hockenson,REG,DET,CHI,T.J. Hockenson,HockTJ00,0.0,0.0,0.0,152.9
2020,REG,1,00-0030506,T.Kelce,TE,TE,KC,11244,c3859e06-5f23-4302-a71b-04820a899d5f,11594.0,7844.0,1466.0,traviskelce/2540258,15847.0,26686.0,,1725130.0,KelcTr00,travis-kelce-1,8783.0,8411.0,264.0,26686.0,448240.0,15048.0,448240.0,Travis Kelce,travis kelce,6,6,50.0,1,0.0,0.0,14.0,36.0,4.0,5.3126307,0,3.5714285,0.1875,0.0952381,0.34791666,Travis Kelce,KC,4.614,3.6010644695675924,2.1866666666666656,8.764780546462687,100.0,50.0,1.0,6.336666666666669,4.7539220673077125,1.5827445993589562,00-0030506,Travis,Kelce,T.Kelce,REG,KC,HOU,Travis Kelce,KelcTr00,0.0,0.0,0.0,141.0
2020,REG,1,00-0033885,D.Njoku,TE,TE,CLE,13192,8f86fcea-90e8-49ea-bc78-5c7659313e57,16399.0,11784.0,4033.0,,3123076.0,30142.0,,2136474.0,NjokDa00,david-njoku-1,11734.0,12186.0,252.0,30142.0,832098.0,18876.0,832098.0,David Njoku,david njoku,3,3,50.0,1,0.0,0.0,43.0,7.0,3.0,5.97654,0,1.1627907,0.08571429,0.1396104,0.2262987,,,,,,,,,,,,,,,,,REG,CLE,BAL,David Njoku,NjokDa00,0.0,0.0,0.0,158.3
2020,REG,1,00-0030181,J.Doyle,TE,TE,IND,11516,bd413539-9351-454e-9d61-4e8635d7e9f5,11987.0,8520.0,1706.0,jackdoyle/2540232,16504.0,27299.0,,2041264.0,DoylJa00,,9081.0,9075.0,,27299.0,477386.0,15602.0,477386.0,Jack Doyle,jack doyle,3,4,49.0,0,0.0,0.0,43.0,18.0,2.0,4.3057895,0,1.1395348,0.08695652,0.14878893,0.23458703,,,,,,,,,,,,,,,,,REG,IND,JAX,Jack Doyle,DoylJa00,1.0,0.0,0.0,115.6
2020,REG,1,00-0031610,D.Waller,TE,TE,LV,12263,14c97c9f-26e8-4944-9299-f90de6aeada3,14104.0,9637.0,2505.0,,2576925.0,28592.0,,1850793.0,WallDa01,darren-waller-1,10215.0,10433.0,,28592.0,600191.0,16964.0,600191.0,Darren Waller,darren waller,6,8,45.0,0,0.0,0.0,30.0,31.0,3.0,2.3052208,0,1.5,0.2857143,0.1863354,0.5590062,Darren Waller,LV,8.081666666666667,3.208908172020905,3.3612499999999987,17.560242930843064,75.0,45.0,0.0,5.728333333333334,6.115772058330663,-0.38743872499732834,00-0031610,Darren,Waller,D.Waller,REG,LV,CAR,Darren Waller,WallDa01,0.0,0.0,0.0,88.0
2020,REG,1,00-0032134,C.Uzomah,TE,TE,CIN,12317,19858900-5c8e-49a7-ab02-34ef625724ca,14084.0,9590.0,2460.0,c.j.uzomah/2552559,2574576.0,28545.0,,2174118.0,UzomC.00,cj-uzomah-1,10462.0,10534.0,,28545.0,593305.0,16917.0,593305.0,C.J. Uzomah,cj uzomah,4,5,45.0,0,0.0,0.0,46.0,22.0,3.0,2.574401,0,0.9782609,0.14285715,0.1580756,0.32493863,C.J. Uzomah,CIN,6.878,4.427350360128688,10.306,17.098583137007665,80.0,45.0,0.0,5.8100000000000005,6.693621281303024,-0.8836212813030233,00-0032134,Christopher,Uzomah,C.Uzomah,REG,CIN,LAC,C.J. Uzomah,UzomC.00,0.0,1.0,0.2,104.2
2020,REG,1,00-0033288,G.Kittle,TE,TE,SF,13299,2ada91b0-036e-454f-83c3-6d939ff584a9,16499.0,11901.0,4217.0,,3040151.0,30259.0,,2818265.0,KittGe00,george-kittle-1,11892.0,12276.0,298.0,30259.0,733672.0,19063.0,733672.0,George Kittle,george kittle,4,5,44.0,0,0.0,0.0,26.0,16.0,1.0,2.114667,0,1.6923077,0.15625,0.115555555,0.3152639,George Kittle,SF,5.6625,3.398227466740893,4.82,10.64346597182352,80.0,44.0,0.0,4.4375,3.751230939527545,0.6862690604724548,00-0033288,George,Kittle,G.Kittle,REG,SF,ARI,George Kittle,KittGe00,0.0,0.0,0.0,103.3
2020,REG,1,00-0033110,T.Higbee,TE,TE,LA,12678,0df7912d-9e81-47ea-b4f7-d04986df4ee8,15623.0,10744.0,3271.0,,2573401.0,29344.0,,1853103.0,HigbTy00,tyler-higbee-1,10854.0,11430.0,159.0,29344.0,604176.0,18032.0,604176.0,Tyler Higbee,tyler higbee,3,4,40.0,0,0.0,0.0,30.0,28.0,2.0,2.8441756,0,1.3333334,0.14285715,0.24193548,0.38364056,,,,,,,,,,,,,,,,,REG,LA,DAL,Tyler Higbee,HigbTy00,0.0,0.0,0.0,106.2
2020,REG,1,00-0034364,J.Akins,TE,TE,HOU,13753,0cb5a32a-a340-4671-ba2a-93f5fa6aee8d,17415.0,47050.0,5032.0,,3128452.0,31068.0,,2142712.0,AkinJo00,jordan-akins-1,12568.0,13238.0,,31068.0,838396.0,19903.0,838396.0,Jordan Akins,jordan akins,2,2,39.0,1,0.0,0.0,24.0,15.0,2.0,4.3306856,0,1.625,0.06451613,0.092307694,0.16138957,,,,,,,,,,,,,,,,,REG,HOU,KC,Jordan Akins,AkinJo00,2.0,0.0,0.0,158.3
2020,REG,1,00-0034830,H.Hurst,TE,TE,ATL,13680,1b125fc4-5dd9-4eb9-a42f-048e61ca42b7,17283.0,47294.0,4973.0,,3924365.0,30995.0,,2185053.0,HursHa00,hayden-hurst-1,12467.0,13098.0,8.0,30995.0,881956.0,19843.0,881956.0,Hayden Hurst,hayden hurst,3,5,38.0,0,0.0,0.0,58.0,1.0,1.0,-0.26883695,0,0.6551724,0.09615385,0.11909651,0.22759832,Hayden Hurst,ATL,5.8759999999999994,0.9614295851660366,10.819999999999999,10.327186652922538,60.0,38.0,0.0,1.7800000000000011,2.3711710486703246,-0.5911710486703234,00-0034830,Hayden,Hurst,H.Hurst,REG,ATL,SEA,Hayden Hurst,HursHa00,0.0,0.0,0.0,83.7
2020,REG,1,00-0031260,L.Thomas,TE,TE,WAS,11647,b24625a0-d402-4d59-a778-aa4b073bfe5e,12095.0,8755.0,2251.0,loganthomas/2543767,16813.0,27648.0,,1691193.0,ThomLo00,logan-thomas-1,9323.0,9354.0,,27648.0,507528.0,16656.0,507528.0,Logan Thomas,logan thomas,4,8,37.0,1,0.0,0.0,72.0,14.0,3.0,2.3730965,0,0.5138889,0.26666668,0.29032257,0.6032258,Logan Thomas,WAS,6.075,2.2577041020088595,9.328750000000001,31.396718552797648,50.0,37.0,1.0,3.7574999999999985,7.421921036799176,-3.664421036799178,00-0031260,Logan,Thomas,L.Thomas,REG,WAS,PHI,Logan Thomas,ThomLo00,0.0,0.0,0.0,102.6
2020,REG,1,00-0034766,C.Herndon,TE,TE,NYJ,13679,780a48de-d092-4e87-9c34-8d1b45a154cc,17536.0,47164.0,5009.0,,3123050.0,31077.0,,2136463.0,HernCh00,christopher-herndon-iv-1,12899.0,13228.0,,31077.0,832080.0,19947.0,832080.0,Chris Herndon,chris herndon,6,7,37.0,0,1.0,1.0,47.0,13.0,2.0,-4.3967686,0,0.78723407,0.21212122,0.18287937,0.4461974,Chris Herndon,NYJ,7.8933333333333335,4.104720659173418,6.125714285714287,17.30567438857051,85.71428571428571,37.0,0.0,2.604999999999998,3.3648568806988806,-0.7598568806988824,00-0034766,Christopher,Herndon,C.Herndon,REG,NYJ,BUF,Chris Herndon,HernCh00,0.0,0.0,0.0,88.7
2020,REG,1,00-0033858,J.Smith,TE,TE,TEN,13193,e4f25a37-74de-4bfb-b6c9-f50a4fab0b87,16460.0,11855.0,4144.0,,3054212.0,30213.0,,2081506.0,SmitJo01,jonnu-smith-1,11807.0,12344.0,84.0,30213.0,743749.0,18990.0,743749.0,Jonnu Smith,jonnu smith,4,7,36.0,1,0.0,0.0,13.0,34.0,2.0,3.2618945,0,2.7692308,0.175,0.057017542,0.30241227,Jonnu Smith,TEN,3.825714285714286,3.9540949886784014,2.529999999999998,7.174978730300204,57.14285714285714,36.0,1.0,8.875000000000004,7.6347821099963085,1.240217890003695,00-0033858,Jonnu,Smith,J.Smith,REG,TEN,DEN,Jonnu Smith,SmitJo01,0.0,1.0,0.143,110.7
2020,REG,1,00-0033879,O.Howard,TE,TE,TB,13188,93ed8c6f-b676-46d3-bf82-6155e89b4a68,16380.0,11774.0,4055.0,,3043080.0,30132.0,,2061190.0,HowaO.00,oj-howard-1,11806.0,12161.0,,30132.0,732147.0,18901.0,732147.0,O.J. Howard,oj howard,4,6,36.0,1,0.0,0.0,75.0,0.0,2.0,0.18825358,0,0.48,0.1764706,0.25684932,0.44450042,O.J. Howard,TB,6.43,3.125238656460215,12.356666666666664,25.888679377051467,66.66666666666666,36.0,1.0,0.08999999999999897,0.46444891292470913,-0.37444891292471016,00-0033879,O'Terrius,Howard,O.Howard,REG,TB,NO,O.J. Howard,HowaO.00,0.0,0.0,0.0,122.2
2020,REG,1,00-0034829,M.Gesicki,TE,TE,MIA,13672,1012cbe0-7eba-4169-bfca-183a0204e1a7,17272.0,47153.0,4993.0,,3116164.0,31012.0,,2139298.0,GesiMi00,mike-gesicki-1,12764.0,13104.0,330.0,31012.0,836152.0,19853.0,836152.0,Mike Gesicki,mike gesicki,3,5,30.0,0,0.0,0.0,56.0,0.0,1.0,-4.7632675,0,0.53571427,0.16666667,0.22310758,0.4061753,Mike Gesicki,MIA,3.9019999999999997,1.15206821694435,12.082,23.19090943990172,60.0,30.0,0.0,-0.15333333333333363,1.0468060862137538,-1.2001394195470874,00-0034829,Michael,Gesicki,M.Gesicki,REG,MIA,NE,Mike Gesicki,GesiMi00,0.0,0.0,0.0,37.5
2020,REG,1,00-0027981,K.Rudolph,TE,TE,MIN,10312,1059e9dc-97df-4643-9116-883a0573d8b1,9906.0,6195.0,943.0,kylerudolph/2495438,14054.0,24830.0,7444.0,1633122.0,RudoKy00,kyle-rudolph-1,7246.0,6459.0,,24830.0,469472.0,13275.0,469472.0,Kyle Rudolph,kyle rudolph,2,2,28.0,0,0.0,0.0,22.0,6.0,1.0,2.4210172,0,1.2727273,0.08,0.08239701,0.1776779,,,,,,,,,,,,,,,,,REG,MIN,GB,Kyle Rudolph,RudoKy00,0.0,0.0,0.0,118.7
2020,REG,1,00-0035689,D.Knox,TE,TE,BUF,14143,5fb525c5-4e70-4ede-8c49-94ad0cf66b7d,18631.0,35883.0,5906.0,,3930086.0,31928.0,,2186345.0,KnoxDa00,dawson-knox-1,13466.0,13953.0,88.0,31928.0,884083.0,20850.0,884083.0,Dawson Knox,dawson knox,2,3,26.0,0,0.0,0.0,18.0,17.0,1.0,2.0492735,0,1.4444444,0.06666667,0.06569343,0.1459854,,,,,,,,,,,,,,,,,REG,BUF,NYJ,Dawson Knox,KnoxDa00,0.0,0.0,0.0,93.7
2020,REG,1,00-0027696,J.Graham,TE,TE,CHI,9925,fd85786d-3900-4dc0-9b30-334ee30413ed,9712.0,5619.0,616.0,jimmygraham/497236,13232.0,24070.0,6610.0,1691166.0,GrahJi00,jimmy-graham-1,6532.0,5842.0,,24070.0,295918.0,11488.0,295918.0,Jimmy Graham,jimmy graham,3,7,25.0,1,0.0,0.0,37.0,13.0,2.0,-0.013897633,0,0.6756757,0.19444445,0.106017195,0.3658787,Jimmy Graham,CHI,5.32,0.8083079273701017,6.415714285714287,11.83274490172314,42.857142857142854,25.0,1.0,4.526666666666664,3.842166324037256,0.6845003426294078,00-0027696,Jimmy,Graham,J.Graham,REG,CHI,DET,Jimmy Graham,GrahJi00,0.0,0.0,0.0,92.3
2020,REG,1,00-0034439,R.Izzo,TE,TE,NE,13847,40b8fa44-b289-42dd-9606-a1ae30adc7bc,17541.0,47327.0,5094.0,,3122920.0,31127.0,,2138988.0,IzzoRy00,ryan-izzo-1,12529.0,13349.0,,31220.0,834990.0,20069.0,834990.0,Ryan Izzo,ryan izzo,1,2,25.0,0,0.0,0.0,17.0,11.0,1.0,1.292523,0,1.4705882,0.10526316,0.16831683,0.2757165,,,,,,,,,,,,,,,,,REG,NE,MIA,Ryan Izzo,IzzoRy00,0.0,0.0,0.0,95.8
2020,REG,1,00-0025418,G.Olsen,TE,TE,SEA,8687,587d0a98-7ec5-45a5-adba-8af26e8f256b,9238.0,3647.0,58.0,gregolsen/2495700,10475.0,8285.0,,502524.0,OlseGr00,greg-olsen-1,5206.0,4190.0,,8285.0,230925.0,1658.0,,Greg Olsen,greg olsen,4,4,24.0,1,0.0,0.0,19.0,5.0,2.0,2.7865732,0,1.2631578,0.114285715,0.09268293,0.23630662,,,,,,,,,,,,,,,,,REG,SEA,ATL,Greg Olsen,OlseGr00,0.0,0.0,0.0,131.2
2020,REG,1,00-0034011,D.Arnold,TE,TE,ARI,13880,d479a777-b53b-4bbf-a8e4-0c1675ac48df,17143.0,51842.0,4741.0,,4212989.0,30891.0,,2835170.0,ArnoDa00,,12276.0,12972.0,,30891.0,1053627.0,19659.0,1053627.0,Dan Arnold,dan arnold,2,2,21.0,0,1.0,0.0,6.0,15.0,1.0,1.2665402,0,3.5,0.054054055,0.03125,0.10295608,,,,,,,,,,,,,,,,,REG,ARI,SF,Dan Arnold,ArnoDa00,0.0,0.0,0.0,110.4
2020,REG,1,00-0033217,M.Alie-Cox,TE,TE,IND,13246,8809c0dd-786b-4255-a7d0-333c9498c19a,16579.0,12078.0,4054.0,moalie-cox/2558832,2998565.0,30112.0,,2815925.0,AlieMo00,,12196.0,12221.0,195.0,30112.0,712506.0,18900.0,712506.0,Mo Alie-Cox,mo alie-cox,2,2,20.0,0,0.0,0.0,6.0,14.0,1.0,1.5144105,0,3.3333333,0.04347826,0.020761246,0.07975026,,,,,,,,,,,,,,,,,REG,IND,JAX,Mo Alie-Cox,AlieMo00,0.0,0.0,0.0,108.3
2020,REG,1,00-0029738,D.Fells,TE,TE,HOU,11337,54d4e35a-2e6c-48f6-86ad-92dd596c173c,13636.0,8549.0,1592.0,darrenfells/2540928,15773.0,26612.0,,2053740.0,FellDa01,,9758.0,8472.0,,26612.0,266414.0,15247.0,266414.0,Darren Fells,darren fells,2,2,19.0,0,0.0,0.0,6.0,13.0,1.0,0.94881773,0,3.1666667,0.06451613,0.023076924,0.11292804,,,,,,,,,,,,,,,,,REG,HOU,KC,Darren Fells,FellDa01,0.0,0.0,0.0,106.2
2020,REG,1,00-0030061,Z.Ertz,TE,TE,PHI,11247,de3421f7-2147-4835-89a5-724e87bad463,11689.0,7816.0,1339.0,zachertz/2540158,15835.0,26658.0,,1685963.0,ErtzZa00,zach-ertz-1,8781.0,8409.0,305.0,26658.0,503177.0,14856.0,503177.0,Zach Ertz,zach ertz,3,7,18.0,1,0.0,0.0,57.0,4.0,2.0,-1.4717749,0,0.31578946,0.16666667,0.109615386,0.32673076,Zach Ertz,PHI,5.118333333333333,2.944390547144035,9.269999999999998,12.891882226725471,42.857142857142854,18.0,1.0,1.7533333333333339,2.4251370291558487,-0.6718036958225149,00-0030061,Zachary,Ertz,Z.Ertz,REG,PHI,WAS,Zach Ertz,ErtzZa00,0.0,1.0,0.143,89.9
2020,REG,1,00-0031387,E.Ebron,TE,TE,PIT,11695,9fbcfae9-dd14-415c-8952-9b1b5dff0dfc,12143.0,8645.0,2118.0,ericebron/2543466,16732.0,27538.0,,1865396.0,EbroEr00,eric-ebron-1,9210.0,9390.0,,27538.0,605752.0,16451.0,605752.0,Eric Ebron,eric ebron,1,2,18.0,0,0.0,0.0,39.0,2.0,1.0,1.2827923,0,0.46153846,0.06451613,0.1875,0.2280242,,,,,,,,,,,,,,,,,REG,PIT,NYG,Eric Ebron,EbroEr00,0.0,1.0,0.5,81.2
2020,REG,1,00-0034988,K.Smith,TE,TE,NYG,14142,7bb7f5e7-f00e-47d8-954d-90bf5baf4292,18293.0,40973.0,6146.0,,4044452.0,32008.0,,2251343.0,SmitKa00,kaden-smith-1,13516.0,14217.0,,32008.0,924018.0,20946.0,924018.0,Kaden Smith,kaden smith,2,2,17.0,0,0.0,0.0,4.0,13.0,1.0,1.2963219,0,4.25,0.051282052,0.016460905,0.08844571,,,,,,,,,,,,,,,,,REG,NYG,PIT,Kaden Smith,SmitKa00,0.0,0.0,0.0,102.1
2020,REG,1,00-0034365,I.Thomas,TE,TE,CAR,13678,ed8a8fd2-df67-45e7-a34f-984afb82f6ea,17387.0,42130.0,4995.0,,4045305.0,31071.0,,2253359.0,ThomIa00,ian-thomas-3,12858.0,13163.0,323.0,31071.0,943093.0,19910.0,943093.0,Ian Thomas,ian thomas,2,2,16.0,0,0.0,0.0,12.0,4.0,2.0,0.96151316,0,1.3333334,0.05882353,0.043010753,0.118342824,,,,,,,,,,,,,,,,,REG,CAR,LV,Ian Thomas,ThomIa00,0.0,0.0,0.0,100.0
2020,REG,1,00-0032392,A.Hooper,TE,TE,CLE,12677,90c2a93f-d837-4e1b-b57c-56648903a8db,15581.0,10715.0,3202.0,,3043275.0,29315.0,,2067004.0,HoopAu00,austin-hooper-1,10748.0,11301.0,384.0,29315.0,739424.0,17963.0,739424.0,Austin Hooper,austin hooper,2,2,15.0,0,0.0,0.0,15.0,0.0,0.0,3.1094327,0,1.0,0.057142857,0.048701297,0.119805194,,,,,,,,,,,,,,,,,REG,CLE,BAL,Austin Hooper,HoopAu00,0.0,0.0,0.0,97.9
2020,REG,1,00-0030443,L.Toilolo,TE,TE,NYG,11252,67d56171-7522-430c-b7d9-8f7e2b6624d3,11694.0,7915.0,1642.0,levinetoilolo/2540203,15980.0,26756.0,,1685990.0,ToilLe00,levine-toilolo-1,8789.0,8414.0,,26756.0,503205.0,15378.0,503205.0,Levine Toilolo,levine toilolo,1,1,13.0,0,0.0,0.0,5.0,8.0,1.0,1.0752801,0,2.6,0.025641026,0.020576132,0.05286483,,,,,,,,,,,,,,,,,REG,NYG,PIT,Levine Toilolo,ToilLe00,0.0,0.0,0.0,118.7
2020,REG,1,00-0030472,J.Reed,TE,TE,SF,11248,c3bf8d3e-3b2e-4f9e-ad74-c0a684035f17,11690.0,7866.0,1500.0,jordanreed/2540160,15860.0,26708.0,,1691412.0,ReedJo02,jordan-reed-1,8615.0,8412.0,,26708.0,508876.0,15100.0,,Jordan Reed,jordan reed,2,2,12.0,0,0.0,0.0,5.0,7.0,1.0,0.32328144,0,2.4,0.0625,0.022222223,0.10930555,,,,,,,,,,,,,,,,,REG,SF,ARI,Jordan Reed,ReedJo02,0.0,0.0,0.0,91.7
2020,REG,1,00-0033658,B.Jarwin,TE,TE,DAL,13722,43e8a6ac-d451-4dbd-b145-797764f91494,16638.0,12320.0,4571.0,,2991767.0,30784.0,,2819999.0,JarwBl00,,12179.0,12507.0,,30784.0,711965.0,19457.0,711965.0,Blake Jarwin,blake jarwin,1,1,12.0,0,0.0,0.0,12.0,0.0,1.0,0.9156609,0,1.0,0.027027028,0.046875,0.07335304,,,,,,,,,,,,,,,,,REG,DAL,LA,Blake Jarwin,JarwBl00,0.0,0.0,0.0,116.7
2020,REG,1,00-0036332,J.Deguara,TE,TE,GB,14876,7874d188-0fcd-4af9-9289-27c27e2bbd16,19456.0,47034.0,7050.0,,3914151.0,32764.0,,2181108.0,DeguJo00,josiah-deguara-1,14629.0,,,32764.0,0.0,21798.0,866149.0,Josiah Deguara,josiah deguara,1,2,12.0,0,0.0,0.0,24.0,11.0,1.0,0.43967515,0,0.5,0.048780486,0.06266318,0.117034964,,,,,,,,,,,,,,,,,REG,GB,MIN,Josiah Deguara,DeguJo00,0.0,0.0,0.0,68.7
2020,REG,1,00-0027656,R.Gronkowski,TE,TE,TB,9902,2142a164-48ad-47d6-bb27-0bc58c6b2e62,9721.0,5567.0,515.0,robgronkowski/497240,13229.0,24017.0,,1244303.0,GronRo00,rob-gronkowski-1,6443.0,5729.0,,24017.0,381091.0,10974.0,381091.0,Rob Gronkowski,rob gronkowski,2,3,11.0,0,0.0,0.0,22.0,16.0,0.0,-0.5680997,0,0.5,0.0882353,0.07534247,0.18509267,,,,,,,,,,,,,,,,,REG,TB,NO,Rob Gronkowski,GronRo00,0.0,0.0,0.0,72.9
2020,REG,1,00-0034383,D.Schultz,TE,TE,DAL,13772,8caec1b4-e0b6-4a84-b8c8-617d6e91ef6a,17349.0,47304.0,5001.0,,3117256.0,31107.0,,2136748.0,SchuDa00,dalton-schultz-1,12514.0,13198.0,487.0,31107.0,830523.0,19920.0,830523.0,Dalton Schultz,dalton schultz,1,4,11.0,0,0.0,0.0,14.0,4.0,1.0,0.5691066,0,0.78571427,0.10810811,0.0546875,0.20044342,,,,,,,,,,,,,,,,,REG,DAL,LA,Dalton Schultz,SchuDa00,0.0,2.0,0.5,39.6
2020,REG,1,00-0034970,I.Smith,TE,TE,MIN,14141,ed0e6a30-83d5-4f4b-bf49-f7ff80e21304,18610.0,42060.0,6126.0,,4040980.0,31882.0,,2257888.0,SmitIr01,irv-smith-jr-1,13583.0,14052.0,,31882.0,944428.0,20949.0,944428.0,Irv Smith,irv smith,1,1,11.0,0,0.0,0.0,11.0,0.0,1.0,2.141034,0,1.0,0.04,0.041198503,0.08883895,,,,,,,,,,,,,,,,,REG,MIN,GB,Irv Smith Jr.,SmitIr01,0.0,0.0,0.0,112.5
2020,REG,1,00-0028142,V.Green,TE,TE,LAC,10432,6ef43c53-53d7-4b0f-ad99-17664d663ae8,10026.0,6356.0,868.0,virgilgreen/2495288,14085.0,24991.0,7502.0,1130615.0,GreeVi00,virgil-green-1,7416.0,6570.0,,24991.0,323254.0,13016.0,,Virgil Green,virgil green,1,2,10.0,0,0.0,0.0,11.0,4.0,0.0,-0.15598774,0,0.90909094,0.06896552,0.033536587,0.12692389,,,,,,,,,,,,,,,,,REG,LAC,CIN,Virgil Green,GreeVi00,0.0,1.0,0.5,64.6
2020,REG,1,00-0033387,J.Hollister,TE,TE,SEA,13391,ad2a1d03-020b-487a-bd5f-7ca9fbc250fe,16527.0,12051.0,4421.0,,3125404.0,30661.0,,2818962.0,HollJa03,,12271.0,12491.0,,30661.0,696882.0,19281.0,696882.0,Jacob Hollister,jacob hollister,1,1,9.0,0,0.0,0.0,2.0,7.0,1.0,1.0187644,0,4.5,0.028571429,0.009756098,0.04968641,,,,,,,,,,,,,,,,,REG,SEA,ATL,Jacob Hollister,HollJa03,0.0,0.0,0.0,104.2
2020,REG,1,00-0033881,E.Engram,TE,TE,NYG,13189,e21365af-8d66-416e-b0a5-8816d18fcfd9,16411.0,11778.0,4066.0,,3051876.0,30136.0,,2079887.0,EngrEv00,evan-engram-1,11805.0,12205.0,229.0,30136.0,749185.0,18912.0,749185.0,Evan Engram,evan engram,2,7,9.0,0,0.0,0.0,33.0,3.0,1.0,-8.551004,0,0.27272728,0.17948718,0.13580246,0.3642925,Evan Engram,NYG,4.6485714285714295,2.191906929876917,4.939999999999999,13.103448275862068,28.57142857142857,9.0,0.0,2.1150000000000038,1.8585794407821368,0.256420559217867,00-0033881,Evan,Engram,E.Engram,REG,NYG,PIT,Evan Engram,EngrEv00,0.0,2.0,0.286,0.0
2020,REG,1,00-0030549,T.Eifert,TE,TE,JAX,11250,14ecf9dd-3a77-4847-8e62-407cd1182f1c,11692.0,7802.0,1388.0,tylereifert/2540148,15788.0,26644.0,,1691608.0,EifeTy00,tyler-eifert-1,8782.0,8408.0,,26644.0,508968.0,14918.0,,Tyler Eifert,tyler eifert,1,1,8.0,0,0.0,0.0,1.0,7.0,0.0,0.57870525,0,8.0,0.05,0.011235955,0.08286517,,,,,,,,,,,,,,,,,REG,JAX,IND,Tyler Eifert,EifeTy00,0.0,0.0,0.0,100.0
2020,REG,1,00-0034159,W.Dissly,TE,TE,SEA,13763,383f4814-6836-4766-a297-fc063e8509cc,18049.0,30762.0,5010.0,,3127292.0,31090.0,,2139628.0,DissWi00,will-dissly-1,12986.0,13246.0,86.0,31090.0,837806.0,19950.0,837806.0,Will Dissly,will dissly,2,2,8.0,0,0.0,0.0,1.0,7.0,0.0,-0.7053421,0,8.0,0.057142857,0.004878049,0.08912892,,,,,,,,,,,,,,,,,REG,SEA,ATL,Will Dissly,DissWi00,0.0,0.0,0.0,83.3
2020,REG,1,00-0033895,G.Everett,TE,TE,LA,13236,ebeceb00-57e0-4b74-9cf7-853da2afed18,16459.0,11799.0,4089.0,,3918639.0,30157.0,,2142692.0,EverGe00,gerald-everett-1,11737.0,12284.0,55.0,30157.0,838487.0,18935.0,838487.0,Gerald Everett,gerald everett,1,2,7.0,0,0.0,0.0,16.0,1.0,0.0,-0.3379613,0,0.4375,0.071428575,0.12903225,0.19746543,,,,,,,,,,,,,,,,,REG,LA,DAL,Gerald Everett,EverGe00,0.0,1.0,0.5,58.3
2020,REG,1,00-0035631,D.Sample,TE,TE,CIN,14146,15a4f552-ecaf-45bd-9006-aa5dda93bee6,18561.0,47259.0,6001.0,,3127310.0,31884.0,,2139646.0,SampDr00,drew-sample-1,13809.0,14111.0,435.0,31884.0,837824.0,20931.0,837824.0,Drew Sample,drew sample,1,1,7.0,0,0.0,0.0,0.0,7.0,0.0,0.28092155,0,0.0,0.028571429,0.0,0.042857144,,,,,,,,,,,,,,,,,REG,CIN,LAC,Drew Sample,SampDr00,0.0,0.0,0.0,95.8
2020,REG,1,00-0033455,A.Firkser,TE,TE,TEN,13919,b0719e3d-199b-46e5-a2b4-1091f6fd5c0d,16787.0,51837.0,4435.0,,3049698.0,30571.0,,2818971.0,FirkAn00,,12235.0,12691.0,,30571.0,767297.0,19296.0,767297.0,Anthony Firkser,anthony firkser,2,2,5.0,0,0.0,0.0,3.0,2.0,1.0,0.15248165,0,1.6666666,0.05,0.013157895,0.08421053,,,,,,,,,,,,,,,,,REG,TEN,DEN,Anthony Firkser,FirkAn00,0.0,0.0,0.0,79.2
2020,REG,1,00-0036232,H.Bryant,TE,TE,CLE,14875,f58a5899-8b78-46e8-a29a-ba6273b7d872,19389.0,26394.0,6850.0,,4040774.0,32785.0,,2241240.0,BryaHa00,harrison-bryant-1,14576.0,,752.0,32785.0,0.0,21783.0,916467.0,Harrison Bryant,harrison bryant,1,2,5.0,0,0.0,0.0,9.0,0.0,0.0,-1.4519161,0,0.5555556,0.057142857,0.029220778,0.10616883,,,,,,,,,,,,,,,,,REG,CLE,BAL,Harrison Bryant,BryaHa00,0.0,0.0,0.0,56.2
2020,REG,1,00-0031484,C.Manhertz,TE,TE,CAR,12955,7c7b5515-7786-4e24-9ce0-34e6a8bd5727,14014.0,10211.0,3048.0,,2531358.0,28365.0,,2167520.0,ManhCh00,,10033.0,10295.0,,28365.0,563293.0,17762.0,563293.0,Chris Manhertz,chris manhertz,1,1,4.0,0,0.0,0.0,-3.0,7.0,0.0,-0.080999725,0,0.0,0.029411765,-0.010752688,0.036590766,,,,,,,,,,,,,,,,,REG,CAR,LV,Chris Manhertz,ManhCh00,0.0,0.0,0.0,83.3
2020,REG,1,00-0030470,V.McDonald,TE,TE,PIT,11257,8f24a248-b328-43ec-8677-67600e42a8f7,11699.0,7836.0,1587.0,vancemcdonald/2540215,15853.0,26678.0,,1673357.0,McDoVa00,vance-mcdonald-1,8785.0,8413.0,,26678.0,494969.0,15239.0,,Vance McDonald,vance mcdonald,1,2,3.0,0,0.0,0.0,3.0,1.0,0.0,-1.8891445,0,1.0,0.06451613,0.014423077,0.106870346,,,,,,,,,,,,,,,,,REG,PIT,NYG,Vance McDonald,McDoVa00,0.0,0.0,0.0,56.2
2020,REG,1,00-0031598,N.Boyle,TE,TE,BAL,12328,9480dd9f-151f-4e6d-b5a3-35f07bda4cac,13963.0,9604.0,2474.0,,2574591.0,28559.0,,1888149.0,BoylNi00,,10252.0,10547.0,,28559.0,608753.0,16931.0,608753.0,Nick Boyle,nick boyle,2,3,3.0,0,0.0,0.0,8.0,0.0,0.0,-2.3883507,0,0.375,0.12,0.03137255,0.20196079,,,,,,,,,,,,,,,,,REG,BAL,CLE,Nick Boyle,BoylNi00,0.0,0.0,0.0,70.1
2020,REG,1,00-0022127,J.Witten,TE,TE,LV,6997,e38c9b1b-7c51-48a2-ac1d-a752502e8930,9275.0,1384.0,23.0,jasonwitten/2505629,4527.0,6405.0,,396134.0,WittJa00,jason-witten-1,3086.0,1990.0,,6405.0,184571.0,722.0,,Jason Witten,jason witten,1,1,2.0,0,0.0,0.0,2.0,0.0,0.0,-1.301104,0,1.0,0.035714287,0.0124223605,0.06226708,,,,,,,,,,,,,,,,,REG,LV,CAR,Jason Witten,WittJa00,0.0,0.0,0.0,79.2
2020,REG,1,00-0031585,M.Pruitt,TE,TE,TEN,12309,f22b34cf-6ecf-4522-9c77-1da275dfda7d,13964.0,9576.0,2446.0,,2508256.0,28531.0,,1760327.0,PruiMy00,,10251.0,10522.0,,28531.0,552586.0,16903.0,552586.0,MyCole Pruitt,mycole pruitt,1,1,1.0,1,0.0,0.0,1.0,0.0,1.0,0.9358084,0,1.0,0.025,0.004385965,0.040570177,,,,,,,,,,,,,,,,,REG,TEN,DEN,MyCole Pruitt,PruiMy00,0.0,0.0,0.0,118.7
2020,REG,1,00-0028042,L.Stocker,TE,TE,ATL,10354,5b712aed-201c-43dd-b978-b7b6ef91178e,9948.0,6256.0,963.0,lukestocker/2495234,14099.0,24891.0,7589.0,1125485.0,StocLu00,luke-stocker-1,7413.0,6552.0,,24891.0,334186.0,13370.0,334186.0,Luke Stocker,luke stocker,0,1,0.0,0,0.0,0.0,5.0,0.0,0.0,-0.28016672,0,0.0,0.01923077,0.01026694,0.036033012,,,,,,,,,,,,,,,,,REG,ATL,SEA,Luke Stocker,StocLu00,0.0,0.0,0.0,39.6
2020,REG,1,00-0030155,D.Harris,TE,TE,CHI,11448,8506c15c-15cc-4d2c-aebf-270c605fe0ec,11881.0,8524.0,1619.0,demetriusharris/2541187,16318.0,27174.0,,2060074.0,HarrDe03,,9847.0,8683.0,,27174.0,602269.0,15305.0,602269.0,Demetrius Harris,demetrius harris,0,1,0.0,0,0.0,0.0,13.0,0.0,0.0,-0.74927294,0,0.0,0.027777778,0.037249282,0.06774116,,,,,,,,,,,,,,,,,REG,CHI,DET,Demetrius Harris,HarrDe03,0.0,0.0,0.0,39.6
2020,REG,1,00-0030216,J.Hill,TE,TE,NO,11529,687cdc33-bd0d-4b70-adb3-33f97dc26a3c,13565.0,8200.0,1777.0,joshhill/2541834,16143.0,26950.0,,2060083.0,HillJo02,,9071.0,8764.0,,26950.0,469509.0,15866.0,,Josh Hill,josh hill,0,1,0.0,0,0.0,0.0,22.0,0.0,0.0,-0.60789585,0,0.0,0.033333335,0.13253012,0.14277108,,,,,,,,,,,,,,,,,REG,NO,TB,Josh Hill,HillJo02,0.0,0.0,0.0,39.6
2020,REG,1,00-0031273,C.Brate,TE,TE,TB,12110,5afe93fd-0caf-4cca-83fc-7f405bebfa3e,13470.0,9207.0,2214.0,,17453.0,28267.0,,2132787.0,BratCa00,,10008.0,10193.0,,28267.0,552926.0,16593.0,552926.0,Cameron Brate,cameron brate,0,1,0.0,0,0.0,0.0,6.0,0.0,0.0,-0.649465,0,0.0,0.029411765,0.020547945,0.05850121,,,,,,,,,,,,,,,,,REG,TB,NO,Cameron Brate,BratCa00,0.0,0.0,0.0,39.6
2020,REG,1,00-0031558,M.Williams,TE,TE,ARI,12206,52f4a43a-64a9-4d69-a9e2-28bd60f68e49,13919.0,9488.0,2360.0,,2970726.0,28443.0,,1983769.0,WillMa04,maxx-williams-1,10128.0,10298.0,,28443.0,651658.0,16816.0,651658.0,Maxx Williams,maxx williams,0,2,0.0,0,0.0,0.0,2.0,0.0,0.0,-5.7507434,0,0.0,0.054054055,0.010416667,0.088372745,,,,,,,,,,,,,,,,,REG,ARI,SF,Maxx Williams,WillMa04,0.0,0.0,0.0,0.0
2020,REG,1,00-0031951,J.O'Shaughnessy,TE,TE,JAX,12330,e5c6b0d4-3e77-422b-a6d8-574a10ed385e,14146.0,9606.0,2476.0,,2508079.0,28561.0,,2174148.0,O'ShJa00,,10249.0,10549.0,,28561.0,552352.0,16933.0,552352.0,James O'Shaughnessy,james oshaughnessy,1,1,0.0,0,0.0,0.0,-2.0,2.0,0.0,-0.77893823,0,0.0,0.05,-0.02247191,0.059269663,,,,,,,,,,,,,,,,,REG,JAX,IND,James O'Shaughnessy,O'ShJa00,0.0,0.0,0.0,79.2
2020,REG,1,00-0033564,J.Butt,TE,TE,DEN,13190,6d49d4d1-a254-48de-9f6f-eeecac82ad88,16456.0,11900.0,4151.0,,3045225.0,30258.0,,2060719.0,ButtJa00,jake-butt-1,11888.0,12254.0,,30258.0,728230.0,18997.0,,Jake Butt,jake butt,1,2,0.0,0,0.0,0.0,3.0,1.0,0.0,-4.830982,0,0.0,0.0625,0.0102739725,0.10094178,,,,,,,,,,,,,,,,,REG,DEN,TEN,Jake Butt,ButtJa00,0.0,1.0,0.5,56.2
2020,REG,1,00-0035039,S.Carlson,TE,TE,CLE,14488,013477a2-0271-4441-a0af-9bc25924a2f6,18757.0,94365.0,6451.0,,3948283.0,32273.0,,3116783.0,CarlSt00,,14131.0,,,32273.0,881697.0,21278.0,881697.0,Stephen Carlson,stephen carlson,0,1,0.0,0,0.0,0.0,0.0,0.0,0.0,-1.603264,0,,0.028571429,0.0,0.042857144,,,,,,,,,,,,,,,,,REG,CLE,BAL,Stephen Carlson,CarlSt00,0.0,0.0,0.0,39.6
2020,REG,1,00-0035671,J.Sternberger,TE,TE,GB,14140,f808794b-3135-4f75-b46a-ba90bf6b8502,18614.0,47081.0,6139.0,,3917962.0,31907.0,,2179567.0,SterJa00,jace-sternberger-1,13495.0,14097.0,,31907.0,877598.0,20952.0,877598.0,Jace Sternberger,jace sternberger,0,1,0.0,0,0.0,0.0,33.0,0.0,0.0,-0.932459,0,0.0,0.024390243,0.08616188,0.09689868,,,,,,,,,,,,,,,,,REG,GB,MIN,Jace Sternberger,SterJa00,0.0,0.0,0.0,39.6
2020,REG,1,00-0036290,C.Kmet,TE,TE,CHI,14867,036feeb6-9a22-43c5-a8e3-7ac611d8ff49,19229.0,60995.0,6826.0,,4258595.0,32713.0,,2868619.0,KmetCo00,cole-kmet-1,14436.0,,569.0,32713.0,0.0,21772.0,1066765.0,Cole Kmet,cole kmet,0,1,0.0,0,0.0,0.0,9.0,0.0,0.0,-0.73486924,0,0.0,0.027777778,0.025787966,0.059718244,,,,,,,,,,,,,,,,,REG,CHI,DET,Cole Kmet,KmetCo00,0.0,0.0,0.0,39.6
2020,REG,1,00-0032394,N.Vannett,TE,TE,DEN,12680,c731aa8a-778b-4ccd-a19f-517eb66f47b7,15645.0,10728.0,3258.0,,2576399.0,29328.0,,1871322.0,VannNi00,nick-vannett-1,10949.0,11329.0,,29328.0,606488.0,18019.0,606488.0,Nick Vannett,nick vannett,1,2,-6.0,0,0.0,0.0,-5.0,0.0,0.0,-1.7382605,0,0.0,0.0625,-0.017123288,0.0817637,,,,,,,,,,,,,,,,,REG,DEN,TEN,Nick Vannett,VannNi00,0.0,0.0,0.0,56.2
2020,REG,2,00-0034829,M.Gesicki,TE,TE,MIA,13672,1012cbe0-7eba-4169-bfca-183a0204e1a7,17272.0,47153.0,4993.0,,3116164.0,31012.0,,2139298.0,GesiMi00,mike-gesicki-1,12764.0,13104.0,330.0,31012.0,836152.0,19853.0,836152.0,Mike Gesicki,mike gesicki,8,11,130.0,1,0.0,0.0,117.0,32.0,8.0,9.542787,0,1.1111112,0.23913044,0.37380192,0.620357,Mike Gesicki,MIA,5.09,2.550874741519543,11.037272727272727,37.70262716601454,72.72727272727273,130.0,1.0,4.963750000000001,5.0760693619690755,-0.11231936196907455,00-0034829,Michael,Gesicki,M.Gesicki,REG,MIA,BUF,Mike Gesicki,GesiMi00,0.0,0.0,0.0,142.2
2020,REG,2,00-0033217,M.Alie-Cox,TE,TE,IND,13246,8809c0dd-786b-4255-a7d0-333c9498c19a,16579.0,12078.0,4054.0,moalie-cox/2558832,2998565.0,30112.0,,2815925.0,AlieMo00,,12196.0,12221.0,195.0,30112.0,712506.0,18900.0,712506.0,Mo Alie-Cox,mo alie-cox,5,6,111.0,0,0.0,0.0,77.0,40.0,5.0,4.8815756,0,1.4415585,0.24,0.35159817,0.60611874,Mo Alie-Cox,IND,5.4799999999999995,2.041533367409723,12.600000000000001,34.291935044906104,83.33333333333334,111.0,0.0,8.562,9.13703668860752,-0.5750366886075202,00-0033217,Mo,Alie-Cox,M.Alie-Cox,REG,IND,MIN,Mo Alie-Cox,AlieMo00,0.0,0.0,0.0,79.2
2020,REG,2,00-0031610,D.Waller,TE,TE,LV,12263,14c97c9f-26e8-4944-9299-f90de6aeada3,14104.0,9637.0,2505.0,,2576925.0,28592.0,,1850793.0,WallDa01,darren-waller-1,10215.0,10433.0,,28592.0,600191.0,16964.0,600191.0,Darren Waller,darren waller,12,16,105.0,1,0.0,0.0,105.0,54.0,8.0,6.738126,0,1.0,0.47058824,0.43933055,1.0134138,Darren Waller,LV,6.7700000000000005,2.8474281721511137,6.4906250000000005,44.31595118204319,75.0,105.0,1.0,4.817499999999998,3.9220480721135353,0.8954519278864628,00-0031610,Darren,Waller,D.Waller,REG,LV,NO,Darren Waller,WallDa01,2.0,0.0,0.0,112.8
2020,REG,2,00-0030506,T.Kelce,TE,TE,KC,11244,c3859e06-5f23-4302-a71b-04820a899d5f,11594.0,7844.0,1466.0,traviskelce/2540258,15847.0,26686.0,,1725130.0,KelcTr00,travis-kelce-1,8783.0,8411.0,264.0,26686.0,448240.0,15048.0,448240.0,Travis Kelce,travis kelce,9,14,90.0,1,0.0,0.0,117.0,30.0,6.0,3.534531,0,0.7692308,0.31111112,0.35135135,0.7126126,Travis Kelce,KC,6.247692307692306,2.584834698190162,7.913571428571429,34.280144806460605,64.28571428571429,90.0,1.0,3.7066666666666674,3.5031699742937183,0.2034966923729491,00-0030506,Travis,Kelce,T.Kelce,REG,KC,LAC,Travis Kelce,KelcTr00,2.0,0.0,0.0,106.2
2020,REG,2,00-0034383,D.Schultz,TE,TE,DAL,13772,8caec1b4-e0b6-4a84-b8c8-617d6e91ef6a,17349.0,47304.0,5001.0,,3117256.0,31107.0,,2136748.0,SchuDa00,dalton-schultz-1,12514.0,13198.0,487.0,31107.0,830523.0,19920.0,830523.0,Dalton Schultz,dalton schultz,9,10,88.0,1,1.0,1.0,44.0,50.0,6.0,0.6470244,0,2.0,0.21276596,0.11578947,0.40020156,Dalton Schultz,DAL,5.824999999999999,3.669062727346732,5.014999999999999,13.626606526641853,90.0,88.0,1.0,5.574444444444443,4.674129809688162,0.9003146347562812,00-0034383,Dalton,Schultz,D.Schultz,REG,DAL,ATL,Dalton Schultz,SchuDa00,0.0,0.0,0.0,136.7
2020,REG,2,00-0033858,J.Smith,TE,TE,TEN,13193,e4f25a37-74de-4bfb-b6c9-f50a4fab0b87,16460.0,11855.0,4144.0,,3054212.0,30213.0,,2081506.0,SmitJo01,jonnu-smith-1,11807.0,12344.0,84.0,30213.0,743749.0,18990.0,743749.0,Jonnu Smith,jonnu smith,4,5,84.0,2,0.0,0.0,33.0,52.0,3.0,7.523823,0,2.5454545,0.20833333,0.17277487,0.4334424,Jonnu Smith,TEN,5.302499999999999,4.2964082913059185,6.276000000000002,15.99551432358039,80.0,84.0,2.0,13.744999999999997,8.875634200006743,4.869365799993254,00-0033858,Jonnu,Smith,J.Smith,REG,TEN,JAX,Jonnu Smith,SmitJo01,0.0,0.0,0.0,158.3
2020,REG,2,00-0033090,H.Henry,TE,TE,LAC,12676,705899da-3c20-4bc3-b5d0-2e6e40655131,15561.0,10669.0,3214.0,,3046439.0,29269.0,,2079848.0,HenrHu00,hunter-henry-1,10735.0,11299.0,212.0,29269.0,744425.0,17975.0,744425.0,Hunter Henry,hunter henry,6,8,83.0,0,0.0,0.0,76.0,34.0,4.0,1.043863,0,1.0921053,0.26666668,0.27737227,0.59416056,Hunter Henry,LAC,4.217499999999999,2.8033831738262243,8.533750000000001,25.716653482502732,75.0,83.0,0.0,6.231666666666666,3.4533718762970316,2.778294790369634,00-0033090,Hunter,Henry,H.Henry,REG,LAC,KC,Hunter Henry,HenrHu00,1.0,0.0,0.0,107.8
2020,REG,2,00-0034830,H.Hurst,TE,TE,ATL,13680,1b125fc4-5dd9-4eb9-a42f-048e61ca42b7,17283.0,47294.0,4973.0,,3924365.0,30995.0,,2185053.0,HursHa00,hayden-hurst-1,12467.0,13098.0,8.0,30995.0,881956.0,19843.0,881956.0,Hayden Hurst,hayden hurst,5,8,72.0,1,0.0,0.0,60.0,46.0,2.0,2.5829887,0,1.2,0.22222222,0.16260162,0.44715446,Hayden Hurst,ATL,8.1125,3.074579567132915,7.558750000000001,15.505525782712379,62.5,72.0,1.0,9.085999999999999,7.692229107153571,1.3937708928464279,00-0034830,Hayden,Hurst,H.Hurst,REG,ATL,DAL,Hayden Hurst,HursHa00,0.0,0.0,0.0,131.2
2020,REG,2,00-0033881,E.Engram,TE,TE,NYG,13189,e21365af-8d66-416e-b0a5-8816d18fcfd9,16411.0,11778.0,4066.0,,3051876.0,30136.0,,2079887.0,EngrEv00,evan-engram-1,11805.0,12205.0,229.0,30136.0,749185.0,18912.0,749185.0,Evan Engram,evan engram,6,8,65.0,0,0.0,0.0,45.0,33.0,4.0,-1.4899819,0,1.4444444,0.22222222,0.18518518,0.46296296,Evan Engram,NYG,4.9275,2.589182614558549,5.425000000000001,17.973991551395677,75.0,65.0,0.0,5.721666666666667,2.902253305520181,2.8194133611464856,00-0033881,Evan,Engram,E.Engram,REG,NYG,CHI,Evan Engram,EngrEv00,1.0,0.0,0.0,58.9
2020,REG,2,00-0035229,T.Hockenson,TE,TE,DET,14138,bd1120b6-38b3-4225-a4b0-20660a149d0d,18290.0,40912.0,5844.0,,4036133.0,31840.0,,2251097.0,HockTJ00,tj-hockenson-1,13610.0,14051.0,247.0,31840.0,923915.0,20805.0,923915.0,T.J. Hockenson,tj hockenson,4,4,62.0,0,0.0,0.0,19.0,43.0,2.0,2.1555402,0,3.2631578,0.13333334,0.07364341,0.25155038,,,,,,,,,,,,,,,,,REG,DET,GB,T.J. Hockenson,HockTJ00,2.0,0.0,0.0,118.7
2020,REG,2,00-0035644,N.Fant,TE,TE,DEN,14137,cdc98acc-9eb6-4b44-81bb-61d7b8a3b55f,17527.0,42388.0,5857.0,,4036131.0,31852.0,,2251095.0,FantNo00,noah-fant-1,13426.0,14050.0,243.0,31852.0,923911.0,20753.0,923911.0,Noah Fant,noah fant,4,5,57.0,1,0.0,0.0,50.0,17.0,3.0,4.761777,1,1.14,0.13157895,0.09765625,0.2657278,Noah Fant,DEN,6.24,4.411909421518443,10.562000000000001,10.526840353220246,80.0,57.0,1.0,5.4925,1.9807699360011535,3.5117300639988462,00-0035644,Noah,Fant,N.Fant,REG,DEN,PIT,Noah Fant,FantNo00,0.0,0.0,0.0,153.7
2020,REG,2,00-0034364,J.Akins,TE,TE,HOU,13753,0cb5a32a-a340-4671-ba2a-93f5fa6aee8d,17415.0,47050.0,5032.0,,3128452.0,31068.0,,2142712.0,AkinJo00,jordan-akins-1,12568.0,13238.0,,31068.0,838396.0,19903.0,838396.0,Jordan Akins,jordan akins,7,7,55.0,0,0.0,0.0,19.0,36.0,3.0,1.3853542,0,2.8947368,0.20588236,0.06985294,0.35772058,Jordan Akins,HOU,2.92,5.566532547417877,2.5757142857142834,6.694886933273919,100.0,55.0,0.0,5.281428571428573,4.679522868809921,0.6019057026186516,00-0034364,Jordan,Akins,J.Akins,REG,HOU,BAL,Jordan Akins,AkinJo00,0.0,0.0,0.0,99.4
2020,REG,2,00-0033110,T.Higbee,TE,TE,LA,12678,0df7912d-9e81-47ea-b4f7-d04986df4ee8,15623.0,10744.0,3271.0,,2573401.0,29344.0,,1853103.0,HigbTy00,tyler-higbee-1,10854.0,11430.0,159.0,29344.0,604176.0,18032.0,604176.0,Tyler Higbee,tyler higbee,5,5,54.0,3,0.0,0.0,44.0,10.0,4.0,8.267512,0,1.2272727,0.1923077,0.19469027,0.42474473,Tyler Higbee,LAR,5.116666666666667,3.8644827411322047,8.852,19.678107771652144,100.0,54.0,3.0,2.4379999999999997,3.116131351286458,-0.6781313512864582,00-0033110,Tyler,Higbee,T.Higbee,REG,LA,PHI,Tyler Higbee,HigbTy00,0.0,0.0,0.0,151.2
2020,REG,2,00-0030472,J.Reed,TE,TE,SF,11248,c3bf8d3e-3b2e-4f9e-ad74-c0a684035f17,11690.0,7866.0,1500.0,jordanreed/2540160,15860.0,26708.0,,1691412.0,ReedJo02,jordan-reed-1,8615.0,8412.0,,26708.0,508876.0,15100.0,,Jordan Reed,jordan reed,7,8,50.0,2,0.0,0.0,27.0,27.0,3.0,6.8788095,0,1.8518518,0.2962963,0.20149253,0.5854892,Jordan Reed,SF,3.33625,2.637904549680762,3.490000000000001,20.744483245411992,87.5,50.0,2.0,3.617142857142855,3.8099137585496528,-0.19277090140679753,00-0030472,Jordan,Reed,J.Reed,REG,SF,NYJ,Jordan Reed,ReedJo02,2.0,0.0,0.0,132.3
2020,REG,2,00-0033455,A.Firkser,TE,TE,TEN,13919,b0719e3d-199b-46e5-a2b4-1091f6fd5c0d,16787.0,51837.0,4435.0,,3049698.0,30571.0,,2818971.0,FirkAn00,,12235.0,12691.0,,30571.0,767297.0,19296.0,767297.0,Anthony Firkser,anthony firkser,4,4,45.0,0,0.0,0.0,41.0,4.0,3.0,4.862081,0,1.097561,0.16666667,0.21465969,0.4002618,,,,,,,,,,,,,,,,,REG,TEN,JAX,Anthony Firkser,FirkAn00,0.0,0.0,0.0,113.5
2020,REG,2,00-0035631,D.Sample,TE,TE,CIN,14146,15a4f552-ecaf-45bd-9006-aa5dda93bee6,18561.0,47259.0,6001.0,,3127310.0,31884.0,,2139646.0,SampDr00,drew-sample-1,13809.0,14111.0,435.0,31884.0,837824.0,20931.0,837824.0,Drew Sample,drew sample,7,9,45.0,0,0.0,0.0,39.0,19.0,3.0,2.0364368,0,1.1538461,0.15254237,0.08351178,0.2872718,Drew Sample,CIN,9.552499999999998,4.185088945153119,5.72,10.17250577983283,77.77777777777779,45.0,0.0,2.684285714285714,3.967638082665636,-1.283352368379922,00-0035631,Drew,Sample,D.Sample,REG,CIN,CLE,Drew Sample,SampDr00,0.0,0.0,0.0,87.5
2020,REG,2,00-0031387,E.Ebron,TE,TE,PIT,11695,9fbcfae9-dd14-415c-8952-9b1b5dff0dfc,12143.0,8645.0,2118.0,ericebron/2543466,16732.0,27538.0,,1865396.0,EbroEr00,eric-ebron-1,9210.0,9390.0,,27538.0,605752.0,16451.0,605752.0,Eric Ebron,eric ebron,3,5,43.0,0,0.0,0.0,49.0,17.0,2.0,-1.7024502,0,0.877551,0.12195122,0.21030043,0.33013713,Eric Ebron,PIT,4.76,4.071974870979444,9.920000000000002,18.690180119074537,60.0,43.0,0.0,5.683333333333333,4.909152745381637,0.7741805879516956,00-0031387,Eric,Ebron,E.Ebron,REG,PIT,DEN,Eric Ebron,EbroEr00,0.0,1.0,0.2,87.9
2020,REG,2,00-0030061,Z.Ertz,TE,TE,PHI,11247,de3421f7-2147-4835-89a5-724e87bad463,11689.0,7816.0,1339.0,zachertz/2540158,15835.0,26658.0,,1685963.0,ErtzZa00,zach-ertz-1,8781.0,8409.0,305.0,26658.0,503177.0,14856.0,503177.0,Zach Ertz,zach ertz,5,7,42.0,0,0.0,0.0,58.0,8.0,2.0,0.42144963,0,0.7241379,0.17073171,0.2265625,0.4146913,Zach Ertz,PHI,5.497999999999999,3.122939644584449,7.990000000000001,22.543329302700524,71.42857142857143,42.0,0.0,1.658,2.2323688924705096,-0.5743688924705097,00-0030061,Zachary,Ertz,Z.Ertz,REG,PHI,LA,Zach Ertz,ErtzZa00,0.0,0.0,0.0,86.6
2020,REG,2,00-0032134,C.Uzomah,TE,TE,CIN,12317,19858900-5c8e-49a7-ab02-34ef625724ca,14084.0,9590.0,2460.0,c.j.uzomah/2552559,2574576.0,28545.0,,2174118.0,UzomC.00,cj-uzomah-1,10462.0,10534.0,,28545.0,593305.0,16917.0,593305.0,C.J. Uzomah,cj uzomah,4,6,42.0,1,0.0,0.0,48.0,8.0,3.0,2.6761189,0,0.875,0.10169491,0.102783725,0.22449099,C.J. Uzomah,CIN,5.236666666666667,2.4782634733684836,8.316666666666668,9.86029600648132,66.66666666666666,42.0,1.0,2.339999999999998,2.371477068018521,-0.03147706801852301,00-0032134,Christopher,Uzomah,C.Uzomah,REG,CIN,CLE,C.J. Uzomah,UzomC.00,0.0,0.0,0.0,126.4
2020,REG,2,00-0031951,J.O'Shaughnessy,TE,TE,JAX,12330,e5c6b0d4-3e77-422b-a6d8-574a10ed385e,14146.0,9606.0,2476.0,,2508079.0,28561.0,,2174148.0,O'ShJa00,,10249.0,10549.0,,28561.0,552352.0,16933.0,552352.0,James O'Shaughnessy,james oshaughnessy,4,4,40.0,0,0.0,0.0,35.0,5.0,3.0,2.8542848,0,1.1428572,0.09090909,0.0930851,0.20152321,,,,,,,,,,,,,,,,,REG,JAX,TEN,James O'Shaughnessy,O'ShJa00,0.0,0.0,0.0,108.3
2020,REG,2,00-0030549,T.Eifert,TE,TE,JAX,11250,14ecf9dd-3a77-4847-8e62-407cd1182f1c,11692.0,7802.0,1388.0,tylereifert/2540148,15788.0,26644.0,,1691608.0,EifeTy00,tyler-eifert-1,8782.0,8408.0,,26644.0,508968.0,14918.0,,Tyler Eifert,tyler eifert,3,6,36.0,1,0.0,0.0,88.0,4.0,2.0,3.6434367,0,0.4090909,0.13636364,0.23404256,0.36837524,Tyler Eifert,JAX,5.694,1.5503677627089336,14.613333333333332,21.71856035272844,50.0,36.0,1.0,1.413333333333334,1.0412881040892898,0.37204522924404415,00-0030549,Tyler,Eifert,T.Eifert,REG,JAX,TEN,Tyler Eifert,EifeTy00,0.0,0.0,0.0,108.3
2020,REG,2,00-0035689,D.Knox,TE,TE,BUF,14143,5fb525c5-4e70-4ede-8c49-94ad0cf66b7d,18631.0,35883.0,5906.0,,3930086.0,31928.0,,2186345.0,KnoxDa00,dawson-knox-1,13466.0,13953.0,88.0,31928.0,884083.0,20850.0,884083.0,Dawson Knox,dawson knox,1,3,36.0,0,1.0,1.0,32.0,29.0,0.0,-3.7284088,0,1.125,0.08571429,0.08839779,0.19044988,,,,,,,,,,,,,,,,,REG,BUF,MIA,Dawson Knox,KnoxDa00,0.0,0.0,0.0,79.9
2020,REG,2,00-0032062,B.Bell,TE,TE,DAL,12213,0cc4e449-185a-4b08-9f07-c907ad0c3e05,13966.0,9550.0,2422.0,,2514206.0,28505.0,,1737101.0,BellBl00,blake-bell-1,10248.0,10366.0,,28505.0,542871.0,16878.0,542871.0,Blake Bell,blake bell,2,3,34.0,0,0.0,0.0,29.0,5.0,1.0,1.2282256,0,1.1724138,0.06382979,0.07631579,0.14916573,,,,,,,,,,,,,,,,,REG,DAL,ATL,Blake Bell,BellBl00,0.0,0.0,0.0,104.9
2020,REG,2,00-0034981,F.Moreau,TE,TE,LV,14239,9c3a67fd-5c6e-4689-9e08-9ff6d4db6c9a,18397.0,47043.0,5985.0,,3843945.0,31969.0,,2180634.0,MoreFo00,foster-moreau-1,13822.0,14154.0,179.0,31969.0,865573.0,20884.0,865573.0,Foster Moreau,foster moreau,1,1,31.0,0,0.0,0.0,20.0,11.0,1.0,1.7628492,0,1.55,0.029411765,0.08368201,0.102695055,,,,,,,,,,,,,,,,,REG,LV,NO,Foster Moreau,MoreFo00,0.0,0.0,0.0,118.7
2020,REG,2,00-0034351,D.Goedert,TE,TE,PHI,13674,e8029983-87cf-49a2-bc04-04c8233a0630,17270.0,47272.0,5022.0,,3121023.0,31019.0,,2132551.0,GoedDa00,,12860.0,13151.0,382.0,31019.0,791365.0,19863.0,791365.0,Dallas Goedert,dallas goedert,4,8,30.0,0,0.0,0.0,64.0,10.0,2.0,-4.512573,0,0.46875,0.19512194,0.25,0.46768293,Dallas Goedert,PHI,5.21875,2.4281266714274468,7.733750000000001,24.937525191455055,50.0,30.0,0.0,2.7174999999999994,3.0122671185563377,-0.2947671185563383,00-0034351,Dallas,Goedert,D.Goedert,REG,PHI,LA,Dallas Goedert,GoedDa00,0.0,0.0,0.0,59.4
2020,REG,2,00-0034753,M.Andrews,TE,TE,BAL,13671,0618f387-9b72-4270-8b8f-dec4cccc9e4a,17269.0,47436.0,5012.0,,3116365.0,31056.0,,2131121.0,AndrMa00,mark-andrews-1,12559.0,13182.0,366.0,31056.0,820699.0,19803.0,820699.0,Mark Andrews,mark andrews,1,3,29.0,0,0.0,0.0,38.0,18.0,1.0,1.9492058,0,0.7631579,0.13043478,0.22891566,0.35589314,,,,,,,,,,,,,,,,,REG,BAL,HOU,Mark Andrews,AndrMa00,0.0,0.0,0.0,70.1
2020,REG,2,00-0031260,L.Thomas,TE,TE,WAS,11647,b24625a0-d402-4d59-a778-aa4b073bfe5e,12095.0,8755.0,2251.0,loganthomas/2543767,16813.0,27648.0,,1691193.0,ThomLo00,logan-thomas-1,9323.0,9354.0,,27648.0,507528.0,16656.0,507528.0,Logan Thomas,logan thomas,4,9,26.0,0,0.0,0.0,62.0,13.0,1.0,-3.3768778,0,0.41935483,0.27272728,0.21908127,0.5624478,Logan Thomas,WAS,4.02375,1.5945823627581113,7.315555555555556,22.705797151429458,44.44444444444444,26.0,0.0,3.4875000000000007,2.9181689450023782,0.5693310549976225,00-0031260,Logan,Thomas,L.Thomas,REG,WAS,ARI,Logan Thomas,ThomLo00,0.0,1.0,0.111,51.6
2020,REG,2,00-0034011,D.Arnold,TE,TE,ARI,13880,d479a777-b53b-4bbf-a8e4-0c1675ac48df,17143.0,51842.0,4741.0,,4212989.0,30891.0,,2835170.0,ArnoDa00,,12276.0,12972.0,,30891.0,1053627.0,19659.0,1053627.0,Dan Arnold,dan arnold,2,4,26.0,0,0.0,0.0,54.0,12.0,1.0,-0.9702834,0,0.4814815,0.11764706,0.169279,0.2949659,,,,,,,,,,,,,,,,,REG,ARI,WAS,Dan Arnold,ArnoDa00,0.0,0.0,0.0,70.8
2020,REG,2,00-0033757,R.Tonyan,TE,TE,GB,13427,7c9c7800-69d0-459b-812b-a07ac48e9f2a,16502.0,12193.0,4602.0,,2975674.0,30777.0,,2820026.0,TonyRo00,,12389.0,12868.0,,30777.0,660151.0,19491.0,660151.0,Robert Tonyan,robert tonyan,2,3,25.0,1,0.0,0.0,48.0,3.0,2.0,2.8664427,0,0.5208333,0.1,0.1732852,0.27129963,,,,,,,,,,,,,,,,,REG,GB,DET,Robert Tonyan,TonyRo00,0.0,0.0,0.0,131.9
2020,REG,2,00-0029738,D.Fells,TE,TE,HOU,11337,54d4e35a-2e6c-48f6-86ad-92dd596c173c,13636.0,8549.0,1592.0,darrenfells/2540928,15773.0,26612.0,,2053740.0,FellDa01,,9758.0,8472.0,,26612.0,266414.0,15247.0,266414.0,Darren Fells,darren fells,2,4,23.0,1,0.0,0.0,31.0,9.0,2.0,-0.4352403,0,0.7419355,0.11764706,0.113970585,0.25625,,,,,,,,,,,,,,,,,REG,HOU,BAL,Darren Fells,FellDa01,1.0,0.0,0.0,107.3
2020,REG,2,00-0032392,A.Hooper,TE,TE,CLE,12677,90c2a93f-d837-4e1b-b57c-56648903a8db,15581.0,10715.0,3202.0,,3043275.0,29315.0,,2067004.0,HoopAu00,austin-hooper-1,10748.0,11301.0,384.0,29315.0,739424.0,17963.0,739424.0,Austin Hooper,austin hooper,2,4,22.0,0,0.0,0.0,15.0,7.0,2.0,2.5949614,0,1.4666667,0.1904762,0.073529415,0.33718488,,,,,,,,,,,,,,,,,REG,CLE,CIN,Austin Hooper,HoopAu00,0.0,0.0,0.0,66.7
2020,REG,2,00-0034439,R.Izzo,TE,TE,NE,13847,40b8fa44-b289-42dd-9606-a1ae30adc7bc,17541.0,47327.0,5094.0,,3122920.0,31127.0,,2138988.0,IzzoRy00,ryan-izzo-1,12529.0,13349.0,,31220.0,834990.0,20069.0,834990.0,Ryan Izzo,ryan izzo,2,2,19.0,0,0.0,0.0,13.0,6.0,1.0,0.7362228,0,1.4615384,0.046511628,0.03768116,0.09614425,,,,,,,,,,,,,,,,,REG,NE,SEA,Ryan Izzo,IzzoRy00,0.0,0.0,0.0,106.2
2020,REG,2,00-0027696,J.Graham,TE,TE,CHI,9925,fd85786d-3900-4dc0-9b30-334ee30413ed,9712.0,5619.0,616.0,jimmygraham/497236,13232.0,24070.0,6610.0,1691166.0,GrahJi00,jimmy-graham-1,6532.0,5842.0,,24070.0,295918.0,11488.0,295918.0,Jimmy Graham,jimmy graham,1,1,18.0,0,0.0,0.0,15.0,3.0,1.0,1.9316425,0,1.2,0.035714287,0.06276151,0.09750448,,,,,,,,,,,,,,,,,REG,CHI,NYG,Jimmy Graham,GrahJi00,0.0,0.0,0.0,118.7
2020,REG,2,00-0036422,A.Trautman,TE,TE,NO,14870,4e14183b-f974-4745-9d7f-8f5eb2a92a7d,19423.0,109795.0,6869.0,,3911853.0,32775.0,,2182228.0,TrauAd00,,14541.0,,566.0,32775.0,0.0,21786.0,875444.0,Adam Trautman,adam trautman,1,1,17.0,0,0.0,0.0,16.0,1.0,1.0,1.0965077,0,1.0625,0.027027028,0.08510638,0.10011501,,,,,,,,,,,,,,,,,REG,NO,LV,Adam Trautman,TrauAd00,0.0,0.0,0.0,118.7
2020,REG,2,00-0030216,J.Hill,TE,TE,NO,11529,687cdc33-bd0d-4b70-adb3-33f97dc26a3c,13565.0,8200.0,1777.0,joshhill/2541834,16143.0,26950.0,,2060083.0,HillJo02,,9071.0,8764.0,,26950.0,469509.0,15866.0,,Josh Hill,josh hill,1,2,16.0,0,0.0,0.0,10.0,20.0,1.0,0.41939473,0,1.6,0.054054055,0.05319149,0.11831512,,,,,,,,,,,,,,,,,REG,NO,LV,Josh Hill,HillJo02,1.0,0.0,0.0,77.1
2020,REG,2,00-0036232,H.Bryant,TE,TE,CLE,14875,f58a5899-8b78-46e8-a29a-ba6273b7d872,19389.0,26394.0,6850.0,,4040774.0,32785.0,,2241240.0,BryaHa00,harrison-bryant-1,14576.0,,752.0,32785.0,0.0,21783.0,916467.0,Harrison Bryant,harrison bryant,1,2,14.0,0,0.0,0.0,27.0,11.0,1.0,-3.0340838,0,0.5185185,0.0952381,0.13235295,0.2355042,,,,,,,,,,,,,,,,,REG,CLE,CIN,Harrison Bryant,BryaHa00,0.0,0.0,0.0,33.3
2020,REG,2,00-0027061,J.Cook,TE,TE,NO,9474,3b7a1409-d154-4e5c-8c94-9d4a0e0993c7,9265.0,5012.0,367.0,jaredcook/71265,12537.0,9353.0,6126.0,584314.0,CookJa02,jared-cook-2,5981.0,5165.0,,9353.0,296480.0,8534.0,296480.0,Jared Cook,jared cook,2,5,13.0,1,0.0,0.0,52.0,3.0,2.0,0.48461008,0,0.25,0.13513513,0.27659574,0.39631972,Jared Cook,NO,6.985,2.3063637208288252,11.168000000000001,28.890728476821202,40.0,13.0,1.0,0.6499999999999986,0.6056930386314434,0.044306961368555164,00-0027061,Jared,Cook,J.Cook,REG,NO,LV,Jared Cook,CookJa02,0.0,0.0,0.0,87.5
2020,REG,2,00-0036290,C.Kmet,TE,TE,CHI,14867,036feeb6-9a22-43c5-a8e3-7ac611d8ff49,19229.0,60995.0,6826.0,,4258595.0,32713.0,,2868619.0,KmetCo00,cole-kmet-1,14436.0,,569.0,32713.0,0.0,21772.0,1066765.0,Cole Kmet,cole kmet,1,1,12.0,0,0.0,0.0,12.0,0.0,1.0,1.1764486,0,1.0,0.035714287,0.050209206,0.08871787,,,,,,,,,,,,,,,,,REG,CHI,NYG,Cole Kmet,KmetCo00,0.0,0.0,0.0,116.7
2020,REG,2,00-0031598,N.Boyle,TE,TE,BAL,12328,9480dd9f-151f-4e6d-b5a3-35f07bda4cac,13963.0,9604.0,2474.0,,2574591.0,28559.0,,1888149.0,BoylNi00,,10252.0,10547.0,,28559.0,608753.0,16931.0,608753.0,Nick Boyle,nick boyle,1,1,11.0,0,0.0,0.0,6.0,5.0,1.0,1.724202,0,1.8333334,0.04347826,0.036144577,0.090518594,,,,,,,,,,,,,,,,,REG,BAL,HOU,Nick Boyle,BoylNi00,0.0,0.0,0.0,112.5
2020,REG,2,00-0033879,O.Howard,TE,TE,TB,13188,93ed8c6f-b676-46d3-bf82-6155e89b4a68,16380.0,11774.0,4055.0,,3043080.0,30132.0,,2061190.0,HowaO.00,oj-howard-1,11806.0,12161.0,,30132.0,732147.0,18901.0,732147.0,O.J. Howard,oj howard,1,3,11.0,0,0.0,0.0,23.0,2.0,1.0,-1.1405123,0,0.47826087,0.08571429,0.0982906,0.19737485,,,,,,,,,,,,,,,,,REG,TB,CAR,O.J. Howard,HowaO.00,0.0,1.0,0.333,45.1
2020,REG,2,00-0034159,W.Dissly,TE,TE,SEA,13763,383f4814-6836-4766-a297-fc063e8509cc,18049.0,30762.0,5010.0,,3127292.0,31090.0,,2139628.0,DissWi00,will-dissly-1,12986.0,13246.0,86.0,31090.0,837806.0,19950.0,837806.0,Will Dissly,will dissly,1,1,9.0,0,0.0,0.0,5.0,4.0,0.0,0.9046127,0,1.8,0.04,0.02283105,0.075981736,,,,,,,,,,,,,,,,,REG,SEA,NE,Will Dissly,DissWi00,0.0,0.0,0.0,104.2
2020,REG,2,00-0031484,C.Manhertz,TE,TE,CAR,12955,7c7b5515-7786-4e24-9ce0-34e6a8bd5727,14014.0,10211.0,3048.0,,2531358.0,28365.0,,2167520.0,ManhCh00,,10033.0,10295.0,,28365.0,563293.0,17762.0,563293.0,Chris Manhertz,chris manhertz,1,1,8.0,0,0.0,0.0,7.0,1.0,0.0,0.6212465,0,1.1428572,0.025,0.023890786,0.05422355,,,,,,,,,,,,,,,,,REG,CAR,TB,Chris Manhertz,ManhCh00,0.0,0.0,0.0,100.0
2020,REG,2,00-0034073,R.Dwelley,TE,TE,SF,13988,70473218-5ae3-47b4-86fd-151e68f1e8b9,17886.0,20994.0,5285.0,,3120303.0,31329.0,,2924888.0,DwelRo00,,13030.0,13522.0,,31329.0,752665.0,20361.0,752665.0,Ross Dwelley,ross dwelley,1,1,5.0,0,0.0,0.0,2.0,3.0,0.0,-0.10841952,0,2.5,0.037037037,0.014925373,0.066003315,,,,,,,,,,,,,,,,,REG,SF,NYJ,Ross Dwelley,DwelRo00,0.0,0.0,0.0,87.5
2020,REG,2,00-0034766,C.Herndon,TE,TE,NYJ,13679,780a48de-d092-4e87-9c34-8d1b45a154cc,17536.0,47164.0,5009.0,,3123050.0,31077.0,,2136463.0,HernCh00,christopher-herndon-iv-1,12899.0,13228.0,,31077.0,832080.0,19947.0,832080.0,Chris Herndon,chris herndon,1,4,5.0,0,0.0,0.0,16.0,8.0,0.0,-2.4945614,0,0.3125,0.125,0.11111111,0.26527777,,,,,,,,,,,,,,,,,REG,NYJ,SF,Chris Herndon,HernCh00,1.0,1.0,0.25,39.6
2020,REG,2,00-0024243,M.Lewis,TE,TE,GB,8269,9c21e9af-681c-41ef-9b00-fbc9e1668ed1,9413.0,2973.0,111.0,marcedeslewis/2495888,9614.0,7777.0,4007.0,415313.0,LewiMa00,marcedes-lewis-1,4891.0,3615.0,,7777.0,214197.0,3061.0,214197.0,Marcedes Lewis,marcedes lewis,1,1,4.0,0,0.0,0.0,0.0,4.0,0.0,-0.20354302,0,0.0,0.033333335,0.0,0.05,,,,,,,,,,,,,,,,,REG,GB,DET,Marcedes Lewis,LewiMa00,0.0,0.0,0.0,83.3
2020,REG,2,00-0033896,A.Shaheen,TE,TE,MIA,13254,87171077-4c1c-4b67-b159-2cc6242988e0,16457.0,11800.0,4085.0,,4198676.0,30158.0,,2818105.0,ShahAd00,,11898.0,12283.0,,30158.0,1049770.0,18931.0,1049770.0,Adam Shaheen,adam shaheen,1,2,4.0,0,0.0,0.0,2.0,4.0,0.0,-0.5257659,0,2.0,0.04347826,0.0063897762,0.069690235,,,,,,,,,,,,,,,,,REG,MIA,BUF,Adam Shaheen,ShahAd00,1.0,0.0,0.0,56.2
2020,REG,2,00-0022127,J.Witten,TE,TE,LV,6997,e38c9b1b-7c51-48a2-ac1d-a752502e8930,9275.0,1384.0,23.0,jasonwitten/2505629,4527.0,6405.0,,396134.0,WittJa00,jason-witten-1,3086.0,1990.0,,6405.0,184571.0,722.0,,Jason Witten,jason witten,1,1,3.0,0,0.0,0.0,3.0,0.0,1.0,0.56307757,0,1.0,0.029411765,0.012552301,0.05290426,,,,,,,,,,,,,,,,,REG,LV,NO,Jason Witten,WittJa00,0.0,0.0,0.0,79.2
2020,REG,2,00-0030470,V.McDonald,TE,TE,PIT,11257,8f24a248-b328-43ec-8677-67600e42a8f7,11699.0,7836.0,1587.0,vancemcdonald/2540215,15853.0,26678.0,,1673357.0,McDoVa00,vance-mcdonald-1,8785.0,8413.0,,26678.0,494969.0,15239.0,,Vance McDonald,vance mcdonald,1,2,3.0,0,0.0,0.0,10.0,3.0,0.0,-0.7449298,0,0.3,0.048780486,0.042918455,0.10321365,,,,,,,,,,,,,,,,,REG,PIT,DEN,Vance McDonald,McDoVa00,1.0,0.0,0.0,56.2
2020,REG,2,00-0034970,I.Smith,TE,TE,MIN,14141,ed0e6a30-83d5-4f4b-bf49-f7ff80e21304,18610.0,42060.0,6126.0,,4040980.0,31882.0,,2257888.0,SmitIr01,irv-smith-jr-1,13583.0,14052.0,,31882.0,944428.0,20949.0,944428.0,Irv Smith,irv smith,1,4,3.0,0,0.0,0.0,22.0,1.0,0.0,-1.1036104,0,0.13636364,0.17391305,0.083333336,0.3192029,,,,,,,,,,,,,,,,,REG,MIN,IND,Irv Smith Jr.,SmitIr01,0.0,0.0,0.0,39.6
2020,REG,2,00-0034169,M.Baugh,TE,TE,WAS,14517,14683736-9d8f-4e99-86c4-a778d343569c,17483.0,47131.0,5233.0,,3051387.0,31478.0,,2060761.0,,,12901.0,,,31478.0,728328.0,20174.0,728328.0,Marcus Baugh,marcus baugh,1,1,2.0,0,0.0,0.0,0.0,2.0,0.0,-0.29497582,0,0.0,0.030303031,0.0,0.045454547,,,,,,,,,,,,,,,,,,,,,,,,,
2020,REG,2,00-0025418,G.Olsen,TE,TE,SEA,8687,587d0a98-7ec5-45a5-adba-8af26e8f256b,9238.0,3647.0,58.0,gregolsen/2495700,10475.0,8285.0,,502524.0,OlseGr00,greg-olsen-1,5206.0,4190.0,,8285.0,230925.0,1658.0,,Greg Olsen,greg olsen,0,1,0.0,0,0.0,0.0,5.0,0.0,0.0,-9.325734,0,0.0,0.04,0.02283105,0.075981736,,,,,,,,,,,,,,,,,REG,SEA,NE,Greg Olsen,OlseGr00,0.0,1.0,1.0,0.0
2020,REG,2,00-0027656,R.Gronkowski,TE,TE,TB,9902,2142a164-48ad-47d6-bb27-0bc58c6b2e62,9721.0,5567.0,515.0,robgronkowski/497240,13229.0,24017.0,,1244303.0,GronRo00,rob-gronkowski-1,6443.0,5729.0,,24017.0,381091.0,10974.0,381091.0,Rob Gronkowski,rob gronkowski,0,1,0.0,0,0.0,0.0,18.0,0.0,0.0,-7.237089,0,0.0,0.028571429,0.07692308,0.0967033,,,,,,,,,,,,,,,,,REG,TB,CAR,Rob Gronkowski,GronRo00,0.0,0.0,0.0,0.0
2020,REG,2,00-0027981,K.Rudolph,TE,TE,MIN,10312,1059e9dc-97df-4643-9116-883a0573d8b1,9906.0,6195.0,943.0,kylerudolph/2495438,14054.0,24830.0,7444.0,1633122.0,RudoKy00,kyle-rudolph-1,7246.0,6459.0,,24830.0,469472.0,13275.0,469472.0,Kyle Rudolph,kyle rudolph,0,1,0.0,0,0.0,0.0,25.0,0.0,0.0,-0.7559533,0,0.0,0.04347826,0.09469697,0.13150527,,,,,,,,,,,,,,,,,REG,MIN,IND,Kyle Rudolph,RudoKy00,0.0,0.0,0.0,39.6
2020,REG,2,00-0030155,D.Harris,TE,TE,CHI,11448,8506c15c-15cc-4d2c-aebf-270c605fe0ec,11881.0,8524.0,1619.0,demetriusharris/2541187,16318.0,27174.0,,2060074.0,HarrDe03,,9847.0,8683.0,,27174.0,602269.0,15305.0,602269.0,Demetrius Harris,demetrius harris,0,1,0.0,0,0.0,0.0,28.0,0.0,0.0,-0.4976195,0,0.0,0.035714287,0.117154814,0.1355798,,,,,,,,,,,,,,,,,REG,CHI,NYG,Demetrius Harris,HarrDe03,0.0,0.0,0.0,39.6
2020,REG,2,00-0032394,N.Vannett,TE,TE,DEN,12680,c731aa8a-778b-4ccd-a19f-517eb66f47b7,15645.0,10728.0,3258.0,,2576399.0,29328.0,,1871322.0,VannNi00,nick-vannett-1,10949.0,11329.0,,29328.0,606488.0,18019.0,606488.0,Nick Vannett,nick vannett,0,2,0.0,0,0.0,0.0,25.0,0.0,0.0,-2.2664866,0,0.0,0.05263158,0.048828125,0.11312705,,,,,,,,,,,,,,,,,REG,DEN,PIT,Nick Vannett,VannNi00,0.0,0.0,0.0,39.6
2020,REG,2,00-0033258,D.Daniels,TE,TE,ARI,13396,7574eb56-a34a-419e-9682-c4788cfe2019,16582.0,12122.0,4323.0,,3052166.0,30523.0,,2079698.0,DaniDa02,,11890.0,12453.0,,30523.0,747895.0,19176.0,747895.0,Darrell Daniels,darrell daniels,0,1,0.0,0,0.0,0.0,12.0,0.0,0.0,-0.46984148,0,0.0,0.029411765,0.037617553,0.07044993,,,,,,,,,,,,,,,,,REG,ARI,WAS,Darrell Daniels,DaniDa02,0.0,0.0,0.0,39.6
2020,REG,2,00-0035671,J.Sternberger,TE,TE,GB,14140,f808794b-3135-4f75-b46a-ba90bf6b8502,18614.0,47081.0,6139.0,,3917962.0,31907.0,,2179567.0,SterJa00,jace-sternberger-1,13495.0,14097.0,,31907.0,877598.0,20952.0,877598.0,Jace Sternberger,jace sternberger,0,1,0.0,0,0.0,0.0,0.0,0.0,0.0,-0.8655939,0,,0.033333335,0.0,0.05,,,,,,,,,,,,,,,,,REG,GB,DET,Jace Sternberger,SterJa00,0.0,1.0,1.0,39.6
2020,REG,2,00-0034988,K.Smith,TE,TE,NYG,14142,7bb7f5e7-f00e-47d8-954d-90bf5baf4292,18293.0,40973.0,6146.0,,4044452.0,32008.0,,2251343.0,SmitKa00,kaden-smith-1,13516.0,14217.0,,32008.0,924018.0,20946.0,924018.0,Kaden Smith,kaden smith,2,3,-1.0,0,0.0,0.0,7.0,2.0,0.0,-1.602783,0,-0.14285715,0.083333336,0.028806584,0.14516461,,,,,,,,,,,,,,,,,REG,NYG,CHI,Kaden Smith,SmitKa00,0.0,0.0,0.0,70.1
2020,REG,3,00-0030506,T.Kelce,TE,TE,KC,11244,c3859e06-5f23-4302-a71b-04820a899d5f,11594.0,7844.0,1466.0,traviskelce/2540258,15847.0,26686.0,,1725130.0,KelcTr00,travis-kelce-1,8783.0,8411.0,264.0,26686.0,448240.0,15048.0,448240.0,Travis Kelce,travis kelce,6,7,87.0,0,0.0,0.0,44.0,49.0,5.0,6.486931,0,1.9772727,0.17073171,0.12865497,0.34615603,Travis Kelce,KC,4.324285714285714,4.2928657010094335,5.827142857142857,12.636698782490164,85.71428571428571,87.0,0.0,8.826666666666666,7.830630111436828,0.9960365552298382,00-0030506,Travis,Kelce,T.Kelce,REG,KC,BAL,Travis Kelce,KelcTr00,2.0,0.0,0.0,118.5
2020,REG,3,00-0030061,Z.Ertz,TE,TE,PHI,11247,de3421f7-2147-4835-89a5-724e87bad463,11689.0,7816.0,1339.0,zachertz/2540158,15835.0,26658.0,,1685963.0,ErtzZa00,zach-ertz-1,8781.0,8409.0,305.0,26658.0,503177.0,14856.0,503177.0,Zach Ertz,zach ertz,7,10,70.0,0,0.0,0.0,111.0,8.0,4.0,0.9846039,0,0.6306306,0.22727273,0.34365326,0.5814664,Zach Ertz,PHI,4.517499999999999,2.1453214226509285,9.745000000000001,32.934536483152534,70.0,70.0,0.0,2.324285714285714,2.6218632597235683,-0.2975775454378544,00-0030061,Zachary,Ertz,Z.Ertz,REG,PHI,CIN,Zach Ertz,ErtzZa00,0.0,1.0,0.1,50.0
2020,REG,3,00-0025418,G.Olsen,TE,TE,SEA,8687,587d0a98-7ec5-45a5-adba-8af26e8f256b,9238.0,3647.0,58.0,gregolsen/2495700,10475.0,8285.0,,502524.0,OlseGr00,greg-olsen-1,5206.0,4190.0,,8285.0,230925.0,1658.0,,Greg Olsen,greg olsen,5,6,61.0,0,0.0,0.0,53.0,9.0,4.0,5.715839,0,1.1509434,0.15789473,0.14285715,0.33684212,Greg Olsen,SEA,8.894,3.86558112430139,8.493333333333334,13.83729770826545,83.33333333333334,61.0,0.0,2.2699999999999987,2.159014024693947,0.11098597530605181,00-0025418,Gregory,Olsen,G.Olsen,REG,SEA,DAL,Greg Olsen,OlseGr00,0.0,1.0,0.167,109.0
2020,REG,3,00-0033858,J.Smith,TE,TE,TEN,13193,e4f25a37-74de-4bfb-b6c9-f50a4fab0b87,16460.0,11855.0,4144.0,,3054212.0,30213.0,,2081506.0,SmitJo01,jonnu-smith-1,11807.0,12344.0,84.0,30213.0,743749.0,18990.0,743749.0,Jonnu Smith,jonnu smith,5,8,61.0,0,0.0,0.0,86.0,14.0,3.0,1.1710646,0,0.7093023,0.24242425,0.23822714,0.5303954,Jonnu Smith,TEN,6.578,2.7609182166194,9.0475,21.97795524246197,62.5,61.0,0.0,3.594,3.165851930575491,0.428148069424509,00-0033858,Jonnu,Smith,J.Smith,REG,TEN,MIN,Jonnu Smith,SmitJo01,0.0,0.0,0.0,85.9
2020,REG,3,00-0027696,J.Graham,TE,TE,CHI,9925,fd85786d-3900-4dc0-9b30-334ee30413ed,9712.0,5619.0,616.0,jimmygraham/497236,13232.0,24070.0,6610.0,1691166.0,GrahJi00,jimmy-graham-1,6532.0,5842.0,,24070.0,295918.0,11488.0,295918.0,Jimmy Graham,jimmy graham,6,10,60.0,2,1.0,0.0,63.0,25.0,5.0,0.73688453,0,0.95238096,0.20408164,0.12,0.39012244,Jimmy Graham,CHI,5.772499999999999,2.65179936596503,6.366,12.342950209399719,60.0,60.0,2.0,4.531666666666666,4.0278534036431966,0.5038132630234697,00-0027696,Jimmy,Graham,J.Graham,REG,CHI,ATL,Jimmy Graham,GrahJi00,0.0,0.0,0.0,77.1
2020,REG,3,00-0035229,T.Hockenson,TE,TE,DET,14138,bd1120b6-38b3-4225-a4b0-20660a149d0d,18290.0,40912.0,5844.0,,4036133.0,31840.0,,2251097.0,HockTJ00,tj-hockenson-1,13610.0,14051.0,247.0,31840.0,923915.0,20805.0,923915.0,T.J. Hockenson,tj hockenson,4,7,53.0,0,0.0,0.0,67.0,18.0,3.0,1.99229,0,0.7910448,0.22580644,0.30454546,0.5518915,T.J. Hockenson,DET,4.898571428571429,2.2836171634273184,9.358571428571429,27.342543511832716,57.14285714285714,53.0,0.0,5.209999999999997,4.071781927294978,1.138218072705019,00-0035229,Thomas,Hockenson,T.Hockenson,REG,DET,ARI,T.J. Hockenson,HockTJ00,0.0,1.0,0.143,81.2
2020,REG,3,00-0031387,E.Ebron,TE,TE,PIT,11695,9fbcfae9-dd14-415c-8952-9b1b5dff0dfc,12143.0,8645.0,2118.0,ericebron/2543466,16732.0,27538.0,,1865396.0,EbroEr00,eric-ebron-1,9210.0,9390.0,,27538.0,605752.0,16451.0,605752.0,Eric Ebron,eric ebron,5,7,52.0,1,0.0,0.0,58.0,8.0,3.0,5.529056,0,0.8965517,0.2,0.18012422,0.42608696,Eric Ebron,PIT,4.901666666666667,2.33840741299747,8.632857142857144,18.700293981123313,71.42857142857143,52.0,1.0,1.672,1.956654639621226,-0.28465463962122617,00-0031387,Eric,Ebron,E.Ebron,REG,PIT,HOU,Eric Ebron,EbroEr00,0.0,0.0,0.0,132.1
2020,REG,3,00-0033090,H.Henry,TE,TE,LAC,12676,705899da-3c20-4bc3-b5d0-2e6e40655131,15561.0,10669.0,3214.0,,3046439.0,29269.0,,2079848.0,HenrHu00,hunter-henry-1,10735.0,11299.0,212.0,29269.0,744425.0,17975.0,744425.0,Hunter Henry,hunter henry,5,7,50.0,0,0.0,0.0,52.0,10.0,3.0,4.9189773,0,0.96153843,0.14583333,0.17567568,0.34172297,Hunter Henry,LAC,7.172499999999999,2.560976776931054,7.165714285714286,15.853851259521479,71.42857142857143,50.0,0.0,2.3419999999999987,2.448250687912946,-0.10625068791294723,00-0033090,Hunter,Henry,H.Henry,REG,LAC,CAR,Hunter Henry,HenrHu00,0.0,1.0,0.143,91.4
2020,REG,3,00-0033217,M.Alie-Cox,TE,TE,IND,13246,8809c0dd-786b-4255-a7d0-333c9498c19a,16579.0,12078.0,4054.0,moalie-cox/2558832,2998565.0,30112.0,,2815925.0,AlieMo00,,12196.0,12221.0,195.0,30112.0,712506.0,18900.0,712506.0,Mo Alie-Cox,mo alie-cox,3,3,50.0,1,0.0,0.0,21.0,29.0,2.0,2.616086,0,2.3809524,0.12,0.14685315,0.28279722,,,,,,,,,,,,,,,,,REG,IND,NYJ,Mo Alie-Cox,AlieMo00,0.0,0.0,0.0,158.3
2020,REG,3,00-0033757,R.Tonyan,TE,TE,GB,13427,7c9c7800-69d0-459b-812b-a07ac48e9f2a,16502.0,12193.0,4602.0,,2975674.0,30777.0,,2820026.0,TonyRo00,,12389.0,12868.0,,30777.0,660151.0,19491.0,660151.0,Robert Tonyan,robert tonyan,5,5,50.0,1,0.0,0.0,12.0,38.0,4.0,3.5264072,0,4.1666665,0.16666667,0.041666668,0.27916667,Robert Tonyan,GB,6.2225,7.254383392216662,2.7980000000000005,4.752360894082478,100.0,50.0,1.0,7.56,7.888096958604956,-0.3280969586049567,00-0033757,Robert,Tonyan,R.Tonyan,REG,GB,NO,Robert Tonyan,TonyRo00,0.0,0.0,0.0,147.9
2020,REG,3,00-0033879,O.Howard,TE,TE,TB,13188,93ed8c6f-b676-46d3-bf82-6155e89b4a68,16380.0,11774.0,4055.0,,3043080.0,30132.0,,2061190.0,HowaO.00,oj-howard-1,11806.0,12161.0,,30132.0,732147.0,18901.0,732147.0,O.J. Howard,oj howard,3,4,49.0,0,0.0,0.0,52.0,15.0,2.0,2.2106073,0,0.9423077,0.11111111,0.16613418,0.2829606,,,,,,,,,,,,,,,,,REG,TB,DEN,O.J. Howard,HowaO.00,1.0,0.0,0.0,115.6
2020,REG,3,00-0034073,R.Dwelley,TE,TE,SF,13988,70473218-5ae3-47b4-86fd-151e68f1e8b9,17886.0,20994.0,5285.0,,3120303.0,31329.0,,2924888.0,DwelRo00,,13030.0,13522.0,,31329.0,752665.0,20361.0,752665.0,Ross Dwelley,ross dwelley,4,4,49.0,0,0.0,0.0,19.0,30.0,3.0,4.9277654,0,2.5789473,0.114285715,0.06859206,0.21944301,,,,,,,,,,,,,,,,,REG,SF,NYG,Ross Dwelley,DwelRo00,1.0,0.0,0.0,117.7
2020,REG,3,00-0027656,R.Gronkowski,TE,TE,TB,9902,2142a164-48ad-47d6-bb27-0bc58c6b2e62,9721.0,5567.0,515.0,robgronkowski/497240,13229.0,24017.0,,1244303.0,GronRo00,rob-gronkowski-1,6443.0,5729.0,,24017.0,381091.0,10974.0,381091.0,Rob Gronkowski,rob gronkowski,6,7,48.0,0,0.0,0.0,41.0,28.0,3.0,3.840606,0,1.1707317,0.19444445,0.13099042,0.38335997,Rob Gronkowski,TB,5.693333333333334,3.6831090845426866,7.242857142857142,14.912203300097064,85.71428571428571,48.0,0.0,4.671666666666668,4.468128090460671,0.2035385762059967,00-0027656,Robert,Gronkowski,R.Gronkowski,REG,TB,DEN,Rob Gronkowski,GronRo00,0.0,0.0,0.0,95.2
2020,REG,3,00-0034383,D.Schultz,TE,TE,DAL,13772,8caec1b4-e0b6-4a84-b8c8-617d6e91ef6a,17349.0,47304.0,5001.0,,3117256.0,31107.0,,2136748.0,SchuDa00,dalton-schultz-1,12514.0,13198.0,487.0,31107.0,830523.0,19920.0,830523.0,Dalton Schultz,dalton schultz,4,6,48.0,0,0.0,0.0,51.0,30.0,3.0,2.3875954,0,0.9411765,0.10714286,0.11805555,0.24335317,Dalton Schultz,DAL,5.1825,0.953400804078021,7.87,10.056865376014313,66.66666666666666,48.0,0.0,7.452500000000001,3.26846685783034,4.18403314216966,00-0034383,Dalton,Schultz,D.Schultz,REG,DAL,SEA,Dalton Schultz,SchuDa00,1.0,0.0,0.0,91.0
2020,REG,3,00-0035644,N.Fant,TE,TE,DEN,14137,cdc98acc-9eb6-4b44-81bb-61d7b8a3b55f,17527.0,42388.0,5857.0,,4036131.0,31852.0,,2251095.0,FantNo00,noah-fant-1,13426.0,14050.0,243.0,31852.0,923911.0,20753.0,923911.0,Noah Fant,noah fant,5,10,46.0,0,0.0,0.0,76.0,21.0,1.0,-3.7698028,0,0.6052632,0.2631579,0.29571983,0.6017407,Noah Fant,DEN,5.49,3.7265276839626855,7.629000000000002,26.080268015862174,50.0,46.0,0.0,4.483999999999997,3.376078504964198,1.1079214950357992,00-0035644,Noah,Fant,N.Fant,REG,DEN,TB,Noah Fant,FantNo00,2.0,2.0,0.2,62.9
2020,REG,3,00-0033110,T.Higbee,TE,TE,LA,12678,0df7912d-9e81-47ea-b4f7-d04986df4ee8,15623.0,10744.0,3271.0,,2573401.0,29344.0,,1853103.0,HigbTy00,tyler-higbee-1,10854.0,11430.0,159.0,29344.0,604176.0,18032.0,604176.0,Tyler Higbee,tyler higbee,2,2,40.0,0,0.0,0.0,21.0,19.0,1.0,3.7182992,1,1.9047619,0.06451613,0.109947644,0.17373754,,,,,,,,,,,,,,,,,REG,LA,BUF,Tyler Higbee,HigbTy00,0.0,0.0,0.0,118.7
2020,REG,3,00-0035671,J.Sternberger,TE,TE,GB,14140,f808794b-3135-4f75-b46a-ba90bf6b8502,18614.0,47081.0,6139.0,,3917962.0,31907.0,,2179567.0,SterJa00,jace-sternberger-1,13495.0,14097.0,,31907.0,877598.0,20952.0,877598.0,Jace Sternberger,jace sternberger,3,3,36.0,0,0.0,0.0,18.0,18.0,2.0,0.6990189,0,2.0,0.1,0.0625,0.19375,,,,,,,,,,,,,,,,,REG,GB,NO,Jace Sternberger,SterJa00,0.0,0.0,0.0,116.7
2020,REG,3,00-0030470,V.McDonald,TE,TE,PIT,11257,8f24a248-b328-43ec-8677-67600e42a8f7,11699.0,7836.0,1587.0,vancemcdonald/2540215,15853.0,26678.0,,1673357.0,McDoVa00,vance-mcdonald-1,8785.0,8413.0,,26678.0,494969.0,15239.0,,Vance McDonald,vance mcdonald,3,3,35.0,0,0.0,0.0,9.0,26.0,2.0,2.6470559,0,3.8888888,0.08571429,0.027950311,0.14813665,,,,,,,,,,,,,,,,,REG,PIT,HOU,Vance McDonald,McDoVa00,1.0,0.0,0.0,115.3
2020,REG,3,00-0036145,L.Cager,TE,TE,NYJ,15041,2f2181f8-cb0a-42e4-9468-17f5f5a219cc,19701.0,34914.0,7106.0,,3917849.0,33329.0,,2183845.0,,,14597.0,,,33329.0,0.0,21728.0,880123.0,Lawrence Cager,lawrence cager,2,4,35.0,0,0.0,0.0,36.0,14.0,2.0,-11.64182,0,0.9722222,0.15384616,0.21052632,0.37813765,,,,,,,,,,,,,,,,,,,,,,,,,
2020,REG,3,00-0033895,G.Everett,TE,TE,LA,13236,ebeceb00-57e0-4b74-9cf7-853da2afed18,16459.0,11799.0,4089.0,,3918639.0,30157.0,,2142692.0,EverGe00,gerald-everett-1,11737.0,12284.0,55.0,30157.0,838487.0,18935.0,838487.0,Gerald Everett,gerald everett,2,2,34.0,0,0.0,0.0,21.0,13.0,2.0,3.608048,0,1.6190476,0.06451613,0.109947644,0.17373754,,,,,,,,,,,,,,,,,REG,LA,BUF,Gerald Everett,EverGe00,0.0,0.0,0.0,118.7
2020,REG,3,00-0031260,L.Thomas,TE,TE,WAS,11647,b24625a0-d402-4d59-a778-aa4b073bfe5e,12095.0,8755.0,2251.0,loganthomas/2543767,16813.0,27648.0,,1691193.0,ThomLo00,logan-thomas-1,9323.0,9354.0,,27648.0,507528.0,16656.0,507528.0,Logan Thomas,logan thomas,4,7,31.0,0,0.0,0.0,56.0,4.0,3.0,-2.2180338,0,0.5535714,0.19444445,0.22950819,0.4523224,Logan Thomas,WAS,4.932499999999999,1.6384224014479951,8.114285714285716,21.356594976688225,57.14285714285714,31.0,0.0,1.0100000000000002,0.9650235960893525,0.04497640391064772,00-0031260,Logan,Thomas,L.Thomas,REG,WAS,CLE,Logan Thomas,ThomLo00,0.0,2.0,0.286,28.6
2020,REG,3,00-0031951,J.O'Shaughnessy,TE,TE,JAX,12330,e5c6b0d4-3e77-422b-a6d8-574a10ed385e,14146.0,9606.0,2476.0,,2508079.0,28561.0,,2174148.0,O'ShJa00,,10249.0,10549.0,,28561.0,552352.0,16933.0,552352.0,James O'Shaughnessy,james oshaughnessy,3,4,29.0,0,0.0,0.0,23.0,9.0,1.0,1.6237609,0,1.2608696,0.0952381,0.07348243,0.19429484,,,,,,,,,,,,,,,,,REG,JAX,MIA,James O'Shaughnessy,O'ShJa00,0.0,0.0,0.0,94.8
2020,REG,3,00-0032135,J.James,TE,TE,DET,12211,a37a5bfd-b48c-4d8b-817a-d8ce7ca3592d,13959.0,9593.0,2463.0,jessejames/2552633,2979590.0,28548.0,,1983808.0,JameJe00,jesse-james-1,10150.0,10403.0,,28548.0,652019.0,16920.0,652019.0,Jesse James,jesse james,3,4,28.0,1,0.0,0.0,15.0,19.0,2.0,4.1060123,0,1.8666667,0.12903225,0.06818182,0.24127565,,,,,,,,,,,,,,,,,REG,DET,ARI,Jesse James,JameJe00,0.0,0.0,0.0,133.3
2020,REG,3,00-0034364,J.Akins,TE,TE,HOU,13753,0cb5a32a-a340-4671-ba2a-93f5fa6aee8d,17415.0,47050.0,5032.0,,3128452.0,31068.0,,2142712.0,AkinJo00,jordan-akins-1,12568.0,13238.0,,31068.0,838396.0,19903.0,838396.0,Jordan Akins,jordan akins,2,3,28.0,0,0.0,0.0,18.0,15.0,1.0,-0.5670432,0,1.5555556,0.11111111,0.06315789,0.2108772,,,,,,,,,,,,,,,,,REG,HOU,PIT,Jordan Akins,AkinJo00,0.0,0.0,0.0,96.5
2020,REG,3,00-0032392,A.Hooper,TE,TE,CLE,12677,90c2a93f-d837-4e1b-b57c-56648903a8db,15581.0,10715.0,3202.0,,3043275.0,29315.0,,2067004.0,HoopAu00,austin-hooper-1,10748.0,11301.0,384.0,29315.0,739424.0,17963.0,739424.0,Austin Hooper,austin hooper,3,4,25.0,0,0.0,0.0,6.0,28.0,2.0,2.6140313,0,4.1666665,0.18181819,0.031746034,0.2949495,,,,,,,,,,,,,,,,,REG,CLE,WAS,Austin Hooper,HoopAu00,0.0,0.0,0.0,90.6
2020,REG,3,00-0034981,F.Moreau,TE,TE,LV,14239,9c3a67fd-5c6e-4689-9e08-9ff6d4db6c9a,18397.0,47043.0,5985.0,,3843945.0,31969.0,,2180634.0,MoreFo00,foster-moreau-1,13822.0,14154.0,179.0,31969.0,865573.0,20884.0,865573.0,Foster Moreau,foster moreau,2,2,25.0,1,0.0,0.0,21.0,4.0,2.0,3.5681705,0,1.1904762,0.0625,0.085020244,0.15326416,,,,,,,,,,,,,,,,,REG,LV,NE,Foster Moreau,MoreFo00,0.0,0.0,0.0,158.3
2020,REG,3,00-0032214,T.Kroft,TE,TE,BUF,12212,36f54823-9d51-4180-9c91-d10281deb4bf,13960.0,9518.0,2390.0,tylerkroft/2552586,2582410.0,28473.0,,1824200.0,KrofTy00,tyler-kroft-1,10247.0,10490.0,,28473.0,592268.0,16846.0,592268.0,Tyler Kroft,tyler kroft,4,5,24.0,2,0.0,0.0,50.0,12.0,3.0,3.700986,0,0.48,0.15625,0.16025642,0.3465545,Tyler Kroft,BUF,5.006666666666667,5.198090052477657,10.168,16.018148019786377,80.0,24.0,2.0,2.9650000000000003,3.6320947515756643,-0.667094751575664,00-0032214,Tyler,Kroft,T.Kroft,REG,BUF,LA,Tyler Kroft,KrofTy00,0.0,0.0,0.0,86.7
2020,REG,3,00-0033258,D.Daniels,TE,TE,ARI,13396,7574eb56-a34a-419e-9682-c4788cfe2019,16582.0,12122.0,4323.0,,3052166.0,30523.0,,2079698.0,DaniDa02,,11890.0,12453.0,,30523.0,747895.0,19176.0,747895.0,Darrell Daniels,darrell daniels,2,2,24.0,0,0.0,0.0,4.0,20.0,1.0,1.8403598,0,6.0,0.060606062,0.012738854,0.09982629,,,,,,,,,,,,,,,,,REG,ARI,DET,Darrell Daniels,DaniDa02,1.0,0.0,0.0,116.7
2020,REG,3,00-0030472,J.Reed,TE,TE,SF,11248,c3bf8d3e-3b2e-4f9e-ad74-c0a684035f17,11690.0,7866.0,1500.0,jordanreed/2540160,15860.0,26708.0,,1691412.0,ReedJo02,jordan-reed-1,8615.0,8412.0,,26708.0,508876.0,15100.0,,Jordan Reed,jordan reed,2,6,23.0,0,0.0,0.0,56.0,2.0,2.0,0.21585755,0,0.4107143,0.17142858,0.20216607,0.3986591,Jordan Reed,SF,6.126666666666668,1.0447701513866277,11.713333333333333,24.47245629918518,33.33333333333333,23.0,0.0,1.7350000000000012,1.614488967270745,0.12051103272925623,00-0030472,Jordan,Reed,J.Reed,REG,SF,NYG,Jordan Reed,ReedJo02,0.0,0.0,0.0,45.8
2020,REG,3,00-0033881,E.Engram,TE,TE,NYG,13189,e21365af-8d66-416e-b0a5-8816d18fcfd9,16411.0,11778.0,4066.0,,3051876.0,30136.0,,2079887.0,EngrEv00,evan-engram-1,11805.0,12205.0,229.0,30136.0,749185.0,18912.0,749185.0,Evan Engram,evan engram,3,5,22.0,0,0.0,0.0,32.0,12.0,2.0,-0.17738242,0,0.6875,0.16129032,0.11764706,0.32428843,Evan Engram,NYG,6.92,4.062804562632627,7.109999999999999,13.267400634446725,60.0,22.0,0.0,3.2099999999999986,2.3454866188713672,0.8645133811286314,00-0033881,Evan,Engram,E.Engram,REG,NYG,SF,Evan Engram,EngrEv00,0.0,0.0,0.0,30.8
2020,REG,3,00-0034753,M.Andrews,TE,TE,BAL,13671,0618f387-9b72-4270-8b8f-dec4cccc9e4a,17269.0,47436.0,5012.0,,3116365.0,31056.0,,2131121.0,AndrMa00,mark-andrews-1,12559.0,13182.0,366.0,31056.0,820699.0,19803.0,820699.0,Mark Andrews,mark andrews,3,8,22.0,0,1.0,0.0,107.0,-1.0,1.0,-3.0542855,0,0.20560747,0.2962963,0.42460316,0.7416667,Mark Andrews,BAL,5.423333333333333,2.4325085646474194,12.73125,41.17314144803332,37.5,22.0,0.0,0.9700000000000001,4.0969502904305655,-3.1269502904305653,00-0034753,Mark,Andrews,M.Andrews,REG,BAL,KC,Mark Andrews,AndrMa00,0.0,3.0,0.375,45.8
2020,REG,3,00-0027061,J.Cook,TE,TE,NO,9474,3b7a1409-d154-4e5c-8c94-9d4a0e0993c7,9265.0,5012.0,367.0,jaredcook/71265,12537.0,9353.0,6126.0,584314.0,CookJa02,jared-cook-2,5981.0,5165.0,,9353.0,296480.0,8534.0,296480.0,Jared Cook,jared cook,2,3,21.0,0,0.0,0.0,31.0,0.0,1.0,0.81957066,0,0.67741936,0.08571429,0.20394737,0.2713346,,,,,,,,,,,,,,,,,REG,NO,GB,Jared Cook,CookJa02,0.0,0.0,0.0,86.8
2020,REG,3,00-0034766,C.Herndon,TE,TE,NYJ,13679,780a48de-d092-4e87-9c34-8d1b45a154cc,17536.0,47164.0,5009.0,,3123050.0,31077.0,,2136463.0,HernCh00,christopher-herndon-iv-1,12899.0,13228.0,,31077.0,832080.0,19947.0,832080.0,Chris Herndon,chris herndon,3,5,21.0,0,0.0,0.0,24.0,21.0,1.0,-1.7552576,0,0.875,0.1923077,0.14035088,0.38670716,Chris Herndon,NYJ,8.985,4.197330466407518,4.609999999999998,13.43161820406736,60.0,21.0,0.0,6.953333333333336,5.611819088075549,1.3415142452577866,00-0034766,Christopher,Herndon,C.Herndon,REG,NYJ,IND,Chris Herndon,HernCh00,0.0,0.0,0.0,69.6
2020,REG,3,00-0024243,M.Lewis,TE,TE,GB,8269,9c21e9af-681c-41ef-9b00-fbc9e1668ed1,9413.0,2973.0,111.0,marcedeslewis/2495888,9614.0,7777.0,4007.0,415313.0,LewiMa00,marcedes-lewis-1,4891.0,3615.0,,7777.0,214197.0,3061.0,214197.0,Marcedes Lewis,marcedes lewis,1,2,18.0,1,0.0,0.0,16.0,3.0,1.0,1.326387,0,1.125,0.06666667,0.055555556,0.1388889,,,,,,,,,,,,,,,,,REG,GB,NO,Marcedes Lewis,LewiMa00,0.0,0.0,0.0,120.8
2020,REG,3,00-0036422,A.Trautman,TE,TE,NO,14870,4e14183b-f974-4745-9d7f-8f5eb2a92a7d,19423.0,109795.0,6869.0,,3911853.0,32775.0,,2182228.0,TrauAd00,,14541.0,,566.0,32775.0,0.0,21786.0,875444.0,Adam Trautman,adam trautman,2,2,17.0,0,0.0,0.0,14.0,3.0,1.0,1.2025981,0,1.2142857,0.057142857,0.09210526,0.15018797,,,,,,,,,,,,,,,,,REG,NO,GB,Adam Trautman,TrauAd00,0.0,0.0,0.0,102.1
2020,REG,3,00-0031585,M.Pruitt,TE,TE,TEN,12309,f22b34cf-6ecf-4522-9c77-1da275dfda7d,13964.0,9576.0,2446.0,,2508256.0,28531.0,,1760327.0,PruiMy00,,10251.0,10522.0,,28531.0,552586.0,16903.0,552586.0,MyCole Pruitt,mycole pruitt,2,2,16.0,0,0.0,0.0,11.0,5.0,1.0,1.2074422,0,1.4545455,0.060606062,0.030470913,0.11223873,,,,,,,,,,,,,,,,,REG,TEN,MIN,MyCole Pruitt,PruiMy00,0.0,0.0,0.0,100.0
2020,REG,3,00-0030155,D.Harris,TE,TE,CHI,11448,8506c15c-15cc-4d2c-aebf-270c605fe0ec,11881.0,8524.0,1619.0,demetriusharris/2541187,16318.0,27174.0,,2060074.0,HarrDe03,,9847.0,8683.0,,27174.0,602269.0,15305.0,602269.0,Demetrius Harris,demetrius harris,3,3,15.0,0,0.0,0.0,7.0,8.0,1.0,0.271321,0,2.142857,0.06122449,0.013333334,0.10117007,,,,,,,,,,,,,,,,,REG,CHI,ATL,Demetrius Harris,HarrDe03,0.0,0.0,0.0,87.5
2020,REG,3,00-0031384,R.Rodgers,TE,TE,PHI,11785,e00b3426-238b-4bdb-85c3-bbf08b7469e3,12233.0,8733.0,2146.0,richardrodgers/2550313,16786.0,27626.0,,2129433.0,RodgRi00,richard-rodgers-1,9559.0,9547.0,,27626.0,607699.0,16491.0,607699.0,Richard Rodgers,richard rodgers,2,2,15.0,0,0.0,0.0,3.0,12.0,0.0,0.35164392,0,5.0,0.045454547,0.009287925,0.07468337,,,,,,,,,,,,,,,,,REG,PHI,CIN,Richard Rodgers,RodgRi00,1.0,0.0,0.0,97.9
2020,REG,3,00-0034829,M.Gesicki,TE,TE,MIA,13672,1012cbe0-7eba-4169-bfca-183a0204e1a7,17272.0,47153.0,4993.0,,3116164.0,31012.0,,2139298.0,GesiMi00,mike-gesicki-1,12764.0,13104.0,330.0,31012.0,836152.0,19853.0,836152.0,Mike Gesicki,mike gesicki,1,3,15.0,1,0.0,0.0,44.0,1.0,1.0,0.6124484,0,0.3409091,0.15,0.30555555,0.43888888,,,,,,,,,,,,,,,,,REG,MIA,JAX,Mike Gesicki,GesiMi00,0.0,1.0,0.333,90.3
2020,REG,3,00-0034988,K.Smith,TE,TE,NYG,14142,7bb7f5e7-f00e-47d8-954d-90bf5baf4292,18293.0,40973.0,6146.0,,4044452.0,32008.0,,2251343.0,SmitKa00,kaden-smith-1,13516.0,14217.0,,32008.0,924018.0,20946.0,924018.0,Kaden Smith,kaden smith,1,2,13.0,0,0.0,0.0,8.0,9.0,1.0,-0.056982033,0,1.625,0.06451613,0.029411765,0.11736243,,,,,,,,,,,,,,,,,REG,NYG,SF,Kaden Smith,SmitKa00,0.0,0.0,0.0,70.8
2020,REG,3,00-0027981,K.Rudolph,TE,TE,MIN,10312,1059e9dc-97df-4643-9116-883a0573d8b1,9906.0,6195.0,943.0,kylerudolph/2495438,14054.0,24830.0,7444.0,1633122.0,RudoKy00,kyle-rudolph-1,7246.0,6459.0,,24830.0,469472.0,13275.0,469472.0,Kyle Rudolph,kyle rudolph,2,3,11.0,1,0.0,0.0,6.0,9.0,1.0,0.0015106967,0,1.8333334,0.12,0.026666667,0.19866666,,,,,,,,,,,,,,,,,REG,MIN,TEN,Kyle Rudolph,RudoKy00,0.0,0.0,0.0,112.5
2020,REG,3,00-0030549,T.Eifert,TE,TE,JAX,11250,14ecf9dd-3a77-4847-8e62-407cd1182f1c,11692.0,7802.0,1388.0,tylereifert/2540148,15788.0,26644.0,,1691608.0,EifeTy00,tyler-eifert-1,8782.0,8408.0,,26644.0,508968.0,14918.0,,Tyler Eifert,tyler eifert,2,3,11.0,0,0.0,0.0,18.0,1.0,1.0,0.18043381,0,0.6111111,0.071428575,0.057507988,0.14739844,,,,,,,,,,,,,,,,,REG,JAX,MIA,Tyler Eifert,EifeTy00,0.0,0.0,0.0,72.9
2020,REG,3,00-0034011,D.Arnold,TE,TE,ARI,13880,d479a777-b53b-4bbf-a8e4-0c1675ac48df,17143.0,51842.0,4741.0,,4212989.0,30891.0,,2835170.0,ArnoDa00,,12276.0,12972.0,,30891.0,1053627.0,19659.0,1053627.0,Dan Arnold,dan arnold,1,2,11.0,0,0.0,0.0,28.0,2.0,1.0,-3.6015193,0,0.39285713,0.060606062,0.089171976,0.15332948,,,,,,,,,,,,,,,,,REG,ARI,DET,Dan Arnold,ArnoDa00,0.0,0.0,0.0,27.1
2020,REG,3,00-0031610,D.Waller,TE,TE,LV,12263,14c97c9f-26e8-4944-9299-f90de6aeada3,14104.0,9637.0,2505.0,,2576925.0,28592.0,,1850793.0,WallDa01,darren-waller-1,10215.0,10433.0,,28592.0,600191.0,16964.0,600191.0,Darren Waller,darren waller,2,4,9.0,0,0.0,0.0,29.0,1.0,0.0,-1.4898072,0,0.31034482,0.125,0.11740891,0.26968622,,,,,,,,,,,,,,,,,REG,LV,NE,Darren Waller,WallDa01,0.0,0.0,0.0,56.2
2020,REG,3,00-0034365,I.Thomas,TE,TE,CAR,13678,ed8a8fd2-df67-45e7-a34f-984afb82f6ea,17387.0,42130.0,4995.0,,4045305.0,31071.0,,2253359.0,ThomIa00,ian-thomas-3,12858.0,13163.0,323.0,31071.0,943093.0,19910.0,943093.0,Ian Thomas,ian thomas,1,2,9.0,0,0.0,0.0,5.0,3.0,1.0,0.8084491,0,1.8,0.074074075,0.036764707,0.13684641,,,,,,,,,,,,,,,,,REG,CAR,LAC,Ian Thomas,ThomIa00,0.0,0.0,0.0,62.5
2020,REG,3,00-0034351,D.Goedert,TE,TE,PHI,13674,e8029983-87cf-49a2-bc04-04c8233a0630,17270.0,47272.0,5022.0,,3121023.0,31019.0,,2132551.0,GoedDa00,,12860.0,13151.0,382.0,31019.0,791365.0,19863.0,791365.0,Dallas Goedert,dallas goedert,1,1,7.0,0,0.0,0.0,1.0,6.0,0.0,0.3613887,0,7.0,0.022727273,0.0030959751,0.03625809,,,,,,,,,,,,,,,,,REG,PHI,CIN,Dallas Goedert,GoedDa00,0.0,0.0,0.0,95.8
2020,REG,3,00-0034798,D.Smythe,TE,TE,MIA,13676,7e42a22a-c47b-4387-aeeb-2cc2e76dc1d8,17508.0,47257.0,5008.0,,3052897.0,31093.0,,2082845.0,SmytDu00,durham-smythe-1,12807.0,13249.0,,31093.0,749968.0,19943.0,749968.0,Durham Smythe,durham smythe,1,1,7.0,0,0.0,0.0,2.0,5.0,0.0,0.29587483,0,3.5,0.05,0.013888889,0.08472222,,,,,,,,,,,,,,,,,REG,MIA,JAX,Durham Smythe,SmytDu00,0.0,0.0,0.0,95.8
2020,REG,3,00-0028042,L.Stocker,TE,TE,ATL,10354,5b712aed-201c-43dd-b978-b7b6ef91178e,9948.0,6256.0,963.0,lukestocker/2495234,14099.0,24891.0,7589.0,1125485.0,StocLu00,luke-stocker-1,7413.0,6552.0,,24891.0,334186.0,13370.0,334186.0,Luke Stocker,luke stocker,1,1,6.0,0,0.0,0.0,2.0,4.0,0.0,0.22551139,0,3.0,0.02631579,0.0047281324,0.042783376,,,,,,,,,,,,,,,,,REG,ATL,CHI,Luke Stocker,StocLu00,0.0,0.0,0.0,91.7
2020,REG,3,00-0031598,N.Boyle,TE,TE,BAL,12328,9480dd9f-151f-4e6d-b5a3-35f07bda4cac,13963.0,9604.0,2474.0,,2574591.0,28559.0,,1888149.0,BoylNi00,,10252.0,10547.0,,28559.0,608753.0,16931.0,608753.0,Nick Boyle,nick boyle,1,1,5.0,1,0.0,0.0,5.0,0.0,1.0,1.5608954,0,1.0,0.037037037,0.01984127,0.06944445,,,,,,,,,,,,,,,,,REG,BAL,KC,Nick Boyle,BoylNi00,0.0,0.0,0.0,127.1
2020,REG,3,00-0033564,J.Butt,TE,TE,DEN,13190,6d49d4d1-a254-48de-9f6f-eeecac82ad88,16456.0,11900.0,4151.0,,3045225.0,30258.0,,2060719.0,ButtJa00,jake-butt-1,11888.0,12254.0,,30258.0,728230.0,18997.0,,Jake Butt,jake butt,1,1,5.0,0,0.0,0.0,4.0,1.0,0.0,-0.14221048,0,1.25,0.02631579,0.015564202,0.050368626,,,,,,,,,,,,,,,,,REG,DEN,TB,Jake Butt,ButtJa00,0.0,0.0,0.0,87.5
2020,REG,3,00-0034159,W.Dissly,TE,TE,SEA,13763,383f4814-6836-4766-a297-fc063e8509cc,18049.0,30762.0,5010.0,,3127292.0,31090.0,,2139628.0,DissWi00,will-dissly-1,12986.0,13246.0,86.0,31090.0,837806.0,19950.0,837806.0,Will Dissly,will dissly,2,2,5.0,0,0.0,0.0,3.0,2.0,0.0,-1.0662327,0,1.6666666,0.05263158,0.008086253,0.08460774,,,,,,,,,,,,,,,,,REG,SEA,DAL,Will Dissly,DissWi00,0.0,0.0,0.0,79.2
2020,REG,3,00-0036232,H.Bryant,TE,TE,CLE,14875,f58a5899-8b78-46e8-a29a-ba6273b7d872,19389.0,26394.0,6850.0,,4040774.0,32785.0,,2241240.0,BryaHa00,harrison-bryant-1,14576.0,,752.0,32785.0,0.0,21783.0,916467.0,Harrison Bryant,harrison bryant,1,2,3.0,1,0.0,0.0,8.0,0.0,1.0,-0.26248795,0,0.375,0.09090909,0.04232804,0.16599327,,,,,,,,,,,,,,,,,REG,CLE,WAS,Harrison Bryant,BryaHa00,0.0,1.0,0.5,95.8
2020,REG,3,00-0028097,L.Smith,TE,TE,BUF,10398,cf23126f-055b-4617-819b-bb4bcb84541a,9992.0,6311.0,812.0,leesmith/2495347,14215.0,24946.0,7585.0,1276441.0,SmitLe00,lee-smith-2,7425.0,6665.0,,24946.0,334184.0,12777.0,334184.0,Lee Smith,lee smith,1,1,1.0,1,0.0,0.0,1.0,0.0,1.0,2.1294012,0,1.0,0.03125,0.0032051282,0.04911859,,,,,,,,,,,,,,,,,REG,BUF,LA,Lee Smith,SmitLe00,0.0,0.0,0.0,118.7
2020,REG,3,00-0033338,C.Carter,TE,TE,CIN,13369,53fd9a69-1b10-4fd6-90e7-ee84cca9e041,16543.0,47149.0,4362.0,,3040470.0,30577.0,,2060620.0,CartCe00,,11889.0,12499.0,,30577.0,728274.0,19219.0,728274.0,Cethan Carter,cethan carter,1,1,1.0,0,0.0,0.0,0.0,1.0,0.0,-0.40815294,0,0.0,0.023809524,0.0,0.035714287,,,,,,,,,,,,,,,,,REG,CIN,PHI,Cethan Carter,CartCe00,0.0,0.0,0.0,79.2
2020,REG,3,00-0033387,J.Hollister,TE,TE,SEA,13391,ad2a1d03-020b-487a-bd5f-7ca9fbc250fe,16527.0,12051.0,4421.0,,3125404.0,30661.0,,2818962.0,HollJa03,,12271.0,12491.0,,30661.0,696882.0,19281.0,696882.0,Jacob Hollister,jacob hollister,1,2,1.0,1,0.0,0.0,21.0,0.0,1.0,-0.13583228,1,0.04761905,0.05263158,0.056603774,0.11857001,,,,,,,,,,,,,,,,,REG,SEA,DAL,Jacob Hollister,HollJa03,0.0,0.0,0.0,95.8
2020,REG,3,00-0034830,H.Hurst,TE,TE,ATL,13680,1b125fc4-5dd9-4eb9-a42f-048e61ca42b7,17283.0,47294.0,4973.0,,3924365.0,30995.0,,2185053.0,HursHa00,hayden-hurst-1,12467.0,13098.0,8.0,30995.0,881956.0,19843.0,881956.0,Hayden Hurst,hayden hurst,1,3,1.0,1,0.0,0.0,11.0,0.0,1.0,-0.87836367,0,0.09090909,0.078947365,0.026004728,0.13662437,,,,,,,,,,,,,,,,,REG,ATL,CHI,Hayden Hurst,HursHa00,0.0,1.0,0.333,81.9
2020,REG,3,00-0035631,D.Sample,TE,TE,CIN,14146,15a4f552-ecaf-45bd-9006-aa5dda93bee6,18561.0,47259.0,6001.0,,3127310.0,31884.0,,2139646.0,SampDr00,drew-sample-1,13809.0,14111.0,435.0,31884.0,837824.0,20931.0,837824.0,Drew Sample,drew sample,1,1,1.0,0,0.0,0.0,-1.0,2.0,0.0,-0.62472206,0,0.0,0.023809524,-0.0026809652,0.03383761,,,,,,,,,,,,,,,,,REG,CIN,PHI,Drew Sample,SampDr00,0.0,0.0,0.0,79.2
2020,REG,3,00-0028142,V.Green,TE,TE,LAC,10432,6ef43c53-53d7-4b0f-ad99-17664d663ae8,10026.0,6356.0,868.0,virgilgreen/2495288,14085.0,24991.0,7502.0,1130615.0,GreeVi00,virgil-green-1,7416.0,6570.0,,24991.0,323254.0,13016.0,,Virgil Green,virgil green,0,1,0.0,0,0.0,0.0,22.0,0.0,0.0,-0.8725633,0,0.0,0.020833334,0.074324325,0.083277024,,,,,,,,,,,,,,,,,REG,LAC,CAR,Virgil Green,GreeVi00,0.0,0.0,0.0,39.6
2020,REG,3,00-0029738,D.Fells,TE,TE,HOU,11337,54d4e35a-2e6c-48f6-86ad-92dd596c173c,13636.0,8549.0,1592.0,darrenfells/2540928,15773.0,26612.0,,2053740.0,FellDa01,,9758.0,8472.0,,26612.0,266414.0,15247.0,266414.0,Darren Fells,darren fells,0,2,0.0,0,0.0,0.0,16.0,0.0,0.0,-1.7001969,0,0.0,0.074074075,0.056140352,0.15040936,,,,,,,,,,,,,,,,,REG,HOU,PIT,Darren Fells,FellDa01,0.0,0.0,0.0,39.6
2020,REG,3,00-0030108,R.Griffin,TE,TE,NYJ,11399,cb1df42c-b59c-4e23-a9a2-fbfc2b39ef71,11830.0,7982.0,1425.0,ryangriffin/2541316,15887.0,26824.0,,2057695.0,GrifRy00,ryan-griffin-1,8911.0,8600.0,,26824.0,465129.0,14985.0,465129.0,Ryan Griffin,ryan griffin,0,2,0.0,0,0.0,0.0,24.0,0.0,0.0,-2.1077037,0,0.0,0.07692308,0.14035088,0.21363023,,,,,,,,,,,,,,,,,REG,NYJ,IND,Ryan Griffin,GrifRy00,0.0,1.0,0.5,39.6
2020,REG,3,00-0032062,B.Bell,TE,TE,DAL,12213,0cc4e449-185a-4b08-9f07-c907ad0c3e05,13966.0,9550.0,2422.0,,2514206.0,28505.0,,1737101.0,BellBl00,blake-bell-1,10248.0,10366.0,,28505.0,542871.0,16878.0,542871.0,Blake Bell,blake bell,0,1,0.0,0,0.0,0.0,-1.0,0.0,0.0,-1.7123835,0,0.0,0.017857144,-0.0023148148,0.025165344,,,,,,,,,,,,,,,,,REG,DAL,SEA,Blake Bell,BellBl00,0.0,0.0,0.0,39.6
2020,REG,3,00-0034192,N.Keizer,TE,TE,KC,14356,cafbcd5f-8b40-444e-baec-a48f49d8c5f0,18054.0,66940.0,5465.0,,4329472.0,31427.0,,2925517.0,KeizNi00,,13126.0,13609.0,,31427.0,1115710.0,20563.0,,Nick Keizer,nick keizer,0,1,0.0,0,0.0,0.0,8.0,0.0,0.0,-1.4694998,0,0.0,0.024390243,0.023391813,0.052959636,,,,,,,,,,,,,,,,,REG,KC,BAL,Nick Keizer,KeizNi00,0.0,0.0,0.0,39.6
2020,REG,3,00-0034439,R.Izzo,TE,TE,NE,13847,40b8fa44-b289-42dd-9606-a1ae30adc7bc,17541.0,47327.0,5094.0,,3122920.0,31127.0,,2138988.0,IzzoRy00,ryan-izzo-1,12529.0,13349.0,,31220.0,834990.0,20069.0,834990.0,Ryan Izzo,ryan izzo,0,1,0.0,0,0.0,0.0,5.0,0.0,0.0,-0.9995455,0,0.0,0.035714287,0.03875969,0.080703214,,,,,,,,,,,,,,,,,REG,NE,LV,Ryan Izzo,IzzoRy00,0.0,0.0,0.0,39.6
2020,REG,3,00-0036005,N.Togiai,TE,TE,IND,15080,86707c8e-fec4-4ebe-9111-4d3ad238ad43,19688.0,47282.0,7404.0,,3930298.0,32970.0,,3159160.0,TogiNo00,,14843.0,,,32970.0,0.0,21796.0,885029.0,Noah Togiai,noah togiai,0,1,0.0,0,0.0,0.0,3.0,0.0,0.0,-1.1779869,0,0.0,0.04,0.02097902,0.07468531,,,,,,,,,,,,,,,,,REG,IND,NYJ,Noah Togiai,TogiNo00,0.0,1.0,1.0,39.6
2020,REG,4,00-0033288,G.Kittle,TE,TE,SF,13299,2ada91b0-036e-454f-83c3-6d939ff584a9,16499.0,11901.0,4217.0,,3040151.0,30259.0,,2818265.0,KittGe00,george-kittle-1,11892.0,12276.0,298.0,30259.0,733672.0,19063.0,733672.0,George Kittle,george kittle,15,15,183.0,1,0.0,0.0,109.0,74.0,11.0,14.646846,0,1.678899,0.36585367,0.48660713,0.8894055,George Kittle,SF,5.218333333333334,4.513016350502759,7.2973333333333334,41.40096070199327,100.0,183.0,1.0,5.343999999999999,2.7293117966212663,2.614688203378733,00-0033288,George,Kittle,G.Kittle,REG,SF,PHI,George Kittle,KittGe00,1.0,0.0,0.0,139.7
2020,REG,4,00-0033757,R.Tonyan,TE,TE,GB,13427,7c9c7800-69d0-459b-812b-a07ac48e9f2a,16502.0,12193.0,4602.0,,2975674.0,30777.0,,2820026.0,TonyRo00,,12389.0,12868.0,,30777.0,660151.0,19491.0,660151.0,Robert Tonyan,robert tonyan,6,6,98.0,3,0.0,0.0,63.0,35.0,5.0,12.232603,0,1.5555556,0.18181819,0.22105263,0.42746413,Robert Tonyan,GB,4.2325,4.669234474730052,10.258333333333333,22.597936630319047,100.0,98.0,3.0,6.045000000000001,6.066996590949354,-0.021996590949353134,00-0033757,Robert,Tonyan,R.Tonyan,REG,GB,ATL,Robert Tonyan,TonyRo00,0.0,0.0,0.0,158.3
2020,REG,4,00-0031610,D.Waller,TE,TE,LV,12263,14c97c9f-26e8-4944-9299-f90de6aeada3,14104.0,9637.0,2505.0,,2576925.0,28592.0,,1850793.0,WallDa01,darren-waller-1,10215.0,10433.0,,28592.0,600191.0,16964.0,600191.0,Darren Waller,darren waller,9,11,88.0,0,1.0,1.0,57.0,48.0,5.0,0.4715243,0,1.5438596,0.25581396,0.21348314,0.53315914,Darren Waller,LV,4.41875,3.21972827231826,4.556363636363637,18.207578014313214,81.81818181818183,88.0,0.0,5.974444444444444,6.133041300777791,-0.15859685633334664,00-0031610,Darren,Waller,D.Waller,REG,LV,BUF,Darren Waller,WallDa01,1.0,1.0,0.091,100.0
2020,REG,4,00-0034383,D.Schultz,TE,TE,DAL,13772,8caec1b4-e0b6-4a84-b8c8-617d6e91ef6a,17349.0,47304.0,5001.0,,3117256.0,31107.0,,2136748.0,SchuDa00,dalton-schultz-1,12514.0,13198.0,487.0,31107.0,830523.0,19920.0,830523.0,Dalton Schultz,dalton schultz,4,8,72.0,1,0.0,0.0,95.0,29.0,3.0,3.1602976,0,0.75789475,0.13793103,0.18590999,0.33703354,Dalton Schultz,DAL,9.776666666666666,3.304691963044144,11.5625,18.158617981939535,50.0,72.0,1.0,7.410000000000002,3.6925141942096715,3.7174858057903304,00-0034383,Dalton,Schultz,D.Schultz,REG,DAL,CLE,Dalton Schultz,SchuDa00,1.0,1.0,0.125,120.8
2020,REG,4,00-0030506,T.Kelce,TE,TE,KC,11244,c3859e06-5f23-4302-a71b-04820a899d5f,11594.0,7844.0,1466.0,traviskelce/2540258,15847.0,26686.0,,1725130.0,KelcTr00,travis-kelce-1,8783.0,8411.0,264.0,26686.0,448240.0,15048.0,448240.0,Travis Kelce,travis kelce,3,7,70.0,0,0.0,0.0,67.0,34.0,2.0,0.17943297,0,1.0447761,0.2413793,0.2851064,0.5616434,Travis Kelce,KC,3.6114285714285717,3.115841804739463,10.502857142857144,30.43676257503623,42.857142857142854,70.0,0.0,12.019999999999998,5.6211431189434125,6.398856881056585,00-0030506,Travis,Kelce,T.Kelce,REG,KC,NE,Travis Kelce,KelcTr00,0.0,0.0,0.0,79.5
2020,REG,4,00-0034753,M.Andrews,TE,TE,BAL,13671,0618f387-9b72-4270-8b8f-dec4cccc9e4a,17269.0,47436.0,5012.0,,3116365.0,31056.0,,2131121.0,AndrMa00,mark-andrews-1,12559.0,13182.0,366.0,31056.0,820699.0,19803.0,820699.0,Mark Andrews,mark andrews,3,3,57.0,2,0.0,0.0,52.0,5.0,3.0,7.9849896,0,1.0961539,0.13043478,0.14325069,0.29592764,,,,,,,,,,,,,,,,,REG,BAL,WAS,Mark Andrews,AndrMa00,0.0,0.0,0.0,158.3
2020,REG,4,00-0034830,H.Hurst,TE,TE,ATL,13680,1b125fc4-5dd9-4eb9-a42f-048e61ca42b7,17283.0,47294.0,4973.0,,3924365.0,30995.0,,2185053.0,HursHa00,hayden-hurst-1,12467.0,13098.0,8.0,30995.0,881956.0,19843.0,881956.0,Hayden Hurst,hayden hurst,4,6,51.0,0,0.0,0.0,89.0,15.0,3.0,1.5406152,0,0.5730337,0.15384616,0.24119242,0.39960393,Hayden Hurst,ATL,6.710000000000001,3.026349807920179,14.23166666666667,22.089714403973517,66.66666666666666,51.0,0.0,4.105,4.427887276947388,-0.3228872769473874,00-0034830,Hayden,Hurst,H.Hurst,REG,ATL,GB,Hayden Hurst,HursHa00,1.0,0.0,0.0,93.1
2020,REG,4,00-0033879,O.Howard,TE,TE,TB,13188,93ed8c6f-b676-46d3-bf82-6155e89b4a68,16380.0,11774.0,4055.0,,3043080.0,30132.0,,2061190.0,HowaO.00,oj-howard-1,11806.0,12161.0,,30132.0,732147.0,18901.0,732147.0,O.J. Howard,oj howard,3,6,50.0,1,0.0,0.0,76.0,0.0,3.0,2.6692808,0,0.65789473,0.13333334,0.1767442,0.32372093,O.J. Howard,TB,7.386,3.002951842702535,13.834999999999999,18.88436426507723,50.0,50.0,1.0,0.603333333333334,1.9946121095072158,-1.3912787761738818,00-0033879,O'Terrius,Howard,O.Howard,REG,TB,LAC,O.J. Howard,HowaO.00,0.0,0.0,0.0,118.1
2020,REG,4,00-0035631,D.Sample,TE,TE,CIN,14146,15a4f552-ecaf-45bd-9006-aa5dda93bee6,18561.0,47259.0,6001.0,,3127310.0,31884.0,,2139646.0,SampDr00,drew-sample-1,13809.0,14111.0,435.0,31884.0,837824.0,20931.0,837824.0,Drew Sample,drew sample,3,5,47.0,0,0.0,0.0,28.0,29.0,2.0,-4.0021253,0,1.6785715,0.14285715,0.075675674,0.26725867,Drew Sample,CIN,3.14,1.879108921377601,7.429999999999998,9.594277007308696,60.0,47.0,0.0,9.643333333333336,8.966529941433086,0.6768033919002505,00-0035631,Drew,Sample,D.Sample,REG,CIN,JAX,Drew Sample,SampDr00,1.0,1.0,0.2,51.7
2020,REG,4,00-0034364,J.Akins,TE,TE,HOU,13753,0cb5a32a-a340-4671-ba2a-93f5fa6aee8d,17415.0,47050.0,5032.0,,3128452.0,31068.0,,2142712.0,AkinJo00,jordan-akins-1,12568.0,13238.0,,31068.0,838396.0,19903.0,838396.0,Jordan Akins,jordan akins,3,3,46.0,0,0.0,0.0,26.0,20.0,2.0,3.7151468,0,1.7692307,0.09677419,0.09122807,0.20902094,,,,,,,,,,,,,,,,,REG,HOU,MIN,Jordan Akins,AkinJo00,0.0,0.0,0.0,118.7
2020,REG,4,00-0033090,H.Henry,TE,TE,LAC,12676,705899da-3c20-4bc3-b5d0-2e6e40655131,15561.0,10669.0,3214.0,,3046439.0,29269.0,,2079848.0,HenrHu00,hunter-henry-1,10735.0,11299.0,212.0,29269.0,744425.0,17975.0,744425.0,Hunter Henry,hunter henry,2,4,39.0,0,0.0,0.0,23.0,33.0,2.0,1.8515962,0,1.6956521,0.16,0.122340426,0.3256383,,,,,,,,,,,,,,,,,REG,LAC,TB,Hunter Henry,HenrHu00,0.0,0.0,0.0,84.4
2020,REG,4,00-0034011,D.Arnold,TE,TE,ARI,13880,d479a777-b53b-4bbf-a8e4-0c1675ac48df,17143.0,51842.0,4741.0,,4212989.0,30891.0,,2835170.0,ArnoDa00,,12276.0,12972.0,,30891.0,1053627.0,19659.0,1053627.0,Dan Arnold,dan arnold,4,4,39.0,0,0.0,0.0,26.0,13.0,2.0,3.1586764,0,1.5,0.12903225,0.12206573,0.2789944,,,,,,,,,,,,,,,,,REG,ARI,CAR,Dan Arnold,ArnoDa00,0.0,0.0,0.0,107.3
2020,REG,4,00-0036232,H.Bryant,TE,TE,CLE,14875,f58a5899-8b78-46e8-a29a-ba6273b7d872,19389.0,26394.0,6850.0,,4040774.0,32785.0,,2241240.0,BryaHa00,harrison-bryant-1,14576.0,,752.0,32785.0,0.0,21783.0,916467.0,Harrison Bryant,harrison bryant,4,4,37.0,0,0.0,0.0,19.0,18.0,2.0,2.1285014,0,1.9473684,0.15384616,0.07335907,0.2821206,,,,,,,,,,,,,,,,,REG,CLE,DAL,Harrison Bryant,BryaHa00,1.0,0.0,0.0,105.2
2020,REG,4,00-0025418,G.Olsen,TE,TE,SEA,8687,587d0a98-7ec5-45a5-adba-8af26e8f256b,9238.0,3647.0,58.0,gregolsen/2495700,10475.0,8285.0,,502524.0,OlseGr00,greg-olsen-1,5206.0,4190.0,,8285.0,230925.0,1658.0,,Greg Olsen,greg olsen,5,7,35.0,0,0.0,0.0,57.0,2.0,3.0,0.5245272,0,0.61403507,0.21212122,0.19,0.45118183,Greg Olsen,SEA,3.842857142857142,1.7626235977997324,9.16,20.418431360061142,71.42857142857143,35.0,0.0,1.4959999999999993,3.137890231159827,-1.6418902311598276,00-0025418,Gregory,Olsen,G.Olsen,REG,SEA,MIA,Greg Olsen,OlseGr00,0.0,0.0,0.0,82.4
2020,REG,4,00-0031384,R.Rodgers,TE,TE,PHI,11785,e00b3426-238b-4bdb-85c3-bbf08b7469e3,12233.0,8733.0,2146.0,richardrodgers/2550313,16786.0,27626.0,,2129433.0,RodgRi00,richard-rodgers-1,9559.0,9547.0,,27626.0,607699.0,16491.0,607699.0,Richard Rodgers,richard rodgers,3,4,35.0,0,0.0,0.0,37.0,27.0,2.0,2.7276673,0,0.9459459,0.15384616,0.24342105,0.40116397,,,,,,,,,,,,,,,,,REG,PHI,SF,Richard Rodgers,RodgRi00,0.0,0.0,0.0,101.0
2020,REG,4,00-0033881,E.Engram,TE,TE,NYG,13189,e21365af-8d66-416e-b0a5-8816d18fcfd9,16411.0,11778.0,4066.0,,3051876.0,30136.0,,2079887.0,EngrEv00,evan-engram-1,11805.0,12205.0,229.0,30136.0,749185.0,18912.0,749185.0,Evan Engram,evan engram,6,10,35.0,0,0.0,0.0,24.0,37.0,3.0,-0.5603945,0,1.4583334,0.2777778,0.114832535,0.49704945,Evan Engram,NYG,7.262222222222224,3.017360814299453,2.641000000000001,12.630924482280365,60.0,35.0,0.0,5.764999999999998,4.139284135433779,1.625715864566219,00-0033881,Evan,Engram,E.Engram,REG,NYG,LA,Evan Engram,EngrEv00,1.0,1.0,0.1,66.7
2020,REG,4,00-0035644,N.Fant,TE,TE,DEN,14137,cdc98acc-9eb6-4b44-81bb-61d7b8a3b55f,17527.0,42388.0,5857.0,,4036131.0,31852.0,,2251095.0,FantNo00,noah-fant-1,13426.0,14050.0,243.0,31852.0,923911.0,20753.0,923911.0,Noah Fant,noah fant,5,6,35.0,0,0.0,0.0,14.0,27.0,1.0,2.1228724,0,2.5,0.21428572,0.05147059,0.357458,Noah Fant,DEN,6.631666666666667,3.200483133955833,2.3733333333333335,5.101200071646071,83.33333333333334,35.0,0.0,5.305999999999999,5.147665752769695,0.15833424723030376,00-0035644,Noah,Fant,N.Fant,REG,DEN,NYJ,Noah Fant,FantNo00,0.0,0.0,0.0,91.0
2020,REG,4,00-0032392,A.Hooper,TE,TE,CLE,12677,90c2a93f-d837-4e1b-b57c-56648903a8db,15581.0,10715.0,3202.0,,3043275.0,29315.0,,2067004.0,HoopAu00,austin-hooper-1,10748.0,11301.0,384.0,29315.0,739424.0,17963.0,739424.0,Austin Hooper,austin hooper,5,7,34.0,1,0.0,0.0,37.0,11.0,3.0,2.7519162,0,0.9189189,0.26923078,0.14285715,0.50384617,Austin Hooper,CLE,2.59,1.6698739326960559,6.120000000000003,15.48638976249865,71.42857142857143,34.0,1.0,1.3419999999999987,2.1014708073198336,-0.7594708073198349,00-0032392,Austin,Hooper,A.Hooper,REG,CLE,DAL,Austin Hooper,HoopAu00,0.0,0.0,0.0,121.4
2020,REG,4,00-0027696,J.Graham,TE,TE,CHI,9925,fd85786d-3900-4dc0-9b30-334ee30413ed,9712.0,5619.0,616.0,jimmygraham/497236,13232.0,24070.0,6610.0,1691166.0,GrahJi00,jimmy-graham-1,6532.0,5842.0,,24070.0,295918.0,11488.0,295918.0,Jimmy Graham,jimmy graham,4,5,33.0,0,0.0,0.0,26.0,12.0,3.0,1.7015665,0,1.2692307,0.11904762,0.06970509,0.22736499,Jimmy Graham,CHI,5.46,2.263309379008647,4.8020000000000005,6.776934149990123,80.0,33.0,0.0,3.445000000000001,2.170614418767059,1.2743855812329423,00-0027696,Jimmy,Graham,J.Graham,REG,CHI,IND,Jimmy Graham,GrahJi00,0.0,0.0,0.0,94.2
2020,REG,4,00-0032135,J.James,TE,TE,DET,12211,a37a5bfd-b48c-4d8b-817a-d8ce7ca3592d,13959.0,9593.0,2463.0,jessejames/2552633,2979590.0,28548.0,,1983808.0,JameJe00,jesse-james-1,10150.0,10403.0,,28548.0,652019.0,16920.0,652019.0,Jesse James,jesse james,1,2,31.0,0,0.0,0.0,45.0,0.0,1.0,0.8507429,0,0.6888889,0.06666667,0.13636364,0.19545455,,,,,,,,,,,,,,,,,REG,DET,NO,Jesse James,JameJe00,0.0,0.0,0.0,95.8
2020,REG,4,00-0034798,D.Smythe,TE,TE,MIA,13676,7e42a22a-c47b-4387-aeeb-2cc2e76dc1d8,17508.0,47257.0,5008.0,,3052897.0,31093.0,,2082845.0,SmytDu00,durham-smythe-1,12807.0,13249.0,,31093.0,749968.0,19943.0,749968.0,Durham Smythe,durham smythe,2,2,30.0,0,0.0,0.0,11.0,19.0,2.0,2.04963,0,2.7272727,0.044444446,0.032258064,0.08924731,,,,,,,,,,,,,,,,,REG,MIA,SEA,Durham Smythe,SmytDu00,0.0,0.0,0.0,118.7
2020,REG,4,00-0027656,R.Gronkowski,TE,TE,TB,9902,2142a164-48ad-47d6-bb27-0bc58c6b2e62,9721.0,5567.0,515.0,robgronkowski/497240,13229.0,24017.0,,1244303.0,GronRo00,rob-gronkowski-1,6443.0,5729.0,,24017.0,381091.0,10974.0,381091.0,Rob Gronkowski,rob gronkowski,1,3,29.0,0,0.0,0.0,70.0,0.0,1.0,1.4947771,0,0.41428572,0.06666667,0.1627907,0.2139535,,,,,,,,,,,,,,,,,REG,TB,LAC,Rob Gronkowski,GronRo00,0.0,0.0,0.0,70.1
2020,REG,4,00-0027981,K.Rudolph,TE,TE,MIN,10312,1059e9dc-97df-4643-9116-883a0573d8b1,9906.0,6195.0,943.0,kylerudolph/2495438,14054.0,24830.0,7444.0,1633122.0,RudoKy00,kyle-rudolph-1,7246.0,6459.0,,24830.0,469472.0,13275.0,469472.0,Kyle Rudolph,kyle rudolph,2,2,27.0,0,0.0,0.0,18.0,9.0,1.0,1.7786827,0,1.5,0.0952381,0.06451613,0.18801843,,,,,,,,,,,,,,,,,REG,MIN,HOU,Kyle Rudolph,RudoKy00,0.0,0.0,0.0,118.7
2020,REG,4,00-0031951,J.O'Shaughnessy,TE,TE,JAX,12330,e5c6b0d4-3e77-422b-a6d8-574a10ed385e,14146.0,9606.0,2476.0,,2508079.0,28561.0,,2174148.0,O'ShJa00,,10249.0,10549.0,,28561.0,552352.0,16933.0,552352.0,James O'Shaughnessy,james oshaughnessy,1,2,26.0,0,0.0,0.0,25.0,8.0,1.0,1.1182731,0,1.04,0.055555556,0.0877193,0.14473684,,,,,,,,,,,,,,,,,REG,JAX,CIN,James O'Shaughnessy,O'ShJa00,0.0,0.0,0.0,95.8
2020,REG,4,00-0032062,B.Bell,TE,TE,DAL,12213,0cc4e449-185a-4b08-9f07-c907ad0c3e05,13966.0,9550.0,2422.0,,2514206.0,28505.0,,1737101.0,BellBl00,blake-bell-1,10248.0,10366.0,,28505.0,542871.0,16878.0,542871.0,Blake Bell,blake bell,2,2,24.0,0,0.0,0.0,16.0,8.0,2.0,1.4597602,0,1.5,0.03448276,0.031311154,0.07364195,,,,,,,,,,,,,,,,,REG,DAL,CLE,Blake Bell,BellBl00,0.0,0.0,0.0,116.7
2020,REG,4,00-0033338,C.Carter,TE,TE,CIN,13369,53fd9a69-1b10-4fd6-90e7-ee84cca9e041,16543.0,47149.0,4362.0,,3040470.0,30577.0,,2060620.0,CartCe00,,11889.0,12499.0,,30577.0,728274.0,19219.0,728274.0,Cethan Carter,cethan carter,1,1,24.0,0,0.0,0.0,19.0,5.0,1.0,1.4590771,0,1.2631578,0.028571429,0.05135135,0.07880309,,,,,,,,,,,,,,,,,REG,CIN,JAX,Cethan Carter,CartCe00,0.0,0.0,0.0,118.7
2020,REG,4,00-0030549,T.Eifert,TE,TE,JAX,11250,14ecf9dd-3a77-4847-8e62-407cd1182f1c,11692.0,7802.0,1388.0,tylereifert/2540148,15788.0,26644.0,,1691608.0,EifeTy00,tyler-eifert-1,8782.0,8408.0,,26644.0,508968.0,14918.0,,Tyler Eifert,tyler eifert,2,6,22.0,0,0.0,0.0,34.0,13.0,1.0,-5.117776,0,0.64705884,0.16666667,0.11929824,0.33350876,Tyler Eifert,JAX,6.575,2.136230982099694,7.516666666666668,14.909583787893824,33.33333333333333,22.0,0.0,6.795,4.084237720134297,2.710762279865703,00-0030549,Tyler,Eifert,T.Eifert,REG,JAX,CIN,Tyler Eifert,EifeTy00,0.0,0.0,0.0,5.6
2020,REG,4,00-0029738,D.Fells,TE,TE,HOU,11337,54d4e35a-2e6c-48f6-86ad-92dd596c173c,13636.0,8549.0,1592.0,darrenfells/2540928,15773.0,26612.0,,2053740.0,FellDa01,,9758.0,8472.0,,26612.0,266414.0,15247.0,266414.0,Darren Fells,darren fells,2,2,21.0,0,0.0,0.0,16.0,5.0,1.0,1.3418789,0,1.3125,0.06451613,0.056140352,0.13607244,,,,,,,,,,,,,,,,,REG,HOU,MIN,Darren Fells,FellDa01,0.0,0.0,0.0,110.4
2020,REG,4,00-0033110,T.Higbee,TE,TE,LA,12678,0df7912d-9e81-47ea-b4f7-d04986df4ee8,15623.0,10744.0,3271.0,,2573401.0,29344.0,,1853103.0,HigbTy00,tyler-higbee-1,10854.0,11430.0,159.0,29344.0,604176.0,18032.0,604176.0,Tyler Higbee,tyler higbee,3,4,20.0,0,0.0,0.0,16.0,10.0,1.0,0.16792247,0,1.25,0.125,0.08163265,0.24464285,,,,,,,,,,,,,,,,,REG,LA,NYG,Tyler Higbee,HigbTy00,0.0,0.0,0.0,85.4
2020,REG,4,00-0035329,D.Parham,TE,TE,LAC,14341,4f246e92-3d21-450f-977a-dc16892c7238,18835.0,91014.0,6074.0,,3912092.0,32456.0,,2183713.0,ParhDo00,,13602.0,14320.0,,32456.0,875649.0,20905.0,875649.0,Donald Parham,donald parham,1,1,19.0,1,0.0,0.0,19.0,0.0,1.0,2.9193356,0,1.0,0.04,0.10106383,0.13074468,,,,,,,,,,,,,,,,,REG,LAC,TB,Donald Parham,ParhDo00,0.0,0.0,0.0,158.3
2020,REG,4,00-0022127,J.Witten,TE,TE,LV,6997,e38c9b1b-7c51-48a2-ac1d-a752502e8930,9275.0,1384.0,23.0,jasonwitten/2505629,4527.0,6405.0,,396134.0,WittJa00,jason-witten-1,3086.0,1990.0,,6405.0,184571.0,722.0,,Jason Witten,jason witten,2,2,18.0,1,0.0,0.0,18.0,0.0,2.0,2.7444804,0,1.0,0.046511628,0.06741573,0.116958454,,,,,,,,,,,,,,,,,REG,LV,BUF,Jason Witten,WittJa00,0.0,0.0,0.0,143.7
2020,REG,4,00-0031484,C.Manhertz,TE,TE,CAR,12955,7c7b5515-7786-4e24-9ce0-34e6a8bd5727,14014.0,10211.0,3048.0,,2531358.0,28365.0,,2167520.0,ManhCh00,,10033.0,10295.0,,28365.0,563293.0,17762.0,563293.0,Chris Manhertz,chris manhertz,1,1,17.0,0,0.0,0.0,3.0,14.0,0.0,0.36209562,0,5.6666665,0.027777778,0.012875536,0.050679542,,,,,,,,,,,,,,,,,REG,CAR,ARI,Chris Manhertz,ManhCh00,1.0,0.0,0.0,118.7
2020,REG,4,00-0030710,T.Burton,TE,TE,IND,11705,bc0f07a4-3e7b-4e61-987a-05533dc225be,12153.0,9185.0,1793.0,treyburton/2550284,16974.0,27789.0,,2130223.0,BurtTr01,,9490.0,9737.0,,27789.0,542788.0,15965.0,,Trey Burton,trey burton,2,5,16.0,0,0.0,0.0,29.0,9.0,2.0,-0.6416938,0,0.55172414,0.17857143,0.12446352,0.3549816,Trey Burton,IND,4.186,3.1102664054992673,5.324,10.323030984604644,40.0,16.0,0.0,4.66,5.007186917508079,-0.34718691750807906,00-0030710,Lawrence,Burton,T.Burton,REG,IND,CHI,Trey Burton,BurtTr01,0.0,1.0,0.2,48.7
2020,REG,4,00-0035689,D.Knox,TE,TE,BUF,14143,5fb525c5-4e70-4ede-8c49-94ad0cf66b7d,18631.0,35883.0,5906.0,,3930086.0,31928.0,,2186345.0,KnoxDa00,dawson-knox-1,13466.0,13953.0,88.0,31928.0,884083.0,20850.0,884083.0,Dawson Knox,dawson knox,2,3,16.0,0,0.0,0.0,-3.0,18.0,0.0,0.64516485,0,0.0,0.09375,-0.014354067,0.13057715,,,,,,,,,,,,,,,,,REG,BUF,LV,Dawson Knox,KnoxDa00,0.0,1.0,0.333,79.9
2020,REG,4,00-0034159,W.Dissly,TE,TE,SEA,13763,383f4814-6836-4766-a297-fc063e8509cc,18049.0,30762.0,5010.0,,3127292.0,31090.0,,2139628.0,DissWi00,will-dissly-1,12986.0,13246.0,86.0,31090.0,837806.0,19950.0,837806.0,Will Dissly,will dissly,2,2,15.0,0,0.0,0.0,7.0,8.0,1.0,0.35949087,0,2.142857,0.060606062,0.023333333,0.10724243,,,,,,,,,,,,,,,,,REG,SEA,MIA,Will Dissly,DissWi00,0.0,0.0,0.0,97.9
2020,REG,4,00-0034829,M.Gesicki,TE,TE,MIA,13672,1012cbe0-7eba-4169-bfca-183a0204e1a7,17272.0,47153.0,4993.0,,3116164.0,31012.0,,2139298.0,GesiMi00,mike-gesicki-1,12764.0,13104.0,330.0,31012.0,836152.0,19853.0,836152.0,Mike Gesicki,mike gesicki,1,3,15.0,0,0.0,0.0,43.0,0.0,1.0,-0.37659264,0,0.3488372,0.06666667,0.1260997,0.1882698,,,,,,,,,,,,,,,,,REG,MIA,SEA,Mike Gesicki,GesiMi00,0.0,0.0,0.0,50.7
2020,REG,4,00-0033217,M.Alie-Cox,TE,TE,IND,13246,8809c0dd-786b-4255-a7d0-333c9498c19a,16579.0,12078.0,4054.0,moalie-cox/2558832,2998565.0,30112.0,,2815925.0,AlieMo00,,12196.0,12221.0,195.0,30112.0,712506.0,18900.0,712506.0,Mo Alie-Cox,mo alie-cox,1,2,13.0,1,0.0,0.0,7.0,9.0,1.0,1.9210575,0,1.8571428,0.071428575,0.030042918,0.1281729,,,,,,,,,,,,,,,,,REG,IND,CHI,Mo Alie-Cox,AlieMo00,0.0,0.0,0.0,110.4
2020,REG,4,00-0030181,J.Doyle,TE,TE,IND,11516,bd413539-9351-454e-9d61-4e8635d7e9f5,11987.0,8520.0,1706.0,jackdoyle/2540232,16504.0,27299.0,,2041264.0,DoylJa00,,9081.0,9075.0,,27299.0,477386.0,15602.0,477386.0,Jack Doyle,jack doyle,1,1,12.0,0,0.0,0.0,11.0,1.0,1.0,2.2433498,0,1.0909091,0.035714287,0.047210302,0.08661864,,,,,,,,,,,,,,,,,REG,IND,CHI,Jack Doyle,DoylJa00,0.0,0.0,0.0,116.7
2020,REG,4,00-0032214,T.Kroft,TE,TE,BUF,12212,36f54823-9d51-4180-9c91-d10281deb4bf,13960.0,9518.0,2390.0,tylerkroft/2552586,2582410.0,28473.0,,1824200.0,KrofTy00,tyler-kroft-1,10247.0,10490.0,,28473.0,592268.0,16846.0,592268.0,Tyler Kroft,tyler kroft,1,3,12.0,0,0.0,0.0,17.0,1.0,1.0,-0.24152926,0,0.7058824,0.09375,0.08133971,0.1975628,,,,,,,,,,,,,,,,,REG,BUF,LV,Tyler Kroft,KrofTy00,0.0,1.0,0.333,46.5
2020,REG,4,00-0034766,C.Herndon,TE,TE,NYJ,13679,780a48de-d092-4e87-9c34-8d1b45a154cc,17536.0,47164.0,5009.0,,3123050.0,31077.0,,2136463.0,HernCh00,christopher-herndon-iv-1,12899.0,13228.0,,31077.0,832080.0,19947.0,832080.0,Chris Herndon,chris herndon,1,3,11.0,0,0.0,0.0,16.0,9.0,1.0,0.30838197,0,0.6875,0.069767445,0.037383176,0.13081938,,,,,,,,,,,,,,,,,REG,NYJ,DEN,Chris Herndon,HernCh00,0.0,1.0,0.333,45.1
2020,REG,4,00-0030108,R.Griffin,TE,TE,NYJ,11399,cb1df42c-b59c-4e23-a9a2-fbfc2b39ef71,11830.0,7982.0,1425.0,ryangriffin/2541316,15887.0,26824.0,,2057695.0,GrifRy00,ryan-griffin-1,8911.0,8600.0,,26824.0,465129.0,14985.0,465129.0,Ryan Griffin,ryan griffin,3,3,10.0,0,0.0,0.0,3.0,7.0,0.0,-0.4219511,0,3.3333333,0.069767445,0.0070093456,0.1095577,,,,,,,,,,,,,,,,,REG,NYJ,DEN,Ryan Griffin,GrifRy00,0.0,0.0,0.0,80.6
2020,REG,4,00-0033895,G.Everett,TE,TE,LA,13236,ebeceb00-57e0-4b74-9cf7-853da2afed18,16459.0,11799.0,4089.0,,3918639.0,30157.0,,2142692.0,EverGe00,gerald-everett-1,11737.0,12284.0,55.0,30157.0,838487.0,18935.0,838487.0,Gerald Everett,gerald everett,1,1,10.0,0,1.0,1.0,4.0,6.0,0.0,-4.9965677,0,2.5,0.03125,0.020408163,0.061160713,,,,,,,,,,,,,,,,,REG,LA,NYG,Gerald Everett,EverGe00,0.0,0.0,0.0,108.3
2020,REG,4,00-0034988,K.Smith,TE,TE,NYG,14142,7bb7f5e7-f00e-47d8-954d-90bf5baf4292,18293.0,40973.0,6146.0,,4044452.0,32008.0,,2251343.0,SmitKa00,kaden-smith-1,13516.0,14217.0,,32008.0,924018.0,20946.0,924018.0,Kaden Smith,kaden smith,1,1,10.0,0,0.0,0.0,8.0,2.0,1.0,2.9643176,0,1.25,0.027777778,0.03827751,0.06846093,,,,,,,,,,,,,,,,,REG,NYG,LA,Kaden Smith,SmitKa00,0.0,0.0,0.0,108.3
2020,REG,4,00-0030061,Z.Ertz,TE,TE,PHI,11247,de3421f7-2147-4835-89a5-724e87bad463,11689.0,7816.0,1339.0,zachertz/2540158,15835.0,26658.0,,1685963.0,ErtzZa00,zach-ertz-1,8781.0,8409.0,305.0,26658.0,503177.0,14856.0,503177.0,Zach Ertz,zach ertz,4,5,9.0,0,0.0,0.0,5.0,12.0,0.0,-2.8084285,1,1.8,0.1923077,0.032894738,0.31148785,Zach Ertz,PHI,9.203333333333333,2.854060260545933,0.5560000000000016,1.9536191145467383,80.0,9.0,0.0,3.549999999999997,4.960227263281581,-1.410227263281584,00-0030061,Zachary,Ertz,Z.Ertz,REG,PHI,SF,Zach Ertz,ErtzZa00,0.0,0.0,0.0,79.2
2020,REG,4,00-0031598,N.Boyle,TE,TE,BAL,12328,9480dd9f-151f-4e6d-b5a3-35f07bda4cac,13963.0,9604.0,2474.0,,2574591.0,28559.0,,1888149.0,BoylNi00,,10252.0,10547.0,,28559.0,608753.0,16931.0,608753.0,Nick Boyle,nick boyle,1,1,9.0,0,0.0,0.0,6.0,3.0,1.0,1.2822477,0,1.5,0.04347826,0.016528925,0.076787636,,,,,,,,,,,,,,,,,REG,BAL,WAS,Nick Boyle,BoylNi00,0.0,0.0,0.0,104.2
2020,REG,4,00-0035229,T.Hockenson,TE,TE,DET,14138,bd1120b6-38b3-4225-a4b0-20660a149d0d,18290.0,40912.0,5844.0,,4036133.0,31840.0,,2251097.0,HockTJ00,tj-hockenson-1,13610.0,14051.0,247.0,31840.0,923915.0,20805.0,923915.0,T.J. Hockenson,tj hockenson,2,4,9.0,1,0.0,0.0,30.0,4.0,2.0,-5.0470743,1,0.3,0.13333334,0.09090909,0.26363635,,,,,,,,,,,,,,,,,REG,DET,NO,T.J. Hockenson,HockTJ00,0.0,0.0,0.0,56.2
2020,REG,4,00-0031260,L.Thomas,TE,TE,WAS,11647,b24625a0-d402-4d59-a778-aa4b073bfe5e,12095.0,8755.0,2251.0,loganthomas/2543767,16813.0,27648.0,,1691193.0,ThomLo00,logan-thomas-1,9323.0,9354.0,,27648.0,507528.0,16656.0,507528.0,Logan Thomas,logan thomas,1,4,8.0,0,0.0,0.0,22.0,5.0,1.0,-2.0556297,0,0.36363637,0.09090909,0.11,0.21336363,,,,,,,,,,,,,,,,,REG,WAS,BAL,Logan Thomas,ThomLo00,0.0,0.0,0.0,39.6
2020,REG,4,00-0034981,F.Moreau,TE,TE,LV,14239,9c3a67fd-5c6e-4689-9e08-9ff6d4db6c9a,18397.0,47043.0,5985.0,,3843945.0,31969.0,,2180634.0,MoreFo00,foster-moreau-1,13822.0,14154.0,179.0,31969.0,865573.0,20884.0,865573.0,Foster Moreau,foster moreau,1,1,8.0,0,0.0,0.0,4.0,4.0,0.0,0.5188802,0,2.0,0.023255814,0.014981274,0.045370612,,,,,,,,,,,,,,,,,REG,LV,BUF,Foster Moreau,MoreFo00,0.0,0.0,0.0,100.0
2020,REG,4,00-0030216,J.Hill,TE,TE,NO,11529,687cdc33-bd0d-4b70-adb3-33f97dc26a3c,13565.0,8200.0,1777.0,joshhill/2541834,16143.0,26950.0,,2060083.0,HillJo02,,9071.0,8764.0,,26950.0,469509.0,15866.0,,Josh Hill,josh hill,1,1,7.0,0,1.0,0.0,3.0,4.0,1.0,1.6818285,0,2.3333333,0.04,0.012875536,0.06901287,,,,,,,,,,,,,,,,,REG,NO,DET,Josh Hill,HillJo02,0.0,0.0,0.0,95.8
2020,REG,4,00-0032394,N.Vannett,TE,TE,DEN,12680,c731aa8a-778b-4ccd-a19f-517eb66f47b7,15645.0,10728.0,3258.0,,2576399.0,29328.0,,1871322.0,VannNi00,nick-vannett-1,10949.0,11329.0,,29328.0,606488.0,18019.0,606488.0,Nick Vannett,nick vannett,1,2,7.0,0,0.0,0.0,12.0,2.0,0.0,-3.8963988,0,0.5833333,0.071428575,0.04411765,0.13802521,,,,,,,,,,,,,,,,,REG,DEN,NYJ,Nick Vannett,VannNi00,0.0,0.0,0.0,18.7
2020,REG,4,00-0030155,D.Harris,TE,TE,CHI,11448,8506c15c-15cc-4d2c-aebf-270c605fe0ec,11881.0,8524.0,1619.0,demetriusharris/2541187,16318.0,27174.0,,2060074.0,HarrDe03,,9847.0,8683.0,,27174.0,602269.0,15305.0,602269.0,Demetrius Harris,demetrius harris,1,2,6.0,0,0.0,0.0,5.0,5.0,0.0,-1.066753,0,1.2,0.04761905,0.013404826,0.08081195,,,,,,,,,,,,,,,,,REG,CHI,IND,Demetrius Harris,HarrDe03,0.0,0.0,0.0,56.2
2020,REG,4,00-0033246,J.Mundt,TE,TE,LA,13940,6414998b-5831-44aa-8bd8-39e42a323c2c,16743.0,12206.0,4314.0,,3052096.0,30373.0,,2818622.0,MundJo00,,12316.0,12525.0,,30373.0,740704.0,19165.0,740704.0,Johnny Mundt,johnny mundt,1,1,5.0,0,0.0,0.0,1.0,4.0,0.0,-0.006607493,0,5.0,0.03125,0.0051020407,0.05044643,,,,,,,,,,,,,,,,,REG,LA,NYG,Johnny Mundt,MundJo00,0.0,0.0,0.0,87.5
2020,REG,4,00-0034319,D.Yelder,TE,TE,KC,13857,cad43704-4231-4a72-b616-c66642103452,17879.0,29556.0,5277.0,,3059766.0,31519.0,,2925876.0,YeldDe00,,13022.0,13688.0,,31519.0,750702.0,20332.0,750702.0,Deon Yelder,deon yelder,1,1,5.0,0,0.0,0.0,5.0,0.0,0.0,-0.043134384,0,1.0,0.03448276,0.021276595,0.06661776,,,,,,,,,,,,,,,,,REG,KC,NE,Deon Yelder,YeldDe00,0.0,0.0,0.0,87.5
2020,REG,4,00-0034365,I.Thomas,TE,TE,CAR,13678,ed8a8fd2-df67-45e7-a34f-984afb82f6ea,17387.0,42130.0,4995.0,,4045305.0,31071.0,,2253359.0,ThomIa00,ian-thomas-3,12858.0,13163.0,323.0,31071.0,943093.0,19910.0,943093.0,Ian Thomas,ian thomas,2,5,5.0,1,0.0,0.0,38.0,2.0,1.0,-4.117284,0,0.13157895,0.1388889,0.16309012,0.3224964,Ian Thomas,CAR,3.2399999999999998,2.2237417636128964,9.134000000000004,19.56307560505462,40.0,5.0,1.0,0.7449999999999974,1.1777073560861027,-0.4327073560861052,00-0034365,Ian,Thomas,I.Thomas,REG,CAR,ARI,Ian Thomas,ThomIa00,0.0,0.0,0.0,47.9
2020,REG,4,00-0031273,C.Brate,TE,TE,TB,12110,5afe93fd-0caf-4cca-83fc-7f405bebfa3e,13470.0,9207.0,2214.0,,17453.0,28267.0,,2132787.0,BratCa00,,10008.0,10193.0,,28267.0,552926.0,16593.0,552926.0,Cameron Brate,cameron brate,1,1,3.0,1,0.0,0.0,3.0,0.0,1.0,2.0699286,0,1.0,0.022222223,0.006976744,0.038217053,,,,,,,,,,,,,,,,,REG,TB,LAC,Cameron Brate,BratCa00,0.0,0.0,0.0,118.7
2020,REG,4,00-0034420,J.Thomas,TE,TE,ARI,13819,f993832a-f81f-4706-90b8-80fd193bdfd7,17399.0,42062.0,5117.0,,4035379.0,31181.0,,2249166.0,ThomJo05,jordan-thomas-6,12697.0,13309.0,,31181.0,922092.0,20020.0,922092.0,Jordan Thomas,jordan thomas,1,1,3.0,1,0.0,0.0,3.0,0.0,1.0,1.4984674,0,1.0,0.032258064,0.014084507,0.05824625,,,,,,,,,,,,,,,,,REG,ARI,CAR,Jordan Thomas,ThomJo05,0.0,0.0,0.0,118.7
2020,REG,4,00-0033564,J.Butt,TE,TE,DEN,13190,6d49d4d1-a254-48de-9f6f-eeecac82ad88,16456.0,11900.0,4151.0,,3045225.0,30258.0,,2060719.0,ButtJa00,jake-butt-1,11888.0,12254.0,,30258.0,728230.0,18997.0,,Jake Butt,jake butt,0,1,0.0,0,0.0,0.0,0.0,0.0,0.0,-0.530636,0,,0.035714287,0.0,0.05357143,,,,,,,,,,,,,,,,,REG,DEN,NYJ,Jake Butt,ButtJa00,0.0,0.0,0.0,39.6
2020,REG,4,00-0033896,A.Shaheen,TE,TE,MIA,13254,87171077-4c1c-4b67-b159-2cc6242988e0,16457.0,11800.0,4085.0,,4198676.0,30158.0,,2818105.0,ShahAd00,,11898.0,12283.0,,30158.0,1049770.0,18931.0,1049770.0,Adam Shaheen,adam shaheen,0,1,0.0,0,0.0,0.0,3.0,0.0,0.0,-0.34097025,0,0.0,0.022222223,0.008797654,0.03949169,,,,,,,,,,,,,,,,,REG,MIA,SEA,Adam Shaheen,ShahAd00,0.0,0.0,0.0,39.6
2020,REG,4,00-0034439,R.Izzo,TE,TE,NE,13847,40b8fa44-b289-42dd-9606-a1ae30adc7bc,17541.0,47327.0,5094.0,,3122920.0,31127.0,,2138988.0,IzzoRy00,ryan-izzo-1,12529.0,13349.0,,31220.0,834990.0,20069.0,834990.0,Ryan Izzo,ryan izzo,0,3,0.0,0,0.0,0.0,55.0,0.0,0.0,-6.703276,0,0.0,0.08571429,0.19927536,0.26806417,,,,,,,,,,,,,,,,,REG,NE,KC,Ryan Izzo,IzzoRy00,0.0,1.0,0.333,0.0
2020,REG,4,00-0034970,I.Smith,TE,TE,MIN,14141,ed0e6a30-83d5-4f4b-bf49-f7ff80e21304,18610.0,42060.0,6126.0,,4040980.0,31882.0,,2257888.0,SmitIr01,irv-smith-jr-1,13583.0,14052.0,,31882.0,944428.0,20949.0,944428.0,Irv Smith,irv smith,0,1,0.0,0,0.0,0.0,20.0,0.0,0.0,-0.49231842,0,0.0,0.04761905,0.07168459,0.12160778,,,,,,,,,,,,,,,,,REG,MIN,HOU,Irv Smith Jr.,SmitIr01,0.0,0.0,0.0,39.6
2020,REG,4,00-0035039,S.Carlson,TE,TE,CLE,14488,013477a2-0271-4441-a0af-9bc25924a2f6,18757.0,94365.0,6451.0,,3948283.0,32273.0,,3116783.0,CarlSt00,,14131.0,,,32273.0,881697.0,21278.0,881697.0,Stephen Carlson,stephen carlson,0,0,0.0,0,0.0,0.0,0.0,0.0,0.0,,0,,,,,,,,,,,,,,,,,,,,,,,,,,,,,
2020,REG,4,00-0036145,L.Cager,TE,TE,NYJ,15041,2f2181f8-cb0a-42e4-9468-17f5f5a219cc,19701.0,34914.0,7106.0,,3917849.0,33329.0,,2183845.0,,,14597.0,,,33329.0,0.0,21728.0,880123.0,Lawrence Cager,lawrence cager,0,2,0.0,0,0.0,0.0,48.0,0.0,0.0,-1.5405111,0,0.0,0.046511628,0.11214953,0.14827211,,,,,,,,,,,,,,,,,,,,,,,,,
2020,REG,4,00-0036290,C.Kmet,TE,TE,CHI,14867,036feeb6-9a22-43c5-a8e3-7ac611d8ff49,19229.0,60995.0,6826.0,,4258595.0,32713.0,,2868619.0,KmetCo00,cole-kmet-1,14436.0,,569.0,32713.0,0.0,21772.0,1066765.0,Cole Kmet,cole kmet,0,1,0.0,0,0.0,0.0,11.0,0.0,0.0,-0.44076815,0,0.0,0.023809524,0.029490616,0.05635772,,,,,,,,,,,,,,,,,REG,CHI,IND,Cole Kmet,KmetCo00,0.0,0.0,0.0,39.6
2020,REG,5,00-0030506,T.Kelce,TE,TE,KC,11244,c3859e06-5f23-4302-a71b-04820a899d5f,11594.0,7844.0,1466.0,traviskelce/2540258,15847.0,26686.0,,1725130.0,KelcTr00,travis-kelce-1,8783.0,8411.0,264.0,26686.0,448240.0,15048.0,448240.0,Travis Kelce,travis kelce,8,12,108.0,1,0.0,0.0,108.0,47.0,5.0,2.9072201,0,1.0,0.2857143,0.2589928,0.6098664,Travis Kelce,KC,3.3690000000000007,2.4233098684792087,9.871666666666666,25.791983278538623,66.66666666666666,108.0,1.0,5.8987500000000015,6.419011901236786,-0.5202619012367844,00-0030506,Travis,Kelce,T.Kelce,REG,KC,LV,Travis Kelce,KelcTr00,0.0,0.0,0.0,88.2
2020,REG,5,00-0034829,M.Gesicki,TE,TE,MIA,13672,1012cbe0-7eba-4169-bfca-183a0204e1a7,17272.0,47153.0,4993.0,,3116164.0,31012.0,,2139298.0,GesiMi00,mike-gesicki-1,12764.0,13104.0,330.0,31012.0,836152.0,19853.0,836152.0,Mike Gesicki,mike gesicki,5,6,91.0,0,0.0,0.0,52.0,47.0,3.0,6.133349,0,1.75,0.22222222,0.19622642,0.47069183,Mike Gesicki,MIA,8.42,1.7413401588817743,9.721666666666668,21.875117194824675,83.33333333333334,91.0,0.0,9.831999999999997,6.142869737028695,3.689130262971302,00-0034829,Michael,Gesicki,M.Gesicki,REG,MIA,SF,Mike Gesicki,GesiMi00,0.0,0.0,0.0,118.7
2020,REG,5,00-0033895,G.Everett,TE,TE,LA,13236,ebeceb00-57e0-4b74-9cf7-853da2afed18,16459.0,11799.0,4089.0,,3918639.0,30157.0,,2142692.0,EverGe00,gerald-everett-1,11737.0,12284.0,55.0,30157.0,838487.0,18935.0,838487.0,Gerald Everett,gerald everett,4,4,90.0,0,0.0,0.0,19.0,71.0,4.0,8.891314,0,4.736842,0.13793103,0.10382514,0.27957416,,,,,,,,,,,,,,,,,REG,LA,WAS,Gerald Everett,EverGe00,3.0,0.0,0.0,118.7
2020,REG,5,00-0034970,I.Smith,TE,TE,MIN,14141,ed0e6a30-83d5-4f4b-bf49-f7ff80e21304,18610.0,42060.0,6126.0,,4040980.0,31882.0,,2257888.0,SmitIr01,irv-smith-jr-1,13583.0,14052.0,,31882.0,944428.0,20949.0,944428.0,Irv Smith,irv smith,4,5,64.0,0,0.0,0.0,53.0,11.0,2.0,5.965818,0,1.2075472,0.13157895,0.19924812,0.33684212,Irv Smith,MIN,4.03,2.465065021337575,11.364000000000003,21.06394810009269,80.0,64.0,0.0,3.242499999999998,2.004950104254135,1.2375498957458628,00-0034970,Irvin,Smith,I.Smith,REG,MIN,SEA,Irv Smith Jr.,SmitIr01,0.0,0.0,0.0,118.7
2020,REG,5,00-0029738,D.Fells,TE,TE,HOU,11337,54d4e35a-2e6c-48f6-86ad-92dd596c173c,13636.0,8549.0,1592.0,darrenfells/2540928,15773.0,26612.0,,2053740.0,FellDa01,,9758.0,8472.0,,26612.0,266414.0,15247.0,266414.0,Darren Fells,darren fells,2,2,57.0,1,0.0,0.0,28.0,29.0,2.0,5.3430653,0,2.0357144,0.057142857,0.07650273,0.1392662,,,,,,,,,,,,,,,,,REG,HOU,JAX,Darren Fells,FellDa01,0.0,0.0,0.0,158.3
2020,REG,5,00-0032392,A.Hooper,TE,TE,CLE,12677,90c2a93f-d837-4e1b-b57c-56648903a8db,15581.0,10715.0,3202.0,,3043275.0,29315.0,,2067004.0,HoopAu00,austin-hooper-1,10748.0,11301.0,384.0,29315.0,739424.0,17963.0,739424.0,Austin Hooper,austin hooper,5,10,57.0,0,0.0,0.0,103.0,26.0,4.0,-1.1333548,0,0.5533981,0.2631579,0.30294117,0.60679567,Austin Hooper,CLE,5.158333333333333,2.5499873402794466,9.826999999999998,28.279950502172724,50.0,57.0,0.0,5.1800000000000015,7.502351424274411,-2.3223514242744097,00-0032392,Austin,Hooper,A.Hooper,REG,CLE,IND,Austin Hooper,HoopAu00,0.0,0.0,0.0,27.9
2020,REG,5,00-0034753,M.Andrews,TE,TE,BAL,13671,0618f387-9b72-4270-8b8f-dec4cccc9e4a,17269.0,47436.0,5012.0,,3116365.0,31056.0,,2131121.0,AndrMa00,mark-andrews-1,12559.0,13182.0,366.0,31056.0,820699.0,19803.0,820699.0,Mark Andrews,mark andrews,6,9,56.0,1,0.0,0.0,96.0,9.0,5.0,3.4519596,0,0.5833333,0.25,0.30868167,0.59107715,Mark Andrews,BAL,6.280000000000001,1.7639570945865548,10.662222222222223,29.972513743128427,66.66666666666666,56.0,1.0,1.9200000000000006,1.4282181776730265,0.4917818223269741,00-0034753,Mark,Andrews,M.Andrews,REG,BAL,CIN,Mark Andrews,AndrMa00,0.0,0.0,0.0,120.6
2020,REG,5,00-0027061,J.Cook,TE,TE,NO,9474,3b7a1409-d154-4e5c-8c94-9d4a0e0993c7,9265.0,5012.0,367.0,jaredcook/71265,12537.0,9353.0,6126.0,584314.0,CookJa02,jared-cook-2,5981.0,5165.0,,9353.0,296480.0,8534.0,296480.0,Jared Cook,jared cook,2,3,52.0,1,0.0,0.0,57.0,10.0,2.0,6.284128,0,0.9122807,0.06382979,0.17431192,0.21776304,,,,,,,,,,,,,,,,,REG,NO,LAC,Jared Cook,CookJa02,0.0,0.0,0.0,149.3
2020,REG,5,00-0027656,R.Gronkowski,TE,TE,TB,9902,2142a164-48ad-47d6-bb27-0bc58c6b2e62,9721.0,5567.0,515.0,robgronkowski/497240,13229.0,24017.0,,1244303.0,GronRo00,rob-gronkowski-1,6443.0,5729.0,,24017.0,381091.0,10974.0,381091.0,Rob Gronkowski,rob gronkowski,3,6,52.0,0,0.0,0.0,37.0,33.0,2.0,2.406057,0,1.4054054,0.14634146,0.09660574,0.28713623,Rob Gronkowski,TB,5.5125,2.379627195185737,8.04,11.450816559058106,50.0,52.0,0.0,11.74666666666667,9.216784795438988,2.5298818712276816,00-0027656,Robert,Gronkowski,R.Gronkowski,REG,TB,CHI,Rob Gronkowski,GronRo00,0.0,0.0,0.0,79.9
2020,REG,5,00-0031610,D.Waller,TE,TE,LV,12263,14c97c9f-26e8-4944-9299-f90de6aeada3,14104.0,9637.0,2505.0,,2576925.0,28592.0,,1850793.0,WallDa01,darren-waller-1,10215.0,10433.0,,28592.0,600191.0,16964.0,600191.0,Darren Waller,darren waller,5,7,48.0,1,0.0,0.0,40.0,38.0,3.0,-0.798991,0,1.2,0.22580644,0.14760147,0.4420307,Darren Waller,LV,5.645,3.5163180006704207,7.337142857142857,18.308202331301462,71.42857142857143,48.0,1.0,7.65,6.872967337413593,0.7770326625864072,00-0031610,Darren,Waller,D.Waller,REG,LV,KC,Darren Waller,WallDa01,1.0,0.0,0.0,90.2
2020,REG,5,00-0031273,C.Brate,TE,TE,TB,12110,5afe93fd-0caf-4cca-83fc-7f405bebfa3e,13470.0,9207.0,2214.0,,17453.0,28267.0,,2132787.0,BratCa00,,10008.0,10193.0,,28267.0,552926.0,16593.0,552926.0,Cameron Brate,cameron brate,5,6,44.0,0,0.0,0.0,56.0,9.0,2.0,2.45008,0,0.78571427,0.14634146,0.1462141,0.32186207,Cameron Brate,TB,4.704000000000001,2.757627937576585,8.708333333333336,12.402677554120778,83.33333333333334,44.0,0.0,2.479999999999998,3.7676012069759053,-1.287601206975907,00-0031273,Cameron,Brate,C.Brate,REG,TB,CHI,Cameron Brate,BratCa00,0.0,0.0,0.0,97.2
2020,REG,5,00-0033288,G.Kittle,TE,TE,SF,13299,2ada91b0-036e-454f-83c3-6d939ff584a9,16499.0,11901.0,4217.0,,3040151.0,30259.0,,2818265.0,KittGe00,george-kittle-1,11892.0,12276.0,298.0,30259.0,733672.0,19063.0,733672.0,George Kittle,george kittle,4,8,44.0,0,0.0,0.0,44.0,21.0,2.0,1.1091397,0,1.0,0.22857143,0.1337386,0.43647417,George Kittle,SF,4.961428571428571,4.11786858472153,5.26625,13.281422401563631,50.0,44.0,0.0,6.1274999999999995,5.076211481332422,1.0512885186675778,00-0033288,George,Kittle,G.Kittle,REG,SF,MIA,George Kittle,KittGe00,0.0,1.0,0.125,66.7
2020,REG,5,00-0031387,E.Ebron,TE,TE,PIT,11695,9fbcfae9-dd14-415c-8952-9b1b5dff0dfc,12143.0,8645.0,2118.0,ericebron/2543466,16732.0,27538.0,,1865396.0,EbroEr00,eric-ebron-1,9210.0,9390.0,,27538.0,605752.0,16451.0,605752.0,Eric Ebron,eric ebron,5,6,43.0,0,1.0,1.0,43.0,10.0,3.0,0.18557051,0,1.0,0.1764706,0.21938775,0.41827732,Eric Ebron,PIT,7.321666666666668,1.7430927170212103,7.211666666666669,21.43352486625719,83.33333333333334,43.0,0.0,1.9979999999999989,3.8652716962308658,-1.8672716962308669,00-0031387,Eric,Ebron,E.Ebron,REG,PIT,PHI,Eric Ebron,EbroEr00,0.0,0.0,0.0,96.5
2020,REG,5,00-0033858,J.Smith,TE,TE,TEN,13193,e4f25a37-74de-4bfb-b6c9-f50a4fab0b87,16460.0,11855.0,4144.0,,3054212.0,30213.0,,2081506.0,SmitJo01,jonnu-smith-1,11807.0,12344.0,84.0,30213.0,743749.0,18990.0,743749.0,Jonnu Smith,jonnu smith,5,7,40.0,2,0.0,0.0,20.0,19.0,3.0,3.4351463,0,2.0,0.25,0.110497236,0.45234805,Jonnu Smith,TEN,5.285714285714286,4.367457101156353,3.761428571428571,13.69927159209157,71.42857142857143,40.0,2.0,3.3840000000000003,5.096026037658521,-1.7120260376585206,00-0033858,Jonnu,Smith,J.Smith,REG,TEN,BUF,Jonnu Smith,SmitJo01,0.0,1.0,0.143,125.0
2020,REG,5,00-0033258,D.Daniels,TE,TE,ARI,13396,7574eb56-a34a-419e-9682-c4788cfe2019,16582.0,12122.0,4323.0,,3052166.0,30523.0,,2079698.0,DaniDa02,,11890.0,12453.0,,30523.0,747895.0,19176.0,747895.0,Darrell Daniels,darrell daniels,2,2,37.0,0,0.0,0.0,9.0,28.0,1.0,4.393078,0,4.111111,0.057142857,0.027108435,0.10469019,,,,,,,,,,,,,,,,,REG,ARI,NYJ,Darrell Daniels,DaniDa02,0.0,0.0,0.0,118.7
2020,REG,5,00-0027696,J.Graham,TE,TE,CHI,9925,fd85786d-3900-4dc0-9b30-334ee30413ed,9712.0,5619.0,616.0,jimmygraham/497236,13232.0,24070.0,6610.0,1691166.0,GrahJi00,jimmy-graham-1,6532.0,5842.0,,24070.0,295918.0,11488.0,295918.0,Jimmy Graham,jimmy graham,3,5,33.0,1,0.0,0.0,67.0,2.0,2.0,3.339647,0,0.49253732,0.11904762,0.2012012,0.31941226,Jimmy Graham,CHI,5.6579999999999995,1.9739837910357347,14.904,22.495245570078787,60.0,33.0,1.0,0.913333333333334,1.1905440070423765,-0.2772106737090425,00-0027696,Jimmy,Graham,J.Graham,REG,CHI,TB,Jimmy Graham,GrahJi00,0.0,0.0,0.0,119.2
2020,REG,5,00-0030710,T.Burton,TE,TE,IND,11705,bc0f07a4-3e7b-4e61-987a-05533dc225be,12153.0,9185.0,1793.0,treyburton/2550284,16974.0,27789.0,,2130223.0,BurtTr01,,9490.0,9737.0,,27789.0,542788.0,15965.0,,Trey Burton,trey burton,5,6,33.0,0,0.0,0.0,31.0,13.0,1.0,1.430389,0,1.0645162,0.1875,0.12062257,0.3656858,Trey Burton,IND,8.974,3.6667146531584165,5.323333333333335,12.824219063679438,83.33333333333334,33.0,0.0,2.8639999999999994,3.1988073613935284,-0.33480736139352896,00-0030710,Lawrence,Burton,T.Burton,REG,IND,CLE,Trey Burton,BurtTr01,1.0,0.0,0.0,89.6
2020,REG,5,00-0034766,C.Herndon,TE,TE,NYJ,13679,780a48de-d092-4e87-9c34-8d1b45a154cc,17536.0,47164.0,5009.0,,3123050.0,31077.0,,2136463.0,HernCh00,christopher-herndon-iv-1,12899.0,13228.0,,31077.0,832080.0,19947.0,832080.0,Chris Herndon,chris herndon,2,3,24.0,0,0.0,0.0,17.0,15.0,1.0,0.7535899,0,1.4117647,0.09677419,0.055016182,0.18367262,,,,,,,,,,,,,,,,,REG,NYJ,ARI,Chris Herndon,HernCh00,0.0,1.0,0.333,91.0
2020,REG,5,00-0033090,H.Henry,TE,TE,LAC,12676,705899da-3c20-4bc3-b5d0-2e6e40655131,15561.0,10669.0,3214.0,,3046439.0,29269.0,,2079848.0,HenrHu00,hunter-henry-1,10735.0,11299.0,212.0,29269.0,744425.0,17975.0,744425.0,Hunter Henry,hunter henry,4,8,23.0,1,0.0,0.0,58.0,4.0,3.0,1.558716,0,0.39655173,0.25,0.15104167,0.48072916,Hunter Henry,LAC,5.1000000000000005,1.4255479915216884,8.67625,17.374652682169764,50.0,23.0,1.0,0.9324999999999983,1.2442789973543644,-0.3117789973543661,00-0033090,Hunter,Henry,H.Henry,REG,LAC,NO,Hunter Henry,HenrHu00,0.0,1.0,0.125,95.8
2020,REG,5,00-0035631,D.Sample,TE,TE,CIN,14146,15a4f552-ecaf-45bd-9006-aa5dda93bee6,18561.0,47259.0,6001.0,,3127310.0,31884.0,,2139646.0,SampDr00,drew-sample-1,13809.0,14111.0,435.0,31884.0,837824.0,20931.0,837824.0,Drew Sample,drew sample,2,2,22.0,0,0.0,0.0,21.0,1.0,1.0,0.3960007,0,1.0476191,0.06896552,0.104477614,0.1765826,,,,,,,,,,,,,,,,,REG,CIN,BAL,Drew Sample,SampDr00,1.0,0.0,0.0,112.5
2020,REG,5,00-0025418,G.Olsen,TE,TE,SEA,8687,587d0a98-7ec5-45a5-adba-8af26e8f256b,9238.0,3647.0,58.0,gregolsen/2495700,10475.0,8285.0,,502524.0,OlseGr00,greg-olsen-1,5206.0,4190.0,,8285.0,230925.0,1658.0,,Greg Olsen,greg olsen,1,1,20.0,0,0.0,0.0,15.0,5.0,1.0,1.2528772,0,1.3333334,0.033333335,0.04373178,0.08061224,,,,,,,,,,,,,,,,,REG,SEA,MIN,Greg Olsen,OlseGr00,0.0,0.0,0.0,118.7
2020,REG,5,00-0031951,J.O'Shaughnessy,TE,TE,JAX,12330,e5c6b0d4-3e77-422b-a6d8-574a10ed385e,14146.0,9606.0,2476.0,,2508079.0,28561.0,,2174148.0,O'ShJa00,,10249.0,10549.0,,28561.0,552352.0,16933.0,552352.0,James O'Shaughnessy,james oshaughnessy,3,3,20.0,0,0.0,0.0,7.0,13.0,0.0,0.9183333,0,2.857143,0.06818182,0.024221454,0.119227745,,,,,,,,,,,,,,,,,REG,JAX,HOU,James O'Shaughnessy,O'ShJa00,0.0,0.0,0.0,94.4
2020,REG,5,00-0033455,A.Firkser,TE,TE,TEN,13919,b0719e3d-199b-46e5-a2b4-1091f6fd5c0d,16787.0,51837.0,4435.0,,3049698.0,30571.0,,2818971.0,FirkAn00,,12235.0,12691.0,,30571.0,767297.0,19296.0,767297.0,Anthony Firkser,anthony firkser,3,5,19.0,0,0.0,0.0,49.0,3.0,1.0,-1.6269466,0,0.3877551,0.17857143,0.27071825,0.4573599,Anthony Firkser,TEN,6.78,0.7933686283793425,10.356,26.94068678459937,60.0,19.0,0.0,0.1033333333333329,0.33648906528461947,-0.23315573195128658,00-0033455,Anthony,Firkser,A.Firkser,REG,TEN,BUF,Anthony Firkser,FirkAn00,0.0,0.0,0.0,67.9
2020,REG,5,00-0034159,W.Dissly,TE,TE,SEA,13763,383f4814-6836-4766-a297-fc063e8509cc,18049.0,30762.0,5010.0,,3127292.0,31090.0,,2139628.0,DissWi00,will-dissly-1,12986.0,13246.0,86.0,31090.0,837806.0,19950.0,837806.0,Will Dissly,will dissly,1,1,19.0,1,0.0,0.0,19.0,0.0,1.0,2.2499657,0,1.0,0.033333335,0.055393588,0.08877551,,,,,,,,,,,,,,,,,REG,SEA,MIN,Will Dissly,DissWi00,0.0,0.0,0.0,158.3
2020,REG,5,00-0031384,R.Rodgers,TE,TE,PHI,11785,e00b3426-238b-4bdb-85c3-bbf08b7469e3,12233.0,8733.0,2146.0,richardrodgers/2550313,16786.0,27626.0,,2129433.0,RodgRi00,richard-rodgers-1,9559.0,9547.0,,27626.0,607699.0,16491.0,607699.0,Richard Rodgers,richard rodgers,1,1,18.0,0,0.0,0.0,13.0,5.0,1.0,1.1660502,0,1.3846154,0.027777778,0.02742616,0.060864978,,,,,,,,,,,,,,,,,REG,PHI,PIT,Richard Rodgers,RodgRi00,0.0,0.0,0.0,118.7
2020,REG,5,00-0030549,T.Eifert,TE,TE,JAX,11250,14ecf9dd-3a77-4847-8e62-407cd1182f1c,11692.0,7802.0,1388.0,tylereifert/2540148,15788.0,26644.0,,1691608.0,EifeTy00,tyler-eifert-1,8782.0,8408.0,,26644.0,508968.0,14918.0,,Tyler Eifert,tyler eifert,3,7,16.0,0,0.0,0.0,48.0,14.0,1.0,-1.1710248,0,0.33333334,0.1590909,0.16608997,0.35489935,Tyler Eifert,JAX,8.53,2.0913522329322953,7.590000000000001,17.474099654662062,42.857142857142854,16.0,0.0,4.959999999999998,4.577940829113497,0.3820591708865013,00-0030549,Tyler,Eifert,T.Eifert,REG,JAX,HOU,Tyler Eifert,EifeTy00,0.0,0.0,0.0,50.3
2020,REG,5,00-0033881,E.Engram,TE,TE,NYG,13189,e21365af-8d66-416e-b0a5-8816d18fcfd9,16411.0,11778.0,4066.0,,3051876.0,30136.0,,2079887.0,EngrEv00,evan-engram-1,11805.0,12205.0,229.0,30136.0,749185.0,18912.0,749185.0,Evan Engram,evan engram,1,2,16.0,0,0.0,0.0,10.0,10.0,1.0,0.42325953,0,1.6,0.06896552,0.051813472,0.13971771,,,,,,,,,,,,,,,,,REG,NYG,DAL,Evan Engram,EngrEv00,0.0,0.0,0.0,77.1
2020,REG,5,00-0035689,D.Knox,TE,TE,BUF,14143,5fb525c5-4e70-4ede-8c49-94ad0cf66b7d,18631.0,35883.0,5906.0,,3930086.0,31928.0,,2186345.0,KnoxDa00,dawson-knox-1,13466.0,13953.0,88.0,31928.0,884083.0,20850.0,884083.0,Dawson Knox,dawson knox,1,3,15.0,0,0.0,0.0,12.0,14.0,1.0,-0.6480634,0,1.25,0.06666667,0.03133159,0.12193211,,,,,,,,,,,,,,,,,REG,BUF,TEN,Dawson Knox,KnoxDa00,0.0,1.0,0.333,50.7
2020,REG,5,00-0028142,V.Green,TE,TE,LAC,10432,6ef43c53-53d7-4b0f-ad99-17664d663ae8,10026.0,6356.0,868.0,virgilgreen/2495288,14085.0,24991.0,7502.0,1130615.0,GreeVi00,virgil-green-1,7416.0,6570.0,,24991.0,323254.0,13016.0,,Virgil Green,virgil green,1,1,14.0,0,0.0,0.0,-5.0,19.0,1.0,1.0814167,0,0.0,0.03125,-0.013020833,0.037760418,,,,,,,,,,,,,,,,,REG,LAC,NO,Virgil Green,GreeVi00,0.0,0.0,0.0,118.7
2020,REG,5,00-0032062,B.Bell,TE,TE,DAL,12213,0cc4e449-185a-4b08-9f07-c907ad0c3e05,13966.0,9550.0,2422.0,,2514206.0,28505.0,,1737101.0,BellBl00,blake-bell-1,10248.0,10366.0,,28505.0,542871.0,16878.0,542871.0,Blake Bell,blake bell,1,1,13.0,0,0.0,0.0,4.0,9.0,1.0,0.76439303,0,3.25,0.030303031,0.016877636,0.05726889,,,,,,,,,,,,,,,,,REG,DAL,NYG,Blake Bell,BellBl00,0.0,0.0,0.0,118.7
2020,REG,5,00-0033110,T.Higbee,TE,TE,LA,12678,0df7912d-9e81-47ea-b4f7-d04986df4ee8,15623.0,10744.0,3271.0,,2573401.0,29344.0,,1853103.0,HigbTy00,tyler-higbee-1,10854.0,11430.0,159.0,29344.0,604176.0,18032.0,604176.0,Tyler Higbee,tyler higbee,2,2,12.0,0,0.0,0.0,8.0,4.0,0.0,0.34513026,0,1.5,0.06896552,0.043715846,0.13404937,,,,,,,,,,,,,,,,,REG,LA,WAS,Tyler Higbee,HigbTy00,0.0,0.0,0.0,91.7
2020,REG,5,00-0027981,K.Rudolph,TE,TE,MIN,10312,1059e9dc-97df-4643-9116-883a0573d8b1,9906.0,6195.0,943.0,kylerudolph/2495438,14054.0,24830.0,7444.0,1633122.0,RudoKy00,kyle-rudolph-1,7246.0,6459.0,,24830.0,469472.0,13275.0,469472.0,Kyle Rudolph,kyle rudolph,1,2,10.0,0,0.0,0.0,16.0,5.0,1.0,-0.25991476,0,0.625,0.05263158,0.060150377,0.12105263,,,,,,,,,,,,,,,,,REG,MIN,SEA,Kyle Rudolph,RudoKy00,0.0,0.0,0.0,64.6
2020,REG,5,00-0033112,T.Hemingway,TE,TE,WAS,12807,02fc59d0-8a66-431f-97fc-21fdc096eb14,15913.0,10811.0,3333.0,,2580330.0,29411.0,,1888046.0,HemiTe00,,11009.0,11467.0,,29411.0,608714.0,18094.0,608714.0,Temarrick Hemingway,temarrick hemingway,1,1,10.0,0,0.0,0.0,4.0,6.0,1.0,0.8178188,0,2.5,0.035714287,0.03305785,0.07671192,,,,,,,,,,,,,,,,,REG,WAS,LA,Temarrick Hemingway,HemiTe00,0.0,0.0,0.0,108.3
2020,REG,5,00-0030155,D.Harris,TE,TE,CHI,11448,8506c15c-15cc-4d2c-aebf-270c605fe0ec,11881.0,8524.0,1619.0,demetriusharris/2541187,16318.0,27174.0,,2060074.0,HarrDe03,,9847.0,8683.0,,27174.0,602269.0,15305.0,602269.0,Demetrius Harris,demetrius harris,1,1,9.0,0,0.0,0.0,9.0,0.0,1.0,0.4744047,0,1.0,0.023809524,0.027027028,0.054633204,,,,,,,,,,,,,,,,,REG,CHI,TB,Demetrius Harris,HarrDe03,0.0,0.0,0.0,104.2
2020,REG,5,00-0034613,T.Hudson,TE,TE,TB,14370,2fa75e05-cac4-4b40-8924-dbc9ae0c959c,17826.0,66924.0,5409.0,,3050481.0,31257.0,,2926606.0,,,13286.0,,,31257.0,1115394.0,20506.0,1115394.0,Tanner Hudson,tanner hudson,1,4,9.0,0,0.0,0.0,64.0,6.0,1.0,-0.5346898,0,0.140625,0.09756097,0.16710183,0.26331276,,,,,,,,,,,,,,,,,,,,,,,,,
2020,REG,5,00-0034830,H.Hurst,TE,TE,ATL,13680,1b125fc4-5dd9-4eb9-a42f-048e61ca42b7,17283.0,47294.0,4973.0,,3924365.0,30995.0,,2185053.0,HursHa00,hayden-hurst-1,12467.0,13098.0,8.0,30995.0,881956.0,19843.0,881956.0,Hayden Hurst,hayden hurst,2,6,8.0,0,0.0,0.0,55.0,1.0,0.0,-4.089225,0,0.14545454,0.17142858,0.1923077,0.39175823,Hayden Hurst,ATL,8.642499999999998,3.194574727355041,8.911666666666664,18.689269486193634,33.33333333333333,8.0,0.0,1.1650000000000063,2.607450850347959,-1.442450850347953,00-0034830,Hayden,Hurst,H.Hurst,REG,ATL,CAR,Hayden Hurst,HursHa00,0.0,0.0,0.0,42.4
2020,REG,5,00-0034788,J.Graham,TE,TE,ATL,14464,97e65d1d-c738-4812-840e-030f0242bc29,18135.0,31849.0,5754.0,,3118954.0,31749.0,,2930527.0,,,13356.0,,,31749.0,832316.0,20662.0,832316.0,Jaeden Graham,jaeden graham,1,1,7.0,0,0.0,0.0,7.0,0.0,0.0,0.18861552,0,1.0,0.028571429,0.024475524,0.05999001,,,,,,,,,,,,,,,,,,,,,,,,,
2020,REG,5,00-0034988,K.Smith,TE,TE,NYG,14142,7bb7f5e7-f00e-47d8-954d-90bf5baf4292,18293.0,40973.0,6146.0,,4044452.0,32008.0,,2251343.0,SmitKa00,kaden-smith-1,13516.0,14217.0,,32008.0,924018.0,20946.0,924018.0,Kaden Smith,kaden smith,1,1,7.0,0,0.0,0.0,5.0,2.0,0.0,0.7321575,0,1.4,0.03448276,0.025906736,0.06985886,,,,,,,,,,,,,,,,,REG,NYG,DAL,Kaden Smith,SmitKa00,0.0,0.0,0.0,95.8
2020,REG,5,00-0022127,J.Witten,TE,TE,LV,6997,e38c9b1b-7c51-48a2-ac1d-a752502e8930,9275.0,1384.0,23.0,jasonwitten/2505629,4527.0,6405.0,,396134.0,WittJa00,jason-witten-1,3086.0,1990.0,,6405.0,184571.0,722.0,,Jason Witten,jason witten,2,2,6.0,0,0.0,0.0,-1.0,7.0,1.0,0.043880444,0,0.0,0.06451613,-0.003690037,0.09419117,,,,,,,,,,,,,,,,,REG,LV,KC,Jason Witten,WittJa00,0.0,0.0,0.0,79.2
2020,REG,5,00-0030061,Z.Ertz,TE,TE,PHI,11247,de3421f7-2147-4835-89a5-724e87bad463,11689.0,7816.0,1339.0,zachertz/2540158,15835.0,26658.0,,1685963.0,ErtzZa00,zach-ertz-1,8781.0,8409.0,305.0,26658.0,503177.0,14856.0,503177.0,Zach Ertz,zach ertz,1,6,6.0,0,0.0,0.0,38.0,2.0,1.0,-5.484521,0,0.15789473,0.16666667,0.080168776,0.30611813,Zach Ertz,PHI,6.378,3.596200652521817,5.613333333333334,6.883021335731221,16.666666666666664,6.0,0.0,1.4599999999999937,0.96045472347555,0.4995452765244437,00-0030061,Zachary,Ertz,Z.Ertz,REG,PHI,PIT,Zach Ertz,ErtzZa00,0.0,0.0,0.0,0.0
2020,REG,5,00-0033885,D.Njoku,TE,TE,CLE,13192,8f86fcea-90e8-49ea-bc78-5c7659313e57,16399.0,11784.0,4033.0,,3123076.0,30142.0,,2136474.0,NjokDa00,david-njoku-1,11734.0,12186.0,252.0,30142.0,832098.0,18876.0,832098.0,David Njoku,david njoku,1,1,6.0,0,0.0,0.0,4.0,2.0,1.0,1.0878289,0,1.5,0.02631579,0.011764706,0.047708977,,,,,,,,,,,,,,,,,REG,CLE,IND,David Njoku,NjokDa00,0.0,0.0,0.0,91.7
2020,REG,5,00-0034383,D.Schultz,TE,TE,DAL,13772,8caec1b4-e0b6-4a84-b8c8-617d6e91ef6a,17349.0,47304.0,5001.0,,3117256.0,31107.0,,2136748.0,SchuDa00,dalton-schultz-1,12514.0,13198.0,487.0,31107.0,830523.0,19920.0,830523.0,Dalton Schultz,dalton schultz,1,3,6.0,0,0.0,0.0,10.0,4.0,0.0,-0.89860666,0,0.6,0.09090909,0.042194095,0.1658995,,,,,,,,,,,,,,,,,REG,DAL,NYG,Dalton Schultz,SchuDa00,0.0,0.0,0.0,42.4
2020,REG,5,00-0035259,T.Wesco,TE,TE,NYJ,14231,f6c34178-e063-444b-96b3-df6b3cf66419,18567.0,42018.0,6181.0,,4039253.0,31953.0,,2243366.0,WescTr00,trevon-wesco-1,13828.0,14224.0,,31953.0,919456.0,20977.0,919456.0,Trevon Wesco,trevon wesco,1,1,5.0,0,0.0,0.0,5.0,0.0,0.0,0.28748688,0,1.0,0.032258064,0.01618123,0.059713956,,,,,,,,,,,,,,,,,REG,NYJ,ARI,Trevon Wesco,WescTr00,0.0,0.0,0.0,87.5
2020,REG,5,00-0030470,V.McDonald,TE,TE,PIT,11257,8f24a248-b328-43ec-8677-67600e42a8f7,11699.0,7836.0,1587.0,vancemcdonald/2540215,15853.0,26678.0,,1673357.0,McDoVa00,vance-mcdonald-1,8785.0,8413.0,,26678.0,494969.0,15239.0,,Vance McDonald,vance mcdonald,1,1,4.0,0,0.0,0.0,-3.0,7.0,0.0,-0.09432295,0,0.0,0.029411765,-0.015306123,0.033403363,,,,,,,,,,,,,,,,,REG,PIT,PHI,Vance McDonald,McDoVa00,0.0,0.0,0.0,83.3
2020,REG,5,00-0031260,L.Thomas,TE,TE,WAS,11647,b24625a0-d402-4d59-a778-aa4b073bfe5e,12095.0,8755.0,2251.0,loganthomas/2543767,16813.0,27648.0,,1691193.0,ThomLo00,logan-thomas-1,9323.0,9354.0,,27648.0,507528.0,16656.0,507528.0,Logan Thomas,logan thomas,1,4,4.0,0,0.0,0.0,32.0,0.0,0.0,-5.053283,0,0.125,0.14285715,0.2644628,0.39940968,,,,,,,,,,,,,,,,,REG,WAS,LA,Logan Thomas,ThomLo00,0.0,0.0,0.0,39.6
2020,REG,5,00-0033439,P.Brown,TE,TE,HOU,13994,6733b953-de77-44e5-acbf-c2d3a0940243,16937.0,12247.0,4443.0,,2971281.0,30627.0,,2819155.0,BrowPh01,,11887.0,12737.0,,30627.0,689689.0,19304.0,689689.0,Pharaoh Brown,pharaoh brown,1,1,4.0,0,0.0,0.0,-2.0,6.0,0.0,-1.1052154,0,0.0,0.028571429,-0.0054644807,0.039032005,,,,,,,,,,,,,,,,,REG,HOU,JAX,Pharaoh Brown,BrowPh01,0.0,0.0,0.0,83.3
2020,REG,5,00-0033896,A.Shaheen,TE,TE,MIA,13254,87171077-4c1c-4b67-b159-2cc6242988e0,16457.0,11800.0,4085.0,,4198676.0,30158.0,,2818105.0,ShahAd00,,11898.0,12283.0,,30158.0,1049770.0,18931.0,1049770.0,Adam Shaheen,adam shaheen,1,1,3.0,1,0.0,0.0,0.0,3.0,1.0,1.3670295,0,0.0,0.037037037,0.0,0.055555556,,,,,,,,,,,,,,,,,REG,MIA,SF,Adam Shaheen,ShahAd00,0.0,0.0,0.0,118.7
2020,REG,5,00-0028042,L.Stocker,TE,TE,ATL,10354,5b712aed-201c-43dd-b978-b7b6ef91178e,9948.0,6256.0,963.0,lukestocker/2495234,14099.0,24891.0,7589.0,1125485.0,StocLu00,luke-stocker-1,7413.0,6552.0,,24891.0,334186.0,13370.0,334186.0,Luke Stocker,luke stocker,1,1,2.0,0,0.0,0.0,1.0,1.0,0.0,-0.5264025,0,2.0,0.028571429,0.0034965035,0.045304697,,,,,,,,,,,,,,,,,REG,ATL,CAR,Luke Stocker,StocLu00,0.0,0.0,0.0,79.2
2020,REG,5,00-0031598,N.Boyle,TE,TE,BAL,12328,9480dd9f-151f-4e6d-b5a3-35f07bda4cac,13963.0,9604.0,2474.0,,2574591.0,28559.0,,1888149.0,BoylNi00,,10252.0,10547.0,,28559.0,608753.0,16931.0,608753.0,Nick Boyle,nick boyle,1,2,2.0,0,0.0,0.0,4.0,0.0,0.0,-2.2105513,0,0.5,0.055555556,0.012861736,0.09233655,,,,,,,,,,,,,,,,,REG,BAL,CIN,Nick Boyle,BoylNi00,0.0,0.0,0.0,56.2
2020,REG,5,00-0030216,J.Hill,TE,TE,NO,11529,687cdc33-bd0d-4b70-adb3-33f97dc26a3c,13565.0,8200.0,1777.0,joshhill/2541834,16143.0,26950.0,,2060083.0,HillJo02,,9071.0,8764.0,,26950.0,469509.0,15866.0,,Josh Hill,josh hill,1,1,1.0,0,0.0,0.0,0.0,1.0,0.0,-0.47324872,0,0.0,0.021276595,0.0,0.031914894,,,,,,,,,,,,,,,,,REG,NO,LAC,Josh Hill,HillJo02,0.0,0.0,0.0,79.2
2020,REG,5,00-0030181,J.Doyle,TE,TE,IND,11516,bd413539-9351-454e-9d61-4e8635d7e9f5,11987.0,8520.0,1706.0,jackdoyle/2540232,16504.0,27299.0,,2041264.0,DoylJa00,,9081.0,9075.0,,27299.0,477386.0,15602.0,477386.0,Jack Doyle,jack doyle,0,2,0.0,0,0.0,0.0,12.0,0.0,0.0,-1.8816798,0,0.0,0.0625,0.046692606,0.12643482,,,,,,,,,,,,,,,,,REG,IND,CLE,Jack Doyle,DoylJa00,0.0,0.0,0.0,39.6
2020,REG,5,00-0033217,M.Alie-Cox,TE,TE,IND,13246,8809c0dd-786b-4255-a7d0-333c9498c19a,16579.0,12078.0,4054.0,moalie-cox/2558832,2998565.0,30112.0,,2815925.0,AlieMo00,,12196.0,12221.0,195.0,30112.0,712506.0,18900.0,712506.0,Mo Alie-Cox,mo alie-cox,0,1,0.0,0,0.0,0.0,18.0,0.0,0.0,-3.5332422,0,0.0,0.03125,0.07003891,0.095902234,,,,,,,,,,,,,,,,,REG,IND,CLE,Mo Alie-Cox,AlieMo00,0.0,0.0,0.0,0.0
2020,REG,5,00-0033528,J.Sprinkle,TE,TE,WAS,13194,2dcc8e56-ac32-4774-a011-b1e65ca73786,16461.0,11909.0,4221.0,,2980073.0,30267.0,,1999945.0,SpriJe00,jeremy-sprinkle-1,11899.0,12368.0,,30267.0,693833.0,19067.0,693833.0,Jeremy Sprinkle,jeremy sprinkle,0,1,0.0,0,0.0,0.0,4.0,0.0,0.0,-0.7801995,0,0.0,0.035714287,0.03305785,0.07671192,,,,,,,,,,,,,,,,,REG,WAS,LA,Jeremy Sprinkle,SpriJe00,0.0,1.0,1.0,39.6
2020,REG,5,00-0034192,N.Keizer,TE,TE,KC,14356,cafbcd5f-8b40-444e-baec-a48f49d8c5f0,18054.0,66940.0,5465.0,,4329472.0,31427.0,,2925517.0,KeizNi00,,13126.0,13609.0,,31427.0,1115710.0,20563.0,,Nick Keizer,nick keizer,0,1,0.0,0,0.0,0.0,27.0,0.0,0.0,-0.7193933,0,0.0,0.023809524,0.0647482,0.08103803,,,,,,,,,,,,,,,,,REG,KC,LV,Nick Keizer,KeizNi00,0.0,1.0,1.0,39.6
2020,REG,5,00-0034365,I.Thomas,TE,TE,CAR,13678,ed8a8fd2-df67-45e7-a34f-984afb82f6ea,17387.0,42130.0,4995.0,,4045305.0,31071.0,,2253359.0,ThomIa00,ian-thomas-3,12858.0,13163.0,323.0,31071.0,943093.0,19910.0,943093.0,Ian Thomas,ian thomas,0,1,0.0,0,0.0,0.0,10.0,0.0,0.0,-0.75111955,0,0.0,0.029411765,0.046511628,0.07667579,,,,,,,,,,,,,,,,,REG,CAR,ATL,Ian Thomas,ThomIa00,0.0,1.0,1.0,39.6
2020,REG,5,00-0035329,D.Parham,TE,TE,LAC,14341,4f246e92-3d21-450f-977a-dc16892c7238,18835.0,91014.0,6074.0,,3912092.0,32456.0,,2183713.0,ParhDo00,,13602.0,14320.0,,32456.0,875649.0,20905.0,875649.0,Donald Parham,donald parham,0,1,0.0,0,0.0,0.0,17.0,0.0,0.0,-0.824933,0,0.0,0.03125,0.044270832,0.07786458,,,,,,,,,,,,,,,,,REG,LAC,NO,Donald Parham,ParhDo00,0.0,0.0,0.0,39.6
2020,REG,5,00-0036232,H.Bryant,TE,TE,CLE,14875,f58a5899-8b78-46e8-a29a-ba6273b7d872,19389.0,26394.0,6850.0,,4040774.0,32785.0,,2241240.0,BryaHa00,harrison-bryant-1,14576.0,,752.0,32785.0,0.0,21783.0,916467.0,Harrison Bryant,harrison bryant,0,1,0.0,0,0.0,0.0,22.0,0.0,0.0,-0.250506,0,0.0,0.02631579,0.064705886,0.0847678,,,,,,,,,,,,,,,,,REG,CLE,IND,Harrison Bryant,BryaHa00,0.0,0.0,0.0,39.6
2020,REG,6,00-0033455,A.Firkser,TE,TE,TEN,13919,b0719e3d-199b-46e5-a2b4-1091f6fd5c0d,16787.0,51837.0,4435.0,,3049698.0,30571.0,,2818971.0,FirkAn00,,12235.0,12691.0,,30571.0,767297.0,19296.0,767297.0,Anthony Firkser,anthony firkser,8,9,113.0,1,0.0,0.0,66.0,50.0,6.0,10.761709,0,1.7121212,0.2195122,0.21359223,0.47878286,Anthony Firkser,TEN,7.6066666666666665,2.7243104092469665,7.25111111111111,22.317978181320743,88.88888888888889,113.0,1.0,6.380000000000001,4.179498704963883,2.2005012950361174,00-0033455,Anthony,Firkser,A.Firkser,REG,TEN,HOU,Anthony Firkser,FirkAn00,2.0,0.0,0.0,155.8
2020,REG,6,00-0033288,G.Kittle,TE,TE,SF,13299,2ada91b0-036e-454f-83c3-6d939ff584a9,16499.0,11901.0,4217.0,,3040151.0,30259.0,,2818265.0,KittGe00,george-kittle-1,11892.0,12276.0,298.0,30259.0,733672.0,19063.0,733672.0,George Kittle,george kittle,7,10,109.0,1,0.0,0.0,65.0,71.0,7.0,9.286104,0,1.676923,0.3125,0.44827586,0.7825431,George Kittle,SF,7.114999999999999,3.290868332902039,6.390000000000001,45.178167420814475,70.0,109.0,1.0,10.414285714285713,8.817696583490463,1.59658913079525,00-0033288,George,Kittle,G.Kittle,REG,SF,LA,George Kittle,KittGe00,0.0,2.0,0.2,139.2
2020,REG,6,00-0029738,D.Fells,TE,TE,HOU,11337,54d4e35a-2e6c-48f6-86ad-92dd596c173c,13636.0,8549.0,1592.0,darrenfells/2540928,15773.0,26612.0,,2053740.0,FellDa01,,9758.0,8472.0,,26612.0,266414.0,15247.0,266414.0,Darren Fells,darren fells,6,7,85.0,1,0.0,0.0,51.0,46.0,4.0,6.337241,0,1.6666666,0.1891892,0.15269461,0.39067,Darren Fells,HOU,6.68,4.344552708940758,7.307142857142858,15.302916978309652,85.71428571428571,85.0,1.0,7.9266666666666685,7.238800843851398,0.6878658228152705,00-0029738,Darren,Fells,D.Fells,REG,HOU,TEN,Darren Fells,FellDa01,1.0,0.0,0.0,156.8
2020,REG,6,00-0027656,R.Gronkowski,TE,TE,TB,9902,2142a164-48ad-47d6-bb27-0bc58c6b2e62,9721.0,5567.0,515.0,robgronkowski/497240,13229.0,24017.0,,1244303.0,GronRo00,rob-gronkowski-1,6443.0,5729.0,,24017.0,381091.0,10974.0,381091.0,Rob Gronkowski,rob gronkowski,5,8,78.0,1,0.0,0.0,91.0,25.0,4.0,6.277172,0,0.85714287,0.2962963,0.3939394,0.720202,Rob Gronkowski,TB,4.69,2.7929454308832717,10.598749999999999,37.81216553692472,62.5,78.0,1.0,5.851999999999999,6.093834144672973,-0.24183414467297393,00-0027656,Robert,Gronkowski,R.Gronkowski,REG,TB,GB,Rob Gronkowski,GronRo00,0.0,1.0,0.125,134.4
2020,REG,6,00-0030506,T.Kelce,TE,TE,KC,11244,c3859e06-5f23-4302-a71b-04820a899d5f,11594.0,7844.0,1466.0,traviskelce/2540258,15847.0,26686.0,,1725130.0,KelcTr00,travis-kelce-1,8783.0,8411.0,264.0,26686.0,448240.0,15048.0,448240.0,Travis Kelce,travis kelce,5,7,65.0,2,1.0,1.0,65.0,16.0,4.0,4.8120804,0,1.0,0.26923078,0.4037267,0.68645483,Travis Kelce,KC,5.94,4.996108707788426,9.928571428571429,41.706673067690815,71.42857142857143,65.0,2.0,3.6060000000000003,4.279925986680882,-0.673925986680882,00-0030506,Travis,Kelce,T.Kelce,REG,KC,BUF,Travis Kelce,KelcTr00,0.0,1.0,0.143,139.9
2020,REG,6,00-0030710,T.Burton,TE,TE,IND,11705,bc0f07a4-3e7b-4e61-987a-05533dc225be,12153.0,9185.0,1793.0,treyburton/2550284,16974.0,27789.0,,2130223.0,BurtTr01,,9490.0,9737.0,,27789.0,542788.0,15965.0,,Trey Burton,trey burton,4,5,58.0,1,0.0,0.0,40.0,21.0,4.0,5.4792104,0,1.45,0.11904762,0.116618074,0.26020408,Trey Burton,IND,6.784000000000001,4.723799818619571,8.348,12.50299544692068,80.0,58.0,1.0,5.404999999999999,5.497892497615453,-0.0928924976154537,00-0030710,Lawrence,Burton,T.Burton,REG,IND,CIN,Trey Burton,BurtTr01,0.0,0.0,0.0,154.6
2020,REG,6,00-0034830,H.Hurst,TE,TE,ATL,13680,1b125fc4-5dd9-4eb9-a42f-048e61ca42b7,17283.0,47294.0,4973.0,,3924365.0,30995.0,,2185053.0,HursHa00,hayden-hurst-1,12467.0,13098.0,8.0,30995.0,881956.0,19843.0,881956.0,Hayden Hurst,hayden hurst,4,4,57.0,1,0.0,0.0,21.0,36.0,3.0,8.707816,0,2.7142856,0.10810811,0.08300395,0.22026493,,,,,,,,,,,,,,,,,REG,ATL,MIN,Hayden Hurst,HursHa00,0.0,0.0,0.0,158.3
2020,REG,6,00-0033110,T.Higbee,TE,TE,LA,12678,0df7912d-9e81-47ea-b4f7-d04986df4ee8,15623.0,10744.0,3271.0,,2573401.0,29344.0,,1853103.0,HigbTy00,tyler-higbee-1,10854.0,11430.0,159.0,29344.0,604176.0,18032.0,604176.0,Tyler Higbee,tyler higbee,3,4,56.0,0,0.0,0.0,42.0,19.0,2.0,3.4496124,0,1.3333334,0.10810811,0.092307694,0.22677755,,,,,,,,,,,,,,,,,REG,LA,SF,Tyler Higbee,HigbTy00,0.0,0.0,0.0,116.7
2020,REG,6,00-0034970,I.Smith,TE,TE,MIN,14141,ed0e6a30-83d5-4f4b-bf49-f7ff80e21304,18610.0,42060.0,6126.0,,4040980.0,31882.0,,2257888.0,SmitIr01,irv-smith-jr-1,13583.0,14052.0,,31882.0,944428.0,20949.0,944428.0,Irv Smith,irv smith,4,5,55.0,0,0.0,0.0,31.0,25.0,3.0,4.1047935,1,1.7741935,0.14285715,0.09337349,0.27964717,Irv Smith,MIN,5.53,3.41277097678807,5.218000000000002,7.742758784425456,80.0,55.0,0.0,7.124999999999998,5.333694170257473,1.7913058297425248,00-0034970,Irvin,Smith,I.Smith,REG,MIN,ATL,Irv Smith Jr.,SmitIr01,0.0,0.0,0.0,112.5
2020,REG,6,00-0032392,A.Hooper,TE,TE,CLE,12677,90c2a93f-d837-4e1b-b57c-56648903a8db,15581.0,10715.0,3202.0,,3043275.0,29315.0,,2067004.0,HoopAu00,austin-hooper-1,10748.0,11301.0,384.0,29315.0,739424.0,17963.0,739424.0,Austin Hooper,austin hooper,5,6,52.0,0,0.0,0.0,20.0,39.0,1.0,0.08694641,0,2.6,0.23076923,0.14084508,0.4447454,Austin Hooper,CLE,7.581666666666667,4.52869821375736,3.0499999999999985,11.795037060908795,83.33333333333334,52.0,0.0,8.066,8.185966658418147,-0.11996665841814647,00-0032392,Austin,Hooper,A.Hooper,REG,CLE,PIT,Austin Hooper,HoopAu00,0.0,0.0,0.0,102.8
2020,REG,6,00-0033896,A.Shaheen,TE,TE,MIA,13254,87171077-4c1c-4b67-b159-2cc6242988e0,16457.0,11800.0,4085.0,,4198676.0,30158.0,,2818105.0,ShahAd00,,11898.0,12283.0,,30158.0,1049770.0,18931.0,1049770.0,Adam Shaheen,adam shaheen,3,3,51.0,1,0.0,0.0,16.0,35.0,2.0,5.081626,0,3.1875,0.10344828,0.07272727,0.20608151,,,,,,,,,,,,,,,,,REG,MIA,NYJ,Adam Shaheen,ShahAd00,0.0,0.0,0.0,158.3
2020,REG,6,00-0027981,K.Rudolph,TE,TE,MIN,10312,1059e9dc-97df-4643-9116-883a0573d8b1,9906.0,6195.0,943.0,kylerudolph/2495438,14054.0,24830.0,7444.0,1633122.0,RudoKy00,kyle-rudolph-1,7246.0,6459.0,,24830.0,469472.0,13275.0,469472.0,Kyle Rudolph,kyle rudolph,3,4,47.0,0,0.0,0.0,30.0,23.0,2.0,2.8436065,0,1.5666667,0.114285715,0.090361446,0.23468158,,,,,,,,,,,,,,,,,REG,MIN,ATL,Kyle Rudolph,RudoKy00,0.0,0.0,0.0,113.5
2020,REG,6,00-0036423,A.Okwuegbunam,TE,TE,DEN,14873,617aee8a-70be-4bdf-9a71-2e2b74e647e6,18246.0,41933.0,6843.0,,4035115.0,32788.0,,2245117.0,OkwuAl00,albert-okwuegbunam-1,14369.0,,,32788.0,0.0,21794.0,920077.0,Albert Okwuegbunam,albert okwuegbunam,2,6,45.0,0,0.0,0.0,86.0,27.0,2.0,0.66997504,0,0.5232558,0.25,0.21994884,0.5289642,Albert Okwuegbunam,DEN,6.073333333333333,2.000967637903772,16.495,24.452130945027797,33.33333333333333,45.0,0.0,14.549999999999997,10.251638973991248,4.298361026008749,00-0036423,Albert,Okwuegbunam,A.Okwuegbunam,REG,DEN,NE,Albert Okwuegbunam,OkwuAl00,0.0,0.0,0.0,61.1
2020,REG,6,00-0031260,L.Thomas,TE,TE,WAS,11647,b24625a0-d402-4d59-a778-aa4b073bfe5e,12095.0,8755.0,2251.0,loganthomas/2543767,16813.0,27648.0,,1691193.0,ThomLo00,logan-thomas-1,9323.0,9354.0,,27648.0,507528.0,16656.0,507528.0,Logan Thomas,logan thomas,3,4,42.0,1,0.0,0.0,40.0,13.0,2.0,3.1863,0,1.05,0.1,0.17316018,0.27121213,,,,,,,,,,,,,,,,,REG,WAS,NYG,Logan Thomas,ThomLo00,1.0,0.0,0.0,147.9
2020,REG,6,00-0034439,R.Izzo,TE,TE,NE,13847,40b8fa44-b289-42dd-9606-a1ae30adc7bc,17541.0,47327.0,5094.0,,3122920.0,31127.0,,2138988.0,IzzoRy00,ryan-izzo-1,12529.0,13349.0,,31220.0,834990.0,20069.0,834990.0,Ryan Izzo,ryan izzo,3,3,38.0,0,1.0,1.0,25.0,13.0,1.0,-2.7738574,0,1.52,0.11111111,0.17006803,0.2857143,,,,,,,,,,,,,,,,,REG,NE,DEN,Ryan Izzo,IzzoRy00,0.0,0.0,0.0,118.7
2020,REG,6,00-0034383,D.Schultz,TE,TE,DAL,13772,8caec1b4-e0b6-4a84-b8c8-617d6e91ef6a,17349.0,47304.0,5001.0,,3117256.0,31107.0,,2136748.0,SchuDa00,dalton-schultz-1,12514.0,13198.0,487.0,31107.0,830523.0,19920.0,830523.0,Dalton Schultz,dalton schultz,4,5,35.0,0,0.0,0.0,24.0,22.0,1.0,0.62243754,0,1.4583334,0.09615385,0.07692308,0.19807692,Dalton Schultz,DAL,2.7249999999999996,3.1650735168289175,4.516,7.109795648477596,80.0,35.0,0.0,5.93,6.829674907649519,-0.8996749076495192,00-0034383,Dalton,Schultz,D.Schultz,REG,DAL,ARI,Dalton Schultz,SchuDa00,0.0,0.0,0.0,95.8
2020,REG,6,00-0027696,J.Graham,TE,TE,CHI,9925,fd85786d-3900-4dc0-9b30-334ee30413ed,9712.0,5619.0,616.0,jimmygraham/497236,13232.0,24070.0,6610.0,1691166.0,GrahJi00,jimmy-graham-1,6532.0,5842.0,,24070.0,295918.0,11488.0,295918.0,Jimmy Graham,jimmy graham,5,8,34.0,0,0.0,0.0,34.0,12.0,4.0,0.50631166,0,1.0,0.22222222,0.16585366,0.44943088,Jimmy Graham,CHI,7.036666666666666,2.4682912596260183,3.7325000000000017,15.104456472254546,62.5,34.0,0.0,2.791999999999996,3.6801248918060994,-0.8881248918061035,00-0027696,Jimmy,Graham,J.Graham,REG,CHI,CAR,Jimmy Graham,GrahJi00,0.0,0.0,0.0,71.9
2020,REG,6,00-0030061,Z.Ertz,TE,TE,PHI,11247,de3421f7-2147-4835-89a5-724e87bad463,11689.0,7816.0,1339.0,zachertz/2540158,15835.0,26658.0,,1685963.0,ErtzZa00,zach-ertz-1,8781.0,8409.0,305.0,26658.0,503177.0,14856.0,503177.0,Zach Ertz,zach ertz,4,10,33.0,0,0.0,0.0,67.0,2.0,1.0,-2.2030897,0,0.49253732,0.25641027,0.18406594,0.51346153,Zach Ertz,PHI,6.029,1.9882748585072854,7.350999999999999,18.373365992651653,40.0,33.0,0.0,0.8425000000000011,1.311374238868377,-0.46887423886837576,00-0030061,Zachary,Ertz,Z.Ertz,REG,PHI,BAL,Zach Ertz,ErtzZa00,0.0,1.0,0.1,49.2
2020,REG,6,00-0031598,N.Boyle,TE,TE,BAL,12328,9480dd9f-151f-4e6d-b5a3-35f07bda4cac,13963.0,9604.0,2474.0,,2574591.0,28559.0,,1888149.0,BoylNi00,,10252.0,10547.0,,28559.0,608753.0,16931.0,608753.0,Nick Boyle,nick boyle,3,3,33.0,1,0.0,0.0,26.0,7.0,3.0,3.8741984,0,1.2692307,0.12,0.15757576,0.29030302,,,,,,,,,,,,,,,,,REG,BAL,PHI,Nick Boyle,BoylNi00,0.0,0.0,0.0,152.1
2020,REG,6,00-0031384,R.Rodgers,TE,TE,PHI,11785,e00b3426-238b-4bdb-85c3-bbf08b7469e3,12233.0,8733.0,2146.0,richardrodgers/2550313,16786.0,27626.0,,2129433.0,RodgRi00,richard-rodgers-1,9559.0,9547.0,,27626.0,607699.0,16491.0,607699.0,Richard Rodgers,richard rodgers,3,3,31.0,0,0.0,0.0,27.0,4.0,2.0,2.5035613,0,1.1481482,0.07692308,0.07417583,0.16730769,,,,,,,,,,,,,,,,,REG,PHI,BAL,Richard Rodgers,RodgRi00,0.0,0.0,0.0,109.7
2020,REG,6,00-0033881,E.Engram,TE,TE,NYG,13189,e21365af-8d66-416e-b0a5-8816d18fcfd9,16411.0,11778.0,4066.0,,3051876.0,30136.0,,2079887.0,EngrEv00,evan-engram-1,11805.0,12205.0,229.0,30136.0,749185.0,18912.0,749185.0,Evan Engram,evan engram,2,3,30.0,0,0.0,0.0,29.0,7.0,2.0,2.4041264,0,1.0344827,0.16666667,0.232,0.4124,,,,,,,,,,,,,,,,,REG,NYG,WAS,Evan Engram,EngrEv00,0.0,0.0,0.0,99.3
2020,REG,6,00-0030181,J.Doyle,TE,TE,IND,11516,bd413539-9351-454e-9d61-4e8635d7e9f5,11987.0,8520.0,1706.0,jackdoyle/2540232,16504.0,27299.0,,2041264.0,DoylJa00,,9081.0,9075.0,,27299.0,477386.0,15602.0,477386.0,Jack Doyle,jack doyle,3,3,29.0,1,1.0,1.0,24.0,5.0,2.0,-2.39391,0,1.2083334,0.071428575,0.069970846,0.15612245,,,,,,,,,,,,,,,,,REG,IND,CIN,Jack Doyle,DoylJa00,0.0,0.0,0.0,146.5
2020,REG,6,00-0033439,P.Brown,TE,TE,HOU,13994,6733b953-de77-44e5-acbf-c2d3a0940243,16937.0,12247.0,4443.0,,2971281.0,30627.0,,2819155.0,BrowPh01,,11887.0,12737.0,,30627.0,689689.0,19304.0,689689.0,Pharaoh Brown,pharaoh brown,2,2,28.0,0,0.0,0.0,19.0,9.0,1.0,2.1539383,0,1.4736842,0.054054055,0.056886226,0.12090144,,,,,,,,,,,,,,,,,REG,HOU,TEN,Pharaoh Brown,BrowPh01,0.0,0.0,0.0,118.7
2020,REG,6,00-0033895,G.Everett,TE,TE,LA,13236,ebeceb00-57e0-4b74-9cf7-853da2afed18,16459.0,11799.0,4089.0,,3918639.0,30157.0,,2142692.0,EverGe00,gerald-everett-1,11737.0,12284.0,55.0,30157.0,838487.0,18935.0,838487.0,Gerald Everett,gerald everett,3,4,27.0,0,0.0,0.0,30.0,9.0,1.0,-0.09596663,0,0.9,0.10810811,0.06593407,0.20831601,,,,,,,,,,,,,,,,,REG,LA,SF,Gerald Everett,EverGe00,0.0,0.0,0.0,92.7
2020,REG,6,00-0033757,R.Tonyan,TE,TE,GB,13427,7c9c7800-69d0-459b-812b-a07ac48e9f2a,16502.0,12193.0,4602.0,,2975674.0,30777.0,,2820026.0,TonyRo00,,12389.0,12868.0,,30777.0,660151.0,19491.0,660151.0,Robert Tonyan,robert tonyan,3,4,25.0,0,0.0,0.0,25.0,9.0,2.0,0.9896548,0,1.0,0.12903225,0.08389262,0.25227323,,,,,,,,,,,,,,,,,REG,GB,TB,Robert Tonyan,TonyRo00,0.0,0.0,0.0,90.6
2020,REG,6,00-0034753,M.Andrews,TE,TE,BAL,13671,0618f387-9b72-4270-8b8f-dec4cccc9e4a,17269.0,47436.0,5012.0,,3116365.0,31056.0,,2131121.0,AndrMa00,mark-andrews-1,12559.0,13182.0,366.0,31056.0,820699.0,19803.0,820699.0,Mark Andrews,mark andrews,2,4,21.0,0,0.0,0.0,19.0,16.0,1.0,0.13245343,0,1.1052631,0.16,0.11515152,0.32060605,,,,,,,,,,,,,,,,,REG,BAL,PHI,Mark Andrews,AndrMa00,0.0,0.0,0.0,65.6
2020,REG,6,00-0036290,C.Kmet,TE,TE,CHI,14867,036feeb6-9a22-43c5-a8e3-7ac611d8ff49,19229.0,60995.0,6826.0,,4258595.0,32713.0,,2868619.0,KmetCo00,cole-kmet-1,14436.0,,569.0,32713.0,0.0,21772.0,1066765.0,Cole Kmet,cole kmet,2,2,20.0,1,0.0,0.0,15.0,5.0,2.0,3.789326,0,1.3333334,0.055555556,0.07317073,0.13455285,,,,,,,,,,,,,,,,,REG,CHI,CAR,Cole Kmet,KmetCo00,0.0,0.0,0.0,147.9
2020,REG,6,00-0030108,R.Griffin,TE,TE,NYJ,11399,cb1df42c-b59c-4e23-a9a2-fbfc2b39ef71,11830.0,7982.0,1425.0,ryangriffin/2541316,15887.0,26824.0,,2057695.0,GrifRy00,ryan-griffin-1,8911.0,8600.0,,26824.0,465129.0,14985.0,465129.0,Ryan Griffin,ryan griffin,2,3,17.0,0,0.0,0.0,17.0,2.0,1.0,0.76969755,0,1.0,0.07692308,0.04607046,0.14763394,,,,,,,,,,,,,,,,,REG,NYJ,MIA,Ryan Griffin,GrifRy00,0.0,0.0,0.0,81.2
2020,REG,6,00-0035229,T.Hockenson,TE,TE,DET,14138,bd1120b6-38b3-4225-a4b0-20660a149d0d,18290.0,40912.0,5844.0,,4036133.0,31840.0,,2251097.0,HockTJ00,tj-hockenson-1,13610.0,14051.0,247.0,31840.0,923915.0,20805.0,923915.0,T.J. Hockenson,tj hockenson,2,5,17.0,1,0.0,0.0,34.0,5.0,2.0,2.2090383,0,0.5,0.16129032,0.12639405,0.33041131,T.J. Hockenson,DET,3.37,3.504274888404139,8.600000000000001,14.510359721941018,40.0,17.0,1.0,2.4949999999999974,1.6765674302068874,0.8184325697931101,00-0035229,Thomas,Hockenson,T.Hockenson,REG,DET,JAX,T.J. Hockenson,HockTJ00,0.0,1.0,0.2,89.2
2020,REG,6,00-0034988,K.Smith,TE,TE,NYG,14142,7bb7f5e7-f00e-47d8-954d-90bf5baf4292,18293.0,40973.0,6146.0,,4044452.0,32008.0,,2251343.0,SmitKa00,kaden-smith-1,13516.0,14217.0,,32008.0,924018.0,20946.0,924018.0,Kaden Smith,kaden smith,3,3,15.0,0,0.0,0.0,1.0,14.0,2.0,1.8021796,0,15.0,0.16666667,0.008,0.2556,,,,,,,,,,,,,,,,,REG,NYG,WAS,Kaden Smith,SmitKa00,0.0,0.0,0.0,87.5
2020,REG,6,00-0033858,J.Smith,TE,TE,TEN,13193,e4f25a37-74de-4bfb-b6c9-f50a4fab0b87,16460.0,11855.0,4144.0,,3054212.0,30213.0,,2081506.0,SmitJo01,jonnu-smith-1,11807.0,12344.0,84.0,30213.0,743749.0,18990.0,743749.0,Jonnu Smith,jonnu smith,1,2,13.0,0,0.0,0.0,13.0,11.0,1.0,1.4592553,0,1.0,0.048780486,0.042071197,0.10262057,,,,,,,,,,,,,,,,,REG,TEN,HOU,Jonnu Smith,SmitJo01,1.0,0.0,0.0,70.8
2020,REG,6,00-0036232,H.Bryant,TE,TE,CLE,14875,f58a5899-8b78-46e8-a29a-ba6273b7d872,19389.0,26394.0,6850.0,,4040774.0,32785.0,,2241240.0,BryaHa00,harrison-bryant-1,14576.0,,752.0,32785.0,0.0,21783.0,916467.0,Harrison Bryant,harrison bryant,1,2,11.0,0,0.0,0.0,6.0,10.0,1.0,-6.36366,0,1.8333334,0.07692308,0.04225352,0.14496209,,,,,,,,,,,,,,,,,REG,CLE,PIT,Harrison Bryant,BryaHa00,0.0,0.0,0.0,27.1
2020,REG,6,00-0032141,G.Swaim,TE,TE,TEN,12378,d0f9112d-2496-450a-9fc5-d2d01b4d2454,14164.0,9679.0,2545.0,geoffswaim/2553454,3046704.0,28634.0,,2174207.0,SwaiGe00,geoff-swaim-1,10507.0,10617.0,,28634.0,728021.0,17005.0,728021.0,Geoff Swaim,geoff swaim,2,3,10.0,0,0.0,0.0,1.0,5.0,0.0,-0.79520273,0,10.0,0.07317073,0.003236246,0.11202147,,,,,,,,,,,,,,,,,REG,TEN,HOU,Geoff Swaim,SwaiGe00,0.0,1.0,0.333,71.5
2020,REG,6,00-0031387,E.Ebron,TE,TE,PIT,11695,9fbcfae9-dd14-415c-8952-9b1b5dff0dfc,12143.0,8645.0,2118.0,ericebron/2543466,16732.0,27538.0,,1865396.0,EbroEr00,eric-ebron-1,9210.0,9390.0,,27538.0,605752.0,16451.0,605752.0,Eric Ebron,eric ebron,2,4,9.0,0,0.0,0.0,28.0,5.0,1.0,-2.4356744,0,0.32142857,0.17391305,0.1627907,0.37482306,,,,,,,,,,,,,,,,,REG,PIT,CLE,Eric Ebron,EbroEr00,0.0,0.0,0.0,56.2
2020,REG,6,00-0034365,I.Thomas,TE,TE,CAR,13678,ed8a8fd2-df67-45e7-a34f-984afb82f6ea,17387.0,42130.0,4995.0,,4045305.0,31071.0,,2253359.0,ThomIa00,ian-thomas-3,12858.0,13163.0,323.0,31071.0,943093.0,19910.0,943093.0,Ian Thomas,ian thomas,1,1,9.0,0,0.0,0.0,4.0,5.0,0.0,-0.0877287,0,2.25,0.037037037,0.016260162,0.06693767,,,,,,,,,,,,,,,,,REG,CAR,CHI,Ian Thomas,ThomIa00,0.0,0.0,0.0,104.2
2020,REG,6,00-0032214,T.Kroft,TE,TE,BUF,12212,36f54823-9d51-4180-9c91-d10281deb4bf,13960.0,9518.0,2390.0,tylerkroft/2552586,2582410.0,28473.0,,1824200.0,KrofTy00,tyler-kroft-1,10247.0,10490.0,,28473.0,592268.0,16846.0,592268.0,Tyler Kroft,tyler kroft,1,2,7.0,0,0.0,0.0,6.0,3.0,0.0,-0.09796998,0,1.1666666,0.08,0.023622047,0.13653544,,,,,,,,,,,,,,,,,REG,BUF,KC,Tyler Kroft,KrofTy00,0.0,0.0,0.0,58.3
2020,REG,6,00-0032394,N.Vannett,TE,TE,DEN,12680,c731aa8a-778b-4ccd-a19f-517eb66f47b7,15645.0,10728.0,3258.0,,2576399.0,29328.0,,1871322.0,VannNi00,nick-vannett-1,10949.0,11329.0,,29328.0,606488.0,18019.0,606488.0,Nick Vannett,nick vannett,1,1,7.0,0,0.0,0.0,4.0,3.0,0.0,0.34519044,0,1.75,0.041666668,0.010230179,0.069661126,,,,,,,,,,,,,,,,,REG,DEN,NE,Nick Vannett,VannNi00,0.0,0.0,0.0,95.8
2020,REG,6,00-0033885,D.Njoku,TE,TE,CLE,13192,8f86fcea-90e8-49ea-bc78-5c7659313e57,16399.0,11784.0,4033.0,,3123076.0,30142.0,,2136474.0,NjokDa00,david-njoku-1,11734.0,12186.0,252.0,30142.0,832098.0,18876.0,832098.0,David Njoku,david njoku,1,3,7.0,0,0.0,0.0,4.0,4.0,0.0,-1.2789664,0,1.75,0.115384616,0.028169014,0.19279523,,,,,,,,,,,,,,,,,REG,CLE,PIT,David Njoku,NjokDa00,0.0,0.0,0.0,42.4
2020,REG,6,00-0031484,C.Manhertz,TE,TE,CAR,12955,7c7b5515-7786-4e24-9ce0-34e6a8bd5727,14014.0,10211.0,3048.0,,2531358.0,28365.0,,2167520.0,ManhCh00,,10033.0,10295.0,,28365.0,563293.0,17762.0,563293.0,Chris Manhertz,chris manhertz,1,2,6.0,0,0.0,0.0,11.0,0.0,0.0,-1.6277412,0,0.54545456,0.074074075,0.044715445,0.14241192,,,,,,,,,,,,,,,,,REG,CAR,CHI,Chris Manhertz,ManhCh00,0.0,0.0,0.0,56.2
2020,REG,6,00-0034798,D.Smythe,TE,TE,MIA,13676,7e42a22a-c47b-4387-aeeb-2cc2e76dc1d8,17508.0,47257.0,5008.0,,3052897.0,31093.0,,2082845.0,SmytDu00,durham-smythe-1,12807.0,13249.0,,31093.0,749968.0,19943.0,749968.0,Durham Smythe,durham smythe,1,2,4.0,1,0.0,0.0,11.0,0.0,1.0,-1.2164819,0,0.36363637,0.06896552,0.05,0.13844828,,,,,,,,,,,,,,,,,REG,MIA,NYJ,Durham Smythe,SmytDu00,0.0,0.0,0.0,95.8
2020,REG,6,00-0031273,C.Brate,TE,TE,TB,12110,5afe93fd-0caf-4cca-83fc-7f405bebfa3e,13470.0,9207.0,2214.0,,17453.0,28267.0,,2132787.0,BratCa00,,10008.0,10193.0,,28267.0,552926.0,16593.0,552926.0,Cameron Brate,cameron brate,1,1,3.0,0,0.0,0.0,3.0,0.0,0.0,-0.9468749,0,1.0,0.037037037,0.012987013,0.06464647,,,,,,,,,,,,,,,,,REG,TB,GB,Cameron Brate,BratCa00,0.0,0.0,0.0,79.2
2020,REG,6,00-0032135,J.James,TE,TE,DET,12211,a37a5bfd-b48c-4d8b-817a-d8ce7ca3592d,13959.0,9593.0,2463.0,jessejames/2552633,2979590.0,28548.0,,1983808.0,JameJe00,jesse-james-1,10150.0,10403.0,,28548.0,652019.0,16920.0,652019.0,Jesse James,jesse james,1,2,3.0,0,0.0,0.0,1.0,2.0,0.0,-1.2460254,0,3.0,0.06451613,0.003717472,0.099376425,,,,,,,,,,,,,,,,,REG,DET,JAX,Jesse James,JameJe00,0.0,0.0,0.0,56.2
2020,REG,6,00-0033627,J.Croom,TE,TE,PHI,13890,e17b5817-d955-42be-bb8d-e34d89f6dd71,16770.0,12145.0,4536.0,,2972240.0,30594.0,,2819968.0,,,12082.0,12709.0,,30594.0,690029.0,19415.0,690029.0,Jason Croom,jason croom,1,1,3.0,1,0.0,0.0,3.0,0.0,1.0,1.2357237,0,1.0,0.025641026,0.008241759,0.04423077,,,,,,,,,,,,,,,,,,,,,,,,,
2020,REG,6,00-0034192,N.Keizer,TE,TE,KC,14356,cafbcd5f-8b40-444e-baec-a48f49d8c5f0,18054.0,66940.0,5465.0,,4329472.0,31427.0,,2925517.0,KeizNi00,,13126.0,13609.0,,31427.0,1115710.0,20563.0,,Nick Keizer,nick keizer,1,1,2.0,0,0.0,0.0,-5.0,7.0,0.0,-0.45801848,0,0.0,0.03846154,-0.031055901,0.03595318,,,,,,,,,,,,,,,,,REG,KC,BUF,Nick Keizer,KeizNi00,0.0,0.0,0.0,79.2
2020,REG,6,00-0033258,D.Daniels,TE,TE,ARI,13396,7574eb56-a34a-419e-9682-c4788cfe2019,16582.0,12122.0,4323.0,,3052166.0,30523.0,,2079698.0,DaniDa02,,11890.0,12453.0,,30523.0,747895.0,19176.0,747895.0,Darrell Daniels,darrell daniels,1,1,1.0,0,0.0,0.0,1.0,0.0,1.0,0.36951777,0,1.0,0.045454547,0.004347826,0.07122529,,,,,,,,,,,,,,,,,REG,ARI,DAL,Darrell Daniels,DaniDa02,0.0,0.0,0.0,79.2
2020,REG,6,00-0024243,M.Lewis,TE,TE,GB,8269,9c21e9af-681c-41ef-9b00-fbc9e1668ed1,9413.0,2973.0,111.0,marcedeslewis/2495888,9614.0,7777.0,4007.0,415313.0,LewiMa00,marcedes-lewis-1,4891.0,3615.0,,7777.0,214197.0,3061.0,214197.0,Marcedes Lewis,marcedes lewis,0,2,0.0,0,0.0,0.0,22.0,0.0,0.0,-1.5361463,0,0.0,0.06451613,0.0738255,0.14845204,,,,,,,,,,,,,,,,,REG,GB,TB,Marcedes Lewis,LewiMa00,0.0,2.0,1.0,39.6
2020,REG,6,00-0030155,D.Harris,TE,TE,CHI,11448,8506c15c-15cc-4d2c-aebf-270c605fe0ec,11881.0,8524.0,1619.0,demetriusharris/2541187,16318.0,27174.0,,2060074.0,HarrDe03,,9847.0,8683.0,,27174.0,602269.0,15305.0,602269.0,Demetrius Harris,demetrius harris,0,3,0.0,0,0.0,0.0,21.0,0.0,0.0,-6.4749184,0,0.0,0.083333336,0.10243902,0.19670732,,,,,,,,,,,,,,,,,REG,CHI,CAR,Demetrius Harris,HarrDe03,0.0,1.0,0.333,0.0
2020,REG,6,00-0031951,J.O'Shaughnessy,TE,TE,JAX,12330,e5c6b0d4-3e77-422b-a6d8-574a10ed385e,14146.0,9606.0,2476.0,,2508079.0,28561.0,,2174148.0,O'ShJa00,,10249.0,10549.0,,28561.0,552352.0,16933.0,552352.0,James O'Shaughnessy,james oshaughnessy,0,1,0.0,0,0.0,0.0,8.0,0.0,0.0,-0.4567471,0,0.0,0.022727273,0.019184653,0.047520164,,,,,,,,,,,,,,,,,REG,JAX,DET,James O'Shaughnessy,O'ShJa00,0.0,0.0,0.0,39.6
2020,REG,6,00-0032062,B.Bell,TE,TE,DAL,12213,0cc4e449-185a-4b08-9f07-c907ad0c3e05,13966.0,9550.0,2422.0,,2514206.0,28505.0,,1737101.0,BellBl00,blake-bell-1,10248.0,10366.0,,28505.0,542871.0,16878.0,542871.0,Blake Bell,blake bell,0,1,0.0,0,0.0,0.0,16.0,0.0,0.0,-0.44602242,0,0.0,0.01923077,0.051282052,0.06474359,,,,,,,,,,,,,,,,,REG,DAL,ARI,Blake Bell,BellBl00,0.0,0.0,0.0,39.6
2020,REG,6,00-0033338,C.Carter,TE,TE,CIN,13369,53fd9a69-1b10-4fd6-90e7-ee84cca9e041,16543.0,47149.0,4362.0,,3040470.0,30577.0,,2060620.0,CartCe00,,11889.0,12499.0,,30577.0,728274.0,19219.0,728274.0,Cethan Carter,cethan carter,0,1,0.0,0,0.0,0.0,2.0,0.0,0.0,-0.86052066,0,0.0,0.025641026,0.0058139535,0.042531304,,,,,,,,,,,,,,,,,REG,CIN,IND,Cethan Carter,CartCe00,0.0,1.0,1.0,39.6
2020,REG,6,00-0033611,R.Seals-Jones,TE,TE,KC,13382,52735659-a294-4f64-a7f4-3591450834e5,16730.0,12020.0,4531.0,,3051806.0,30494.0,,2080003.0,SealRi00,,11876.0,12463.0,,30494.0,744568.0,19410.0,744568.0,Ricky Seals-Jones,ricky seals-jones,0,1,0.0,0,0.0,0.0,7.0,0.0,0.0,-0.533207,0,0.0,0.03846154,0.04347826,0.08812709,,,,,,,,,,,,,,,,,REG,KC,BUF,Ricky Seals-Jones,SealRi00,0.0,1.0,1.0,39.6
2020,REG,6,00-0034829,M.Gesicki,TE,TE,MIA,13672,1012cbe0-7eba-4169-bfca-183a0204e1a7,17272.0,47153.0,4993.0,,3116164.0,31012.0,,2139298.0,GesiMi00,mike-gesicki-1,12764.0,13104.0,330.0,31012.0,836152.0,19853.0,836152.0,Mike Gesicki,mike gesicki,0,2,0.0,0,0.0,0.0,30.0,0.0,0.0,-5.788286,0,0.0,0.06896552,0.13636364,0.19890282,,,,,,,,,,,,,,,,,REG,MIA,NYJ,Mike Gesicki,GesiMi00,0.0,0.0,0.0,0.0
2020,REG,6,00-0035631,D.Sample,TE,TE,CIN,14146,15a4f552-ecaf-45bd-9006-aa5dda93bee6,18561.0,47259.0,6001.0,,3127310.0,31884.0,,2139646.0,SampDr00,drew-sample-1,13809.0,14111.0,435.0,31884.0,837824.0,20931.0,837824.0,Drew Sample,drew sample,0,1,0.0,0,0.0,0.0,5.0,0.0,0.0,-0.54615384,0,0.0,0.025641026,0.014534884,0.048635956,,,,,,,,,,,,,,,,,REG,CIN,IND,Drew Sample,SampDr00,0.0,0.0,0.0,39.6
2020,REG,6,00-0036250,T.Davis,TE,TE,JAX,14996,e7a9186e-5e19-4f70-b45c-527c888e6fc7,19811.0,47743.0,7131.0,,3914240.0,32876.0,,2182811.0,DaviTy02,tyler-davis-2,14827.0,,,32876.0,0.0,22138.0,866174.0,Tyler Davis,tyler davis,0,2,0.0,0,0.0,0.0,27.0,0.0,0.0,-1.7064179,0,0.0,0.045454547,0.0647482,0.11350556,,,,,,,,,,,,,,,,,REG,JAX,DET,Tyler Davis,DaviTy02,0.0,0.0,0.0,39.6
2020,REG,7,00-0031384,R.Rodgers,TE,TE,PHI,11785,e00b3426-238b-4bdb-85c3-bbf08b7469e3,12233.0,8733.0,2146.0,richardrodgers/2550313,16786.0,27626.0,,2129433.0,RodgRi00,richard-rodgers-1,9559.0,9547.0,,27626.0,607699.0,16491.0,607699.0,Richard Rodgers,richard rodgers,6,8,85.0,0,0.0,0.0,61.0,24.0,3.0,4.545079,0,1.3934426,0.19512194,0.16531165,0.40840107,Richard Rodgers,PHI,4.83875,4.3910678916552905,8.059999999999999,16.05617669762693,75.0,85.0,0.0,5.086666666666669,3.95149636271204,1.1351703039546286,00-0031384,Richard,Rodgers,R.Rodgers,REG,PHI,NYG,Richard Rodgers,RodgRi00,0.0,0.0,0.0,108.9
2020,REG,7,00-0034830,H.Hurst,TE,TE,ATL,13680,1b125fc4-5dd9-4eb9-a42f-048e61ca42b7,17283.0,47294.0,4973.0,,3924365.0,30995.0,,2185053.0,HursHa00,hayden-hurst-1,12467.0,13098.0,8.0,30995.0,881956.0,19843.0,881956.0,Hayden Hurst,hayden hurst,6,7,68.0,0,0.0,0.0,47.0,27.0,6.0,8.504327,0,1.4468085,0.175,0.16607773,0.3787544,Hayden Hurst,ATL,7.663333333333334,4.965159700436893,6.105714285714287,14.598988932914336,85.71428571428571,68.0,0.0,5.208333333333332,4.978849236215116,0.22948409711821594,00-0034830,Hayden,Hurst,H.Hurst,REG,ATL,DET,Hayden Hurst,HursHa00,0.0,1.0,0.143,107.1
2020,REG,7,00-0032214,T.Kroft,TE,TE,BUF,12212,36f54823-9d51-4180-9c91-d10281deb4bf,13960.0,9518.0,2390.0,tylerkroft/2552586,2582410.0,28473.0,,1824200.0,KrofTy00,tyler-kroft-1,10247.0,10490.0,,28473.0,592268.0,16846.0,592268.0,Tyler Kroft,tyler kroft,4,4,64.0,0,0.0,0.0,37.0,27.0,3.0,3.9904659,0,1.7297298,0.09756097,0.13454546,0.24052328,,,,,,,,,,,,,,,,,REG,BUF,NYJ,Tyler Kroft,KrofTy00,0.0,0.0,0.0,118.7
2020,REG,7,00-0027656,R.Gronkowski,TE,TE,TB,9902,2142a164-48ad-47d6-bb27-0bc58c6b2e62,9721.0,5567.0,515.0,robgronkowski/497240,13229.0,24017.0,,1244303.0,GronRo00,rob-gronkowski-1,6443.0,5729.0,,24017.0,381091.0,10974.0,381091.0,Rob Gronkowski,rob gronkowski,5,8,62.0,1,1.0,0.0,105.0,12.0,3.0,3.8346968,0,0.5904762,0.19512194,0.28225806,0.49026358,Rob Gronkowski,TB,5.489999999999999,3.0821933911346666,14.58875,30.015688089910757,62.5,62.0,1.0,1.7079999999999997,1.3512129825565637,0.356787017443436,00-0027656,Robert,Gronkowski,R.Gronkowski,REG,TB,LV,Rob Gronkowski,GronRo00,0.0,0.0,0.0,126.0
2020,REG,7,00-0031260,L.Thomas,TE,TE,WAS,11647,b24625a0-d402-4d59-a778-aa4b073bfe5e,12095.0,8755.0,2251.0,loganthomas/2543767,16813.0,27648.0,,1691193.0,ThomLo00,logan-thomas-1,9323.0,9354.0,,27648.0,507528.0,16656.0,507528.0,Logan Thomas,logan thomas,4,4,60.0,1,0.0,0.0,37.0,23.0,3.0,6.553777,0,1.6216216,0.1904762,0.20670392,0.43040702,,,,,,,,,,,,,,,,,REG,WAS,DAL,Logan Thomas,ThomLo00,1.0,0.0,0.0,158.3
2020,REG,7,00-0036423,A.Okwuegbunam,TE,TE,DEN,14873,617aee8a-70be-4bdf-9a71-2e2b74e647e6,18246.0,41933.0,6843.0,,4035115.0,32788.0,,2245117.0,OkwuAl00,albert-okwuegbunam-1,14369.0,,,32788.0,0.0,21794.0,920077.0,Albert Okwuegbunam,albert okwuegbunam,7,7,60.0,0,0.0,0.0,17.0,43.0,2.0,2.99472,0,3.5294118,0.18421052,0.062730625,0.32022724,Albert Okwuegbunam,DEN,9.378,4.215061667454809,2.6371428571428566,7.345509530062472,100.0,60.0,0.0,5.934285714285715,4.697311363453504,1.2369743508322113,00-0036423,Albert,Okwuegbunam,A.Okwuegbunam,REG,DEN,KC,Albert Okwuegbunam,OkwuAl00,0.0,0.0,0.0,102.4
2020,REG,7,00-0035229,T.Hockenson,TE,TE,DET,14138,bd1120b6-38b3-4225-a4b0-20660a149d0d,18290.0,40912.0,5844.0,,4036133.0,31840.0,,2251097.0,HockTJ00,tj-hockenson-1,13610.0,14051.0,247.0,31840.0,923915.0,20805.0,923915.0,T.J. Hockenson,tj hockenson,5,6,59.0,1,0.0,0.0,50.0,19.0,4.0,4.2365966,0,1.18,0.1875,0.14662756,0.3838893,T.J. Hockenson,DET,6.5280000000000005,5.040153268226703,9.145,17.054143096910547,83.33333333333334,59.0,1.0,2.8980000000000006,5.415330070678283,-2.517330070678282,00-0035229,Thomas,Hockenson,T.Hockenson,REG,DET,ATL,T.J. Hockenson,HockTJ00,0.0,0.0,0.0,147.2
2020,REG,7,00-0034011,D.Arnold,TE,TE,ARI,13880,d479a777-b53b-4bbf-a8e4-0c1675ac48df,17143.0,51842.0,4741.0,,4212989.0,30891.0,,2835170.0,ArnoDa00,,12276.0,12972.0,,30891.0,1053627.0,19659.0,1053627.0,Dan Arnold,dan arnold,2,3,57.0,0,0.0,0.0,57.0,33.0,2.0,3.5274563,0,1.0,0.06818182,0.14728682,0.2053735,,,,,,,,,,,,,,,,,REG,ARI,SEA,Dan Arnold,ArnoDa00,0.0,0.0,0.0,109.7
2020,REG,7,00-0036232,H.Bryant,TE,TE,CLE,14875,f58a5899-8b78-46e8-a29a-ba6273b7d872,19389.0,26394.0,6850.0,,4040774.0,32785.0,,2241240.0,BryaHa00,harrison-bryant-1,14576.0,,752.0,32785.0,0.0,21783.0,916467.0,Harrison Bryant,harrison bryant,4,5,56.0,2,0.0,0.0,45.0,26.0,4.0,7.4339213,0,1.2444445,0.17857143,0.15734266,0.377997,Harrison Bryant,CLE,5.832,3.3551917755263503,9.268,16.1948696442301,80.0,56.0,2.0,6.532500000000001,3.136901228699571,3.3955987713004294,00-0036232,Harrison,Bryant,H.Bryant,REG,CLE,CIN,Harrison Bryant,BryaHa00,1.0,0.0,0.0,152.9
2020,REG,7,00-0033288,G.Kittle,TE,TE,SF,13299,2ada91b0-036e-454f-83c3-6d939ff584a9,16499.0,11901.0,4217.0,,3040151.0,30259.0,,2818265.0,KittGe00,george-kittle-1,11892.0,12276.0,298.0,30259.0,733672.0,19063.0,733672.0,George Kittle,george kittle,5,7,55.0,0,0.0,0.0,49.0,21.0,3.0,3.0926704,0,1.1224489,0.28,0.30625,0.634375,George Kittle,SF,5.4675,3.479778331435225,5.6971428571428575,28.169809987991812,71.42857142857143,55.0,0.0,4.266,2.6922872158422897,1.5737127841577103,00-0033288,George,Kittle,G.Kittle,REG,SF,NE,George Kittle,KittGe00,0.0,0.0,0.0,54.8
2020,REG,7,00-0035631,D.Sample,TE,TE,CIN,14146,15a4f552-ecaf-45bd-9006-aa5dda93bee6,18561.0,47259.0,6001.0,,3127310.0,31884.0,,2139646.0,SampDr00,drew-sample-1,13809.0,14111.0,435.0,31884.0,837824.0,20931.0,837824.0,Drew Sample,drew sample,5,6,52.0,0,0.0,0.0,22.0,46.0,3.0,4.3305006,0,2.3636363,0.12765957,0.057291668,0.23159353,Drew Sample,CIN,4.779999999999999,4.01581606597097,4.331666666666668,5.394466468793459,83.33333333333334,52.0,0.0,8.917999999999997,6.751807397115317,2.1661926028846805,00-0035631,Drew,Sample,D.Sample,REG,CIN,CLE,Drew Sample,SampDr00,0.0,0.0,0.0,102.8
2020,REG,7,00-0031387,E.Ebron,TE,TE,PIT,11695,9fbcfae9-dd14-415c-8952-9b1b5dff0dfc,12143.0,8645.0,2118.0,ericebron/2543466,16732.0,27538.0,,1865396.0,EbroEr00,eric-ebron-1,9210.0,9390.0,,27538.0,605752.0,16451.0,605752.0,Eric Ebron,eric ebron,6,8,50.0,0,0.0,0.0,64.0,15.0,1.0,2.6162577,0,0.78125,0.1632653,0.24060151,0.41331902,Eric Ebron,PIT,7.19,3.5628994372793485,8.8225,25.79584079529257,75.0,50.0,0.0,2.603333333333334,2.5545749789976164,0.04875835433571751,00-0031387,Eric,Ebron,E.Ebron,REG,PIT,TEN,Eric Ebron,EbroEr00,0.0,0.0,0.0,90.6
2020,REG,7,00-0031610,D.Waller,TE,TE,LV,12263,14c97c9f-26e8-4944-9299-f90de6aeada3,14104.0,9637.0,2505.0,,2576925.0,28592.0,,1850793.0,WallDa01,darren-waller-1,10215.0,10433.0,,28592.0,600191.0,16964.0,600191.0,Darren Waller,darren waller,6,9,50.0,1,0.0,0.0,45.0,21.0,5.0,0.14267781,0,1.1111112,0.25,0.14285715,0.475,Darren Waller,LV,3.353333333333333,2.4831092859254125,5.471111111111111,16.354457287099773,66.66666666666666,50.0,1.0,3.866666666666667,3.7887483225251866,0.07791834414148058,00-0031610,Darren,Waller,D.Waller,REG,LV,TB,Darren Waller,WallDa01,0.0,0.0,0.0,117.8
2020,REG,7,00-0033246,J.Mundt,TE,TE,LA,13940,6414998b-5831-44aa-8bd8-39e42a323c2c,16743.0,12206.0,4314.0,,3052096.0,30373.0,,2818622.0,MundJo00,,12316.0,12525.0,,30373.0,740704.0,19165.0,740704.0,Johnny Mundt,johnny mundt,3,3,48.0,0,0.0,0.0,7.0,41.0,1.0,2.8911848,0,6.857143,0.09677419,0.027237354,0.16422744,,,,,,,,,,,,,,,,,REG,LA,CHI,Johnny Mundt,MundJo00,2.0,0.0,0.0,118.7
2020,REG,7,00-0033881,E.Engram,TE,TE,NYG,13189,e21365af-8d66-416e-b0a5-8816d18fcfd9,16411.0,11778.0,4066.0,,3051876.0,30136.0,,2079887.0,EngrEv00,evan-engram-1,11805.0,12205.0,229.0,30136.0,749185.0,18912.0,749185.0,Evan Engram,evan engram,6,9,46.0,0,0.0,0.0,56.0,26.0,1.0,-5.176621,0,0.8214286,0.32142857,0.34567901,0.7241182,Evan Engram,NYG,7.6775,5.175986732789226,5.014444444444444,28.61218538007988,66.66666666666666,46.0,0.0,4.665,5.171531617460178,-0.5065316174601779,00-0033881,Evan,Engram,E.Engram,REG,NYG,PHI,Evan Engram,EngrEv00,0.0,2.0,0.222,39.4
2020,REG,7,00-0036290,C.Kmet,TE,TE,CHI,14867,036feeb6-9a22-43c5-a8e3-7ac611d8ff49,19229.0,60995.0,6826.0,,4258595.0,32713.0,,2868619.0,KmetCo00,cole-kmet-1,14436.0,,569.0,32713.0,0.0,21772.0,1066765.0,Cole Kmet,cole kmet,2,2,45.0,0,0.0,0.0,35.0,10.0,1.0,2.663473,0,1.2857143,0.05263158,0.0862069,0.1392922,,,,,,,,,,,,,,,,,REG,CHI,LA,Cole Kmet,KmetCo00,0.0,0.0,0.0,118.7
2020,REG,7,00-0034159,W.Dissly,TE,TE,SEA,13763,383f4814-6836-4766-a297-fc063e8509cc,18049.0,30762.0,5010.0,,3127292.0,31090.0,,2139628.0,DissWi00,will-dissly-1,12986.0,13246.0,86.0,31090.0,837806.0,19950.0,837806.0,Will Dissly,will dissly,2,4,38.0,0,0.0,0.0,23.0,29.0,2.0,0.2586755,0,1.6521739,0.083333336,0.053240743,0.16226852,,,,,,,,,,,,,,,,,REG,SEA,ARI,Will Dissly,DissWi00,0.0,0.0,0.0,83.3
2020,REG,7,00-0035644,N.Fant,TE,TE,DEN,14137,cdc98acc-9eb6-4b44-81bb-61d7b8a3b55f,17527.0,42388.0,5857.0,,4036131.0,31852.0,,2251095.0,FantNo00,noah-fant-1,13426.0,14050.0,243.0,31852.0,923911.0,20753.0,923911.0,Noah Fant,noah fant,3,7,38.0,0,0.0,0.0,66.0,19.0,2.0,-9.256425,0,0.57575756,0.18421052,0.24354243,0.4467955,Noah Fant,DEN,6.775000000000001,3.740952644400774,9.052857142857144,25.215868847240465,42.857142857142854,38.0,0.0,6.136666666666668,6.342130529868882,-0.20546386320221455,00-0035644,Noah,Fant,N.Fant,REG,DEN,KC,Noah Fant,FantNo00,0.0,0.0,0.0,20.8
2020,REG,7,00-0034192,N.Keizer,TE,TE,KC,14356,cafbcd5f-8b40-444e-baec-a48f49d8c5f0,18054.0,66940.0,5465.0,,4329472.0,31427.0,,2925517.0,KeizNi00,,13126.0,13609.0,,31427.0,1115710.0,20563.0,,Nick Keizer,nick keizer,2,2,36.0,0,1.0,1.0,12.0,24.0,1.0,-2.870086,0,3.0,0.083333336,0.072289154,0.1756024,,,,,,,,,,,,,,,,,REG,KC,DEN,Nick Keizer,KeizNi00,0.0,0.0,0.0,118.7
2020,REG,7,00-0027061,J.Cook,TE,TE,NO,9474,3b7a1409-d154-4e5c-8c94-9d4a0e0993c7,9265.0,5012.0,367.0,jaredcook/71265,12537.0,9353.0,6126.0,584314.0,CookJa02,jared-cook-2,5981.0,5165.0,,9353.0,296480.0,8534.0,296480.0,Jared Cook,jared cook,3,4,32.0,1,0.0,0.0,25.0,7.0,2.0,1.8831729,0,1.28,0.114285715,0.14124294,0.27029863,,,,,,,,,,,,,,,,,REG,NO,CAR,Jared Cook,CookJa02,0.0,0.0,0.0,137.5
2020,REG,7,00-0031951,J.O'Shaughnessy,TE,TE,JAX,12330,e5c6b0d4-3e77-422b-a6d8-574a10ed385e,14146.0,9606.0,2476.0,,2508079.0,28561.0,,2174148.0,O'ShJa00,,10249.0,10549.0,,28561.0,552352.0,16933.0,552352.0,James O'Shaughnessy,james oshaughnessy,3,3,32.0,0,0.0,0.0,24.0,8.0,1.0,3.0088656,0,1.3333334,0.125,0.09876543,0.25663581,,,,,,,,,,,,,,,,,REG,JAX,LAC,James O'Shaughnessy,O'ShJa00,0.0,0.0,0.0,111.1
2020,REG,7,00-0033757,R.Tonyan,TE,TE,GB,13427,7c9c7800-69d0-459b-812b-a07ac48e9f2a,16502.0,12193.0,4602.0,,2975674.0,30777.0,,2820026.0,TonyRo00,,12389.0,12868.0,,30777.0,660151.0,19491.0,660151.0,Robert Tonyan,robert tonyan,2,2,32.0,0,0.0,0.0,25.0,7.0,1.0,1.2263218,0,1.28,0.05882353,0.10729614,0.1633426,,,,,,,,,,,,,,,,,REG,GB,HOU,Robert Tonyan,TonyRo00,0.0,0.0,0.0,118.7
2020,REG,7,00-0027696,J.Graham,TE,TE,CHI,9925,fd85786d-3900-4dc0-9b30-334ee30413ed,9712.0,5619.0,616.0,jimmygraham/497236,13232.0,24070.0,6610.0,1691166.0,GrahJi00,jimmy-graham-1,6532.0,5842.0,,24070.0,295918.0,11488.0,295918.0,Jimmy Graham,jimmy graham,5,6,31.0,0,0.0,0.0,24.0,24.0,1.0,-3.402202,0,1.2916666,0.15789473,0.0591133,0.27822143,Jimmy Graham,CHI,4.438,3.6328541017276392,3.891666666666667,6.063990027528177,83.33333333333334,31.0,0.0,4.856,3.6719715415655116,1.1840284584344882,00-0027696,Jimmy,Graham,J.Graham,REG,CHI,LA,Jimmy Graham,GrahJi00,1.0,0.0,0.0,48.6
2020,REG,7,00-0030506,T.Kelce,TE,TE,KC,11244,c3859e06-5f23-4302-a71b-04820a899d5f,11594.0,7844.0,1466.0,traviskelce/2540258,15847.0,26686.0,,1725130.0,KelcTr00,travis-kelce-1,8783.0,8411.0,264.0,26686.0,448240.0,15048.0,448240.0,Travis Kelce,travis kelce,3,3,31.0,0,0.0,0.0,-1.0,32.0,1.0,1.7747324,0,0.0,0.125,-0.006024096,0.18328314,,,,,,,,,,,,,,,,,REG,KC,DEN,Travis Kelce,KelcTr00,0.0,0.0,0.0,109.7
2020,REG,7,00-0033895,G.Everett,TE,TE,LA,13236,ebeceb00-57e0-4b74-9cf7-853da2afed18,16459.0,11799.0,4089.0,,3918639.0,30157.0,,2142692.0,EverGe00,gerald-everett-1,11737.0,12284.0,55.0,30157.0,838487.0,18935.0,838487.0,Gerald Everett,gerald everett,4,5,28.0,1,0.0,0.0,17.0,13.0,2.0,-0.27023757,0,1.6470588,0.16129032,0.06614786,0.28823897,Gerald Everett,LAR,4.7379999999999995,3.39755878817925,3.8879999999999995,8.081479941800039,80.0,28.0,1.0,2.535,3.171742002360282,-0.6367420023602817,00-0033895,Gerald,Everett,G.Everett,REG,LA,CHI,Gerald Everett,EverGe00,1.0,0.0,0.0,129.6
2020,REG,7,00-0028142,V.Green,TE,TE,LAC,10432,6ef43c53-53d7-4b0f-ad99-17664d663ae8,10026.0,6356.0,868.0,virgilgreen/2495288,14085.0,24991.0,7502.0,1130615.0,GreeVi00,virgil-green-1,7416.0,6570.0,,24991.0,323254.0,13016.0,,Virgil Green,virgil green,1,2,26.0,1,0.0,0.0,43.0,0.0,1.0,1.8609799,0,0.60465115,0.04761905,0.125,0.15892857,,,,,,,,,,,,,,,,,REG,LAC,JAX,Virgil Green,GreeVi00,0.0,0.0,0.0,135.4
2020,REG,7,00-0032394,N.Vannett,TE,TE,DEN,12680,c731aa8a-778b-4ccd-a19f-517eb66f47b7,15645.0,10728.0,3258.0,,2576399.0,29328.0,,1871322.0,VannNi00,nick-vannett-1,10949.0,11329.0,,29328.0,606488.0,18019.0,606488.0,Nick Vannett,nick vannett,2,3,25.0,0,0.0,0.0,19.0,18.0,1.0,0.7330529,0,1.3157895,0.078947365,0.0701107,0.16749854,,,,,,,,,,,,,,,,,REG,DEN,KC,Nick Vannett,VannNi00,0.0,0.0,0.0,92.4
2020,REG,7,00-0033090,H.Henry,TE,TE,LAC,12676,705899da-3c20-4bc3-b5d0-2e6e40655131,15561.0,10669.0,3214.0,,3046439.0,29269.0,,2079848.0,HenrHu00,hunter-henry-1,10735.0,11299.0,212.0,29269.0,744425.0,17975.0,744425.0,Hunter Henry,hunter henry,3,7,23.0,0,0.0,0.0,54.0,7.0,1.0,-3.7375302,0,0.42592594,0.16666667,0.15697674,0.35988373,Hunter Henry,LAC,2.285,1.5978959148013883,8.322857142857142,17.84653086230663,42.857142857142854,23.0,0.0,2.5366666666666675,1.0716645274280079,1.4650021392386596,00-0033090,Hunter,Henry,H.Henry,REG,LAC,JAX,Hunter Henry,HenrHu00,0.0,0.0,0.0,51.5
2020,REG,7,00-0033387,J.Hollister,TE,TE,SEA,13391,ad2a1d03-020b-487a-bd5f-7ca9fbc250fe,16527.0,12051.0,4421.0,,3125404.0,30661.0,,2818962.0,HollJa03,,12271.0,12491.0,,30661.0,696882.0,19281.0,696882.0,Jacob Hollister,jacob hollister,3,3,22.0,0,0.0,0.0,10.0,12.0,1.0,0.73435307,0,2.2,0.0625,0.023148147,0.1099537,,,,,,,,,,,,,,,,,REG,SEA,ARI,Jacob Hollister,HollJa03,0.0,0.0,0.0,97.2
2020,REG,7,00-0034383,D.Schultz,TE,TE,DAL,13772,8caec1b4-e0b6-4a84-b8c8-617d6e91ef6a,17349.0,47304.0,5001.0,,3117256.0,31107.0,,2136748.0,SchuDa00,dalton-schultz-1,12514.0,13198.0,487.0,31107.0,830523.0,19920.0,830523.0,Dalton Schultz,dalton schultz,2,4,22.0,0,0.0,0.0,37.0,16.0,2.0,-1.3571688,0,0.5945946,0.1904762,0.23125,0.44758928,,,,,,,,,,,,,,,,,REG,DAL,WAS,Dalton Schultz,SchuDa00,0.0,0.0,0.0,66.7
2020,REG,7,00-0035329,D.Parham,TE,TE,LAC,14341,4f246e92-3d21-450f-977a-dc16892c7238,18835.0,91014.0,6074.0,,3912092.0,32456.0,,2183713.0,ParhDo00,,13602.0,14320.0,,32456.0,875649.0,20905.0,875649.0,Donald Parham,donald parham,1,1,22.0,1,0.0,0.0,22.0,0.0,1.0,2.3056722,0,1.0,0.023809524,0.06395349,0.08048173,,,,,,,,,,,,,,,,,REG,LAC,JAX,Donald Parham,ParhDo00,0.0,0.0,0.0,158.3
2020,REG,7,00-0033885,D.Njoku,TE,TE,CLE,13192,8f86fcea-90e8-49ea-bc78-5c7659313e57,16399.0,11784.0,4033.0,,3123076.0,30142.0,,2136474.0,NjokDa00,david-njoku-1,11734.0,12186.0,252.0,30142.0,832098.0,18876.0,832098.0,David Njoku,david njoku,2,3,20.0,1,0.0,0.0,45.0,0.0,1.0,1.889233,0,0.44444445,0.10714286,0.15734266,0.27085415,,,,,,,,,,,,,,,,,REG,CLE,CIN,David Njoku,NjokDa00,0.0,0.0,0.0,125.0
2020,REG,7,00-0025418,G.Olsen,TE,TE,SEA,8687,587d0a98-7ec5-45a5-adba-8af26e8f256b,9238.0,3647.0,58.0,gregolsen/2495700,10475.0,8285.0,,502524.0,OlseGr00,greg-olsen-1,5206.0,4190.0,,8285.0,230925.0,1658.0,,Greg Olsen,greg olsen,2,3,18.0,0,0.0,0.0,37.0,4.0,2.0,1.7405068,0,0.4864865,0.0625,0.08564815,0.1537037,,,,,,,,,,,,,,,,,REG,SEA,ARI,Greg Olsen,OlseGr00,0.0,0.0,0.0,82.6
2020,REG,7,00-0030155,D.Harris,TE,TE,CHI,11448,8506c15c-15cc-4d2c-aebf-270c605fe0ec,11881.0,8524.0,1619.0,demetriusharris/2541187,16318.0,27174.0,,2060074.0,HarrDe03,,9847.0,8683.0,,27174.0,602269.0,15305.0,602269.0,Demetrius Harris,demetrius harris,2,3,15.0,0,0.0,0.0,9.0,12.0,0.0,0.23413682,0,1.6666666,0.078947365,0.022167487,0.1339383,,,,,,,,,,,,,,,,,REG,CHI,LA,Demetrius Harris,HarrDe03,0.0,1.0,0.333,78.5
2020,REG,7,00-0030470,V.McDonald,TE,TE,PIT,11257,8f24a248-b328-43ec-8677-67600e42a8f7,11699.0,7836.0,1587.0,vancemcdonald/2540215,15853.0,26678.0,,1673357.0,McDoVa00,vance-mcdonald-1,8785.0,8413.0,,26678.0,494969.0,15239.0,,Vance McDonald,vance mcdonald,2,2,14.0,0,0.0,0.0,0.0,14.0,1.0,0.2963633,0,0.0,0.040816326,0.0,0.06122449,,,,,,,,,,,,,,,,,REG,PIT,TEN,Vance McDonald,McDoVa00,0.0,0.0,0.0,95.8
2020,REG,7,00-0034613,T.Hudson,TE,TE,TB,14370,2fa75e05-cac4-4b40-8924-dbc9ae0c959c,17826.0,66924.0,5409.0,,3050481.0,31257.0,,2926606.0,,,13286.0,,,31257.0,1115394.0,20506.0,1115394.0,Tanner Hudson,tanner hudson,1,1,12.0,0,0.0,0.0,10.0,2.0,1.0,0.7560617,0,1.2,0.024390243,0.02688172,0.05540257,,,,,,,,,,,,,,,,,,,,,,,,,
2020,REG,7,00-0034365,I.Thomas,TE,TE,CAR,13678,ed8a8fd2-df67-45e7-a34f-984afb82f6ea,17387.0,42130.0,4995.0,,4045305.0,31071.0,,2253359.0,ThomIa00,ian-thomas-3,12858.0,13163.0,323.0,31071.0,943093.0,19910.0,943093.0,Ian Thomas,ian thomas,1,1,11.0,0,0.0,0.0,6.0,5.0,1.0,1.474194,0,1.8333334,0.037037037,0.032258064,0.0781362,,,,,,,,,,,,,,,,,REG,CAR,NO,Ian Thomas,ThomIa00,0.0,0.0,0.0,112.5
2020,REG,7,00-0024243,M.Lewis,TE,TE,GB,8269,9c21e9af-681c-41ef-9b00-fbc9e1668ed1,9413.0,2973.0,111.0,marcedeslewis/2495888,9614.0,7777.0,4007.0,415313.0,LewiMa00,marcedes-lewis-1,4891.0,3615.0,,7777.0,214197.0,3061.0,214197.0,Marcedes Lewis,marcedes lewis,1,3,9.0,0,0.0,0.0,28.0,5.0,0.0,-0.67967683,0,0.32142857,0.0882353,0.12017167,0.21647312,,,,,,,,,,,,,,,,,REG,GB,HOU,Marcedes Lewis,LewiMa00,0.0,0.0,0.0,42.4
2020,REG,7,00-0033858,J.Smith,TE,TE,TEN,13193,e4f25a37-74de-4bfb-b6c9-f50a4fab0b87,16460.0,11855.0,4144.0,,3054212.0,30213.0,,2081506.0,SmitJo01,jonnu-smith-1,11807.0,12344.0,84.0,30213.0,743749.0,18990.0,743749.0,Jonnu Smith,jonnu smith,1,4,9.0,0,0.0,0.0,17.0,4.0,0.0,-1.341781,0,0.5294118,0.13333334,0.06666667,0.24666667,,,,,,,,,,,,,,,,,REG,TEN,PIT,Jonnu Smith,SmitJo01,0.0,0.0,0.0,39.6
2020,REG,7,00-0031273,C.Brate,TE,TE,TB,12110,5afe93fd-0caf-4cca-83fc-7f405bebfa3e,13470.0,9207.0,2214.0,,17453.0,28267.0,,2132787.0,BratCa00,,10008.0,10193.0,,28267.0,552926.0,16593.0,552926.0,Cameron Brate,cameron brate,1,1,8.0,0,0.0,0.0,8.0,0.0,1.0,0.99245334,0,1.0,0.024390243,0.021505376,0.05163913,,,,,,,,,,,,,,,,,REG,TB,LV,Cameron Brate,BratCa00,0.0,0.0,0.0,100.0
2020,REG,7,00-0034439,R.Izzo,TE,TE,NE,13847,40b8fa44-b289-42dd-9606-a1ae30adc7bc,17541.0,47327.0,5094.0,,3122920.0,31127.0,,2138988.0,IzzoRy00,ryan-izzo-1,12529.0,13349.0,,31220.0,834990.0,20069.0,834990.0,Ryan Izzo,ryan izzo,1,1,8.0,0,0.0,0.0,2.0,6.0,0.0,0.23941709,0,4.0,0.045454547,0.010638298,0.07562862,,,,,,,,,,,,,,,,,REG,NE,SF,Ryan Izzo,IzzoRy00,1.0,0.0,0.0,100.0
2020,REG,7,00-0036225,D.Keene,TE,TE,NE,14939,4da5e05d-fc5c-4e87-aa38-d9cde42dd476,19563.0,61068.0,7082.0,,4240861.0,32771.0,,2805113.0,KeenDa00,dalton-keene-1,14559.0,,,32771.0,0.0,21808.0,976973.0,Dalton Keene,dalton keene,1,1,8.0,0,0.0,0.0,7.0,1.0,0.0,0.5113184,0,1.1428572,0.045454547,0.03723404,0.09424565,,,,,,,,,,,,,,,,,REG,NE,SF,Dalton Keene,KeenDa00,0.0,0.0,0.0,100.0
2020,REG,7,00-0033455,A.Firkser,TE,TE,TEN,13919,b0719e3d-199b-46e5-a2b4-1091f6fd5c0d,16787.0,51837.0,4435.0,,3049698.0,30571.0,,2818971.0,FirkAn00,,12235.0,12691.0,,30571.0,767297.0,19296.0,767297.0,Anthony Firkser,anthony firkser,2,2,7.0,0,0.0,0.0,6.0,1.0,0.0,-0.9634185,0,1.1666666,0.06666667,0.023529412,0.11647059,,,,,,,,,,,,,,,,,REG,TEN,PIT,Anthony Firkser,FirkAn00,0.0,0.0,0.0,81.2
2020,REG,7,00-0022127,J.Witten,TE,TE,LV,6997,e38c9b1b-7c51-48a2-ac1d-a752502e8930,9275.0,1384.0,23.0,jasonwitten/2505629,4527.0,6405.0,,396134.0,WittJa00,jason-witten-1,3086.0,1990.0,,6405.0,184571.0,722.0,,Jason Witten,jason witten,1,1,6.0,0,0.0,0.0,3.0,3.0,0.0,0.14533772,0,2.0,0.027777778,0.00952381,0.048333332,,,,,,,,,,,,,,,,,REG,LV,TB,Jason Witten,WittJa00,0.0,0.0,0.0,91.7
2020,REG,7,00-0033528,J.Sprinkle,TE,TE,WAS,13194,2dcc8e56-ac32-4774-a011-b1e65ca73786,16461.0,11909.0,4221.0,,2980073.0,30267.0,,1999945.0,SpriJe00,jeremy-sprinkle-1,11899.0,12368.0,,30267.0,693833.0,19067.0,693833.0,Jeremy Sprinkle,jeremy sprinkle,1,1,6.0,0,0.0,0.0,3.0,3.0,0.0,0.2695193,0,2.0,0.04761905,0.016759777,0.083160415,,,,,,,,,,,,,,,,,REG,WAS,DAL,Jeremy Sprinkle,SpriJe00,0.0,0.0,0.0,91.7
2020,REG,7,00-0035539,I.Nauta,TE,TE,DET,14144,e0755328-7fe1-4df7-9dfb-93e9cf9ef5be,18601.0,47119.0,5957.0,,4035014.0,32056.0,,2240213.0,NautIs00,isaac-nauta-1,13528.0,14285.0,,32056.0,914008.0,20893.0,914008.0,Isaac Nauta,isaac nauta,1,1,3.0,0,0.0,0.0,3.0,0.0,0.0,-0.9410885,0,1.0,0.03125,0.008797654,0.05303336,,,,,,,,,,,,,,,,,REG,DET,ATL,Isaac Nauta,NautIs00,0.0,0.0,0.0,79.2
2020,REG,7,00-0035671,J.Sternberger,TE,TE,GB,14140,f808794b-3135-4f75-b46a-ba90bf6b8502,18614.0,47081.0,6139.0,,3917962.0,31907.0,,2179567.0,SterJa00,jace-sternberger-1,13495.0,14097.0,,31907.0,877598.0,20952.0,877598.0,Jace Sternberger,jace sternberger,1,1,3.0,1,0.0,0.0,-1.0,4.0,1.0,1.292583,0,0.0,0.029411765,-0.0042918455,0.041113354,,,,,,,,,,,,,,,,,REG,GB,HOU,Jace Sternberger,SterJa00,0.0,0.0,0.0,118.7
2020,REG,7,00-0028042,L.Stocker,TE,TE,ATL,10354,5b712aed-201c-43dd-b978-b7b6ef91178e,9948.0,6256.0,963.0,lukestocker/2495234,14099.0,24891.0,7589.0,1125485.0,StocLu00,luke-stocker-1,7413.0,6552.0,,24891.0,334186.0,13370.0,334186.0,Luke Stocker,luke stocker,0,1,0.0,0,0.0,0.0,1.0,0.0,0.0,-0.23671754,0,0.0,0.025,0.003533569,0.039973497,,,,,,,,,,,,,,,,,REG,ATL,DET,Luke Stocker,StocLu00,0.0,1.0,1.0,39.6
2020,REG,7,00-0030216,J.Hill,TE,TE,NO,11529,687cdc33-bd0d-4b70-adb3-33f97dc26a3c,13565.0,8200.0,1777.0,joshhill/2541834,16143.0,26950.0,,2060083.0,HillJo02,,9071.0,8764.0,,26950.0,469509.0,15866.0,,Josh Hill,josh hill,1,1,0.0,0,0.0,0.0,-1.0,1.0,0.0,-0.8086707,0,0.0,0.028571429,-0.0056497175,0.038902342,,,,,,,,,,,,,,,,,REG,NO,CAR,Josh Hill,HillJo02,0.0,0.0,0.0,79.2
2020,REG,7,00-0032141,G.Swaim,TE,TE,TEN,12378,d0f9112d-2496-450a-9fc5-d2d01b4d2454,14164.0,9679.0,2545.0,geoffswaim/2553454,3046704.0,28634.0,,2174207.0,SwaiGe00,geoff-swaim-1,10507.0,10617.0,,28634.0,728021.0,17005.0,728021.0,Geoff Swaim,geoff swaim,0,1,0.0,0,0.0,0.0,18.0,0.0,0.0,-1.8763287,0,0.0,0.033333335,0.07058824,0.09941176,,,,,,,,,,,,,,,,,REG,TEN,PIT,Geoff Swaim,SwaiGe00,0.0,0.0,0.0,39.6
2020,REG,7,00-0033112,T.Hemingway,TE,TE,WAS,12807,02fc59d0-8a66-431f-97fc-21fdc096eb14,15913.0,10811.0,3333.0,,2580330.0,29411.0,,1888046.0,HemiTe00,,11009.0,11467.0,,29411.0,608714.0,18094.0,608714.0,Temarrick Hemingway,temarrick hemingway,0,1,0.0,0,0.0,0.0,3.0,0.0,0.0,-0.8394644,0,0.0,0.04761905,0.016759777,0.083160415,,,,,,,,,,,,,,,,,REG,WAS,DAL,Temarrick Hemingway,HemiTe00,0.0,0.0,0.0,39.6
2020,REG,7,00-0033258,D.Daniels,TE,TE,ARI,13396,7574eb56-a34a-419e-9682-c4788cfe2019,16582.0,12122.0,4323.0,,3052166.0,30523.0,,2079698.0,DaniDa02,,11890.0,12453.0,,30523.0,747895.0,19176.0,747895.0,Darrell Daniels,darrell daniels,0,1,0.0,0,0.0,0.0,15.0,0.0,0.0,-0.60520595,0,0.0,0.022727273,0.03875969,0.06122269,,,,,,,,,,,,,,,,,REG,ARI,SEA,Darrell Daniels,DaniDa02,0.0,1.0,1.0,39.6
2020,REG,7,00-0035259,T.Wesco,TE,TE,NYJ,14231,f6c34178-e063-444b-96b3-df6b3cf66419,18567.0,42018.0,6181.0,,4039253.0,31953.0,,2243366.0,WescTr00,trevon-wesco-1,13828.0,14224.0,,31953.0,919456.0,20977.0,919456.0,Trevon Wesco,trevon wesco,0,1,0.0,0,0.0,0.0,2.0,0.0,0.0,-0.53326994,0,0.0,0.04761905,0.01369863,0.08101761,,,,,,,,,,,,,,,,,REG,NYJ,BUF,Trevon Wesco,WescTr00,0.0,0.0,0.0,39.6
2020,REG,7,00-0035823,B.Ellefson,TE,TE,JAX,15088,ca393469-d587-4bf7-905d-838e960de851,19698.0,27766.0,7288.0,,3930900.0,33124.0,,2190748.0,ElleBe00,,14864.0,,,33124.0,0.0,22284.0,888731.0,Ben Ellefson,ben ellefson,0,0,0.0,0,0.0,0.0,0.0,0.0,0.0,,1,,,,,,,,,,,,,,,,,,,,,,,,,,,,,
2020,REG,7,00-0036422,A.Trautman,TE,TE,NO,14870,4e14183b-f974-4745-9d7f-8f5eb2a92a7d,19423.0,109795.0,6869.0,,3911853.0,32775.0,,2182228.0,TrauAd00,,14541.0,,566.0,32775.0,0.0,21786.0,875444.0,Adam Trautman,adam trautman,0,1,0.0,0,0.0,0.0,10.0,0.0,0.0,-0.8493946,0,0.0,0.028571429,0.056497175,0.082405165,,,,,,,,,,,,,,,,,REG,NO,CAR,Adam Trautman,TrauAd00,0.0,0.0,0.0,39.6
2020,REG,8,00-0030506,T.Kelce,TE,TE,KC,11244,c3859e06-5f23-4302-a71b-04820a899d5f,11594.0,7844.0,1466.0,traviskelce/2540258,15847.0,26686.0,,1725130.0,KelcTr00,travis-kelce-1,8783.0,8411.0,264.0,26686.0,448240.0,15048.0,448240.0,Travis Kelce,travis kelce,8,12,109.0,1,0.0,0.0,91.0,49.0,7.0,6.828986,0,1.1978022,0.25531915,0.22195122,0.53834456,Travis Kelce,KC,5.536250000000001,3.727631417384359,8.230833333333333,24.569651741293526,66.66666666666666,109.0,1.0,6.097499999999999,5.187265684506428,0.9102343154935708,00-0030506,Travis,Kelce,T.Kelce,REG,KC,NYJ,Travis Kelce,KelcTr00,1.0,0.0,0.0,123.3
2020,REG,8,00-0033757,R.Tonyan,TE,TE,GB,13427,7c9c7800-69d0-459b-812b-a07ac48e9f2a,16502.0,12193.0,4602.0,,2975674.0,30777.0,,2820026.0,TonyRo00,,12389.0,12868.0,,30777.0,660151.0,19491.0,660151.0,Robert Tonyan,robert tonyan,5,7,79.0,0,0.0,0.0,66.0,28.0,3.0,1.889135,0,1.1969697,0.18421052,0.19760479,0.41463915,Robert Tonyan,GB,7.974285714285714,4.331186151524166,9.679999999999998,19.031034966999012,71.42857142857143,79.0,0.0,5.626000000000003,10.062584235553004,-4.436584235553001,00-0033757,Robert,Tonyan,R.Tonyan,REG,GB,MIN,Robert Tonyan,TonyRo00,0.0,0.0,0.0,108.6
2020,REG,8,00-0035229,T.Hockenson,TE,TE,DET,14138,bd1120b6-38b3-4225-a4b0-20660a149d0d,18290.0,40912.0,5844.0,,4036133.0,31840.0,,2251097.0,HockTJ00,tj-hockenson-1,13610.0,14051.0,247.0,31840.0,923915.0,20805.0,923915.0,T.J. Hockenson,tj hockenson,7,10,65.0,0,0.0,0.0,67.0,36.0,4.0,0.5380447,0,0.9701493,0.25,0.18108109,0.5017567,T.J. Hockenson,DET,6.2316666666666665,4.278560277856961,6.172,16.191825384332862,70.0,65.0,0.0,5.515714285714287,5.644652733039363,-0.1289384473250763,00-0035229,Thomas,Hockenson,T.Hockenson,REG,DET,IND,T.J. Hockenson,HockTJ00,0.0,0.0,0.0,87.5
2020,REG,8,00-0033881,E.Engram,TE,TE,NYG,13189,e21365af-8d66-416e-b0a5-8816d18fcfd9,16411.0,11778.0,4066.0,,3051876.0,30136.0,,2079887.0,EngrEv00,evan-engram-1,11805.0,12205.0,229.0,30136.0,749185.0,18912.0,749185.0,Evan Engram,evan engram,5,10,61.0,0,0.0,0.0,68.0,20.0,3.0,1.9544533,0,0.89705884,0.24390244,0.2172524,0.5179303,Evan Engram,NYG,3.683333333333333,2.805141571098866,6.635999999999998,20.830586684245215,50.0,61.0,0.0,5.184,4.4598459787858244,0.7241540212141757,00-0033881,Evan,Engram,E.Engram,REG,NYG,TB,Evan Engram,EngrEv00,0.0,0.0,0.0,69.2
2020,REG,8,00-0034830,H.Hurst,TE,TE,ATL,13680,1b125fc4-5dd9-4eb9-a42f-048e61ca42b7,17283.0,47294.0,4973.0,,3924365.0,30995.0,,2185053.0,HursHa00,hayden-hurst-1,12467.0,13098.0,8.0,30995.0,881956.0,19843.0,881956.0,Hayden Hurst,hayden hurst,5,7,54.0,0,0.0,0.0,40.0,21.0,3.0,1.8317631,0,1.35,0.23333333,0.15503876,0.45852712,Hayden Hurst,ATL,7.625,3.973279286112862,4.798571428571427,12.937143737482664,71.42857142857143,54.0,0.0,5.0980000000000025,5.377389994632017,-0.2793899946320142,00-0034830,Hayden,Hurst,H.Hurst,REG,ATL,CAR,Hayden Hurst,HursHa00,0.0,1.0,0.143,93.7
2020,REG,8,00-0034383,D.Schultz,TE,TE,DAL,13772,8caec1b4-e0b6-4a84-b8c8-617d6e91ef6a,17349.0,47304.0,5001.0,,3117256.0,31107.0,,2136748.0,SchuDa00,dalton-schultz-1,12514.0,13198.0,487.0,31107.0,830523.0,19920.0,830523.0,Dalton Schultz,dalton schultz,6,8,53.0,0,0.0,0.0,72.0,18.0,1.0,2.1992018,0,0.7361111,0.21052632,0.23606557,0.48103538,Dalton Schultz,DAL,7.675714285714286,3.7036641655443105,8.675,22.574978856287817,75.0,53.0,0.0,3.2933333333333343,2.746466804446262,0.5468665288870724,00-0034383,Dalton,Schultz,D.Schultz,REG,DAL,PHI,Dalton Schultz,SchuDa00,1.0,0.0,0.0,92.2
2020,REG,8,00-0027061,J.Cook,TE,TE,NO,9474,3b7a1409-d154-4e5c-8c94-9d4a0e0993c7,9265.0,5012.0,367.0,jaredcook/71265,12537.0,9353.0,6126.0,584314.0,CookJa02,jared-cook-2,5981.0,5165.0,,9353.0,296480.0,8534.0,296480.0,Jared Cook,jared cook,5,7,51.0,1,0.0,0.0,60.0,12.0,3.0,5.790111,0,0.85,0.17073171,0.31578946,0.4771502,Jared Cook,NO,7.608571428571429,2.0614850499910906,9.047142857142855,33.10853199498118,71.42857142857143,51.0,1.0,2.8180000000000005,3.0478084278975075,-0.229808427897507,00-0027061,Jared,Cook,J.Cook,REG,NO,CHI,Jared Cook,CookJa02,0.0,0.0,0.0,131.5
2020,REG,8,00-0031387,E.Ebron,TE,TE,PIT,11695,9fbcfae9-dd14-415c-8952-9b1b5dff0dfc,12143.0,8645.0,2118.0,ericebron/2543466,16732.0,27538.0,,1865396.0,EbroEr00,eric-ebron-1,9210.0,9390.0,,27538.0,605752.0,16451.0,605752.0,Eric Ebron,eric ebron,4,5,48.0,1,0.0,0.0,31.0,22.0,3.0,5.2031198,0,1.548387,0.15625,0.1336207,0.32790947,Eric Ebron,PIT,4.612,4.194112928185428,5.798,12.804770318021205,80.0,48.0,1.0,5.9825,6.627857003504232,-0.6453570035042322,00-0031387,Eric,Ebron,E.Ebron,REG,PIT,BAL,Eric Ebron,EbroEr00,0.0,1.0,0.2,146.2
2020,REG,8,00-0035644,N.Fant,TE,TE,DEN,14137,cdc98acc-9eb6-4b44-81bb-61d7b8a3b55f,17527.0,42388.0,5857.0,,4036131.0,31852.0,,2251095.0,FantNo00,noah-fant-1,13426.0,14050.0,243.0,31852.0,923911.0,20753.0,923911.0,Noah Fant,noah fant,7,9,47.0,0,0.0,0.0,65.0,28.0,2.0,-0.7974824,0,0.72307694,0.23684211,0.21311475,0.50444347,Noah Fant,DEN,8.4875,2.67513360276984,7.782222222222221,21.668780744361595,77.77777777777779,47.0,0.0,3.4014285714285717,4.153720298128666,-0.7522917267000939,00-0035644,Noah,Fant,N.Fant,REG,DEN,LAC,Noah Fant,FantNo00,0.0,0.0,0.0,88.4
2020,REG,8,00-0035671,J.Sternberger,TE,TE,GB,14140,f808794b-3135-4f75-b46a-ba90bf6b8502,18614.0,47081.0,6139.0,,3917962.0,31907.0,,2179567.0,SterJa00,jace-sternberger-1,13495.0,14097.0,,31907.0,877598.0,20952.0,877598.0,Jace Sternberger,jace sternberger,3,4,46.0,0,0.0,0.0,45.0,23.0,2.0,2.4443693,0,1.0222223,0.10526316,0.13473053,0.25220612,,,,,,,,,,,,,,,,,REG,GB,MIN,Jace Sternberger,SterJa00,0.0,0.0,0.0,112.5
2020,REG,8,00-0027656,R.Gronkowski,TE,TE,TB,9902,2142a164-48ad-47d6-bb27-0bc58c6b2e62,9721.0,5567.0,515.0,robgronkowski/497240,13229.0,24017.0,,1244303.0,GronRo00,rob-gronkowski-1,6443.0,5729.0,,24017.0,381091.0,10974.0,381091.0,Rob Gronkowski,rob gronkowski,4,4,41.0,1,0.0,0.0,27.0,14.0,3.0,3.6806757,0,1.5185186,0.1,0.07417583,0.20192307,,,,,,,,,,,,,,,,,REG,TB,NYG,Rob Gronkowski,GronRo00,0.0,0.0,0.0,149.0
2020,REG,8,00-0033288,G.Kittle,TE,TE,SF,13299,2ada91b0-036e-454f-83c3-6d939ff584a9,16499.0,11901.0,4217.0,,3040151.0,30259.0,,2818265.0,KittGe00,george-kittle-1,11892.0,12276.0,298.0,30259.0,733672.0,19063.0,733672.0,George Kittle,george kittle,2,4,39.0,0,0.0,0.0,43.0,17.0,1.0,-1.0003374,0,0.90697676,0.1,0.14675768,0.25273037,,,,,,,,,,,,,,,,,REG,SF,SEA,George Kittle,KittGe00,0.0,1.0,0.25,44.8
2020,REG,8,00-0033217,M.Alie-Cox,TE,TE,IND,13246,8809c0dd-786b-4255-a7d0-333c9498c19a,16579.0,12078.0,4054.0,moalie-cox/2558832,2998565.0,30112.0,,2815925.0,AlieMo00,,12196.0,12221.0,195.0,30112.0,712506.0,18900.0,712506.0,Mo Alie-Cox,mo alie-cox,3,4,37.0,0,0.0,0.0,29.0,5.0,3.0,3.3640141,0,1.2758621,0.121212125,0.1277533,0.2712455,,,,,,,,,,,,,,,,,REG,IND,DET,Mo Alie-Cox,AlieMo00,0.0,1.0,0.25,103.1
2020,REG,8,00-0033455,A.Firkser,TE,TE,TEN,13919,b0719e3d-199b-46e5-a2b4-1091f6fd5c0d,16787.0,51837.0,4435.0,,3049698.0,30571.0,,2818971.0,FirkAn00,,12235.0,12691.0,,30571.0,767297.0,19296.0,767297.0,Anthony Firkser,anthony firkser,2,3,36.0,0,0.0,0.0,32.0,12.0,2.0,1.9686266,0,1.125,0.10344828,0.13278009,0.24811848,,,,,,,,,,,,,,,,,REG,TEN,CIN,Anthony Firkser,FirkAn00,0.0,0.0,0.0,107.6
2020,REG,8,00-0031273,C.Brate,TE,TE,TB,12110,5afe93fd-0caf-4cca-83fc-7f405bebfa3e,13470.0,9207.0,2214.0,,17453.0,28267.0,,2132787.0,BratCa00,,10008.0,10193.0,,28267.0,552926.0,16593.0,552926.0,Cameron Brate,cameron brate,2,2,35.0,0,0.0,0.0,21.0,14.0,2.0,3.5878754,0,1.6666666,0.05,0.057692308,0.115384616,,,,,,,,,,,,,,,,,REG,TB,NYG,Cameron Brate,BratCa00,0.0,0.0,0.0,118.7
2020,REG,8,00-0033090,H.Henry,TE,TE,LAC,12676,705899da-3c20-4bc3-b5d0-2e6e40655131,15561.0,10669.0,3214.0,,3046439.0,29269.0,,2079848.0,HenrHu00,hunter-henry-1,10735.0,11299.0,212.0,29269.0,744425.0,17975.0,744425.0,Hunter Henry,hunter henry,4,4,33.0,0,0.0,0.0,6.0,27.0,1.0,1.7206029,0,5.5,0.0952381,0.01986755,0.15676443,,,,,,,,,,,,,,,,,REG,LAC,DEN,Hunter Henry,HenrHu00,1.0,0.0,0.0,101.0
2020,REG,8,00-0033895,G.Everett,TE,TE,LA,13236,ebeceb00-57e0-4b74-9cf7-853da2afed18,16459.0,11799.0,4089.0,,3918639.0,30157.0,,2142692.0,EverGe00,gerald-everett-1,11737.0,12284.0,55.0,30157.0,838487.0,18935.0,838487.0,Gerald Everett,gerald everett,5,9,32.0,0,0.0,0.0,40.0,15.0,2.0,-7.7236967,0,0.8,0.15789473,0.11173184,0.3150544,Gerald Everett,LAR,6.478571428571428,4.628841887054886,4.57111111111111,10.88964768786892,55.55555555555556,32.0,0.0,3.0040000000000022,3.677756087986245,-0.6737560879862428,00-0033895,Gerald,Everett,G.Everett,REG,LA,MIA,Gerald Everett,EverGe00,0.0,1.0,0.111,23.6
2020,REG,8,00-0034753,M.Andrews,TE,TE,BAL,13671,0618f387-9b72-4270-8b8f-dec4cccc9e4a,17269.0,47436.0,5012.0,,3116365.0,31056.0,,2131121.0,AndrMa00,mark-andrews-1,12559.0,13182.0,366.0,31056.0,820699.0,19803.0,820699.0,Mark Andrews,mark andrews,3,6,32.0,0,1.0,0.0,44.0,13.0,2.0,-3.944544,0,0.72727275,0.23076923,0.20276497,0.48808932,Mark Andrews,BAL,3.7399999999999998,4.192772269155321,7.216666666666666,18.37938791969099,50.0,32.0,0.0,3.883333333333334,4.7259631167562475,-0.8426297834229133,00-0034753,Mark,Andrews,M.Andrews,REG,BAL,PIT,Mark Andrews,AndrMa00,0.0,0.0,0.0,26.4
2020,REG,8,00-0033858,J.Smith,TE,TE,TEN,13193,e4f25a37-74de-4bfb-b6c9-f50a4fab0b87,16460.0,11855.0,4144.0,,3054212.0,30213.0,,2081506.0,SmitJo01,jonnu-smith-1,11807.0,12344.0,84.0,30213.0,743749.0,18990.0,743749.0,Jonnu Smith,jonnu smith,2,2,29.0,0,0.0,0.0,16.0,13.0,2.0,2.295311,0,1.8125,0.06896552,0.066390045,0.1499213,,,,,,,,,,,,,,,,,REG,TEN,CIN,Jonnu Smith,SmitJo01,0.0,0.0,0.0,118.7
2020,REG,8,00-0034365,I.Thomas,TE,TE,CAR,13678,ed8a8fd2-df67-45e7-a34f-984afb82f6ea,17387.0,42130.0,4995.0,,4045305.0,31071.0,,2253359.0,ThomIa00,ian-thomas-3,12858.0,13163.0,323.0,31071.0,943093.0,19910.0,943093.0,Ian Thomas,ian thomas,3,3,28.0,0,0.0,0.0,9.0,19.0,3.0,1.2262369,0,3.1111112,0.115384616,0.040723983,0.20158371,,,,,,,,,,,,,,,,,REG,CAR,ATL,Ian Thomas,ThomIa00,0.0,0.0,0.0,105.6
2020,REG,8,00-0031610,D.Waller,TE,TE,LV,12263,14c97c9f-26e8-4944-9299-f90de6aeada3,14104.0,9637.0,2505.0,,2576925.0,28592.0,,1850793.0,WallDa01,darren-waller-1,10215.0,10433.0,,28592.0,600191.0,16964.0,600191.0,Darren Waller,darren waller,5,6,27.0,0,0.0,0.0,12.0,19.0,2.0,1.2808387,0,2.25,0.27272728,0.08571429,0.4690909,Darren Waller,LV,5.63,3.84687666736761,1.8449999999999995,7.957159286946518,83.33333333333334,27.0,0.0,3.960000000000001,4.637354688926541,-0.67735468892654,00-0031610,Darren,Waller,D.Waller,REG,LV,CLE,Darren Waller,WallDa01,0.0,1.0,0.167,85.4
2020,REG,8,00-0036232,H.Bryant,TE,TE,CLE,14875,f58a5899-8b78-46e8-a29a-ba6273b7d872,19389.0,26394.0,6850.0,,4040774.0,32785.0,,2241240.0,BryaHa00,harrison-bryant-1,14576.0,,752.0,32785.0,0.0,21783.0,916467.0,Harrison Bryant,harrison bryant,3,3,25.0,0,1.0,1.0,16.0,9.0,1.0,-2.683783,0,1.5625,0.12,0.08290155,0.23803109,,,,,,,,,,,,,,,,,REG,CLE,LV,Harrison Bryant,BryaHa00,0.0,0.0,0.0,101.4
2020,REG,8,00-0034439,R.Izzo,TE,TE,NE,13847,40b8fa44-b289-42dd-9606-a1ae30adc7bc,17541.0,47327.0,5094.0,,3122920.0,31127.0,,2138988.0,IzzoRy00,ryan-izzo-1,12529.0,13349.0,,31220.0,834990.0,20069.0,834990.0,Ryan Izzo,ryan izzo,2,3,24.0,0,0.0,0.0,12.0,13.0,1.0,0.18414237,0,2.0,0.13043478,0.08888889,0.2578744,,,,,,,,,,,,,,,,,REG,NE,BUF,Ryan Izzo,IzzoRy00,0.0,1.0,0.333,91.0
2020,REG,8,00-0032135,J.James,TE,TE,DET,12211,a37a5bfd-b48c-4d8b-817a-d8ce7ca3592d,13959.0,9593.0,2463.0,jessejames/2552633,2979590.0,28548.0,,1983808.0,JameJe00,jesse-james-1,10150.0,10403.0,,28548.0,652019.0,16920.0,652019.0,Jesse James,jesse james,1,1,23.0,0,0.0,0.0,-1.0,24.0,1.0,1.2396027,0,0.0,0.025,-0.0027027028,0.03560811,,,,,,,,,,,,,,,,,REG,DET,IND,Jesse James,JameJe00,1.0,0.0,0.0,118.7
2020,REG,8,00-0022127,J.Witten,TE,TE,LV,6997,e38c9b1b-7c51-48a2-ac1d-a752502e8930,9275.0,1384.0,23.0,jasonwitten/2505629,4527.0,6405.0,,396134.0,WittJa00,jason-witten-1,3086.0,1990.0,,6405.0,184571.0,722.0,,Jason Witten,jason witten,2,2,21.0,0,0.0,0.0,21.0,0.0,2.0,3.0514817,0,1.0,0.09090909,0.15,0.24136363,,,,,,,,,,,,,,,,,REG,LV,CLE,Jason Witten,WittJa00,0.0,0.0,0.0,110.4
2020,REG,8,00-0033885,D.Njoku,TE,TE,CLE,13192,8f86fcea-90e8-49ea-bc78-5c7659313e57,16399.0,11784.0,4033.0,,3123076.0,30142.0,,2136474.0,NjokDa00,david-njoku-1,11734.0,12186.0,252.0,30142.0,832098.0,18876.0,832098.0,David Njoku,david njoku,1,3,19.0,0,0.0,0.0,17.0,22.0,1.0,-0.5545718,0,1.117647,0.12,0.0880829,0.24165803,,,,,,,,,,,,,,,,,REG,CLE,LV,David Njoku,NjokDa00,1.0,1.0,0.333,56.2
2020,REG,8,00-0030181,J.Doyle,TE,TE,IND,11516,bd413539-9351-454e-9d61-4e8635d7e9f5,11987.0,8520.0,1706.0,jackdoyle/2540232,16504.0,27299.0,,2041264.0,DoylJa00,,9081.0,9075.0,,27299.0,477386.0,15602.0,477386.0,Jack Doyle,jack doyle,2,3,18.0,1,0.0,0.0,17.0,14.0,2.0,1.8856,0,1.0588236,0.09090909,0.07488987,0.18878654,,,,,,,,,,,,,,,,,REG,IND,DET,Jack Doyle,DoylJa00,0.0,0.0,0.0,122.2
2020,REG,8,00-0034159,W.Dissly,TE,TE,SEA,13763,383f4814-6836-4766-a297-fc063e8509cc,18049.0,30762.0,5010.0,,3127292.0,31090.0,,2139628.0,DissWi00,will-dissly-1,12986.0,13246.0,86.0,31090.0,837806.0,19950.0,837806.0,Will Dissly,will dissly,1,1,17.0,0,0.0,0.0,-3.0,20.0,1.0,1.6301129,0,0.0,0.027777778,-0.011904762,0.033333335,,,,,,,,,,,,,,,,,REG,SEA,SF,Will Dissly,DissWi00,0.0,0.0,0.0,118.7
2020,REG,8,00-0034073,R.Dwelley,TE,TE,SF,13988,70473218-5ae3-47b4-86fd-151e68f1e8b9,17886.0,20994.0,5285.0,,3120303.0,31329.0,,2924888.0,DwelRo00,,13030.0,13522.0,,31329.0,752665.0,20361.0,752665.0,Ross Dwelley,ross dwelley,1,4,16.0,1,0.0,0.0,30.0,5.0,1.0,0.9053872,0,0.53333336,0.1,0.102389075,0.22167236,,,,,,,,,,,,,,,,,REG,SF,SEA,Ross Dwelley,DwelRo00,0.0,0.0,0.0,83.3
2020,REG,8,00-0034798,D.Smythe,TE,TE,MIA,13676,7e42a22a-c47b-4387-aeeb-2cc2e76dc1d8,17508.0,47257.0,5008.0,,3052897.0,31093.0,,2082845.0,SmytDu00,durham-smythe-1,12807.0,13249.0,,31093.0,749968.0,19943.0,749968.0,Durham Smythe,durham smythe,2,2,16.0,0,0.0,0.0,5.0,11.0,0.0,0.9189639,0,3.2,0.09090909,0.042372882,0.16602466,,,,,,,,,,,,,,,,,REG,MIA,LA,Durham Smythe,SmytDu00,0.0,0.0,0.0,100.0
2020,REG,8,00-0034970,I.Smith,TE,TE,MIN,14141,ed0e6a30-83d5-4f4b-bf49-f7ff80e21304,18610.0,42060.0,6126.0,,4040980.0,31882.0,,2257888.0,SmitIr01,irv-smith-jr-1,13583.0,14052.0,,31882.0,944428.0,20949.0,944428.0,Irv Smith,irv smith,1,1,16.0,0,0.0,0.0,7.0,9.0,1.0,1.4015347,0,2.2857144,0.071428575,0.28,0.30314285,,,,,,,,,,,,,,,,,REG,MIN,GB,Irv Smith Jr.,SmitIr01,1.0,0.0,0.0,118.7
2020,REG,8,00-0034351,D.Goedert,TE,TE,PHI,13674,e8029983-87cf-49a2-bc04-04c8233a0630,17270.0,47272.0,5022.0,,3121023.0,31019.0,,2132551.0,GoedDa00,,12860.0,13151.0,382.0,31019.0,791365.0,19863.0,791365.0,Dallas Goedert,dallas goedert,1,1,15.0,0,0.0,0.0,13.0,2.0,1.0,0.95922995,0,1.1538461,0.03846154,0.045296166,0.08939963,,,,,,,,,,,,,,,,,REG,PHI,DAL,Dallas Goedert,GoedDa00,0.0,0.0,0.0,118.7
2020,REG,8,00-0033110,T.Higbee,TE,TE,LA,12678,0df7912d-9e81-47ea-b4f7-d04986df4ee8,15623.0,10744.0,3271.0,,2573401.0,29344.0,,1853103.0,HigbTy00,tyler-higbee-1,10854.0,11430.0,159.0,29344.0,604176.0,18032.0,604176.0,Tyler Higbee,tyler higbee,2,4,14.0,0,0.0,0.0,9.0,12.0,1.0,-1.5657172,0,1.5555556,0.07017544,0.025139665,0.12286092,,,,,,,,,,,,,,,,,REG,LA,MIA,Tyler Higbee,HigbTy00,0.0,0.0,0.0,58.3
2020,REG,8,00-0027696,J.Graham,TE,TE,CHI,9925,fd85786d-3900-4dc0-9b30-334ee30413ed,9712.0,5619.0,616.0,jimmygraham/497236,13232.0,24070.0,6610.0,1691166.0,GrahJi00,jimmy-graham-1,6532.0,5842.0,,24070.0,295918.0,11488.0,295918.0,Jimmy Graham,jimmy graham,2,7,13.0,0,0.0,0.0,55.0,0.0,1.0,-5.884672,0,0.23636363,0.17073171,0.16871166,0.37419572,Jimmy Graham,CHI,4.731428571428571,1.8758506135717654,7.544285714285715,16.988901399388777,28.57142857142857,13.0,0.0,-0.125,1.0306865607294355,-1.1556865607294355,00-0027696,Jimmy,Graham,J.Graham,REG,CHI,NO,Jimmy Graham,GrahJi00,0.0,1.0,0.143,0.0
2020,REG,8,00-0027981,K.Rudolph,TE,TE,MIN,10312,1059e9dc-97df-4643-9116-883a0573d8b1,9906.0,6195.0,943.0,kylerudolph/2495438,14054.0,24830.0,7444.0,1633122.0,RudoKy00,kyle-rudolph-1,7246.0,6459.0,,24830.0,469472.0,13275.0,469472.0,Kyle Rudolph,kyle rudolph,1,1,12.0,0,0.0,0.0,1.0,11.0,1.0,0.8459967,0,12.0,0.071428575,0.04,0.13514286,,,,,,,,,,,,,,,,,REG,MIN,GB,Kyle Rudolph,RudoKy00,0.0,0.0,0.0,116.7
2020,REG,8,00-0032214,T.Kroft,TE,TE,BUF,12212,36f54823-9d51-4180-9c91-d10281deb4bf,13960.0,9518.0,2390.0,tylerkroft/2552586,2582410.0,28473.0,,1824200.0,KrofTy00,tyler-kroft-1,10247.0,10490.0,,28473.0,592268.0,16846.0,592268.0,Tyler Kroft,tyler kroft,1,1,11.0,0,0.0,0.0,10.0,1.0,1.0,0.69985205,0,1.1,0.055555556,0.05586592,0.12243948,,,,,,,,,,,,,,,,,REG,BUF,NE,Tyler Kroft,KrofTy00,0.0,0.0,0.0,112.5
2020,REG,8,00-0030443,L.Toilolo,TE,TE,NYG,11252,67d56171-7522-430c-b7d9-8f7e2b6624d3,11694.0,7915.0,1642.0,levinetoilolo/2540203,15980.0,26756.0,,1685990.0,ToilLe00,levine-toilolo-1,8789.0,8414.0,,26756.0,503205.0,15378.0,503205.0,Levine Toilolo,levine toilolo,1,2,9.0,0,0.0,0.0,11.0,4.0,0.0,-0.52388847,0,0.8181818,0.048780486,0.03514377,0.09777137,,,,,,,,,,,,,,,,,REG,NYG,TB,Levine Toilolo,ToilLe00,0.0,0.0,0.0,62.5
2020,REG,8,00-0030710,T.Burton,TE,TE,IND,11705,bc0f07a4-3e7b-4e61-987a-05533dc225be,12153.0,9185.0,1793.0,treyburton/2550284,16974.0,27789.0,,2130223.0,BurtTr01,,9490.0,9737.0,,27789.0,542788.0,15965.0,,Trey Burton,trey burton,3,4,9.0,0,0.0,0.0,23.0,3.0,0.0,-1.9229999,0,0.39130434,0.121212125,0.101321585,0.2527433,,,,,,,,,,,,,,,,,REG,IND,DET,Trey Burton,BurtTr01,0.0,0.0,0.0,77.1
2020,REG,8,00-0036423,A.Okwuegbunam,TE,TE,DEN,14873,617aee8a-70be-4bdf-9a71-2e2b74e647e6,18246.0,41933.0,6843.0,,4035115.0,32788.0,,2245117.0,OkwuAl00,albert-okwuegbunam-1,14369.0,,,32788.0,0.0,21794.0,920077.0,Albert Okwuegbunam,albert okwuegbunam,1,1,9.0,1,0.0,0.0,9.0,0.0,1.0,1.9993243,0,1.0,0.02631579,0.029508196,0.060129423,,,,,,,,,,,,,,,,,REG,DEN,LAC,Albert Okwuegbunam,OkwuAl00,0.0,0.0,0.0,143.7
2020,REG,8,00-0034829,M.Gesicki,TE,TE,MIA,13672,1012cbe0-7eba-4169-bfca-183a0204e1a7,17272.0,47153.0,4993.0,,3116164.0,31012.0,,2139298.0,GesiMi00,mike-gesicki-1,12764.0,13104.0,330.0,31012.0,836152.0,19853.0,836152.0,Mike Gesicki,mike gesicki,1,2,8.0,0,0.0,0.0,42.0,0.0,0.0,-1.1220541,0,0.1904762,0.09090909,0.3559322,0.38551617,,,,,,,,,,,,,,,,,REG,MIA,LA,Mike Gesicki,GesiMi00,0.0,0.0,0.0,60.4
2020,REG,8,00-0030216,J.Hill,TE,TE,NO,11529,687cdc33-bd0d-4b70-adb3-33f97dc26a3c,13565.0,8200.0,1777.0,joshhill/2541834,16143.0,26950.0,,2060083.0,HillJo02,,9071.0,8764.0,,26950.0,469509.0,15866.0,,Josh Hill,josh hill,1,1,7.0,0,0.0,0.0,-3.0,10.0,0.0,0.32023215,0,0.0,0.024390243,-0.015789473,0.025532734,,,,,,,,,,,,,,,,,REG,NO,CHI,Josh Hill,HillJo02,0.0,0.0,0.0,95.8
2020,REG,8,00-0031484,C.Manhertz,TE,TE,CAR,12955,7c7b5515-7786-4e24-9ce0-34e6a8bd5727,14014.0,10211.0,3048.0,,2531358.0,28365.0,,2167520.0,ManhCh00,,10033.0,10295.0,,28365.0,563293.0,17762.0,563293.0,Chris Manhertz,chris manhertz,1,1,6.0,0,0.0,0.0,4.0,2.0,0.0,-0.039137065,0,1.5,0.03846154,0.018099548,0.070361994,,,,,,,,,,,,,,,,,REG,CAR,ATL,Chris Manhertz,ManhCh00,0.0,0.0,0.0,91.7
2020,REG,8,00-0033387,J.Hollister,TE,TE,SEA,13391,ad2a1d03-020b-487a-bd5f-7ca9fbc250fe,16527.0,12051.0,4421.0,,3125404.0,30661.0,,2818962.0,HollJa03,,12271.0,12491.0,,30661.0,696882.0,19281.0,696882.0,Jacob Hollister,jacob hollister,1,2,6.0,0,0.0,0.0,3.0,8.0,0.0,-0.19517778,0,2.0,0.055555556,0.011904762,0.09166667,,,,,,,,,,,,,,,,,REG,SEA,SF,Jacob Hollister,HollJa03,0.0,1.0,0.5,56.2
2020,REG,8,00-0034988,K.Smith,TE,TE,NYG,14142,7bb7f5e7-f00e-47d8-954d-90bf5baf4292,18293.0,40973.0,6146.0,,4044452.0,32008.0,,2251343.0,SmitKa00,kaden-smith-1,13516.0,14217.0,,32008.0,924018.0,20946.0,924018.0,Kaden Smith,kaden smith,1,2,6.0,0,0.0,0.0,-1.0,11.0,0.0,-0.5925005,0,0.0,0.048780486,-0.0031948881,0.07093431,,,,,,,,,,,,,,,,,REG,NYG,TB,Kaden Smith,SmitKa00,0.0,0.0,0.0,56.2
2020,REG,8,00-0034192,N.Keizer,TE,TE,KC,14356,cafbcd5f-8b40-444e-baec-a48f49d8c5f0,18054.0,66940.0,5465.0,,4329472.0,31427.0,,2925517.0,KeizNi00,,13126.0,13609.0,,31427.0,1115710.0,20563.0,,Nick Keizer,nick keizer,1,2,5.0,0,0.0,0.0,24.0,4.0,0.0,-0.5921894,0,0.20833333,0.04255319,0.058536585,0.104805395,,,,,,,,,,,,,,,,,REG,KC,NYJ,Nick Keizer,KeizNi00,0.0,0.0,0.0,56.2
2020,REG,8,00-0034319,D.Yelder,TE,TE,KC,13857,cad43704-4231-4a72-b616-c66642103452,17879.0,29556.0,5277.0,,3059766.0,31519.0,,2925876.0,YeldDe00,,13022.0,13688.0,,31519.0,750702.0,20332.0,750702.0,Deon Yelder,deon yelder,1,1,5.0,0,0.0,0.0,-3.0,8.0,0.0,0.06601942,0,0.0,0.021276595,-0.007317073,0.026792942,,,,,,,,,,,,,,,,,REG,KC,NYJ,Deon Yelder,YeldDe00,0.0,0.0,0.0,87.5
2020,REG,8,00-0036040,J.Johnson,TE,TE,NO,14861,0226b03b-f91d-4223-9813-9fcd2e9c3acc,19562.0,28305.0,7002.0,,3929645.0,33113.0,,2186637.0,JohnJu02,,14630.0,,575.0,33113.0,0.0,21738.0,884609.0,Juwan Johnson,juwan johnson,1,3,5.0,0,0.0,0.0,20.0,0.0,0.0,-2.3741162,0,0.25,0.07317073,0.10526316,0.18344031,,,,,,,,,,,,,,,,,REG,NO,CHI,Juwan Johnson,JohnJu02,0.0,0.0,0.0,42.4
2020,REG,8,00-0034766,C.Herndon,TE,TE,NYJ,13679,780a48de-d092-4e87-9c34-8d1b45a154cc,17536.0,47164.0,5009.0,,3123050.0,31077.0,,2136463.0,HernCh00,christopher-herndon-iv-1,12899.0,13228.0,,31077.0,832080.0,19947.0,832080.0,Chris Herndon,chris herndon,1,2,3.0,0,1.0,1.0,11.0,6.0,0.0,-5.1857514,0,0.27272728,0.071428575,0.056410257,0.14663003,,,,,,,,,,,,,,,,,REG,NYJ,KC,Chris Herndon,HernCh00,0.0,0.0,0.0,56.2
2020,REG,8,00-0033338,C.Carter,TE,TE,CIN,13369,53fd9a69-1b10-4fd6-90e7-ee84cca9e041,16543.0,47149.0,4362.0,,3040470.0,30577.0,,2060620.0,CartCe00,,11889.0,12499.0,,30577.0,728274.0,19219.0,728274.0,Cethan Carter,cethan carter,1,1,2.0,0,0.0,0.0,2.0,0.0,1.0,0.62857485,0,1.0,0.028571429,0.008510638,0.04881459,,,,,,,,,,,,,,,,,REG,CIN,TEN,Cethan Carter,CartCe00,0.0,0.0,0.0,79.2
2020,REG,8,00-0036290,C.Kmet,TE,TE,CHI,14867,036feeb6-9a22-43c5-a8e3-7ac611d8ff49,19229.0,60995.0,6826.0,,4258595.0,32713.0,,2868619.0,KmetCo00,cole-kmet-1,14436.0,,569.0,32713.0,0.0,21772.0,1066765.0,Cole Kmet,cole kmet,1,1,2.0,0,0.0,0.0,2.0,0.0,0.0,-0.3645818,0,1.0,0.024390243,0.006134969,0.040879846,,,,,,,,,,,,,,,,,REG,CHI,NO,Cole Kmet,KmetCo00,0.0,0.0,0.0,79.2
2020,REG,8,00-0025418,G.Olsen,TE,TE,SEA,8687,587d0a98-7ec5-45a5-adba-8af26e8f256b,9238.0,3647.0,58.0,gregolsen/2495700,10475.0,8285.0,,502524.0,OlseGr00,greg-olsen-1,5206.0,4190.0,,8285.0,230925.0,1658.0,,Greg Olsen,greg olsen,0,4,0.0,0,0.0,0.0,17.0,0.0,0.0,-2.2091534,0,0.0,0.11111111,0.06746032,0.21388888,,,,,,,,,,,,,,,,,REG,SEA,SF,Greg Olsen,OlseGr00,0.0,0.0,0.0,39.6
2020,REG,8,00-0031585,M.Pruitt,TE,TE,TEN,12309,f22b34cf-6ecf-4522-9c77-1da275dfda7d,13964.0,9576.0,2446.0,,2508256.0,28531.0,,1760327.0,PruiMy00,,10251.0,10522.0,,28531.0,552586.0,16903.0,552586.0,MyCole Pruitt,mycole pruitt,0,1,0.0,0,0.0,0.0,3.0,0.0,0.0,-0.9583334,0,0.0,0.03448276,0.012448133,0.060437832,,,,,,,,,,,,,,,,,REG,TEN,CIN,MyCole Pruitt,PruiMy00,0.0,0.0,0.0,39.6
2020,REG,8,00-0031598,N.Boyle,TE,TE,BAL,12328,9480dd9f-151f-4e6d-b5a3-35f07bda4cac,13963.0,9604.0,2474.0,,2574591.0,28559.0,,1888149.0,BoylNi00,,10252.0,10547.0,,28559.0,608753.0,16931.0,608753.0,Nick Boyle,nick boyle,0,1,0.0,0,0.0,0.0,7.0,0.0,0.0,-0.9894605,0,0.0,0.03846154,0.032258064,0.08027295,,,,,,,,,,,,,,,,,REG,BAL,PIT,Nick Boyle,BoylNi00,0.0,0.0,0.0,39.6
2020,REG,8,00-0033720,C.Thompson,TE,TE,CAR,15123,1d55ba37-c09e-4945-b7ae-8d84e2357283,17182.0,12239.0,4647.0,,2980120.0,30740.0,,2820078.0,ThomCo03,,12375.0,,,30740.0,0.0,19542.0,694629.0,Colin Thompson,colin thompson,0,1,0.0,0,0.0,0.0,-1.0,0.0,0.0,-0.5121308,0,0.0,0.03846154,-0.004524887,0.054524887,,,,,,,,,,,,,,,,,REG,CAR,ATL,Colin Thompson,ThomCo03,0.0,0.0,0.0,39.6
2020,REG,8,00-0033896,A.Shaheen,TE,TE,MIA,13254,87171077-4c1c-4b67-b159-2cc6242988e0,16457.0,11800.0,4085.0,,4198676.0,30158.0,,2818105.0,ShahAd00,,11898.0,12283.0,,30158.0,1049770.0,18931.0,1049770.0,Adam Shaheen,adam shaheen,0,1,0.0,0,0.0,0.0,-2.0,0.0,0.0,-0.79003704,0,0.0,0.045454547,-0.016949153,0.05631741,,,,,,,,,,,,,,,,,REG,MIA,LA,Adam Shaheen,ShahAd00,0.0,0.0,0.0,39.6
2020,REG,8,00-0034613,T.Hudson,TE,TE,TB,14370,2fa75e05-cac4-4b40-8924-dbc9ae0c959c,17826.0,66924.0,5409.0,,3050481.0,31257.0,,2926606.0,,,13286.0,,,31257.0,1115394.0,20506.0,1115394.0,Tanner Hudson,tanner hudson,0,1,0.0,0,0.0,0.0,18.0,0.0,0.0,-1.6451814,0,0.0,0.025,0.04945055,0.072115384,,,,,,,,,,,,,,,,,,,,,,,,,
2020,REG,8,00-0034981,F.Moreau,TE,TE,LV,14239,9c3a67fd-5c6e-4689-9e08-9ff6d4db6c9a,18397.0,47043.0,5985.0,,3843945.0,31969.0,,2180634.0,MoreFo00,foster-moreau-1,13822.0,14154.0,179.0,31969.0,865573.0,20884.0,865573.0,Foster Moreau,foster moreau,0,1,0.0,0,0.0,0.0,15.0,0.0,0.0,-0.48704946,0,0.0,0.045454547,0.10714286,0.14318182,,,,,,,,,,,,,,,,,REG,LV,CLE,Foster Moreau,MoreFo00,0.0,0.0,0.0,39.6
2020,REG,8,00-0035631,D.Sample,TE,TE,CIN,14146,15a4f552-ecaf-45bd-9006-aa5dda93bee6,18561.0,47259.0,6001.0,,3127310.0,31884.0,,2139646.0,SampDr00,drew-sample-1,13809.0,14111.0,435.0,31884.0,837824.0,20931.0,837824.0,Drew Sample,drew sample,0,1,0.0,0,0.0,0.0,5.0,0.0,0.0,-0.46723875,0,0.0,0.028571429,0.021276595,0.05775076,,,,,,,,,,,,,,,,,REG,CIN,TEN,Drew Sample,SampDr00,0.0,0.0,0.0,39.6
2020,REG,9,00-0030506,T.Kelce,TE,TE,KC,11244,c3859e06-5f23-4302-a71b-04820a899d5f,11594.0,7844.0,1466.0,traviskelce/2540258,15847.0,26686.0,,1725130.0,KelcTr00,travis-kelce-1,8783.0,8411.0,264.0,26686.0,448240.0,15048.0,448240.0,Travis Kelce,travis kelce,10,12,159.0,0,0.0,0.0,115.0,66.0,8.0,9.391126,0,1.3826087,0.27272728,0.28255528,0.6068796,Travis Kelce,KC,7.295,3.2634518955879295,9.485833333333332,26.38006952491309,83.33333333333334,159.0,0.0,6.846000000000001,7.180143295562584,-0.3341432955625834,00-0030506,Travis,Kelce,T.Kelce,REG,KC,CAR,Travis Kelce,KelcTr00,1.0,0.0,0.0,118.7
2020,REG,9,00-0034830,H.Hurst,TE,TE,ATL,13680,1b125fc4-5dd9-4eb9-a42f-048e61ca42b7,17283.0,47294.0,4973.0,,3924365.0,30995.0,,2185053.0,HursHa00,hayden-hurst-1,12467.0,13098.0,8.0,30995.0,881956.0,19843.0,881956.0,Hayden Hurst,hayden hurst,7,8,62.0,0,0.0,0.0,40.0,40.0,4.0,1.4681439,0,1.55,0.22857143,0.11904762,0.42619047,Hayden Hurst,ATL,9.2825,5.66991597355813,4.98,11.699409743634924,87.5,62.0,0.0,6.095714285714286,7.972315220267611,-1.8766009345533252,00-0034830,Hayden,Hurst,H.Hurst,REG,ATL,DEN,Hayden Hurst,HursHa00,0.0,0.0,0.0,99.0
2020,REG,9,00-0033387,J.Hollister,TE,TE,SEA,13391,ad2a1d03-020b-487a-bd5f-7ca9fbc250fe,16527.0,12051.0,4421.0,,3125404.0,30661.0,,2818962.0,HollJa03,,12271.0,12491.0,,30661.0,696882.0,19281.0,696882.0,Jacob Hollister,jacob hollister,5,7,60.0,0,0.0,0.0,42.0,23.0,4.0,1.1634915,0,1.4285715,0.175,0.11081794,0.34007257,Jacob Hollister,SEA,4.578333333333334,2.5509219173298225,7.1428571428571415,13.06472263593844,71.42857142857143,60.0,0.0,4.561999999999999,3.7651684298175043,0.7968315701824951,00-0033387,Jacob,Hollister,J.Hollister,REG,SEA,BUF,Jacob Hollister,HollJa03,0.0,0.0,0.0,57.7
2020,REG,9,00-0027696,J.Graham,TE,TE,CHI,9925,fd85786d-3900-4dc0-9b30-334ee30413ed,9712.0,5619.0,616.0,jimmygraham/497236,13232.0,24070.0,6610.0,1691166.0,GrahJi00,jimmy-graham-1,6532.0,5842.0,,24070.0,295918.0,11488.0,295918.0,Jimmy Graham,jimmy graham,6,6,55.0,1,0.0,0.0,14.0,41.0,3.0,3.2160947,0,3.9285715,0.12765957,0.045751635,0.22351551,Jimmy Graham,CHI,8.84,6.122546791665076,2.3600000000000008,4.43275732531931,100.0,55.0,1.0,6.951666666666667,6.565306280751694,0.3863603859149727,00-0027696,Jimmy,Graham,J.Graham,REG,CHI,TEN,Jimmy Graham,GrahJi00,0.0,0.0,0.0,144.4
2020,REG,9,00-0034073,R.Dwelley,TE,TE,SF,13988,70473218-5ae3-47b4-86fd-151e68f1e8b9,17886.0,20994.0,5285.0,,3120303.0,31329.0,,2924888.0,DwelRo00,,13030.0,13522.0,,31329.0,752665.0,20361.0,752665.0,Ross Dwelley,ross dwelley,3,3,52.0,0,0.0,0.0,28.0,24.0,1.0,2.6787252,0,1.8571428,0.0882353,0.125,0.21985294,,,,,,,,,,,,,,,,,REG,SF,GB,Ross Dwelley,DwelRo00,0.0,0.0,0.0,118.7
2020,REG,9,00-0030549,T.Eifert,TE,TE,JAX,11250,14ecf9dd-3a77-4847-8e62-407cd1182f1c,11692.0,7802.0,1388.0,tylereifert/2540148,15788.0,26644.0,,1691608.0,EifeTy00,tyler-eifert-1,8782.0,8408.0,,26644.0,508968.0,14918.0,,Tyler Eifert,tyler eifert,4,5,48.0,0,0.0,0.0,35.0,13.0,3.0,3.1335926,0,1.3714286,0.13157895,0.10479042,0.2707217,Tyler Eifert,JAX,7.655,3.368010083017464,8.406,12.593258426966292,80.0,48.0,0.0,3.3900000000000006,2.925421792454415,0.46457820754558554,00-0030549,Tyler,Eifert,T.Eifert,REG,JAX,HOU,Tyler Eifert,EifeTy00,0.0,0.0,0.0,106.7
2020,REG,9,00-0033881,E.Engram,TE,TE,NYG,13189,e21365af-8d66-416e-b0a5-8816d18fcfd9,16411.0,11778.0,4066.0,,3051876.0,30136.0,,2079887.0,EngrEv00,evan-engram-1,11805.0,12205.0,229.0,30136.0,749185.0,18912.0,749185.0,Evan Engram,evan engram,5,10,48.0,1,0.0,0.0,61.0,13.0,2.0,1.214898,0,0.78688526,0.3030303,0.378882,0.71976286,Evan Engram,NYG,6.545,3.037306331516048,6.232999999999999,38.687853019676,50.0,48.0,1.0,2.8920000000000003,2.5621979709686316,0.3298020290313688,00-0033881,Evan,Engram,E.Engram,REG,NYG,WAS,Evan Engram,EngrEv00,0.0,2.0,0.2,97.1
2020,REG,9,00-0034383,D.Schultz,TE,TE,DAL,13772,8caec1b4-e0b6-4a84-b8c8-617d6e91ef6a,17349.0,47304.0,5001.0,,3117256.0,31107.0,,2136748.0,SchuDa00,dalton-schultz-1,12514.0,13198.0,487.0,31107.0,830523.0,19920.0,830523.0,Dalton Schultz,dalton schultz,4,7,48.0,0,0.0,0.0,60.0,9.0,2.0,1.9680912,0,0.8,0.1891892,0.1724138,0.40447345,Dalton Schultz,DAL,5.5575,3.9117745565100703,9.091428571428573,17.671887148728203,57.14285714285714,48.0,0.0,2.1874999999999982,2.778788796825893,-0.5912887968258946,00-0034383,Dalton,Schultz,D.Schultz,REG,DAL,PIT,Dalton Schultz,SchuDa00,0.0,0.0,0.0,78.3
2020,REG,9,00-0031598,N.Boyle,TE,TE,BAL,12328,9480dd9f-151f-4e6d-b5a3-35f07bda4cac,13963.0,9604.0,2474.0,,2574591.0,28559.0,,1888149.0,BoylNi00,,10252.0,10547.0,,28559.0,608753.0,16931.0,608753.0,Nick Boyle,nick boyle,4,4,46.0,0,0.0,0.0,27.0,19.0,2.0,3.4034984,0,1.7037038,0.17391305,0.28125,0.45774457,,,,,,,,,,,,,,,,,REG,BAL,IND,Nick Boyle,BoylNi00,0.0,0.0,0.0,114.6
2020,REG,9,00-0035644,N.Fant,TE,TE,DEN,14137,cdc98acc-9eb6-4b44-81bb-61d7b8a3b55f,17527.0,42388.0,5857.0,,4036131.0,31852.0,,2251095.0,FantNo00,noah-fant-1,13426.0,14050.0,243.0,31852.0,923911.0,20753.0,923911.0,Noah Fant,noah fant,3,3,45.0,0,0.0,0.0,5.0,40.0,2.0,2.589311,0,9.0,0.06666667,0.011600928,0.10812065,,,,,,,,,,,,,,,,,REG,DEN,ATL,Noah Fant,FantNo00,1.0,0.0,0.0,118.7
2020,REG,9,00-0033217,M.Alie-Cox,TE,TE,IND,13246,8809c0dd-786b-4255-a7d0-333c9498c19a,16579.0,12078.0,4054.0,moalie-cox/2558832,2998565.0,30112.0,,2815925.0,AlieMo00,,12196.0,12221.0,195.0,30112.0,712506.0,18900.0,712506.0,Mo Alie-Cox,mo alie-cox,3,3,43.0,0,0.0,0.0,33.0,10.0,2.0,2.7053752,0,1.3030303,0.075,0.12043796,0.19680656,,,,,,,,,,,,,,,,,REG,IND,BAL,Mo Alie-Cox,AlieMo00,0.0,0.0,0.0,118.7
2020,REG,9,00-0034829,M.Gesicki,TE,TE,MIA,13672,1012cbe0-7eba-4169-bfca-183a0204e1a7,17272.0,47153.0,4993.0,,3116164.0,31012.0,,2139298.0,GesiMi00,mike-gesicki-1,12764.0,13104.0,330.0,31012.0,836152.0,19853.0,836152.0,Mike Gesicki,mike gesicki,3,4,42.0,0,0.0,0.0,39.0,5.0,2.0,2.2765238,0,1.0769231,0.15384616,0.16666667,0.3474359,,,,,,,,,,,,,,,,,REG,MIA,ARI,Mike Gesicki,GesiMi00,0.0,0.0,0.0,108.3
2020,REG,9,00-0027981,K.Rudolph,TE,TE,MIN,10312,1059e9dc-97df-4643-9116-883a0573d8b1,9906.0,6195.0,943.0,kylerudolph/2495438,14054.0,24830.0,7444.0,1633122.0,RudoKy00,kyle-rudolph-1,7246.0,6459.0,,24830.0,469472.0,13275.0,469472.0,Kyle Rudolph,kyle rudolph,3,4,40.0,0,0.0,0.0,25.0,17.0,2.0,-0.90970844,0,1.6,0.2,0.115207374,0.38064516,,,,,,,,,,,,,,,,,REG,MIN,DET,Kyle Rudolph,RudoKy00,0.0,0.0,0.0,106.2
2020,REG,9,00-0035229,T.Hockenson,TE,TE,DET,14138,bd1120b6-38b3-4225-a4b0-20660a149d0d,18290.0,40912.0,5844.0,,4036133.0,31840.0,,2251097.0,HockTJ00,tj-hockenson-1,13610.0,14051.0,247.0,31840.0,923915.0,20805.0,923915.0,T.J. Hockenson,tj hockenson,5,8,39.0,1,0.0,0.0,60.0,12.0,2.0,-12.580415,0,0.65,0.18181819,0.21978022,0.42657343,T.J. Hockenson,DET,6.6675,2.31551124827241,8.657499999999999,24.84841961755103,62.5,39.0,1.0,2.8420000000000014,2.754574413841749,0.08742558615825224,00-0035229,Thomas,Hockenson,T.Hockenson,REG,DET,MIN,T.J. Hockenson,HockTJ00,0.0,0.0,0.0,74.5
2020,REG,9,00-0036422,A.Trautman,TE,TE,NO,14870,4e14183b-f974-4745-9d7f-8f5eb2a92a7d,19423.0,109795.0,6869.0,,3911853.0,32775.0,,2182228.0,TrauAd00,,14541.0,,566.0,32775.0,0.0,21786.0,875444.0,Adam Trautman,adam trautman,3,3,39.0,1,0.0,0.0,14.0,25.0,2.0,4.9772716,0,2.7857144,0.0882353,0.07486631,0.18475936,,,,,,,,,,,,,,,,,REG,NO,TB,Adam Trautman,TrauAd00,0.0,0.0,0.0,158.3
2020,REG,9,00-0033090,H.Henry,TE,TE,LAC,12676,705899da-3c20-4bc3-b5d0-2e6e40655131,15561.0,10669.0,3214.0,,3046439.0,29269.0,,2079848.0,HenrHu00,hunter-henry-1,10735.0,11299.0,212.0,29269.0,744425.0,17975.0,744425.0,Hunter Henry,hunter henry,4,7,33.0,0,0.0,0.0,56.0,4.0,3.0,0.3746506,0,0.58928573,0.17073171,0.18122977,0.3829584,Hunter Henry,LAC,7.56,1.8159877553802417,8.877142857142859,19.427856807878694,57.14285714285714,33.0,0.0,1.554999999999998,1.7418074098706313,-0.18680740987063338,00-0033090,Hunter,Henry,H.Henry,REG,LAC,LV,Hunter Henry,HenrHu00,0.0,0.0,0.0,69.3
2020,REG,9,00-0033858,J.Smith,TE,TE,TEN,13193,e4f25a37-74de-4bfb-b6c9-f50a4fab0b87,16460.0,11855.0,4144.0,,3054212.0,30213.0,,2081506.0,SmitJo01,jonnu-smith-1,11807.0,12344.0,84.0,30213.0,743749.0,18990.0,743749.0,Jonnu Smith,jonnu smith,2,2,32.0,1,0.0,0.0,13.0,19.0,2.0,3.6118383,0,2.4615386,0.0952381,0.060465116,0.18518272,,,,,,,,,,,,,,,,,REG,TEN,CHI,Jonnu Smith,SmitJo01,0.0,0.0,0.0,158.3
2020,REG,9,00-0027061,J.Cook,TE,TE,NO,9474,3b7a1409-d154-4e5c-8c94-9d4a0e0993c7,9265.0,5012.0,367.0,jaredcook/71265,12537.0,9353.0,6126.0,584314.0,CookJa02,jared-cook-2,5981.0,5165.0,,9353.0,296480.0,8534.0,296480.0,Jared Cook,jared cook,2,3,30.0,0,1.0,1.0,31.0,7.0,1.0,-3.2981753,0,0.9677419,0.0882353,0.1657754,0.24839573,,,,,,,,,,,,,,,,,REG,NO,TB,Jared Cook,CookJa02,0.0,1.0,0.333,99.3
2020,REG,9,00-0030108,R.Griffin,TE,TE,NYJ,11399,cb1df42c-b59c-4e23-a9a2-fbfc2b39ef71,11830.0,7982.0,1425.0,ryangriffin/2541316,15887.0,26824.0,,2057695.0,GrifRy00,ryan-griffin-1,8911.0,8600.0,,26824.0,465129.0,14985.0,465129.0,Ryan Griffin,ryan griffin,2,2,28.0,0,0.0,0.0,13.0,15.0,1.0,1.3218002,0,2.1538463,0.083333336,0.041935485,0.15435484,,,,,,,,,,,,,,,,,REG,NYJ,NE,Ryan Griffin,GrifRy00,0.0,0.0,0.0,118.7
2020,REG,9,00-0031260,L.Thomas,TE,TE,WAS,11647,b24625a0-d402-4d59-a778-aa4b073bfe5e,12095.0,8755.0,2251.0,loganthomas/2543767,16813.0,27648.0,,1691193.0,ThomLo00,logan-thomas-1,9323.0,9354.0,,27648.0,507528.0,16656.0,507528.0,Logan Thomas,logan thomas,3,6,28.0,0,0.0,0.0,36.0,15.0,2.0,-0.5135804,0,0.7777778,0.15384616,0.24489796,0.4021978,Logan Thomas,WAS,5.546666666666667,4.163397571861918,6.306666666666666,26.85783235147987,50.0,28.0,0.0,4.900000000000001,2.695699497160755,2.204300502839246,00-0031260,Logan,Thomas,L.Thomas,REG,WAS,NYG,Logan Thomas,ThomLo00,0.0,0.0,0.0,63.2
2020,REG,9,00-0029738,D.Fells,TE,TE,HOU,11337,54d4e35a-2e6c-48f6-86ad-92dd596c173c,13636.0,8549.0,1592.0,darrenfells/2540928,15773.0,26612.0,,2053740.0,FellDa01,,9758.0,8472.0,,26612.0,266414.0,15247.0,266414.0,Darren Fells,darren fells,2,2,26.0,0,0.0,0.0,1.0,25.0,1.0,1.7211221,0,26.0,0.06896552,0.004016064,0.10625952,,,,,,,,,,,,,,,,,REG,HOU,JAX,Darren Fells,FellDa01,0.0,0.0,0.0,118.7
2020,REG,9,00-0034159,W.Dissly,TE,TE,SEA,13763,383f4814-6836-4766-a297-fc063e8509cc,18049.0,30762.0,5010.0,,3127292.0,31090.0,,2139628.0,DissWi00,will-dissly-1,12986.0,13246.0,86.0,31090.0,837806.0,19950.0,837806.0,Will Dissly,will dissly,1,1,26.0,0,0.0,0.0,10.0,16.0,1.0,1.6950023,0,2.6,0.025,0.026385223,0.055969656,,,,,,,,,,,,,,,,,REG,SEA,BUF,Will Dissly,DissWi00,0.0,0.0,0.0,118.7
2020,REG,9,00-0031387,E.Ebron,TE,TE,PIT,11695,9fbcfae9-dd14-415c-8952-9b1b5dff0dfc,12143.0,8645.0,2118.0,ericebron/2543466,16732.0,27538.0,,1865396.0,EbroEr00,eric-ebron-1,9210.0,9390.0,,27538.0,605752.0,16451.0,605752.0,Eric Ebron,eric ebron,3,6,22.0,1,0.0,0.0,30.0,12.0,2.0,2.139628,0,0.73333335,0.13333334,0.09146342,0.26402438,Eric Ebron,PIT,4.25,3.1762885918138974,5.401666666666666,9.740630541279714,50.0,22.0,1.0,3.310000000000001,3.539711602972678,-0.22971160297267712,00-0031387,Eric,Ebron,E.Ebron,REG,PIT,DAL,Eric Ebron,EbroEr00,0.0,0.0,0.0,98.6
2020,REG,9,00-0031610,D.Waller,TE,TE,LV,12263,14c97c9f-26e8-4944-9299-f90de6aeada3,14104.0,9637.0,2505.0,,2576925.0,28592.0,,1850793.0,WallDa01,darren-waller-1,10215.0,10433.0,,28592.0,600191.0,16964.0,600191.0,Darren Waller,darren waller,5,10,22.0,1,0.0,0.0,76.0,21.0,1.0,-4.089323,0,0.28947368,0.4347826,0.27046263,0.8414978,Darren Waller,LV,6.902000000000001,2.987850426611349,8.309000000000001,29.688784078322083,50.0,22.0,1.0,3.7220000000000004,3.7545028580530073,-0.0325028580530069,00-0031610,Darren,Waller,D.Waller,REG,LV,LAC,Darren Waller,WallDa01,0.0,1.0,0.1,89.6
2020,REG,9,00-0034753,M.Andrews,TE,TE,BAL,13671,0618f387-9b72-4270-8b8f-dec4cccc9e4a,17269.0,47436.0,5012.0,,3116365.0,31056.0,,2131121.0,AndrMa00,mark-andrews-1,12559.0,13182.0,366.0,31056.0,820699.0,19803.0,820699.0,Mark Andrews,mark andrews,3,5,22.0,0,0.0,0.0,18.0,7.0,1.0,0.84961516,0,1.2222222,0.2173913,0.1875,0.45733696,Mark Andrews,BAL,8.305,2.839540136203879,3.2959999999999994,17.411516111991542,60.0,22.0,0.0,2.513333333333333,2.398209062978367,0.1151242703549662,00-0034753,Mark,Andrews,M.Andrews,REG,BAL,IND,Mark Andrews,AndrMa00,0.0,0.0,0.0,70.4
2020,REG,9,00-0033258,D.Daniels,TE,TE,ARI,13396,7574eb56-a34a-419e-9682-c4788cfe2019,16582.0,12122.0,4323.0,,3052166.0,30523.0,,2079698.0,DaniDa02,,11890.0,12453.0,,30523.0,747895.0,19176.0,747895.0,Darrell Daniels,darrell daniels,1,1,21.0,1,0.0,0.0,21.0,0.0,1.0,2.38765,0,1.0,0.03846154,0.084,0.11649231,,,,,,,,,,,,,,,,,REG,ARI,MIA,Darrell Daniels,DaniDa02,0.0,0.0,0.0,158.3
2020,REG,9,00-0033455,A.Firkser,TE,TE,TEN,13919,b0719e3d-199b-46e5-a2b4-1091f6fd5c0d,16787.0,51837.0,4435.0,,3049698.0,30571.0,,2818971.0,FirkAn00,,12235.0,12691.0,,30571.0,767297.0,19296.0,767297.0,Anthony Firkser,anthony firkser,3,6,19.0,0,0.0,0.0,20.0,10.0,2.0,-1.5330102,0,0.95,0.2857143,0.093023255,0.49368772,Anthony Firkser,TEN,5.873333333333332,1.5627134233375621,2.5050000000000003,6.804291728914845,50.0,19.0,0.0,2.6799999999999997,2.36595304149508,0.3140469585049197,00-0033455,Anthony,Firkser,A.Firkser,REG,TEN,CHI,Anthony Firkser,FirkAn00,0.0,1.0,0.167,56.9
2020,REG,9,00-0034364,J.Akins,TE,TE,HOU,13753,0cb5a32a-a340-4671-ba2a-93f5fa6aee8d,17415.0,47050.0,5032.0,,3128452.0,31068.0,,2142712.0,AkinJo00,jordan-akins-1,12568.0,13238.0,,31068.0,838396.0,19903.0,838396.0,Jordan Akins,jordan akins,2,4,19.0,0,0.0,0.0,41.0,9.0,1.0,0.5504607,0,0.46341464,0.13793103,0.16465864,0.3221576,,,,,,,,,,,,,,,,,REG,HOU,JAX,Jordan Akins,AkinJo00,0.0,1.0,0.25,63.5
2020,REG,9,00-0034798,D.Smythe,TE,TE,MIA,13676,7e42a22a-c47b-4387-aeeb-2cc2e76dc1d8,17508.0,47257.0,5008.0,,3052897.0,31093.0,,2082845.0,SmytDu00,durham-smythe-1,12807.0,13249.0,,31093.0,749968.0,19943.0,749968.0,Durham Smythe,durham smythe,1,1,19.0,0,0.0,0.0,5.0,14.0,1.0,2.177162,0,3.8,0.03846154,0.021367522,0.072649576,,,,,,,,,,,,,,,,,REG,MIA,ARI,Durham Smythe,SmytDu00,0.0,0.0,0.0,118.7
2020,REG,9,00-0034011,D.Arnold,TE,TE,ARI,13880,d479a777-b53b-4bbf-a8e4-0c1675ac48df,17143.0,51842.0,4741.0,,4212989.0,30891.0,,2835170.0,ArnoDa00,,12276.0,12972.0,,30891.0,1053627.0,19659.0,1053627.0,Dan Arnold,dan arnold,1,1,16.0,0,0.0,0.0,15.0,1.0,1.0,0.875424,0,1.0666667,0.03846154,0.06,0.09969231,,,,,,,,,,,,,,,,,REG,ARI,MIA,Dan Arnold,ArnoDa00,0.0,0.0,0.0,118.7
2020,REG,9,00-0030216,J.Hill,TE,TE,NO,11529,687cdc33-bd0d-4b70-adb3-33f97dc26a3c,13565.0,8200.0,1777.0,joshhill/2541834,16143.0,26950.0,,2060083.0,HillJo02,,9071.0,8764.0,,26950.0,469509.0,15866.0,,Josh Hill,josh hill,2,2,14.0,1,0.0,0.0,14.0,0.0,2.0,2.325095,0,1.0,0.05882353,0.07486631,0.1406417,,,,,,,,,,,,,,,,,REG,NO,TB,Josh Hill,HillJo02,0.0,0.0,0.0,135.4
2020,REG,9,00-0025418,G.Olsen,TE,TE,SEA,8687,587d0a98-7ec5-45a5-adba-8af26e8f256b,9238.0,3647.0,58.0,gregolsen/2495700,10475.0,8285.0,,502524.0,OlseGr00,greg-olsen-1,5206.0,4190.0,,8285.0,230925.0,1658.0,,Greg Olsen,greg olsen,2,3,13.0,0,0.0,0.0,19.0,4.0,0.0,0.20568962,0,0.68421054,0.075,0.050131924,0.14759235,,,,,,,,,,,,,,,,,REG,SEA,BUF,Greg Olsen,OlseGr00,0.0,0.0,0.0,75.7
2020,REG,9,00-0028042,L.Stocker,TE,TE,ATL,10354,5b712aed-201c-43dd-b978-b7b6ef91178e,9948.0,6256.0,963.0,lukestocker/2495234,14099.0,24891.0,7589.0,1125485.0,StocLu00,luke-stocker-1,7413.0,6552.0,,24891.0,334186.0,13370.0,334186.0,Luke Stocker,luke stocker,1,1,12.0,0,0.0,0.0,2.0,10.0,1.0,0.8202003,0,6.0,0.028571429,0.005952381,0.04702381,,,,,,,,,,,,,,,,,REG,ATL,DEN,Luke Stocker,StocLu00,0.0,0.0,0.0,116.7
2020,REG,9,00-0032394,N.Vannett,TE,TE,DEN,12680,c731aa8a-778b-4ccd-a19f-517eb66f47b7,15645.0,10728.0,3258.0,,2576399.0,29328.0,,1871322.0,VannNi00,nick-vannett-1,10949.0,11329.0,,29328.0,606488.0,18019.0,606488.0,Nick Vannett,nick vannett,1,1,11.0,0,0.0,0.0,6.0,5.0,1.0,1.0998213,0,1.8333334,0.022222223,0.013921114,0.043078113,,,,,,,,,,,,,,,,,REG,DEN,ATL,Nick Vannett,VannNi00,0.0,0.0,0.0,112.5
2020,REG,9,00-0034970,I.Smith,TE,TE,MIN,14141,ed0e6a30-83d5-4f4b-bf49-f7ff80e21304,18610.0,42060.0,6126.0,,4040980.0,31882.0,,2257888.0,SmitIr01,irv-smith-jr-1,13583.0,14052.0,,31882.0,944428.0,20949.0,944428.0,Irv Smith,irv smith,2,4,10.0,2,0.0,0.0,17.0,2.0,2.0,1.5276808,0,0.5882353,0.2,0.078341015,0.3548387,,,,,,,,,,,,,,,,,REG,MIN,DET,Irv Smith Jr.,SmitIr01,0.0,0.0,0.0,95.8
2020,REG,9,00-0031951,J.O'Shaughnessy,TE,TE,JAX,12330,e5c6b0d4-3e77-422b-a6d8-574a10ed385e,14146.0,9606.0,2476.0,,2508079.0,28561.0,,2174148.0,O'ShJa00,,10249.0,10549.0,,28561.0,552352.0,16933.0,552352.0,James O'Shaughnessy,james oshaughnessy,1,2,9.0,0,0.0,0.0,27.0,3.0,0.0,-2.2060878,0,0.33333334,0.05263158,0.08083832,0.1355342,,,,,,,,,,,,,,,,,REG,JAX,HOU,James O'Shaughnessy,O'ShJa00,0.0,0.0,0.0,22.9
2020,REG,9,00-0034365,I.Thomas,TE,TE,CAR,13678,ed8a8fd2-df67-45e7-a34f-984afb82f6ea,17387.0,42130.0,4995.0,,4045305.0,31071.0,,2253359.0,ThomIa00,ian-thomas-3,12858.0,13163.0,323.0,31071.0,943093.0,19910.0,943093.0,Ian Thomas,ian thomas,1,2,8.0,0,1.0,0.0,28.0,7.0,0.0,0.17363384,0,0.2857143,0.045454547,0.112,0.14658181,,,,,,,,,,,,,,,,,REG,CAR,KC,Ian Thomas,ThomIa00,0.0,0.0,0.0,60.4
2020,REG,9,00-0034988,K.Smith,TE,TE,NYG,14142,7bb7f5e7-f00e-47d8-954d-90bf5baf4292,18293.0,40973.0,6146.0,,4044452.0,32008.0,,2251343.0,SmitKa00,kaden-smith-1,13516.0,14217.0,,32008.0,924018.0,20946.0,924018.0,Kaden Smith,kaden smith,1,1,8.0,0,0.0,0.0,1.0,7.0,1.0,1.0833077,0,8.0,0.030303031,0.0062111802,0.04980237,,,,,,,,,,,,,,,,,REG,NYG,WAS,Kaden Smith,SmitKa00,1.0,0.0,0.0,100.0
2020,REG,9,00-0036423,A.Okwuegbunam,TE,TE,DEN,14873,617aee8a-70be-4bdf-9a71-2e2b74e647e6,18246.0,41933.0,6843.0,,4035115.0,32788.0,,2245117.0,OkwuAl00,albert-okwuegbunam-1,14369.0,,,32788.0,0.0,21794.0,920077.0,Albert Okwuegbunam,albert okwuegbunam,1,1,7.0,0,0.0,0.0,4.0,3.0,1.0,1.8517,0,1.75,0.022222223,0.009280742,0.039829854,,,,,,,,,,,,,,,,,REG,DEN,ATL,Albert Okwuegbunam,OkwuAl00,1.0,0.0,0.0,95.8
2020,REG,9,00-0030710,T.Burton,TE,TE,IND,11705,bc0f07a4-3e7b-4e61-987a-05533dc225be,12153.0,9185.0,1793.0,treyburton/2550284,16974.0,27789.0,,2130223.0,BurtTr01,,9490.0,9737.0,,27789.0,542788.0,15965.0,,Trey Burton,trey burton,1,4,6.0,0,0.0,0.0,27.0,2.0,0.0,-5.7792816,0,0.22222222,0.1,0.09854015,0.2189781,,,,,,,,,,,,,,,,,REG,IND,BAL,Trey Burton,BurtTr01,0.0,0.0,0.0,39.6
2020,REG,9,00-0033757,R.Tonyan,TE,TE,GB,13427,7c9c7800-69d0-459b-812b-a07ac48e9f2a,16502.0,12193.0,4602.0,,2975674.0,30777.0,,2820026.0,TonyRo00,,12389.0,12868.0,,30777.0,660151.0,19491.0,660151.0,Robert Tonyan,robert tonyan,1,1,5.0,0,0.0,0.0,5.0,0.0,0.0,-0.24023093,0,1.0,0.033333335,0.02183406,0.06528384,,,,,,,,,,,,,,,,,REG,GB,SF,Robert Tonyan,TonyRo00,0.0,0.0,0.0,87.5
2020,REG,9,00-0031558,M.Williams,TE,TE,ARI,12206,52f4a43a-64a9-4d69-a9e2-28bd60f68e49,13919.0,9488.0,2360.0,,2970726.0,28443.0,,1983769.0,WillMa04,maxx-williams-1,10128.0,10298.0,,28443.0,651658.0,16816.0,651658.0,Maxx Williams,maxx williams,1,1,4.0,1,0.0,0.0,0.0,4.0,1.0,0.92522633,0,0.0,0.03846154,0.0,0.057692308,,,,,,,,,,,,,,,,,REG,ARI,MIA,Maxx Williams,WillMa04,0.0,0.0,0.0,122.9
2020,REG,9,00-0030472,J.Reed,TE,TE,SF,11248,c3bf8d3e-3b2e-4f9e-ad74-c0a684035f17,11690.0,7866.0,1500.0,jordanreed/2540160,15860.0,26708.0,,1691412.0,ReedJo02,jordan-reed-1,8615.0,8412.0,,26708.0,508876.0,15100.0,,Jordan Reed,jordan reed,1,2,3.0,0,0.0,0.0,12.0,0.0,0.0,-1.9202286,0,0.25,0.05882353,0.05357143,0.1257353,,,,,,,,,,,,,,,,,REG,SF,GB,Jordan Reed,ReedJo02,0.0,0.0,0.0,56.2
2020,REG,9,00-0027656,R.Gronkowski,TE,TE,TB,9902,2142a164-48ad-47d6-bb27-0bc58c6b2e62,9721.0,5567.0,515.0,robgronkowski/497240,13229.0,24017.0,,1244303.0,GronRo00,rob-gronkowski-1,6443.0,5729.0,,24017.0,381091.0,10974.0,381091.0,Rob Gronkowski,rob gronkowski,1,6,2.0,0,0.0,0.0,63.0,2.0,0.0,-7.816679,0,0.031746034,0.16216215,0.17260274,0.36406517,Rob Gronkowski,TB,4.484999999999999,1.7995160031114217,11.31,20.2361782071927,16.666666666666664,2.0,0.0,1.9600000000000009,1.7988985945776221,0.16110140542237872,00-0027656,Robert,Gronkowski,R.Gronkowski,REG,TB,NO,Rob Gronkowski,GronRo00,0.0,1.0,0.167,0.0
2020,REG,9,00-0030470,V.McDonald,TE,TE,PIT,11257,8f24a248-b328-43ec-8677-67600e42a8f7,11699.0,7836.0,1587.0,vancemcdonald/2540215,15853.0,26678.0,,1673357.0,McDoVa00,vance-mcdonald-1,8785.0,8413.0,,26678.0,494969.0,15239.0,,Vance McDonald,vance mcdonald,1,1,2.0,0,0.0,0.0,2.0,0.0,0.0,-0.51881456,0,1.0,0.022222223,0.0060975607,0.037601627,,,,,,,,,,,,,,,,,REG,PIT,DAL,Vance McDonald,McDoVa00,0.0,0.0,0.0,79.2
2020,REG,9,00-0024243,M.Lewis,TE,TE,GB,8269,9c21e9af-681c-41ef-9b00-fbc9e1668ed1,9413.0,2973.0,111.0,marcedeslewis/2495888,9614.0,7777.0,4007.0,415313.0,LewiMa00,marcedes-lewis-1,4891.0,3615.0,,7777.0,214197.0,3061.0,214197.0,Marcedes Lewis,marcedes lewis,1,1,1.0,1,0.0,0.0,1.0,0.0,1.0,0.7201934,0,1.0,0.033333335,0.0043668123,0.05305677,,,,,,,,,,,,,,,,,REG,GB,SF,Marcedes Lewis,LewiMa00,0.0,0.0,0.0,118.7
2020,REG,9,00-0032214,T.Kroft,TE,TE,BUF,12212,36f54823-9d51-4180-9c91-d10281deb4bf,13960.0,9518.0,2390.0,tylerkroft/2552586,2582410.0,28473.0,,1824200.0,KrofTy00,tyler-kroft-1,10247.0,10490.0,,28473.0,592268.0,16846.0,592268.0,Tyler Kroft,tyler kroft,1,1,1.0,1,0.0,0.0,1.0,0.0,1.0,0.4955114,0,1.0,0.02631579,0.0029325513,0.04152647,,,,,,,,,,,,,,,,,REG,BUF,SEA,Tyler Kroft,KrofTy00,0.0,0.0,0.0,118.7
2020,REG,9,00-0035671,J.Sternberger,TE,TE,GB,14140,f808794b-3135-4f75-b46a-ba90bf6b8502,18614.0,47081.0,6139.0,,3917962.0,31907.0,,2179567.0,SterJa00,jace-sternberger-1,13495.0,14097.0,,31907.0,877598.0,20952.0,877598.0,Jace Sternberger,jace sternberger,1,1,1.0,0,0.0,0.0,1.0,0.0,0.0,-0.46024594,0,1.0,0.033333335,0.0043668123,0.05305677,,,,,,,,,,,,,,,,,REG,GB,SF,Jace Sternberger,SterJa00,0.0,0.0,0.0,79.2
2020,REG,9,00-0022127,J.Witten,TE,TE,LV,6997,e38c9b1b-7c51-48a2-ac1d-a752502e8930,9275.0,1384.0,23.0,jasonwitten/2505629,4527.0,6405.0,,396134.0,WittJa00,jason-witten-1,3086.0,1990.0,,6405.0,184571.0,722.0,,Jason Witten,jason witten,1,1,0.0,0,0.0,0.0,-1.0,1.0,0.0,-0.586716,0,0.0,0.04347826,-0.0035587188,0.06272629,,,,,,,,,,,,,,,,,REG,LV,LAC,Jason Witten,WittJa00,0.0,0.0,0.0,79.2
2020,REG,9,00-0030181,J.Doyle,TE,TE,IND,11516,bd413539-9351-454e-9d61-4e8635d7e9f5,11987.0,8520.0,1706.0,jackdoyle/2540232,16504.0,27299.0,,2041264.0,DoylJa00,,9081.0,9075.0,,27299.0,477386.0,15602.0,477386.0,Jack Doyle,jack doyle,0,2,0.0,0,0.0,0.0,8.0,0.0,0.0,-1.8391957,0,0.0,0.05,0.02919708,0.09543796,,,,,,,,,,,,,,,,,REG,IND,BAL,Jack Doyle,DoylJa00,0.0,0.0,0.0,39.6
2020,REG,9,00-0030443,L.Toilolo,TE,TE,NYG,11252,67d56171-7522-430c-b7d9-8f7e2b6624d3,11694.0,7915.0,1642.0,levinetoilolo/2540203,15980.0,26756.0,,1685990.0,ToilLe00,levine-toilolo-1,8789.0,8414.0,,26756.0,503205.0,15378.0,503205.0,Levine Toilolo,levine toilolo,1,1,0.0,0,0.0,0.0,0.0,0.0,0.0,-0.35876864,0,,0.030303031,0.0,0.045454547,,,,,,,,,,,,,,,,,REG,NYG,WAS,Levine Toilolo,ToilLe00,0.0,0.0,0.0,79.2
2020,REG,9,00-0032135,J.James,TE,TE,DET,12211,a37a5bfd-b48c-4d8b-817a-d8ce7ca3592d,13959.0,9593.0,2463.0,jessejames/2552633,2979590.0,28548.0,,1983808.0,JameJe00,jesse-james-1,10150.0,10403.0,,28548.0,652019.0,16920.0,652019.0,Jesse James,jesse james,1,1,0.0,0,0.0,0.0,-1.0,1.0,0.0,-0.67022717,0,0.0,0.022727273,-0.0036630037,0.031526808,,,,,,,,,,,,,,,,,REG,DET,MIN,Jesse James,JameJe00,0.0,0.0,0.0,79.2
2020,REG,9,00-0033439,P.Brown,TE,TE,HOU,13994,6733b953-de77-44e5-acbf-c2d3a0940243,16937.0,12247.0,4443.0,,2971281.0,30627.0,,2819155.0,BrowPh01,,11887.0,12737.0,,30627.0,689689.0,19304.0,689689.0,Pharaoh Brown,pharaoh brown,0,1,0.0,0,0.0,0.0,24.0,0.0,0.0,-0.7749356,0,0.0,0.03448276,0.09638554,0.119194016,,,,,,,,,,,,,,,,,REG,HOU,JAX,Pharaoh Brown,BrowPh01,0.0,0.0,0.0,39.6
2020,REG,9,00-0033896,A.Shaheen,TE,TE,MIA,13254,87171077-4c1c-4b67-b159-2cc6242988e0,16457.0,11800.0,4085.0,,4198676.0,30158.0,,2818105.0,ShahAd00,,11898.0,12283.0,,30158.0,1049770.0,18931.0,1049770.0,Adam Shaheen,adam shaheen,0,1,0.0,0,0.0,0.0,2.0,0.0,0.0,-0.3890076,0,0.0,0.03846154,0.008547009,0.06367522,,,,,,,,,,,,,,,,,REG,MIA,ARI,Adam Shaheen,ShahAd00,0.0,0.0,0.0,39.6
2020,REG,9,00-0035329,D.Parham,TE,TE,LAC,14341,4f246e92-3d21-450f-977a-dc16892c7238,18835.0,91014.0,6074.0,,3912092.0,32456.0,,2183713.0,ParhDo00,,13602.0,14320.0,,32456.0,875649.0,20905.0,875649.0,Donald Parham,donald parham,0,3,0.0,0,0.0,0.0,24.0,0.0,0.0,-4.2713237,0,0.0,0.07317073,0.0776699,0.16412503,,,,,,,,,,,,,,,,,REG,LAC,LV,Donald Parham,ParhDo00,0.0,0.0,0.0,39.6
2020,REG,9,00-0032062,B.Bell,TE,TE,DAL,12213,0cc4e449-185a-4b08-9f07-c907ad0c3e05,13966.0,9550.0,2422.0,,2514206.0,28505.0,,1737101.0,BellBl00,blake-bell-1,10248.0,10366.0,,28505.0,542871.0,16878.0,542871.0,Blake Bell,blake bell,1,2,-4.0,0,0.0,0.0,-6.0,2.0,0.0,-2.2271278,0,0.0,0.054054055,-0.01724138,0.06901211,,,,,,,,,,,,,,,,,REG,DAL,PIT,Blake Bell,BellBl00,0.0,0.0,0.0,56.2
2020,REG,10,00-0031260,L.Thomas,TE,TE,WAS,11647,b24625a0-d402-4d59-a778-aa4b073bfe5e,12095.0,8755.0,2251.0,loganthomas/2543767,16813.0,27648.0,,1691193.0,ThomLo00,logan-thomas-1,9323.0,9354.0,,27648.0,507528.0,16656.0,507528.0,Logan Thomas,logan thomas,4,5,66.0,0,0.0,0.0,70.0,16.0,4.0,6.8715286,0,0.94285715,0.09615385,0.22222222,0.29978633,Logan Thomas,WAS,4.09,3.1849898585476657,13.413999999999998,21.65015010168178,80.0,66.0,0.0,4.065000000000002,2.111153655919651,1.9538463440803513,00-0031260,Logan,Thomas,L.Thomas,REG,WAS,DET,Logan Thomas,ThomLo00,0.0,0.0,0.0,118.7
2020,REG,10,00-0027981,K.Rudolph,TE,TE,MIN,10312,1059e9dc-97df-4643-9116-883a0573d8b1,9906.0,6195.0,943.0,kylerudolph/2495438,14054.0,24830.0,7444.0,1633122.0,RudoKy00,kyle-rudolph-1,7246.0,6459.0,,24830.0,469472.0,13275.0,469472.0,Kyle Rudolph,kyle rudolph,4,5,63.0,0,1.0,1.0,30.0,44.0,2.0,-1.0990988,0,2.1,0.15625,0.12448133,0.32151192,Kyle Rudolph,MIN,4.415,4.368993796260541,5.814000000000003,12.39870340356565,80.0,63.0,0.0,10.884999999999998,6.425776547533417,4.459223452466581,00-0027981,Kyle,Rudolph,K.Rudolph,REG,MIN,CHI,Kyle Rudolph,RudoKy00,2.0,0.0,0.0,118.7
2020,REG,10,00-0030472,J.Reed,TE,TE,SF,11248,c3bf8d3e-3b2e-4f9e-ad74-c0a684035f17,11690.0,7866.0,1500.0,jordanreed/2540160,15860.0,26708.0,,1691412.0,ReedJo02,jordan-reed-1,8615.0,8412.0,,26708.0,508876.0,15100.0,,Jordan Reed,jordan reed,5,6,62.0,0,0.0,0.0,45.0,22.0,3.0,3.6810498,0,1.3777778,0.15384616,0.17045455,0.3500874,Jordan Reed,SF,6.315,1.6771020895713888,7.621666666666666,15.737490536169041,83.33333333333334,62.0,0.0,4.398000000000001,2.9751797367320933,1.4228202632679072,00-0030472,Jordan,Reed,J.Reed,REG,SF,NO,Jordan Reed,ReedJo02,0.0,0.0,0.0,109.7
2020,REG,10,00-0034753,M.Andrews,TE,TE,BAL,13671,0618f387-9b72-4270-8b8f-dec4cccc9e4a,17269.0,47436.0,5012.0,,3116365.0,31056.0,,2131121.0,AndrMa00,mark-andrews-1,12559.0,13182.0,366.0,31056.0,820699.0,19803.0,820699.0,Mark Andrews,mark andrews,7,9,61.0,0,0.0,0.0,48.0,22.0,2.0,0.9936149,0,1.2708334,0.2647059,0.18532819,0.52678853,Mark Andrews,BAL,4.285714285714286,3.700973768375999,5.891111111111112,18.70325948920559,77.77777777777779,61.0,0.0,3.2771428571428545,4.206886577151749,-0.9297437200088949,00-0034753,Mark,Andrews,M.Andrews,REG,BAL,NE,Mark Andrews,AndrMa00,0.0,1.0,0.111,94.9
2020,REG,10,00-0031384,R.Rodgers,TE,TE,PHI,11785,e00b3426-238b-4bdb-85c3-bbf08b7469e3,12233.0,8733.0,2146.0,richardrodgers/2550313,16786.0,27626.0,,2129433.0,RodgRi00,richard-rodgers-1,9559.0,9547.0,,27626.0,607699.0,16491.0,607699.0,Richard Rodgers,richard rodgers,4,5,60.0,0,0.0,0.0,58.0,12.0,4.0,5.1866903,0,1.0344827,0.1388889,0.17682926,0.33211383,Richard Rodgers,PHI,7.1475,4.178611655128565,11.172,16.861360137643757,80.0,60.0,0.0,3.4574999999999996,2.7462169957624525,0.7112830042375471,00-0031384,Richard,Rodgers,R.Rodgers,REG,PHI,NYG,Richard Rodgers,RodgRi00,0.0,0.0,0.0,116.7
2020,REG,10,00-0033110,T.Higbee,TE,TE,LA,12678,0df7912d-9e81-47ea-b4f7-d04986df4ee8,15623.0,10744.0,3271.0,,2573401.0,29344.0,,1853103.0,HigbTy00,tyler-higbee-1,10854.0,11430.0,159.0,29344.0,604176.0,18032.0,604176.0,Tyler Higbee,tyler higbee,3,6,60.0,0,0.0,0.0,76.0,28.0,2.0,1.8673118,0,0.7894737,0.16666667,0.27436823,0.44205776,Tyler Higbee,LAR,3.235,2.505704994557368,10.763333333333334,24.806022893139744,50.0,60.0,0.0,11.076666666666668,7.441136287144445,3.6355303795222227,00-0033110,Tyler,Higbee,T.Higbee,REG,LA,SEA,Tyler Higbee,HigbTy00,0.0,1.0,0.167,85.4
2020,REG,10,00-0027656,R.Gronkowski,TE,TE,TB,9902,2142a164-48ad-47d6-bb27-0bc58c6b2e62,9721.0,5567.0,515.0,robgronkowski/497240,13229.0,24017.0,,1244303.0,GronRo00,rob-gronkowski-1,6443.0,5729.0,,24017.0,381091.0,10974.0,381091.0,Rob Gronkowski,rob gronkowski,2,3,51.0,1,0.0,0.0,68.0,25.0,2.0,5.981865,0,0.75,0.078947365,0.21587302,0.26953217,,,,,,,,,,,,,,,,,REG,TB,CAR,Rob Gronkowski,GronRo00,1.0,0.0,0.0,149.3
2020,REG,10,00-0034829,M.Gesicki,TE,TE,MIA,13672,1012cbe0-7eba-4169-bfca-183a0204e1a7,17272.0,47153.0,4993.0,,3116164.0,31012.0,,2139298.0,GesiMi00,mike-gesicki-1,12764.0,13104.0,330.0,31012.0,836152.0,19853.0,836152.0,Mike Gesicki,mike gesicki,2,5,40.0,0,0.0,0.0,79.0,7.0,2.0,0.85467005,0,0.5063291,0.20833333,0.30268198,0.5243774,Mike Gesicki,MIA,5.337999999999999,1.3924281045859588,15.162,28.039353478566408,40.0,40.0,0.0,4.0,2.7216596294782107,1.2783403705217893,00-0034829,Michael,Gesicki,M.Gesicki,REG,MIA,LAC,Mike Gesicki,GesiMi00,0.0,1.0,0.2,68.7
2020,REG,10,00-0031387,E.Ebron,TE,TE,PIT,11695,9fbcfae9-dd14-415c-8952-9b1b5dff0dfc,12143.0,8645.0,2118.0,ericebron/2543466,16732.0,27538.0,,1865396.0,EbroEr00,eric-ebron-1,9210.0,9390.0,,27538.0,605752.0,16451.0,605752.0,Eric Ebron,eric ebron,2,6,38.0,0,0.0,0.0,40.0,16.0,2.0,-1.5249223,0,0.95,0.13043478,0.09280743,0.26061738,Eric Ebron,PIT,5.507999999999999,2.262521974236948,8.935,11.984173112174185,33.33333333333333,38.0,0.0,8.090000000000003,7.3863967565775965,0.7036032434224069,00-0031387,Eric,Ebron,E.Ebron,REG,PIT,CIN,Eric Ebron,EbroEr00,0.0,0.0,0.0,56.2
2020,REG,10,00-0031610,D.Waller,TE,TE,LV,12263,14c97c9f-26e8-4944-9299-f90de6aeada3,14104.0,9637.0,2505.0,,2576925.0,28592.0,,1850793.0,WallDa01,darren-waller-1,10215.0,10433.0,,28592.0,600191.0,16964.0,600191.0,Darren Waller,darren waller,3,5,37.0,0,0.0,0.0,79.0,6.0,3.0,3.0907195,0,0.46835443,0.22727273,0.37089202,0.6005335,Darren Waller,LV,7.17,2.1704105694152167,15.626,37.46882793017456,60.0,37.0,0.0,2.9100000000000006,5.438593808350485,-2.5285938083504846,00-0031610,Darren,Waller,D.Waller,REG,LV,DEN,Darren Waller,WallDa01,0.0,1.0,0.2,82.9
2020,REG,10,00-0034011,D.Arnold,TE,TE,ARI,13880,d479a777-b53b-4bbf-a8e4-0c1675ac48df,17143.0,51842.0,4741.0,,4212989.0,30891.0,,2835170.0,ArnoDa00,,12276.0,12972.0,,30891.0,1053627.0,19659.0,1053627.0,Dan Arnold,dan arnold,4,4,34.0,0,0.0,0.0,17.0,17.0,3.0,6.0165973,0,2.0,0.125,0.07359307,0.23901515,,,,,,,,,,,,,,,,,REG,ARI,BUF,Dan Arnold,ArnoDa00,0.0,0.0,0.0,102.1
2020,REG,10,00-0025418,G.Olsen,TE,TE,SEA,8687,587d0a98-7ec5-45a5-adba-8af26e8f256b,9238.0,3647.0,58.0,gregolsen/2495700,10475.0,8285.0,,502524.0,OlseGr00,greg-olsen-1,5206.0,4190.0,,8285.0,230925.0,1658.0,,Greg Olsen,greg olsen,2,4,33.0,0,0.0,0.0,39.0,8.0,2.0,-1.362178,0,0.84615386,0.114285715,0.112716764,0.2503303,,,,,,,,,,,,,,,,,REG,SEA,LA,Greg Olsen,OlseGr00,0.0,0.0,0.0,38.5
2020,REG,10,00-0033757,R.Tonyan,TE,TE,GB,13427,7c9c7800-69d0-459b-812b-a07ac48e9f2a,16502.0,12193.0,4602.0,,2975674.0,30777.0,,2820026.0,TonyRo00,,12389.0,12868.0,,30777.0,660151.0,19491.0,660151.0,Robert Tonyan,robert tonyan,3,4,33.0,0,0.0,0.0,48.0,11.0,1.0,0.8215919,0,0.6875,0.121212125,0.24120604,0.3506624,,,,,,,,,,,,,,,,,REG,GB,JAX,Robert Tonyan,TonyRo00,0.0,0.0,0.0,99.0
2020,REG,10,00-0034351,D.Goedert,TE,TE,PHI,13674,e8029983-87cf-49a2-bc04-04c8233a0630,17270.0,47272.0,5022.0,,3121023.0,31019.0,,2132551.0,GoedDa00,,12860.0,13151.0,382.0,31019.0,791365.0,19863.0,791365.0,Dallas Goedert,dallas goedert,4,6,33.0,0,0.0,0.0,59.0,6.0,1.0,-0.4956764,0,0.55932206,0.16666667,0.17987806,0.37591463,Dallas Goedert,PHI,7.216666666666668,1.945975384639924,9.486666666666665,17.1813215007999,66.66666666666666,33.0,0.0,1.6000000000000014,1.5393819713854242,0.06061802861457721,00-0034351,Dallas,Goedert,D.Goedert,REG,PHI,NYG,Dallas Goedert,GoedDa00,0.0,1.0,0.167,80.6
2020,REG,10,00-0031273,C.Brate,TE,TE,TB,12110,5afe93fd-0caf-4cca-83fc-7f405bebfa3e,13470.0,9207.0,2214.0,,17453.0,28267.0,,2132787.0,BratCa00,,10008.0,10193.0,,28267.0,552926.0,16593.0,552926.0,Cameron Brate,cameron brate,3,3,31.0,1,0.0,0.0,19.0,12.0,3.0,7.457454,0,1.6315789,0.078947365,0.06031746,0.16064328,,,,,,,,,,,,,,,,,REG,TB,CAR,Cameron Brate,BratCa00,0.0,0.0,0.0,149.3
2020,REG,10,00-0033090,H.Henry,TE,TE,LAC,12676,705899da-3c20-4bc3-b5d0-2e6e40655131,15561.0,10669.0,3214.0,,3046439.0,29269.0,,2079848.0,HenrHu00,hunter-henry-1,10735.0,11299.0,212.0,29269.0,744425.0,17975.0,744425.0,Hunter Henry,hunter henry,4,6,30.0,1,0.0,0.0,63.0,2.0,2.0,0.67665416,0,0.47619048,0.1875,0.27510917,0.4738264,Hunter Henry,LAC,6.082000000000001,3.983342262332829,10.319999999999999,27.37158518256563,66.66666666666666,30.0,1.0,1.040000000000001,1.3007296988027974,-0.2607296988027965,00-0033090,Hunter,Henry,H.Henry,REG,LAC,MIA,Hunter Henry,HenrHu00,0.0,0.0,0.0,118.1
2020,REG,10,00-0033895,G.Everett,TE,TE,LA,13236,ebeceb00-57e0-4b74-9cf7-853da2afed18,16459.0,11799.0,4089.0,,3918639.0,30157.0,,2142692.0,EverGe00,gerald-everett-1,11737.0,12284.0,55.0,30157.0,838487.0,18935.0,838487.0,Gerald Everett,gerald everett,2,3,27.0,0,0.0,0.0,23.0,10.0,2.0,2.325296,0,1.173913,0.083333336,0.08303249,0.18312274,,,,,,,,,,,,,,,,,REG,LA,SEA,Gerald Everett,EverGe00,0.0,1.0,0.333,95.1
2020,REG,10,00-0030710,T.Burton,TE,TE,IND,11705,bc0f07a4-3e7b-4e61-987a-05533dc225be,12153.0,9185.0,1793.0,treyburton/2550284,16974.0,27789.0,,2130223.0,BurtTr01,,9490.0,9737.0,,27789.0,542788.0,15965.0,,Trey Burton,trey burton,3,3,24.0,0,0.0,0.0,16.0,8.0,1.0,1.5126882,0,1.5,0.083333336,0.083769634,0.18363874,,,,,,,,,,,,,,,,,REG,IND,TEN,Trey Burton,BurtTr01,0.0,0.0,0.0,100.0
2020,REG,10,00-0034073,R.Dwelley,TE,TE,SF,13988,70473218-5ae3-47b4-86fd-151e68f1e8b9,17886.0,20994.0,5285.0,,3120303.0,31329.0,,2924888.0,DwelRo00,,13030.0,13522.0,,31329.0,752665.0,20361.0,752665.0,Ross Dwelley,ross dwelley,1,2,22.0,0,0.0,0.0,30.0,5.0,1.0,1.3504527,0,0.73333335,0.051282052,0.11363637,0.15646853,,,,,,,,,,,,,,,,,REG,SF,NO,Ross Dwelley,DwelRo00,0.0,0.0,0.0,89.6
2020,REG,10,00-0033439,P.Brown,TE,TE,HOU,13994,6733b953-de77-44e5-acbf-c2d3a0940243,16937.0,12247.0,4443.0,,2971281.0,30627.0,,2819155.0,BrowPh01,,11887.0,12737.0,,30627.0,689689.0,19304.0,689689.0,Pharaoh Brown,pharaoh brown,2,2,21.0,1,0.0,0.0,17.0,4.0,1.0,2.6692522,0,1.2352941,0.071428575,0.08994709,0.17010581,,,,,,,,,,,,,,,,,REG,HOU,CLE,Pharaoh Brown,BrowPh01,0.0,0.0,0.0,150.0
2020,REG,10,00-0034439,R.Izzo,TE,TE,NE,13847,40b8fa44-b289-42dd-9606-a1ae30adc7bc,17541.0,47327.0,5094.0,,3122920.0,31127.0,,2138988.0,IzzoRy00,ryan-izzo-1,12529.0,13349.0,,31220.0,834990.0,20069.0,834990.0,Ryan Izzo,ryan izzo,1,1,20.0,0,0.0,0.0,9.0,11.0,1.0,1.6886708,0,2.2222223,0.05882353,0.08737864,0.14940034,,,,,,,,,,,,,,,,,REG,NE,BAL,Ryan Izzo,IzzoRy00,0.0,0.0,0.0,118.7
2020,REG,10,00-0033217,M.Alie-Cox,TE,TE,IND,13246,8809c0dd-786b-4255-a7d0-333c9498c19a,16579.0,12078.0,4054.0,moalie-cox/2558832,2998565.0,30112.0,,2815925.0,AlieMo00,,12196.0,12221.0,195.0,30112.0,712506.0,18900.0,712506.0,Mo Alie-Cox,mo alie-cox,3,4,19.0,0,0.0,0.0,12.0,7.0,0.0,0.1303686,0,1.5833334,0.11111111,0.06282722,0.21064572,,,,,,,,,,,,,,,,,REG,IND,TEN,Mo Alie-Cox,AlieMo00,0.0,0.0,0.0,84.4
2020,REG,10,00-0033896,A.Shaheen,TE,TE,MIA,13254,87171077-4c1c-4b67-b159-2cc6242988e0,16457.0,11800.0,4085.0,,4198676.0,30158.0,,2818105.0,ShahAd00,,11898.0,12283.0,,30158.0,1049770.0,18931.0,1049770.0,Adam Shaheen,adam shaheen,1,1,19.0,0,0.0,0.0,18.0,1.0,1.0,1.6369265,0,1.0555556,0.041666668,0.06896552,0.110775866,,,,,,,,,,,,,,,,,REG,MIA,LAC,Adam Shaheen,ShahAd00,0.0,0.0,0.0,118.7
2020,REG,10,00-0035644,N.Fant,TE,TE,DEN,14137,cdc98acc-9eb6-4b44-81bb-61d7b8a3b55f,17527.0,42388.0,5857.0,,4036131.0,31852.0,,2251095.0,FantNo00,noah-fant-1,13426.0,14050.0,243.0,31852.0,923911.0,20753.0,923911.0,Noah Fant,noah fant,3,7,18.0,0,0.0,0.0,29.0,12.0,0.0,-8.711261,0,0.62068963,0.15555556,0.07379135,0.28498727,Noah Fant,DEN,7.418000000000001,3.083731071277645,3.7714285714285714,6.785585770832263,42.857142857142854,18.0,0.0,4.823333333333336,5.545194538833779,-0.721861205500443,00-0035644,Noah,Fant,N.Fant,REG,DEN,LV,Noah Fant,FantNo00,0.0,1.0,0.143,10.7
2020,REG,10,00-0034159,W.Dissly,TE,TE,SEA,13763,383f4814-6836-4766-a297-fc063e8509cc,18049.0,30762.0,5010.0,,3127292.0,31090.0,,2139628.0,DissWi00,will-dissly-1,12986.0,13246.0,86.0,31090.0,837806.0,19950.0,837806.0,Will Dissly,will dissly,1,2,16.0,0,0.0,0.0,23.0,15.0,1.0,-4.2565184,0,0.6956522,0.057142857,0.06647399,0.13224608,,,,,,,,,,,,,,,,,REG,SEA,LA,Will Dissly,DissWi00,0.0,0.0,0.0,37.5
2020,REG,10,00-0035689,D.Knox,TE,TE,BUF,14143,5fb525c5-4e70-4ede-8c49-94ad0cf66b7d,18631.0,35883.0,5906.0,,3930086.0,31928.0,,2186345.0,KnoxDa00,dawson-knox-1,13466.0,13953.0,88.0,31928.0,884083.0,20850.0,884083.0,Dawson Knox,dawson knox,2,4,16.0,0,0.0,0.0,26.0,18.0,1.0,-3.5282826,0,0.61538464,0.08888889,0.08552632,0.19320175,,,,,,,,,,,,,,,,,REG,BUF,ARI,Dawson Knox,KnoxDa00,0.0,1.0,0.25,20.8
2020,REG,10,00-0029738,D.Fells,TE,TE,HOU,11337,54d4e35a-2e6c-48f6-86ad-92dd596c173c,13636.0,8549.0,1592.0,darrenfells/2540928,15773.0,26612.0,,2053740.0,FellDa01,,9758.0,8472.0,,26612.0,266414.0,15247.0,266414.0,Darren Fells,darren fells,1,1,15.0,0,0.0,0.0,0.0,15.0,1.0,1.0955131,0,0.0,0.035714287,0.0,0.05357143,,,,,,,,,,,,,,,,,REG,HOU,CLE,Darren Fells,FellDa01,0.0,0.0,0.0,118.7
2020,REG,10,00-0030549,T.Eifert,TE,TE,JAX,11250,14ecf9dd-3a77-4847-8e62-407cd1182f1c,11692.0,7802.0,1388.0,tylereifert/2540148,15788.0,26644.0,,1691608.0,EifeTy00,tyler-eifert-1,8782.0,8408.0,,26644.0,508968.0,14918.0,,Tyler Eifert,tyler eifert,2,4,15.0,0,0.0,0.0,30.0,2.0,0.0,-6.3675847,0,0.5,0.11764706,0.15625,0.28584558,,,,,,,,,,,,,,,,,REG,JAX,GB,Tyler Eifert,EifeTy00,0.0,0.0,0.0,19.8
2020,REG,10,00-0033881,E.Engram,TE,TE,NYG,13189,e21365af-8d66-416e-b0a5-8816d18fcfd9,16411.0,11778.0,4066.0,,3051876.0,30136.0,,2079887.0,EngrEv00,evan-engram-1,11805.0,12205.0,229.0,30136.0,749185.0,18912.0,749185.0,Evan Engram,evan engram,2,3,15.0,0,0.0,0.0,23.0,7.0,2.0,1.1282074,0,0.65217394,0.10714286,0.09704641,0.22864677,,,,,,,,,,,,,,,,,REG,NYG,PHI,Evan Engram,EngrEv00,0.0,0.0,0.0,78.5
2020,REG,10,00-0033858,J.Smith,TE,TE,TEN,13193,e4f25a37-74de-4bfb-b6c9-f50a4fab0b87,16460.0,11855.0,4144.0,,3054212.0,30213.0,,2081506.0,SmitJo01,jonnu-smith-1,11807.0,12344.0,84.0,30213.0,743749.0,18990.0,743749.0,Jonnu Smith,jonnu smith,2,6,14.0,0,0.0,0.0,54.0,4.0,0.0,-4.4903555,0,0.25925925,0.22222222,0.2741117,0.5252115,Jonnu Smith,TEN,5.982000000000001,1.2164208880454421,9.339999999999998,28.190552844710492,33.33333333333333,14.0,0.0,1.9100000000000001,2.1346400939030445,-0.2246400939030444,00-0033858,Jonnu,Smith,J.Smith,REG,TEN,IND,Jonnu Smith,SmitJo01,0.0,0.0,0.0,42.4
2020,REG,10,00-0035229,T.Hockenson,TE,TE,DET,14138,bd1120b6-38b3-4225-a4b0-20660a149d0d,18290.0,40912.0,5844.0,,4036133.0,31840.0,,2251097.0,HockTJ00,tj-hockenson-1,13610.0,14051.0,247.0,31840.0,923915.0,20805.0,923915.0,T.J. Hockenson,tj hockenson,2,4,13.0,0,0.0,0.0,29.0,5.0,1.0,0.69597995,0,0.44827586,0.125,0.13551402,0.2823598,,,,,,,,,,,,,,,,,REG,DET,WAS,T.J. Hockenson,HockTJ00,0.0,1.0,0.25,57.3
2020,REG,10,00-0035329,D.Parham,TE,TE,LAC,14341,4f246e92-3d21-450f-977a-dc16892c7238,18835.0,91014.0,6074.0,,3912092.0,32456.0,,2183713.0,ParhDo00,,13602.0,14320.0,,32456.0,875649.0,20905.0,875649.0,Donald Parham,donald parham,1,1,13.0,0,0.0,0.0,5.0,8.0,1.0,1.4537357,0,2.6,0.03125,0.02183406,0.06215884,,,,,,,,,,,,,,,,,REG,LAC,MIA,Donald Parham,ParhDo00,0.0,0.0,0.0,118.7
2020,REG,10,00-0034393,T.Fumagalli,TE,TE,DEN,13673,579d92e6-ab4f-43e0-803f-b2d5a54d106a,17273.0,47333.0,5092.0,,3045264.0,31126.0,,2071777.0,FumaTr00,troy-fumagalli-2,12808.0,13270.0,,31126.0,742474.0,19973.0,742474.0,Troy Fumagalli,troy fumagalli,2,3,12.0,0,0.0,0.0,26.0,1.0,1.0,-2.4612925,0,0.46153846,0.06666667,0.06615776,0.14631043,,,,,,,,,,,,,,,,,REG,DEN,LV,Troy Fumagalli,FumaTr00,0.0,0.0,0.0,34.7
2020,REG,10,00-0034988,K.Smith,TE,TE,NYG,14142,7bb7f5e7-f00e-47d8-954d-90bf5baf4292,18293.0,40973.0,6146.0,,4044452.0,32008.0,,2251343.0,SmitKa00,kaden-smith-1,13516.0,14217.0,,32008.0,924018.0,20946.0,924018.0,Kaden Smith,kaden smith,2,2,12.0,0,0.0,0.0,2.0,10.0,1.0,0.6073129,0,6.0,0.071428575,0.008438818,0.11305003,,,,,,,,,,,,,,,,,REG,NYG,PHI,Kaden Smith,SmitKa00,0.0,0.0,0.0,91.7
2020,REG,10,00-0032392,A.Hooper,TE,TE,CLE,12677,90c2a93f-d837-4e1b-b57c-56648903a8db,15581.0,10715.0,3202.0,,3043275.0,29315.0,,2067004.0,HoopAu00,austin-hooper-1,10748.0,11301.0,384.0,29315.0,739424.0,17963.0,739424.0,Austin Hooper,austin hooper,1,2,11.0,0,0.0,0.0,23.0,0.0,1.0,0.2437203,0,0.47826087,0.10526316,0.13939394,0.25547048,,,,,,,,,,,,,,,,,REG,CLE,HOU,Austin Hooper,HoopAu00,0.0,0.0,0.0,66.7
2020,REG,10,00-0034270,T.Conklin,TE,TE,MIN,13675,f0d17dfa-ebf3-416c-a8d2-c6bc30675103,17598.0,47327.0,5133.0,,3915486.0,31220.0,,2165249.0,ConkTy00,tyler-conklin-1,12809.0,13220.0,489.0,31127.0,861278.0,19988.0,861278.0,Tyler Conklin,tyler conklin,2,2,11.0,0,0.0,0.0,9.0,2.0,0.0,-0.030252842,0,1.2222222,0.0625,0.0373444,0.11989108,,,,,,,,,,,,,,,,,REG,MIN,CHI,Tyler Conklin,ConkTy00,0.0,0.0,0.0,89.6
2020,REG,10,00-0032135,J.James,TE,TE,DET,12211,a37a5bfd-b48c-4d8b-817a-d8ce7ca3592d,13959.0,9593.0,2463.0,jessejames/2552633,2979590.0,28548.0,,1983808.0,JameJe00,jesse-james-1,10150.0,10403.0,,28548.0,652019.0,16920.0,652019.0,Jesse James,jesse james,2,3,9.0,0,0.0,0.0,18.0,6.0,0.0,-0.9214577,0,0.5,0.09375,0.08411215,0.19950351,,,,,,,,,,,,,,,,,REG,DET,WAS,Jesse James,JameJe00,0.0,0.0,0.0,70.1
2020,REG,10,00-0034798,D.Smythe,TE,TE,MIA,13676,7e42a22a-c47b-4387-aeeb-2cc2e76dc1d8,17508.0,47257.0,5008.0,,3052897.0,31093.0,,2082845.0,SmytDu00,durham-smythe-1,12807.0,13249.0,,31093.0,749968.0,19943.0,749968.0,Durham Smythe,durham smythe,2,2,9.0,1,0.0,0.0,-1.0,10.0,2.0,3.081322,0,0.0,0.083333336,-0.0038314175,0.12231801,,,,,,,,,,,,,,,,,REG,MIA,LAC,Durham Smythe,SmytDu00,0.0,0.0,0.0,125.0
2020,REG,10,00-0035631,D.Sample,TE,TE,CIN,14146,15a4f552-ecaf-45bd-9006-aa5dda93bee6,18561.0,47259.0,6001.0,,3127310.0,31884.0,,2139646.0,SampDr00,drew-sample-1,13809.0,14111.0,435.0,31884.0,837824.0,20931.0,837824.0,Drew Sample,drew sample,1,2,9.0,0,0.0,0.0,9.0,4.0,1.0,-0.104886204,0,1.0,0.05263158,0.026392963,0.09742244,,,,,,,,,,,,,,,,,REG,CIN,PIT,Drew Sample,SampDr00,0.0,1.0,0.5,62.5
2020,REG,10,00-0033720,C.Thompson,TE,TE,CAR,15123,1d55ba37-c09e-4945-b7ae-8d84e2357283,17182.0,12239.0,4647.0,,2980120.0,30740.0,,2820078.0,ThomCo03,,12375.0,,,30740.0,0.0,19542.0,694629.0,Colin Thompson,colin thompson,1,1,7.0,1,0.0,0.0,7.0,0.0,1.0,1.3422606,0,1.0,0.035714287,0.036649216,0.079225875,,,,,,,,,,,,,,,,,REG,CAR,TB,Colin Thompson,ThomCo03,0.0,0.0,0.0,135.4
2020,REG,10,00-0034365,I.Thomas,TE,TE,CAR,13678,ed8a8fd2-df67-45e7-a34f-984afb82f6ea,17387.0,42130.0,4995.0,,4045305.0,31071.0,,2253359.0,ThomIa00,ian-thomas-3,12858.0,13163.0,323.0,31071.0,943093.0,19910.0,943093.0,Ian Thomas,ian thomas,1,1,7.0,0,0.0,0.0,7.0,0.0,1.0,1.2871861,0,1.0,0.035714287,0.036649216,0.079225875,,,,,,,,,,,,,,,,,REG,CAR,TB,Ian Thomas,ThomIa00,0.0,0.0,0.0,95.8
2020,REG,10,00-0036290,C.Kmet,TE,TE,CHI,14867,036feeb6-9a22-43c5-a8e3-7ac611d8ff49,19229.0,60995.0,6826.0,,4258595.0,32713.0,,2868619.0,KmetCo00,cole-kmet-1,14436.0,,569.0,32713.0,0.0,21772.0,1066765.0,Cole Kmet,cole kmet,1,3,7.0,0,0.0,0.0,24.0,0.0,1.0,-0.1709139,0,0.29166666,0.10344828,0.10169491,0.22635886,,,,,,,,,,,,,,,,,REG,CHI,MIN,Cole Kmet,KmetCo00,0.0,0.0,0.0,42.4
2020,REG,10,00-0033387,J.Hollister,TE,TE,SEA,13391,ad2a1d03-020b-487a-bd5f-7ca9fbc250fe,16527.0,12051.0,4421.0,,3125404.0,30661.0,,2818962.0,HollJa03,,12271.0,12491.0,,30661.0,696882.0,19281.0,696882.0,Jacob Hollister,jacob hollister,1,1,6.0,0,0.0,0.0,5.0,1.0,1.0,1.4231532,0,1.2,0.028571429,0.014450867,0.05297275,,,,,,,,,,,,,,,,,REG,SEA,LA,Jacob Hollister,HollJa03,0.0,0.0,0.0,91.7
2020,REG,10,00-0033455,A.Firkser,TE,TE,TEN,13919,b0719e3d-199b-46e5-a2b4-1091f6fd5c0d,16787.0,51837.0,4435.0,,3049698.0,30571.0,,2818971.0,FirkAn00,,12235.0,12691.0,,30571.0,767297.0,19296.0,767297.0,Anthony Firkser,anthony firkser,1,3,5.0,0,0.0,0.0,22.0,4.0,1.0,-1.310902,0,0.22727273,0.11111111,0.11167513,0.24483925,,,,,,,,,,,,,,,,,REG,TEN,IND,Anthony Firkser,FirkAn00,0.0,0.0,0.0,42.4
2020,REG,10,00-0034364,J.Akins,TE,TE,HOU,13753,0cb5a32a-a340-4671-ba2a-93f5fa6aee8d,17415.0,47050.0,5032.0,,3128452.0,31068.0,,2142712.0,AkinJo00,jordan-akins-1,12568.0,13238.0,,31068.0,838396.0,19903.0,838396.0,Jordan Akins,jordan akins,1,1,5.0,0,0.0,0.0,5.0,0.0,0.0,0.097905256,0,1.0,0.035714287,0.026455026,0.07208995,,,,,,,,,,,,,,,,,REG,HOU,CLE,Jordan Akins,AkinJo00,0.0,0.0,0.0,87.5
2020,REG,10,00-0031598,N.Boyle,TE,TE,BAL,12328,9480dd9f-151f-4e6d-b5a3-35f07bda4cac,13963.0,9604.0,2474.0,,2574591.0,28559.0,,1888149.0,BoylNi00,,10252.0,10547.0,,28559.0,608753.0,16931.0,608753.0,Nick Boyle,nick boyle,1,1,4.0,0,0.0,0.0,4.0,0.0,0.0,-0.037913293,0,1.0,0.029411765,0.015444015,0.05492846,,,,,,,,,,,,,,,,,REG,BAL,NE,Nick Boyle,BoylNi00,0.0,0.0,0.0,83.3
2020,REG,10,00-0027061,J.Cook,TE,TE,NO,9474,3b7a1409-d154-4e5c-8c94-9d4a0e0993c7,9265.0,5012.0,367.0,jaredcook/71265,12537.0,9353.0,6126.0,584314.0,CookJa02,jared-cook-2,5981.0,5165.0,,9353.0,296480.0,8534.0,296480.0,Jared Cook,jared cook,0,2,0.0,0,0.0,0.0,33.0,0.0,0.0,-2.2264986,0,0.0,0.08695652,0.32038835,0.35470662,,,,,,,,,,,,,,,,,REG,NO,SF,Jared Cook,CookJa02,0.0,0.0,0.0,39.6
2020,REG,10,00-0027696,J.Graham,TE,TE,CHI,9925,fd85786d-3900-4dc0-9b30-334ee30413ed,9712.0,5619.0,616.0,jimmygraham/497236,13232.0,24070.0,6610.0,1691166.0,GrahJi00,jimmy-graham-1,6532.0,5842.0,,24070.0,295918.0,11488.0,295918.0,Jimmy Graham,jimmy graham,0,2,0.0,0,0.0,0.0,22.0,0.0,0.0,-1.2382354,0,0.0,0.06896552,0.09322034,0.16870251,,,,,,,,,,,,,,,,,REG,CHI,MIN,Jimmy Graham,GrahJi00,0.0,0.0,0.0,39.6
2020,REG,10,00-0031951,J.O'Shaughnessy,TE,TE,JAX,12330,e5c6b0d4-3e77-422b-a6d8-574a10ed385e,14146.0,9606.0,2476.0,,2508079.0,28561.0,,2174148.0,O'ShJa00,,10249.0,10549.0,,28561.0,552352.0,16933.0,552352.0,James O'Shaughnessy,james oshaughnessy,0,1,0.0,0,0.0,0.0,8.0,0.0,0.0,-0.46245816,0,0.0,0.029411765,0.041666668,0.07328431,,,,,,,,,,,,,,,,,REG,JAX,GB,James O'Shaughnessy,O'ShJa00,0.0,0.0,0.0,39.6
2020,REG,10,00-0035539,I.Nauta,TE,TE,DET,14144,e0755328-7fe1-4df7-9dfb-93e9cf9ef5be,18601.0,47119.0,5957.0,,4035014.0,32056.0,,2240213.0,NautIs00,isaac-nauta-1,13528.0,14285.0,,32056.0,914008.0,20893.0,914008.0,Isaac Nauta,isaac nauta,0,1,0.0,0,0.0,0.0,0.0,0.0,0.0,-0.52362746,0,,0.03125,0.0,0.046875,,,,,,,,,,,,,,,,,REG,DET,WAS,Isaac Nauta,NautIs00,0.0,0.0,0.0,39.6
2020,REG,11,00-0030506,T.Kelce,TE,TE,KC,11244,c3859e06-5f23-4302-a71b-04820a899d5f,11594.0,7844.0,1466.0,traviskelce/2540258,15847.0,26686.0,,1725130.0,KelcTr00,travis-kelce-1,8783.0,8411.0,264.0,26686.0,448240.0,15048.0,448240.0,Travis Kelce,travis kelce,8,10,127.0,1,0.0,0.0,122.0,21.0,7.0,9.647304,0,1.0409836,0.22727273,0.37195122,0.60127497,Travis Kelce,KC,5.45,2.281403255239397,13.310000000000002,38.49602313810558,80.0,127.0,1.0,2.629999999999999,1.003072679823358,1.626927320176641,00-0030506,Travis,Kelce,T.Kelce,REG,KC,LV,Travis Kelce,KelcTr00,0.0,1.0,0.1,152.1
2020,REG,11,00-0034753,M.Andrews,TE,TE,BAL,13671,0618f387-9b72-4270-8b8f-dec4cccc9e4a,17269.0,47436.0,5012.0,,3116365.0,31056.0,,2131121.0,AndrMa00,mark-andrews-1,12559.0,13182.0,366.0,31056.0,820699.0,19803.0,820699.0,Mark Andrews,mark andrews,5,7,96.0,1,0.0,0.0,119.0,11.0,5.0,8.919511,0,0.8067227,0.25,0.42805755,0.6746403,Mark Andrews,BAL,4.148571428571429,2.736254601197891,16.825714285714284,43.241060283427565,71.42857142857143,96.0,1.0,2.6920000000000015,2.1499082903281304,0.5420917096718711,00-0034753,Mark,Andrews,M.Andrews,REG,BAL,TEN,Mark Andrews,AndrMa00,0.0,0.0,0.0,153.3
2020,REG,11,00-0031610,D.Waller,TE,TE,LV,12263,14c97c9f-26e8-4944-9299-f90de6aeada3,14104.0,9637.0,2505.0,,2576925.0,28592.0,,1850793.0,WallDa01,darren-waller-1,10215.0,10433.0,,28592.0,600191.0,16964.0,600191.0,Darren Waller,darren waller,7,7,88.0,1,0.0,0.0,37.0,51.0,6.0,10.180578,0,2.3783784,0.2413793,0.16444445,0.47718006,Darren Waller,LV,7.532000000000001,5.439191457100381,5.597142857142856,18.241921966663554,100.0,88.0,1.0,7.960000000000001,5.541624585455436,2.418375414544565,00-0031610,Darren,Waller,D.Waller,REG,LV,KC,Darren Waller,WallDa01,0.0,0.0,0.0,158.3
2020,REG,11,00-0034364,J.Akins,TE,TE,HOU,13753,0cb5a32a-a340-4671-ba2a-93f5fa6aee8d,17415.0,47050.0,5032.0,,3128452.0,31068.0,,2142712.0,AkinJo00,jordan-akins-1,12568.0,13238.0,,31068.0,838396.0,19903.0,838396.0,Jordan Akins,jordan akins,5,6,83.0,0,0.0,0.0,66.0,33.0,5.0,6.1407437,0,1.2575758,0.16216215,0.21019109,0.390377,Jordan Akins,HOU,6.088000000000001,3.154041422608008,10.573333333333334,19.490614150972377,83.33333333333334,83.0,0.0,6.792,5.079133966648806,1.7128660333511938,00-0034364,Jordan,Akins,J.Akins,REG,HOU,NE,Jordan Akins,AkinJo00,0.0,0.0,0.0,118.7
2020,REG,11,00-0034351,D.Goedert,TE,TE,PHI,13674,e8029983-87cf-49a2-bc04-04c8233a0630,17270.0,47272.0,5022.0,,3121023.0,31019.0,,2132551.0,GoedDa00,,12860.0,13151.0,382.0,31019.0,791365.0,19863.0,791365.0,Dallas Goedert,dallas goedert,5,6,77.0,1,0.0,0.0,37.0,37.0,4.0,6.038011,0,2.0810812,0.1764706,0.12982456,0.35558307,Dallas Goedert,PHI,10.190000000000001,3.7876391878541003,8.1,15.662767088852364,83.33333333333334,77.0,1.0,6.552000000000001,5.059836087382064,1.4921639126179373,00-0034351,Dallas,Goedert,D.Goedert,REG,PHI,CLE,Dallas Goedert,GoedDa00,1.0,0.0,0.0,158.3
2020,REG,11,00-0035229,T.Hockenson,TE,TE,DET,14138,bd1120b6-38b3-4225-a4b0-20660a149d0d,18290.0,40912.0,5844.0,,4036133.0,31840.0,,2251097.0,HockTJ00,tj-hockenson-1,13610.0,14051.0,247.0,31840.0,923915.0,20805.0,923915.0,T.J. Hockenson,tj hockenson,4,7,68.0,0,0.0,0.0,39.0,48.0,3.0,2.0341346,0,1.7435898,0.21875,0.203125,0.4703125,T.J. Hockenson,DET,7.901666666666666,3.4815973032425047,5.537142857142856,21.010407632263657,57.14285714285714,68.0,0.0,11.865,12.001898845061824,-0.1368988450618236,00-0035229,Thomas,Hockenson,T.Hockenson,REG,DET,CAR,T.J. Hockenson,HockTJ00,1.0,1.0,0.143,90.2
2020,REG,11,00-0034439,R.Izzo,TE,TE,NE,13847,40b8fa44-b289-42dd-9606-a1ae30adc7bc,17541.0,47327.0,5094.0,,3122920.0,31127.0,,2138988.0,IzzoRy00,ryan-izzo-1,12529.0,13349.0,,31220.0,834990.0,20069.0,834990.0,Ryan Izzo,ryan izzo,2,3,59.0,0,0.0,0.0,61.0,8.0,1.0,-0.63798535,0,0.9672131,0.078947365,0.25523013,0.29708213,,,,,,,,,,,,,,,,,REG,NE,HOU,Ryan Izzo,IzzoRy00,0.0,0.0,0.0,109.7
2020,REG,11,00-0035644,N.Fant,TE,TE,DEN,14137,cdc98acc-9eb6-4b44-81bb-61d7b8a3b55f,17527.0,42388.0,5857.0,,4036131.0,31852.0,,2251095.0,FantNo00,noah-fant-1,13426.0,14050.0,243.0,31852.0,923911.0,20753.0,923911.0,Noah Fant,noah fant,4,5,55.0,0,0.0,0.0,23.0,33.0,2.0,1.7464005,0,2.3913043,0.16666667,0.06744868,0.2972141,Noah Fant,DEN,5.486,3.658922176483017,5.01,7.528174305033808,80.0,55.0,0.0,8.1475,5.292231426359017,2.855268573640984,00-0035644,Noah,Fant,N.Fant,REG,DEN,MIA,Noah Fant,FantNo00,0.0,0.0,0.0,112.5
2020,REG,11,00-0031384,R.Rodgers,TE,TE,PHI,11785,e00b3426-238b-4bdb-85c3-bbf08b7469e3,12233.0,8733.0,2146.0,richardrodgers/2550313,16786.0,27626.0,,2129433.0,RodgRi00,richard-rodgers-1,9559.0,9547.0,,27626.0,607699.0,16491.0,607699.0,Richard Rodgers,richard rodgers,2,2,48.0,1,0.0,0.0,44.0,4.0,2.0,4.8971543,0,1.0909091,0.05882353,0.15438597,0.19630547,,,,,,,,,,,,,,,,,REG,PHI,CLE,Richard Rodgers,RodgRi00,0.0,0.0,0.0,158.3
2020,REG,11,00-0033090,H.Henry,TE,TE,LAC,12676,705899da-3c20-4bc3-b5d0-2e6e40655131,15561.0,10669.0,3214.0,,3046439.0,29269.0,,2079848.0,HenrHu00,hunter-henry-1,10735.0,11299.0,212.0,29269.0,744425.0,17975.0,744425.0,Hunter Henry,hunter henry,4,7,48.0,1,0.0,0.0,68.0,11.0,3.0,3.7515814,0,0.7058824,0.14583333,0.21864952,0.37180465,Hunter Henry,LAC,3.8349999999999995,1.7657952229144571,12.001428571428571,26.351944792973654,57.14285714285714,48.0,1.0,3.2424999999999997,2.4779511090985125,0.7645488909014873,00-0033090,Hunter,Henry,H.Henry,REG,LAC,NYJ,Hunter Henry,HenrHu00,0.0,0.0,0.0,117.9
2020,REG,11,00-0033757,R.Tonyan,TE,TE,GB,13427,7c9c7800-69d0-459b-812b-a07ac48e9f2a,16502.0,12193.0,4602.0,,2975674.0,30777.0,,2820026.0,TonyRo00,,12389.0,12868.0,,30777.0,660151.0,19491.0,660151.0,Robert Tonyan,robert tonyan,5,5,44.0,1,0.0,0.0,35.0,9.0,1.0,1.9627928,0,1.2571429,0.14285715,0.121527776,0.29935515,Robert Tonyan,GB,8.069999999999999,4.549616674038485,7.066,12.847739917815193,100.0,44.0,1.0,1.734000000000001,1.7913663399505708,-0.05736633995056972,00-0033757,Robert,Tonyan,R.Tonyan,REG,GB,IND,Robert Tonyan,TonyRo00,0.0,0.0,0.0,142.9
2020,REG,11,00-0034829,M.Gesicki,TE,TE,MIA,13672,1012cbe0-7eba-4169-bfca-183a0204e1a7,17272.0,47153.0,4993.0,,3116164.0,31012.0,,2139298.0,GesiMi00,mike-gesicki-1,12764.0,13104.0,330.0,31012.0,836152.0,19853.0,836152.0,Mike Gesicki,mike gesicki,4,5,43.0,0,0.0,0.0,51.0,9.0,2.0,2.9048,0,0.84313726,0.13513513,0.16346154,0.31712577,Mike Gesicki,MIA,8.2,1.9172637018108862,10.148,16.09107918688358,80.0,43.0,0.0,3.130000000000001,2.3198297990394963,0.8101702009605045,00-0034829,Michael,Gesicki,M.Gesicki,REG,MIA,DEN,Mike Gesicki,GesiMi00,0.0,0.0,0.0,102.5
2020,REG,11,00-0031387,E.Ebron,TE,TE,PIT,11695,9fbcfae9-dd14-415c-8952-9b1b5dff0dfc,12143.0,8645.0,2118.0,ericebron/2543466,16732.0,27538.0,,1865396.0,EbroEr00,eric-ebron-1,9210.0,9390.0,,27538.0,605752.0,16451.0,605752.0,Eric Ebron,eric ebron,4,7,36.0,1,0.0,0.0,54.0,14.0,2.0,-0.14074665,0,0.6666667,0.1521739,0.14516129,0.32987377,Eric Ebron,PIT,6.736,2.217019287019237,6.928571428571429,13.448687019937333,57.14285714285714,36.0,1.0,4.0550000000000015,3.055582424043621,0.9994175759563806,00-0031387,Eric,Ebron,E.Ebron,REG,PIT,JAX,Eric Ebron,EbroEr00,0.0,0.0,0.0,110.7
2020,REG,11,00-0032392,A.Hooper,TE,TE,CLE,12677,90c2a93f-d837-4e1b-b57c-56648903a8db,15581.0,10715.0,3202.0,,3043275.0,29315.0,,2067004.0,HoopAu00,austin-hooper-1,10748.0,11301.0,384.0,29315.0,739424.0,17963.0,739424.0,Austin Hooper,austin hooper,3,5,33.0,0,0.0,0.0,29.0,6.0,1.0,0.1943345,0,1.137931,0.2777778,0.11196911,0.49504504,Austin Hooper,CLE,6.746666666666667,5.074141621999432,8.07,15.032971945903654,60.0,33.0,0.0,2.4966666666666675,4.698241278482139,-2.2015746118154715,00-0032392,Austin,Hooper,A.Hooper,REG,CLE,PHI,Austin Hooper,HoopAu00,0.0,1.0,0.2,79.6
2020,REG,11,00-0033455,A.Firkser,TE,TE,TEN,13919,b0719e3d-199b-46e5-a2b4-1091f6fd5c0d,16787.0,51837.0,4435.0,,3049698.0,30571.0,,2818971.0,FirkAn00,,12235.0,12691.0,,30571.0,767297.0,19296.0,767297.0,Anthony Firkser,anthony firkser,4,5,33.0,0,0.0,0.0,31.0,6.0,3.0,2.0913575,0,1.0645162,0.15625,0.155,0.342875,Anthony Firkser,TEN,6.249999999999999,1.6531581769543913,7.468000000000002,18.116539711804382,80.0,33.0,0.0,1.6299999999999972,1.4748486911737668,0.1551513088262304,00-0033455,Anthony,Firkser,A.Firkser,REG,TEN,BAL,Anthony Firkser,FirkAn00,0.0,0.0,0.0,94.2
2020,REG,11,00-0030549,T.Eifert,TE,TE,JAX,11250,14ecf9dd-3a77-4847-8e62-407cd1182f1c,11692.0,7802.0,1388.0,tylereifert/2540148,15788.0,26644.0,,1691608.0,EifeTy00,tyler-eifert-1,8782.0,8408.0,,26644.0,508968.0,14918.0,,Tyler Eifert,tyler eifert,2,5,32.0,0,0.0,0.0,77.0,1.0,2.0,-4.7265177,0,0.41558442,0.15151516,0.25,0.40227273,Tyler Eifert,JAX,4.7275,2.017349550402984,13.839999999999998,22.05437103610924,40.0,32.0,0.0,2.245000000000001,2.7676970685904507,-0.5226970685904497,00-0030549,Tyler,Eifert,T.Eifert,REG,JAX,PIT,Tyler Eifert,EifeTy00,0.0,0.0,0.0,22.5
2020,REG,11,00-0034766,C.Herndon,TE,TE,NYJ,13679,780a48de-d092-4e87-9c34-8d1b45a154cc,17536.0,47164.0,5009.0,,3123050.0,31077.0,,2136463.0,HernCh00,christopher-herndon-iv-1,12899.0,13228.0,,31077.0,832080.0,19947.0,832080.0,Chris Herndon,chris herndon,2,3,32.0,1,0.0,0.0,38.0,0.0,2.0,2.6816964,0,0.84210527,0.10714286,0.10354223,0.23319384,,,,,,,,,,,,,,,,,REG,NYJ,LAC,Chris Herndon,HernCh00,0.0,1.0,0.333,141.7
2020,REG,11,00-0029738,D.Fells,TE,TE,HOU,11337,54d4e35a-2e6c-48f6-86ad-92dd596c173c,13636.0,8549.0,1592.0,darrenfells/2540928,15773.0,26612.0,,2053740.0,FellDa01,,9758.0,8472.0,,26612.0,266414.0,15247.0,266414.0,Darren Fells,darren fells,2,2,29.0,0,0.0,0.0,19.0,10.0,2.0,3.107724,0,1.5263158,0.054054055,0.060509555,0.12343777,,,,,,,,,,,,,,,,,REG,HOU,NE,Darren Fells,FellDa01,2.0,0.0,0.0,118.7
2020,REG,11,00-0031558,M.Williams,TE,TE,ARI,12206,52f4a43a-64a9-4d69-a9e2-28bd60f68e49,13919.0,9488.0,2360.0,,2970726.0,28443.0,,1983769.0,WillMa04,maxx-williams-1,10128.0,10298.0,,28443.0,651658.0,16816.0,651658.0,Maxx Williams,maxx williams,2,2,29.0,0,0.0,0.0,23.0,6.0,1.0,2.1096563,0,1.2608696,0.051282052,0.0858209,0.1369977,,,,,,,,,,,,,,,,,REG,ARI,SEA,Maxx Williams,WillMa04,0.0,0.0,0.0,118.7
2020,REG,11,00-0035631,D.Sample,TE,TE,CIN,14146,15a4f552-ecaf-45bd-9006-aa5dda93bee6,18561.0,47259.0,6001.0,,3127310.0,31884.0,,2139646.0,SampDr00,drew-sample-1,13809.0,14111.0,435.0,31884.0,837824.0,20931.0,837824.0,Drew Sample,drew sample,2,4,29.0,0,0.0,0.0,30.0,2.0,1.0,1.7704731,0,0.96666664,0.09090909,0.07125891,0.18624488,,,,,,,,,,,,,,,,,REG,CIN,WAS,Drew Sample,SampDr00,0.0,1.0,0.25,74.0
2020,REG,11,00-0027981,K.Rudolph,TE,TE,MIN,10312,1059e9dc-97df-4643-9116-883a0573d8b1,9906.0,6195.0,943.0,kylerudolph/2495438,14054.0,24830.0,7444.0,1633122.0,RudoKy00,kyle-rudolph-1,7246.0,6459.0,,24830.0,469472.0,13275.0,469472.0,Kyle Rudolph,kyle rudolph,3,3,28.0,0,0.0,0.0,5.0,23.0,2.0,2.6905766,0,5.6,0.10714286,0.019157087,0.17412424,,,,,,,,,,,,,,,,,REG,MIN,DAL,Kyle Rudolph,RudoKy00,0.0,0.0,0.0,105.6
2020,REG,11,00-0033895,G.Everett,TE,TE,LA,13236,ebeceb00-57e0-4b74-9cf7-853da2afed18,16459.0,11799.0,4089.0,,3918639.0,30157.0,,2142692.0,EverGe00,gerald-everett-1,11737.0,12284.0,55.0,30157.0,838487.0,18935.0,838487.0,Gerald Everett,gerald everett,4,5,27.0,0,0.0,0.0,12.0,17.0,3.0,1.2636006,0,2.25,0.10204082,0.046875,0.18587372,Gerald Everett,LAR,3.7375000000000003,3.673641576996233,1.9499999999999982,4.0774506523921,80.0,27.0,0.0,4.695000000000002,5.039193495567588,-0.3441934955675858,00-0033895,Gerald,Everett,G.Everett,REG,LA,TB,Gerald Everett,EverGe00,1.0,1.0,0.2,89.2
2020,REG,11,00-0027656,R.Gronkowski,TE,TE,TB,9902,2142a164-48ad-47d6-bb27-0bc58c6b2e62,9721.0,5567.0,515.0,robgronkowski/497240,13229.0,24017.0,,1244303.0,GronRo00,rob-gronkowski-1,6443.0,5729.0,,24017.0,381091.0,10974.0,381091.0,Rob Gronkowski,rob gronkowski,2,6,25.0,0,0.0,0.0,59.0,6.0,1.0,-0.8224747,0,0.42372882,0.12765957,0.1404762,0.2898227,Rob Gronkowski,TB,4.336666666666667,2.591765345492091,9.228333333333332,13.218582887700533,33.33333333333333,25.0,0.0,3.230000000000004,2.529823699469489,0.700176300530515,00-0027656,Robert,Gronkowski,R.Gronkowski,REG,TB,LA,Rob Gronkowski,GronRo00,0.0,0.0,0.0,47.2
2020,REG,11,00-0030710,T.Burton,TE,TE,IND,11705,bc0f07a4-3e7b-4e61-987a-05533dc225be,12153.0,9185.0,1793.0,treyburton/2550284,16974.0,27789.0,,2130223.0,BurtTr01,,9490.0,9737.0,,27789.0,542788.0,15965.0,,Trey Burton,trey burton,2,5,25.0,1,0.0,0.0,40.0,3.0,1.0,-4.341758,0,0.625,0.14285715,0.15444015,0.32239383,Trey Burton,IND,4.617500000000001,1.6614723343672602,7.958000000000001,14.315524374887573,40.0,25.0,1.0,1.3149999999999995,0.7874713998644438,0.5275286001355557,00-0030710,Lawrence,Burton,T.Burton,REG,IND,GB,Trey Burton,BurtTr01,0.0,0.0,0.0,56.2
2020,REG,11,00-0034383,D.Schultz,TE,TE,DAL,13772,8caec1b4-e0b6-4a84-b8c8-617d6e91ef6a,17349.0,47304.0,5001.0,,3117256.0,31107.0,,2136748.0,SchuDa00,dalton-schultz-1,12514.0,13198.0,487.0,31107.0,830523.0,19920.0,830523.0,Dalton Schultz,dalton schultz,4,6,25.0,1,0.0,0.0,33.0,7.0,2.0,-2.0293078,0,0.75757575,0.19354838,0.16336633,0.40467903,Dalton Schultz,DAL,7.886000000000001,3.401129658056752,5.618333333333335,15.513829444521154,66.66666666666666,25.0,1.0,1.8899999999999988,1.512881275443931,0.3771187245560679,00-0034383,Dalton,Schultz,D.Schultz,REG,DAL,MIN,Dalton Schultz,SchuDa00,0.0,0.0,0.0,75.0
2020,REG,11,00-0032394,N.Vannett,TE,TE,DEN,12680,c731aa8a-778b-4ccd-a19f-517eb66f47b7,15645.0,10728.0,3258.0,,2576399.0,29328.0,,1871322.0,VannNi00,nick-vannett-1,10949.0,11329.0,,29328.0,606488.0,18019.0,606488.0,Nick Vannett,nick vannett,2,2,24.0,0,0.0,0.0,2.0,22.0,2.0,2.3748927,0,12.0,0.06666667,0.0058651026,0.10410557,,,,,,,,,,,,,,,,,REG,DEN,MIA,Nick Vannett,VannNi00,0.0,0.0,0.0,116.7
2020,REG,11,00-0031273,C.Brate,TE,TE,TB,12110,5afe93fd-0caf-4cca-83fc-7f405bebfa3e,13470.0,9207.0,2214.0,,17453.0,28267.0,,2132787.0,BratCa00,,10008.0,10193.0,,28267.0,552926.0,16593.0,552926.0,Cameron Brate,cameron brate,3,4,23.0,0,0.0,0.0,53.0,1.0,2.0,1.3698416,0,0.43396226,0.08510638,0.12619048,0.21599291,,,,,,,,,,,,,,,,,REG,TB,LA,Cameron Brate,BratCa00,0.0,0.0,0.0,49.0
2020,REG,11,00-0034970,I.Smith,TE,TE,MIN,14141,ed0e6a30-83d5-4f4b-bf49-f7ff80e21304,18610.0,42060.0,6126.0,,4040980.0,31882.0,,2257888.0,SmitIr01,irv-smith-jr-1,13583.0,14052.0,,31882.0,944428.0,20949.0,944428.0,Irv Smith,irv smith,2,2,23.0,0,0.0,0.0,11.0,12.0,1.0,2.6049018,0,2.090909,0.071428575,0.042145595,0.13664477,,,,,,,,,,,,,,,,,REG,MIN,DAL,Irv Smith Jr.,SmitIr01,0.0,0.0,0.0,114.6
2020,REG,11,00-0035671,J.Sternberger,TE,TE,GB,14140,f808794b-3135-4f75-b46a-ba90bf6b8502,18614.0,47081.0,6139.0,,3917962.0,31907.0,,2179567.0,SterJa00,jace-sternberger-1,13495.0,14097.0,,31907.0,877598.0,20952.0,877598.0,Jace Sternberger,jace sternberger,3,3,23.0,0,0.0,0.0,6.0,17.0,1.0,1.2277896,0,3.8333333,0.08571429,0.020833334,0.14315476,,,,,,,,,,,,,,,,,REG,GB,IND,Jace Sternberger,SterJa00,0.0,0.0,0.0,98.6
2020,REG,11,00-0033439,P.Brown,TE,TE,HOU,13994,6733b953-de77-44e5-acbf-c2d3a0940243,16937.0,12247.0,4443.0,,2971281.0,30627.0,,2819155.0,BrowPh01,,11887.0,12737.0,,30627.0,689689.0,19304.0,689689.0,Pharaoh Brown,pharaoh brown,2,3,22.0,0,0.0,0.0,21.0,17.0,1.0,0.63048935,0,1.0476191,0.08108108,0.06687898,0.16843691,,,,,,,,,,,,,,,,,REG,HOU,NE,Pharaoh Brown,BrowPh01,1.0,0.0,0.0,88.2
2020,REG,11,00-0025418,G.Olsen,TE,TE,SEA,8687,587d0a98-7ec5-45a5-adba-8af26e8f256b,9238.0,3647.0,58.0,gregolsen/2495700,10475.0,8285.0,,502524.0,OlseGr00,greg-olsen-1,5206.0,4190.0,,8285.0,230925.0,1658.0,,Greg Olsen,greg olsen,2,2,20.0,0,0.0,0.0,11.0,9.0,1.0,1.7993324,0,1.8181819,0.074074075,0.064705886,0.15640523,,,,,,,,,,,,,,,,,REG,SEA,ARI,Greg Olsen,OlseGr00,0.0,0.0,0.0,108.3
2020,REG,11,00-0033858,J.Smith,TE,TE,TEN,13193,e4f25a37-74de-4bfb-b6c9-f50a4fab0b87,16460.0,11855.0,4144.0,,3054212.0,30213.0,,2081506.0,SmitJo01,jonnu-smith-1,11807.0,12344.0,84.0,30213.0,743749.0,18990.0,743749.0,Jonnu Smith,jonnu smith,4,6,20.0,1,0.0,0.0,4.0,21.0,2.0,-3.220691,0,5.0,0.1875,0.02,0.29525,Jonnu Smith,TEN,2.3433333333333333,5.32974315863026,1.0916666666666661,3.1779147057396524,66.66666666666666,20.0,1.0,5.5425,5.117335877155739,0.4251641228442615,00-0033858,Jonnu,Smith,J.Smith,REG,TEN,BAL,Jonnu Smith,SmitJo01,0.0,1.0,0.167,71.5
2020,REG,11,00-0033110,T.Higbee,TE,TE,LA,12678,0df7912d-9e81-47ea-b4f7-d04986df4ee8,15623.0,10744.0,3271.0,,2573401.0,29344.0,,1853103.0,HigbTy00,tyler-higbee-1,10854.0,11430.0,159.0,29344.0,604176.0,18032.0,604176.0,Tyler Higbee,tyler higbee,4,4,19.0,0,0.0,0.0,14.0,5.0,0.0,0.34637824,0,1.3571428,0.08163265,0.0546875,0.16073023,,,,,,,,,,,,,,,,,REG,LA,TB,Tyler Higbee,HigbTy00,1.0,0.0,0.0,86.5
2020,REG,11,00-0036422,A.Trautman,TE,TE,NO,14870,4e14183b-f974-4745-9d7f-8f5eb2a92a7d,19423.0,109795.0,6869.0,,3911853.0,32775.0,,2182228.0,TrauAd00,,14541.0,,566.0,32775.0,0.0,21786.0,875444.0,Adam Trautman,adam trautman,1,1,19.0,0,0.0,0.0,6.0,13.0,1.0,1.2910926,0,3.1666667,0.04347826,0.04225352,0.094794855,,,,,,,,,,,,,,,,,REG,NO,ATL,Adam Trautman,TrauAd00,0.0,0.0,0.0,118.7
2020,REG,11,00-0033217,M.Alie-Cox,TE,TE,IND,13246,8809c0dd-786b-4255-a7d0-333c9498c19a,16579.0,12078.0,4054.0,moalie-cox/2558832,2998565.0,30112.0,,2815925.0,AlieMo00,,12196.0,12221.0,195.0,30112.0,712506.0,18900.0,712506.0,Mo Alie-Cox,mo alie-cox,2,3,16.0,0,1.0,1.0,10.0,10.0,0.0,-4.4414296,0,1.6,0.08571429,0.038610037,0.15559846,,,,,,,,,,,,,,,,,REG,IND,GB,Mo Alie-Cox,AlieMo00,0.0,0.0,0.0,79.9
2020,REG,11,00-0029119,D.Carrier,TE,TE,LV,10940,d3fab07b-f02a-433d-9612-cb0a751f324d,11417.0,7406.0,1718.0,derekcarrier/2534241,15403.0,26416.0,,1977121.0,CarrDe00,,9203.0,7527.0,,26416.0,654887.0,15640.0,654887.0,Derek Carrier,derek carrier,1,1,14.0,0,0.0,0.0,-4.0,18.0,1.0,0.8328605,0,0.0,0.03448276,-0.017777778,0.039279692,,,,,,,,,,,,,,,,,REG,LV,KC,Derek Carrier,CarrDe00,1.0,0.0,0.0,118.7
2020,REG,11,00-0033387,J.Hollister,TE,TE,SEA,13391,ad2a1d03-020b-487a-bd5f-7ca9fbc250fe,16527.0,12051.0,4421.0,,3125404.0,30661.0,,2818962.0,HollJa03,,12271.0,12491.0,,30661.0,696882.0,19281.0,696882.0,Jacob Hollister,jacob hollister,2,3,14.0,0,0.0,0.0,8.0,14.0,1.0,0.100698955,0,1.75,0.11111111,0.047058824,0.19960785,,,,,,,,,,,,,,,,,REG,SEA,ARI,Jacob Hollister,HollJa03,0.0,1.0,0.333,77.1
2020,REG,11,00-0032062,B.Bell,TE,TE,DAL,12213,0cc4e449-185a-4b08-9f07-c907ad0c3e05,13966.0,9550.0,2422.0,,2514206.0,28505.0,,1737101.0,BellBl00,blake-bell-1,10248.0,10366.0,,28505.0,542871.0,16878.0,542871.0,Blake Bell,blake bell,1,1,13.0,0,0.0,0.0,13.0,0.0,1.0,1.0054622,0,1.0,0.032258064,0.06435644,0.0934366,,,,,,,,,,,,,,,,,REG,DAL,MIN,Blake Bell,BellBl00,0.0,0.0,0.0,118.7
2020,REG,11,00-0034159,W.Dissly,TE,TE,SEA,13763,383f4814-6836-4766-a297-fc063e8509cc,18049.0,30762.0,5010.0,,3127292.0,31090.0,,2139628.0,DissWi00,will-dissly-1,12986.0,13246.0,86.0,31090.0,837806.0,19950.0,837806.0,Will Dissly,will dissly,1,1,10.0,0,0.0,0.0,8.0,2.0,1.0,0.91011864,0,1.25,0.037037037,0.047058824,0.08849673,,,,,,,,,,,,,,,,,REG,SEA,ARI,Will Dissly,DissWi00,0.0,0.0,0.0,108.3
2020,REG,11,00-0035823,B.Ellefson,TE,TE,JAX,15088,ca393469-d587-4bf7-905d-838e960de851,19698.0,27766.0,7288.0,,3930900.0,33124.0,,2190748.0,ElleBe00,,14864.0,,,33124.0,0.0,22284.0,888731.0,Ben Ellefson,ben ellefson,1,3,10.0,0,0.0,0.0,33.0,3.0,1.0,-2.3215792,0,0.3030303,0.09090909,0.10714286,0.21136364,,,,,,,,,,,,,,,,,REG,JAX,PIT,Ben Ellefson,ElleBe00,0.0,0.0,0.0,4.2
2020,REG,11,00-0032141,G.Swaim,TE,TE,TEN,12378,d0f9112d-2496-450a-9fc5-d2d01b4d2454,14164.0,9679.0,2545.0,geoffswaim/2553454,3046704.0,28634.0,,2174207.0,SwaiGe00,geoff-swaim-1,10507.0,10617.0,,28634.0,728021.0,17005.0,728021.0,Geoff Swaim,geoff swaim,1,1,9.0,0,0.0,0.0,2.0,7.0,0.0,0.8476022,0,4.5,0.03125,0.01,0.053875,,,,,,,,,,,,,,,,,REG,TEN,BAL,Geoff Swaim,SwaiGe00,0.0,0.0,0.0,104.2
2020,REG,11,00-0024243,M.Lewis,TE,TE,GB,8269,9c21e9af-681c-41ef-9b00-fbc9e1668ed1,9413.0,2973.0,111.0,marcedeslewis/2495888,9614.0,7777.0,4007.0,415313.0,LewiMa00,marcedes-lewis-1,4891.0,3615.0,,7777.0,214197.0,3061.0,214197.0,Marcedes Lewis,marcedes lewis,1,1,8.0,0,0.0,0.0,5.0,3.0,1.0,1.1847677,0,1.6,0.028571429,0.017361112,0.05500992,,,,,,,,,,,,,,,,,REG,GB,IND,Marcedes Lewis,LewiMa00,0.0,0.0,0.0,100.0
2020,REG,11,00-0027061,J.Cook,TE,TE,NO,9474,3b7a1409-d154-4e5c-8c94-9d4a0e0993c7,9265.0,5012.0,367.0,jaredcook/71265,12537.0,9353.0,6126.0,584314.0,CookJa02,jared-cook-2,5981.0,5165.0,,9353.0,296480.0,8534.0,296480.0,Jared Cook,jared cook,1,1,6.0,0,0.0,0.0,6.0,0.0,1.0,2.0627232,0,1.0,0.04347826,0.04225352,0.094794855,,,,,,,,,,,,,,,,,REG,NO,ATL,Jared Cook,CookJa02,0.0,0.0,0.0,91.7
2020,REG,11,00-0030181,J.Doyle,TE,TE,IND,11516,bd413539-9351-454e-9d61-4e8635d7e9f5,11987.0,8520.0,1706.0,jackdoyle/2540232,16504.0,27299.0,,2041264.0,DoylJa00,,9081.0,9075.0,,27299.0,477386.0,15602.0,477386.0,Jack Doyle,jack doyle,1,2,6.0,1,0.0,0.0,8.0,0.0,1.0,1.2397866,0,0.75,0.057142857,0.03088803,0.10733591,,,,,,,,,,,,,,,,,REG,IND,GB,Jack Doyle,DoylJa00,0.0,0.0,0.0,95.8
2020,REG,11,00-0031260,L.Thomas,TE,TE,WAS,11647,b24625a0-d402-4d59-a778-aa4b073bfe5e,12095.0,8755.0,2251.0,loganthomas/2543767,16813.0,27648.0,,1691193.0,ThomLo00,logan-thomas-1,9323.0,9354.0,,27648.0,507528.0,16656.0,507528.0,Logan Thomas,logan thomas,2,5,6.0,0,0.0,0.0,22.0,6.0,0.0,-3.6913526,0,0.27272728,0.20833333,0.15827338,0.42329136,Logan Thomas,WAS,7.489999999999999,2.615591050005264,3.8659999999999983,15.701405247339773,40.0,6.0,0.0,2.5500000000000043,1.625283023890006,0.9247169761099983,00-0031260,Logan,Thomas,L.Thomas,REG,WAS,CIN,Logan Thomas,ThomLo00,0.0,1.0,0.2,8.3
2020,REG,11,00-0034192,N.Keizer,TE,TE,KC,14356,cafbcd5f-8b40-444e-baec-a48f49d8c5f0,18054.0,66940.0,5465.0,,4329472.0,31427.0,,2925517.0,KeizNi00,,13126.0,13609.0,,31427.0,1115710.0,20563.0,,Nick Keizer,nick keizer,1,1,5.0,0,0.0,0.0,5.0,0.0,0.0,-0.2922602,0,1.0,0.022727273,0.015243903,0.04476164,,,,,,,,,,,,,,,,,REG,KC,LV,Nick Keizer,KeizNi00,0.0,0.0,0.0,87.5
2020,REG,11,00-0034011,D.Arnold,TE,TE,ARI,13880,d479a777-b53b-4bbf-a8e4-0c1675ac48df,17143.0,51842.0,4741.0,,4212989.0,30891.0,,2835170.0,ArnoDa00,,12276.0,12972.0,,30891.0,1053627.0,19659.0,1053627.0,Dan Arnold,dan arnold,1,2,4.0,1,0.0,0.0,23.0,0.0,1.0,0.53785324,0,0.17391305,0.051282052,0.0858209,0.1369977,,,,,,,,,,,,,,,,,REG,ARI,SEA,Dan Arnold,ArnoDa00,0.0,0.0,0.0,95.8
2020,REG,11,00-0032135,J.James,TE,TE,DET,12211,a37a5bfd-b48c-4d8b-817a-d8ce7ca3592d,13959.0,9593.0,2463.0,jessejames/2552633,2979590.0,28548.0,,1983808.0,JameJe00,jesse-james-1,10150.0,10403.0,,28548.0,652019.0,16920.0,652019.0,Jesse James,jesse james,1,2,3.0,0,0.0,0.0,14.0,2.0,0.0,-0.8130438,0,0.21428572,0.0625,0.072916664,0.14479166,,,,,,,,,,,,,,,,,REG,DET,CAR,Jesse James,JameJe00,0.0,0.0,0.0,56.2
2020,REG,11,00-0033576,E.Saubert,TE,TE,JAX,13315,582dc00e-e7ec-4ca7-bff0-f7b1d604017b,16706.0,11929.0,4189.0,,2975863.0,30287.0,,2001018.0,SaubEr00,,11897.0,12300.0,,30287.0,694931.0,19035.0,694931.0,Eric Saubert,eric saubert,1,1,3.0,0,0.0,0.0,3.0,0.0,0.0,-0.3820702,0,1.0,0.030303031,0.0097402595,0.052272726,,,,,,,,,,,,,,,,,REG,JAX,PIT,Eric Saubert,SaubEr00,0.0,0.0,0.0,79.2
2020,REG,11,00-0022127,J.Witten,TE,TE,LV,6997,e38c9b1b-7c51-48a2-ac1d-a752502e8930,9275.0,1384.0,23.0,jasonwitten/2505629,4527.0,6405.0,,396134.0,WittJa00,jason-witten-1,3086.0,1990.0,,6405.0,184571.0,722.0,,Jason Witten,jason witten,1,1,1.0,1,0.0,0.0,1.0,0.0,1.0,1.5501769,0,1.0,0.03448276,0.0044444446,0.05483525,,,,,,,,,,,,,,,,,REG,LV,KC,Jason Witten,WittJa00,0.0,0.0,0.0,118.7
2020,REG,11,00-0028042,L.Stocker,TE,TE,ATL,10354,5b712aed-201c-43dd-b978-b7b6ef91178e,9948.0,6256.0,963.0,lukestocker/2495234,14099.0,24891.0,7589.0,1125485.0,StocLu00,luke-stocker-1,7413.0,6552.0,,24891.0,334186.0,13370.0,334186.0,Luke Stocker,luke stocker,0,1,0.0,0,0.0,0.0,0.0,0.0,0.0,-0.72862494,0,,0.029411765,0.0,0.04411765,,,,,,,,,,,,,,,,,REG,ATL,NO,Luke Stocker,StocLu00,0.0,0.0,0.0,39.6
2020,REG,11,00-0031484,C.Manhertz,TE,TE,CAR,12955,7c7b5515-7786-4e24-9ce0-34e6a8bd5727,14014.0,10211.0,3048.0,,2531358.0,28365.0,,2167520.0,ManhCh00,,10033.0,10295.0,,28365.0,563293.0,17762.0,563293.0,Chris Manhertz,chris manhertz,0,1,0.0,0,0.0,0.0,8.0,0.0,0.0,-0.74180084,0,0.0,0.028571429,0.034042552,0.06668693,,,,,,,,,,,,,,,,,REG,CAR,DET,Chris Manhertz,ManhCh00,0.0,1.0,1.0,39.6
2020,REG,11,00-0033885,D.Njoku,TE,TE,CLE,13192,8f86fcea-90e8-49ea-bc78-5c7659313e57,16399.0,11784.0,4033.0,,3123076.0,30142.0,,2136474.0,NjokDa00,david-njoku-1,11734.0,12186.0,252.0,30142.0,832098.0,18876.0,832098.0,David Njoku,david njoku,0,1,0.0,0,0.0,0.0,15.0,0.0,0.0,-0.6785646,0,0.0,0.055555556,0.057915058,0.123873875,,,,,,,,,,,,,,,,,REG,CLE,PHI,David Njoku,NjokDa00,0.0,0.0,0.0,39.6
2020,REG,11,00-0034393,T.Fumagalli,TE,TE,DEN,13673,579d92e6-ab4f-43e0-803f-b2d5a54d106a,17273.0,47333.0,5092.0,,3045264.0,31126.0,,2071777.0,FumaTr00,troy-fumagalli-2,12808.0,13270.0,,31126.0,742474.0,19973.0,742474.0,Troy Fumagalli,troy fumagalli,0,1,0.0,0,0.0,0.0,2.0,0.0,0.0,-0.6641222,0,0.0,0.033333335,0.0058651026,0.054105572,,,,,,,,,,,,,,,,,REG,DEN,MIA,Troy Fumagalli,FumaTr00,0.0,0.0,0.0,39.6
2020,REG,11,00-0034420,J.Thomas,TE,TE,NE,13819,f993832a-f81f-4706-90b8-80fd193bdfd7,17399.0,42062.0,5117.0,,4035379.0,31181.0,,2249166.0,ThomJo05,jordan-thomas-6,12697.0,13309.0,,31181.0,922092.0,20020.0,922092.0,Jordan Thomas,jordan thomas,0,1,0.0,0,0.0,0.0,12.0,0.0,0.0,-0.6263999,0,0.0,0.02631579,0.050209206,0.07462013,,,,,,,,,,,,,,,,,REG,NE,HOU,Jordan Thomas,ThomJo05,0.0,0.0,0.0,39.6
2020,REG,11,00-0034798,D.Smythe,TE,TE,MIA,13676,7e42a22a-c47b-4387-aeeb-2cc2e76dc1d8,17508.0,47257.0,5008.0,,3052897.0,31093.0,,2082845.0,SmytDu00,durham-smythe-1,12807.0,13249.0,,31093.0,749968.0,19943.0,749968.0,Durham Smythe,durham smythe,0,1,0.0,0,0.0,0.0,6.0,0.0,0.0,-0.46311763,0,0.0,0.027027028,0.01923077,0.05400208,,,,,,,,,,,,,,,,,REG,MIA,DEN,Durham Smythe,SmytDu00,0.0,1.0,1.0,39.6
2020,REG,11,00-0034830,H.Hurst,TE,TE,ATL,13680,1b125fc4-5dd9-4eb9-a42f-048e61ca42b7,17283.0,47294.0,4973.0,,3924365.0,30995.0,,2185053.0,HursHa00,hayden-hurst-1,12467.0,13098.0,8.0,30995.0,881956.0,19843.0,881956.0,Hayden Hurst,hayden hurst,0,2,0.0,0,0.0,0.0,10.0,0.0,0.0,-2.7409904,0,0.0,0.05882353,0.028248588,0.10800931,,,,,,,,,,,,,,,,,REG,ATL,NO,Hayden Hurst,HursHa00,0.0,0.0,0.0,39.6
2020,REG,12,00-0033881,E.Engram,TE,TE,NYG,13189,e21365af-8d66-416e-b0a5-8816d18fcfd9,16411.0,11778.0,4066.0,,3051876.0,30136.0,,2079887.0,EngrEv00,evan-engram-1,11805.0,12205.0,229.0,30136.0,749185.0,18912.0,749185.0,Evan Engram,evan engram,6,9,129.0,0,1.0,1.0,107.0,37.0,2.0,0.2928805,0,1.2056075,0.24324325,0.32721713,0.59391683,Evan Engram,NYG,5.646666666666667,1.9181793052804972,12.07777777777778,32.309841571797996,66.66666666666666,129.0,0.0,6.799999999999997,5.714077674196763,1.0859223258032342,00-0033881,Evan,Engram,E.Engram,REG,NYG,CIN,Evan Engram,EngrEv00,0.0,0.0,0.0,109.7
2020,REG,12,00-0027656,R.Gronkowski,TE,TE,TB,9902,2142a164-48ad-47d6-bb27-0bc58c6b2e62,9721.0,5567.0,515.0,robgronkowski/497240,13229.0,24017.0,,1244303.0,GronRo00,rob-gronkowski-1,6443.0,5729.0,,24017.0,381091.0,10974.0,381091.0,Rob Gronkowski,rob gronkowski,6,7,106.0,0,0.0,0.0,74.0,40.0,3.0,6.1029572,0,1.4324324,0.17073171,0.18877551,0.38824043,Rob Gronkowski,TB,4.23,2.215966286386457,11.347142857142856,20.570259491376184,85.71428571428571,106.0,0.0,6.9766666666666675,6.591697395218034,0.38496927144863324,00-0027656,Robert,Gronkowski,R.Gronkowski,REG,TB,KC,Rob Gronkowski,GronRo00,0.0,0.0,0.0,118.7
2020,REG,12,00-0035229,T.Hockenson,TE,TE,DET,14138,bd1120b6-38b3-4225-a4b0-20660a149d0d,18290.0,40912.0,5844.0,,4036133.0,31840.0,,2251097.0,HockTJ00,tj-hockenson-1,13610.0,14051.0,247.0,31840.0,923915.0,20805.0,923915.0,T.J. Hockenson,tj hockenson,5,8,89.0,0,0.0,0.0,54.0,62.0,3.0,4.123164,0,1.6481482,0.1904762,0.16363636,0.40025973,T.J. Hockenson,DET,5.650000000000001,4.66713894684036,6.545,16.074663064501276,62.5,89.0,0.0,12.988,12.952979099000846,0.03502090099915378,00-0035229,Thomas,Hockenson,T.Hockenson,REG,DET,HOU,T.J. Hockenson,HockTJ00,0.0,1.0,0.125,100.5
2020,REG,12,00-0030506,T.Kelce,TE,TE,KC,11244,c3859e06-5f23-4302-a71b-04820a899d5f,11594.0,7844.0,1466.0,traviskelce/2540258,15847.0,26686.0,,1725130.0,KelcTr00,travis-kelce-1,8783.0,8411.0,264.0,26686.0,448240.0,15048.0,448240.0,Travis Kelce,travis kelce,8,8,82.0,0,0.0,0.0,54.0,28.0,5.0,7.463358,0,1.5185186,0.17391305,0.11868132,0.3439465,Travis Kelce,KC,3.62,3.898452730660852,6.6025,12.37727006444054,100.0,82.0,0.0,3.6475,5.459750944840621,-1.8122509448406214,00-0030506,Travis,Kelce,T.Kelce,REG,KC,TB,Travis Kelce,KelcTr00,1.0,0.0,0.0,109.4
2020,REG,12,00-0034351,D.Goedert,TE,TE,PHI,13674,e8029983-87cf-49a2-bc04-04c8233a0630,17270.0,47272.0,5022.0,,3121023.0,31019.0,,2132551.0,GoedDa00,,12860.0,13151.0,382.0,31019.0,791365.0,19863.0,791365.0,Dallas Goedert,dallas goedert,7,10,75.0,1,0.0,0.0,121.0,29.0,5.0,3.575937,0,0.6198347,0.23809524,0.37345678,0.61856264,Dallas Goedert,PHI,6.4025,2.2355604438272554,12.042000000000002,38.592443034323615,70.0,75.0,1.0,4.36142857142857,1.8515226487597178,2.5099059226688523,00-0034351,Dallas,Goedert,D.Goedert,REG,PHI,SEA,Dallas Goedert,GoedDa00,1.0,0.0,0.0,85.4
2020,REG,12,00-0027981,K.Rudolph,TE,TE,MIN,10312,1059e9dc-97df-4643-9116-883a0573d8b1,9906.0,6195.0,943.0,kylerudolph/2495438,14054.0,24830.0,7444.0,1633122.0,RudoKy00,kyle-rudolph-1,7246.0,6459.0,,24830.0,469472.0,13275.0,469472.0,Kyle Rudolph,kyle rudolph,7,8,68.0,0,0.0,0.0,57.0,17.0,3.0,2.2678246,0,1.1929824,0.18604651,0.16147308,0.39210093,Kyle Rudolph,MIN,9.82,2.7879851551222203,8.110000000000001,18.02823163276648,87.5,68.0,0.0,2.562857142857141,2.889634032088257,-0.32677688923111603,00-0027981,Kyle,Rudolph,K.Rudolph,REG,MIN,CAR,Kyle Rudolph,RudoKy00,0.0,0.0,0.0,102.1
2020,REG,12,00-0033090,H.Henry,TE,TE,LAC,12676,705899da-3c20-4bc3-b5d0-2e6e40655131,15561.0,10669.0,3214.0,,3046439.0,29269.0,,2079848.0,HenrHu00,hunter-henry-1,10735.0,11299.0,212.0,29269.0,744425.0,17975.0,744425.0,Hunter Henry,hunter henry,7,10,67.0,0,0.0,0.0,85.0,24.0,3.0,-0.3024052,0,0.7882353,0.19607843,0.27331188,0.48543596,Hunter Henry,LAC,7.9239999999999995,2.421132991240569,7.484,24.011036606885042,70.0,67.0,0.0,4.279999999999999,2.6905194101935064,1.589480589806493,00-0033090,Hunter,Henry,H.Henry,REG,LAC,BUF,Hunter Henry,HenrHu00,1.0,0.0,0.0,48.7
2020,REG,12,00-0033757,R.Tonyan,TE,TE,GB,13427,7c9c7800-69d0-459b-812b-a07ac48e9f2a,16502.0,12193.0,4602.0,,2975674.0,30777.0,,2820026.0,TonyRo00,,12389.0,12868.0,,30777.0,660151.0,19491.0,660151.0,Robert Tonyan,robert tonyan,5,5,67.0,1,0.0,0.0,41.0,26.0,3.0,7.121484,0,1.6341463,0.1724138,0.16803278,0.37624365,Robert Tonyan,GB,4.97,3.8132592460043524,8.303999999999998,16.712284656255026,100.0,67.0,1.0,5.096000000000001,5.125174373152913,-0.02917437315291238,00-0033757,Robert,Tonyan,R.Tonyan,REG,GB,CHI,Robert Tonyan,TonyRo00,0.0,0.0,0.0,158.3
2020,REG,12,00-0031387,E.Ebron,TE,TE,PIT,11695,9fbcfae9-dd14-415c-8952-9b1b5dff0dfc,12143.0,8645.0,2118.0,ericebron/2543466,16732.0,27538.0,,1865396.0,EbroEr00,eric-ebron-1,9210.0,9390.0,,27538.0,605752.0,16451.0,605752.0,Eric Ebron,eric ebron,7,11,54.0,0,0.0,0.0,64.0,10.0,1.0,-2.643762,0,0.84375,0.21568628,0.2570281,0.5034491,Eric Ebron,PIT,6.804444444444445,3.2223859058818713,6.16090909090909,25.58130756454779,63.63636363636363,54.0,0.0,1.692857142857143,2.1270643367876616,-0.43420719393051854,00-0031387,Eric,Ebron,E.Ebron,REG,PIT,BAL,Eric Ebron,EbroEr00,0.0,2.0,0.182,75.6
2020,REG,12,00-0031384,R.Rodgers,TE,TE,PHI,11785,e00b3426-238b-4bdb-85c3-bbf08b7469e3,12233.0,8733.0,2146.0,richardrodgers/2550313,16786.0,27626.0,,2129433.0,RodgRi00,richard-rodgers-1,9559.0,9547.0,,27626.0,607699.0,16491.0,607699.0,Richard Rodgers,richard rodgers,3,6,53.0,1,0.0,0.0,62.0,7.0,2.0,1.176469,0,0.8548387,0.14285715,0.19135803,0.34823632,Richard Rodgers,PHI,6.700000000000001,2.4773019319656924,9.73,18.709739448129984,50.0,53.0,1.0,2.6199999999999997,2.621587652400578,-0.0015876524005782322,00-0031384,Richard,Rodgers,R.Rodgers,REG,PHI,SEA,Richard Rodgers,RodgRi00,0.0,0.0,0.0,120.1
2020,REG,12,00-0034830,H.Hurst,TE,TE,ATL,13680,1b125fc4-5dd9-4eb9-a42f-048e61ca42b7,17283.0,47294.0,4973.0,,3924365.0,30995.0,,2185053.0,HursHa00,hayden-hurst-1,12467.0,13098.0,8.0,30995.0,881956.0,19843.0,881956.0,Hayden Hurst,hayden hurst,4,8,48.0,0,0.0,0.0,37.0,31.0,4.0,-4.0551457,0,1.2972972,0.21621622,0.16818182,0.4420516,Hayden Hurst,ATL,6.605714285714286,3.8385082392512078,4.143750000000001,13.415078305208212,50.0,48.0,0.0,7.669999999999998,6.8219503821017184,0.8480496178982797,00-0034830,Hayden,Hurst,H.Hurst,REG,ATL,LV,Hayden Hurst,HursHa00,1.0,0.0,0.0,29.2
2020,REG,12,00-0030710,T.Burton,TE,TE,IND,11705,bc0f07a4-3e7b-4e61-987a-05533dc225be,12153.0,9185.0,1793.0,treyburton/2550284,16974.0,27789.0,,2130223.0,BurtTr01,,9490.0,9737.0,,27789.0,542788.0,15965.0,,Trey Burton,trey burton,3,6,42.0,1,0.0,0.0,76.0,4.0,3.0,2.775445,0,0.55263156,0.14285715,0.22960725,0.3750108,Trey Burton,IND,7.224999999999999,2.865054849311567,13.660000000000002,24.10304670038819,50.0,42.0,1.0,1.5799999999999983,1.6274477528770983,-0.04744775287710001,00-0030710,Lawrence,Burton,T.Burton,REG,IND,TEN,Trey Burton,BurtTr01,0.0,0.0,0.0,112.5
2020,REG,12,00-0035631,D.Sample,TE,TE,CIN,14146,15a4f552-ecaf-45bd-9006-aa5dda93bee6,18561.0,47259.0,6001.0,,3127310.0,31884.0,,2139646.0,SampDr00,drew-sample-1,13809.0,14111.0,435.0,31884.0,837824.0,20931.0,837824.0,Drew Sample,drew sample,4,5,40.0,0,1.0,1.0,34.0,11.0,1.0,-3.6949463,0,1.1764706,0.18518518,0.16831683,0.39559957,Drew Sample,CIN,8.97,3.2754798200423623,6.630000000000001,17.265625,80.0,40.0,0.0,2.817500000000001,2.925557146950382,-0.10805714695038127,00-0035631,Drew,Sample,D.Sample,REG,CIN,NYG,Drew Sample,SampDr00,1.0,0.0,0.0,100.0
2020,REG,12,00-0034829,M.Gesicki,TE,TE,MIA,13672,1012cbe0-7eba-4169-bfca-183a0204e1a7,17272.0,47153.0,4993.0,,3116164.0,31012.0,,2139298.0,GesiMi00,mike-gesicki-1,12764.0,13104.0,330.0,31012.0,836152.0,19853.0,836152.0,Mike Gesicki,mike gesicki,2,5,35.0,1,0.0,0.0,50.0,11.0,2.0,2.934986,0,0.7,0.12820514,0.18181819,0.3195804,Mike Gesicki,MIA,6.196,1.5034218080012007,10.068,17.75410876772236,40.0,35.0,1.0,5.405000000000001,5.533321787981549,-0.12832178798154814,00-0034829,Michael,Gesicki,M.Gesicki,REG,MIA,NYJ,Mike Gesicki,GesiMi00,0.0,0.0,0.0,104.2
2020,REG,12,00-0031273,C.Brate,TE,TE,TB,12110,5afe93fd-0caf-4cca-83fc-7f405bebfa3e,13470.0,9207.0,2214.0,,17453.0,28267.0,,2132787.0,BratCa00,,10008.0,10193.0,,28267.0,552926.0,16593.0,552926.0,Cameron Brate,cameron brate,4,6,34.0,0,0.0,0.0,36.0,13.0,1.0,-0.4510783,0,0.9444444,0.14634146,0.091836736,0.28379792,Cameron Brate,TB,4.561999999999999,2.7451598387081155,5.934999999999999,9.22204381830424,66.66666666666666,34.0,0.0,2.910000000000002,3.3379739664974863,-0.4279739664974844,00-0031273,Cameron,Brate,C.Brate,REG,TB,KC,Cameron Brate,BratCa00,0.0,0.0,0.0,81.2
2020,REG,12,00-0027696,J.Graham,TE,TE,CHI,9925,fd85786d-3900-4dc0-9b30-334ee30413ed,9712.0,5619.0,616.0,jimmygraham/497236,13232.0,24070.0,6610.0,1691166.0,GrahJi00,jimmy-graham-1,6532.0,5842.0,,24070.0,295918.0,11488.0,295918.0,Jimmy Graham,jimmy graham,3,4,32.0,0,0.0,0.0,43.0,7.0,3.0,1.7960461,0,0.74418604,0.09090909,0.1131579,0.21557416,,,,,,,,,,,,,,,,,REG,CHI,GB,Jimmy Graham,GrahJi00,0.0,0.0,0.0,97.9
2020,REG,12,00-0032141,G.Swaim,TE,TE,TEN,12378,d0f9112d-2496-450a-9fc5-d2d01b4d2454,14164.0,9679.0,2545.0,geoffswaim/2553454,3046704.0,28634.0,,2174207.0,SwaiGe00,geoff-swaim-1,10507.0,10617.0,,28634.0,728021.0,17005.0,728021.0,Geoff Swaim,geoff swaim,3,3,30.0,0,0.0,0.0,20.0,10.0,3.0,2.7812924,0,1.5,0.15,0.15625,0.334375,,,,,,,,,,,,,,,,,REG,TEN,IND,Geoff Swaim,SwaiGe00,0.0,0.0,0.0,108.3
2020,REG,12,00-0034383,D.Schultz,TE,TE,DAL,13772,8caec1b4-e0b6-4a84-b8c8-617d6e91ef6a,17349.0,47304.0,5001.0,,3117256.0,31107.0,,2136748.0,SchuDa00,dalton-schultz-1,12514.0,13198.0,487.0,31107.0,830523.0,19920.0,830523.0,Dalton Schultz,dalton schultz,5,5,24.0,0,0.0,0.0,11.0,13.0,1.0,-0.080682576,0,2.1818182,0.14705883,0.05263158,0.25743034,Dalton Schultz,DAL,6.546666666666667,3.213837064122836,2.4480000000000013,5.329849771391249,100.0,24.0,0.0,2.351999999999999,2.84582140070446,-0.49382140070446123,00-0034383,Dalton,Schultz,D.Schultz,REG,DAL,WAS,Dalton Schultz,SchuDa00,0.0,0.0,0.0,86.7
2020,REG,12,00-0031610,D.Waller,TE,TE,LV,12263,14c97c9f-26e8-4944-9299-f90de6aeada3,14104.0,9637.0,2505.0,,2576925.0,28592.0,,1850793.0,WallDa01,darren-waller-1,10215.0,10433.0,,28592.0,600191.0,16964.0,600191.0,Darren Waller,darren waller,4,7,23.0,0,0.0,0.0,47.0,23.0,2.0,-2.631282,0,0.4893617,0.1891892,0.19262294,0.41861984,Darren Waller,LV,5.72,2.8406746046896307,6.17857142857143,18.748916247615746,57.14285714285714,23.0,0.0,5.8774999999999995,7.045907867180745,-1.1684078671807452,00-0031610,Darren,Waller,D.Waller,REG,LV,ATL,Darren Waller,WallDa01,0.0,0.0,0.0,63.4
2020,REG,12,00-0031260,L.Thomas,TE,TE,WAS,11647,b24625a0-d402-4d59-a778-aa4b073bfe5e,12095.0,8755.0,2251.0,loganthomas/2543767,16813.0,27648.0,,1691193.0,ThomLo00,logan-thomas-1,9323.0,9354.0,,27648.0,507528.0,16656.0,507528.0,Logan Thomas,logan thomas,4,4,20.0,1,0.0,0.0,16.0,4.0,1.0,1.5099039,0,1.25,0.16666667,0.13913043,0.3473913,,,,,,,,,,,,,,,,,REG,WAS,DAL,Logan Thomas,ThomLo00,0.0,0.0,0.0,127.1
2020,REG,12,00-0033217,M.Alie-Cox,TE,TE,IND,13246,8809c0dd-786b-4255-a7d0-333c9498c19a,16579.0,12078.0,4054.0,moalie-cox/2558832,2998565.0,30112.0,,2815925.0,AlieMo00,,12196.0,12221.0,195.0,30112.0,712506.0,18900.0,712506.0,Mo Alie-Cox,mo alie-cox,2,2,19.0,0,0.0,0.0,12.0,7.0,2.0,1.6657146,0,1.5833334,0.04761905,0.036253776,0.09680621,,,,,,,,,,,,,,,,,REG,IND,TEN,Mo Alie-Cox,AlieMo00,0.0,0.0,0.0,106.2
2020,REG,12,00-0034798,D.Smythe,TE,TE,MIA,13676,7e42a22a-c47b-4387-aeeb-2cc2e76dc1d8,17508.0,47257.0,5008.0,,3052897.0,31093.0,,2082845.0,SmytDu00,durham-smythe-1,12807.0,13249.0,,31093.0,749968.0,19943.0,749968.0,Durham Smythe,durham smythe,3,3,19.0,0,0.0,0.0,15.0,4.0,0.0,1.0328188,0,1.2666667,0.07692308,0.054545455,0.15356643,,,,,,,,,,,,,,,,,REG,MIA,NYJ,Durham Smythe,SmytDu00,0.0,0.0,0.0,93.1
2020,REG,12,00-0030472,J.Reed,TE,TE,SF,11248,c3bf8d3e-3b2e-4f9e-ad74-c0a684035f17,11690.0,7866.0,1500.0,jordanreed/2540160,15860.0,26708.0,,1691412.0,ReedJo02,jordan-reed-1,8615.0,8412.0,,26708.0,508876.0,15100.0,,Jordan Reed,jordan reed,2,6,18.0,0,0.0,0.0,84.0,4.0,2.0,-3.608445,0,0.21428572,0.1764706,0.4883721,0.60656637,Jordan Reed,SF,7.558333333333334,2.1179721181393165,13.163333333333332,45.953336824343985,33.33333333333333,18.0,0.0,1.875,0.760082683476071,1.114917316523929,00-0030472,Jordan,Reed,J.Reed,REG,SF,LA,Jordan Reed,ReedJo02,0.0,1.0,0.167,42.4
2020,REG,12,00-0031951,J.O'Shaughnessy,TE,TE,JAX,12330,e5c6b0d4-3e77-422b-a6d8-574a10ed385e,14146.0,9606.0,2476.0,,2508079.0,28561.0,,2174148.0,O'ShJa00,,10249.0,10549.0,,28561.0,552352.0,16933.0,552352.0,James O'Shaughnessy,james oshaughnessy,2,4,17.0,0,0.0,0.0,49.0,7.0,1.0,0.14150625,0,0.3469388,0.121212125,0.13764045,0.2781665,,,,,,,,,,,,,,,,,REG,JAX,CLE,James O'Shaughnessy,O'ShJa00,0.0,0.0,0.0,61.5
2020,REG,12,00-0034011,D.Arnold,TE,TE,ARI,13880,d479a777-b53b-4bbf-a8e4-0c1675ac48df,17143.0,51842.0,4741.0,,4212989.0,30891.0,,2835170.0,ArnoDa00,,12276.0,12972.0,,30891.0,1053627.0,19659.0,1053627.0,Dan Arnold,dan arnold,1,3,17.0,0,0.0,0.0,56.0,3.0,1.0,0.8726944,0,0.30357143,0.0882353,0.24454148,0.30353197,,,,,,,,,,,,,,,,,REG,ARI,NE,Dan Arnold,ArnoDa00,0.0,0.0,0.0,53.5
2020,REG,12,00-0024243,M.Lewis,TE,TE,GB,8269,9c21e9af-681c-41ef-9b00-fbc9e1668ed1,9413.0,2973.0,111.0,marcedeslewis/2495888,9614.0,7777.0,4007.0,415313.0,LewiMa00,marcedes-lewis-1,4891.0,3615.0,,7777.0,214197.0,3061.0,214197.0,Marcedes Lewis,marcedes lewis,2,4,16.0,1,0.0,0.0,17.0,13.0,2.0,0.83548415,0,0.9411765,0.13793103,0.06967213,0.25566703,,,,,,,,,,,,,,,,,REG,GB,CHI,Marcedes Lewis,LewiMa00,0.0,2.0,0.5,100.0
2020,REG,12,00-0030549,T.Eifert,TE,TE,JAX,11250,14ecf9dd-3a77-4847-8e62-407cd1182f1c,11692.0,7802.0,1388.0,tylereifert/2540148,15788.0,26644.0,,1691608.0,EifeTy00,tyler-eifert-1,8782.0,8408.0,,26644.0,508968.0,14918.0,,Tyler Eifert,tyler eifert,3,4,16.0,1,0.0,0.0,34.0,6.0,2.0,0.024507599,0,0.47058824,0.121212125,0.09550562,0.24867211,,,,,,,,,,,,,,,,,REG,JAX,CLE,Tyler Eifert,EifeTy00,0.0,0.0,0.0,120.8
2020,REG,12,00-0033895,G.Everett,TE,TE,LA,13236,ebeceb00-57e0-4b74-9cf7-853da2afed18,16459.0,11799.0,4089.0,,3918639.0,30157.0,,2142692.0,EverGe00,gerald-everett-1,11737.0,12284.0,55.0,30157.0,838487.0,18935.0,838487.0,Gerald Everett,gerald everett,2,2,16.0,0,0.0,0.0,-1.0,17.0,1.0,1.4966879,0,0.0,0.06666667,-0.003984064,0.09721115,,,,,,,,,,,,,,,,,REG,LA,SF,Gerald Everett,EverGe00,1.0,0.0,0.0,100.0
2020,REG,12,00-0032392,A.Hooper,TE,TE,CLE,12677,90c2a93f-d837-4e1b-b57c-56648903a8db,15581.0,10715.0,3202.0,,3043275.0,29315.0,,2067004.0,HoopAu00,austin-hooper-1,10748.0,11301.0,384.0,29315.0,739424.0,17963.0,739424.0,Austin Hooper,austin hooper,2,2,13.0,1,0.0,0.0,4.0,9.0,1.0,2.218965,0,3.25,0.074074075,0.019138755,0.12450824,,,,,,,,,,,,,,,,,REG,CLE,JAX,Austin Hooper,HoopAu00,0.0,0.0,0.0,133.3
2020,REG,12,00-0035644,N.Fant,TE,TE,DEN,14137,cdc98acc-9eb6-4b44-81bb-61d7b8a3b55f,17527.0,42388.0,5857.0,,4036131.0,31852.0,,2251095.0,FantNo00,noah-fant-1,13426.0,14050.0,243.0,31852.0,923911.0,20753.0,923911.0,Noah Fant,noah fant,1,2,13.0,0,0.0,0.0,25.0,16.0,1.0,1.1307052,0,0.52,0.25,0.1908397,0.5085878,,,,,,,,,,,,,,,,,REG,DEN,NO,Noah Fant,FantNo00,0.0,0.0,0.0,70.8
2020,REG,12,00-0036232,H.Bryant,TE,TE,CLE,14875,f58a5899-8b78-46e8-a29a-ba6273b7d872,19389.0,26394.0,6850.0,,4040774.0,32785.0,,2241240.0,BryaHa00,harrison-bryant-1,14576.0,,752.0,32785.0,0.0,21783.0,916467.0,Harrison Bryant,harrison bryant,1,2,13.0,0,1.0,1.0,9.0,5.0,0.0,-5.444188,0,1.4444444,0.074074075,0.043062203,0.14125465,,,,,,,,,,,,,,,,,REG,CLE,JAX,Harrison Bryant,BryaHa00,0.0,0.0,0.0,70.8
2020,REG,12,00-0031484,C.Manhertz,TE,TE,CAR,12955,7c7b5515-7786-4e24-9ce0-34e6a8bd5727,14014.0,10211.0,3048.0,,2531358.0,28365.0,,2167520.0,ManhCh00,,10033.0,10295.0,,28365.0,563293.0,17762.0,563293.0,Chris Manhertz,chris manhertz,1,1,11.0,0,0.0,0.0,2.0,9.0,1.0,0.8035169,0,5.5,0.03125,0.0067340066,0.051588804,,,,,,,,,,,,,,,,,REG,CAR,MIN,Chris Manhertz,ManhCh00,0.0,0.0,0.0,112.5
2020,REG,12,00-0033387,J.Hollister,TE,TE,SEA,13391,ad2a1d03-020b-487a-bd5f-7ca9fbc250fe,16527.0,12051.0,4421.0,,3125404.0,30661.0,,2818962.0,HollJa03,,12271.0,12491.0,,30661.0,696882.0,19281.0,696882.0,Jacob Hollister,jacob hollister,2,5,11.0,0,0.0,0.0,27.0,5.0,0.0,-1.8739861,0,0.4074074,0.16666667,0.112033196,0.32842323,Jacob Hollister,SEA,5.4875,2.0451441449258825,5.194,10.508213967791534,40.0,11.0,0.0,2.785,3.0665196310055762,-0.2815196310055761,00-0033387,Jacob,Hollister,J.Hollister,REG,SEA,PHI,Jacob Hollister,HollJa03,0.0,0.0,0.0,47.9
2020,REG,12,00-0034788,J.Graham,TE,TE,ATL,14464,97e65d1d-c738-4812-840e-030f0242bc29,18135.0,31849.0,5754.0,,3118954.0,31749.0,,2930527.0,,,13356.0,,,31749.0,832316.0,20662.0,832316.0,Jaeden Graham,jaeden graham,1,2,11.0,0,0.0,0.0,8.0,8.0,0.0,-0.7802843,0,1.375,0.054054055,0.036363635,0.10653563,,,,,,,,,,,,,,,,,,,,,,,,,
2020,REG,12,00-0035039,S.Carlson,TE,TE,CLE,14488,013477a2-0271-4441-a0af-9bc25924a2f6,18757.0,94365.0,6451.0,,3948283.0,32273.0,,3116783.0,CarlSt00,,14131.0,,,32273.0,881697.0,21278.0,881697.0,Stephen Carlson,stephen carlson,1,1,11.0,0,0.0,0.0,0.0,11.0,1.0,0.6017247,0,0.0,0.037037037,0.0,0.055555556,,,,,,,,,,,,,,,,,REG,CLE,JAX,Stephen Carlson,CarlSt00,0.0,0.0,0.0,112.5
2020,REG,12,00-0031558,M.Williams,TE,TE,ARI,12206,52f4a43a-64a9-4d69-a9e2-28bd60f68e49,13919.0,9488.0,2360.0,,2970726.0,28443.0,,1983769.0,WillMa04,maxx-williams-1,10128.0,10298.0,,28443.0,651658.0,16816.0,651658.0,Maxx Williams,maxx williams,2,2,10.0,0,0.0,0.0,4.0,6.0,0.0,-0.27565667,0,2.5,0.05882353,0.01746725,0.10046237,,,,,,,,,,,,,,,,,REG,ARI,NE,Maxx Williams,WillMa04,0.0,0.0,0.0,87.5
2020,REG,12,00-0032135,J.James,TE,TE,DET,12211,a37a5bfd-b48c-4d8b-817a-d8ce7ca3592d,13959.0,9593.0,2463.0,jessejames/2552633,2979590.0,28548.0,,1983808.0,JameJe00,jesse-james-1,10150.0,10403.0,,28548.0,652019.0,16920.0,652019.0,Jesse James,jesse james,1,1,10.0,0,0.0,0.0,3.0,7.0,0.0,0.35993448,0,3.3333333,0.023809524,0.009090909,0.04207792,,,,,,,,,,,,,,,,,REG,DET,HOU,Jesse James,JameJe00,0.0,0.0,0.0,108.3
2020,REG,12,00-0036290,C.Kmet,TE,TE,CHI,14867,036feeb6-9a22-43c5-a8e3-7ac611d8ff49,19229.0,60995.0,6826.0,,4258595.0,32713.0,,2868619.0,KmetCo00,cole-kmet-1,14436.0,,569.0,32713.0,0.0,21772.0,1066765.0,Cole Kmet,cole kmet,1,3,8.0,0,0.0,0.0,30.0,9.0,0.0,-0.43811548,0,0.26666668,0.06818182,0.078947365,0.15753588,,,,,,,,,,,,,,,,,REG,CHI,GB,Cole Kmet,KmetCo00,0.0,0.0,0.0,42.4
2020,REG,12,00-0036422,A.Trautman,TE,TE,NO,14870,4e14183b-f974-4745-9d7f-8f5eb2a92a7d,19423.0,109795.0,6869.0,,3911853.0,32775.0,,2182228.0,TrauAd00,,14541.0,,566.0,32775.0,0.0,21786.0,875444.0,Adam Trautman,adam trautman,1,1,8.0,0,0.0,0.0,-4.0,12.0,1.0,2.3164017,0,0.0,0.071428575,-0.03883495,0.079958394,,,,,,,,,,,,,,,,,REG,NO,DEN,Adam Trautman,TrauAd00,0.0,0.0,0.0,100.0
2020,REG,12,00-0033896,A.Shaheen,TE,TE,MIA,13254,87171077-4c1c-4b67-b159-2cc6242988e0,16457.0,11800.0,4085.0,,4198676.0,30158.0,,2818105.0,ShahAd00,,11898.0,12283.0,,30158.0,1049770.0,18931.0,1049770.0,Adam Shaheen,adam shaheen,1,2,7.0,1,0.0,0.0,19.0,1.0,1.0,0.8016633,0,0.36842105,0.051282052,0.06909091,0.12528671,,,,,,,,,,,,,,,,,REG,MIA,NYJ,Adam Shaheen,ShahAd00,0.0,0.0,0.0,97.9
2020,REG,12,00-0033110,T.Higbee,TE,TE,LA,12678,0df7912d-9e81-47ea-b4f7-d04986df4ee8,15623.0,10744.0,3271.0,,2573401.0,29344.0,,1853103.0,HigbTy00,tyler-higbee-1,10854.0,11430.0,159.0,29344.0,604176.0,18032.0,604176.0,Tyler Higbee,tyler higbee,1,2,6.0,0,0.0,0.0,10.0,3.0,1.0,-0.69457763,0,0.6,0.06666667,0.03984064,0.12788844,,,,,,,,,,,,,,,,,REG,LA,SF,Tyler Higbee,HigbTy00,0.0,0.0,0.0,56.2
2020,REG,12,00-0035102,B.Dillon,TE,TE,MIN,14665,c1576aca-1bd1-4b9f-ba83-10235f1e2eca,18400.0,91468.0,6279.0,,4411192.0,32142.0,,3116815.0,DillBr00,,14001.0,,,32142.0,0.0,21161.0,1165740.0,Brandon Dillon,brandon dillon,1,1,6.0,0,0.0,0.0,5.0,1.0,0.0,-0.37799627,0,1.2,0.023255814,0.014164306,0.044798736,,,,,,,,,,,,,,,,,REG,MIN,CAR,Brandon Dillon,DillBr00,0.0,0.0,0.0,91.7
2020,REG,12,00-0033338,C.Carter,TE,TE,CIN,13369,53fd9a69-1b10-4fd6-90e7-ee84cca9e041,16543.0,47149.0,4362.0,,3040470.0,30577.0,,2060620.0,CartCe00,,11889.0,12499.0,,30577.0,728274.0,19219.0,728274.0,Cethan Carter,cethan carter,1,1,5.0,0,0.0,0.0,5.0,0.0,0.0,0.41832998,0,1.0,0.037037037,0.024752475,0.07288229,,,,,,,,,,,,,,,,,REG,CIN,NYG,Cethan Carter,CartCe00,0.0,0.0,0.0,87.5
2020,REG,12,00-0034270,T.Conklin,TE,TE,MIN,13675,f0d17dfa-ebf3-416c-a8d2-c6bc30675103,17598.0,47327.0,5133.0,,3915486.0,31220.0,,2165249.0,ConkTy00,tyler-conklin-1,12809.0,13220.0,489.0,31127.0,861278.0,19988.0,861278.0,Tyler Conklin,tyler conklin,1,2,5.0,0,0.0,0.0,26.0,2.0,0.0,-0.3160772,0,0.1923077,0.046511628,0.07365439,0.121325515,,,,,,,,,,,,,,,,,REG,MIN,CAR,Tyler Conklin,ConkTy00,0.0,1.0,0.5,56.2
2020,REG,12,00-0035671,J.Sternberger,TE,TE,GB,14140,f808794b-3135-4f75-b46a-ba90bf6b8502,18614.0,47081.0,6139.0,,3917962.0,31907.0,,2179567.0,SterJa00,jace-sternberger-1,13495.0,14097.0,,31907.0,877598.0,20952.0,877598.0,Jace Sternberger,jace sternberger,1,1,5.0,0,0.0,0.0,1.0,4.0,0.0,-0.06344107,0,5.0,0.03448276,0.0040983604,0.05459299,,,,,,,,,,,,,,,,,REG,GB,CHI,Jace Sternberger,SterJa00,0.0,0.0,0.0,87.5
2020,REG,12,00-0034365,I.Thomas,TE,TE,CAR,13678,ed8a8fd2-df67-45e7-a34f-984afb82f6ea,17387.0,42130.0,4995.0,,4045305.0,31071.0,,2253359.0,ThomIa00,ian-thomas-3,12858.0,13163.0,323.0,31071.0,943093.0,19910.0,943093.0,Ian Thomas,ian thomas,1,2,4.0,0,0.0,0.0,0.0,5.0,0.0,-1.0050895,0,0.0,0.0625,0.0,0.09375,,,,,,,,,,,,,,,,,REG,CAR,MIN,Ian Thomas,ThomIa00,0.0,0.0,0.0,56.2
2020,REG,12,00-0028097,L.Smith,TE,TE,BUF,10398,cf23126f-055b-4617-819b-bb4bcb84541a,9992.0,6311.0,812.0,leesmith/2495347,14215.0,24946.0,7585.0,1276441.0,SmitLe00,lee-smith-2,7425.0,6665.0,,24946.0,334184.0,12777.0,334184.0,Lee Smith,lee smith,1,1,3.0,0,0.0,0.0,1.0,2.0,0.0,-0.27411735,0,3.0,0.041666668,0.008547009,0.068482906,,,,,,,,,,,,,,,,,REG,BUF,LAC,Lee Smith,SmitLe00,0.0,0.0,0.0,79.2
2020,REG,12,00-0034073,R.Dwelley,TE,TE,SF,13988,70473218-5ae3-47b4-86fd-151e68f1e8b9,17886.0,20994.0,5285.0,,3120303.0,31329.0,,2924888.0,DwelRo00,,13030.0,13522.0,,31329.0,752665.0,20361.0,752665.0,Ross Dwelley,ross dwelley,1,2,3.0,0,0.0,0.0,13.0,2.0,0.0,-1.3065746,0,0.23076923,0.05882353,0.075581394,0.14114226,,,,,,,,,,,,,,,,,REG,SF,LA,Ross Dwelley,DwelRo00,0.0,0.0,0.0,56.2
2020,REG,12,00-0034319,D.Yelder,TE,TE,KC,13857,cad43704-4231-4a72-b616-c66642103452,17879.0,29556.0,5277.0,,3059766.0,31519.0,,2925876.0,YeldDe00,,13022.0,13688.0,,31519.0,750702.0,20332.0,750702.0,Deon Yelder,deon yelder,1,1,2.0,0,0.0,0.0,0.0,2.0,0.0,-0.38840282,0,0.0,0.02173913,0.0,0.032608695,,,,,,,,,,,,,,,,,REG,KC,TB,Deon Yelder,YeldDe00,0.0,0.0,0.0,79.2
2020,REG,12,00-0035689,D.Knox,TE,TE,BUF,14143,5fb525c5-4e70-4ede-8c49-94ad0cf66b7d,18631.0,35883.0,5906.0,,3930086.0,31928.0,,2186345.0,KnoxDa00,dawson-knox-1,13466.0,13953.0,88.0,31928.0,884083.0,20850.0,884083.0,Dawson Knox,dawson knox,1,1,2.0,1,0.0,0.0,2.0,0.0,1.0,0.9419632,0,1.0,0.041666668,0.017094018,0.07446581,,,,,,,,,,,,,,,,,REG,BUF,LAC,Dawson Knox,KnoxDa00,0.0,0.0,0.0,118.7
2020,REG,12,00-0027061,J.Cook,TE,TE,NO,9474,3b7a1409-d154-4e5c-8c94-9d4a0e0993c7,9265.0,5012.0,367.0,jaredcook/71265,12537.0,9353.0,6126.0,584314.0,CookJa02,jared-cook-2,5981.0,5165.0,,9353.0,296480.0,8534.0,296480.0,Jared Cook,jared cook,0,2,0.0,0,0.0,0.0,41.0,0.0,0.0,-1.1772811,0,0.0,0.14285715,0.39805827,0.49292648,,,,,,,,,,,,,,,,,REG,NO,DEN,Jared Cook,CookJa02,0.0,0.0,0.0,39.6
2020,REG,12,00-0030089,L.Willson,TE,TE,BAL,11381,16c67c97-ffd9-4f92-917d-ad6124ce1f6e,11812.0,7940.0,1603.0,lukewillson/2541199,16121.0,26781.0,,2057661.0,WillLu00,luke-willson-1,8907.0,8567.0,,26781.0,466869.0,15263.0,466869.0,Luke Willson,luke willson,0,2,0.0,0,0.0,0.0,3.0,0.0,0.0,-4.803097,0,0.0,0.11111111,0.022058824,0.18210784,,,,,,,,,,,,,,,,,REG,BAL,PIT,Luke Willson,WillLu00,0.0,0.0,0.0,39.6
2020,REG,12,00-0030181,J.Doyle,TE,TE,IND,11516,bd413539-9351-454e-9d61-4e8635d7e9f5,11987.0,8520.0,1706.0,jackdoyle/2540232,16504.0,27299.0,,2041264.0,DoylJa00,,9081.0,9075.0,,27299.0,477386.0,15602.0,477386.0,Jack Doyle,jack doyle,0,1,0.0,0,0.0,0.0,4.0,0.0,0.0,-0.5197231,0,0.0,0.023809524,0.012084592,0.0441735,,,,,,,,,,,,,,,,,REG,IND,TEN,Jack Doyle,DoylJa00,0.0,0.0,0.0,39.6
2020,REG,12,00-0032394,N.Vannett,TE,TE,DEN,12680,c731aa8a-778b-4ccd-a19f-517eb66f47b7,15645.0,10728.0,3258.0,,2576399.0,29328.0,,1871322.0,VannNi00,nick-vannett-1,10949.0,11329.0,,29328.0,606488.0,18019.0,606488.0,Nick Vannett,nick vannett,0,1,0.0,0,0.0,0.0,18.0,0.0,0.0,-0.83173376,0,0.0,0.125,0.13740458,0.2836832,,,,,,,,,,,,,,,,,REG,DEN,NO,Nick Vannett,VannNi00,0.0,0.0,0.0,39.6
2020,REG,12,00-0033455,A.Firkser,TE,TE,TEN,13919,b0719e3d-199b-46e5-a2b4-1091f6fd5c0d,16787.0,51837.0,4435.0,,3049698.0,30571.0,,2818971.0,FirkAn00,,12235.0,12691.0,,30571.0,767297.0,19296.0,767297.0,Anthony Firkser,anthony firkser,0,1,0.0,0,0.0,0.0,9.0,0.0,0.0,-1.6387599,0,0.0,0.05,0.0703125,0.12421875,,,,,,,,,,,,,,,,,REG,TEN,IND,Anthony Firkser,FirkAn00,0.0,0.0,0.0,39.6
2020,REG,12,00-0034364,J.Akins,TE,TE,HOU,13753,0cb5a32a-a340-4671-ba2a-93f5fa6aee8d,17415.0,47050.0,5032.0,,3128452.0,31068.0,,2142712.0,AkinJo00,jordan-akins-1,12568.0,13238.0,,31068.0,838396.0,19903.0,838396.0,Jordan Akins,jordan akins,0,2,0.0,0,0.0,0.0,31.0,0.0,0.0,-1.7607981,0,0.0,0.08695652,0.10992908,0.20738514,,,,,,,,,,,,,,,,,REG,HOU,DET,Jordan Akins,AkinJo00,0.0,0.0,0.0,39.6
2020,REG,12,00-0034393,T.Fumagalli,TE,TE,DEN,13673,579d92e6-ab4f-43e0-803f-b2d5a54d106a,17273.0,47333.0,5092.0,,3045264.0,31126.0,,2071777.0,FumaTr00,troy-fumagalli-2,12808.0,13270.0,,31126.0,742474.0,19973.0,742474.0,Troy Fumagalli,troy fumagalli,0,1,0.0,0,0.0,0.0,9.0,0.0,0.0,-4.6986923,0,0.0,0.125,0.06870229,0.2355916,,,,,,,,,,,,,,,,,REG,DEN,NO,Troy Fumagalli,FumaTr00,0.0,0.0,0.0,0.0
2020,REG,12,00-0035329,D.Parham,TE,TE,LAC,14341,4f246e92-3d21-450f-977a-dc16892c7238,18835.0,91014.0,6074.0,,3912092.0,32456.0,,2183713.0,ParhDo00,,13602.0,14320.0,,32456.0,875649.0,20905.0,875649.0,Donald Parham,donald parham,0,1,0.0,0,0.0,0.0,0.0,0.0,0.0,-0.7173318,0,,0.019607844,0.0,0.029411765,,,,,,,,,,,,,,,,,REG,LAC,BUF,Donald Parham,ParhDo00,0.0,0.0,0.0,39.6
2020,REG,12,00-0035660,K.Warring,TE,TE,HOU,14195,a96e777e-120a-4843-8bfb-59069bd1bd52,18680.0,37213.0,6164.0,,3933327.0,31918.0,,2190068.0,WarrKa00,kahale-warring-1,13478.0,14053.0,,31918.0,887526.0,20974.0,887526.0,Kahale Warring,kahale warring,0,1,0.0,0,0.0,0.0,6.0,0.0,0.0,-0.5699646,0,0.0,0.04347826,0.021276595,0.08011101,,,,,,,,,,,,,,,,,REG,HOU,DET,Kahale Warring,WarrKa00,0.0,1.0,1.0,39.6
2020,REG,12,00-0035823,B.Ellefson,TE,TE,JAX,15088,ca393469-d587-4bf7-905d-838e960de851,19698.0,27766.0,7288.0,,3930900.0,33124.0,,2190748.0,ElleBe00,,14864.0,,,33124.0,0.0,22284.0,888731.0,Ben Ellefson,ben ellefson,0,1,0.0,0,0.0,0.0,12.0,0.0,0.0,-0.86085826,0,0.0,0.030303031,0.033707865,0.06905005,,,,,,,,,,,,,,,,,REG,JAX,CLE,Ben Ellefson,ElleBe00,0.0,1.0,1.0,39.6
2020,REG,13,00-0031610,D.Waller,TE,TE,LV,12263,14c97c9f-26e8-4944-9299-f90de6aeada3,14104.0,9637.0,2505.0,,2576925.0,28592.0,,1850793.0,WallDa01,darren-waller-1,10215.0,10433.0,,28592.0,600191.0,16964.0,600191.0,Darren Waller,darren waller,13,17,200.0,2,0.0,0.0,134.0,108.0,9.0,16.420834,0,1.4925373,0.36956522,0.26853707,0.74232376,Darren Waller,LV,4.69375,2.408355423382714,8.66764705882353,29.20076891064387,76.47058823529412,200.0,2.0,8.074615384615386,5.1660269016929,2.908588482922486,00-0031610,Darren,Waller,D.Waller,REG,LV,NYJ,Darren Waller,WallDa01,2.0,0.0,0.0,154.0
2020,REG,13,00-0030506,T.Kelce,TE,TE,KC,11244,c3859e06-5f23-4302-a71b-04820a899d5f,11594.0,7844.0,1466.0,traviskelce/2540258,15847.0,26686.0,,1725130.0,KelcTr00,travis-kelce-1,8783.0,8411.0,264.0,26686.0,448240.0,15048.0,448240.0,Travis Kelce,travis kelce,8,12,136.0,1,0.0,0.0,159.0,55.0,7.0,8.069352,0,0.8553459,0.3,0.42063493,0.74444443,Travis Kelce,KC,5.544545454545454,2.432353917791375,13.053333333333336,37.88058329907379,66.66666666666666,136.0,1.0,6.882499999999999,4.140262735772836,2.742237264227163,00-0030506,Travis,Kelce,T.Kelce,REG,KC,DEN,Travis Kelce,KelcTr00,2.0,0.0,0.0,132.6
2020,REG,13,00-0031260,L.Thomas,TE,TE,WAS,11647,b24625a0-d402-4d59-a778-aa4b073bfe5e,12095.0,8755.0,2251.0,loganthomas/2543767,16813.0,27648.0,,1691193.0,ThomLo00,logan-thomas-1,9323.0,9354.0,,27648.0,507528.0,16656.0,507528.0,Logan Thomas,logan thomas,9,9,98.0,1,0.0,0.0,70.0,28.0,3.0,4.630535,0,1.4,0.20454545,0.2651515,0.49242425,Logan Thomas,WAS,5.328,3.664903258473144,7.435555555555556,25.021499345672083,100.0,98.0,1.0,3.4533333333333336,2.616813586807066,0.8365197465262675,00-0031260,Logan,Thomas,L.Thomas,REG,WAS,PIT,Logan Thomas,ThomLo00,0.0,0.0,0.0,149.1
2020,REG,13,00-0034829,M.Gesicki,TE,TE,MIA,13672,1012cbe0-7eba-4169-bfca-183a0204e1a7,17272.0,47153.0,4993.0,,3116164.0,31012.0,,2139298.0,GesiMi00,mike-gesicki-1,12764.0,13104.0,330.0,31012.0,836152.0,19853.0,836152.0,Mike Gesicki,mike gesicki,9,11,88.0,1,0.0,0.0,86.0,25.0,6.0,3.4848595,0,1.0232558,0.28947368,0.2885906,0.636224,Mike Gesicki,MIA,6.147499999999999,2.9696589226627648,8.616363636363634,31.901716593739476,81.81818181818183,88.0,1.0,3.410000000000003,2.919599508549974,0.49040049145002884,00-0034829,Michael,Gesicki,M.Gesicki,REG,MIA,CIN,Mike Gesicki,GesiMi00,0.0,0.0,0.0,130.3
2020,REG,13,00-0035229,T.Hockenson,TE,TE,DET,14138,bd1120b6-38b3-4225-a4b0-20660a149d0d,18290.0,40912.0,5844.0,,4036133.0,31840.0,,2251097.0,HockTJ00,tj-hockenson-1,13610.0,14051.0,247.0,31840.0,923915.0,20805.0,923915.0,T.J. Hockenson,tj hockenson,7,9,84.0,0,0.0,0.0,87.0,9.0,4.0,4.5750136,0,0.9655172,0.2195122,0.16603054,0.44548967,T.J. Hockenson,DET,7.2825,2.742211901350764,9.262222222222224,14.445638235192181,77.77777777777779,84.0,0.0,1.8442857142857143,3.5980149675272703,-1.753729253241556,00-0035229,Thomas,Hockenson,T.Hockenson,REG,DET,CHI,T.J. Hockenson,HockTJ00,1.0,0.0,0.0,105.6
2020,REG,13,00-0031387,E.Ebron,TE,TE,PIT,11695,9fbcfae9-dd14-415c-8952-9b1b5dff0dfc,12143.0,8645.0,2118.0,ericebron/2543466,16732.0,27538.0,,1865396.0,EbroEr00,eric-ebron-1,9210.0,9390.0,,27538.0,605752.0,16451.0,605752.0,Eric Ebron,eric ebron,7,11,68.0,0,0.0,0.0,61.0,28.0,3.0,-6.357513,0,1.1147541,0.20754717,0.18769231,0.44270536,Eric Ebron,PIT,7.2457142857142856,3.4157957500754836,5.790000000000001,19.30409480798958,63.63636363636363,68.0,0.0,4.40142857142857,3.624290572769342,0.7771379986592284,00-0031387,Eric,Ebron,E.Ebron,REG,PIT,WAS,Eric Ebron,EbroEr00,0.0,2.0,0.182,43.0
2020,REG,13,00-0034351,D.Goedert,TE,TE,PHI,13674,e8029983-87cf-49a2-bc04-04c8233a0630,17270.0,47272.0,5022.0,,3121023.0,31019.0,,2132551.0,GoedDa00,,12860.0,13151.0,382.0,31019.0,791365.0,19863.0,791365.0,Dallas Goedert,dallas goedert,5,7,66.0,0,0.0,0.0,64.0,14.0,3.0,3.3299525,0,1.03125,0.28,0.23791821,0.5865427,Dallas Goedert,PHI,4.47,2.510124487579396,9.258571428571429,23.117531656857494,71.42857142857143,66.0,0.0,2.947999999999999,7.1140895439884035,-4.166089543988404,00-0034351,Dallas,Goedert,D.Goedert,REG,PHI,GB,Dallas Goedert,GoedDa00,0.0,0.0,0.0,100.9
2020,REG,13,00-0034011,D.Arnold,TE,TE,ARI,13880,d479a777-b53b-4bbf-a8e4-0c1675ac48df,17143.0,51842.0,4741.0,,4212989.0,30891.0,,2835170.0,ArnoDa00,,12276.0,12972.0,,30891.0,1053627.0,19659.0,1053627.0,Dan Arnold,dan arnold,2,3,61.0,2,0.0,0.0,31.0,29.0,2.0,8.445881,0,1.967742,0.083333336,0.13963965,0.22274774,,,,,,,,,,,,,,,,,REG,ARI,LA,Dan Arnold,ArnoDa00,0.0,0.0,0.0,149.3
2020,REG,13,00-0035644,N.Fant,TE,TE,DEN,14137,cdc98acc-9eb6-4b44-81bb-61d7b8a3b55f,17527.0,42388.0,5857.0,,4036131.0,31852.0,,2251095.0,FantNo00,noah-fant-1,13426.0,14050.0,243.0,31852.0,923911.0,20753.0,923911.0,Noah Fant,noah fant,4,7,57.0,0,0.0,0.0,47.0,29.0,3.0,3.8338273,0,1.2127659,0.25925925,0.20888889,0.5351111,Noah Fant,DEN,5.926666666666667,3.415163388189981,6.727142857142858,19.761634982584248,57.14285714285714,57.0,0.0,8.084999999999999,9.786028254208397,-1.7010282542083974,00-0035644,Noah,Fant,N.Fant,REG,DEN,KC,Noah Fant,FantNo00,0.0,0.0,0.0,83.6
2020,REG,13,00-0033455,A.Firkser,TE,TE,TEN,13919,b0719e3d-199b-46e5-a2b4-1091f6fd5c0d,16787.0,51837.0,4435.0,,3049698.0,30571.0,,2818971.0,FirkAn00,,12235.0,12691.0,,30571.0,767297.0,19296.0,767297.0,Anthony Firkser,anthony firkser,5,7,51.0,0,0.0,0.0,47.0,30.0,4.0,2.1858783,0,1.0851064,0.16666667,0.107551485,0.32528603,Anthony Firkser,TEN,8.620000000000001,4.494365503594258,7.902857142857144,12.47716354286488,71.42857142857143,51.0,0.0,6.34,6.631766066281853,-0.29176606628185286,00-0033455,Anthony,Firkser,A.Firkser,REG,TEN,CLE,Anthony Firkser,FirkAn00,0.0,0.0,0.0,92.0
2020,REG,13,00-0035631,D.Sample,TE,TE,CIN,14146,15a4f552-ecaf-45bd-9006-aa5dda93bee6,18561.0,47259.0,6001.0,,3127310.0,31884.0,,2139646.0,SampDr00,drew-sample-1,13809.0,14111.0,435.0,31884.0,837824.0,20931.0,837824.0,Drew Sample,drew sample,7,7,49.0,0,0.0,0.0,13.0,36.0,1.0,0.5407484,0,3.7692308,0.25925925,0.08024691,0.44506174,Drew Sample,CIN,4.508000000000001,5.083435634850612,1.8314285714285714,8.048213949400465,100.0,49.0,0.0,5.168571428571428,3.951484239696652,1.217087188874776,00-0035631,Drew,Sample,D.Sample,REG,CIN,MIA,Drew Sample,SampDr00,1.0,0.0,0.0,95.8
2020,REG,13,00-0030549,T.Eifert,TE,TE,JAX,11250,14ecf9dd-3a77-4847-8e62-407cd1182f1c,11692.0,7802.0,1388.0,tylereifert/2540148,15788.0,26644.0,,1691608.0,EifeTy00,tyler-eifert-1,8782.0,8408.0,,26644.0,508968.0,14918.0,,Tyler Eifert,tyler eifert,6,6,45.0,0,0.0,0.0,30.0,15.0,4.0,5.1677465,0,1.5,0.14634146,0.08547009,0.27934125,Tyler Eifert,JAX,6.640000000000001,3.597427211093556,4.934999999999998,8.222259246917691,100.0,45.0,0.0,2.5650000000000017,2.5324460964548052,0.032553903545196494,00-0030549,Tyler,Eifert,T.Eifert,REG,JAX,MIN,Tyler Eifert,EifeTy00,0.0,0.0,0.0,97.9
2020,REG,13,00-0033895,G.Everett,TE,TE,LA,13236,ebeceb00-57e0-4b74-9cf7-853da2afed18,16459.0,11799.0,4089.0,,3918639.0,30157.0,,2142692.0,EverGe00,gerald-everett-1,11737.0,12284.0,55.0,30157.0,838487.0,18935.0,838487.0,Gerald Everett,gerald everett,6,7,44.0,0,0.0,0.0,9.0,40.0,2.0,0.288311,0,4.888889,0.1590909,0.059210528,0.28008375,Gerald Everett,LAR,4.827500000000001,5.249396960172334,1.0599999999999998,4.83198749674394,85.71428571428571,44.0,0.0,6.938333333333333,6.013455550697226,0.9248777826361065,00-0033895,Gerald,Everett,G.Everett,REG,LA,ARI,Gerald Everett,EverGe00,0.0,1.0,0.143,92.9
2020,REG,13,00-0034383,D.Schultz,TE,TE,DAL,13772,8caec1b4-e0b6-4a84-b8c8-617d6e91ef6a,17349.0,47304.0,5001.0,,3117256.0,31107.0,,2136748.0,SchuDa00,dalton-schultz-1,12514.0,13198.0,487.0,31107.0,830523.0,19920.0,830523.0,Dalton Schultz,dalton schultz,4,4,44.0,0,0.0,0.0,28.0,16.0,2.0,1.476311,0,1.5714285,0.08888889,0.07235142,0.18397933,,,,,,,,,,,,,,,,,REG,DAL,BAL,Dalton Schultz,SchuDa00,2.0,0.0,0.0,112.5
2020,REG,13,00-0031951,J.O'Shaughnessy,TE,TE,JAX,12330,e5c6b0d4-3e77-422b-a6d8-574a10ed385e,14146.0,9606.0,2476.0,,2508079.0,28561.0,,2174148.0,O'ShJa00,,10249.0,10549.0,,28561.0,552352.0,16933.0,552352.0,James O'Shaughnessy,james oshaughnessy,4,6,41.0,0,0.0,0.0,43.0,15.0,3.0,1.2409505,0,0.95348835,0.14634146,0.122507125,0.30526718,James O'Shaughnessy,JAX,6.635,2.2277145714997695,7.1433333333333335,11.901588359435742,66.66666666666666,41.0,0.0,4.004999999999999,2.804520378297127,1.200479621702872,00-0031951,James,O'Shaughnessy,J.O'Shaughnessy,REG,JAX,MIN,James O'Shaughnessy,O'ShJa00,1.0,0.0,0.0,86.1
2020,REG,13,00-0033757,R.Tonyan,TE,TE,GB,13427,7c9c7800-69d0-459b-812b-a07ac48e9f2a,16502.0,12193.0,4602.0,,2975674.0,30777.0,,2820026.0,TonyRo00,,12389.0,12868.0,,30777.0,660151.0,19491.0,660151.0,Robert Tonyan,robert tonyan,4,5,39.0,1,0.0,0.0,26.0,14.0,2.0,2.0805469,0,1.5,0.15625,0.08176101,0.2916077,Robert Tonyan,GB,6.558,3.7191220039675157,4.912000000000001,7.777566660333142,80.0,39.0,1.0,3.4375,5.234432260771326,-1.7969322607713263,00-0033757,Robert,Tonyan,R.Tonyan,REG,GB,PHI,Robert Tonyan,TonyRo00,0.0,0.0,0.0,138.7
2020,REG,13,00-0036290,C.Kmet,TE,TE,CHI,14867,036feeb6-9a22-43c5-a8e3-7ac611d8ff49,19229.0,60995.0,6826.0,,4258595.0,32713.0,,2868619.0,KmetCo00,cole-kmet-1,14436.0,,569.0,32713.0,0.0,21772.0,1066765.0,Cole Kmet,cole kmet,5,7,37.0,1,0.0,0.0,13.0,33.0,2.0,1.8213224,0,2.8461537,0.21212122,0.061320756,0.36110634,Cole Kmet,CHI,7.276666666666666,4.202500738288929,1.7585714285714278,5.801951265494648,71.42857142857143,37.0,1.0,6.786000000000003,5.914305235366828,0.8716947646331752,00-0036290,Cole,Kmet,C.Kmet,REG,CHI,DET,Cole Kmet,KmetCo00,1.0,1.0,0.143,123.2
2020,REG,13,00-0024243,M.Lewis,TE,TE,GB,8269,9c21e9af-681c-41ef-9b00-fbc9e1668ed1,9413.0,2973.0,111.0,marcedeslewis/2495888,9614.0,7777.0,4007.0,415313.0,LewiMa00,marcedes-lewis-1,4891.0,3615.0,,7777.0,214197.0,3061.0,214197.0,Marcedes Lewis,marcedes lewis,1,1,36.0,0,0.0,0.0,14.0,22.0,1.0,2.7143443,0,2.5714285,0.03125,0.044025157,0.07769261,,,,,,,,,,,,,,,,,REG,GB,PHI,Marcedes Lewis,LewiMa00,0.0,0.0,0.0,118.7
2020,REG,13,00-0036429,C.Woerner,TE,TE,SF,14984,527dfee0-a242-4dc7-830a-ab7028308259,19665.0,42257.0,7075.0,,4035020.0,32860.0,,2248629.0,WoerCh00,charlie-woerner-1,14608.0,,,32860.0,0.0,22119.0,922040.0,Charlie Woerner,charlie woerner,2,2,33.0,0,0.0,0.0,8.0,25.0,2.0,2.7427883,0,4.125,0.051282052,0.030075189,0.09797571,,,,,,,,,,,,,,,,,REG,SF,BUF,Charlie Woerner,WoerCh00,1.0,0.0,0.0,118.7
2020,REG,13,00-0030472,J.Reed,TE,TE,SF,11248,c3bf8d3e-3b2e-4f9e-ad74-c0a684035f17,11690.0,7866.0,1500.0,jordanreed/2540160,15860.0,26708.0,,1691412.0,ReedJo02,jordan-reed-1,8615.0,8412.0,,26708.0,508876.0,15100.0,,Jordan Reed,jordan reed,3,4,32.0,1,0.0,0.0,31.0,10.0,3.0,3.2544038,0,1.032258,0.102564104,0.116541356,0.2354251,,,,,,,,,,,,,,,,,REG,SF,BUF,Jordan Reed,ReedJo02,0.0,0.0,0.0,137.5
2020,REG,13,00-0033881,E.Engram,TE,TE,NYG,13189,e21365af-8d66-416e-b0a5-8816d18fcfd9,16411.0,11778.0,4066.0,,3051876.0,30136.0,,2079887.0,EngrEv00,evan-engram-1,11805.0,12205.0,229.0,30136.0,749185.0,18912.0,749185.0,Evan Engram,evan engram,4,8,32.0,0,0.0,0.0,85.0,7.0,2.0,-4.2263174,0,0.3764706,0.36363637,0.46195653,0.8688241,Evan Engram,NYG,5.727142857142858,1.5087237180904933,9.143749999999999,42.27101993643455,50.0,32.0,0.0,2.302500000000002,1.7964251335354788,0.5060748664645232,00-0033881,Evan,Engram,E.Engram,REG,NYG,SEA,Evan Engram,EngrEv00,0.0,1.0,0.125,20.8
2020,REG,13,00-0030061,Z.Ertz,TE,TE,PHI,11247,de3421f7-2147-4835-89a5-724e87bad463,11689.0,7816.0,1339.0,zachertz/2540158,15835.0,26658.0,,1685963.0,ErtzZa00,zach-ertz-1,8781.0,8409.0,305.0,26658.0,503177.0,14856.0,503177.0,Zach Ertz,zach ertz,2,4,31.0,0,0.0,0.0,36.0,8.0,2.0,1.5249377,0,0.8611111,0.16,0.133829,0.3336803,,,,,,,,,,,,,,,,,REG,PHI,GB,Zach Ertz,ErtzZa00,0.0,0.0,0.0,76.0
2020,REG,13,00-0030108,R.Griffin,TE,TE,NYJ,11399,cb1df42c-b59c-4e23-a9a2-fbfc2b39ef71,11830.0,7982.0,1425.0,ryangriffin/2541316,15887.0,26824.0,,2057695.0,GrifRy00,ryan-griffin-1,8911.0,8600.0,,26824.0,465129.0,14985.0,465129.0,Ryan Griffin,ryan griffin,2,2,31.0,0,0.0,0.0,6.0,25.0,2.0,2.6970742,0,5.1666665,0.1,0.043165468,0.18021582,,,,,,,,,,,,,,,,,REG,NYJ,LV,Ryan Griffin,GrifRy00,0.0,0.0,0.0,118.7
2020,REG,13,00-0034073,R.Dwelley,TE,TE,SF,13988,70473218-5ae3-47b4-86fd-151e68f1e8b9,17886.0,20994.0,5285.0,,3120303.0,31329.0,,2924888.0,DwelRo00,,13030.0,13522.0,,31329.0,752665.0,20361.0,752665.0,Ross Dwelley,ross dwelley,2,2,29.0,0,0.0,0.0,25.0,4.0,2.0,2.9449708,0,1.16,0.051282052,0.09398496,0.14271255,,,,,,,,,,,,,,,,,REG,SF,BUF,Ross Dwelley,DwelRo00,0.0,0.0,0.0,118.7
2020,REG,13,00-0027061,J.Cook,TE,TE,NO,9474,3b7a1409-d154-4e5c-8c94-9d4a0e0993c7,9265.0,5012.0,367.0,jaredcook/71265,12537.0,9353.0,6126.0,584314.0,CookJa02,jared-cook-2,5981.0,5165.0,,9353.0,296480.0,8534.0,296480.0,Jared Cook,jared cook,3,5,28.0,1,0.0,0.0,47.0,1.0,3.0,1.9084756,0,0.59574467,0.13513513,0.15666667,0.31236938,Jared Cook,NO,7.1899999999999995,2.746170822881514,10.336000000000002,17.203155687227458,60.0,28.0,1.0,-0.2766666666666661,0.2631991791173884,-0.5398658457840545,00-0027061,Jared,Cook,J.Cook,REG,NO,ATL,Jared Cook,CookJa02,0.0,0.0,0.0,115.0
2020,REG,13,00-0034159,W.Dissly,TE,TE,SEA,13763,383f4814-6836-4766-a297-fc063e8509cc,18049.0,30762.0,5010.0,,3127292.0,31090.0,,2139628.0,DissWi00,will-dissly-1,12986.0,13246.0,86.0,31090.0,837806.0,19950.0,837806.0,Will Dissly,will dissly,4,5,28.0,0,0.0,0.0,21.0,18.0,1.0,0.6739851,0,1.3333334,0.12195122,0.068627454,0.23096605,Will Dissly,SEA,7.285,4.992725777280122,4.380000000000001,6.532828207499332,80.0,28.0,0.0,4.307499999999999,4.1940371355108255,0.11346286448917375,00-0034159,Will,Dissly,W.Dissly,REG,SEA,NYG,Will Dissly,DissWi00,0.0,0.0,0.0,90.0
2020,REG,13,00-0035689,D.Knox,TE,TE,BUF,14143,5fb525c5-4e70-4ede-8c49-94ad0cf66b7d,18631.0,35883.0,5906.0,,3930086.0,31928.0,,2186345.0,KnoxDa00,dawson-knox-1,13466.0,13953.0,88.0,31928.0,884083.0,20850.0,884083.0,Dawson Knox,dawson knox,4,4,27.0,1,0.0,0.0,8.0,19.0,2.0,2.1006143,0,3.375,0.10810811,0.029411765,0.1827504,,,,,,,,,,,,,,,,,REG,BUF,SF,Dawson Knox,KnoxDa00,0.0,0.0,0.0,134.4
2020,REG,13,00-0032392,A.Hooper,TE,TE,CLE,12677,90c2a93f-d837-4e1b-b57c-56648903a8db,15581.0,10715.0,3202.0,,3043275.0,29315.0,,2067004.0,HoopAu00,austin-hooper-1,10748.0,11301.0,384.0,29315.0,739424.0,17963.0,739424.0,Austin Hooper,austin hooper,2,2,24.0,0,0.0,0.0,15.0,9.0,1.0,3.4234805,0,1.6,0.0625,0.072115384,0.14423077,,,,,,,,,,,,,,,,,REG,CLE,TEN,Austin Hooper,HoopAu00,0.0,0.0,0.0,116.7
2020,REG,13,00-0033110,T.Higbee,TE,TE,LA,12678,0df7912d-9e81-47ea-b4f7-d04986df4ee8,15623.0,10744.0,3271.0,,2573401.0,29344.0,,1853103.0,HigbTy00,tyler-higbee-1,10854.0,11430.0,159.0,29344.0,604176.0,18032.0,604176.0,Tyler Higbee,tyler higbee,4,6,24.0,1,0.0,0.0,51.0,9.0,4.0,4.2611055,0,0.47058824,0.13636364,0.33552632,0.43941388,Tyler Higbee,LAR,5.788333333333333,1.7167785393271353,9.395000000000001,36.70877832768949,66.66666666666666,24.0,1.0,2.919999999999998,2.18877916784146,0.7312208321585381,00-0033110,Tyler,Higbee,T.Higbee,REG,LA,ARI,Tyler Higbee,HigbTy00,0.0,0.0,0.0,113.9
2020,REG,13,00-0033217,M.Alie-Cox,TE,TE,IND,13246,8809c0dd-786b-4255-a7d0-333c9498c19a,16579.0,12078.0,4054.0,moalie-cox/2558832,2998565.0,30112.0,,2815925.0,AlieMo00,,12196.0,12221.0,195.0,30112.0,712506.0,18900.0,712506.0,Mo Alie-Cox,mo alie-cox,3,5,23.0,0,0.0,0.0,30.0,17.0,2.0,0.118470944,0,0.76666665,0.14285715,0.15873016,0.32539684,Mo Alie-Cox,IND,5.395,1.8012642431450594,5.388,14.748713456695498,60.0,23.0,0.0,6.580000000000001,6.644372553360881,-0.06437255336088032,00-0033217,Mo,Alie-Cox,M.Alie-Cox,REG,IND,HOU,Mo Alie-Cox,AlieMo00,0.0,0.0,0.0,71.2
2020,REG,13,00-0031585,M.Pruitt,TE,TE,TEN,12309,f22b34cf-6ecf-4522-9c77-1da275dfda7d,13964.0,9576.0,2446.0,,2508256.0,28531.0,,1760327.0,PruiMy00,,10251.0,10522.0,,28531.0,552586.0,16903.0,552586.0,MyCole Pruitt,mycole pruitt,1,2,22.0,1,0.0,0.0,16.0,6.0,1.0,1.4961462,0,1.375,0.04761905,0.03661327,0.097057864,,,,,,,,,,,,,,,,,REG,TEN,CLE,MyCole Pruitt,PruiMy00,0.0,1.0,0.5,129.2
2020,REG,13,00-0035329,D.Parham,TE,TE,LAC,14341,4f246e92-3d21-450f-977a-dc16892c7238,18835.0,91014.0,6074.0,,3912092.0,32456.0,,2183713.0,ParhDo00,,13602.0,14320.0,,32456.0,875649.0,20905.0,875649.0,Donald Parham,donald parham,2,4,21.0,0,0.0,0.0,23.0,10.0,1.0,-3.3295138,0,0.9130435,0.07692308,0.07098766,0.16507597,,,,,,,,,,,,,,,,,REG,LAC,NE,Donald Parham,ParhDo00,0.0,0.0,0.0,65.6
2020,REG,13,00-0033387,J.Hollister,TE,TE,SEA,13391,ad2a1d03-020b-487a-bd5f-7ca9fbc250fe,16527.0,12051.0,4421.0,,3125404.0,30661.0,,2818962.0,HollJa03,,12271.0,12491.0,,30661.0,696882.0,19281.0,696882.0,Jacob Hollister,jacob hollister,3,4,20.0,0,0.0,0.0,30.0,3.0,2.0,0.26910132,0,0.6666667,0.09756097,0.09803922,0.21496892,,,,,,,,,,,,,,,,,REG,SEA,NYG,Jacob Hollister,HollJa03,0.0,0.0,0.0,85.4
2020,REG,13,00-0034798,D.Smythe,TE,TE,MIA,13676,7e42a22a-c47b-4387-aeeb-2cc2e76dc1d8,17508.0,47257.0,5008.0,,3052897.0,31093.0,,2082845.0,SmytDu00,durham-smythe-1,12807.0,13249.0,,31093.0,749968.0,19943.0,749968.0,Durham Smythe,durham smythe,2,2,16.0,0,0.0,0.0,5.0,11.0,1.0,1.1430634,0,3.2,0.05263158,0.016778523,0.090692334,,,,,,,,,,,,,,,,,REG,MIA,CIN,Durham Smythe,SmytDu00,0.0,0.0,0.0,100.0
2020,REG,13,00-0034192,N.Keizer,TE,TE,KC,14356,cafbcd5f-8b40-444e-baec-a48f49d8c5f0,18054.0,66940.0,5465.0,,4329472.0,31427.0,,2925517.0,KeizNi00,,13126.0,13609.0,,31427.0,1115710.0,20563.0,,Nick Keizer,nick keizer,1,1,15.0,0,0.0,0.0,10.0,5.0,1.0,1.0455117,0,1.5,0.025,0.026455026,0.05601852,,,,,,,,,,,,,,,,,REG,KC,DEN,Nick Keizer,KeizNi00,0.0,0.0,0.0,118.7
2020,REG,13,00-0030089,L.Willson,TE,TE,BAL,11381,16c67c97-ffd9-4f92-917d-ad6124ce1f6e,11812.0,7940.0,1603.0,lukewillson/2541199,16121.0,26781.0,,2057661.0,WillLu00,luke-willson-1,8907.0,8567.0,,26781.0,466869.0,15263.0,466869.0,Luke Willson,luke willson,1,1,12.0,0,0.0,0.0,10.0,2.0,0.0,0.110882886,0,1.2,0.05882353,0.10638298,0.16270338,,,,,,,,,,,,,,,,,REG,BAL,DAL,Luke Willson,WillLu00,0.0,0.0,0.0,116.7
2020,REG,13,00-0030181,J.Doyle,TE,TE,IND,11516,bd413539-9351-454e-9d61-4e8635d7e9f5,11987.0,8520.0,1706.0,jackdoyle/2540232,16504.0,27299.0,,2041264.0,DoylJa00,,9081.0,9075.0,,27299.0,477386.0,15602.0,477386.0,Jack Doyle,jack doyle,1,1,12.0,0,0.0,0.0,4.0,8.0,1.0,0.88204557,0,3.0,0.028571429,0.02116402,0.057671957,,,,,,,,,,,,,,,,,REG,IND,HOU,Jack Doyle,DoylJa00,0.0,0.0,0.0,116.7
2020,REG,13,00-0030710,T.Burton,TE,TE,IND,11705,bc0f07a4-3e7b-4e61-987a-05533dc225be,12153.0,9185.0,1793.0,treyburton/2550284,16974.0,27789.0,,2130223.0,BurtTr01,,9490.0,9737.0,,27789.0,542788.0,15965.0,,Trey Burton,trey burton,1,3,11.0,0,0.0,0.0,26.0,7.0,1.0,-1.0191073,0,0.42307693,0.08571429,0.13756613,0.22486773,,,,,,,,,,,,,,,,,REG,IND,HOU,Trey Burton,BurtTr01,0.0,1.0,0.333,45.1
2020,REG,13,00-0034270,T.Conklin,TE,TE,MIN,13675,f0d17dfa-ebf3-416c-a8d2-c6bc30675103,17598.0,47327.0,5133.0,,3915486.0,31220.0,,2165249.0,ConkTy00,tyler-conklin-1,12809.0,13220.0,489.0,31127.0,861278.0,19988.0,861278.0,Tyler Conklin,tyler conklin,1,1,10.0,0,0.0,0.0,7.0,3.0,1.0,0.89259654,0,1.4285715,0.025,0.023026315,0.05361842,,,,,,,,,,,,,,,,,REG,MIN,JAX,Tyler Conklin,ConkTy00,0.0,0.0,0.0,108.3
2020,REG,13,00-0034364,J.Akins,TE,TE,HOU,13753,0cb5a32a-a340-4671-ba2a-93f5fa6aee8d,17415.0,47050.0,5032.0,,3128452.0,31068.0,,2142712.0,AkinJo00,jordan-akins-1,12568.0,13238.0,,31068.0,838396.0,19903.0,838396.0,Jordan Akins,jordan akins,2,3,10.0,0,0.0,0.0,22.0,6.0,0.0,-1.6141955,0,0.45454547,0.08108108,0.056265984,0.1610078,,,,,,,,,,,,,,,,,REG,HOU,IND,Jordan Akins,AkinJo00,0.0,0.0,0.0,71.5
2020,REG,13,00-0032135,J.James,TE,TE,DET,12211,a37a5bfd-b48c-4d8b-817a-d8ce7ca3592d,13959.0,9593.0,2463.0,jessejames/2552633,2979590.0,28548.0,,1983808.0,JameJe00,jesse-james-1,10150.0,10403.0,,28548.0,652019.0,16920.0,652019.0,Jesse James,jesse james,1,3,9.0,1,0.0,0.0,9.0,0.0,1.0,-3.7738037,0,1.0,0.07317073,0.017175572,0.121778995,,,,,,,,,,,,,,,,,REG,DET,CHI,Jesse James,JameJe00,0.0,0.0,0.0,42.4
2020,REG,13,00-0034830,H.Hurst,TE,TE,ATL,13680,1b125fc4-5dd9-4eb9-a42f-048e61ca42b7,17283.0,47294.0,4973.0,,3924365.0,30995.0,,2185053.0,HursHa00,hayden-hurst-1,12467.0,13098.0,8.0,30995.0,881956.0,19843.0,881956.0,Hayden Hurst,hayden hurst,1,4,9.0,0,0.0,0.0,22.0,0.0,0.0,-0.92688394,0,0.4090909,0.10810811,0.055696204,0.20114951,,,,,,,,,,,,,,,,,REG,ATL,NO,Hayden Hurst,HursHa00,0.0,0.0,0.0,39.6
2020,REG,13,00-0036422,A.Trautman,TE,TE,NO,14870,4e14183b-f974-4745-9d7f-8f5eb2a92a7d,19423.0,109795.0,6869.0,,3911853.0,32775.0,,2182228.0,TrauAd00,,14541.0,,566.0,32775.0,0.0,21786.0,875444.0,Adam Trautman,adam trautman,3,3,9.0,0,0.0,0.0,3.0,6.0,0.0,-0.95633936,0,3.0,0.08108108,0.01,0.12862162,,,,,,,,,,,,,,,,,REG,NO,ATL,Adam Trautman,TrauAd00,0.0,0.0,0.0,79.2
2020,REG,13,00-0032394,N.Vannett,TE,TE,DEN,12680,c731aa8a-778b-4ccd-a19f-517eb66f47b7,15645.0,10728.0,3258.0,,2576399.0,29328.0,,1871322.0,VannNi00,nick-vannett-1,10949.0,11329.0,,29328.0,606488.0,18019.0,606488.0,Nick Vannett,nick vannett,2,2,7.0,0,0.0,0.0,6.0,1.0,0.0,-1.1044401,0,1.1666666,0.074074075,0.026666667,0.12977777,,,,,,,,,,,,,,,,,REG,DEN,KC,Nick Vannett,VannNi00,0.0,0.0,0.0,81.2
2020,REG,13,00-0032725,S.Anderson,TE,TE,LAC,12859,5cb0bf9c-03b4-4201-97c5-a59c6db50841,15760.0,11160.0,3496.0,,2576854.0,29789.0,,1880821.0,AndeSt01,,10885.0,11556.0,,29789.0,607660.0,18262.0,607660.0,Stephen Anderson,stephen anderson,1,2,6.0,0,0.0,0.0,11.0,0.0,1.0,-0.29980525,0,0.54545456,0.03846154,0.033950616,0.08145774,,,,,,,,,,,,,,,,,REG,LAC,NE,Stephen Anderson,AndeSt01,0.0,0.0,0.0,56.2
2020,REG,13,00-0034439,R.Izzo,TE,TE,NE,13847,40b8fa44-b289-42dd-9606-a1ae30adc7bc,17541.0,47327.0,5094.0,,3122920.0,31127.0,,2138988.0,IzzoRy00,ryan-izzo-1,12529.0,13349.0,,31220.0,834990.0,20069.0,834990.0,Ryan Izzo,ryan izzo,1,1,6.0,0,0.0,0.0,6.0,0.0,0.0,0.43884867,0,1.0,0.04761905,0.036809817,0.09719544,,,,,,,,,,,,,,,,,REG,NE,LAC,Ryan Izzo,IzzoRy00,0.0,0.0,0.0,91.7
2020,REG,13,00-0033090,H.Henry,TE,TE,LAC,12676,705899da-3c20-4bc3-b5d0-2e6e40655131,15561.0,10669.0,3214.0,,3046439.0,29269.0,,2079848.0,HenrHu00,hunter-henry-1,10735.0,11299.0,212.0,29269.0,744425.0,17975.0,744425.0,Hunter Henry,hunter henry,1,2,5.0,0,0.0,0.0,15.0,0.0,1.0,0.28830346,0,0.33333334,0.03846154,0.046296295,0.090099715,,,,,,,,,,,,,,,,,REG,LAC,NE,Hunter Henry,HenrHu00,0.0,0.0,0.0,56.2
2020,REG,13,00-0033885,D.Njoku,TE,TE,CLE,13192,8f86fcea-90e8-49ea-bc78-5c7659313e57,16399.0,11784.0,4033.0,,3123076.0,30142.0,,2136474.0,NjokDa00,david-njoku-1,11734.0,12186.0,252.0,30142.0,832098.0,18876.0,832098.0,David Njoku,david njoku,1,1,5.0,0,0.0,0.0,-5.0,10.0,0.0,0.25202835,0,0.0,0.03125,-0.024038462,0.030048076,,,,,,,,,,,,,,,,,REG,CLE,TEN,David Njoku,NjokDa00,1.0,0.0,0.0,87.5
2020,REG,13,00-0034988,K.Smith,TE,TE,NYG,14142,7bb7f5e7-f00e-47d8-954d-90bf5baf4292,18293.0,40973.0,6146.0,,4044452.0,32008.0,,2251343.0,SmitKa00,kaden-smith-1,13516.0,14217.0,,32008.0,924018.0,20946.0,924018.0,Kaden Smith,kaden smith,1,1,3.0,0,0.0,0.0,1.0,2.0,0.0,-0.37947786,0,3.0,0.045454547,0.0054347827,0.07198617,,,,,,,,,,,,,,,,,REG,NYG,SEA,Kaden Smith,SmitKa00,0.0,0.0,0.0,79.2
2020,REG,13,00-0032062,B.Bell,TE,TE,DAL,12213,0cc4e449-185a-4b08-9f07-c907ad0c3e05,13966.0,9550.0,2422.0,,2514206.0,28505.0,,1737101.0,BellBl00,blake-bell-1,10248.0,10366.0,,28505.0,542871.0,16878.0,542871.0,Blake Bell,blake bell,1,1,2.0,0,0.0,0.0,2.0,0.0,0.0,-0.3136652,0,1.0,0.022222223,0.005167959,0.036950905,,,,,,,,,,,,,,,,,REG,DAL,BAL,Blake Bell,BellBl00,1.0,0.0,0.0,79.2
2020,REG,13,00-0022127,J.Witten,TE,TE,LV,6997,e38c9b1b-7c51-48a2-ac1d-a752502e8930,9275.0,1384.0,23.0,jasonwitten/2505629,4527.0,6405.0,,396134.0,WittJa00,jason-witten-1,3086.0,1990.0,,6405.0,184571.0,722.0,,Jason Witten,jason witten,0,1,0.0,0,0.0,0.0,9.0,0.0,0.0,-1.2499386,0,0.0,0.02173913,0.018036073,0.045233946,,,,,,,,,,,,,,,,,REG,LV,NYJ,Jason Witten,WittJa00,0.0,0.0,0.0,39.6
2020,REG,13,00-0027696,J.Graham,TE,TE,CHI,9925,fd85786d-3900-4dc0-9b30-334ee30413ed,9712.0,5619.0,616.0,jimmygraham/497236,13232.0,24070.0,6610.0,1691166.0,GrahJi00,jimmy-graham-1,6532.0,5842.0,,24070.0,295918.0,11488.0,295918.0,Jimmy Graham,jimmy graham,0,1,0.0,0,0.0,0.0,19.0,0.0,0.0,-0.40025833,0,0.0,0.030303031,0.08962264,0.108190395,,,,,,,,,,,,,,,,,REG,CHI,DET,Jimmy Graham,GrahJi00,0.0,0.0,0.0,39.6
2020,REG,13,00-0027981,K.Rudolph,TE,TE,MIN,10312,1059e9dc-97df-4643-9116-883a0573d8b1,9906.0,6195.0,943.0,kylerudolph/2495438,14054.0,24830.0,7444.0,1633122.0,RudoKy00,kyle-rudolph-1,7246.0,6459.0,,24830.0,469472.0,13275.0,469472.0,Kyle Rudolph,kyle rudolph,0,2,0.0,0,0.0,0.0,26.0,0.0,0.0,-1.1524981,0,0.0,0.05,0.08552632,0.13486843,,,,,,,,,,,,,,,,,REG,MIN,JAX,Kyle Rudolph,RudoKy00,0.0,0.0,0.0,39.6
2020,REG,13,00-0028097,L.Smith,TE,TE,BUF,10398,cf23126f-055b-4617-819b-bb4bcb84541a,9992.0,6311.0,812.0,leesmith/2495347,14215.0,24946.0,7585.0,1276441.0,SmitLe00,lee-smith-2,7425.0,6665.0,,24946.0,334184.0,12777.0,334184.0,Lee Smith,lee smith,0,1,0.0,0,0.0,0.0,1.0,0.0,0.0,-4.2258554,0,0.0,0.027027028,0.0036764706,0.04311407,,,,,,,,,,,,,,,,,REG,BUF,SF,Lee Smith,SmitLe00,0.0,0.0,0.0,39.6
2020,REG,13,00-0029738,D.Fells,TE,TE,HOU,11337,54d4e35a-2e6c-48f6-86ad-92dd596c173c,13636.0,8549.0,1592.0,darrenfells/2540928,15773.0,26612.0,,2053740.0,FellDa01,,9758.0,8472.0,,26612.0,266414.0,15247.0,266414.0,Darren Fells,darren fells,0,1,0.0,0,0.0,0.0,5.0,0.0,0.0,-0.569985,0,0.0,0.027027028,0.012787724,0.049491946,,,,,,,,,,,,,,,,,REG,HOU,IND,Darren Fells,FellDa01,0.0,0.0,0.0,39.6
2020,REG,13,00-0032141,G.Swaim,TE,TE,TEN,12378,d0f9112d-2496-450a-9fc5-d2d01b4d2454,14164.0,9679.0,2545.0,geoffswaim/2553454,3046704.0,28634.0,,2174207.0,SwaiGe00,geoff-swaim-1,10507.0,10617.0,,28634.0,728021.0,17005.0,728021.0,Geoff Swaim,geoff swaim,0,1,0.0,0,0.0,0.0,17.0,0.0,0.0,-0.64248216,0,0.0,0.023809524,0.0389016,0.06294541,,,,,,,,,,,,,,,,,REG,TEN,CLE,Geoff Swaim,SwaiGe00,0.0,0.0,0.0,39.6
2020,REG,13,00-0033576,E.Saubert,TE,TE,JAX,13315,582dc00e-e7ec-4ca7-bff0-f7b1d604017b,16706.0,11929.0,4189.0,,2975863.0,30287.0,,2001018.0,SaubEr00,,11897.0,12300.0,,30287.0,694931.0,19035.0,694931.0,Eric Saubert,eric saubert,0,1,0.0,0,0.0,0.0,4.0,0.0,0.0,-4.973719,0,0.0,0.024390243,0.011396011,0.044562574,,,,,,,,,,,,,,,,,REG,JAX,MIN,Eric Saubert,SaubEr00,0.0,0.0,0.0,0.0
2020,REG,13,00-0033798,M.Schreck,TE,TE,CIN,13366,ca6c7b35-6ae1-4ba7-ae98-1f26174e407d,16541.0,12007.0,4229.0,,2972331.0,30364.0,,2818374.0,SchrMa00,mason-schreck-1,12224.0,12447.0,,30364.0,694088.0,19075.0,694088.0,Mason Schreck,mason schreck,0,1,0.0,0,0.0,0.0,2.0,0.0,0.0,-0.76691544,0,0.0,0.037037037,0.012345679,0.06419753,,,,,,,,,,,,,,,,,REG,CIN,MIA,Mason Schreck,SchrMa00,0.0,1.0,1.0,39.6
2020,REG,13,00-0033896,A.Shaheen,TE,TE,MIA,13254,87171077-4c1c-4b67-b159-2cc6242988e0,16457.0,11800.0,4085.0,,4198676.0,30158.0,,2818105.0,ShahAd00,,11898.0,12283.0,,30158.0,1049770.0,18931.0,1049770.0,Adam Shaheen,adam shaheen,0,1,0.0,0,0.0,0.0,2.0,0.0,0.0,-0.37213084,0,0.0,0.02631579,0.0067114094,0.044171672,,,,,,,,,,,,,,,,,REG,MIA,CIN,Adam Shaheen,ShahAd00,0.0,0.0,0.0,39.6
2020,REG,13,00-0034393,T.Fumagalli,TE,TE,DEN,13673,579d92e6-ab4f-43e0-803f-b2d5a54d106a,17273.0,47333.0,5092.0,,3045264.0,31126.0,,2071777.0,FumaTr00,troy-fumagalli-2,12808.0,13270.0,,31126.0,742474.0,19973.0,742474.0,Troy Fumagalli,troy fumagalli,0,1,0.0,0,0.0,0.0,24.0,0.0,0.0,-3.3022995,0,0.0,0.037037037,0.10666667,0.13022222,,,,,,,,,,,,,,,,,REG,DEN,KC,Troy Fumagalli,FumaTr00,0.0,0.0,0.0,0.0
2020,REG,13,00-0034788,J.Graham,TE,TE,ATL,14464,97e65d1d-c738-4812-840e-030f0242bc29,18135.0,31849.0,5754.0,,3118954.0,31749.0,,2930527.0,,,13356.0,,,31749.0,832316.0,20662.0,832316.0,Jaeden Graham,jaeden graham,0,1,0.0,0,0.0,0.0,2.0,0.0,0.0,-0.72384673,0,0.0,0.027027028,0.005063291,0.044084843,,,,,,,,,,,,,,,,,,,,,,,,,
2020,REG,13,00-0035660,K.Warring,TE,TE,HOU,14195,a96e777e-120a-4843-8bfb-59069bd1bd52,18680.0,37213.0,6164.0,,3933327.0,31918.0,,2190068.0,WarrKa00,kahale-warring-1,13478.0,14053.0,,31918.0,887526.0,20974.0,887526.0,Kahale Warring,kahale warring,0,1,0.0,0,0.0,0.0,16.0,0.0,0.0,-0.27363378,0,0.0,0.027027028,0.040920716,0.06918504,,,,,,,,,,,,,,,,,REG,HOU,IND,Kahale Warring,WarrKa00,0.0,0.0,0.0,39.6
2020,REG,14,00-0030506,T.Kelce,TE,TE,KC,11244,c3859e06-5f23-4302-a71b-04820a899d5f,11594.0,7844.0,1466.0,traviskelce/2540258,15847.0,26686.0,,1725130.0,KelcTr00,travis-kelce-1,8783.0,8411.0,264.0,26686.0,448240.0,15048.0,448240.0,Travis Kelce,travis kelce,8,10,136.0,1,0.0,0.0,106.0,43.0,6.0,5.634964,0,1.2830188,0.29411766,0.33333334,0.6745098,Travis Kelce,KC,6.174444444444445,1.9647954516461232,9.6,33.654688869412794,80.0,136.0,1.0,6.478750000000001,4.020597612363851,2.45815238763615,00-0030506,Travis,Kelce,T.Kelce,REG,KC,MIA,Travis Kelce,KelcTr00,0.0,0.0,0.0,112.5
2020,REG,14,00-0034753,M.Andrews,TE,TE,BAL,13671,0618f387-9b72-4270-8b8f-dec4cccc9e4a,17269.0,47436.0,5012.0,,3116365.0,31056.0,,2131121.0,AndrMa00,mark-andrews-1,12559.0,13182.0,366.0,31056.0,820699.0,19803.0,820699.0,Mark Andrews,mark andrews,5,6,78.0,0,0.0,0.0,90.0,30.0,5.0,4.5404506,0,0.8666667,0.31578946,0.4265403,0.7722624,Mark Andrews,BAL,6.463333333333334,2.0854067655917454,14.389999999999995,41.32484564208106,83.33333333333334,78.0,0.0,5.652000000000001,4.294184387462428,1.357815612537573,00-0034753,Mark,Andrews,M.Andrews,REG,BAL,CLE,Mark Andrews,AndrMa00,1.0,0.0,0.0,118.7
2020,REG,14,00-0031610,D.Waller,TE,TE,LV,12263,14c97c9f-26e8-4944-9299-f90de6aeada3,14104.0,9637.0,2505.0,,2576925.0,28592.0,,1850793.0,WallDa01,darren-waller-1,10215.0,10433.0,,28592.0,600191.0,16964.0,600191.0,Darren Waller,darren waller,7,10,75.0,0,0.0,0.0,90.0,43.0,4.0,2.9792666,0,0.8333333,0.22222222,0.28301886,0.5314465,Darren Waller,LV,6.4025,3.263465387496482,9.268,29.891952910820834,70.0,75.0,0.0,6.681428571428571,3.6786727924611893,3.0027557789673813,00-0031610,Darren,Waller,D.Waller,REG,LV,IND,Darren Waller,WallDa01,1.0,0.0,0.0,52.1
2020,REG,14,00-0034829,M.Gesicki,TE,TE,MIA,13672,1012cbe0-7eba-4169-bfca-183a0204e1a7,17272.0,47153.0,4993.0,,3116164.0,31012.0,,2139298.0,GesiMi00,mike-gesicki-1,12764.0,13104.0,330.0,31012.0,836152.0,19853.0,836152.0,Mike Gesicki,mike gesicki,5,6,65.0,2,0.0,0.0,69.0,6.0,4.0,7.3830395,0,0.942029,0.13043478,0.14649682,0.29819995,Mike Gesicki,MIA,4.916,1.9166870810051326,10.551666666666666,14.227925478122119,83.33333333333334,65.0,2.0,2.586000000000001,2.8309120000577424,-0.24491200005774116,00-0034829,Michael,Gesicki,M.Gesicki,REG,MIA,KC,Mike Gesicki,GesiMi00,0.0,0.0,0.0,151.4
2020,REG,14,00-0034970,I.Smith,TE,TE,MIN,14141,ed0e6a30-83d5-4f4b-bf49-f7ff80e21304,18610.0,42060.0,6126.0,,4040980.0,31882.0,,2257888.0,SmitIr01,irv-smith-jr-1,13583.0,14052.0,,31882.0,944428.0,20949.0,944428.0,Irv Smith,irv smith,4,4,63.0,1,0.0,0.0,43.0,20.0,3.0,5.4567623,0,1.4651163,0.114285715,0.18376069,0.30006105,,,,,,,,,,,,,,,,,REG,MIN,TB,Irv Smith Jr.,SmitIr01,0.0,0.0,0.0,158.3
2020,REG,14,00-0034393,T.Fumagalli,TE,TE,DEN,13673,579d92e6-ab4f-43e0-803f-b2d5a54d106a,17273.0,47333.0,5092.0,,3045264.0,31126.0,,2071777.0,FumaTr00,troy-fumagalli-2,12808.0,13270.0,,31126.0,742474.0,19973.0,742474.0,Troy Fumagalli,troy fumagalli,4,5,53.0,0,0.0,0.0,9.0,56.0,3.0,5.995832,0,5.888889,0.18518518,0.052941177,0.3148366,Troy Fumagalli,DEN,5.177499999999999,4.558376295215998,2.0659999999999967,5.939512419503212,80.0,53.0,0.0,13.965000000000003,8.821756095818955,5.143243904181048,00-0034393,Troy,Fumagalli,T.Fumagalli,REG,DEN,CAR,Troy Fumagalli,FumaTr00,0.0,0.0,0.0,110.8
2020,REG,14,00-0034981,F.Moreau,TE,TE,LV,14239,9c3a67fd-5c6e-4689-9e08-9ff6d4db6c9a,18397.0,47043.0,5985.0,,3843945.0,31969.0,,2180634.0,MoreFo00,foster-moreau-1,13822.0,14154.0,179.0,31969.0,865573.0,20884.0,865573.0,Foster Moreau,foster moreau,1,2,47.0,1,0.0,0.0,27.0,25.0,1.0,2.3116212,0,1.7407408,0.044444446,0.08490566,0.12610063,,,,,,,,,,,,,,,,,REG,LV,IND,Foster Moreau,MoreFo00,0.0,0.0,0.0,135.4
2020,REG,14,00-0033885,D.Njoku,TE,TE,CLE,13192,8f86fcea-90e8-49ea-bc78-5c7659313e57,16399.0,11784.0,4033.0,,3123076.0,30142.0,,2136474.0,NjokDa00,david-njoku-1,11734.0,12186.0,252.0,30142.0,832098.0,18876.0,832098.0,David Njoku,david njoku,3,4,45.0,0,0.0,0.0,26.0,24.0,3.0,3.6085033,0,1.7307693,0.09090909,0.061032865,0.17908664,,,,,,,,,,,,,,,,,REG,CLE,BAL,David Njoku,NjokDa00,0.0,0.0,0.0,111.5
2020,REG,14,00-0030181,J.Doyle,TE,TE,IND,11516,bd413539-9351-454e-9d61-4e8635d7e9f5,11987.0,8520.0,1706.0,jackdoyle/2540232,16504.0,27299.0,,2041264.0,DoylJa00,,9081.0,9075.0,,27299.0,477386.0,15602.0,477386.0,Jack Doyle,jack doyle,3,3,44.0,0,0.0,0.0,24.0,20.0,1.0,3.0673697,0,1.8333334,0.11111111,0.09561753,0.23359893,,,,,,,,,,,,,,,,,REG,IND,LV,Jack Doyle,DoylJa00,0.0,0.0,0.0,118.7
2020,REG,14,00-0031260,L.Thomas,TE,TE,WAS,11647,b24625a0-d402-4d59-a778-aa4b073bfe5e,12095.0,8755.0,2251.0,loganthomas/2543767,16813.0,27648.0,,1691193.0,ThomLo00,logan-thomas-1,9323.0,9354.0,,27648.0,507528.0,16656.0,507528.0,Logan Thomas,logan thomas,6,7,43.0,0,0.0,0.0,48.0,20.0,3.0,1.2069069,0,0.8958333,0.2413793,0.25396827,0.5398467,Logan Thomas,WAS,7.996,3.273984362374027,7.647142857142859,30.03254039497307,85.71428571428571,43.0,0.0,2.5066666666666655,2.2046362105074877,0.3020304561591778,00-0031260,Logan,Thomas,L.Thomas,REG,WAS,SF,Logan Thomas,ThomLo00,1.0,0.0,0.0,92.3
2020,REG,14,00-0034351,D.Goedert,TE,TE,PHI,13674,e8029983-87cf-49a2-bc04-04c8233a0630,17270.0,47272.0,5022.0,,3121023.0,31019.0,,2132551.0,GoedDa00,,12860.0,13151.0,382.0,31019.0,791365.0,19863.0,791365.0,Dallas Goedert,dallas goedert,4,6,43.0,0,0.0,0.0,40.0,22.0,2.0,0.5213719,0,1.075,0.23076923,0.2580645,0.526799,Dallas Goedert,PHI,6.761666666666667,2.893681763183236,7.1816666666666675,26.416135360470825,66.66666666666666,43.0,0.0,5.285,3.1912364929410897,2.0937635070589105,00-0034351,Dallas,Goedert,D.Goedert,REG,PHI,NO,Dallas Goedert,GoedDa00,0.0,0.0,0.0,87.5
2020,REG,14,00-0035229,T.Hockenson,TE,TE,DET,14138,bd1120b6-38b3-4225-a4b0-20660a149d0d,18290.0,40912.0,5844.0,,4036133.0,31840.0,,2251097.0,HockTJ00,tj-hockenson-1,13610.0,14051.0,247.0,31840.0,923915.0,20805.0,923915.0,T.J. Hockenson,tj hockenson,6,11,43.0,1,0.0,0.0,67.0,11.0,4.0,-1.2742976,0,0.64179105,0.28947368,0.27459016,0.62642366,T.J. Hockenson,DET,4.638,2.7247479870136857,6.29818181818182,28.221108802802565,54.54545454545454,43.0,1.0,1.6749999999999983,2.494508854463902,-0.8195088544639038,00-0035229,Thomas,Hockenson,T.Hockenson,REG,DET,GB,T.J. Hockenson,HockTJ00,0.0,2.0,0.182,94.1
2020,REG,14,00-0033090,H.Henry,TE,TE,LAC,12676,705899da-3c20-4bc3-b5d0-2e6e40655131,15561.0,10669.0,3214.0,,3046439.0,29269.0,,2079848.0,HenrHu00,hunter-henry-1,10735.0,11299.0,212.0,29269.0,744425.0,17975.0,744425.0,Hunter Henry,hunter henry,6,8,41.0,0,0.0,0.0,48.0,18.0,2.0,0.1562823,0,0.8541667,0.18181819,0.19917013,0.41214636,Hunter Henry,LAC,4.77625,3.8976051248567884,5.428750000000001,18.62270057030145,75.0,41.0,0.0,3.1366666666666663,3.0058749486328664,0.13079171803379985,00-0033090,Hunter,Henry,H.Henry,REG,LAC,ATL,Hunter Henry,HenrHu00,0.0,0.0,0.0,85.9
2020,REG,14,00-0036290,C.Kmet,TE,TE,CHI,14867,036feeb6-9a22-43c5-a8e3-7ac611d8ff49,19229.0,60995.0,6826.0,,4258595.0,32713.0,,2868619.0,KmetCo00,cole-kmet-1,14436.0,,569.0,32713.0,0.0,21772.0,1066765.0,Cole Kmet,cole kmet,4,7,41.0,0,0.0,0.0,25.0,32.0,2.0,0.9116037,0,1.64,0.21212122,0.1736111,0.4397096,Cole Kmet,CHI,6.833333333333333,4.360425859123827,3.1314285714285717,15.767515465400662,57.14285714285714,41.0,0.0,8.432500000000001,5.9880899947721105,2.4444100052278905,00-0036290,Cole,Kmet,C.Kmet,REG,CHI,HOU,Cole Kmet,KmetCo00,1.0,1.0,0.143,74.1
2020,REG,14,00-0034270,T.Conklin,TE,TE,MIN,13675,f0d17dfa-ebf3-416c-a8d2-c6bc30675103,17598.0,47327.0,5133.0,,3915486.0,31220.0,,2165249.0,ConkTy00,tyler-conklin-1,12809.0,13220.0,489.0,31127.0,861278.0,19988.0,861278.0,Tyler Conklin,tyler conklin,5,5,40.0,0,0.0,0.0,9.0,31.0,4.0,4.934422,0,4.4444447,0.14285715,0.03846154,0.24120879,Tyler Conklin,MIN,5.71,4.243908603385743,2.3440000000000034,4.932037200690155,100.0,40.0,0.0,5.655999999999997,5.721923923997406,-0.06592392399740898,00-0034270,Tyler,Conklin,T.Conklin,REG,MIN,TB,Tyler Conklin,ConkTy00,0.0,0.0,0.0,100.0
2020,REG,14,00-0027061,J.Cook,TE,TE,NO,9474,3b7a1409-d154-4e5c-8c94-9d4a0e0993c7,9265.0,5012.0,367.0,jaredcook/71265,12537.0,9353.0,6126.0,584314.0,CookJa02,jared-cook-2,5981.0,5165.0,,9353.0,296480.0,8534.0,296480.0,Jared Cook,jared cook,3,4,37.0,1,0.0,0.0,41.0,11.0,2.0,5.096858,0,0.902439,0.10810811,0.17154811,0.28224584,,,,,,,,,,,,,,,,,REG,NO,PHI,Jared Cook,CookJa02,0.0,0.0,0.0,142.7
2020,REG,14,00-0033757,R.Tonyan,TE,TE,GB,13427,7c9c7800-69d0-459b-812b-a07ac48e9f2a,16502.0,12193.0,4602.0,,2975674.0,30777.0,,2820026.0,TonyRo00,,12389.0,12868.0,,30777.0,660151.0,19491.0,660151.0,Robert Tonyan,robert tonyan,5,5,36.0,1,0.0,0.0,25.0,11.0,3.0,4.3876214,0,1.44,0.16129032,0.12562814,0.32987517,Robert Tonyan,GB,7.626666666666665,3.392827792100351,5.347999999999997,13.511191955939564,100.0,36.0,1.0,2.0300000000000025,2.1310792269912384,-0.10107922699123595,00-0033757,Robert,Tonyan,R.Tonyan,REG,GB,DET,Robert Tonyan,TonyRo00,0.0,0.0,0.0,136.2
2020,REG,14,00-0032141,G.Swaim,TE,TE,TEN,12378,d0f9112d-2496-450a-9fc5-d2d01b4d2454,14164.0,9679.0,2545.0,geoffswaim/2553454,3046704.0,28634.0,,2174207.0,SwaiGe00,geoff-swaim-1,10507.0,10617.0,,28634.0,728021.0,17005.0,728021.0,Geoff Swaim,geoff swaim,3,3,34.0,1,0.0,0.0,21.0,13.0,3.0,3.9369562,0,1.6190476,0.13043478,0.109375,0.27221468,,,,,,,,,,,,,,,,,REG,TEN,JAX,Geoff Swaim,SwaiGe00,0.0,0.0,0.0,153.5
2020,REG,14,00-0033110,T.Higbee,TE,TE,LA,12678,0df7912d-9e81-47ea-b4f7-d04986df4ee8,15623.0,10744.0,3271.0,,2573401.0,29344.0,,1853103.0,HigbTy00,tyler-higbee-1,10854.0,11430.0,159.0,29344.0,604176.0,18032.0,604176.0,Tyler Higbee,tyler higbee,2,2,34.0,0,0.0,0.0,12.0,22.0,2.0,2.7484941,0,2.8333333,0.083333336,0.10526316,0.19868422,,,,,,,,,,,,,,,,,REG,LA,NE,Tyler Higbee,HigbTy00,1.0,0.0,0.0,118.7
2020,REG,14,00-0034383,D.Schultz,TE,TE,DAL,13772,8caec1b4-e0b6-4a84-b8c8-617d6e91ef6a,17349.0,47304.0,5001.0,,3117256.0,31107.0,,2136748.0,SchuDa00,dalton-schultz-1,12514.0,13198.0,487.0,31107.0,830523.0,19920.0,830523.0,Dalton Schultz,dalton schultz,3,3,34.0,0,0.0,0.0,21.0,13.0,2.0,2.826451,0,1.6190476,0.13636364,0.12727273,0.29363635,,,,,,,,,,,,,,,,,REG,DAL,CIN,Dalton Schultz,SchuDa00,0.0,0.0,0.0,113.9
2020,REG,14,00-0035689,D.Knox,TE,TE,BUF,14143,5fb525c5-4e70-4ede-8c49-94ad0cf66b7d,18631.0,35883.0,5906.0,,3930086.0,31928.0,,2186345.0,KnoxDa00,dawson-knox-1,13466.0,13953.0,88.0,31928.0,884083.0,20850.0,884083.0,Dawson Knox,dawson knox,4,7,34.0,0,1.0,1.0,63.0,24.0,1.0,-4.117239,0,0.53968257,0.16666667,0.13846155,0.34692308,Dawson Knox,BUF,3.7733333333333334,3.8558566792327094,8.751428571428573,13.394848471596626,57.14285714285714,34.0,0.0,6.799999999999999,6.794043097718109,0.005956902281889498,00-0035689,Dawson,Knox,D.Knox,REG,BUF,PIT,Dawson Knox,KnoxDa00,0.0,0.0,0.0,69.9
2020,REG,14,00-0031387,E.Ebron,TE,TE,PIT,11695,9fbcfae9-dd14-415c-8952-9b1b5dff0dfc,12143.0,8645.0,2118.0,ericebron/2543466,16732.0,27538.0,,1865396.0,EbroEr00,eric-ebron-1,9210.0,9390.0,,27538.0,605752.0,16451.0,605752.0,Eric Ebron,eric ebron,2,5,30.0,0,0.0,0.0,35.0,11.0,2.0,-1.6902859,1,0.85714287,0.13513513,0.1446281,0.30394238,Eric Ebron,PIT,5.636666666666667,2.9966822838418534,7.252,15.471263386952256,40.0,30.0,0.0,6.995000000000001,6.1000307443569,0.894969255643101,00-0031387,Eric,Ebron,E.Ebron,REG,PIT,BUF,Eric Ebron,EbroEr00,0.0,0.0,0.0,60.4
2020,REG,14,00-0034011,D.Arnold,TE,TE,ARI,13880,d479a777-b53b-4bbf-a8e4-0c1675ac48df,17143.0,51842.0,4741.0,,4212989.0,30891.0,,2835170.0,ArnoDa00,,12276.0,12972.0,,30891.0,1053627.0,19659.0,1053627.0,Dan Arnold,dan arnold,2,4,27.0,1,0.0,0.0,55.0,7.0,2.0,2.9136083,0,0.4909091,0.125,0.30726257,0.4025838,,,,,,,,,,,,,,,,,REG,ARI,NYG,Dan Arnold,ArnoDa00,0.0,0.0,0.0,111.5
2020,REG,14,00-0033896,A.Shaheen,TE,TE,MIA,13254,87171077-4c1c-4b67-b159-2cc6242988e0,16457.0,11800.0,4085.0,,4198676.0,30158.0,,2818105.0,ShahAd00,,11898.0,12283.0,,30158.0,1049770.0,18931.0,1049770.0,Adam Shaheen,adam shaheen,2,3,26.0,0,0.0,0.0,12.0,23.0,2.0,0.6706388,0,2.1666667,0.06521739,0.025477707,0.11566048,,,,,,,,,,,,,,,,,REG,MIA,KC,Adam Shaheen,ShahAd00,0.0,0.0,0.0,93.7
2020,REG,14,00-0027696,J.Graham,TE,TE,CHI,9925,fd85786d-3900-4dc0-9b30-334ee30413ed,9712.0,5619.0,616.0,jimmygraham/497236,13232.0,24070.0,6610.0,1691166.0,GrahJi00,jimmy-graham-1,6532.0,5842.0,,24070.0,295918.0,11488.0,295918.0,Jimmy Graham,jimmy graham,4,4,23.0,1,0.0,0.0,1.0,22.0,2.0,2.1492682,0,23.0,0.121212125,0.0069444445,0.18667929,,,,,,,,,,,,,,,,,REG,CHI,HOU,Jimmy Graham,GrahJi00,0.0,0.0,0.0,130.2
2020,REG,14,00-0034159,W.Dissly,TE,TE,SEA,13763,383f4814-6836-4766-a297-fc063e8509cc,18049.0,30762.0,5010.0,,3127292.0,31090.0,,2139628.0,DissWi00,will-dissly-1,12986.0,13246.0,86.0,31090.0,837806.0,19950.0,837806.0,Will Dissly,will dissly,2,2,23.0,1,0.0,0.0,-1.0,24.0,2.0,2.7825806,0,0.0,0.0625,-0.004405286,0.0906663,,,,,,,,,,,,,,,,,REG,SEA,NYJ,Will Dissly,DissWi00,0.0,0.0,0.0,154.2
2020,REG,14,00-0030549,T.Eifert,TE,TE,JAX,11250,14ecf9dd-3a77-4847-8e62-407cd1182f1c,11692.0,7802.0,1388.0,tylereifert/2540148,15788.0,26644.0,,1691608.0,EifeTy00,tyler-eifert-1,8782.0,8408.0,,26644.0,508968.0,14918.0,,Tyler Eifert,tyler eifert,2,2,22.0,0,0.0,0.0,15.0,7.0,1.0,0.14152184,0,1.4666667,0.040816326,0.036057692,0.086464874,,,,,,,,,,,,,,,,,REG,JAX,TEN,Tyler Eifert,EifeTy00,0.0,0.0,0.0,112.5
2020,REG,14,00-0035631,D.Sample,TE,TE,CIN,14146,15a4f552-ecaf-45bd-9006-aa5dda93bee6,18561.0,47259.0,6001.0,,3127310.0,31884.0,,2139646.0,SampDr00,drew-sample-1,13809.0,14111.0,435.0,31884.0,837824.0,20931.0,837824.0,Drew Sample,drew sample,3,4,21.0,0,0.0,0.0,1.0,20.0,2.0,0.50850517,0,21.0,0.10526316,0.006535948,0.1624699,,,,,,,,,,,,,,,,,REG,CIN,DAL,Drew Sample,SampDr00,1.0,0.0,0.0,86.5
2020,REG,14,00-0032394,N.Vannett,TE,TE,DEN,12680,c731aa8a-778b-4ccd-a19f-517eb66f47b7,15645.0,10728.0,3258.0,,2576399.0,29328.0,,1871322.0,VannNi00,nick-vannett-1,10949.0,11329.0,,29328.0,606488.0,18019.0,606488.0,Nick Vannett,nick vannett,4,4,20.0,1,0.0,0.0,7.0,13.0,2.0,2.3743725,0,2.857143,0.14814815,0.04117647,0.25104576,,,,,,,,,,,,,,,,,REG,DEN,CAR,Nick Vannett,VannNi00,0.0,0.0,0.0,127.1
2020,REG,14,00-0033387,J.Hollister,TE,TE,SEA,13391,ad2a1d03-020b-487a-bd5f-7ca9fbc250fe,16527.0,12051.0,4421.0,,3125404.0,30661.0,,2818962.0,HollJa03,,12271.0,12491.0,,30661.0,696882.0,19281.0,696882.0,Jacob Hollister,jacob hollister,1,1,20.0,0,0.0,0.0,18.0,2.0,1.0,1.4991733,0,1.1111112,0.03125,0.07929515,0.10238161,,,,,,,,,,,,,,,,,REG,SEA,NYJ,Jacob Hollister,HollJa03,0.0,0.0,0.0,118.7
2020,REG,14,00-0033858,J.Smith,TE,TE,TEN,13193,e4f25a37-74de-4bfb-b6c9-f50a4fab0b87,16460.0,11855.0,4144.0,,3054212.0,30213.0,,2081506.0,SmitJo01,jonnu-smith-1,11807.0,12344.0,84.0,30213.0,743749.0,18990.0,743749.0,Jonnu Smith,jonnu smith,2,2,20.0,0,0.0,0.0,12.0,8.0,1.0,1.825243,0,1.6666666,0.08695652,0.0625,0.17418478,,,,,,,,,,,,,,,,,REG,TEN,JAX,Jonnu Smith,SmitJo01,0.0,0.0,0.0,108.3
2020,REG,14,00-0034073,R.Dwelley,TE,TE,SF,13988,70473218-5ae3-47b4-86fd-151e68f1e8b9,17886.0,20994.0,5285.0,,3120303.0,31329.0,,2924888.0,DwelRo00,,13030.0,13522.0,,31329.0,752665.0,20361.0,752665.0,Ross Dwelley,ross dwelley,2,2,20.0,0,0.0,0.0,11.0,9.0,0.0,1.1477994,0,1.8181819,0.045454547,0.041044775,0.09691316,,,,,,,,,,,,,,,,,REG,SF,WAS,Ross Dwelley,DwelRo00,0.0,0.0,0.0,108.3
2020,REG,14,00-0034364,J.Akins,TE,TE,HOU,13753,0cb5a32a-a340-4671-ba2a-93f5fa6aee8d,17415.0,47050.0,5032.0,,3128452.0,31068.0,,2142712.0,AkinJo00,jordan-akins-1,12568.0,13238.0,,31068.0,838396.0,19903.0,838396.0,Jordan Akins,jordan akins,3,6,20.0,0,0.0,0.0,40.0,7.0,1.0,-0.8031657,0,0.5,0.22222222,0.21978022,0.4871795,Jordan Akins,HOU,4.908333333333333,3.996286685495127,7.238333333333332,24.220623501199043,50.0,20.0,0.0,2.7633333333333354,2.5492881787648307,0.2140451545685047,00-0034364,Jordan,Akins,J.Akins,REG,HOU,CHI,Jordan Akins,AkinJo00,0.0,1.0,0.167,57.6
2020,REG,14,00-0034365,I.Thomas,TE,TE,CAR,13678,ed8a8fd2-df67-45e7-a34f-984afb82f6ea,17387.0,42130.0,4995.0,,4045305.0,31071.0,,2253359.0,ThomIa00,ian-thomas-3,12858.0,13163.0,323.0,31071.0,943093.0,19910.0,943093.0,Ian Thomas,ian thomas,3,4,20.0,0,0.0,0.0,23.0,10.0,0.0,-1.2710371,0,0.8695652,0.102564104,0.1,0.22384615,,,,,,,,,,,,,,,,,REG,CAR,DEN,Ian Thomas,ThomIa00,0.0,0.0,0.0,85.4
2020,REG,14,00-0034798,D.Smythe,TE,TE,MIA,13676,7e42a22a-c47b-4387-aeeb-2cc2e76dc1d8,17508.0,47257.0,5008.0,,3052897.0,31093.0,,2082845.0,SmytDu00,durham-smythe-1,12807.0,13249.0,,31093.0,749968.0,19943.0,749968.0,Durham Smythe,durham smythe,2,3,19.0,0,0.0,0.0,28.0,6.0,1.0,1.6014675,0,0.6785714,0.06521739,0.05944798,0.13943967,,,,,,,,,,,,,,,,,REG,MIA,KC,Durham Smythe,SmytDu00,1.0,0.0,0.0,84.0
2020,REG,14,00-0033881,E.Engram,TE,TE,NYG,13189,e21365af-8d66-416e-b0a5-8816d18fcfd9,16411.0,11778.0,4066.0,,3051876.0,30136.0,,2079887.0,EngrEv00,evan-engram-1,11805.0,12205.0,229.0,30136.0,749185.0,18912.0,749185.0,Evan Engram,evan engram,2,4,18.0,0,0.0,0.0,23.0,13.0,1.0,-0.35059723,0,0.7826087,0.16666667,0.084870845,0.3094096,,,,,,,,,,,,,,,,,REG,NYG,ARI,Evan Engram,EngrEv00,0.0,0.0,0.0,62.5
2020,REG,14,00-0036232,H.Bryant,TE,TE,CLE,14875,f58a5899-8b78-46e8-a29a-ba6273b7d872,19389.0,26394.0,6850.0,,4040774.0,32785.0,,2241240.0,BryaHa00,harrison-bryant-1,14576.0,,752.0,32785.0,0.0,21783.0,916467.0,Harrison Bryant,harrison bryant,3,6,18.0,0,0.0,0.0,42.0,8.0,0.0,-1.9294673,0,0.42857143,0.13636364,0.09859155,0.27355954,Harrison Bryant,CLE,5.7059999999999995,2.5020010608056817,7.406666666666669,9.665281976554517,50.0,18.0,0.0,2.7633333333333305,5.548883615573459,-2.7855502822401284,00-0036232,Harrison,Bryant,H.Bryant,REG,CLE,BAL,Harrison Bryant,BryaHa00,0.0,1.0,0.167,56.2
2020,REG,14,00-0031558,M.Williams,TE,TE,ARI,12206,52f4a43a-64a9-4d69-a9e2-28bd60f68e49,13919.0,9488.0,2360.0,,2970726.0,28443.0,,1983769.0,WillMa04,maxx-williams-1,10128.0,10298.0,,28443.0,651658.0,16816.0,651658.0,Maxx Williams,maxx williams,2,2,17.0,0,0.0,0.0,5.0,12.0,1.0,2.76983,0,3.4,0.0625,0.02793296,0.11330307,,,,,,,,,,,,,,,,,REG,ARI,NYG,Maxx Williams,WillMa04,0.0,0.0,0.0,102.1
2020,REG,14,00-0036244,C.Parkinson,TE,TE,SEA,14871,1ea7affb-e5e7-491a-aaa3-55e200b2eb48,19372.0,52266.0,6865.0,,4242557.0,32803.0,,2867522.0,ParkCo02,colby-parkinson-1,14463.0,,565.0,32803.0,0.0,21807.0,1060312.0,Colby Parkinson,colby parkinson,2,2,16.0,0,0.0,0.0,11.0,5.0,2.0,2.4208252,0,1.4545455,0.0625,0.04845815,0.1276707,,,,,,,,,,,,,,,,,REG,SEA,NYJ,Colby Parkinson,ParkCo02,1.0,0.0,0.0,100.0
2020,REG,14,00-0029738,D.Fells,TE,TE,HOU,11337,54d4e35a-2e6c-48f6-86ad-92dd596c173c,13636.0,8549.0,1592.0,darrenfells/2540928,15773.0,26612.0,,2053740.0,FellDa01,,9758.0,8472.0,,26612.0,266414.0,15247.0,266414.0,Darren Fells,darren fells,1,1,15.0,0,0.0,0.0,1.0,14.0,1.0,3.2304149,0,15.0,0.037037037,0.0054945056,0.05940171,,,,,,,,,,,,,,,,,REG,HOU,CHI,Darren Fells,FellDa01,0.0,0.0,0.0,118.7
2020,REG,14,00-0031951,J.O'Shaughnessy,TE,TE,JAX,12330,e5c6b0d4-3e77-422b-a6d8-574a10ed385e,14146.0,9606.0,2476.0,,2508079.0,28561.0,,2174148.0,O'ShJa00,,10249.0,10549.0,,28561.0,552352.0,16933.0,552352.0,James O'Shaughnessy,james oshaughnessy,2,2,14.0,0,0.0,0.0,5.0,9.0,1.0,1.9108617,0,2.8,0.040816326,0.012019231,0.069637954,,,,,,,,,,,,,,,,,REG,JAX,TEN,James O'Shaughnessy,O'ShJa00,0.0,0.0,0.0,95.8
2020,REG,14,00-0030472,J.Reed,TE,TE,SF,11248,c3bf8d3e-3b2e-4f9e-ad74-c0a684035f17,11690.0,7866.0,1500.0,jordanreed/2540160,15860.0,26708.0,,1691412.0,ReedJo02,jordan-reed-1,8615.0,8412.0,,26708.0,508876.0,15100.0,,Jordan Reed,jordan reed,2,5,13.0,0,0.0,0.0,45.0,1.0,0.0,0.5170442,0,0.2888889,0.11363637,0.16791044,0.28799185,Jordan Reed,SF,5.735999999999999,2.6086427541255763,6.867999999999999,13.030280033391517,40.0,13.0,0.0,1.2650000000000006,1.5083449752955858,-0.2433449752955852,00-0030472,Jordan,Reed,J.Reed,REG,SF,WAS,Jordan Reed,ReedJo02,0.0,1.0,0.2,47.9
2020,REG,14,00-0036422,A.Trautman,TE,TE,NO,14870,4e14183b-f974-4745-9d7f-8f5eb2a92a7d,19423.0,109795.0,6869.0,,3911853.0,32775.0,,2182228.0,TrauAd00,,14541.0,,566.0,32775.0,0.0,21786.0,875444.0,Adam Trautman,adam trautman,1,1,12.0,0,0.0,0.0,-5.0,17.0,1.0,1.2083882,0,0.0,0.027027028,-0.020920502,0.02589619,,,,,,,,,,,,,,,,,REG,NO,PHI,Adam Trautman,TrauAd00,0.0,0.0,0.0,116.7
2020,REG,14,00-0032062,B.Bell,TE,TE,DAL,12213,0cc4e449-185a-4b08-9f07-c907ad0c3e05,13966.0,9550.0,2422.0,,2514206.0,28505.0,,1737101.0,BellBl00,blake-bell-1,10248.0,10366.0,,28505.0,542871.0,16878.0,542871.0,Blake Bell,blake bell,1,1,11.0,0,0.0,0.0,6.0,5.0,1.0,0.9194303,0,1.8333334,0.045454547,0.036363635,0.093636364,,,,,,,,,,,,,,,,,REG,DAL,CIN,Blake Bell,BellBl00,0.0,0.0,0.0,112.5
2020,REG,14,00-0036040,J.Johnson,TE,TE,NO,14861,0226b03b-f91d-4223-9813-9fcd2e9c3acc,19562.0,28305.0,7002.0,,3929645.0,33113.0,,2186637.0,JohnJu02,,14630.0,,575.0,33113.0,0.0,21738.0,884609.0,Juwan Johnson,juwan johnson,1,1,11.0,0,0.0,0.0,6.0,5.0,1.0,1.2946397,0,1.8333334,0.027027028,0.025104603,0.05811376,,,,,,,,,,,,,,,,,REG,NO,PHI,Juwan Johnson,JohnJu02,0.0,0.0,0.0,112.5
2020,REG,14,00-0031273,C.Brate,TE,TE,TB,12110,5afe93fd-0caf-4cca-83fc-7f405bebfa3e,13470.0,9207.0,2214.0,,17453.0,28267.0,,2132787.0,BratCa00,,10008.0,10193.0,,28267.0,552926.0,16593.0,552926.0,Cameron Brate,cameron brate,1,1,9.0,0,0.0,0.0,9.0,0.0,0.0,-0.011728886,0,1.0,0.045454547,0.039473683,0.09581339,,,,,,,,,,,,,,,,,REG,TB,MIN,Cameron Brate,BratCa00,0.0,0.0,0.0,104.2
2020,REG,14,00-0033217,M.Alie-Cox,TE,TE,IND,13246,8809c0dd-786b-4255-a7d0-333c9498c19a,16579.0,12078.0,4054.0,moalie-cox/2558832,2998565.0,30112.0,,2815925.0,AlieMo00,,12196.0,12221.0,195.0,30112.0,712506.0,18900.0,712506.0,Mo Alie-Cox,mo alie-cox,1,1,9.0,0,0.0,0.0,-2.0,11.0,0.0,0.56002724,0,0.0,0.037037037,-0.007968128,0.049977865,,,,,,,,,,,,,,,,,REG,IND,LV,Mo Alie-Cox,AlieMo00,0.0,0.0,0.0,104.2
2020,REG,14,00-0033895,G.Everett,TE,TE,LA,13236,ebeceb00-57e0-4b74-9cf7-853da2afed18,16459.0,11799.0,4089.0,,3918639.0,30157.0,,2142692.0,EverGe00,gerald-everett-1,11737.0,12284.0,55.0,30157.0,838487.0,18935.0,838487.0,Gerald Everett,gerald everett,1,3,9.0,0,0.0,0.0,15.0,5.0,0.0,-0.49444202,0,0.6,0.125,0.13157895,0.27960527,,,,,,,,,,,,,,,,,REG,LA,NE,Gerald Everett,EverGe00,0.0,0.0,0.0,42.4
2020,REG,14,00-0034766,C.Herndon,TE,TE,NYJ,13679,780a48de-d092-4e87-9c34-8d1b45a154cc,17536.0,47164.0,5009.0,,3123050.0,31077.0,,2136463.0,HernCh00,christopher-herndon-iv-1,12899.0,13228.0,,31077.0,832080.0,19947.0,832080.0,Chris Herndon,chris herndon,1,1,9.0,0,0.0,0.0,9.0,0.0,1.0,1.0524396,0,1.0,0.04347826,0.04017857,0.09334239,,,,,,,,,,,,,,,,,REG,NYJ,SEA,Chris Herndon,HernCh00,0.0,0.0,0.0,104.2
2020,REG,14,00-0030061,Z.Ertz,TE,TE,PHI,11247,de3421f7-2147-4835-89a5-724e87bad463,11689.0,7816.0,1339.0,zachertz/2540158,15835.0,26658.0,,1685963.0,ErtzZa00,zach-ertz-1,8781.0,8409.0,305.0,26658.0,503177.0,14856.0,503177.0,Zach Ertz,zach ertz,2,3,8.0,0,0.0,0.0,19.0,-1.0,0.0,-1.7348868,0,0.42105263,0.115384616,0.12258065,0.2588834,,,,,,,,,,,,,,,,,REG,PHI,NO,Zach Ertz,ErtzZa00,0.0,0.0,0.0,70.1
2020,REG,14,00-0034788,J.Graham,TE,TE,ATL,14464,97e65d1d-c738-4812-840e-030f0242bc29,18135.0,31849.0,5754.0,,3118954.0,31749.0,,2930527.0,,,13356.0,,,31749.0,832316.0,20662.0,832316.0,Jaeden Graham,jaeden graham,1,1,7.0,0,0.0,0.0,1.0,6.0,1.0,1.2697802,0,7.0,0.03125,0.003058104,0.04901567,,,,,,,,,,,,,,,,,,,,,,,,,
2020,REG,14,00-0034830,H.Hurst,TE,TE,ATL,13680,1b125fc4-5dd9-4eb9-a42f-048e61ca42b7,17283.0,47294.0,4973.0,,3924365.0,30995.0,,2185053.0,HursHa00,hayden-hurst-1,12467.0,13098.0,8.0,30995.0,881956.0,19843.0,881956.0,Hayden Hurst,hayden hurst,1,3,7.0,0,0.0,0.0,18.0,0.0,0.0,-4.511268,0,0.3888889,0.09375,0.055045873,0.17915711,,,,,,,,,,,,,,,,,REG,ATL,LAC,Hayden Hurst,HursHa00,0.0,1.0,0.333,2.8
2020,REG,14,00-0024243,M.Lewis,TE,TE,GB,8269,9c21e9af-681c-41ef-9b00-fbc9e1668ed1,9413.0,2973.0,111.0,marcedeslewis/2495888,9614.0,7777.0,4007.0,415313.0,LewiMa00,marcedes-lewis-1,4891.0,3615.0,,7777.0,214197.0,3061.0,214197.0,Marcedes Lewis,marcedes lewis,1,1,6.0,0,0.0,0.0,6.0,0.0,0.0,0.015322611,0,1.0,0.032258064,0.030150754,0.06949262,,,,,,,,,,,,,,,,,REG,GB,DET,Marcedes Lewis,LewiMa00,0.0,0.0,0.0,91.7
2020,REG,14,00-0034988,K.Smith,TE,TE,NYG,14142,7bb7f5e7-f00e-47d8-954d-90bf5baf4292,18293.0,40973.0,6146.0,,4044452.0,32008.0,,2251343.0,SmitKa00,kaden-smith-1,13516.0,14217.0,,32008.0,924018.0,20946.0,924018.0,Kaden Smith,kaden smith,1,1,6.0,0,0.0,0.0,5.0,1.0,0.0,-0.077835195,0,1.2,0.041666668,0.018450184,0.07541513,,,,,,,,,,,,,,,,,REG,NYG,ARI,Kaden Smith,SmitKa00,0.0,0.0,0.0,91.7
2020,REG,14,00-0033455,A.Firkser,TE,TE,TEN,13919,b0719e3d-199b-46e5-a2b4-1091f6fd5c0d,16787.0,51837.0,4435.0,,3049698.0,30571.0,,2818971.0,FirkAn00,,12235.0,12691.0,,30571.0,767297.0,19296.0,767297.0,Anthony Firkser,anthony firkser,1,1,5.0,0,0.0,0.0,4.0,1.0,0.0,-0.23809339,0,1.25,0.04347826,0.020833334,0.079800725,,,,,,,,,,,,,,,,,REG,TEN,JAX,Anthony Firkser,FirkAn00,0.0,0.0,0.0,87.5
2020,REG,14,00-0033576,E.Saubert,TE,TE,JAX,13315,582dc00e-e7ec-4ca7-bff0-f7b1d604017b,16706.0,11929.0,4189.0,,2975863.0,30287.0,,2001018.0,SaubEr00,,11897.0,12300.0,,30287.0,694931.0,19035.0,694931.0,Eric Saubert,eric saubert,1,1,4.0,0,0.0,0.0,2.0,2.0,0.0,-0.19543807,0,2.0,0.020408163,0.0048076925,0.033977628,,,,,,,,,,,,,,,,,REG,JAX,TEN,Eric Saubert,SaubEr00,0.0,0.0,0.0,83.3
2020,REG,14,00-0027656,R.Gronkowski,TE,TE,TB,9902,2142a164-48ad-47d6-bb27-0bc58c6b2e62,9721.0,5567.0,515.0,robgronkowski/497240,13229.0,24017.0,,1244303.0,GronRo00,rob-gronkowski-1,6443.0,5729.0,,24017.0,381091.0,10974.0,381091.0,Rob Gronkowski,rob gronkowski,1,2,2.0,1,0.0,0.0,31.0,0.0,1.0,-0.6403922,0,0.06451613,0.09090909,0.13596492,0.23153907,,,,,,,,,,,,,,,,,REG,TB,MIN,Rob Gronkowski,GronRo00,0.0,0.0,0.0,95.8
2020,REG,14,00-0030216,J.Hill,TE,TE,NO,11529,687cdc33-bd0d-4b70-adb3-33f97dc26a3c,13565.0,8200.0,1777.0,joshhill/2541834,16143.0,26950.0,,2060083.0,HillJo02,,9071.0,8764.0,,26950.0,469509.0,15866.0,,Josh Hill,josh hill,1,1,1.0,0,0.0,0.0,0.0,1.0,0.0,-0.44704837,0,0.0,0.027027028,0.0,0.04054054,,,,,,,,,,,,,,,,,REG,NO,PHI,Josh Hill,HillJo02,0.0,0.0,0.0,79.2
2020,REG,14,00-0030470,V.McDonald,TE,TE,PIT,11257,8f24a248-b328-43ec-8677-67600e42a8f7,11699.0,7836.0,1587.0,vancemcdonald/2540215,15853.0,26678.0,,1673357.0,McDoVa00,vance-mcdonald-1,8785.0,8413.0,,26678.0,494969.0,15239.0,,Vance McDonald,vance mcdonald,0,2,0.0,0,0.0,0.0,3.0,0.0,0.0,-2.2394068,0,0.0,0.054054055,0.012396694,0.08975877,,,,,,,,,,,,,,,,,REG,PIT,BUF,Vance McDonald,McDoVa00,0.0,0.0,0.0,39.6
2020,REG,14,00-0033421,A.Auclair,TE,TE,TB,13445,d6647491-8a3c-4f9f-999c-823823bd478d,16501.0,24606.0,4468.0,,4081127.0,30468.0,,2819226.0,AuclAn00,,12230.0,12603.0,,30468.0,1050026.0,19335.0,1050026.0,Antony Auclair,antony auclair,0,1,0.0,0,0.0,0.0,12.0,0.0,0.0,-0.6814362,0,0.0,0.045454547,0.05263158,0.10502392,,,,,,,,,,,,,,,,,REG,TB,MIN,Antony Auclair,AuclAn00,0.0,0.0,0.0,39.6
2020,REG,14,00-0033528,J.Sprinkle,TE,TE,WAS,13194,2dcc8e56-ac32-4774-a011-b1e65ca73786,16461.0,11909.0,4221.0,,2980073.0,30267.0,,1999945.0,SpriJe00,jeremy-sprinkle-1,11899.0,12368.0,,30267.0,693833.0,19067.0,693833.0,Jeremy Sprinkle,jeremy sprinkle,0,1,0.0,0,0.0,0.0,-1.0,0.0,0.0,-0.4179856,0,0.0,0.03448276,-0.005291005,0.048020434,,,,,,,,,,,,,,,,,REG,WAS,SF,Jeremy Sprinkle,SpriJe00,0.0,0.0,0.0,39.6
2020,REG,14,00-0036194,D.Asiasi,TE,TE,NE,14936,05e15d81-6bb1-49f7-b677-63475d073961,19435.0,40294.0,6956.0,,4046522.0,32761.0,,2260483.0,AsiaDe00,devin-asiasi-1,14425.0,,,32761.0,0.0,21771.0,946008.0,Devin Asiasi,devin asiasi,0,1,0.0,0,0.0,0.0,7.0,0.0,0.0,-3.31813,0,0.0,0.04347826,0.049295776,0.099724434,,,,,,,,,,,,,,,,,REG,NE,LA,Devin Asiasi,AsiaDe00,0.0,0.0,0.0,39.6
2020,REG,14,00-0036429,C.Woerner,TE,TE,SF,14984,527dfee0-a242-4dc7-830a-ab7028308259,19665.0,42257.0,7075.0,,4035020.0,32860.0,,2248629.0,WoerCh00,charlie-woerner-1,14608.0,,,32860.0,0.0,22119.0,922040.0,Charlie Woerner,charlie woerner,0,1,0.0,0,0.0,0.0,-1.0,0.0,0.0,-1.7669752,0,0.0,0.022727273,-0.0037313432,0.031478968,,,,,,,,,,,,,,,,,REG,SF,WAS,Charlie Woerner,WoerCh00,0.0,0.0,0.0,39.6
2020,REG,15,00-0031610,D.Waller,TE,TE,LV,12263,14c97c9f-26e8-4944-9299-f90de6aeada3,14104.0,9637.0,2505.0,,2576925.0,28592.0,,1850793.0,WallDa01,darren-waller-1,10215.0,10433.0,,28592.0,600191.0,16964.0,600191.0,Darren Waller,darren waller,9,12,150.0,1,0.0,0.0,163.0,40.0,8.0,13.541926,0,0.9202454,0.4,0.5344262,0.9740984,Darren Waller,LV,6.243333333333333,2.4578867045954316,13.742500000000001,53.272386613257524,75.0,150.0,1.0,4.377777777777777,4.01394226355626,0.3638355142215177,00-0031610,Darren,Waller,D.Waller,REG,LV,LAC,Darren Waller,WallDa01,0.0,0.0,0.0,144.4
2020,REG,15,00-0031260,L.Thomas,TE,TE,WAS,11647,b24625a0-d402-4d59-a778-aa4b073bfe5e,12095.0,8755.0,2251.0,loganthomas/2543767,16813.0,27648.0,,1691193.0,ThomLo00,logan-thomas-1,9323.0,9354.0,,27648.0,507528.0,16656.0,507528.0,Logan Thomas,logan thomas,13,16,101.0,0,0.0,0.0,65.0,62.0,5.0,4.362977,0,1.5538461,0.3018868,0.19578314,0.5898784,Logan Thomas,WAS,4.931666666666666,3.640697453852076,4.351875,19.350804546591444,81.25,101.0,0.0,4.695384615384615,4.254192847762992,0.44119176762162304,00-0031260,Logan,Thomas,L.Thomas,REG,WAS,SEA,Logan Thomas,ThomLo00,0.0,0.0,0.0,93.0
2020,REG,15,00-0030061,Z.Ertz,TE,TE,PHI,11247,de3421f7-2147-4835-89a5-724e87bad463,11689.0,7816.0,1339.0,zachertz/2540158,15835.0,26658.0,,1685963.0,ErtzZa00,zach-ertz-1,8781.0,8409.0,305.0,26658.0,503177.0,14856.0,503177.0,Zach Ertz,zach ertz,2,7,69.0,0,0.0,0.0,78.0,24.0,2.0,0.67457265,0,0.88461536,0.175,0.20580475,0.4065633,Zach Ertz,PHI,4.1814285714285715,3.2003887715365322,10.418571428571429,16.27720120522263,28.57142857142857,69.0,0.0,12.314999999999998,6.831596983819537,5.4834030161804606,00-0030061,Zachary,Ertz,Z.Ertz,REG,PHI,ARI,Zach Ertz,ErtzZa00,0.0,0.0,0.0,68.2
2020,REG,15,00-0030506,T.Kelce,TE,TE,KC,11244,c3859e06-5f23-4302-a71b-04820a899d5f,11594.0,7844.0,1466.0,traviskelce/2540258,15847.0,26686.0,,1725130.0,KelcTr00,travis-kelce-1,8783.0,8411.0,264.0,26686.0,448240.0,15048.0,448240.0,Travis Kelce,travis kelce,8,12,68.0,1,0.0,0.0,73.0,41.0,5.0,3.5975645,1,0.9315069,0.27272728,0.18024692,0.5352638,Travis Kelce,KC,5.453333333333334,2.7210639053678793,5.660833333333332,16.538845470260263,66.66666666666666,68.0,1.0,5.157500000000001,4.303424594882998,0.854075405117003,00-0030506,Travis,Kelce,T.Kelce,REG,KC,NO,Travis Kelce,KelcTr00,0.0,0.0,0.0,109.0
2020,REG,15,00-0035644,N.Fant,TE,TE,DEN,14137,cdc98acc-9eb6-4b44-81bb-61d7b8a3b55f,17527.0,42388.0,5857.0,,4036131.0,31852.0,,2251095.0,FantNo00,noah-fant-1,13426.0,14050.0,243.0,31852.0,923911.0,20753.0,923911.0,Noah Fant,noah fant,8,11,68.0,1,0.0,0.0,53.0,26.0,7.0,5.3785944,0,1.2830188,0.34375,0.424,0.812425,Noah Fant,DEN,4.998333333333334,3.347384315734084,5.315454545454548,41.488682324558305,72.72727272727273,68.0,1.0,3.1337499999999974,2.5386622820455855,0.5950877179544118,00-0035644,Noah,Fant,N.Fant,REG,DEN,BUF,Noah Fant,FantNo00,0.0,0.0,0.0,118.7
2020,REG,15,00-0033110,T.Higbee,TE,TE,LA,12678,0df7912d-9e81-47ea-b4f7-d04986df4ee8,15623.0,10744.0,3271.0,,2573401.0,29344.0,,1853103.0,HigbTy00,tyler-higbee-1,10854.0,11430.0,159.0,29344.0,604176.0,18032.0,604176.0,Tyler Higbee,tyler higbee,4,5,67.0,1,0.0,0.0,35.0,43.0,3.0,4.4827027,0,1.9142857,0.16666667,0.19125684,0.38387978,Tyler Higbee,LAR,5.119999999999999,2.4889057184379877,6.634,17.05135454685653,80.0,67.0,1.0,10.9275,3.6006914439496995,7.326808556050301,00-0033110,Tyler,Higbee,T.Higbee,REG,LA,NYJ,Tyler Higbee,HigbTy00,1.0,1.0,0.2,158.3
2020,REG,15,00-0034753,M.Andrews,TE,TE,BAL,13671,0618f387-9b72-4270-8b8f-dec4cccc9e4a,17269.0,47436.0,5012.0,,3116365.0,31056.0,,2131121.0,AndrMa00,mark-andrews-1,12559.0,13182.0,366.0,31056.0,820699.0,19803.0,820699.0,Mark Andrews,mark andrews,5,5,66.0,1,0.0,0.0,57.0,9.0,4.0,5.1593018,0,1.1578947,0.1923077,0.22440945,0.44554815,Mark Andrews,BAL,3.9459999999999993,1.2314817883559015,10.87,20.891793196232943,100.0,66.0,1.0,2.5760000000000005,3.101374828458984,-0.5253748284589834,00-0034753,Mark,Andrews,M.Andrews,REG,BAL,JAX,Mark Andrews,AndrMa00,0.0,0.0,0.0,158.3
2020,REG,15,00-0033090,H.Henry,TE,TE,LAC,12676,705899da-3c20-4bc3-b5d0-2e6e40655131,15561.0,10669.0,3214.0,,3046439.0,29269.0,,2079848.0,HenrHu00,hunter-henry-1,10735.0,11299.0,212.0,29269.0,744425.0,17975.0,744425.0,Hunter Henry,hunter henry,5,7,65.0,1,0.0,0.0,64.0,19.0,5.0,6.826464,0,1.015625,0.21875,0.17827298,0.4529161,Hunter Henry,LAC,3.276666666666667,1.3345909717022615,8.900000000000002,17.909503823377225,71.42857142857143,65.0,1.0,4.165999999999999,3.370678791352566,0.7953212086474326,00-0033090,Hunter,Henry,H.Henry,REG,LAC,LV,Hunter Henry,HenrHu00,0.0,0.0,0.0,139.9
2020,REG,15,00-0034270,T.Conklin,TE,TE,MIN,13675,f0d17dfa-ebf3-416c-a8d2-c6bc30675103,17598.0,47327.0,5133.0,,3915486.0,31220.0,,2165249.0,ConkTy00,tyler-conklin-1,12809.0,13220.0,489.0,31127.0,861278.0,19988.0,861278.0,Tyler Conklin,tyler conklin,3,4,57.0,1,0.0,0.0,16.0,52.0,2.0,1.2375325,0,3.5625,0.13333334,0.1,0.27,,,,,,,,,,,,,,,,,REG,MIN,CHI,Tyler Conklin,ConkTy00,1.0,0.0,0.0,156.2
2020,REG,15,00-0031273,C.Brate,TE,TE,TB,12110,5afe93fd-0caf-4cca-83fc-7f405bebfa3e,13470.0,9207.0,2214.0,,17453.0,28267.0,,2132787.0,BratCa00,,10008.0,10193.0,,28267.0,552926.0,16593.0,552926.0,Cameron Brate,cameron brate,4,4,54.0,0,0.0,0.0,41.0,13.0,3.0,4.609937,0,1.3170732,0.093023255,0.128125,0.22922239,,,,,,,,,,,,,,,,,REG,TB,ATL,Cameron Brate,BratCa00,0.0,0.0,0.0,118.7
2020,REG,15,00-0034011,D.Arnold,TE,TE,ARI,13880,d479a777-b53b-4bbf-a8e4-0c1675ac48df,17143.0,51842.0,4741.0,,4212989.0,30891.0,,2835170.0,ArnoDa00,,12276.0,12972.0,,30891.0,1053627.0,19659.0,1053627.0,Dan Arnold,dan arnold,3,5,54.0,0,0.0,0.0,85.0,10.0,2.0,4.3332486,0,0.63529414,0.13513513,0.23351648,0.36616424,Dan Arnold,ARI,6.463333333333334,3.5204096565014664,16.532,23.57605316448475,60.0,54.0,0.0,4.039999999999999,2.7998008341461778,1.2401991658538214,00-0034011,Daniel,Arnold,D.Arnold,REG,ARI,PHI,Dan Arnold,ArnoDa00,0.0,0.0,0.0,97.1
2020,REG,15,00-0033858,J.Smith,TE,TE,TEN,13193,e4f25a37-74de-4bfb-b6c9-f50a4fab0b87,16460.0,11855.0,4144.0,,3054212.0,30213.0,,2081506.0,SmitJo01,jonnu-smith-1,11807.0,12344.0,84.0,30213.0,743749.0,18990.0,743749.0,Jonnu Smith,jonnu smith,5,5,52.0,0,0.0,0.0,24.0,28.0,4.0,5.516125,0,2.1666667,0.1923077,0.10619469,0.36279783,Jonnu Smith,TEN,7.260000000000001,4.532833880725174,4.372,9.841527102467134,100.0,52.0,0.0,6.0280000000000005,3.294801637148899,2.7331983628511014,00-0033858,Jonnu,Smith,J.Smith,REG,TEN,DET,Jonnu Smith,SmitJo01,0.0,0.0,0.0,110.0
2020,REG,15,00-0030549,T.Eifert,TE,TE,JAX,11250,14ecf9dd-3a77-4847-8e62-407cd1182f1c,11692.0,7802.0,1388.0,tylereifert/2540148,15788.0,26644.0,,1691608.0,EifeTy00,tyler-eifert-1,8782.0,8408.0,,26644.0,508968.0,14918.0,,Tyler Eifert,tyler eifert,3,4,51.0,0,0.0,0.0,42.0,13.0,3.0,3.0151064,0,1.2142857,0.14814815,0.1891892,0.35465464,,,,,,,,,,,,,,,,,REG,JAX,BAL,Tyler Eifert,EifeTy00,0.0,0.0,0.0,116.7
2020,REG,15,00-0034364,J.Akins,TE,TE,HOU,13753,0cb5a32a-a340-4671-ba2a-93f5fa6aee8d,17415.0,47050.0,5032.0,,3128452.0,31068.0,,2142712.0,AkinJo00,jordan-akins-1,12568.0,13238.0,,31068.0,838396.0,19903.0,838396.0,Jordan Akins,jordan akins,5,6,50.0,0,0.0,0.0,44.0,10.0,2.0,2.8155587,0,1.1363636,0.15789473,0.15017065,0.34196156,Jordan Akins,HOU,5.925,3.968592826613341,7.520000000000002,15.28144686039423,83.33333333333334,50.0,0.0,1.5959999999999972,2.5512821214904933,-0.9552821214904961,00-0034364,Jordan,Akins,J.Akins,REG,HOU,IND,Jordan Akins,AkinJo00,0.0,1.0,0.167,101.4
2020,REG,15,00-0034766,C.Herndon,TE,TE,NYJ,13679,780a48de-d092-4e87-9c34-8d1b45a154cc,17536.0,47164.0,5009.0,,3123050.0,31077.0,,2136463.0,HernCh00,christopher-herndon-iv-1,12899.0,13228.0,,31077.0,832080.0,19947.0,832080.0,Chris Herndon,chris herndon,3,4,48.0,0,0.0,0.0,39.0,9.0,3.0,1.8573475,0,1.2307693,0.14814815,0.325,0.44972223,,,,,,,,,,,,,,,,,REG,NYJ,LA,Chris Herndon,HernCh00,0.0,0.0,0.0,114.6
2020,REG,15,00-0033881,E.Engram,TE,TE,NYG,13189,e21365af-8d66-416e-b0a5-8816d18fcfd9,16411.0,11778.0,4066.0,,3051876.0,30136.0,,2079887.0,EngrEv00,evan-engram-1,11805.0,12205.0,229.0,30136.0,749185.0,18912.0,749185.0,Evan Engram,evan engram,4,7,46.0,0,0.0,0.0,63.0,18.0,2.0,-1.5976088,0,0.73015875,0.21875,0.21140939,0.4761116,Evan Engram,NYG,8.166666666666666,2.591286214456697,10.002857142857142,22.560897022812224,57.14285714285714,46.0,0.0,4.850000000000001,3.7317569172993075,1.118243082700694,00-0033881,Evan,Engram,E.Engram,REG,NYG,CLE,Evan Engram,EngrEv00,0.0,1.0,0.143,77.1
2020,REG,15,00-0036008,H.Bryant,TE,TE,DET,14874,826c6c22-2a3a-48bb-befb-8e552fb391ea,19242.0,61072.0,6846.0,,4243318.0,33186.0,,2815166.0,BryaHu02,,14364.0,,,33186.0,0.0,21683.0,,Hunter Bryant,hunter bryant,1,2,44.0,0,0.0,0.0,55.0,12.0,1.0,2.1037347,0,0.8,0.054054055,0.15580736,0.19014624,,,,,,,,,,,,,,,,,REG,DET,TEN,Hunter Bryant,BryaHu02,0.0,0.0,0.0,95.8
2020,REG,15,00-0031558,M.Williams,TE,TE,ARI,12206,52f4a43a-64a9-4d69-a9e2-28bd60f68e49,13919.0,9488.0,2360.0,,2970726.0,28443.0,,1983769.0,WillMa04,maxx-williams-1,10128.0,10298.0,,28443.0,651658.0,16816.0,651658.0,Maxx Williams,maxx williams,1,1,42.0,0,0.0,0.0,4.0,38.0,1.0,2.4644148,0,10.5,0.027027028,0.010989011,0.04823285,,,,,,,,,,,,,,,,,REG,ARI,PHI,Maxx Williams,WillMa04,1.0,0.0,0.0,118.7
2020,REG,15,00-0032392,A.Hooper,TE,TE,CLE,12677,90c2a93f-d837-4e1b-b57c-56648903a8db,15581.0,10715.0,3202.0,,3043275.0,29315.0,,2067004.0,HoopAu00,austin-hooper-1,10748.0,11301.0,384.0,29315.0,739424.0,17963.0,739424.0,Austin Hooper,austin hooper,5,6,41.0,1,0.0,0.0,25.0,19.0,4.0,2.7636244,0,1.64,0.2,0.11013216,0.3770925,Austin Hooper,CLE,7.5680000000000005,4.120676796476967,6.1450000000000005,15.015883359126825,83.33333333333334,41.0,1.0,3.7640000000000007,7.4731380022046325,-3.709138002204632,00-0032392,Austin,Hooper,A.Hooper,REG,CLE,NYG,Austin Hooper,HoopAu00,1.0,0.0,0.0,134.7
2020,REG,15,00-0034798,D.Smythe,TE,TE,MIA,13676,7e42a22a-c47b-4387-aeeb-2cc2e76dc1d8,17508.0,47257.0,5008.0,,3052897.0,31093.0,,2082845.0,SmytDu00,durham-smythe-1,12807.0,13249.0,,31093.0,749968.0,19943.0,749968.0,Durham Smythe,durham smythe,5,5,40.0,0,0.0,0.0,14.0,26.0,4.0,2.4179125,0,2.857143,0.2,0.14285715,0.4,Durham Smythe,MIA,6.7775,2.7737106998872982,3.0260000000000007,16.530099420954883,100.0,40.0,0.0,4.973999999999999,3.249210487463279,1.7247895125367205,00-0034798,Durham,Smythe,D.Smythe,REG,MIA,NE,Durham Smythe,SmytDu00,1.0,0.0,0.0,100.0
2020,REG,15,00-0034351,D.Goedert,TE,TE,PHI,13674,e8029983-87cf-49a2-bc04-04c8233a0630,17270.0,47272.0,5022.0,,3121023.0,31019.0,,2132551.0,GoedDa00,,12860.0,13151.0,382.0,31019.0,791365.0,19863.0,791365.0,Dallas Goedert,dallas goedert,4,8,39.0,0,0.0,0.0,82.0,8.0,3.0,-4.3566456,0,0.47560975,0.2,0.21635884,0.45145118,Dallas Goedert,PHI,6.394285714285715,1.8993322916869098,11.17875,19.959825912286576,50.0,39.0,0.0,1.7150000000000016,3.33706906979455,-1.6220690697945486,00-0034351,Dallas,Goedert,D.Goedert,REG,PHI,ARI,Dallas Goedert,GoedDa00,2.0,0.0,0.0,64.1
2020,REG,15,00-0034970,I.Smith,TE,TE,MIN,14141,ed0e6a30-83d5-4f4b-bf49-f7ff80e21304,18610.0,42060.0,6126.0,,4040980.0,31882.0,,2257888.0,SmitIr01,irv-smith-jr-1,13583.0,14052.0,,31882.0,944428.0,20949.0,944428.0,Irv Smith,irv smith,3,4,37.0,0,0.0,0.0,22.0,21.0,2.0,1.3296871,0,1.6818181,0.13333334,0.1375,0.29625,,,,,,,,,,,,,,,,,REG,MIN,CHI,Irv Smith Jr.,SmitIr01,0.0,1.0,0.25,103.1
2020,REG,15,00-0035689,D.Knox,TE,TE,BUF,14143,5fb525c5-4e70-4ede-8c49-94ad0cf66b7d,18631.0,35883.0,5906.0,,3930086.0,31928.0,,2186345.0,KnoxDa00,dawson-knox-1,13466.0,13953.0,88.0,31928.0,884083.0,20850.0,884083.0,Dawson Knox,dawson knox,2,4,36.0,1,0.0,0.0,56.0,10.0,2.0,3.707028,0,0.64285713,0.10526316,0.14285715,0.25789472,,,,,,,,,,,,,,,,,REG,BUF,DEN,Dawson Knox,KnoxDa00,0.0,0.0,0.0,120.8
2020,REG,15,00-0035660,K.Warring,TE,TE,HOU,14195,a96e777e-120a-4843-8bfb-59069bd1bd52,18680.0,37213.0,6164.0,,3933327.0,31918.0,,2190068.0,WarrKa00,kahale-warring-1,13478.0,14053.0,,31918.0,887526.0,20974.0,887526.0,Kahale Warring,kahale warring,2,2,32.0,0,0.0,0.0,25.0,7.0,2.0,2.7563505,0,1.28,0.05263158,0.085324235,0.13867433,,,,,,,,,,,,,,,,,REG,HOU,IND,Kahale Warring,WarrKa00,0.0,0.0,0.0,118.7
2020,REG,15,00-0027061,J.Cook,TE,TE,NO,9474,3b7a1409-d154-4e5c-8c94-9d4a0e0993c7,9265.0,5012.0,367.0,jaredcook/71265,12537.0,9353.0,6126.0,584314.0,CookJa02,jared-cook-2,5981.0,5165.0,,9353.0,296480.0,8534.0,296480.0,Jared Cook,jared cook,2,5,29.0,0,0.0,0.0,82.0,7.0,1.0,1.8478192,0,0.35365853,0.15151516,0.33064517,0.45872435,Jared Cook,NO,4.006,1.2091916083944578,14.136000000000001,29.661337026312477,40.0,29.0,0.0,2.7349999999999994,1.9978822903983158,0.7371177096016837,00-0027061,Jared,Cook,J.Cook,REG,NO,KC,Jared Cook,CookJa02,0.0,0.0,0.0,59.6
2020,REG,15,00-0027656,R.Gronkowski,TE,TE,TB,9902,2142a164-48ad-47d6-bb27-0bc58c6b2e62,9721.0,5567.0,515.0,robgronkowski/497240,13229.0,24017.0,,1244303.0,GronRo00,rob-gronkowski-1,6443.0,5729.0,,24017.0,381091.0,10974.0,381091.0,Rob Gronkowski,rob gronkowski,3,7,29.0,0,0.0,0.0,58.0,14.0,2.0,-0.33879128,0,0.5,0.1627907,0.18125,0.37106106,Rob Gronkowski,TB,4.08,1.8987724661523644,9.802857142857144,21.370289629398943,42.857142857142854,29.0,0.0,4.55,3.737928531074431,0.812071468925569,00-0027656,Robert,Gronkowski,R.Gronkowski,REG,TB,ATL,Rob Gronkowski,GronRo00,0.0,0.0,0.0,55.1
2020,REG,15,00-0034365,I.Thomas,TE,TE,CAR,13678,ed8a8fd2-df67-45e7-a34f-984afb82f6ea,17387.0,42130.0,4995.0,,4045305.0,31071.0,,2253359.0,ThomIa00,ian-thomas-3,12858.0,13163.0,323.0,31071.0,943093.0,19910.0,943093.0,Ian Thomas,ian thomas,3,4,29.0,0,0.0,0.0,26.0,18.0,2.0,3.1111722,0,1.1153846,0.11764706,0.10699589,0.25136772,,,,,,,,,,,,,,,,,REG,CAR,GB,Ian Thomas,ThomIa00,0.0,0.0,0.0,94.8
2020,REG,15,00-0033895,G.Everett,TE,TE,LA,13236,ebeceb00-57e0-4b74-9cf7-853da2afed18,16459.0,11799.0,4089.0,,3918639.0,30157.0,,2142692.0,EverGe00,gerald-everett-1,11737.0,12284.0,55.0,30157.0,838487.0,18935.0,838487.0,Gerald Everett,gerald everett,2,5,28.0,0,0.0,0.0,49.0,18.0,1.0,-4.8481226,0,0.5714286,0.16666667,0.26775956,0.4374317,Gerald Everett,LAR,4.2575,4.478774862007842,11.474,29.49159512671568,40.0,28.0,0.0,9.764999999999999,6.252349876195922,3.512650123804077,00-0033895,Gerald,Everett,G.Everett,REG,LA,NYJ,Gerald Everett,EverGe00,0.0,1.0,0.2,58.7
2020,REG,15,00-0034073,R.Dwelley,TE,TE,SF,13988,70473218-5ae3-47b4-86fd-151e68f1e8b9,17886.0,20994.0,5285.0,,3120303.0,31329.0,,2924888.0,DwelRo00,,13030.0,13522.0,,31329.0,752665.0,20361.0,752665.0,Ross Dwelley,ross dwelley,2,2,28.0,0,0.0,0.0,7.0,21.0,1.0,1.9799899,0,4.0,0.048780486,0.020958085,0.08784139,,,,,,,,,,,,,,,,,REG,SF,DAL,Ross Dwelley,DwelRo00,0.0,0.0,0.0,118.7
2020,REG,15,00-0027696,J.Graham,TE,TE,CHI,9925,fd85786d-3900-4dc0-9b30-334ee30413ed,9712.0,5619.0,616.0,jimmygraham/497236,13232.0,24070.0,6610.0,1691166.0,GrahJi00,jimmy-graham-1,6532.0,5842.0,,24070.0,295918.0,11488.0,295918.0,Jimmy Graham,jimmy graham,2,3,25.0,0,0.0,0.0,26.0,13.0,1.0,0.9259632,0,0.96153843,0.14285715,0.15568863,0.32326776,,,,,,,,,,,,,,,,,REG,CHI,MIN,Jimmy Graham,GrahJi00,0.0,0.0,0.0,92.4
2020,REG,15,00-0033885,D.Njoku,TE,TE,CLE,13192,8f86fcea-90e8-49ea-bc78-5c7659313e57,16399.0,11784.0,4033.0,,3123076.0,30142.0,,2136474.0,NjokDa00,david-njoku-1,11734.0,12186.0,252.0,30142.0,832098.0,18876.0,832098.0,David Njoku,david njoku,1,1,22.0,0,0.0,0.0,20.0,2.0,1.0,1.5659051,0,1.1,0.033333335,0.08810572,0.11167401,,,,,,,,,,,,,,,,,REG,CLE,NYG,David Njoku,NjokDa00,0.0,0.0,0.0,118.7
2020,REG,15,00-0034981,F.Moreau,TE,TE,LV,14239,9c3a67fd-5c6e-4689-9e08-9ff6d4db6c9a,18397.0,47043.0,5985.0,,3843945.0,31969.0,,2180634.0,MoreFo00,foster-moreau-1,13822.0,14154.0,179.0,31969.0,865573.0,20884.0,865573.0,Foster Moreau,foster moreau,1,1,22.0,0,0.0,0.0,22.0,0.0,1.0,1.8844578,0,1.0,0.033333335,0.07213115,0.10049181,,,,,,,,,,,,,,,,,REG,LV,LAC,Foster Moreau,MoreFo00,0.0,0.0,0.0,118.7
2020,REG,15,00-0028042,L.Stocker,TE,TE,ATL,10354,5b712aed-201c-43dd-b978-b7b6ef91178e,9948.0,6256.0,963.0,lukestocker/2495234,14099.0,24891.0,7589.0,1125485.0,StocLu00,luke-stocker-1,7413.0,6552.0,,24891.0,334186.0,13370.0,334186.0,Luke Stocker,luke stocker,2,3,21.0,0,0.0,0.0,5.0,20.0,1.0,-0.2892112,0,4.2,0.0625,0.0119904075,0.10214329,,,,,,,,,,,,,,,,,REG,ATL,TB,Luke Stocker,StocLu00,0.0,0.0,0.0,86.8
2020,REG,15,00-0034830,H.Hurst,TE,TE,ATL,13680,1b125fc4-5dd9-4eb9-a42f-048e61ca42b7,17283.0,47294.0,4973.0,,3924365.0,30995.0,,2185053.0,HursHa00,hayden-hurst-1,12467.0,13098.0,8.0,30995.0,881956.0,19843.0,881956.0,Hayden Hurst,hayden hurst,4,5,21.0,1,0.0,0.0,21.0,0.0,2.0,0.7726379,0,1.0,0.104166664,0.05035971,0.1915018,Hayden Hurst,ATL,3.808,2.0444647647423713,4.743999999999999,5.550355672032945,80.0,21.0,1.0,-0.004999999999999005,0.8948518334228766,-0.8998518334228756,00-0034830,Hayden,Hurst,H.Hurst,REG,ATL,TB,Hayden Hurst,HursHa00,0.0,0.0,0.0,123.7
2020,REG,15,00-0033455,A.Firkser,TE,TE,TEN,13919,b0719e3d-199b-46e5-a2b4-1091f6fd5c0d,16787.0,51837.0,4435.0,,3049698.0,30571.0,,2818971.0,FirkAn00,,12235.0,12691.0,,30571.0,767297.0,19296.0,767297.0,Anthony Firkser,anthony firkser,1,1,20.0,0,0.0,0.0,14.0,6.0,1.0,3.0292273,0,1.4285715,0.03846154,0.061946902,0.10105514,,,,,,,,,,,,,,,,,REG,TEN,DET,Anthony Firkser,FirkAn00,0.0,0.0,0.0,118.7
2020,REG,15,00-0036232,H.Bryant,TE,TE,CLE,14875,f58a5899-8b78-46e8-a29a-ba6273b7d872,19389.0,26394.0,6850.0,,4040774.0,32785.0,,2241240.0,BryaHa00,harrison-bryant-1,14576.0,,752.0,32785.0,0.0,21783.0,916467.0,Harrison Bryant,harrison bryant,2,2,19.0,0,0.0,0.0,4.0,15.0,1.0,1.380708,0,4.75,0.06666667,0.017621145,0.1123348,,,,,,,,,,,,,,,,,REG,CLE,NYG,Harrison Bryant,BryaHa00,0.0,0.0,0.0,106.2
2020,REG,15,00-0030472,J.Reed,TE,TE,SF,11248,c3bf8d3e-3b2e-4f9e-ad74-c0a684035f17,11690.0,7866.0,1500.0,jordanreed/2540160,15860.0,26708.0,,1691412.0,ReedJo02,jordan-reed-1,8615.0,8412.0,,26708.0,508876.0,15100.0,,Jordan Reed,jordan reed,2,5,18.0,1,0.0,0.0,32.0,11.0,2.0,-1.7753718,0,0.5625,0.12195122,0.09580839,0.2499927,Jordan Reed,SF,5.772,2.2436598702857764,8.88,13.357802581305094,40.0,18.0,1.0,5.365,2.173095318335072,3.191904681664928,00-0030472,Jordan,Reed,J.Reed,REG,SF,DAL,Jordan Reed,ReedJo02,0.0,1.0,0.2,50.4
2020,REG,15,00-0033757,R.Tonyan,TE,TE,GB,13427,7c9c7800-69d0-459b-812b-a07ac48e9f2a,16502.0,12193.0,4602.0,,2975674.0,30777.0,,2820026.0,TonyRo00,,12389.0,12868.0,,30777.0,660151.0,19491.0,660151.0,Robert Tonyan,robert tonyan,3,3,18.0,1,0.0,0.0,13.0,5.0,3.0,2.055667,0,1.3846154,0.115384616,0.10483871,0.24646401,,,,,,,,,,,,,,,,,REG,GB,CAR,Robert Tonyan,TonyRo00,0.0,0.0,0.0,131.2
2020,REG,15,00-0035229,T.Hockenson,TE,TE,DET,14138,bd1120b6-38b3-4225-a4b0-20660a149d0d,18290.0,40912.0,5844.0,,4036133.0,31840.0,,2251097.0,HockTJ00,tj-hockenson-1,13610.0,14051.0,247.0,31840.0,923915.0,20805.0,923915.0,T.J. Hockenson,tj hockenson,2,4,18.0,0,0.0,0.0,37.0,8.0,1.0,0.97414064,0,0.4864865,0.10810811,0.10481586,0.23553327,,,,,,,,,,,,,,,,,REG,DET,TEN,T.J. Hockenson,HockTJ00,0.0,0.0,0.0,62.5
2020,REG,15,00-0033387,J.Hollister,TE,TE,SEA,13391,ad2a1d03-020b-487a-bd5f-7ca9fbc250fe,16527.0,12051.0,4421.0,,3125404.0,30661.0,,2818962.0,HollJa03,,12271.0,12491.0,,30661.0,696882.0,19281.0,696882.0,Jacob Hollister,jacob hollister,2,2,17.0,1,0.0,0.0,16.0,1.0,1.0,3.4380662,0,1.0625,0.07692308,0.13333334,0.20871794,,,,,,,,,,,,,,,,,REG,SEA,WAS,Jacob Hollister,HollJa03,0.0,0.0,0.0,141.7
2020,REG,15,00-0033896,A.Shaheen,TE,TE,MIA,13254,87171077-4c1c-4b67-b159-2cc6242988e0,16457.0,11800.0,4085.0,,4198676.0,30158.0,,2818105.0,ShahAd00,,11898.0,12283.0,,30158.0,1049770.0,18931.0,1049770.0,Adam Shaheen,adam shaheen,1,2,15.0,0,0.0,0.0,11.0,14.0,1.0,0.41581294,0,1.3636364,0.08,0.1122449,0.19857143,,,,,,,,,,,,,,,,,REG,MIA,NE,Adam Shaheen,ShahAd00,3.0,0.0,0.0,75.0
2020,REG,15,00-0030181,J.Doyle,TE,TE,IND,11516,bd413539-9351-454e-9d61-4e8635d7e9f5,11987.0,8520.0,1706.0,jackdoyle/2540232,16504.0,27299.0,,2041264.0,DoylJa00,,9081.0,9075.0,,27299.0,477386.0,15602.0,477386.0,Jack Doyle,jack doyle,2,2,14.0,0,0.0,0.0,7.0,7.0,1.0,1.675533,0,2.0,0.06896552,0.03517588,0.1280714,,,,,,,,,,,,,,,,,REG,IND,HOU,Jack Doyle,DoylJa00,0.0,0.0,0.0,95.8
2020,REG,15,00-0030443,L.Toilolo,TE,TE,NYG,11252,67d56171-7522-430c-b7d9-8f7e2b6624d3,11694.0,7915.0,1642.0,levinetoilolo/2540203,15980.0,26756.0,,1685990.0,ToilLe00,levine-toilolo-1,8789.0,8414.0,,26756.0,503205.0,15378.0,503205.0,Levine Toilolo,levine toilolo,1,1,14.0,0,0.0,0.0,3.0,11.0,1.0,0.80119264,0,4.6666665,0.03125,0.010067114,0.05392198,,,,,,,,,,,,,,,,,REG,NYG,CLE,Levine Toilolo,ToilLe00,0.0,0.0,0.0,118.7
2020,REG,15,00-0033217,M.Alie-Cox,TE,TE,IND,13246,8809c0dd-786b-4255-a7d0-333c9498c19a,16579.0,12078.0,4054.0,moalie-cox/2558832,2998565.0,30112.0,,2815925.0,AlieMo00,,12196.0,12221.0,195.0,30112.0,712506.0,18900.0,712506.0,Mo Alie-Cox,mo alie-cox,2,2,14.0,0,0.0,0.0,7.0,7.0,0.0,-0.42369056,0,2.0,0.06896552,0.03517588,0.1280714,,,,,,,,,,,,,,,,,REG,IND,HOU,Mo Alie-Cox,AlieMo00,0.0,0.0,0.0,95.8
2020,REG,15,00-0034383,D.Schultz,TE,TE,DAL,13772,8caec1b4-e0b6-4a84-b8c8-617d6e91ef6a,17349.0,47304.0,5001.0,,3117256.0,31107.0,,2136748.0,SchuDa00,dalton-schultz-1,12514.0,13198.0,487.0,31107.0,830523.0,19920.0,830523.0,Dalton Schultz,dalton schultz,2,2,14.0,1,0.0,0.0,4.0,10.0,1.0,1.1150938,0,3.5,0.0625,0.021390375,0.10872326,,,,,,,,,,,,,,,,,REG,DAL,SF,Dalton Schultz,SchuDa00,1.0,0.0,0.0,135.4
2020,REG,15,00-0036290,C.Kmet,TE,TE,CHI,14867,036feeb6-9a22-43c5-a8e3-7ac611d8ff49,19229.0,60995.0,6826.0,,4258595.0,32713.0,,2868619.0,KmetCo00,cole-kmet-1,14436.0,,569.0,32713.0,0.0,21772.0,1066765.0,Cole Kmet,cole kmet,2,2,12.0,0,0.0,0.0,3.0,9.0,0.0,0.6478184,0,4.0,0.0952381,0.017964073,0.15543199,,,,,,,,,,,,,,,,,REG,CHI,MIN,Cole Kmet,KmetCo00,0.0,0.0,0.0,91.7
2020,REG,15,00-0032135,J.James,TE,TE,DET,12211,a37a5bfd-b48c-4d8b-817a-d8ce7ca3592d,13959.0,9593.0,2463.0,jessejames/2552633,2979590.0,28548.0,,1983808.0,JameJe00,jesse-james-1,10150.0,10403.0,,28548.0,652019.0,16920.0,652019.0,Jesse James,jesse james,1,1,11.0,0,0.0,0.0,0.0,11.0,1.0,0.77248126,0,0.0,0.027027028,0.0,0.04054054,,,,,,,,,,,,,,,,,REG,DET,TEN,Jesse James,JameJe00,0.0,0.0,0.0,112.5
2020,REG,15,00-0033439,P.Brown,TE,TE,HOU,13994,6733b953-de77-44e5-acbf-c2d3a0940243,16937.0,12247.0,4443.0,,2971281.0,30627.0,,2819155.0,BrowPh01,,11887.0,12737.0,,30627.0,689689.0,19304.0,689689.0,Pharaoh Brown,pharaoh brown,1,1,11.0,0,0.0,0.0,5.0,6.0,1.0,1.274383,0,2.2,0.02631579,0.017064847,0.051419076,,,,,,,,,,,,,,,,,REG,HOU,IND,Pharaoh Brown,BrowPh01,0.0,0.0,0.0,112.5
2020,REG,15,00-0031585,M.Pruitt,TE,TE,TEN,12309,f22b34cf-6ecf-4522-9c77-1da275dfda7d,13964.0,9576.0,2446.0,,2508256.0,28531.0,,1760327.0,PruiMy00,,10251.0,10522.0,,28531.0,552586.0,16903.0,552586.0,MyCole Pruitt,mycole pruitt,1,2,10.0,0,0.0,0.0,36.0,2.0,1.0,0.35638714,0,0.2777778,0.07692308,0.15929204,0.22688904,,,,,,,,,,,,,,,,,REG,TEN,DET,MyCole Pruitt,PruiMy00,0.0,0.0,0.0,64.6
2020,REG,15,00-0032062,B.Bell,TE,TE,DAL,12213,0cc4e449-185a-4b08-9f07-c907ad0c3e05,13966.0,9550.0,2422.0,,2514206.0,28505.0,,1737101.0,BellBl00,blake-bell-1,10248.0,10366.0,,28505.0,542871.0,16878.0,542871.0,Blake Bell,blake bell,1,1,10.0,0,0.0,0.0,1.0,9.0,1.0,0.52509016,0,10.0,0.03125,0.0053475937,0.050618317,,,,,,,,,,,,,,,,,REG,DAL,SF,Blake Bell,BellBl00,0.0,0.0,0.0,108.3
2020,REG,15,00-0030710,T.Burton,TE,TE,IND,11705,bc0f07a4-3e7b-4e61-987a-05533dc225be,12153.0,9185.0,1793.0,treyburton/2550284,16974.0,27789.0,,2130223.0,BurtTr01,,9490.0,9737.0,,27789.0,542788.0,15965.0,,Trey Burton,trey burton,1,2,8.0,0,0.0,0.0,10.0,6.0,1.0,-0.26200372,0,0.8,0.06896552,0.050251257,0.13862416,,,,,,,,,,,,,,,,,REG,IND,HOU,Trey Burton,BurtTr01,0.0,1.0,0.5,60.4
2020,REG,15,00-0031951,J.O'Shaughnessy,TE,TE,JAX,12330,e5c6b0d4-3e77-422b-a6d8-574a10ed385e,14146.0,9606.0,2476.0,,2508079.0,28561.0,,2174148.0,O'ShJa00,,10249.0,10549.0,,28561.0,552352.0,16933.0,552352.0,James O'Shaughnessy,james oshaughnessy,1,1,6.0,0,0.0,0.0,2.0,4.0,0.0,-0.013234564,0,3.0,0.037037037,0.009009009,0.06186186,,,,,,,,,,,,,,,,,REG,JAX,BAL,James O'Shaughnessy,O'ShJa00,0.0,0.0,0.0,91.7
2020,REG,15,00-0034319,D.Yelder,TE,TE,KC,13857,cad43704-4231-4a72-b616-c66642103452,17879.0,29556.0,5277.0,,3059766.0,31519.0,,2925876.0,YeldDe00,,13022.0,13688.0,,31519.0,750702.0,20332.0,750702.0,Deon Yelder,deon yelder,1,1,6.0,0,0.0,0.0,-2.0,8.0,0.0,-0.21469994,0,0.0,0.022727273,-0.004938272,0.030634118,,,,,,,,,,,,,,,,,REG,KC,NO,Deon Yelder,YeldDe00,0.0,0.0,0.0,91.7
2020,REG,15,00-0035631,D.Sample,TE,TE,CIN,14146,15a4f552-ecaf-45bd-9006-aa5dda93bee6,18561.0,47259.0,6001.0,,3127310.0,31884.0,,2139646.0,SampDr00,drew-sample-1,13809.0,14111.0,435.0,31884.0,837824.0,20931.0,837824.0,Drew Sample,drew sample,1,1,4.0,0,0.0,0.0,4.0,0.0,0.0,-0.052256986,0,1.0,0.07692308,0.022346368,0.13102707,,,,,,,,,,,,,,,,,REG,CIN,PIT,Drew Sample,SampDr00,0.0,0.0,0.0,83.3
2020,REG,15,00-0033258,D.Daniels,TE,TE,ARI,13396,7574eb56-a34a-419e-9682-c4788cfe2019,16582.0,12122.0,4323.0,,3052166.0,30523.0,,2079698.0,DaniDa02,,11890.0,12453.0,,30523.0,747895.0,19176.0,747895.0,Darrell Daniels,darrell daniels,1,1,2.0,0,0.0,0.0,-4.0,6.0,0.0,-0.35096064,0,0.0,0.027027028,-0.010989011,0.03284823,,,,,,,,,,,,,,,,,REG,ARI,PHI,Darrell Daniels,DaniDa02,0.0,0.0,0.0,79.2
2020,REG,15,00-0036225,D.Keene,TE,TE,NE,14939,4da5e05d-fc5c-4e87-aa38-d9cde42dd476,19563.0,61068.0,7082.0,,4240861.0,32771.0,,2805113.0,KeenDa00,dalton-keene-1,14559.0,,,32771.0,0.0,21808.0,976973.0,Dalton Keene,dalton keene,1,2,2.0,0,1.0,0.0,26.0,0.0,0.0,-1.5810655,0,0.07692308,0.08,0.11659193,0.20161435,,,,,,,,,,,,,,,,,REG,NE,MIA,Dalton Keene,KeenDa00,0.0,0.0,0.0,56.2
2020,REG,15,00-0028097,L.Smith,TE,TE,BUF,10398,cf23126f-055b-4617-819b-bb4bcb84541a,9992.0,6311.0,812.0,leesmith/2495347,14215.0,24946.0,7585.0,1276441.0,SmitLe00,lee-smith-2,7425.0,6665.0,,24946.0,334184.0,12777.0,334184.0,Lee Smith,lee smith,0,1,0.0,0,0.0,0.0,6.0,0.0,0.0,-0.7548316,0,0.0,0.02631579,0.015306123,0.05018797,,,,,,,,,,,,,,,,,REG,BUF,DEN,Lee Smith,SmitLe00,0.0,0.0,0.0,39.6
2020,REG,15,00-0031387,E.Ebron,TE,TE,PIT,11695,9fbcfae9-dd14-415c-8952-9b1b5dff0dfc,12143.0,8645.0,2118.0,ericebron/2543466,16732.0,27538.0,,1865396.0,EbroEr00,eric-ebron-1,9210.0,9390.0,,27538.0,605752.0,16451.0,605752.0,Eric Ebron,eric ebron,0,1,0.0,0,0.0,0.0,20.0,0.0,0.0,-0.44577405,0,0.0,0.02631579,0.06514658,0.08507629,,,,,,,,,,,,,,,,,REG,PIT,CIN,Eric Ebron,EbroEr00,0.0,0.0,0.0,39.6
2020,REG,15,00-0031690,E.Tomlinson,TE,TE,BAL,13065,b3d7169b-9cf6-4fea-815a-26e4fb0ec16a,14339.0,9786.0,2755.0,,2511973.0,28658.0,,1759992.0,TomlEr01,,10553.0,10747.0,,28658.0,554431.0,17223.0,554431.0,Eric Tomlinson,eric tomlinson,0,1,0.0,0,0.0,0.0,34.0,0.0,0.0,-2.2974513,0,0.0,0.03846154,0.13385826,0.1513931,,,,,,,,,,,,,,,,,REG,BAL,JAX,Eric Tomlinson,TomlEr01,0.0,0.0,0.0,39.6
2020,REG,15,00-0032394,N.Vannett,TE,TE,DEN,12680,c731aa8a-778b-4ccd-a19f-517eb66f47b7,15645.0,10728.0,3258.0,,2576399.0,29328.0,,1871322.0,VannNi00,nick-vannett-1,10949.0,11329.0,,29328.0,606488.0,18019.0,606488.0,Nick Vannett,nick vannett,0,1,0.0,0,0.0,0.0,-1.0,0.0,0.0,-0.87625724,0,0.0,0.03125,-0.008,0.041275,,,,,,,,,,,,,,,,,REG,DEN,BUF,Nick Vannett,VannNi00,0.0,0.0,0.0,39.6
2020,REG,15,00-0032986,J.Holtz,TE,TE,CHI,14372,8d3ac8d8-e18f-4485-acc6-55c79adcc2a8,16022.0,11062.0,3695.0,,2970262.0,29666.0,,2237671.0,HoltJ.01,,11364.0,11813.0,,29666.0,692334.0,18498.0,692334.0,J.P. Holtz,jp holtz,0,1,0.0,0,0.0,0.0,6.0,0.0,0.0,-5.067856,0,0.0,0.04761905,0.035928145,0.09657827,,,,,,,,,,,,,,,,,REG,CHI,MIN,J.P. Holtz,HoltJ.01,0.0,0.0,0.0,0.0
2020,REG,15,00-0034988,K.Smith,TE,TE,NYG,14142,7bb7f5e7-f00e-47d8-954d-90bf5baf4292,18293.0,40973.0,6146.0,,4044452.0,32008.0,,2251343.0,SmitKa00,kaden-smith-1,13516.0,14217.0,,32008.0,924018.0,20946.0,924018.0,Kaden Smith,kaden smith,1,1,0.0,0,0.0,0.0,-1.0,1.0,0.0,-0.59683675,0,0.0,0.03125,-0.0033557047,0.044526007,,,,,,,,,,,,,,,,,REG,NYG,CLE,Kaden Smith,SmitKa00,0.0,0.0,0.0,79.2
2020,REG,15,00-0035329,D.Parham,TE,TE,LAC,14341,4f246e92-3d21-450f-977a-dc16892c7238,18835.0,91014.0,6074.0,,3912092.0,32456.0,,2183713.0,ParhDo00,,13602.0,14320.0,,32456.0,875649.0,20905.0,875649.0,Donald Parham,donald parham,0,1,0.0,0,0.0,0.0,3.0,0.0,0.0,-0.557676,0,0.0,0.03125,0.008356546,0.05272458,,,,,,,,,,,,,,,,,REG,LAC,LV,Donald Parham,ParhDo00,0.0,0.0,0.0,39.6
2020,REG,15,00-0036040,J.Johnson,TE,TE,NO,14861,0226b03b-f91d-4223-9813-9fcd2e9c3acc,19562.0,28305.0,7002.0,,3929645.0,33113.0,,2186637.0,JohnJu02,,14630.0,,575.0,33113.0,0.0,21738.0,884609.0,Juwan Johnson,juwan johnson,0,4,0.0,0,0.0,0.0,39.0,0.0,0.0,-4.286239,0,0.0,0.121212125,0.15725806,0.29189882,,,,,,,,,,,,,,,,,REG,NO,KC,Juwan Johnson,JohnJu02,0.0,1.0,0.25,39.6
2020,REG,15,00-0036194,D.Asiasi,TE,TE,NE,14936,05e15d81-6bb1-49f7-b677-63475d073961,19435.0,40294.0,6956.0,,4046522.0,32761.0,,2260483.0,AsiaDe00,devin-asiasi-1,14425.0,,,32761.0,0.0,21771.0,946008.0,Devin Asiasi,devin asiasi,0,1,0.0,0,0.0,0.0,1.0,0.0,0.0,-0.57623357,0,0.0,0.04,0.004484305,0.063139014,,,,,,,,,,,,,,,,,REG,NE,MIA,Devin Asiasi,AsiaDe00,0.0,0.0,0.0,39.6
2020,REG,16,00-0031610,D.Waller,TE,TE,LV,12263,14c97c9f-26e8-4944-9299-f90de6aeada3,14104.0,9637.0,2505.0,,2576925.0,28592.0,,1850793.0,WallDa01,darren-waller-1,10215.0,10433.0,,28592.0,600191.0,16964.0,600191.0,Darren Waller,darren waller,5,6,112.0,0,0.0,0.0,102.0,19.0,5.0,6.789943,0,1.0980393,0.2,0.33224756,0.5325733,Darren Waller,LV,3.248,1.2895888518246743,15.106666666666664,31.325384482460688,83.33333333333334,112.0,0.0,6.086,4.561776820580053,1.5242231794199474,00-0031610,Darren,Waller,D.Waller,REG,LV,MIA,Darren Waller,WallDa01,0.0,0.0,0.0,118.7
2020,REG,16,00-0030506,T.Kelce,TE,TE,KC,11244,c3859e06-5f23-4302-a71b-04820a899d5f,11594.0,7844.0,1466.0,traviskelce/2540258,15847.0,26686.0,,1725130.0,KelcTr00,travis-kelce-1,8783.0,8411.0,264.0,26686.0,448240.0,15048.0,448240.0,Travis Kelce,travis kelce,7,13,98.0,1,0.0,0.0,109.0,40.0,7.0,-1.4733018,0,0.89908254,0.30952382,0.3504823,0.70962334,Travis Kelce,KC,5.145,2.814538166111437,9.609230769230768,38.213520954420304,53.84615384615385,98.0,1.0,5.682857142857144,4.159819680005057,1.5230374628520869,00-0030506,Travis,Kelce,T.Kelce,REG,KC,ATL,Travis Kelce,KelcTr00,1.0,0.0,0.0,72.0
2020,REG,16,00-0033288,G.Kittle,TE,TE,SF,13299,2ada91b0-036e-454f-83c3-6d939ff584a9,16499.0,11901.0,4217.0,,3040151.0,30259.0,,2818265.0,KittGe00,george-kittle-1,11892.0,12276.0,298.0,30259.0,733672.0,19063.0,733672.0,George Kittle,george kittle,4,5,92.0,0,0.0,0.0,47.0,47.0,4.0,6.7910156,0,1.9574468,0.23809524,0.35338345,0.60451126,George Kittle,SF,5.302,4.732147062838131,8.982000000000001,35.586370839936606,80.0,92.0,0.0,12.15,7.64306951117328,4.50693048882672,00-0033288,George,Kittle,G.Kittle,REG,SF,ARI,George Kittle,KittGe00,0.0,1.0,0.2,118.7
2020,REG,16,00-0027061,J.Cook,TE,TE,NO,9474,3b7a1409-d154-4e5c-8c94-9d4a0e0993c7,9265.0,5012.0,367.0,jaredcook/71265,12537.0,9353.0,6126.0,584314.0,CookJa02,jared-cook-2,5981.0,5165.0,,9353.0,296480.0,8534.0,296480.0,Jared Cook,jared cook,3,4,82.0,0,0.0,0.0,55.0,39.0,3.0,2.7387094,0,1.4909091,0.14285715,0.21235521,0.36293435,,,,,,,,,,,,,,,,,REG,NO,MIN,Jared Cook,CookJa02,2.0,0.0,0.0,77.1
2020,REG,16,00-0034753,M.Andrews,TE,TE,BAL,13671,0618f387-9b72-4270-8b8f-dec4cccc9e4a,17269.0,47436.0,5012.0,,3116365.0,31056.0,,2131121.0,AndrMa00,mark-andrews-1,12559.0,13182.0,366.0,31056.0,820699.0,19803.0,820699.0,Mark Andrews,mark andrews,6,10,76.0,0,0.0,0.0,105.0,20.0,2.0,1.1489115,0,0.72380954,0.4347826,0.6069364,1.0770293,Mark Andrews,BAL,5.338749999999998,1.4979183024278724,10.323999999999998,57.50250640525787,60.0,76.0,0.0,3.9416666666666664,2.2890694215181306,1.6525972451485358,00-0034753,Mark,Andrews,M.Andrews,REG,BAL,NYG,Mark Andrews,AndrMa00,1.0,1.0,0.1,83.7
2020,REG,16,00-0032392,A.Hooper,TE,TE,CLE,12677,90c2a93f-d837-4e1b-b57c-56648903a8db,15581.0,10715.0,3202.0,,3043275.0,29315.0,,2067004.0,HoopAu00,austin-hooper-1,10748.0,11301.0,384.0,29315.0,739424.0,17963.0,739424.0,Austin Hooper,austin hooper,7,15,71.0,0,0.0,0.0,126.0,10.0,3.0,0.46541733,0,0.56349206,0.3,0.31421447,0.6699501,Austin Hooper,CLE,3.9007692307692303,1.9027788613030123,8.982666666666663,33.49908010541493,46.666666666666664,71.0,0.0,1.442857142857145,5.3237945923290555,-3.8809374494719107,00-0032392,Austin,Hooper,A.Hooper,REG,CLE,NYJ,Austin Hooper,HoopAu00,0.0,0.0,0.0,60.7
2020,REG,16,00-0027696,J.Graham,TE,TE,CHI,9925,fd85786d-3900-4dc0-9b30-334ee30413ed,9712.0,5619.0,616.0,jimmygraham/497236,13232.0,24070.0,6610.0,1691166.0,GrahJi00,jimmy-graham-1,6532.0,5842.0,,24070.0,295918.0,11488.0,295918.0,Jimmy Graham,jimmy graham,4,5,69.0,2,0.0,0.0,72.0,20.0,4.0,6.9688683,0,0.9583333,0.1388889,0.24489796,0.3797619,Jimmy Graham,CHI,6.67,4.687921892085578,14.794,24.868881118881113,80.0,69.0,2.0,5.317500000000001,5.191669234791021,0.1258307652089794,00-0027696,Jimmy,Graham,J.Graham,REG,CHI,JAX,Jimmy Graham,GrahJi00,0.0,0.0,0.0,158.3
2020,REG,16,00-0033881,E.Engram,TE,TE,NYG,13189,e21365af-8d66-416e-b0a5-8816d18fcfd9,16411.0,11778.0,4066.0,,3051876.0,30136.0,,2079887.0,EngrEv00,evan-engram-1,11805.0,12205.0,229.0,30136.0,749185.0,18912.0,749185.0,Evan Engram,evan engram,7,10,65.0,0,0.0,0.0,84.0,36.0,3.0,-3.001852,0,0.77380955,0.24390244,0.21761657,0.51818526,Evan Engram,NYG,7.945555555555556,3.9376338880925443,8.571000000000002,22.53332281725687,70.0,65.0,0.0,4.904285714285715,3.6579918174761263,1.2462938968095885,00-0033881,Evan,Engram,E.Engram,REG,NYG,BAL,Evan Engram,EngrEv00,2.0,0.0,0.0,87.5
2020,REG,16,00-0035644,N.Fant,TE,TE,DEN,14137,cdc98acc-9eb6-4b44-81bb-61d7b8a3b55f,17527.0,42388.0,5857.0,,4036131.0,31852.0,,2251095.0,FantNo00,noah-fant-1,13426.0,14050.0,243.0,31852.0,923911.0,20753.0,923911.0,Noah Fant,noah fant,6,9,65.0,0,0.0,0.0,84.0,19.0,4.0,2.1249533,0,0.77380955,0.20930232,0.17177914,0.4341989,Noah Fant,DEN,6.376666666666668,2.873954587409793,9.702222222222225,16.37045369328834,66.66666666666666,65.0,0.0,2.9133333333333336,1.9638345827395465,0.9494987505937871,00-0035644,Noah,Fant,N.Fant,REG,DEN,LAC,Noah Fant,FantNo00,0.0,2.0,0.222,87.7
2020,REG,16,00-0031260,L.Thomas,TE,TE,WAS,11647,b24625a0-d402-4d59-a778-aa4b073bfe5e,12095.0,8755.0,2251.0,loganthomas/2543767,16813.0,27648.0,,1691193.0,ThomLo00,logan-thomas-1,9323.0,9354.0,,27648.0,507528.0,16656.0,507528.0,Logan Thomas,logan thomas,7,12,63.0,0,0.0,0.0,104.0,33.0,3.0,-5.2219725,0,0.6057692,0.25531915,0.2122449,0.53155017,Logan Thomas,WAS,8.1675,3.5460491679074853,8.6825,21.3294300687848,58.333333333333336,63.0,0.0,5.022857142857141,4.305837328301079,0.7170198145560622,00-0031260,Logan,Thomas,L.Thomas,REG,WAS,CAR,Logan Thomas,ThomLo00,0.0,3.0,0.25,37.8
2020,REG,16,00-0027656,R.Gronkowski,TE,TE,TB,9902,2142a164-48ad-47d6-bb27-0bc58c6b2e62,9721.0,5567.0,515.0,robgronkowski/497240,13229.0,24017.0,,1244303.0,GronRo00,rob-gronkowski-1,6443.0,5729.0,,24017.0,381091.0,10974.0,381091.0,Rob Gronkowski,rob gronkowski,2,2,58.0,2,0.0,0.0,48.0,10.0,2.0,6.239232,0,1.2083334,0.048780486,0.102783725,0.14511934,,,,,,,,,,,,,,,,,REG,TB,DET,Rob Gronkowski,GronRo00,0.0,0.0,0.0,158.3
2020,REG,16,00-0034829,M.Gesicki,TE,TE,MIA,13672,1012cbe0-7eba-4169-bfca-183a0204e1a7,17272.0,47153.0,4993.0,,3116164.0,31012.0,,2139298.0,GesiMi00,mike-gesicki-1,12764.0,13104.0,330.0,31012.0,836152.0,19853.0,836152.0,Mike Gesicki,mike gesicki,4,7,54.0,0,0.0,0.0,76.0,17.0,2.0,0.8873098,0,0.7105263,0.20588236,0.35023043,0.5539848,Mike Gesicki,MIA,6.256,2.2514546981182155,11.482857142857142,36.7972898736495,57.14285714285714,54.0,0.0,5.0425,4.315711052049778,0.7267889479502223,00-0034829,Michael,Gesicki,M.Gesicki,REG,MIA,LV,Mike Gesicki,GesiMi00,0.0,0.0,0.0,81.8
2020,REG,16,00-0034970,I.Smith,TE,TE,MIN,14141,ed0e6a30-83d5-4f4b-bf49-f7ff80e21304,18610.0,42060.0,6126.0,,4040980.0,31882.0,,2257888.0,SmitIr01,irv-smith-jr-1,13583.0,14052.0,,31882.0,944428.0,20949.0,944428.0,Irv Smith,irv smith,6,9,53.0,2,0.0,0.0,63.0,18.0,6.0,5.112603,0,0.84126985,0.23684211,0.32984293,0.5861532,Irv Smith,MIN,3.5244444444444443,3.5257410348377527,7.396666666666669,32.95870878304784,66.66666666666666,53.0,2.0,3.3449999999999984,5.325683362151288,-1.9806833621512898,00-0034970,Irvin,Smith,I.Smith,REG,MIN,NO,Irv Smith Jr.,SmitIr01,1.0,0.0,0.0,121.8
2020,REG,16,00-0035689,D.Knox,TE,TE,BUF,14143,5fb525c5-4e70-4ede-8c49-94ad0cf66b7d,18631.0,35883.0,5906.0,,3930086.0,31928.0,,2186345.0,KnoxDa00,dawson-knox-1,13466.0,13953.0,88.0,31928.0,884083.0,20850.0,884083.0,Dawson Knox,dawson knox,3,4,51.0,0,0.0,0.0,54.0,2.0,3.0,5.145436,0,0.9444444,0.10526316,0.13989638,0.2558222,,,,,,,,,,,,,,,,,REG,BUF,NE,Dawson Knox,KnoxDa00,0.0,1.0,0.25,116.7
2020,REG,16,00-0030181,J.Doyle,TE,TE,IND,11516,bd413539-9351-454e-9d61-4e8635d7e9f5,11987.0,8520.0,1706.0,jackdoyle/2540232,16504.0,27299.0,,2041264.0,DoylJa00,,9081.0,9075.0,,27299.0,477386.0,15602.0,477386.0,Jack Doyle,jack doyle,4,6,50.0,0,0.0,0.0,62.0,6.0,2.0,3.0954866,0,0.8064516,0.1764706,0.16358839,0.37921774,Jack Doyle,IND,4.145999999999999,1.7865533047928246,11.143333333333336,17.617918313570495,66.66666666666666,50.0,0.0,1.8474999999999957,2.3967271223431794,-0.5492271223431837,00-0030181,John,Doyle,J.Doyle,REG,IND,PIT,Jack Doyle,DoylJa00,0.0,0.0,0.0,92.4
2020,REG,16,00-0032725,S.Anderson,TE,TE,LAC,12859,5cb0bf9c-03b4-4201-97c5-a59c6db50841,15760.0,11160.0,3496.0,,2576854.0,29789.0,,1880821.0,AndeSt01,,10885.0,11556.0,,29789.0,607660.0,18262.0,607660.0,Stephen Anderson,stephen anderson,4,6,48.0,0,0.0,0.0,23.0,38.0,3.0,0.6288766,0,2.0869565,0.18181819,0.11057692,0.35013112,Stephen Anderson,LAC,5.55,4.988494796317068,4.411666666666668,12.150562313518476,66.66666666666666,48.0,0.0,9.42,4.139952288814669,5.280047711185331,00-0032725,Stephen,Anderson,S.Anderson,REG,LAC,DEN,Stephen Anderson,AndeSt01,1.0,0.0,0.0,91.0
2020,REG,16,00-0031387,E.Ebron,TE,TE,PIT,11695,9fbcfae9-dd14-415c-8952-9b1b5dff0dfc,12143.0,8645.0,2118.0,ericebron/2543466,16732.0,27538.0,,1865396.0,EbroEr00,eric-ebron-1,9210.0,9390.0,,27538.0,605752.0,16451.0,605752.0,Eric Ebron,eric ebron,5,7,47.0,1,0.0,0.0,42.0,22.0,4.0,1.5626267,0,1.1190476,0.14285715,0.12280702,0.30025062,Eric Ebron,PIT,9.01,3.375871840926749,7.345714285714286,13.577313054499369,71.42857142857143,47.0,1.0,4.355999999999999,3.876892081512369,0.4791079184876299,00-0031387,Eric,Ebron,E.Ebron,REG,PIT,IND,Eric Ebron,EbroEr00,0.0,0.0,0.0,129.2
2020,REG,16,00-0034830,H.Hurst,TE,TE,ATL,13680,1b125fc4-5dd9-4eb9-a42f-048e61ca42b7,17283.0,47294.0,4973.0,,3924365.0,30995.0,,2185053.0,HursHa00,hayden-hurst-1,12467.0,13098.0,8.0,30995.0,881956.0,19843.0,881956.0,Hayden Hurst,hayden hurst,5,6,47.0,1,0.0,0.0,35.0,10.0,3.0,2.3321388,0,1.3428571,0.1764706,0.1502146,0.3698561,Hayden Hurst,ATL,5.892000000000001,2.9671003228124087,6.783333333333335,16.513835916578756,83.33333333333334,47.0,1.0,2.1739999999999986,3.3752159044912333,-1.2012159044912347,00-0034830,Hayden,Hurst,H.Hurst,REG,ATL,KC,Hayden Hurst,HursHa00,0.0,0.0,0.0,138.9
2020,REG,16,00-0035329,D.Parham,TE,TE,LAC,14341,4f246e92-3d21-450f-977a-dc16892c7238,18835.0,91014.0,6074.0,,3912092.0,32456.0,,2183713.0,ParhDo00,,13602.0,14320.0,,32456.0,875649.0,20905.0,875649.0,Donald Parham,donald parham,2,3,47.0,0,0.0,0.0,45.0,16.0,2.0,1.655181,0,1.0444444,0.09090909,0.21634616,0.28780594,,,,,,,,,,,,,,,,,REG,LAC,DEN,Donald Parham,ParhDo00,0.0,0.0,0.0,109.7
2020,REG,16,00-0036422,A.Trautman,TE,TE,NO,14870,4e14183b-f974-4745-9d7f-8f5eb2a92a7d,19423.0,109795.0,6869.0,,3911853.0,32775.0,,2182228.0,TrauAd00,,14541.0,,566.0,32775.0,0.0,21786.0,875444.0,Adam Trautman,adam trautman,2,2,45.0,0,0.0,0.0,14.0,31.0,2.0,4.4312963,0,3.2142856,0.071428575,0.054054055,0.1449807,,,,,,,,,,,,,,,,,REG,NO,MIN,Adam Trautman,TrauAd00,2.0,0.0,0.0,118.7
2020,REG,16,00-0034364,J.Akins,TE,TE,HOU,13753,0cb5a32a-a340-4671-ba2a-93f5fa6aee8d,17415.0,47050.0,5032.0,,3128452.0,31068.0,,2142712.0,AkinJo00,jordan-akins-1,12568.0,13238.0,,31068.0,838396.0,19903.0,838396.0,Jordan Akins,jordan akins,4,4,39.0,0,0.0,0.0,19.0,20.0,2.0,2.1965134,0,2.0526316,0.121212125,0.056047197,0.22105122,,,,,,,,,,,,,,,,,REG,HOU,CIN,Jordan Akins,AkinJo00,1.0,0.0,0.0,107.3
2020,REG,16,00-0034351,D.Goedert,TE,TE,PHI,13674,e8029983-87cf-49a2-bc04-04c8233a0630,17270.0,47272.0,5022.0,,3121023.0,31019.0,,2132551.0,GoedDa00,,12860.0,13151.0,382.0,31019.0,791365.0,19863.0,791365.0,Dallas Goedert,dallas goedert,3,3,38.0,0,0.0,0.0,22.0,16.0,2.0,2.7315056,0,1.7272727,0.0882353,0.06769231,0.17973755,,,,,,,,,,,,,,,,,REG,PHI,DAL,Dallas Goedert,GoedDa00,0.0,0.0,0.0,118.7
2020,REG,16,00-0036232,H.Bryant,TE,TE,CLE,14875,f58a5899-8b78-46e8-a29a-ba6273b7d872,19389.0,26394.0,6850.0,,4040774.0,32785.0,,2241240.0,BryaHa00,harrison-bryant-1,14576.0,,752.0,32785.0,0.0,21783.0,916467.0,Harrison Bryant,harrison bryant,3,7,37.0,0,0.0,0.0,87.0,15.0,3.0,0.22148591,0,0.42528737,0.14,0.2169576,0.36187032,Harrison Bryant,CLE,7.323333333333333,2.3649485754637687,12.329999999999998,21.458405847546114,42.857142857142854,37.0,0.0,4.726666666666669,3.249468789184448,1.4771978774822214,00-0036232,Harrison,Bryant,H.Bryant,REG,CLE,NYJ,Harrison Bryant,BryaHa00,0.0,1.0,0.143,59.8
2020,REG,16,00-0033110,T.Higbee,TE,TE,LA,12678,0df7912d-9e81-47ea-b4f7-d04986df4ee8,15623.0,10744.0,3271.0,,2573401.0,29344.0,,1853103.0,HigbTy00,tyler-higbee-1,10854.0,11430.0,159.0,29344.0,604176.0,18032.0,604176.0,Tyler Higbee,tyler higbee,3,6,34.0,0,0.0,0.0,55.0,18.0,1.0,-2.1468985,0,0.6181818,0.14634146,0.19784173,0.3580014,Tyler Higbee,LAR,7.036,3.833695223065708,9.291666666666666,19.562776335181415,50.0,34.0,0.0,6.346666666666667,1.6622696157184957,4.684397050948171,00-0033110,Tyler,Higbee,T.Higbee,REG,LA,SEA,Tyler Higbee,HigbTy00,1.0,1.0,0.167,67.4
2020,REG,16,00-0034766,C.Herndon,TE,TE,NYJ,13679,780a48de-d092-4e87-9c34-8d1b45a154cc,17536.0,47164.0,5009.0,,3123050.0,31077.0,,2136463.0,HernCh00,christopher-herndon-iv-1,12899.0,13228.0,,31077.0,832080.0,19947.0,832080.0,Chris Herndon,chris herndon,4,4,34.0,1,0.0,0.0,31.0,3.0,3.0,5.591977,0,1.0967742,0.14285715,0.10726643,0.2893722,,,,,,,,,,,,,,,,,REG,NYJ,CLE,Chris Herndon,HernCh00,0.0,0.0,0.0,141.7
2020,REG,16,00-0030061,Z.Ertz,TE,TE,PHI,11247,de3421f7-2147-4835-89a5-724e87bad463,11689.0,7816.0,1339.0,zachertz/2540158,15835.0,26658.0,,1685963.0,ErtzZa00,zach-ertz-1,8781.0,8409.0,305.0,26658.0,503177.0,14856.0,503177.0,Zach Ertz,zach ertz,3,7,33.0,0,0.0,0.0,38.0,15.0,1.0,-2.8986714,0,0.8684211,0.20588236,0.11692308,0.39066967,Zach Ertz,PHI,7.3575,5.952423199824167,5.348571428571426,10.5894331938002,42.857142857142854,33.0,0.0,5.63666666666667,6.200527916019079,-0.5638612493524091,00-0030061,Zachary,Ertz,Z.Ertz,REG,PHI,DAL,Zach Ertz,ErtzZa00,0.0,2.0,0.286,57.4
2020,REG,16,00-0028097,L.Smith,TE,TE,BUF,10398,cf23126f-055b-4617-819b-bb4bcb84541a,9992.0,6311.0,812.0,leesmith/2495347,14215.0,24946.0,7585.0,1276441.0,SmitLe00,lee-smith-2,7425.0,6665.0,,24946.0,334184.0,12777.0,334184.0,Lee Smith,lee smith,2,2,31.0,1,0.0,0.0,13.0,18.0,2.0,2.9891298,0,2.3846154,0.05263158,0.033678755,0.1025225,,,,,,,,,,,,,,,,,REG,BUF,NE,Lee Smith,SmitLe00,0.0,0.0,0.0,158.3
2020,REG,16,00-0034270,T.Conklin,TE,TE,MIN,13675,f0d17dfa-ebf3-416c-a8d2-c6bc30675103,17598.0,47327.0,5133.0,,3915486.0,31220.0,,2165249.0,ConkTy00,tyler-conklin-1,12809.0,13220.0,489.0,31127.0,861278.0,19988.0,861278.0,Tyler Conklin,tyler conklin,4,6,31.0,0,0.0,0.0,14.0,17.0,1.0,0.8670258,0,2.2142856,0.15789473,0.07329843,0.288151,Tyler Conklin,MIN,7.675,3.4427291739207297,2.0183333333333358,5.995643132983471,66.66666666666666,31.0,0.0,4.207499999999996,4.57279276679219,-0.36529276679219436,00-0034270,Tyler,Conklin,T.Conklin,REG,MIN,NO,Tyler Conklin,ConkTy00,0.0,1.0,0.167,79.2
2020,REG,16,00-0033858,J.Smith,TE,TE,TEN,13193,e4f25a37-74de-4bfb-b6c9-f50a4fab0b87,16460.0,11855.0,4144.0,,3054212.0,30213.0,,2081506.0,SmitJo01,jonnu-smith-1,11807.0,12344.0,84.0,30213.0,743749.0,18990.0,743749.0,Jonnu Smith,jonnu smith,3,7,30.0,1,0.0,0.0,45.0,8.0,2.0,-4.449892,0,0.6666667,0.28,0.2284264,0.5798985,Jonnu Smith,TEN,8.102857142857143,1.7735402303486634,7.385714285714286,23.317697997474298,42.857142857142854,30.0,1.0,3.3333333333333335,3.289064390240128,0.044268943093205504,00-0033858,Jonnu,Smith,J.Smith,REG,TEN,GB,Jonnu Smith,SmitJo01,0.0,0.0,0.0,55.7
2020,REG,16,00-0033439,P.Brown,TE,TE,HOU,13994,6733b953-de77-44e5-acbf-c2d3a0940243,16937.0,12247.0,4443.0,,2971281.0,30627.0,,2819155.0,BrowPh01,,11887.0,12737.0,,30627.0,689689.0,19304.0,689689.0,Pharaoh Brown,pharaoh brown,1,1,29.0,0,0.0,0.0,8.0,21.0,1.0,1.2347195,0,3.625,0.030303031,0.02359882,0.06197372,,,,,,,,,,,,,,,,,REG,HOU,CIN,Pharaoh Brown,BrowPh01,2.0,0.0,0.0,118.7
2020,REG,16,00-0031273,C.Brate,TE,TE,TB,12110,5afe93fd-0caf-4cca-83fc-7f405bebfa3e,13470.0,9207.0,2214.0,,17453.0,28267.0,,2132787.0,BratCa00,,10008.0,10193.0,,28267.0,552926.0,16593.0,552926.0,Cameron Brate,cameron brate,2,2,27.0,0,0.0,0.0,22.0,5.0,1.0,2.4691741,0,1.2272727,0.048780486,0.04710921,0.10614718,,,,,,,,,,,,,,,,,REG,TB,DET,Cameron Brate,BratCa00,0.0,0.0,0.0,118.7
2020,REG,16,00-0033885,D.Njoku,TE,TE,CLE,13192,8f86fcea-90e8-49ea-bc78-5c7659313e57,16399.0,11784.0,4033.0,,3123076.0,30142.0,,2136474.0,NjokDa00,david-njoku-1,11734.0,12186.0,252.0,30142.0,832098.0,18876.0,832098.0,David Njoku,david njoku,4,4,26.0,0,0.0,0.0,16.0,10.0,2.0,1.0158291,0,1.625,0.08,0.03990025,0.14793018,,,,,,,,,,,,,,,,,REG,CLE,NYJ,David Njoku,NjokDa00,0.0,0.0,0.0,93.7
2020,REG,16,00-0034011,D.Arnold,TE,TE,ARI,13880,d479a777-b53b-4bbf-a8e4-0c1675ac48df,17143.0,51842.0,4741.0,,4212989.0,30891.0,,2835170.0,ArnoDa00,,12276.0,12972.0,,30891.0,1053627.0,19659.0,1053627.0,Dan Arnold,dan arnold,3,5,25.0,0,1.0,1.0,83.0,14.0,2.0,-4.873557,0,0.30120483,0.10869565,0.20293398,0.30509728,Dan Arnold,ARI,8.795,4.254989240986374,15.089999999999998,19.03140370790768,60.0,25.0,0.0,4.843333333333334,4.564480010663071,0.27885332267026275,00-0034011,Daniel,Arnold,D.Arnold,REG,ARI,SF,Dan Arnold,ArnoDa00,0.0,1.0,0.2,72.9
2020,REG,16,00-0035229,T.Hockenson,TE,TE,DET,14138,bd1120b6-38b3-4225-a4b0-20660a149d0d,18290.0,40912.0,5844.0,,4036133.0,31840.0,,2251097.0,HockTJ00,tj-hockenson-1,13610.0,14051.0,247.0,31840.0,923915.0,20805.0,923915.0,T.J. Hockenson,tj hockenson,4,6,23.0,0,0.0,0.0,31.0,7.0,1.0,-2.55042,0,0.7419355,0.2,0.19620253,0.43734178,T.J. Hockenson,DET,2.9899999999999998,2.49509307195119,5.245000000000002,19.441527151417805,66.66666666666666,23.0,0.0,1.6624999999999979,1.5690646652962528,0.0934353347037451,00-0035229,Thomas,Hockenson,T.Hockenson,REG,DET,TB,T.J. Hockenson,HockTJ00,0.0,0.0,0.0,73.6
2020,REG,16,00-0029738,D.Fells,TE,TE,HOU,11337,54d4e35a-2e6c-48f6-86ad-92dd596c173c,13636.0,8549.0,1592.0,darrenfells/2540928,15773.0,26612.0,,2053740.0,FellDa01,,9758.0,8472.0,,26612.0,266414.0,15247.0,266414.0,Darren Fells,darren fells,1,2,22.0,1,0.0,0.0,25.0,11.0,1.0,2.3497112,0,0.88,0.060606062,0.073746316,0.14253151,,,,,,,,,,,,,,,,,REG,HOU,CIN,Darren Fells,FellDa01,2.0,0.0,0.0,129.2
2020,REG,16,00-0034383,D.Schultz,TE,TE,DAL,13772,8caec1b4-e0b6-4a84-b8c8-617d6e91ef6a,17349.0,47304.0,5001.0,,3117256.0,31107.0,,2136748.0,SchuDa00,dalton-schultz-1,12514.0,13198.0,487.0,31107.0,830523.0,19920.0,830523.0,Dalton Schultz,dalton schultz,3,4,21.0,0,0.0,0.0,20.0,1.0,1.0,-0.4547192,0,1.05,0.13333334,0.084033616,0.25882354,,,,,,,,,,,,,,,,,REG,DAL,PHI,Dalton Schultz,SchuDa00,0.0,0.0,0.0,86.5
2020,REG,16,00-0033217,M.Alie-Cox,TE,TE,IND,13246,8809c0dd-786b-4255-a7d0-333c9498c19a,16579.0,12078.0,4054.0,moalie-cox/2558832,2998565.0,30112.0,,2815925.0,AlieMo00,,12196.0,12221.0,195.0,30112.0,712506.0,18900.0,712506.0,Mo Alie-Cox,mo alie-cox,1,1,20.0,0,0.0,0.0,4.0,16.0,1.0,1.6742549,0,5.0,0.029411765,0.01055409,0.05150551,,,,,,,,,,,,,,,,,REG,IND,PIT,Mo Alie-Cox,AlieMo00,0.0,0.0,0.0,118.7
2020,REG,16,00-0034613,T.Hudson,TE,TE,TB,14370,2fa75e05-cac4-4b40-8924-dbc9ae0c959c,17826.0,66924.0,5409.0,,3050481.0,31257.0,,2926606.0,,,13286.0,,,31257.0,1115394.0,20506.0,1115394.0,Tanner Hudson,tanner hudson,1,1,20.0,0,0.0,0.0,16.0,4.0,1.0,1.4355539,0,1.25,0.024390243,0.03426124,0.060568236,,,,,,,,,,,,,,,,,,,,,,,,,
2020,REG,16,00-0036040,J.Johnson,TE,TE,NO,14861,0226b03b-f91d-4223-9813-9fcd2e9c3acc,19562.0,28305.0,7002.0,,3929645.0,33113.0,,2186637.0,JohnJu02,,14630.0,,575.0,33113.0,0.0,21738.0,884609.0,Juwan Johnson,juwan johnson,1,1,19.0,0,0.0,0.0,10.0,9.0,1.0,1.1544429,0,1.9,0.035714287,0.038610037,0.08059846,,,,,,,,,,,,,,,,,REG,NO,MIN,Juwan Johnson,JohnJu02,0.0,0.0,0.0,118.7
2020,REG,16,00-0030710,T.Burton,TE,TE,IND,11705,bc0f07a4-3e7b-4e61-987a-05533dc225be,12153.0,9185.0,1793.0,treyburton/2550284,16974.0,27789.0,,2130223.0,BurtTr01,,9490.0,9737.0,,27789.0,542788.0,15965.0,,Trey Burton,trey burton,3,4,18.0,0,0.0,0.0,23.0,11.0,0.0,-1.1510866,0,0.7826087,0.11764706,0.060686015,0.2189508,,,,,,,,,,,,,,,,,REG,IND,PIT,Trey Burton,BurtTr01,0.0,1.0,0.25,83.3
2020,REG,16,00-0031951,J.O'Shaughnessy,TE,TE,JAX,12330,e5c6b0d4-3e77-422b-a6d8-574a10ed385e,14146.0,9606.0,2476.0,,2508079.0,28561.0,,2174148.0,O'ShJa00,,10249.0,10549.0,,28561.0,552352.0,16933.0,552352.0,James O'Shaughnessy,james oshaughnessy,2,3,18.0,0,0.0,0.0,13.0,8.0,1.0,1.5096891,0,1.3846154,0.083333336,0.051587302,0.16111112,,,,,,,,,,,,,,,,,REG,JAX,CHI,James O'Shaughnessy,O'ShJa00,0.0,0.0,0.0,82.6
2020,REG,16,00-0036290,C.Kmet,TE,TE,CHI,14867,036feeb6-9a22-43c5-a8e3-7ac611d8ff49,19229.0,60995.0,6826.0,,4258595.0,32713.0,,2868619.0,KmetCo00,cole-kmet-1,14436.0,,569.0,32713.0,0.0,21772.0,1066765.0,Cole Kmet,cole kmet,2,6,18.0,0,0.0,0.0,78.0,7.0,1.0,-1.6360372,0,0.23076923,0.16666667,0.26530612,0.43571427,Cole Kmet,CHI,5.9,3.5609970576414605,13.048333333333332,26.321274878967177,33.33333333333333,18.0,0.0,3.835000000000001,9.362331434464068,-5.527331434464067,00-0036290,Cole,Kmet,C.Kmet,REG,CHI,JAX,Cole Kmet,KmetCo00,0.0,0.0,0.0,42.4
2020,REG,16,00-0030549,T.Eifert,TE,TE,JAX,11250,14ecf9dd-3a77-4847-8e62-407cd1182f1c,11692.0,7802.0,1388.0,tylereifert/2540148,15788.0,26644.0,,1691608.0,EifeTy00,tyler-eifert-1,8782.0,8408.0,,26644.0,508968.0,14918.0,,Tyler Eifert,tyler eifert,2,5,17.0,0,0.0,0.0,38.0,6.0,1.0,-0.47448286,0,0.4473684,0.1388889,0.15079366,0.31388888,Tyler Eifert,JAX,8.866,1.664725753478009,7.256,14.756965629448851,40.0,17.0,0.0,3.1900000000000013,3.1455387967841943,0.04446120321580693,00-0030549,Tyler,Eifert,T.Eifert,REG,JAX,CHI,Tyler Eifert,EifeTy00,0.0,0.0,0.0,49.6
2020,REG,16,00-0033387,J.Hollister,TE,TE,SEA,13391,ad2a1d03-020b-487a-bd5f-7ca9fbc250fe,16527.0,12051.0,4421.0,,3125404.0,30661.0,,2818962.0,HollJa03,,12271.0,12491.0,,30661.0,696882.0,19281.0,696882.0,Jacob Hollister,jacob hollister,2,6,17.0,1,0.0,0.0,41.0,3.0,1.0,0.815716,0,0.41463414,0.20689656,0.13804714,0.40697783,Jacob Hollister,SEA,5.721666666666667,4.068931572558419,7.223333333333334,15.020447771539477,33.33333333333333,17.0,1.0,1.134999999999998,3.4862809915266553,-2.3512809915266573,00-0033387,Jacob,Hollister,J.Hollister,REG,SEA,LA,Jacob Hollister,HollJa03,0.0,0.0,0.0,81.9
2020,REG,16,00-0033757,R.Tonyan,TE,TE,GB,13427,7c9c7800-69d0-459b-812b-a07ac48e9f2a,16502.0,12193.0,4602.0,,2975674.0,30777.0,,2820026.0,TonyRo00,,12389.0,12868.0,,30777.0,660151.0,19491.0,660151.0,Robert Tonyan,robert tonyan,1,2,17.0,0,0.0,0.0,19.0,15.0,1.0,0.050548982,0,0.8947368,0.083333336,0.12025317,0.20917721,,,,,,,,,,,,,,,,,REG,GB,TEN,Robert Tonyan,TonyRo00,0.0,0.0,0.0,79.2
2020,REG,16,00-0034159,W.Dissly,TE,TE,SEA,13763,383f4814-6836-4766-a297-fc063e8509cc,18049.0,30762.0,5010.0,,3127292.0,31090.0,,2139628.0,DissWi00,will-dissly-1,12986.0,13246.0,86.0,31090.0,837806.0,19950.0,837806.0,Will Dissly,will dissly,3,3,17.0,0,0.0,0.0,10.0,7.0,0.0,-0.10932425,0,1.7,0.10344828,0.033670034,0.17874144,,,,,,,,,,,,,,,,,REG,SEA,LA,Will Dissly,DissWi00,0.0,0.0,0.0,90.3
2020,REG,16,00-0025418,G.Olsen,TE,TE,SEA,8687,587d0a98-7ec5-45a5-adba-8af26e8f256b,9238.0,3647.0,58.0,gregolsen/2495700,10475.0,8285.0,,502524.0,OlseGr00,greg-olsen-1,5206.0,4190.0,,8285.0,230925.0,1658.0,,Greg Olsen,greg olsen,1,2,15.0,0,0.0,0.0,17.0,3.0,1.0,0.99909633,0,0.88235295,0.06896552,0.057239056,0.14351562,,,,,,,,,,,,,,,,,REG,SEA,LA,Greg Olsen,OlseGr00,0.0,0.0,0.0,75.0
2020,REG,16,00-0032098,D.Brown,TE,TE,NYJ,12585,1b016b52-62ba-4da9-9ead-6bad689f8d33,14470.0,10144.0,2751.0,,2519013.0,29102.0,,2175305.0,BrowDa04,,10713.0,11092.0,,29102.0,561380.0,17219.0,561380.0,Daniel Brown,daniel brown,1,1,13.0,0,0.0,0.0,0.0,13.0,1.0,2.4747167,0,0.0,0.035714287,0.0,0.05357143,,,,,,,,,,,,,,,,,REG,NYJ,CLE,Daniel Brown,BrowDa04,0.0,0.0,0.0,118.7
2020,REG,16,00-0033895,G.Everett,TE,TE,LA,13236,ebeceb00-57e0-4b74-9cf7-853da2afed18,16459.0,11799.0,4089.0,,3918639.0,30157.0,,2142692.0,EverGe00,gerald-everett-1,11737.0,12284.0,55.0,30157.0,838487.0,18935.0,838487.0,Gerald Everett,gerald everett,2,3,13.0,0,0.0,0.0,20.0,0.0,2.0,2.6255112,0,0.65,0.07317073,0.07194245,0.16011581,,,,,,,,,,,,,,,,,REG,LA,SEA,Gerald Everett,EverGe00,0.0,0.0,0.0,75.7
2020,REG,16,00-0036456,D.Dafney,TE,TE,GB,15214,921d49c2-64d1-4108-a3a3-0c237e17748a,22672.0,62825.0,7502.0,,4036129.0,33367.0,,3172375.0,DafnDo00,,15181.0,,,33367.0,0.0,22477.0,976393.0,Dominique Dafney,dominique dafney,1,1,13.0,0,0.0,0.0,3.0,10.0,1.0,0.8488441,0,4.3333335,0.041666668,0.01898734,0.07579114,,,,,,,,,,,,,,,,,REG,GB,TEN,Dominique Dafney,DafnDo00,0.0,0.0,0.0,118.7
2020,REG,16,00-0022127,J.Witten,TE,TE,LV,6997,e38c9b1b-7c51-48a2-ac1d-a752502e8930,9275.0,1384.0,23.0,jasonwitten/2505629,4527.0,6405.0,,396134.0,WittJa00,jason-witten-1,3086.0,1990.0,,6405.0,184571.0,722.0,,Jason Witten,jason witten,2,5,12.0,0,0.0,0.0,36.0,9.0,1.0,-2.553498,0,0.33333334,0.16666667,0.117263846,0.3320847,Jason Witten,LV,4.46,2.234853537078506,6.358,10.986694314843616,40.0,12.0,0.0,5.725000000000001,5.8570987723443295,-0.1320987723443281,00-0022127,Christopher,Witten,J.Witten,REG,LV,MIA,Jason Witten,WittJa00,0.0,0.0,0.0,47.9
2020,REG,16,00-0034319,D.Yelder,TE,TE,KC,13857,cad43704-4231-4a72-b616-c66642103452,17879.0,29556.0,5277.0,,3059766.0,31519.0,,2925876.0,YeldDe00,,13022.0,13688.0,,31519.0,750702.0,20332.0,750702.0,Deon Yelder,deon yelder,1,1,12.0,0,0.0,0.0,4.0,8.0,1.0,0.6703124,0,3.0,0.023809524,0.012861736,0.0447175,,,,,,,,,,,,,,,,,REG,KC,ATL,Deon Yelder,YeldDe00,0.0,0.0,0.0,116.7
2020,REG,16,00-0033455,A.Firkser,TE,TE,TEN,13919,b0719e3d-199b-46e5-a2b4-1091f6fd5c0d,16787.0,51837.0,4435.0,,3049698.0,30571.0,,2818971.0,FirkAn00,,12235.0,12691.0,,30571.0,767297.0,19296.0,767297.0,Anthony Firkser,anthony firkser,1,2,11.0,0,0.0,0.0,15.0,8.0,1.0,0.10444374,0,0.73333335,0.08,0.07614213,0.17329949,,,,,,,,,,,,,,,,,REG,TEN,GB,Anthony Firkser,FirkAn00,0.0,0.0,0.0,66.7
2020,REG,16,00-0028042,L.Stocker,TE,TE,ATL,10354,5b712aed-201c-43dd-b978-b7b6ef91178e,9948.0,6256.0,963.0,lukestocker/2495234,14099.0,24891.0,7589.0,1125485.0,StocLu00,luke-stocker-1,7413.0,6552.0,,24891.0,334186.0,13370.0,334186.0,Luke Stocker,luke stocker,1,1,9.0,0,0.0,0.0,1.0,8.0,1.0,1.3600578,0,9.0,0.029411765,0.0042918455,0.04712194,,,,,,,,,,,,,,,,,REG,ATL,KC,Luke Stocker,StocLu00,0.0,0.0,0.0,104.2
2020,REG,16,00-0035631,D.Sample,TE,TE,CIN,14146,15a4f552-ecaf-45bd-9006-aa5dda93bee6,18561.0,47259.0,6001.0,,3127310.0,31884.0,,2139646.0,SampDr00,drew-sample-1,13809.0,14111.0,435.0,31884.0,837824.0,20931.0,837824.0,Drew Sample,drew sample,1,1,8.0,1,0.0,0.0,1.0,7.0,1.0,2.0965245,0,8.0,0.02631579,0.0030395137,0.041601345,,,,,,,,,,,,,,,,,REG,CIN,HOU,Drew Sample,SampDr00,0.0,0.0,0.0,139.6
2020,REG,16,00-0032062,B.Bell,TE,TE,DAL,12213,0cc4e449-185a-4b08-9f07-c907ad0c3e05,13966.0,9550.0,2422.0,,2514206.0,28505.0,,1737101.0,BellBl00,blake-bell-1,10248.0,10366.0,,28505.0,542871.0,16878.0,542871.0,Blake Bell,blake bell,1,1,7.0,0,0.0,0.0,-3.0,10.0,0.0,0.31872988,0,0.0,0.033333335,-0.012605042,0.04117647,,,,,,,,,,,,,,,,,REG,DAL,PHI,Blake Bell,BellBl00,0.0,0.0,0.0,95.8
2020,REG,16,00-0033258,D.Daniels,TE,TE,ARI,13396,7574eb56-a34a-419e-9682-c4788cfe2019,16582.0,12122.0,4323.0,,3052166.0,30523.0,,2079698.0,DaniDa02,,11890.0,12453.0,,30523.0,747895.0,19176.0,747895.0,Darrell Daniels,darrell daniels,1,2,7.0,0,0.0,0.0,9.0,3.0,0.0,-0.33078676,0,0.7777778,0.04347826,0.02200489,0.08062082,,,,,,,,,,,,,,,,,REG,ARI,SF,Darrell Daniels,DaniDa02,0.0,0.0,0.0,58.3
2020,REG,16,00-0034798,D.Smythe,TE,TE,MIA,13676,7e42a22a-c47b-4387-aeeb-2cc2e76dc1d8,17508.0,47257.0,5008.0,,3052897.0,31093.0,,2082845.0,SmytDu00,durham-smythe-1,12807.0,13249.0,,31093.0,749968.0,19943.0,749968.0,Durham Smythe,durham smythe,2,2,6.0,0,0.0,0.0,4.0,2.0,0.0,-0.72778064,0,1.5,0.05882353,0.01843318,0.10113852,,,,,,,,,,,,,,,,,REG,MIA,LV,Durham Smythe,SmytDu00,0.0,0.0,0.0,79.2
2020,REG,16,00-0030470,V.McDonald,TE,TE,PIT,11257,8f24a248-b328-43ec-8677-67600e42a8f7,11699.0,7836.0,1587.0,vancemcdonald/2540215,15853.0,26678.0,,1673357.0,McDoVa00,vance-mcdonald-1,8785.0,8413.0,,26678.0,494969.0,15239.0,,Vance McDonald,vance mcdonald,1,1,5.0,0,0.0,0.0,5.0,0.0,0.0,-0.08767878,0,1.0,0.020408163,0.014619883,0.04084616,,,,,,,,,,,,,,,,,REG,PIT,IND,Vance McDonald,McDoVa00,0.0,0.0,0.0,87.5
2020,REG,16,00-0033896,A.Shaheen,TE,TE,MIA,13254,87171077-4c1c-4b67-b159-2cc6242988e0,16457.0,11800.0,4085.0,,4198676.0,30158.0,,2818105.0,ShahAd00,,11898.0,12283.0,,30158.0,1049770.0,18931.0,1049770.0,Adam Shaheen,adam shaheen,1,1,3.0,0,0.0,0.0,0.0,3.0,0.0,-0.3051047,0,0.0,0.029411765,0.0,0.04411765,,,,,,,,,,,,,,,,,REG,MIA,LV,Adam Shaheen,ShahAd00,0.0,0.0,0.0,79.2
2020,REG,16,00-0035660,K.Warring,TE,TE,HOU,14195,a96e777e-120a-4843-8bfb-59069bd1bd52,18680.0,37213.0,6164.0,,3933327.0,31918.0,,2190068.0,WarrKa00,kahale-warring-1,13478.0,14053.0,,31918.0,887526.0,20974.0,887526.0,Kahale Warring,kahale warring,1,3,3.0,0,0.0,0.0,11.0,1.0,0.0,-3.723865,0,0.27272728,0.09090909,0.032448377,0.1590775,,,,,,,,,,,,,,,,,REG,HOU,CIN,Kahale Warring,WarrKa00,0.0,0.0,0.0,42.4
2020,REG,16,00-0030472,J.Reed,TE,TE,SF,11248,c3bf8d3e-3b2e-4f9e-ad74-c0a684035f17,11690.0,7866.0,1500.0,jordanreed/2540160,15860.0,26708.0,,1691412.0,ReedJo02,jordan-reed-1,8615.0,8412.0,,26708.0,508876.0,15100.0,,Jordan Reed,jordan reed,0,2,0.0,0,0.0,0.0,33.0,0.0,0.0,-3.2367463,0,0.0,0.0952381,0.24812031,0.31654134,,,,,,,,,,,,,,,,,REG,SF,ARI,Jordan Reed,ReedJo02,0.0,0.0,0.0,39.6
2020,REG,16,00-0032135,J.James,TE,TE,DET,12211,a37a5bfd-b48c-4d8b-817a-d8ce7ca3592d,13959.0,9593.0,2463.0,jessejames/2552633,2979590.0,28548.0,,1983808.0,JameJe00,jesse-james-1,10150.0,10403.0,,28548.0,652019.0,16920.0,652019.0,Jesse James,jesse james,0,1,0.0,0,0.0,0.0,17.0,0.0,0.0,-3.6627073,0,0.0,0.033333335,0.10759494,0.12531646,,,,,,,,,,,,,,,,,REG,DET,TB,Jesse James,JameJe00,0.0,0.0,0.0,0.0
2020,REG,16,00-0033080,S.DeValve,TE,TE,ARI,12792,a2451bf7-83dd-496c-b527-c14d8d518598,15671.0,10772.0,3296.0,,2566659.0,29372.0,,1984760.0,DevaSe00,,11221.0,11444.0,,29372.0,623676.0,18057.0,,Seth DeValve,seth devalve,0,1,0.0,0,0.0,0.0,35.0,0.0,0.0,-0.5793064,0,0.0,0.02173913,0.085574575,0.092510894,,,,,,,,,,,,,,,,,REG,ARI,SF,Seth Devalve,DevaSe00,0.0,0.0,0.0,39.6
2020,REG,16,00-0034393,T.Fumagalli,TE,TE,DEN,13673,579d92e6-ab4f-43e0-803f-b2d5a54d106a,17273.0,47333.0,5092.0,,3045264.0,31126.0,,2071777.0,FumaTr00,troy-fumagalli-2,12808.0,13270.0,,31126.0,742474.0,19973.0,742474.0,Troy Fumagalli,troy fumagalli,0,1,0.0,0,0.0,0.0,20.0,0.0,0.0,-0.7054308,0,0.0,0.023255814,0.040899795,0.06351358,,,,,,,,,,,,,,,,,REG,DEN,LAC,Troy Fumagalli,FumaTr00,0.0,0.0,0.0,39.6
2020,REG,16,00-0036194,D.Asiasi,TE,TE,NE,14936,05e15d81-6bb1-49f7-b677-63475d073961,19435.0,40294.0,6956.0,,4046522.0,32761.0,,2260483.0,AsiaDe00,devin-asiasi-1,14425.0,,,32761.0,0.0,21771.0,946008.0,Devin Asiasi,devin asiasi,0,2,0.0,0,0.0,0.0,11.0,0.0,0.0,-1.6299762,0,0.0,0.11111111,0.067073174,0.21361789,,,,,,,,,,,,,,,,,REG,NE,BUF,Devin Asiasi,AsiaDe00,0.0,1.0,0.5,39.6
2020,REG,17,00-0031610,D.Waller,TE,TE,LV,12263,14c97c9f-26e8-4944-9299-f90de6aeada3,14104.0,9637.0,2505.0,,2576925.0,28592.0,,1850793.0,WallDa01,darren-waller-1,10215.0,10433.0,,28592.0,600191.0,16964.0,600191.0,Darren Waller,darren waller,9,10,117.0,1,1.0,1.0,82.0,49.0,5.0,1.4025826,1,1.4268292,0.2857143,0.22527473,0.5862637,Darren Waller,LV,5.281428571428571,3.0044733213981223,7.366999999999999,20.398726291014807,90.0,117.0,1.0,5.793333333333333,5.092877148100393,0.7004561852329401,00-0031610,Darren,Waller,D.Waller,REG,LV,DEN,Darren Waller,WallDa01,0.0,0.0,0.0,109.2
2020,REG,17,00-0034383,D.Schultz,TE,TE,DAL,13772,8caec1b4-e0b6-4a84-b8c8-617d6e91ef6a,17349.0,47304.0,5001.0,,3117256.0,31107.0,,2136748.0,SchuDa00,dalton-schultz-1,12514.0,13198.0,487.0,31107.0,830523.0,19920.0,830523.0,Dalton Schultz,dalton schultz,7,10,70.0,0,0.0,0.0,60.0,37.0,5.0,0.93041766,0,1.1666666,0.22727273,0.26200873,0.5243152,Dalton Schultz,DAL,5.771111111111111,2.3546532407102907,6.628,29.664771964373628,70.0,70.0,0.0,5.345714285714284,2.544807270563784,2.8009070151505004,00-0034383,Dalton,Schultz,D.Schultz,REG,DAL,NYG,Dalton Schultz,SchuDa00,2.0,1.0,0.1,50.0
2020,REG,17,00-0033288,G.Kittle,TE,TE,SF,13299,2ada91b0-036e-454f-83c3-6d939ff584a9,16499.0,11901.0,4217.0,,3040151.0,30259.0,,2818265.0,KittGe00,george-kittle-1,11892.0,12276.0,298.0,30259.0,733672.0,19063.0,733672.0,George Kittle,george kittle,7,9,68.0,0,0.0,0.0,77.0,30.0,3.0,1.120034,0,0.8831169,0.25714287,0.29389313,0.5914395,George Kittle,SF,5.773333333333333,2.8585543277392795,8.08777777777778,28.53167137033553,77.77777777777779,68.0,0.0,4.602857142857141,2.1047848034980103,2.498072339359131,00-0033288,George,Kittle,G.Kittle,REG,SF,SEA,George Kittle,KittGe00,0.0,0.0,0.0,98.1
2020,REG,17,00-0034766,C.Herndon,TE,TE,NYJ,13679,780a48de-d092-4e87-9c34-8d1b45a154cc,17536.0,47164.0,5009.0,,3123050.0,31077.0,,2136463.0,HernCh00,christopher-herndon-iv-1,12899.0,13228.0,,31077.0,832080.0,19947.0,832080.0,Chris Herndon,chris herndon,7,9,63.0,1,0.0,0.0,60.0,44.0,3.0,3.3010995,0,1.05,0.27272728,0.24896266,0.5833648,Christopher Herndon,NYJ,8.431666666666667,4.006313699285696,6.245555555555556,24.91357149188902,77.77777777777779,63.0,1.0,6.572857142857144,5.461856381447758,1.111000761409386,00-0034766,Christopher,Herndon,C.Herndon,REG,NYJ,NE,Chris Herndon,HernCh00,0.0,0.0,0.0,132.9
2020,REG,17,00-0032725,S.Anderson,TE,TE,LAC,12859,5cb0bf9c-03b4-4201-97c5-a59c6db50841,15760.0,11160.0,3496.0,,2576854.0,29789.0,,1880821.0,AndeSt01,,10885.0,11556.0,,29789.0,607660.0,18262.0,607660.0,Stephen Anderson,stephen anderson,3,3,52.0,0,0.0,0.0,10.0,42.0,3.0,5.039855,0,5.2,0.1,0.04385965,0.18070175,,,,,,,,,,,,,,,,,REG,LAC,KC,Stephen Anderson,AndeSt01,1.0,0.0,0.0,118.7
2020,REG,17,00-0033439,P.Brown,TE,TE,HOU,13994,6733b953-de77-44e5-acbf-c2d3a0940243,16937.0,12247.0,4443.0,,2971281.0,30627.0,,2819155.0,BrowPh01,,11887.0,12737.0,,30627.0,689689.0,19304.0,689689.0,Pharaoh Brown,pharaoh brown,5,5,48.0,1,0.0,0.0,35.0,13.0,4.0,4.8384423,0,1.3714286,0.125,0.084134616,0.24639423,Pharaoh Brown,HOU,6.746666666666667,2.7452091820408557,6.889999999999999,7.968450026600049,100.0,48.0,1.0,3.2359999999999998,3.3849425061962393,-0.1489425061962395,00-0033439,Pharaoh,Brown,P.Brown,REG,HOU,TEN,Pharaoh Brown,BrowPh01,1.0,0.0,0.0,146.2
2020,REG,17,00-0035644,N.Fant,TE,TE,DEN,14137,cdc98acc-9eb6-4b44-81bb-61d7b8a3b55f,17527.0,42388.0,5857.0,,4036131.0,31852.0,,2251095.0,FantNo00,noah-fant-1,13426.0,14050.0,243.0,31852.0,923911.0,20753.0,923911.0,Noah Fant,noah fant,4,6,48.0,0,0.0,0.0,33.0,32.0,2.0,0.9852595,0,1.4545455,0.15,0.11340206,0.30438143,Noah Fant,DEN,3.9133333333333336,3.110219154895116,5.06,9.716754680748918,66.66666666666666,48.0,0.0,8.5975,7.278797161658645,1.3187028383413555,00-0035644,Noah,Fant,N.Fant,REG,DEN,LV,Noah Fant,FantNo00,0.0,0.0,0.0,91.0
2020,REG,17,00-0034829,M.Gesicki,TE,TE,MIA,13672,1012cbe0-7eba-4169-bfca-183a0204e1a7,17272.0,47153.0,4993.0,,3116164.0,31012.0,,2139298.0,GesiMi00,mike-gesicki-1,12764.0,13104.0,330.0,31012.0,836152.0,19853.0,836152.0,Mike Gesicki,mike gesicki,5,10,47.0,0,0.0,0.0,106.0,7.0,2.0,-4.5431976,0,0.44339624,0.16949153,0.24090908,0.42287365,Mike Gesicki,MIA,7.838333333333334,1.701440986039784,10.977,25.348112227225496,50.0,47.0,0.0,1.1519999999999988,1.4734308561790272,-0.32143085617902845,00-0034829,Michael,Gesicki,M.Gesicki,REG,MIA,BUF,Mike Gesicki,GesiMi00,0.0,0.0,0.0,23.7
2020,REG,17,00-0034011,D.Arnold,TE,TE,ARI,13880,d479a777-b53b-4bbf-a8e4-0c1675ac48df,17143.0,51842.0,4741.0,,4212989.0,30891.0,,2835170.0,ArnoDa00,,12276.0,12972.0,,30891.0,1053627.0,19659.0,1053627.0,Dan Arnold,dan arnold,3,3,46.0,0,0.0,0.0,29.0,17.0,3.0,3.1891088,0,1.5862069,0.11111111,0.13615024,0.26197183,,,,,,,,,,,,,,,,,REG,ARI,LA,Dan Arnold,ArnoDa00,0.0,0.0,0.0,118.7
2020,REG,17,00-0027061,J.Cook,TE,TE,NO,9474,3b7a1409-d154-4e5c-8c94-9d4a0e0993c7,9265.0,5012.0,367.0,jaredcook/71265,12537.0,9353.0,6126.0,584314.0,CookJa02,jared-cook-2,5981.0,5165.0,,9353.0,296480.0,8534.0,296480.0,Jared Cook,jared cook,4,5,43.0,1,0.0,0.0,50.0,8.0,3.0,3.6872993,0,0.86,0.1724138,0.25641027,0.43810788,Jared Cook,NO,7.6499999999999995,2.857069511171688,10.617999999999999,26.221168568182936,80.0,43.0,1.0,1.9924999999999997,1.317135150991362,0.6753648490086377,00-0027061,Jared,Cook,J.Cook,REG,NO,CAR,Jared Cook,CookJa02,0.0,0.0,0.0,142.1
2020,REG,17,00-0033110,T.Higbee,TE,TE,LA,12678,0df7912d-9e81-47ea-b4f7-d04986df4ee8,15623.0,10744.0,3271.0,,2573401.0,29344.0,,1853103.0,HigbTy00,tyler-higbee-1,10854.0,11430.0,159.0,29344.0,604176.0,18032.0,604176.0,Tyler Higbee,tyler higbee,3,4,41.0,0,0.0,0.0,56.0,8.0,3.0,6.1221375,0,0.73214287,0.10810811,0.15642458,0.27165937,,,,,,,,,,,,,,,,,REG,LA,ARI,Tyler Higbee,HigbTy00,0.0,0.0,0.0,107.3
2020,REG,17,00-0036290,C.Kmet,TE,TE,CHI,14867,036feeb6-9a22-43c5-a8e3-7ac611d8ff49,19229.0,60995.0,6826.0,,4258595.0,32713.0,,2868619.0,KmetCo00,cole-kmet-1,14436.0,,569.0,32713.0,0.0,21772.0,1066765.0,Cole Kmet,cole kmet,7,8,41.0,0,1.0,1.0,31.0,31.0,2.0,-6.956015,0,1.3225807,0.19512194,0.12350598,0.3791371,Cole Kmet,CHI,5.954999999999999,4.598016978495885,3.049999999999999,11.129355956942161,87.5,41.0,0.0,5.658571428571429,5.748317367016982,-0.08974593844555301,00-0036290,Cole,Kmet,C.Kmet,REG,CHI,GB,Cole Kmet,KmetCo00,0.0,0.0,0.0,48.4
2020,REG,17,00-0034270,T.Conklin,TE,TE,MIN,13675,f0d17dfa-ebf3-416c-a8d2-c6bc30675103,17598.0,47327.0,5133.0,,3915486.0,31220.0,,2165249.0,ConkTy00,tyler-conklin-1,12809.0,13220.0,489.0,31127.0,861278.0,19988.0,861278.0,Tyler Conklin,tyler conklin,3,6,40.0,0,1.0,0.0,33.0,19.0,3.0,0.3390238,0,1.2121212,0.15789473,0.12692308,0.32568827,Tyler Conklin,MIN,4.2700000000000005,4.83446009594308,4.223333333333334,9.648555001332674,50.0,40.0,0.0,7.010000000000001,11.676517902108268,-4.666517902108267,00-0034270,Tyler,Conklin,T.Conklin,REG,MIN,DET,Tyler Conklin,ConkTy00,0.0,0.0,0.0,71.5
2020,REG,17,00-0036194,D.Asiasi,TE,TE,NE,14936,05e15d81-6bb1-49f7-b677-63475d073961,19435.0,40294.0,6956.0,,4046522.0,32761.0,,2260483.0,AsiaDe00,devin-asiasi-1,14425.0,,,32761.0,0.0,21771.0,946008.0,Devin Asiasi,devin asiasi,2,3,39.0,1,0.0,0.0,48.0,6.0,2.0,2.6129062,0,0.8125,0.1,0.24615385,0.3223077,,,,,,,,,,,,,,,,,REG,NE,NYJ,Devin Asiasi,AsiaDe00,0.0,0.0,0.0,149.3
2020,REG,17,00-0031260,L.Thomas,TE,TE,WAS,11647,b24625a0-d402-4d59-a778-aa4b073bfe5e,12095.0,8755.0,2251.0,loganthomas/2543767,16813.0,27648.0,,1691193.0,ThomLo00,logan-thomas-1,9323.0,9354.0,,27648.0,507528.0,16656.0,507528.0,Logan Thomas,logan thomas,3,6,37.0,1,0.0,0.0,18.0,32.0,2.0,-0.8090398,0,2.0555556,0.20689656,0.23376623,0.4739812,Logan Thomas,WAS,6.193333333333334,2.1446863936430187,4.425,28.846153846153843,50.0,37.0,1.0,11.11,7.947354168586268,3.162645831413731,00-0031260,Logan,Thomas,L.Thomas,REG,WAS,PHI,Logan Thomas,ThomLo00,0.0,0.0,0.0,69.4
2020,REG,17,00-0032392,A.Hooper,TE,TE,CLE,12677,90c2a93f-d837-4e1b-b57c-56648903a8db,15581.0,10715.0,3202.0,,3043275.0,29315.0,,2067004.0,HoopAu00,austin-hooper-1,10748.0,11301.0,384.0,29315.0,739424.0,17963.0,739424.0,Austin Hooper,austin hooper,4,5,37.0,1,0.0,0.0,38.0,5.0,4.0,3.1176465,0,0.9736842,0.1923077,0.17117117,0.40828136,Austin Hooper,CLE,7.726666666666667,3.7254228793738187,7.106,14.141856392294223,80.0,37.0,1.0,1.9849999999999994,3.5047313860873146,-1.5197313860873152,00-0032392,Austin,Hooper,A.Hooper,REG,CLE,PIT,Austin Hooper,HoopAu00,0.0,1.0,0.2,137.1
2020,REG,17,00-0035329,D.Parham,TE,TE,LAC,14341,4f246e92-3d21-450f-977a-dc16892c7238,18835.0,91014.0,6074.0,,3912092.0,32456.0,,2183713.0,ParhDo00,,13602.0,14320.0,,32456.0,875649.0,20905.0,875649.0,Donald Parham,donald parham,3,4,37.0,1,0.0,0.0,17.0,22.0,2.0,3.9476457,0,2.1764705,0.13333334,0.0745614,0.25219297,,,,,,,,,,,,,,,,,REG,LAC,KC,Donald Parham,ParhDo00,0.0,0.0,0.0,142.7
2020,REG,17,00-0030470,V.McDonald,TE,TE,PIT,11257,8f24a248-b328-43ec-8677-67600e42a8f7,11699.0,7836.0,1587.0,vancemcdonald/2540215,15853.0,26678.0,,1673357.0,McDoVa00,vance-mcdonald-1,8785.0,8413.0,,26678.0,494969.0,15239.0,,Vance McDonald,vance mcdonald,5,6,33.0,0,0.0,0.0,8.0,28.0,1.0,-0.27000993,0,4.125,0.14285715,0.01965602,0.22804493,Vance McDonald,PIT,8.76,4.011070308344071,0.8500000000000009,1.2621887838439845,83.33333333333334,33.0,0.0,5.835999999999999,4.627982537471121,1.2080174625288782,00-0030470,Vance,McDonald,V.McDonald,REG,PIT,CLE,Vance McDonald,McDoVa00,1.0,1.0,0.167,89.6
2020,REG,17,00-0034970,I.Smith,TE,TE,MIN,14141,ed0e6a30-83d5-4f4b-bf49-f7ff80e21304,18610.0,42060.0,6126.0,,4040980.0,31882.0,,2257888.0,SmitIr01,irv-smith-jr-1,13583.0,14052.0,,31882.0,944428.0,20949.0,944428.0,Irv Smith,irv smith,2,3,30.0,0,0.0,0.0,46.0,7.0,1.0,-0.2590045,0,0.65217394,0.078947365,0.17692308,0.2422672,,,,,,,,,,,,,,,,,REG,MIN,DET,Irv Smith Jr.,SmitIr01,0.0,0.0,0.0,99.3
2020,REG,17,00-0027656,R.Gronkowski,TE,TE,TB,9902,2142a164-48ad-47d6-bb27-0bc58c6b2e62,9721.0,5567.0,515.0,robgronkowski/497240,13229.0,24017.0,,1244303.0,GronRo00,rob-gronkowski-1,6443.0,5729.0,,24017.0,381091.0,10974.0,381091.0,Rob Gronkowski,rob gronkowski,2,4,29.0,0,0.0,0.0,33.0,21.0,2.0,0.6793859,0,0.8787879,0.10526316,0.07638889,0.21136697,,,,,,,,,,,,,,,,,REG,TB,ATL,Rob Gronkowski,GronRo00,0.0,0.0,0.0,74.0
2020,REG,17,00-0035689,D.Knox,TE,TE,BUF,14143,5fb525c5-4e70-4ede-8c49-94ad0cf66b7d,18631.0,35883.0,5906.0,,3930086.0,31928.0,,2186345.0,KnoxDa00,dawson-knox-1,13466.0,13953.0,88.0,31928.0,884083.0,20850.0,884083.0,Dawson Knox,dawson knox,2,8,29.0,0,0.0,0.0,92.0,9.0,2.0,-2.7412982,0,0.3152174,0.21621622,0.20043573,0.46462932,Dawson Knox,BUF,4.597142857142857,4.488606561554715,9.5975,16.952969750496795,25.0,29.0,0.0,6.079999999999998,5.198925661947101,0.8810743380528976,00-0035689,Dawson,Knox,D.Knox,REG,BUF,MIA,Dawson Knox,KnoxDa00,0.0,0.0,0.0,42.2
2020,REG,17,00-0034830,H.Hurst,TE,TE,ATL,13680,1b125fc4-5dd9-4eb9-a42f-048e61ca42b7,17283.0,47294.0,4973.0,,3924365.0,30995.0,,2185053.0,HursHa00,hayden-hurst-1,12467.0,13098.0,8.0,30995.0,881956.0,19843.0,881956.0,Hayden Hurst,hayden hurst,4,6,28.0,1,0.0,0.0,30.0,17.0,3.0,5.326309,0,0.93333334,0.14634146,0.1369863,0.3154026,Hayden Hurst,ATL,6.2825,4.054246678018498,5.453333333333336,14.886260236578716,66.66666666666666,28.0,1.0,5.017499999999998,5.39241753204692,-0.374917532046922,00-0034830,Hayden,Hurst,H.Hurst,REG,ATL,TB,Hayden Hurst,HursHa00,0.0,0.0,0.0,116.7
2020,REG,17,00-0034753,M.Andrews,TE,TE,BAL,13671,0618f387-9b72-4270-8b8f-dec4cccc9e4a,17269.0,47436.0,5012.0,,3116365.0,31056.0,,2131121.0,AndrMa00,mark-andrews-1,12559.0,13182.0,366.0,31056.0,820699.0,19803.0,820699.0,Mark Andrews,mark andrews,4,7,27.0,0,0.0,0.0,43.0,19.0,0.0,-0.08454623,0,0.627907,0.36842105,0.22513089,0.7102232,Mark Andrews,BAL,10.120000000000001,3.7138446704873593,7.357142857142856,24.018281876690608,57.14285714285714,27.0,0.0,5.387499999999999,6.358977581528492,-0.9714775815284931,00-0034753,Mark,Andrews,M.Andrews,REG,BAL,CIN,Mark Andrews,AndrMa00,0.0,0.0,0.0,65.8
2020,REG,17,00-0033895,G.Everett,TE,TE,LA,13236,ebeceb00-57e0-4b74-9cf7-853da2afed18,16459.0,11799.0,4089.0,,3918639.0,30157.0,,2142692.0,EverGe00,gerald-everett-1,11737.0,12284.0,55.0,30157.0,838487.0,18935.0,838487.0,Gerald Everett,gerald everett,2,7,25.0,0,0.0,0.0,111.0,8.0,2.0,-3.1861334,0,0.22522523,0.1891892,0.31005585,0.5008229,Gerald Everett,LAR,4.344285714285713,1.1849846409418567,16.927142857142858,31.395564505445,28.57142857142857,25.0,0.0,3.950000000000003,3.8462836291359963,0.10371637086400654,00-0033895,Gerald,Everett,G.Everett,REG,LA,ARI,Gerald Everett,EverGe00,0.0,1.0,0.143,42.0
2020,REG,17,00-0035229,T.Hockenson,TE,TE,DET,14138,bd1120b6-38b3-4225-a4b0-20660a149d0d,18290.0,40912.0,5844.0,,4036133.0,31840.0,,2251097.0,HockTJ00,tj-hockenson-1,13610.0,14051.0,247.0,31840.0,923915.0,20805.0,923915.0,T.J. Hockenson,tj hockenson,3,3,25.0,0,0.0,0.0,17.0,8.0,1.0,1.8937788,0,1.4705882,0.09677419,0.03837472,0.1720236,,,,,,,,,,,,,,,,,REG,DET,MIN,T.J. Hockenson,HockTJ00,0.0,0.0,0.0,101.4
2020,REG,17,00-0034798,D.Smythe,TE,TE,MIA,13676,7e42a22a-c47b-4387-aeeb-2cc2e76dc1d8,17508.0,47257.0,5008.0,,3052897.0,31093.0,,2082845.0,SmytDu00,durham-smythe-1,12807.0,13249.0,,31093.0,749968.0,19943.0,749968.0,Durham Smythe,durham smythe,3,3,23.0,0,0.0,0.0,9.0,14.0,1.0,1.7080302,0,2.5555556,0.050847456,0.020454545,0.09058937,,,,,,,,,,,,,,,,,REG,MIA,BUF,Durham Smythe,SmytDu00,0.0,0.0,0.0,98.6
2020,REG,17,00-0033896,A.Shaheen,TE,TE,MIA,13254,87171077-4c1c-4b67-b159-2cc6242988e0,16457.0,11800.0,4085.0,,4198676.0,30158.0,,2818105.0,ShahAd00,,11898.0,12283.0,,30158.0,1049770.0,18931.0,1049770.0,Adam Shaheen,adam shaheen,1,3,22.0,0,0.0,0.0,12.0,21.0,1.0,-0.5245867,0,1.8333334,0.050847456,0.027272727,0.0953621,,,,,,,,,,,,,,,,,REG,MIA,BUF,Adam Shaheen,ShahAd00,0.0,0.0,0.0,60.4
2020,REG,17,00-0033338,C.Carter,TE,TE,CIN,13369,53fd9a69-1b10-4fd6-90e7-ee84cca9e041,16543.0,47149.0,4362.0,,3040470.0,30577.0,,2060620.0,CartCe00,,11889.0,12499.0,,30577.0,728274.0,19219.0,728274.0,Cethan Carter,cethan carter,1,2,21.0,0,0.0,0.0,26.0,4.0,1.0,0.39771265,0,0.8076923,0.1,0.16455697,0.2651899,,,,,,,,,,,,,,,,,REG,CIN,BAL,Cethan Carter,CartCe00,0.0,0.0,0.0,87.5
2020,REG,17,00-0034073,R.Dwelley,TE,TE,SF,13988,70473218-5ae3-47b4-86fd-151e68f1e8b9,17886.0,20994.0,5285.0,,3120303.0,31329.0,,2924888.0,DwelRo00,,13030.0,13522.0,,31329.0,752665.0,20361.0,752665.0,Ross Dwelley,ross dwelley,2,2,21.0,0,0.0,0.0,17.0,4.0,1.0,2.0087726,0,1.2352941,0.057142857,0.0648855,0.13113414,,,,,,,,,,,,,,,,,REG,SF,SEA,Ross Dwelley,DwelRo00,0.0,0.0,0.0,110.4
2020,REG,17,00-0034159,W.Dissly,TE,TE,SEA,13763,383f4814-6836-4766-a297-fc063e8509cc,18049.0,30762.0,5010.0,,3127292.0,31090.0,,2139628.0,DissWi00,will-dissly-1,12986.0,13246.0,86.0,31090.0,837806.0,19950.0,837806.0,Will Dissly,will dissly,1,2,20.0,0,0.0,0.0,12.0,17.0,1.0,0.57603776,0,1.6666666,0.0625,0.04195804,0.12312063,,,,,,,,,,,,,,,,,REG,SEA,SF,Will Dissly,DissWi00,0.0,1.0,0.5,85.4
2020,REG,17,00-0032098,D.Brown,TE,TE,NYJ,12585,1b016b52-62ba-4da9-9ead-6bad689f8d33,14470.0,10144.0,2751.0,,2519013.0,29102.0,,2175305.0,BrowDa04,,10713.0,11092.0,,29102.0,561380.0,17219.0,561380.0,Daniel Brown,daniel brown,1,1,18.0,0,0.0,0.0,10.0,8.0,1.0,1.894508,0,1.8,0.030303031,0.041493777,0.07450019,,,,,,,,,,,,,,,,,REG,NYJ,NE,Daniel Brown,BrowDa04,0.0,0.0,0.0,118.7
2020,REG,17,00-0033455,A.Firkser,TE,TE,TEN,13919,b0719e3d-199b-46e5-a2b4-1091f6fd5c0d,16787.0,51837.0,4435.0,,3049698.0,30571.0,,2818971.0,FirkAn00,,12235.0,12691.0,,30571.0,767297.0,19296.0,767297.0,Anthony Firkser,anthony firkser,2,2,18.0,0,0.0,0.0,12.0,6.0,1.0,1.0125966,0,1.5,0.074074075,0.039215688,0.1385621,,,,,,,,,,,,,,,,,REG,TEN,HOU,Anthony Firkser,FirkAn00,2.0,0.0,0.0,104.2
2020,REG,17,00-0033757,R.Tonyan,TE,TE,GB,13427,7c9c7800-69d0-459b-812b-a07ac48e9f2a,16502.0,12193.0,4602.0,,2975674.0,30777.0,,2820026.0,TonyRo00,,12389.0,12868.0,,30777.0,660151.0,19491.0,660151.0,Robert Tonyan,robert tonyan,2,2,18.0,1,0.0,0.0,6.0,12.0,2.0,2.823108,0,3.0,0.083333336,0.034883723,0.1494186,,,,,,,,,,,,,,,,,REG,GB,CHI,Robert Tonyan,TonyRo00,0.0,0.0,0.0,143.7
2020,REG,17,00-0030181,J.Doyle,TE,TE,IND,11516,bd413539-9351-454e-9d61-4e8635d7e9f5,11987.0,8520.0,1706.0,jackdoyle/2540232,16504.0,27299.0,,2041264.0,DoylJa00,,9081.0,9075.0,,27299.0,477386.0,15602.0,477386.0,Jack Doyle,jack doyle,3,3,17.0,0,0.0,0.0,5.0,12.0,0.0,0.2497095,0,3.4,0.115384616,0.030487806,0.19441839,,,,,,,,,,,,,,,,,REG,IND,JAX,Jack Doyle,DoylJa00,0.0,0.0,0.0,90.3
2020,REG,17,00-0033881,E.Engram,TE,TE,NYG,13189,e21365af-8d66-416e-b0a5-8816d18fcfd9,16411.0,11778.0,4066.0,,3051876.0,30136.0,,2079887.0,EngrEv00,evan-engram-1,11805.0,12205.0,229.0,30136.0,749185.0,18912.0,749185.0,Evan Engram,evan engram,2,4,17.0,0,0.0,0.0,42.0,8.0,1.0,-3.8751905,0,0.4047619,0.16,0.14634146,0.34243903,,,,,,,,,,,,,,,,,REG,NYG,DAL,Evan Engram,EngrEv00,0.0,2.0,0.5,21.9
2020,REG,17,00-0030061,Z.Ertz,TE,TE,PHI,11247,de3421f7-2147-4835-89a5-724e87bad463,11689.0,7816.0,1339.0,zachertz/2540158,15835.0,26658.0,,1685963.0,ErtzZa00,zach-ertz-1,8781.0,8409.0,305.0,26658.0,503177.0,14856.0,503177.0,Zach Ertz,zach ertz,3,6,16.0,0,0.0,0.0,29.0,6.0,1.0,-6.269355,0,0.55172414,0.20689656,0.115079366,0.39090037,Zach Ertz,PHI,4.217499999999999,2.46772759405054,5.201666666666665,12.303386289273464,50.0,16.0,0.0,2.1466666666666683,3.039519832169011,-0.8928531655023426,00-0030061,Zachary,Ertz,Z.Ertz,REG,PHI,WAS,Zach Ertz,ErtzZa00,0.0,0.0,0.0,16.7
2020,REG,17,00-0034988,K.Smith,TE,TE,NYG,14142,7bb7f5e7-f00e-47d8-954d-90bf5baf4292,18293.0,40973.0,6146.0,,4044452.0,32008.0,,2251343.0,SmitKa00,kaden-smith-1,13516.0,14217.0,,32008.0,924018.0,20946.0,924018.0,Kaden Smith,kaden smith,1,1,16.0,0,0.0,0.0,1.0,15.0,1.0,0.9245832,0,16.0,0.04,0.0034843206,0.062439024,,,,,,,,,,,,,,,,,REG,NYG,DAL,Kaden Smith,SmitKa00,0.0,0.0,0.0,118.7
2020,REG,17,00-0034393,T.Fumagalli,TE,TE,DEN,13673,579d92e6-ab4f-43e0-803f-b2d5a54d106a,17273.0,47333.0,5092.0,,3045264.0,31126.0,,2071777.0,FumaTr00,troy-fumagalli-2,12808.0,13270.0,,31126.0,742474.0,19973.0,742474.0,Troy Fumagalli,troy fumagalli,2,3,15.0,1,0.0,0.0,20.0,3.0,2.0,0.5872797,0,0.75,0.075,0.06872852,0.16060996,,,,,,,,,,,,,,,,,REG,DEN,LV,Troy Fumagalli,FumaTr00,0.0,0.0,0.0,118.1
2020,REG,17,00-0035631,D.Sample,TE,TE,CIN,14146,15a4f552-ecaf-45bd-9006-aa5dda93bee6,18561.0,47259.0,6001.0,,3127310.0,31884.0,,2139646.0,SampDr00,drew-sample-1,13809.0,14111.0,435.0,31884.0,837824.0,20931.0,837824.0,Drew Sample,drew sample,2,3,15.0,0,0.0,0.0,11.0,14.0,0.0,-0.104723975,0,1.3636364,0.15,0.06962025,0.27373418,,,,,,,,,,,,,,,,,REG,CIN,BAL,Drew Sample,SampDr00,0.0,0.0,0.0,78.5
2020,REG,17,00-0028042,L.Stocker,TE,TE,ATL,10354,5b712aed-201c-43dd-b978-b7b6ef91178e,9948.0,6256.0,963.0,lukestocker/2495234,14099.0,24891.0,7589.0,1125485.0,StocLu00,luke-stocker-1,7413.0,6552.0,,24891.0,334186.0,13370.0,334186.0,Luke Stocker,luke stocker,1,1,13.0,0,0.0,0.0,4.0,9.0,1.0,0.70954883,0,3.25,0.024390243,0.01826484,0.049370755,,,,,,,,,,,,,,,,,REG,ATL,TB,Luke Stocker,StocLu00,0.0,0.0,0.0,118.7
2020,REG,17,00-0033885,D.Njoku,TE,TE,CLE,13192,8f86fcea-90e8-49ea-bc78-5c7659313e57,16399.0,11784.0,4033.0,,3123076.0,30142.0,,2136474.0,NjokDa00,david-njoku-1,11734.0,12186.0,252.0,30142.0,832098.0,18876.0,832098.0,David Njoku,david njoku,2,5,13.0,0,0.0,0.0,31.0,6.0,1.0,-1.5019171,0,0.41935483,0.1923077,0.13963965,0.38620928,David Njoku,CLE,3.5125,1.4784416086480465,9.284,18.476357267950963,40.0,13.0,0.0,2.635,1.0881563234665492,1.5468436765334506,00-0033885,David,Njoku,D.Njoku,REG,CLE,PIT,David Njoku,NjokDa00,0.0,0.0,0.0,47.9
2020,REG,17,00-0036456,D.Dafney,TE,TE,GB,15214,921d49c2-64d1-4108-a3a3-0c237e17748a,22672.0,62825.0,7502.0,,4036129.0,33367.0,,3172375.0,DafnDo00,,15181.0,,,33367.0,0.0,22477.0,976393.0,Dominique Dafney,dominique dafney,1,1,13.0,1,0.0,0.0,13.0,0.0,1.0,3.1101458,0,1.0,0.041666668,0.075581394,0.115406975,,,,,,,,,,,,,,,,,REG,GB,CHI,Dominique Dafney,DafnDo00,0.0,0.0,0.0,158.3
2020,REG,17,00-0031273,C.Brate,TE,TE,TB,12110,5afe93fd-0caf-4cca-83fc-7f405bebfa3e,13470.0,9207.0,2214.0,,17453.0,28267.0,,2132787.0,BratCa00,,10008.0,10193.0,,28267.0,552926.0,16593.0,552926.0,Cameron Brate,cameron brate,1,2,11.0,0,0.0,0.0,14.0,4.0,1.0,0.47371814,0,0.78571427,0.05263158,0.032407407,0.10163255,,,,,,,,,,,,,,,,,REG,TB,ATL,Cameron Brate,BratCa00,0.0,0.0,0.0,66.7
2020,REG,17,00-0030443,L.Toilolo,TE,TE,NYG,11252,67d56171-7522-430c-b7d9-8f7e2b6624d3,11694.0,7915.0,1642.0,levinetoilolo/2540203,15980.0,26756.0,,1685990.0,ToilLe00,levine-toilolo-1,8789.0,8414.0,,26756.0,503205.0,15378.0,503205.0,Levine Toilolo,levine toilolo,1,1,10.0,0,0.0,0.0,7.0,3.0,1.0,0.9481305,0,1.4285715,0.04,0.024390243,0.07707317,,,,,,,,,,,,,,,,,REG,NYG,DAL,Levine Toilolo,ToilLe00,0.0,0.0,0.0,108.3
2020,REG,17,00-0030549,T.Eifert,TE,TE,JAX,11250,14ecf9dd-3a77-4847-8e62-407cd1182f1c,11692.0,7802.0,1388.0,tylereifert/2540148,15788.0,26644.0,,1691608.0,EifeTy00,tyler-eifert-1,8782.0,8408.0,,26644.0,508968.0,14918.0,,Tyler Eifert,tyler eifert,1,2,10.0,0,0.0,0.0,13.0,0.0,1.0,0.7207827,0,0.7692308,0.05,0.044067796,0.105847456,,,,,,,,,,,,,,,,,REG,JAX,IND,Tyler Eifert,EifeTy00,0.0,0.0,0.0,64.6
2020,REG,17,00-0031951,J.O'Shaughnessy,TE,TE,JAX,12330,e5c6b0d4-3e77-422b-a6d8-574a10ed385e,14146.0,9606.0,2476.0,,2508079.0,28561.0,,2174148.0,O'ShJa00,,10249.0,10549.0,,28561.0,552352.0,16933.0,552352.0,James O'Shaughnessy,james oshaughnessy,1,1,10.0,0,0.0,0.0,7.0,3.0,0.0,-0.1640678,0,1.4285715,0.025,0.023728814,0.05411017,,,,,,,,,,,,,,,,,REG,JAX,IND,James O'Shaughnessy,O'ShJa00,0.0,0.0,0.0,108.3
2020,REG,17,00-0024243,M.Lewis,TE,TE,GB,8269,9c21e9af-681c-41ef-9b00-fbc9e1668ed1,9413.0,2973.0,111.0,marcedeslewis/2495888,9614.0,7777.0,4007.0,415313.0,LewiMa00,marcedes-lewis-1,4891.0,3615.0,,7777.0,214197.0,3061.0,214197.0,Marcedes Lewis,marcedes lewis,1,1,9.0,0,0.0,0.0,2.0,7.0,0.0,-0.46368662,0,4.5,0.041666668,0.011627907,0.070639536,,,,,,,,,,,,,,,,,REG,GB,CHI,Marcedes Lewis,LewiMa00,0.0,0.0,0.0,104.2
2020,REG,17,00-0033576,E.Saubert,TE,TE,JAX,13315,582dc00e-e7ec-4ca7-bff0-f7b1d604017b,16706.0,11929.0,4189.0,,2975863.0,30287.0,,2001018.0,SaubEr00,,11897.0,12300.0,,30287.0,694931.0,19035.0,694931.0,Eric Saubert,eric saubert,1,1,9.0,0,0.0,0.0,4.0,5.0,0.0,0.81090397,0,2.25,0.025,0.013559322,0.046991527,,,,,,,,,,,,,,,,,REG,JAX,IND,Eric Saubert,SaubEr00,0.0,0.0,0.0,104.2
2020,REG,17,00-0034364,J.Akins,TE,TE,HOU,13753,0cb5a32a-a340-4671-ba2a-93f5fa6aee8d,17415.0,47050.0,5032.0,,3128452.0,31068.0,,2142712.0,AkinJo00,jordan-akins-1,12568.0,13238.0,,31068.0,838396.0,19903.0,838396.0,Jordan Akins,jordan akins,1,2,9.0,0,0.0,0.0,14.0,1.0,1.0,-0.32495883,0,0.64285713,0.05,0.033653848,0.098557696,,,,,,,,,,,,,,,,,REG,HOU,TEN,Jordan Akins,AkinJo00,0.0,0.0,0.0,62.5
2020,REG,17,00-0033858,J.Smith,TE,TE,TEN,13193,e4f25a37-74de-4bfb-b6c9-f50a4fab0b87,16460.0,11855.0,4144.0,,3054212.0,30213.0,,2081506.0,SmitJo01,jonnu-smith-1,11807.0,12344.0,84.0,30213.0,743749.0,18990.0,743749.0,Jonnu Smith,jonnu smith,1,2,8.0,0,0.0,0.0,10.0,3.0,0.0,0.089829184,0,0.8,0.074074075,0.03267974,0.13398694,,,,,,,,,,,,,,,,,REG,TEN,HOU,Jonnu Smith,SmitJo01,1.0,0.0,0.0,60.4
2020,REG,17,00-0034981,F.Moreau,TE,TE,LV,14239,9c3a67fd-5c6e-4689-9e08-9ff6d4db6c9a,18397.0,47043.0,5985.0,,3843945.0,31969.0,,2180634.0,MoreFo00,foster-moreau-1,13822.0,14154.0,179.0,31969.0,865573.0,20884.0,865573.0,Foster Moreau,foster moreau,1,1,7.0,0,0.0,0.0,0.0,7.0,0.0,0.6163794,0,0.0,0.028571429,0.0,0.042857144,,,,,,,,,,,,,,,,,REG,LV,DEN,Foster Moreau,MoreFo00,0.0,0.0,0.0,95.8
2020,REG,17,00-0033387,J.Hollister,TE,TE,SEA,13391,ad2a1d03-020b-487a-bd5f-7ca9fbc250fe,16527.0,12051.0,4421.0,,3125404.0,30661.0,,2818962.0,HollJa03,,12271.0,12491.0,,30661.0,696882.0,19281.0,696882.0,Jacob Hollister,jacob hollister,1,3,6.0,0,0.0,0.0,14.0,1.0,0.0,-2.636248,0,0.42857143,0.09375,0.04895105,0.17489074,,,,,,,,,,,,,,,,,REG,SEA,SF,Jacob Hollister,HollJa03,0.0,0.0,0.0,42.4
2020,REG,17,00-0034319,D.Yelder,TE,TE,KC,13857,cad43704-4231-4a72-b616-c66642103452,17879.0,29556.0,5277.0,,3059766.0,31519.0,,2925876.0,YeldDe00,,13022.0,13688.0,,31519.0,750702.0,20332.0,750702.0,Deon Yelder,deon yelder,2,6,6.0,0,0.0,0.0,53.0,4.0,1.0,-2.6446528,0,0.11320755,0.19354838,0.38686132,0.5611255,Deon Yelder,KC,6.0200000000000005,1.1213871993905478,8.983333333333334,38.776978417266186,33.33333333333333,6.0,0.0,2.164999999999999,1.5485959575496508,0.6164040424503483,00-0034319,Deon,Yelder,D.Yelder,REG,KC,LAC,Deon Yelder,YeldDe00,0.0,0.0,0.0,42.4
2020,REG,17,00-0036225,D.Keene,TE,TE,NE,14939,4da5e05d-fc5c-4e87-aa38-d9cde42dd476,19563.0,61068.0,7082.0,,4240861.0,32771.0,,2805113.0,KeenDa00,dalton-keene-1,14559.0,,,32771.0,0.0,21808.0,976973.0,Dalton Keene,dalton keene,1,2,6.0,0,0.0,0.0,11.0,0.0,0.0,-0.60856014,0,0.54545456,0.06666667,0.056410257,0.13948718,,,,,,,,,,,,,,,,,REG,NE,NYJ,Dalton Keene,KeenDa00,0.0,0.0,0.0,56.2
2020,REG,17,00-0027696,J.Graham,TE,TE,CHI,9925,fd85786d-3900-4dc0-9b30-334ee30413ed,9712.0,5619.0,616.0,jimmygraham/497236,13232.0,24070.0,6610.0,1691166.0,GrahJi00,jimmy-graham-1,6532.0,5842.0,,24070.0,295918.0,11488.0,295918.0,Jimmy Graham,jimmy graham,2,2,5.0,0,0.0,0.0,1.0,4.0,0.0,-4.4064856,0,5.0,0.048780486,0.003984064,0.07595958,,,,,,,,,,,,,,,,,REG,CHI,GB,Jimmy Graham,GrahJi00,0.0,0.0,0.0,79.2
2020,REG,17,00-0036422,A.Trautman,TE,TE,NO,14870,4e14183b-f974-4745-9d7f-8f5eb2a92a7d,19423.0,109795.0,6869.0,,3911853.0,32775.0,,2182228.0,TrauAd00,,14541.0,,566.0,32775.0,0.0,21786.0,875444.0,Adam Trautman,adam trautman,1,1,5.0,0,0.0,0.0,-4.0,9.0,0.0,0.07737404,0,0.0,0.03448276,-0.020512821,0.037365165,,,,,,,,,,,,,,,,,REG,NO,CAR,Adam Trautman,TrauAd00,0.0,0.0,0.0,87.5
2020,REG,17,00-0036040,J.Johnson,TE,TE,NO,14861,0226b03b-f91d-4223-9813-9fcd2e9c3acc,19562.0,28305.0,7002.0,,3929645.0,33113.0,,2186637.0,JohnJu02,,14630.0,,575.0,33113.0,0.0,21738.0,884609.0,Juwan Johnson,juwan johnson,1,1,4.0,0,0.0,0.0,-2.0,6.0,1.0,0.23590961,0,0.0,0.03448276,-0.010256411,0.044544652,,,,,,,,,,,,,,,,,REG,NO,CAR,Juwan Johnson,JohnJu02,0.0,0.0,0.0,83.3
2020,REG,17,00-0036429,C.Woerner,TE,TE,SF,14984,527dfee0-a242-4dc7-830a-ab7028308259,19665.0,42257.0,7075.0,,4035020.0,32860.0,,2248629.0,WoerCh00,charlie-woerner-1,14608.0,,,32860.0,0.0,22119.0,922040.0,Charlie Woerner,charlie woerner,1,1,3.0,0,0.0,0.0,3.0,0.0,0.0,-0.34152576,0,1.0,0.028571429,0.011450382,0.05087241,,,,,,,,,,,,,,,,,REG,SF,SEA,Charlie Woerner,WoerCh00,0.0,0.0,0.0,79.2
2020,REG,17,00-0032135,J.James,TE,TE,DET,12211,a37a5bfd-b48c-4d8b-817a-d8ce7ca3592d,13959.0,9593.0,2463.0,jessejames/2552633,2979590.0,28548.0,,1983808.0,JameJe00,jesse-james-1,10150.0,10403.0,,28548.0,652019.0,16920.0,652019.0,Jesse James,jesse james,1,1,2.0,0,0.0,0.0,-2.0,4.0,0.0,-0.3210237,0,0.0,0.032258064,-0.004514673,0.045226827,,,,,,,,,,,,,,,,,REG,DET,MIN,Jesse James,JameJe00,0.0,0.0,0.0,79.2
2020,REG,17,00-0034193,K.Rader,TE,TE,PIT,14363,1ea6e870-84ff-44ba-8302-f0f08623fa26,17802.0,30887.0,5171.0,,3049290.0,31441.0,,2925426.0,,,13119.0,13623.0,,31441.0,840531.0,20134.0,840531.0,Kevin Rader,kevin rader,0,1,0.0,0,0.0,0.0,4.0,0.0,0.0,-1.4395779,0,0.0,0.023809524,0.00982801,0.042593893,,,,,,,,,,,,,,,,,,,,,,,,,
2020,REG,17,00-0036008,H.Bryant,TE,TE,DET,14874,826c6c22-2a3a-48bb-befb-8e552fb391ea,19242.0,61072.0,6846.0,,4243318.0,33186.0,,2815166.0,BryaHu02,,14364.0,,,33186.0,0.0,21683.0,,Hunter Bryant,hunter bryant,0,1,0.0,0,0.0,0.0,12.0,0.0,0.0,-0.44538936,0,0.0,0.032258064,0.027088037,0.06734872,,,,,,,,,,,,,,,,,REG,DET,MIN,Hunter Bryant,BryaHu02,0.0,0.0,0.0,39.6
2020,REG,17,00-0036433,T.Stevens,TE,TE,CAR,15017,93a1f2fd-fd5e-4b06-8086-476028d83eed,19838.0,28301.0,7149.0,,3791110.0,32910.0,,2179839.0,StevTo01,tommy-stevens-1,14527.0,,,32910.0,0.0,22151.0,,Tommy Stevens,tommy stevens,0,0,0.0,0,0.0,0.0,0.0,0.0,0.0,,0,,,,,,,,,,,,,,,,,,,,,,,,,,,,,
2020,REG,17,00-0034365,I.Thomas,TE,TE,CAR,13678,ed8a8fd2-df67-45e7-a34f-984afb82f6ea,17387.0,42130.0,4995.0,,4045305.0,31071.0,,2253359.0,ThomIa00,ian-thomas-3,12858.0,13163.0,323.0,31071.0,943093.0,19910.0,943093.0,Ian Thomas,ian thomas,1,3,-1.0,0,0.0,0.0,28.0,0.0,0.0,-7.3095474,0,-0.035714287,0.083333336,0.055776894,0.16404383,,,,,,,,,,,,,,,,,REG,CAR,NO,Ian Thomas,ThomIa00,0.0,0.0,0.0,2.8
2020,POST,18,00-0031273,C.Brate,TE,TE,TB,12110,5afe93fd-0caf-4cca-83fc-7f405bebfa3e,13470.0,9207.0,2214.0,,17453.0,28267.0,,2132787.0,BratCa00,,10008.0,10193.0,,28267.0,552926.0,16593.0,552926.0,Cameron Brate,cameron brate,4,6,80.0,0,1.0,0.0,67.0,27.0,4.0,6.7342844,0,1.1940298,0.15789473,0.1550926,0.34540692,Cameron Brate,TB,6.3625,3.483515562779717,10.881666666666666,15.205291227089596,66.66666666666666,80.0,0.0,7.867499999999999,5.595288801705465,2.272211198294534,00-0031273,Cameron,Brate,C.Brate,WC,TB,WAS,Cameron Brate,BratCa00,0.0,0.0,0.0,109.7
2020,POST,18,00-0031260,L.Thomas,TE,TE,WAS,11647,b24625a0-d402-4d59-a778-aa4b073bfe5e,12095.0,8755.0,2251.0,loganthomas/2543767,16813.0,27648.0,,1691193.0,ThomLo00,logan-thomas-1,9323.0,9354.0,,27648.0,507528.0,16656.0,507528.0,Logan Thomas,logan thomas,5,9,74.0,0,0.0,0.0,107.0,29.0,3.0,-1.02948,0,0.69158876,0.2195122,0.2764858,0.5228084,Logan Thomas,WAS,5.927499999999999,2.952244622147801,11.969999999999997,27.491961414791,55.55555555555556,74.0,0.0,5.788000000000002,4.173183377210054,1.6148166227899479,00-0031260,Logan,Thomas,L.Thomas,WC,WAS,TB,Logan Thomas,ThomLo00,0.0,0.0,0.0,82.6
2020,POST,18,00-0030181,J.Doyle,TE,TE,IND,11516,bd413539-9351-454e-9d61-4e8635d7e9f5,11987.0,8520.0,1706.0,jackdoyle/2540232,16504.0,27299.0,,2041264.0,DoylJa00,,9081.0,9075.0,,27299.0,477386.0,15602.0,477386.0,Jack Doyle,jack doyle,7,9,70.0,1,0.0,0.0,71.0,10.0,4.0,4.541905,1,0.9859155,0.20930232,0.23509933,0.47852302,Jack Doyle,IND,5.5024999999999995,3.0051397378719003,8.376666666666665,22.07096434217459,77.77777777777779,70.0,1.0,1.3500000000000014,1.8843454815903766,-0.5343454815903752,00-0030181,John,Doyle,J.Doyle,WC,IND,BUF,Jack Doyle,DoylJa00,0.0,0.0,0.0,136.1
2020,POST,18,00-0031387,E.Ebron,TE,TE,PIT,11695,9fbcfae9-dd14-415c-8952-9b1b5dff0dfc,12143.0,8645.0,2118.0,ericebron/2543466,16732.0,27538.0,,1865396.0,EbroEr00,eric-ebron-1,9210.0,9390.0,,27538.0,605752.0,16451.0,605752.0,Eric Ebron,eric ebron,7,11,62.0,1,0.0,0.0,49.0,36.0,5.0,-0.39033204,0,1.2653061,0.16176471,0.08672567,0.30335504,Eric Ebron,PIT,8.18375,3.4956300729854366,4.853636363636363,9.303662914299654,63.63636363636363,62.0,1.0,5.280000000000001,4.558595534377877,0.7214044656221246,00-0031387,Eric,Ebron,E.Ebron,WC,PIT,CLE,Eric Ebron,EbroEr00,0.0,2.0,0.182,71.0
2020,POST,18,00-0032392,A.Hooper,TE,TE,CLE,12677,90c2a93f-d837-4e1b-b57c-56648903a8db,15581.0,10715.0,3202.0,,3043275.0,29315.0,,2067004.0,HoopAu00,austin-hooper-1,10748.0,11301.0,384.0,29315.0,739424.0,17963.0,739424.0,Austin Hooper,austin hooper,7,11,46.0,1,0.0,0.0,93.0,4.0,3.0,1.8149695,0,0.49462366,0.32352942,0.4025974,0.7671123,Austin Hooper,CLE,5.023750000000001,2.28886996718718,9.249999999999998,43.64517651095955,63.63636363636363,46.0,1.0,0.6771428571428559,0.9724171749405579,-0.29527431779770197,00-0032392,Austin,Hooper,A.Hooper,WC,CLE,PIT,Austin Hooper,HoopAu00,0.0,1.0,0.091,102.8
2020,POST,18,00-0033455,A.Firkser,TE,TE,TEN,13919,b0719e3d-199b-46e5-a2b4-1091f6fd5c0d,16787.0,51837.0,4435.0,,3049698.0,30571.0,,2818971.0,FirkAn00,,12235.0,12691.0,,30571.0,767297.0,19296.0,767297.0,Anthony Firkser,anthony firkser,2,2,44.0,0,0.0,0.0,9.0,35.0,2.0,3.8602586,0,4.888889,0.07692308,0.047872342,0.14889525,,,,,,,,,,,,,,,,,WC,TEN,BAL,Anthony Firkser,FirkAn00,0.0,0.0,0.0,118.7
2020,POST,18,00-0034753,M.Andrews,TE,TE,BAL,13671,0618f387-9b72-4270-8b8f-dec4cccc9e4a,17269.0,47436.0,5012.0,,3116365.0,31056.0,,2131121.0,AndrMa00,mark-andrews-1,12559.0,13182.0,366.0,31056.0,820699.0,19803.0,820699.0,Mark Andrews,mark andrews,4,6,41.0,0,0.0,0.0,49.0,13.0,2.0,1.0754942,0,0.8367347,0.25,0.21777777,0.5274444,Mark Andrews,BAL,6.958,2.689661733960854,8.463333333333335,23.038882083390046,66.66666666666666,41.0,0.0,3.5300000000000002,3.380057787066761,0.14994221293323928,00-0034753,Mark,Andrews,M.Andrews,WC,BAL,TEN,Mark Andrews,AndrMa00,0.0,0.0,0.0,86.1
2020,POST,18,00-0027061,J.Cook,TE,TE,NO,9474,3b7a1409-d154-4e5c-8c94-9d4a0e0993c7,9265.0,5012.0,367.0,jaredcook/71265,12537.0,9353.0,6126.0,584314.0,CookJa02,jared-cook-2,5981.0,5165.0,,9353.0,296480.0,8534.0,296480.0,Jared Cook,jared cook,4,7,40.0,0,0.0,0.0,64.0,13.0,2.0,-0.98764116,0,0.625,0.19444445,0.34594595,0.53382885,Jared Cook,NO,7.43,1.0208775060783915,9.001428571428573,33.86723998925019,57.14285714285714,40.0,0.0,3.1849999999999987,3.6213796083802663,-0.43637960838026757,00-0027061,Jared,Cook,J.Cook,WC,NO,CHI,Jared Cook,CookJa02,1.0,0.0,0.0,73.5
2020,POST,18,00-0030710,T.Burton,TE,TE,IND,11705,bc0f07a4-3e7b-4e61-987a-05533dc225be,12153.0,9185.0,1793.0,treyburton/2550284,16974.0,27789.0,,2130223.0,BurtTr01,,9490.0,9737.0,,27789.0,542788.0,15965.0,,Trey Burton,trey burton,3,3,34.0,0,0.0,0.0,29.0,5.0,2.0,4.288265,0,1.1724138,0.069767445,0.09602649,0.17186971,,,,,,,,,,,,,,,,,WC,IND,BUF,Trey Burton,BurtTr01,0.0,0.0,0.0,113.9
2020,POST,18,00-0033217,M.Alie-Cox,TE,TE,IND,13246,8809c0dd-786b-4255-a7d0-333c9498c19a,16579.0,12078.0,4054.0,moalie-cox/2558832,2998565.0,30112.0,,2815925.0,AlieMo00,,12196.0,12221.0,195.0,30112.0,712506.0,18900.0,712506.0,Mo Alie-Cox,mo alie-cox,4,4,32.0,0,0.0,0.0,24.0,8.0,2.0,3.1527815,0,1.3333334,0.093023255,0.0794702,0.19516402,,,,,,,,,,,,,,,,,WC,IND,BUF,Mo Alie-Cox,AlieMo00,0.0,0.0,0.0,100.0
2020,POST,18,00-0027696,J.Graham,TE,TE,CHI,9925,fd85786d-3900-4dc0-9b30-334ee30413ed,9712.0,5619.0,616.0,jimmygraham/497236,13232.0,24070.0,6610.0,1691166.0,GrahJi00,jimmy-graham-1,6532.0,5842.0,,24070.0,295918.0,11488.0,295918.0,Jimmy Graham,jimmy graham,2,2,25.0,1,0.0,0.0,21.0,4.0,1.0,4.014749,0,1.1904762,0.074074075,0.07954545,0.16679293,,,,,,,,,,,,,,,,,WC,CHI,NO,Jimmy Graham,GrahJi00,0.0,0.0,0.0,158.3
2020,POST,18,00-0036290,C.Kmet,TE,TE,CHI,14867,036feeb6-9a22-43c5-a8e3-7ac611d8ff49,19229.0,60995.0,6826.0,,4258595.0,32713.0,,2868619.0,KmetCo00,cole-kmet-1,14436.0,,569.0,32713.0,0.0,21772.0,1066765.0,Cole Kmet,cole kmet,3,4,16.0,0,0.0,0.0,1.0,15.0,0.0,-2.4041743,0,16.0,0.14814815,0.003787879,0.22487374,,,,,,,,,,,,,,,,,WC,CHI,NO,Cole Kmet,KmetCo00,0.0,0.0,0.0,81.2
2020,POST,18,00-0033858,J.Smith,TE,TE,TEN,13193,e4f25a37-74de-4bfb-b6c9-f50a4fab0b87,16460.0,11855.0,4144.0,,3054212.0,30213.0,,2081506.0,SmitJo01,jonnu-smith-1,11807.0,12344.0,84.0,30213.0,743749.0,18990.0,743749.0,Jonnu Smith,jonnu smith,2,3,9.0,0,0.0,0.0,8.0,2.0,0.0,-1.9158875,0,1.125,0.115384616,0.04255319,0.20286416,,,,,,,,,,,,,,,,,WC,TEN,BAL,Jonnu Smith,SmitJo01,0.0,0.0,0.0,70.1
2020,POST,18,00-0033528,J.Sprinkle,TE,TE,WAS,13194,2dcc8e56-ac32-4774-a011-b1e65ca73786,16461.0,11909.0,4221.0,,2980073.0,30267.0,,1999945.0,SpriJe00,jeremy-sprinkle-1,11899.0,12368.0,,30267.0,693833.0,19067.0,693833.0,Jeremy Sprinkle,jeremy sprinkle,1,1,8.0,0,0.0,0.0,2.0,6.0,0.0,0.42332247,0,4.0,0.024390243,0.005167959,0.040202938,,,,,,,,,,,,,,,,,WC,WAS,TB,Jeremy Sprinkle,SpriJe00,0.0,0.0,0.0,100.0
2020,POST,18,00-0033885,D.Njoku,TE,TE,CLE,13192,8f86fcea-90e8-49ea-bc78-5c7659313e57,16399.0,11784.0,4033.0,,3123076.0,30142.0,,2136474.0,NjokDa00,david-njoku-1,11734.0,12186.0,252.0,30142.0,832098.0,18876.0,832098.0,David Njoku,david njoku,1,1,7.0,0,0.0,0.0,3.0,4.0,0.0,0.098669775,0,2.3333333,0.029411765,0.012987013,0.053208556,,,,,,,,,,,,,,,,,WC,CLE,PIT,David Njoku,NjokDa00,0.0,0.0,0.0,95.8
2020,POST,18,00-0032141,G.Swaim,TE,TE,TEN,12378,d0f9112d-2496-450a-9fc5-d2d01b4d2454,14164.0,9679.0,2545.0,geoffswaim/2553454,3046704.0,28634.0,,2174207.0,SwaiGe00,geoff-swaim-1,10507.0,10617.0,,28634.0,728021.0,17005.0,728021.0,Geoff Swaim,geoff swaim,1,1,5.0,0,0.0,0.0,5.0,0.0,0.0,0.005938115,0,1.0,0.03846154,0.026595745,0.07630933,,,,,,,,,,,,,,,,,WC,TEN,BAL,Geoff Swaim,SwaiGe00,0.0,0.0,0.0,87.5
2020,POST,18,00-0035689,D.Knox,TE,TE,BUF,14143,5fb525c5-4e70-4ede-8c49-94ad0cf66b7d,18631.0,35883.0,5906.0,,3930086.0,31928.0,,2186345.0,KnoxDa00,dawson-knox-1,13466.0,13953.0,88.0,31928.0,884083.0,20850.0,884083.0,Dawson Knox,dawson knox,2,3,5.0,1,0.0,0.0,3.0,2.0,1.0,-0.09625358,0,1.6666666,0.0882353,0.008152174,0.13805947,,,,,,,,,,,,,,,,,WC,BUF,IND,Dawson Knox,KnoxDa00,0.0,0.0,0.0,109.7
2020,POST,18,00-0033110,T.Higbee,TE,TE,LA,12678,0df7912d-9e81-47ea-b4f7-d04986df4ee8,15623.0,10744.0,3271.0,,2573401.0,29344.0,,1853103.0,HigbTy00,tyler-higbee-1,10854.0,11430.0,159.0,29344.0,604176.0,18032.0,604176.0,Tyler Higbee,tyler higbee,1,3,4.0,0,0.0,0.0,30.0,0.0,0.0,-1.141061,0,0.13333334,0.125,0.12,0.2715,,,,,,,,,,,,,,,,,WC,LA,SEA,Tyler Higbee,HigbTy00,0.0,0.0,0.0,42.4
2020,POST,18,00-0036422,A.Trautman,TE,TE,NO,14870,4e14183b-f974-4745-9d7f-8f5eb2a92a7d,19423.0,109795.0,6869.0,,3911853.0,32775.0,,2182228.0,TrauAd00,,14541.0,,566.0,32775.0,0.0,21786.0,875444.0,Adam Trautman,adam trautman,1,3,4.0,0,0.0,0.0,6.0,3.0,0.0,-1.5914608,0,0.6666667,0.083333336,0.032432433,0.14770271,,,,,,,,,,,,,,,,,WC,NO,CHI,Adam Trautman,TrauAd00,0.0,0.0,0.0,42.4
2020,POST,18,00-0034159,W.Dissly,TE,TE,SEA,13763,383f4814-6836-4766-a297-fc063e8509cc,18049.0,30762.0,5010.0,,3127292.0,31090.0,,2139628.0,DissWi00,will-dissly-1,12986.0,13246.0,86.0,31090.0,837806.0,19950.0,837806.0,Will Dissly,will dissly,1,2,1.0,0,0.0,0.0,5.0,1.0,0.0,-1.1788456,0,0.2,0.07692308,0.012658228,0.124245375,,,,,,,,,,,,,,,,,WC,SEA,LA,Will Dissly,DissWi00,0.0,0.0,0.0,56.2
2020,POST,18,00-0027656,R.Gronkowski,TE,TE,TB,9902,2142a164-48ad-47d6-bb27-0bc58c6b2e62,9721.0,5567.0,515.0,robgronkowski/497240,13229.0,24017.0,,1244303.0,GronRo00,rob-gronkowski-1,6443.0,5729.0,,24017.0,381091.0,10974.0,381091.0,Rob Gronkowski,rob gronkowski,0,1,0.0,0,0.0,0.0,5.0,0.0,0.0,-1.326042,0,0.0,0.02631579,0.011574074,0.047575537,,,,,,,,,,,,,,,,,WC,TB,WAS,Rob Gronkowski,GronRo00,0.0,0.0,0.0,39.6
2020,POST,18,00-0030470,V.McDonald,TE,TE,PIT,11257,8f24a248-b328-43ec-8677-67600e42a8f7,11699.0,7836.0,1587.0,vancemcdonald/2540215,15853.0,26678.0,,1673357.0,McDoVa00,vance-mcdonald-1,8785.0,8413.0,,26678.0,494969.0,15239.0,,Vance McDonald,vance mcdonald,0,2,0.0,0,0.0,0.0,4.0,0.0,0.0,-5.122315,0,0.0,0.029411765,0.007079646,0.049073398,,,,,,,,,,,,,,,,,WC,PIT,CLE,Vance McDonald,McDoVa00,0.0,0.0,0.0,0.0
2020,POST,18,00-0033387,J.Hollister,TE,TE,SEA,13391,ad2a1d03-020b-487a-bd5f-7ca9fbc250fe,16527.0,12051.0,4421.0,,3125404.0,30661.0,,2818962.0,HollJa03,,12271.0,12491.0,,30661.0,696882.0,19281.0,696882.0,Jacob Hollister,jacob hollister,0,5,0.0,0,0.0,0.0,61.0,0.0,0.0,-3.79013,0,0.0,0.1923077,0.15443037,0.3965628,Jacob Hollister,SEA,2.878,3.3296901378559305,11.13,14.523579612182585,0.0,,0.0,,,,00-0033387,Jacob,Hollister,J.Hollister,WC,SEA,LA,Jacob Hollister,HollJa03,0.0,1.0,0.2,39.6
2020,POST,18,00-0033895,G.Everett,TE,TE,LA,13236,ebeceb00-57e0-4b74-9cf7-853da2afed18,16459.0,11799.0,4089.0,,3918639.0,30157.0,,2142692.0,EverGe00,gerald-everett-1,11737.0,12284.0,55.0,30157.0,838487.0,18935.0,838487.0,Gerald Everett,gerald everett,0,1,0.0,0,0.0,0.0,11.0,0.0,0.0,-1.4325285,0,0.0,0.041666668,0.044,0.0933,,,,,,,,,,,,,,,,,WC,LA,SEA,Gerald Everett,EverGe00,0.0,0.0,0.0,39.6
2020,POST,19,00-0030506,T.Kelce,TE,TE,KC,11244,c3859e06-5f23-4302-a71b-04820a899d5f,11594.0,7844.0,1466.0,traviskelce/2540258,15847.0,26686.0,,1725130.0,KelcTr00,travis-kelce-1,8783.0,8411.0,264.0,26686.0,448240.0,15048.0,448240.0,Travis Kelce,travis kelce,8,10,109.0,1,0.0,0.0,80.0,40.0,4.0,6.577961,0,1.3625,0.27027026,0.3065134,0.6199648,Travis Kelce,KC,6.54111111111111,2.9545859860563244,7.351000000000002,30.44144442603943,80.0,109.0,1.0,5.675,4.769285746097523,0.9057142539024765,00-0030506,Travis,Kelce,T.Kelce,DIV,KC,CLE,Travis Kelce,KelcTr00,0.0,0.0,0.0,145.4
2020,POST,19,00-0033757,R.Tonyan,TE,TE,GB,13427,7c9c7800-69d0-459b-812b-a07ac48e9f2a,16502.0,12193.0,4602.0,,2975674.0,30777.0,,2820026.0,TonyRo00,,12389.0,12868.0,,30777.0,660151.0,19491.0,660151.0,Robert Tonyan,robert tonyan,4,4,60.0,0,0.0,0.0,28.0,32.0,2.0,3.5597272,0,2.142857,0.11764706,0.08805031,0.2381058,,,,,,,,,,,,,,,,,DIV,GB,LA,Robert Tonyan,TonyRo00,0.0,0.0,0.0,118.7
2020,POST,19,00-0033885,D.Njoku,TE,TE,CLE,13192,8f86fcea-90e8-49ea-bc78-5c7659313e57,16399.0,11784.0,4033.0,,3123076.0,30142.0,,2136474.0,NjokDa00,david-njoku-1,11734.0,12186.0,252.0,30142.0,832098.0,18876.0,832098.0,David Njoku,david njoku,4,5,59.0,0,0.0,0.0,25.0,36.0,3.0,3.765694,0,2.36,0.14705883,0.14204545,0.32002005,David Njoku,CLE,5.282,1.8552233397875852,4.790000000000001,14.27719821162444,80.0,59.0,0.0,9.5,9.860175334585392,-0.3601753345853922,00-0033885,David,Njoku,D.Njoku,DIV,CLE,KC,David Njoku,NjokDa00,0.0,0.0,0.0,115.8
2020,POST,19,00-0031273,C.Brate,TE,TE,TB,12110,5afe93fd-0caf-4cca-83fc-7f405bebfa3e,13470.0,9207.0,2214.0,,17453.0,28267.0,,2132787.0,BratCa00,,10008.0,10193.0,,28267.0,552926.0,16593.0,552926.0,Cameron Brate,cameron brate,4,5,50.0,0,0.0,0.0,54.0,8.0,2.0,2.2140255,0,0.9259259,0.15151516,0.16981132,0.34614065,Cameron Brate,TB,5.595000000000001,2.186727247208561,10.763999999999998,15.879853652779419,80.0,50.0,0.0,2.030000000000001,2.2602188253779083,-0.23021882537790717,00-0031273,Cameron,Brate,C.Brate,DIV,TB,NO,Cameron Brate,BratCa00,0.0,0.0,0.0,108.3
2020,POST,19,00-0027061,J.Cook,TE,TE,NO,9474,3b7a1409-d154-4e5c-8c94-9d4a0e0993c7,9265.0,5012.0,367.0,jaredcook/71265,12537.0,9353.0,6126.0,584314.0,CookJa02,jared-cook-2,5981.0,5165.0,,9353.0,296480.0,8534.0,296480.0,Jared Cook,jared cook,5,7,28.0,0,1.0,1.0,53.0,10.0,0.0,-10.547395,0,0.5283019,0.2,0.25853658,0.4809756,Jared Cook,NO,4.038333333333333,2.2798661521168397,7.208571428571429,24.01370580117071,71.42857142857143,28.0,0.0,2.197999999999999,2.2223576751250276,-0.02435767512502851,00-0027061,Jared,Cook,J.Cook,DIV,NO,TB,Jared Cook,CookJa02,0.0,0.0,0.0,38.7
2020,POST,19,00-0034753,M.Andrews,TE,TE,BAL,13671,0618f387-9b72-4270-8b8f-dec4cccc9e4a,17269.0,47436.0,5012.0,,3116365.0,31056.0,,2131121.0,AndrMa00,mark-andrews-1,12559.0,13182.0,366.0,31056.0,820699.0,19803.0,820699.0,Mark Andrews,mark andrews,4,11,28.0,0,0.0,0.0,69.0,12.0,1.0,-15.881045,0,0.4057971,0.31428573,0.23958333,0.6391369,Mark Andrews,BAL,8.835,4.006887755428882,8.484545454545453,31.0014947683109,36.36363636363637,28.0,0.0,3.4049999999999994,3.8812896847289267,-0.4762896847289273,00-0034753,Mark,Andrews,M.Andrews,DIV,BAL,BUF,Mark Andrews,AndrMa00,1.0,0.0,0.0,7.0
2020,POST,19,00-0035689,D.Knox,TE,TE,BUF,14143,5fb525c5-4e70-4ede-8c49-94ad0cf66b7d,18631.0,35883.0,5906.0,,3930086.0,31928.0,,2186345.0,KnoxDa00,dawson-knox-1,13466.0,13953.0,88.0,31928.0,884083.0,20850.0,884083.0,Dawson Knox,dawson knox,2,2,18.0,0,0.0,0.0,3.0,15.0,1.0,1.474054,0,6.0,0.057142857,0.00931677,0.09223603,,,,,,,,,,,,,,,,,DIV,BUF,BAL,Dawson Knox,KnoxDa00,0.0,0.0,0.0,104.2
2020,POST,19,00-0032392,A.Hooper,TE,TE,CLE,12677,90c2a93f-d837-4e1b-b57c-56648903a8db,15581.0,10715.0,3202.0,,3043275.0,29315.0,,2067004.0,HoopAu00,austin-hooper-1,10748.0,11301.0,384.0,29315.0,739424.0,17963.0,739424.0,Austin Hooper,austin hooper,2,3,16.0,0,0.0,0.0,25.0,7.0,2.0,3.9423559,0,0.64,0.0882353,0.14204545,0.23178476,,,,,,,,,,,,,,,,,DIV,CLE,KC,Austin Hooper,HoopAu00,0.0,0.0,0.0,79.9
2020,POST,19,00-0027656,R.Gronkowski,TE,TE,TB,9902,2142a164-48ad-47d6-bb27-0bc58c6b2e62,9721.0,5567.0,515.0,robgronkowski/497240,13229.0,24017.0,,1244303.0,GronRo00,rob-gronkowski-1,6443.0,5729.0,,24017.0,381091.0,10974.0,381091.0,Rob Gronkowski,rob gronkowski,1,5,14.0,0,0.0,0.0,67.0,7.0,1.0,-3.3530593,0,0.20895523,0.15151516,0.21069182,0.374757,Rob Gronkowski,TB,4.346,1.6755919870790823,14.720000000000002,21.716039183288103,20.0,14.0,0.0,6.829999999999998,3.0144773010924837,3.8155226989075146,00-0027656,Robert,Gronkowski,R.Gronkowski,DIV,TB,NO,Rob Gronkowski,GronRo00,0.0,0.0,0.0,39.6
2020,POST,19,00-0033110,T.Higbee,TE,TE,LA,12678,0df7912d-9e81-47ea-b4f7-d04986df4ee8,15623.0,10744.0,3271.0,,2573401.0,29344.0,,1853103.0,HigbTy00,tyler-higbee-1,10854.0,11430.0,159.0,29344.0,604176.0,18032.0,604176.0,Tyler Higbee,tyler higbee,2,2,5.0,0,0.0,0.0,5.0,0.0,0.0,-0.70045495,0,1.0,0.07692308,0.03521127,0.1400325,,,,,,,,,,,,,,,,,DIV,LA,GB,Tyler Higbee,HigbTy00,0.0,0.0,0.0,79.2
2020,POST,19,00-0033895,G.Everett,TE,TE,LA,13236,ebeceb00-57e0-4b74-9cf7-853da2afed18,16459.0,11799.0,4089.0,,3918639.0,30157.0,,2142692.0,EverGe00,gerald-everett-1,11737.0,12284.0,55.0,30157.0,838487.0,18935.0,838487.0,Gerald Everett,gerald everett,0,1,0.0,0,0.0,0.0,5.0,0.0,0.0,-0.65285873,0,0.0,0.03846154,0.03521127,0.082340196,,,,,,,,,,,,,,,,,DIV,LA,GB,Gerald Everett,EverGe00,0.0,0.0,0.0,39.6
2020,POST,19,00-0036232,H.Bryant,TE,TE,CLE,14875,f58a5899-8b78-46e8-a29a-ba6273b7d872,19389.0,26394.0,6850.0,,4040774.0,32785.0,,2241240.0,BryaHa00,harrison-bryant-1,14576.0,,752.0,32785.0,0.0,21783.0,916467.0,Harrison Bryant,harrison bryant,0,1,0.0,0,0.0,0.0,12.0,0.0,0.0,-0.40455797,0,0.0,0.029411765,0.06818182,0.09184492,,,,,,,,,,,,,,,,,DIV,CLE,KC,Harrison Bryant,BryaHa00,0.0,0.0,0.0,39.6
2020,POST,19,00-0030216,J.Hill,TE,TE,NO,11529,687cdc33-bd0d-4b70-adb3-33f97dc26a3c,13565.0,8200.0,1777.0,joshhill/2541834,16143.0,26950.0,,2060083.0,HillJo02,,9071.0,8764.0,,26950.0,469509.0,15866.0,,Josh Hill,josh hill,1,1,-3.0,0,0.0,0.0,-7.0,4.0,0.0,-0.98590434,0,0.0,0.028571429,-0.034146342,0.018954704,,,,,,,,,,,,,,,,,DIV,NO,TB,Josh Hill,HillJo02,0.0,0.0,0.0,79.2
2020,POST,20,00-0030506,T.Kelce,TE,TE,KC,11244,c3859e06-5f23-4302-a71b-04820a899d5f,11594.0,7844.0,1466.0,traviskelce/2540258,15847.0,26686.0,,1725130.0,KelcTr00,travis-kelce-1,8783.0,8411.0,264.0,26686.0,448240.0,15048.0,448240.0,Travis Kelce,travis kelce,13,15,118.0,2,0.0,0.0,74.0,51.0,9.0,11.736933,0,1.5945946,0.39473686,0.35576922,0.8411437,Travis Kelce,KC,5.993333333333335,3.9251025135053053,4.780666666666668,32.573245514422,86.66666666666667,118.0,2.0,4.085384615384614,5.112282325921132,-1.0268977105365185,00-0030506,Travis,Kelce,T.Kelce,CON,KC,BUF,Travis Kelce,KelcTr00,0.0,1.0,0.067,139.0
2020,POST,20,00-0035689,D.Knox,TE,TE,BUF,14143,5fb525c5-4e70-4ede-8c49-94ad0cf66b7d,18631.0,35883.0,5906.0,,3930086.0,31928.0,,2186345.0,KnoxDa00,dawson-knox-1,13466.0,13953.0,88.0,31928.0,884083.0,20850.0,884083.0,Dawson Knox,dawson knox,6,8,42.0,1,0.0,0.0,35.0,28.0,4.0,4.1371503,0,1.2,0.18181819,0.10086455,0.34333247,Dawson Knox,BUF,7.463333333333334,3.1412162725655586,4.302500000000002,9.90019271147928,75.0,42.0,1.0,4.949999999999998,4.8358169816605,0.11418301833949851,00-0035689,Dawson,Knox,D.Knox,CON,BUF,KC,Dawson Knox,KnoxDa00,0.0,0.0,0.0,126.0
2020,POST,20,00-0027656,R.Gronkowski,TE,TE,TB,9902,2142a164-48ad-47d6-bb27-0bc58c6b2e62,9721.0,5567.0,515.0,robgronkowski/497240,13229.0,24017.0,,1244303.0,GronRo00,rob-gronkowski-1,6443.0,5729.0,,24017.0,381091.0,10974.0,381091.0,Rob Gronkowski,rob gronkowski,1,1,29.0,0,0.0,0.0,-5.0,34.0,1.0,2.540623,0,0.0,0.028571429,-0.012019231,0.03444368,,,,,,,,,,,,,,,,,CON,TB,GB,Rob Gronkowski,GronRo00,0.0,0.0,0.0,118.7
2020,POST,20,00-0024243,M.Lewis,TE,TE,GB,8269,9c21e9af-681c-41ef-9b00-fbc9e1668ed1,9413.0,2973.0,111.0,marcedeslewis/2495888,9614.0,7777.0,4007.0,415313.0,LewiMa00,marcedes-lewis-1,4891.0,3615.0,,7777.0,214197.0,3061.0,214197.0,Marcedes Lewis,marcedes lewis,3,3,28.0,0,0.0,0.0,12.0,16.0,1.0,2.3011262,0,2.3333333,0.06521739,0.03883495,0.12501055,,,,,,,,,,,,,,,,,CON,GB,TB,Marcedes Lewis,LewiMa00,0.0,0.0,0.0,105.6
2020,POST,20,00-0033757,R.Tonyan,TE,TE,GB,13427,7c9c7800-69d0-459b-812b-a07ac48e9f2a,16502.0,12193.0,4602.0,,2975674.0,30777.0,,2820026.0,TonyRo00,,12389.0,12868.0,,30777.0,660151.0,19491.0,660151.0,Robert Tonyan,robert tonyan,4,4,22.0,1,0.0,0.0,9.0,13.0,2.0,1.7715102,0,2.4444444,0.08695652,0.029126214,0.15082313,,,,,,,,,,,,,,,,,CON,GB,TB,Robert Tonyan,TonyRo00,0.0,0.0,0.0,129.2
2020,POST,20,00-0031273,C.Brate,TE,TE,TB,12110,5afe93fd-0caf-4cca-83fc-7f405bebfa3e,13470.0,9207.0,2214.0,,17453.0,28267.0,,2132787.0,BratCa00,,10008.0,10193.0,,28267.0,552926.0,16593.0,552926.0,Cameron Brate,cameron brate,3,5,19.0,1,0.0,0.0,50.0,1.0,1.0,0.16411918,0,0.38,0.14285715,0.120192304,0.29842034,Cameron Brate,TB,4.702,2.2533362343631733,10.767999999999999,13.421748018148275,60.0,19.0,1.0,0.26333333333333303,0.997410004523014,-0.7340766711896809,00-0031273,Cameron,Brate,C.Brate,CON,TB,GB,Cameron Brate,BratCa00,0.0,0.0,0.0,107.5
2020,POST,20,00-0034192,N.Keizer,TE,TE,KC,14356,cafbcd5f-8b40-444e-baec-a48f49d8c5f0,18054.0,66940.0,5465.0,,4329472.0,31427.0,,2925517.0,KeizNi00,,13126.0,13609.0,,31427.0,1115710.0,20563.0,,Nick Keizer,nick keizer,0,1,0.0,0,0.0,0.0,4.0,0.0,0.0,-0.46138436,0,0.0,0.02631579,0.01923077,0.052935224,,,,,,,,,,,,,,,,,CON,KC,BUF,Nick Keizer,KeizNi00,0.0,0.0,0.0,39.6
2020,POST,21,00-0030506,T.Kelce,TE,TE,KC,11244,c3859e06-5f23-4302-a71b-04820a899d5f,11594.0,7844.0,1466.0,traviskelce/2540258,15847.0,26686.0,,1725130.0,KelcTr00,travis-kelce-1,8783.0,8411.0,264.0,26686.0,448240.0,15048.0,448240.0,Travis Kelce,travis kelce,10,15,133.0,0,0.0,0.0,147.0,40.0,6.0,1.1302291,0,0.9047619,0.32608697,0.40947077,0.77575994,,,,,,,,,,,,,,,,,SB,KC,TB,Travis Kelce,KelcTr00,1.0,1.0,0.067,66.8
2020,POST,21,00-0027656,R.Gronkowski,TE,TE,TB,9902,2142a164-48ad-47d6-bb27-0bc58c6b2e62,9721.0,5567.0,515.0,robgronkowski/497240,13229.0,24017.0,,1244303.0,GronRo00,rob-gronkowski-1,6443.0,5729.0,,24017.0,381091.0,10974.0,381091.0,Rob Gronkowski,rob gronkowski,6,7,67.0,2,0.0,0.0,58.0,35.0,4.0,7.6566825,0,1.1551725,0.2413793,0.32954547,0.5927508,,,,,,,,,,,,,,,,,SB,TB,KC,Rob Gronkowski,GronRo00,0.0,0.0,0.0,146.1
2020,POST,21,00-0031273,C.Brate,TE,TE,TB,12110,5afe93fd-0caf-4cca-83fc-7f405bebfa3e,13470.0,9207.0,2214.0,,17453.0,28267.0,,2132787.0,BratCa00,,10008.0,10193.0,,28267.0,552926.0,16593.0,552926.0,Cameron Brate,cameron brate,3,3,26.0,0,0.0,0.0,2.0,24.0,2.0,1.5104839,0,13.0,0.10344828,0.011363637,0.16312696,,,,,,,,,,,,,,,,,SB,TB,KC,Cameron Brate,BratCa00,0.0,0.0,0.0,102.8
2020,POST,21,00-0034613,T.Hudson,TE,TE,TB,14370,2fa75e05-cac4-4b40-8924-dbc9ae0c959c,17826.0,66924.0,5409.0,,3050481.0,31257.0,,2926606.0,,,13286.0,,,31257.0,1115394.0,20506.0,1115394.0,Tanner Hudson,tanner hudson,0,1,0.0,0,0.0,0.0,19.0,0.0,0.0,-0.49595797,0,0.0,0.03448276,0.10795455,0.12729232,,,,,,,,,,,,,,,,,,,,,,,,,
2021,REG,1,00-0031610,D.Waller,TE,TE,LV,12263,14c97c9f-26e8-4944-9299-f90de6aeada3,14104.0,9637.0,2505.0,,2576925.0,28592.0,,1850793.0,WallDa01,darren-waller-1,10215.0,10433.0,,28592.0,600191.0,16964.0,600191.0,Darren Waller,darren waller,10,19,105.0,1,0.0,0.0,203.0,40.0,4.0,2.286074,0,0.51724136,0.3653846,0.37592593,0.81122506,Darren Waller,LV,6.139285714285713,2.5703395633628774,9.86315789473684,37.78682905190143,52.63157894736842,105.0,1.0,4.597000000000002,4.852985761868195,-0.25598576186819244,00-0031610,Darren,Waller,D.Waller,REG,LV,BAL,Darren Waller,WallDa01,1.0,2.0,0.105,86.5
2021,REG,1,00-0035229,T.Hockenson,TE,TE,DET,14138,bd1120b6-38b3-4225-a4b0-20660a149d0d,18290.0,40912.0,5844.0,,4036133.0,31840.0,,2251097.0,HockTJ00,tj-hockenson-1,13610.0,14051.0,247.0,31840.0,923915.0,20805.0,923915.0,T.J. Hockenson,tj hockenson,8,11,97.0,1,0.0,0.0,70.0,46.0,7.0,0.13498117,1,1.3857143,0.19642857,0.20057307,0.435044,T.J. Hockenson,DET,4.799,3.5453546416857624,6.531818181818181,20.300050856077302,72.72727272727273,97.0,1.0,5.986250000000001,3.457805590419774,2.528444409580227,00-0035229,Thomas,Hockenson,T.Hockenson,REG,DET,SF,T.J. Hockenson,HockTJ00,1.0,0.0,0.0,91.9
2021,REG,1,00-0027656,R.Gronkowski,TE,TE,TB,9902,2142a164-48ad-47d6-bb27-0bc58c6b2e62,9721.0,5567.0,515.0,robgronkowski/497240,13229.0,24017.0,,1244303.0,GronRo00,rob-gronkowski-1,6443.0,5729.0,,24017.0,381091.0,10974.0,381091.0,Rob Gronkowski,rob gronkowski,8,8,90.0,2,0.0,0.0,53.0,37.0,5.0,8.576409,0,1.6981132,0.17777778,0.13984169,0.36455584,Rob Gronkowski,TB,6.128333333333334,3.651654319296192,5.890000000000001,12.162197042046312,100.0,90.0,2.0,5.233750000000001,5.403299342589094,-0.16954934258909304,00-0027656,Robert,Gronkowski,R.Gronkowski,REG,TB,DAL,Rob Gronkowski,GronRo00,0.0,0.0,0.0,153.1
2021,REG,1,00-0033288,G.Kittle,TE,TE,SF,13299,2ada91b0-036e-454f-83c3-6d939ff584a9,16499.0,11901.0,4217.0,,3040151.0,30259.0,,2818265.0,KittGe00,george-kittle-1,11892.0,12276.0,298.0,30259.0,733672.0,19063.0,733672.0,George Kittle,george kittle,4,5,78.0,0,0.0,0.0,28.0,57.0,3.0,5.5914435,0,2.7857144,0.2173913,0.16867469,0.44415924,George Kittle,SF,1.31,4.510347687691675,5.4780000000000015,16.94506310319228,80.0,78.0,0.0,14.362499999999999,11.8472248878833,2.515275112116699,00-0033288,George,Kittle,G.Kittle,REG,SF,DET,George Kittle,KittGe00,1.0,0.0,0.0,118.7
2021,REG,1,00-0030506,T.Kelce,TE,TE,KC,11244,c3859e06-5f23-4302-a71b-04820a899d5f,11594.0,7844.0,1466.0,traviskelce/2540258,15847.0,26686.0,,1725130.0,KelcTr00,travis-kelce-1,8783.0,8411.0,264.0,26686.0,448240.0,15048.0,448240.0,Travis Kelce,travis kelce,6,7,76.0,2,0.0,0.0,54.0,31.0,6.0,10.179288,0,1.4074074,0.20588236,0.169279,0.42731884,Travis Kelce,KC,7.541666666666667,4.684459272751382,7.51857142857143,16.567507161519817,85.71428571428571,76.0,2.0,5.449999999999998,3.6782548169567235,1.7717451830432749,00-0030506,Travis,Kelce,T.Kelce,REG,KC,CLE,Travis Kelce,KelcTr00,2.0,0.0,0.0,151.5
2021,REG,1,00-0033885,D.Njoku,TE,TE,CLE,13192,8f86fcea-90e8-49ea-bc78-5c7659313e57,16399.0,11784.0,4033.0,,3123076.0,30142.0,,2136474.0,NjokDa00,david-njoku-1,11734.0,12186.0,252.0,30142.0,832098.0,18876.0,832098.0,David Njoku,david njoku,3,5,76.0,0,0.0,0.0,102.0,21.0,2.0,2.1170955,0,0.74509805,0.18518518,0.37362638,0.53931624,David Njoku,CLE,2.606666666666667,1.2063911139599206,20.657999999999998,38.91714705549904,60.0,76.0,0.0,7.3999999999999995,2.5135540627239457,4.886445937276054,00-0033885,David,Njoku,D.Njoku,REG,CLE,KC,David Njoku,NjokDa00,0.0,0.0,0.0,104.2
2021,REG,1,00-0033110,T.Higbee,TE,TE,LA,12678,0df7912d-9e81-47ea-b4f7-d04986df4ee8,15623.0,10744.0,3271.0,,2573401.0,29344.0,,1853103.0,HigbTy00,tyler-higbee-1,10854.0,11430.0,159.0,29344.0,604176.0,18032.0,604176.0,Tyler Higbee,tyler higbee,5,6,68.0,0,0.0,0.0,28.0,45.0,4.0,3.7357516,0,2.4285715,0.23076923,0.12280702,0.43211874,Tyler Higbee,LAR,7.23,3.264388988043494,5.298333333333331,13.401062305033296,83.33333333333334,68.0,0.0,9.798000000000004,10.150853128171184,-0.35285312817118,00-0033110,Tyler,Higbee,T.Higbee,REG,LA,CHI,Tyler Higbee,HigbTy00,0.0,0.0,0.0,113.9
2021,REG,1,00-0033439,P.Brown,TE,TE,HOU,13994,6733b953-de77-44e5-acbf-c2d3a0940243,16937.0,12247.0,4443.0,,2971281.0,30627.0,,2819155.0,BrowPh01,,11887.0,12737.0,,30627.0,689689.0,19304.0,689689.0,Pharaoh Brown,pharaoh brown,4,5,67.0,0,0.0,0.0,66.0,34.0,3.0,4.7045407,0,1.0151515,0.15625,0.22222222,0.38993055,Pharaoh Brown,HOU,5.6875,3.329472230278982,12.984,21.443435177539225,80.0,67.0,0.0,9.0275,5.640673470814136,3.386826529185864,00-0033439,Pharaoh,Brown,P.Brown,REG,HOU,JAX,Pharaoh Brown,BrowPh01,1.0,0.0,0.0,118.7
2021,REG,1,00-0035644,N.Fant,TE,TE,DEN,14137,cdc98acc-9eb6-4b44-81bb-61d7b8a3b55f,17527.0,42388.0,5857.0,,4036131.0,31852.0,,2251095.0,FantNo00,noah-fant-1,13426.0,14050.0,243.0,31852.0,923911.0,20753.0,923911.0,Noah Fant,noah fant,6,8,62.0,0,0.0,0.0,55.0,25.0,3.0,3.1632729,0,1.1272727,0.22857143,0.18272425,0.47076413,Noah Fant,DEN,4.548333333333334,3.1808463905611895,6.796250000000001,18.575967747446104,75.0,62.0,0.0,4.821666666666666,4.208225346339948,0.6134413203267179,00-0035644,Noah,Fant,N.Fant,REG,DEN,NYG,Noah Fant,FantNo00,0.0,0.0,0.0,96.9
2021,REG,1,00-0027061,J.Cook,TE,TE,LAC,9474,3b7a1409-d154-4e5c-8c94-9d4a0e0993c7,9265.0,5012.0,367.0,jaredcook/71265,12537.0,9353.0,6126.0,584314.0,CookJa02,jared-cook-2,5981.0,5165.0,,9353.0,296480.0,8534.0,296480.0,Jared Cook,jared cook,5,8,56.0,0,0.0,0.0,67.0,26.0,3.0,4.151521,0,0.8358209,0.17391305,0.18108109,0.38762632,Jared Cook,LAC,4.985714285714285,2.520324843327755,8.838750000000001,18.743041933944763,62.5,56.0,0.0,5.706,5.573376734415319,0.13262326558468107,00-0027061,Jared,Cook,J.Cook,REG,LAC,WAS,Jared Cook,CookJa02,0.0,0.0,0.0,83.3
2021,REG,1,00-0031951,J.O'Shaughnessy,TE,TE,JAX,12330,e5c6b0d4-3e77-422b-a6d8-574a10ed385e,14146.0,9606.0,2476.0,,2508079.0,28561.0,,2174148.0,O'ShJa00,,10249.0,10549.0,,28561.0,552352.0,16933.0,552352.0,James O'Shaughnessy,james oshaughnessy,6,8,48.0,0,0.0,0.0,39.0,23.0,2.0,0.64933693,0,1.2307693,0.16,0.09219858,0.304539,James O'Shaughnessy,JAX,3.9625000000000004,5.082500695407949,4.217499999999999,7.877839781456489,75.0,48.0,0.0,4.45,4.407707186004814,0.042292813995186584,00-0031951,James,O'Shaughnessy,J.O'Shaughnessy,REG,JAX,HOU,James O'Shaughnessy,O'ShJa00,1.0,1.0,0.125,89.6
2021,REG,1,00-0034383,D.Schultz,TE,TE,DAL,13772,8caec1b4-e0b6-4a84-b8c8-617d6e91ef6a,17349.0,47304.0,5001.0,,3117256.0,31107.0,,2136748.0,SchuDa00,dalton-schultz-1,12514.0,13198.0,487.0,31107.0,830523.0,19920.0,830523.0,Dalton Schultz,dalton schultz,6,6,45.0,0,0.0,0.0,14.0,31.0,3.0,3.1017854,0,3.2142856,0.10526316,0.03794038,0.184453,Dalton Schultz,DAL,4.41,4.0134016060174025,2.2949999999999995,3.4239252057587573,100.0,45.0,0.0,5.205000000000001,4.877408811040955,0.3275911889590457,00-0034383,Dalton,Schultz,D.Schultz,REG,DAL,TB,Dalton Schultz,SchuDa00,2.0,0.0,0.0,97.9
2021,REG,1,00-0033858,J.Smith,TE,TE,NE,13193,e4f25a37-74de-4bfb-b6c9-f50a4fab0b87,16460.0,11855.0,4144.0,,3054212.0,30213.0,,2081506.0,SmitJo01,jonnu-smith-1,11807.0,12344.0,84.0,30213.0,743749.0,18990.0,743749.0,Jonnu Smith,jonnu smith,5,5,42.0,0,1.0,0.0,18.0,24.0,2.0,1.3183237,0,2.3333333,0.13157895,0.08,0.2533684,Jonnu Smith,NE,4.8275,3.942933066784989,3.033999999999999,6.332707159256938,100.0,42.0,0.0,5.083999999999999,4.192123578342853,0.8918764216571455,00-0033858,Jonnu,Smith,J.Smith,REG,NE,MIA,Jonnu Smith,SmitJo01,0.0,0.0,0.0,101.7
2021,REG,1,00-0034351,D.Goedert,TE,TE,PHI,13674,e8029983-87cf-49a2-bc04-04c8233a0630,17270.0,47272.0,5022.0,,3121023.0,31019.0,,2132551.0,GoedDa00,,12860.0,13151.0,382.0,31019.0,791365.0,19863.0,791365.0,Dallas Goedert,dallas goedert,4,5,42.0,1,0.0,0.0,34.0,18.0,3.0,4.9125953,0,1.2352941,0.15625,0.317757,0.4568049,Dallas Goedert,PHI,7.0600000000000005,2.071146632409458,7.626000000000002,31.9373481866153,80.0,42.0,1.0,4.452499999999999,4.702813468624846,-0.2503134686248476,00-0034351,Dallas,Goedert,D.Goedert,REG,PHI,ATL,Dallas Goedert,GoedDa00,0.0,0.0,0.0,141.2
2021,REG,1,00-0036290,C.Kmet,TE,TE,CHI,14867,036feeb6-9a22-43c5-a8e3-7ac611d8ff49,19229.0,60995.0,6826.0,,4258595.0,32713.0,,2868619.0,KmetCo00,cole-kmet-1,14436.0,,569.0,32713.0,0.0,21772.0,1066765.0,Cole Kmet,cole kmet,5,7,42.0,0,0.0,0.0,31.0,26.0,3.0,2.4052732,0,1.3548387,0.175,0.18343195,0.39090237,Cole Kmet,CHI,4.944999999999999,4.892958564144633,3.8142857142857127,16.132930513595156,71.42857142857143,42.0,0.0,6.120000000000002,5.757147882260779,0.362852117739223,00-0036290,Cole,Kmet,C.Kmet,REG,CHI,LA,Cole Kmet,KmetCo00,1.0,1.0,0.143,86.6
2021,REG,1,00-0034270,T.Conklin,TE,TE,MIN,13675,f0d17dfa-ebf3-416c-a8d2-c6bc30675103,17598.0,47327.0,5133.0,,3915486.0,31220.0,,2165249.0,ConkTy00,tyler-conklin-1,12809.0,13220.0,489.0,31127.0,861278.0,19988.0,861278.0,Tyler Conklin,tyler conklin,4,4,41.0,0,0.0,0.0,31.0,10.0,1.0,0.57629824,0,1.3225807,0.08510638,0.100323625,0.19788611,,,,,,,,,,,,,,,,,REG,MIN,CIN,Tyler Conklin,ConkTy00,0.0,0.0,0.0,109.4
2021,REG,1,00-0035689,D.Knox,TE,TE,BUF,14143,5fb525c5-4e70-4ede-8c49-94ad0cf66b7d,18631.0,35883.0,5906.0,,3930086.0,31928.0,,2186345.0,KnoxDa00,dawson-knox-1,13466.0,13953.0,88.0,31928.0,884083.0,20850.0,884083.0,Dawson Knox,dawson knox,4,4,41.0,0,0.0,0.0,23.0,18.0,3.0,3.9876983,0,1.7826087,0.083333336,0.050438598,0.16030702,,,,,,,,,,,,,,,,,REG,BUF,PIT,Dawson Knox,KnoxDa00,0.0,0.0,0.0,109.4
2021,REG,1,00-0034159,W.Dissly,TE,TE,SEA,13763,383f4814-6836-4766-a297-fc063e8509cc,18049.0,30762.0,5010.0,,3127292.0,31090.0,,2139628.0,DissWi00,will-dissly-1,12986.0,13246.0,86.0,31090.0,837806.0,19950.0,837806.0,Will Dissly,will dissly,3,3,37.0,0,0.0,0.0,20.0,17.0,3.0,3.5756207,0,1.85,0.14285715,0.09615385,0.2815934,,,,,,,,,,,,,,,,,REG,SEA,IND,Will Dissly,DissWi00,1.0,0.0,0.0,118.1
2021,REG,1,00-0032134,C.Uzomah,TE,TE,CIN,12317,19858900-5c8e-49a7-ab02-34ef625724ca,14084.0,9590.0,2460.0,c.j.uzomah/2552559,2574576.0,28545.0,,2174118.0,UzomC.00,cj-uzomah-1,10462.0,10534.0,,28545.0,593305.0,16917.0,593305.0,C.J. Uzomah,cj uzomah,2,2,35.0,0,0.0,0.0,15.0,20.0,1.0,2.490598,0,2.3333333,0.07692308,0.06818182,0.1631119,,,,,,,,,,,,,,,,,REG,CIN,MIN,C.J. Uzomah,UzomC.00,0.0,0.0,0.0,118.7
2021,REG,1,00-0030061,Z.Ertz,TE,TE,PHI,11247,de3421f7-2147-4835-89a5-724e87bad463,11689.0,7816.0,1339.0,zachertz/2540158,15835.0,26658.0,,1685963.0,ErtzZa00,zach-ertz-1,8781.0,8409.0,305.0,26658.0,503177.0,14856.0,503177.0,Zach Ertz,zach ertz,2,2,34.0,0,0.0,0.0,31.0,3.0,1.0,2.073545,0,1.0967742,0.0625,0.2897196,0.29655373,,,,,,,,,,,,,,,,,REG,PHI,ATL,Zach Ertz,ErtzZa00,0.0,0.0,0.0,118.7
2021,REG,1,00-0033090,H.Henry,TE,TE,NE,12676,705899da-3c20-4bc3-b5d0-2e6e40655131,15561.0,10669.0,3214.0,,3046439.0,29269.0,,2079848.0,HenrHu00,hunter-henry-1,10735.0,11299.0,212.0,29269.0,744425.0,17975.0,744425.0,Hunter Henry,hunter henry,3,3,31.0,0,0.0,0.0,24.0,7.0,2.0,3.6102872,0,1.2916666,0.078947365,0.10666667,0.19308771,,,,,,,,,,,,,,,,,REG,NE,MIA,Hunter Henry,HenrHu00,0.0,0.0,0.0,109.7
2021,REG,1,00-0036970,K.Pitts,TE,TE,ATL,15329,1f3deb24-9ff8-4769-8f42-825eff7742f6,20164.0,83964.0,7553.0,,4360248.0,33392.0,,2964514.0,PittKy00,kyle-pitts-1,15265.0,,1051.0,33392.0,0.0,,1123026.0,Kyle Pitts,kyle pitts,4,8,31.0,0,0.0,0.0,60.0,2.0,1.0,0.08322094,0,0.51666665,0.24242425,0.32258064,0.5894428,Kyle Pitts,ATL,8.366666666666667,1.5127406906763008,7.407500000000001,34.23454650491046,50.0,31.0,0.0,0.8200000000000003,1.453973234896921,-0.6339732348969207,00-0036970,Kyle,Pitts,K.Pitts,REG,ATL,PHI,Kyle Pitts,PittKy00,0.0,0.0,0.0,59.9
2021,REG,1,00-0031260,L.Thomas,TE,TE,WAS,11647,b24625a0-d402-4d59-a778-aa4b073bfe5e,12095.0,8755.0,2251.0,loganthomas/2543767,16813.0,27648.0,,1691193.0,ThomLo00,logan-thomas-1,9323.0,9354.0,,27648.0,507528.0,16656.0,507528.0,Logan Thomas,logan thomas,3,3,30.0,1,0.0,0.0,27.0,3.0,2.0,2.9009435,0,1.1111112,0.15,0.2195122,0.37865853,,,,,,,,,,,,,,,,,REG,WAS,LAC,Logan Thomas,ThomLo00,0.0,0.0,0.0,147.9
2021,REG,1,00-0034830,H.Hurst,TE,TE,ATL,13680,1b125fc4-5dd9-4eb9-a42f-048e61ca42b7,17283.0,47294.0,4973.0,,3924365.0,30995.0,,2185053.0,HursHa00,hayden-hurst-1,12467.0,13098.0,8.0,30995.0,881956.0,19843.0,881956.0,Hayden Hurst,hayden hurst,4,4,28.0,0,0.0,0.0,10.0,18.0,1.0,-0.19403091,0,2.8,0.121212125,0.05376344,0.21945259,,,,,,,,,,,,,,,,,REG,ATL,PHI,Hayden Hurst,HursHa00,0.0,0.0,0.0,95.8
2021,REG,1,00-0032392,A.Hooper,TE,TE,CLE,12677,90c2a93f-d837-4e1b-b57c-56648903a8db,15581.0,10715.0,3202.0,,3043275.0,29315.0,,2067004.0,HoopAu00,austin-hooper-1,10748.0,11301.0,384.0,29315.0,739424.0,17963.0,739424.0,Austin Hooper,austin hooper,3,3,27.0,0,0.0,0.0,16.0,11.0,2.0,2.9842484,0,1.6875,0.11111111,0.05860806,0.20769231,,,,,,,,,,,,,,,,,REG,CLE,KC,Austin Hooper,HoopAu00,0.0,0.0,0.0,104.2
2021,REG,1,00-0032214,T.Kroft,TE,TE,NYJ,12212,36f54823-9d51-4180-9c91-d10281deb4bf,13960.0,9518.0,2390.0,tylerkroft/2552586,2582410.0,28473.0,,1824200.0,KrofTy00,tyler-kroft-1,10247.0,10490.0,,28473.0,592268.0,16846.0,592268.0,Tyler Kroft,tyler kroft,3,5,26.0,0,0.0,0.0,16.0,14.0,1.0,-0.16933706,0,1.625,0.1388889,0.044444446,0.23944445,Tyler Kroft,NYJ,8.004,2.5191382767405868,3.164,4.4689265536723175,60.0,26.0,0.0,4.756666666666668,3.0272453516889755,1.7294213149776922,00-0032214,Tyler,Kroft,T.Kroft,REG,NYJ,CAR,Tyler Kroft,KrofTy00,0.0,0.0,0.0,73.7
2021,REG,1,00-0036894,P.Freiermuth,TE,TE,PIT,15331,04f0fefe-9d9d-44f5-94ea-6df2a42df3c6,20163.0,84085.0,7600.0,,4361411.0,33443.0,,2961270.0,FreiPa00,pat-freiermuth-1,15267.0,,1053.0,33443.0,0.0,,1116662.0,Pat Freiermuth,pat freiermuth,1,1,24.0,0,0.0,0.0,15.0,9.0,1.0,2.1257777,0,1.6,0.03125,0.07653061,0.100446425,,,,,,,,,,,,,,,,,REG,PIT,BUF,Pat Freiermuth,FreiPa00,0.0,0.0,0.0,118.7
2021,REG,1,00-0030108,R.Griffin,TE,TE,NYJ,11399,cb1df42c-b59c-4e23-a9a2-fbfc2b39ef71,11830.0,7982.0,1425.0,ryangriffin/2541316,15887.0,26824.0,,2057695.0,GrifRy00,ryan-griffin-1,8911.0,8600.0,,26824.0,465129.0,14985.0,465129.0,Ryan Griffin,ryan griffin,3,6,22.0,0,0.0,0.0,24.0,11.0,1.0,-4.849915,0,0.9166667,0.16666667,0.06666667,0.29666665,Ryan Griffin,NYJ,4.611666666666667,1.9358450149315187,4.965000000000001,8.415254237288138,50.0,22.0,0.0,3.599999999999999,4.006746611432277,-0.40674661143227775,00-0030108,Ryan,Griffin,R.Griffin,REG,NYJ,CAR,Ryan Griffin,GrifRy00,0.0,0.0,0.0,19.4
2021,REG,1,00-0031484,C.Manhertz,TE,TE,JAX,12955,7c7b5515-7786-4e24-9ce0-34e6a8bd5727,14014.0,10211.0,3048.0,,2531358.0,28365.0,,2167520.0,ManhCh00,,10033.0,10295.0,,28365.0,563293.0,17762.0,563293.0,Chris Manhertz,chris manhertz,1,1,22.0,1,0.0,0.0,18.0,4.0,1.0,2.9497967,0,1.2222222,0.02,0.04255319,0.059787232,,,,,,,,,,,,,,,,,REG,JAX,HOU,Chris Manhertz,ManhCh00,0.0,0.0,0.0,158.3
2021,REG,1,00-0030181,J.Doyle,TE,TE,IND,11516,bd413539-9351-454e-9d61-4e8635d7e9f5,11987.0,8520.0,1706.0,jackdoyle/2540232,16504.0,27299.0,,2041264.0,DoylJa00,,9081.0,9075.0,,27299.0,477386.0,15602.0,477386.0,Jack Doyle,jack doyle,3,4,21.0,0,0.0,0.0,16.0,9.0,2.0,1.1402292,0,1.3125,0.114285715,0.08743169,0.23263076,,,,,,,,,,,,,,,,,REG,IND,SEA,Jack Doyle,DoylJa00,0.0,0.0,0.0,86.5
2021,REG,1,00-0036040,J.Johnson,TE,TE,NO,14861,0226b03b-f91d-4223-9813-9fcd2e9c3acc,19562.0,28305.0,7002.0,,3929645.0,33113.0,,2186637.0,JohnJu02,,14630.0,,575.0,33113.0,0.0,21738.0,884609.0,Juwan Johnson,juwan johnson,3,3,21.0,2,0.0,0.0,4.0,17.0,3.0,8.024439,0,5.25,0.15,0.02739726,0.24417809,,,,,,,,,,,,,,,,,REG,NO,GB,Juwan Johnson,JohnJu02,0.0,0.0,0.0,135.4
2021,REG,1,00-0033658,B.Jarwin,TE,TE,DAL,13722,43e8a6ac-d451-4dbd-b145-797764f91494,16638.0,12320.0,4571.0,,2991767.0,30784.0,,2819999.0,JarwBl00,,12179.0,12507.0,,30784.0,711965.0,19457.0,711965.0,Blake Jarwin,blake jarwin,3,3,20.0,0,0.0,0.0,15.0,5.0,0.0,1.1539223,0,1.3333334,0.05263158,0.040650405,0.10740265,,,,,,,,,,,,,,,,,REG,DAL,TB,Blake Jarwin,JarwBl00,0.0,0.0,0.0,94.4
2021,REG,1,00-0033895,G.Everett,TE,TE,SEA,13236,ebeceb00-57e0-4b74-9cf7-853da2afed18,16459.0,11799.0,4089.0,,3918639.0,30157.0,,2142692.0,EverGe00,gerald-everett-1,11737.0,12284.0,55.0,30157.0,838487.0,18935.0,838487.0,Gerald Everett,gerald everett,2,2,20.0,1,0.0,0.0,0.0,20.0,2.0,2.9302769,0,0.0,0.0952381,0.0,0.14285715,,,,,,,,,,,,,,,,,REG,SEA,IND,Gerald Everett,EverGe00,0.0,0.0,0.0,147.9
2021,REG,1,00-0034753,M.Andrews,TE,TE,BAL,13671,0618f387-9b72-4270-8b8f-dec4cccc9e4a,17269.0,47436.0,5012.0,,3116365.0,31056.0,,2131121.0,AndrMa00,mark-andrews-1,12559.0,13182.0,366.0,31056.0,820699.0,19803.0,820699.0,Mark Andrews,mark andrews,3,5,20.0,0,0.0,0.0,38.0,1.0,1.0,-0.51789814,0,0.5263158,0.1724138,0.16740088,0.3758013,Mark Andrews,BAL,6.327999999999999,1.6292193924075757,7.3100000000000005,16.065227902070237,60.0,20.0,0.0,0.259999999999998,1.5109541638460844,-1.2509541638460864,00-0034753,Mark,Andrews,M.Andrews,REG,BAL,LV,Mark Andrews,AndrMa00,0.0,0.0,0.0,68.7
2021,REG,1,00-0024243,M.Lewis,TE,TE,GB,8269,9c21e9af-681c-41ef-9b00-fbc9e1668ed1,9413.0,2973.0,111.0,marcedeslewis/2495888,9614.0,7777.0,4007.0,415313.0,LewiMa00,marcedes-lewis-1,4891.0,3615.0,,7777.0,214197.0,3061.0,214197.0,Marcedes Lewis,marcedes lewis,1,1,19.0,0,0.0,0.0,5.0,14.0,1.0,1.3413259,0,3.8,0.030303031,0.015384615,0.056223776,,,,,,,,,,,,,,,,,REG,GB,NO,Marcedes Lewis,LewiMa00,0.0,0.0,0.0,118.7
2021,REG,1,00-0031387,E.Ebron,TE,TE,PIT,11695,9fbcfae9-dd14-415c-8952-9b1b5dff0dfc,12143.0,8645.0,2118.0,ericebron/2543466,16732.0,27538.0,,1865396.0,EbroEr00,eric-ebron-1,9210.0,9390.0,,27538.0,605752.0,16451.0,605752.0,Eric Ebron,eric ebron,1,2,19.0,0,0.0,0.0,23.0,2.0,1.0,1.2792281,0,0.82608694,0.0625,0.11734694,0.17589286,,,,,,,,,,,,,,,,,REG,PIT,BUF,Eric Ebron,EbroEr00,0.0,0.0,0.0,83.3
2021,REG,1,00-0033455,A.Firkser,TE,TE,TEN,13919,b0719e3d-199b-46e5-a2b4-1091f6fd5c0d,16787.0,51837.0,4435.0,,3049698.0,30571.0,,2818971.0,FirkAn00,,12235.0,12691.0,,30571.0,767297.0,19296.0,767297.0,Anthony Firkser,anthony firkser,3,4,19.0,0,0.0,0.0,17.0,5.0,2.0,0.2185613,0,1.117647,0.11111111,0.062043797,0.21009733,,,,,,,,,,,,,,,,,REG,TEN,ARI,Anthony Firkser,FirkAn00,0.0,0.0,0.0,84.4
2021,REG,1,00-0036422,A.Trautman,TE,TE,NO,14870,4e14183b-f974-4745-9d7f-8f5eb2a92a7d,19423.0,109795.0,6869.0,,3911853.0,32775.0,,2182228.0,TrauAd00,,14541.0,,566.0,32775.0,0.0,21786.0,875444.0,Adam Trautman,adam trautman,3,6,18.0,0,0.0,0.0,31.0,11.0,0.0,-1.8188472,0,0.58064514,0.3,0.21232876,0.59863013,Adam Trautman,NO,5.448333333333333,3.605525755651931,5.089999999999999,18.4108994453822,50.0,18.0,0.0,3.710000000000001,7.381119061137876,-3.6711190611378752,00-0036422,Adam,Trautman,A.Trautman,REG,NO,GB,Adam Trautman,TrauAd00,0.0,2.0,0.333,56.2
2021,REG,1,00-0034365,I.Thomas,TE,TE,CAR,13678,ed8a8fd2-df67-45e7-a34f-984afb82f6ea,17387.0,42130.0,4995.0,,4045305.0,31071.0,,2253359.0,ThomIa00,ian-thomas-3,12858.0,13163.0,323.0,31071.0,943093.0,19910.0,943093.0,Ian Thomas,ian thomas,1,2,17.0,0,0.0,0.0,15.0,15.0,1.0,1.2541566,0,1.1333333,0.060606062,0.054945055,0.12937063,,,,,,,,,,,,,,,,,REG,CAR,NYJ,Ian Thomas,ThomIa00,0.0,0.0,0.0,79.2
2021,REG,1,00-0036232,H.Bryant,TE,TE,CLE,14875,f58a5899-8b78-46e8-a29a-ba6273b7d872,19389.0,26394.0,6850.0,,4040774.0,32785.0,,2241240.0,BryaHa00,harrison-bryant-1,14576.0,,752.0,32785.0,0.0,21783.0,916467.0,Harrison Bryant,harrison bryant,1,2,17.0,0,0.0,0.0,12.0,15.0,1.0,-0.8622636,0,1.4166666,0.074074075,0.043956045,0.14188035,,,,,,,,,,,,,,,,,REG,CLE,KC,Harrison Bryant,BryaHa00,0.0,0.0,0.0,39.6
2021,REG,1,00-0036423,A.Okwuegbunam,TE,TE,DEN,14873,617aee8a-70be-4bdf-9a71-2e2b74e647e6,18246.0,41933.0,6843.0,,4035115.0,32788.0,,2245117.0,OkwuAl00,albert-okwuegbunam-1,14369.0,,,32788.0,0.0,21794.0,920077.0,Albert Okwuegbunam,albert okwuegbunam,3,3,16.0,1,1.0,1.0,2.0,14.0,2.0,0.4782397,0,8.0,0.08571429,0.006644518,0.1332226,,,,,,,,,,,,,,,,,REG,DEN,NYG,Albert Okwuegbunam,OkwuAl00,0.0,0.0,0.0,128.5
2021,REG,1,00-0027696,J.Graham,TE,TE,CHI,9925,fd85786d-3900-4dc0-9b30-334ee30413ed,9712.0,5619.0,616.0,jimmygraham/497236,13232.0,24070.0,6610.0,1691166.0,GrahJi00,jimmy-graham-1,6532.0,5842.0,,24070.0,295918.0,11488.0,295918.0,Jimmy Graham,jimmy graham,1,2,11.0,0,0.0,0.0,12.0,1.0,1.0,1.2820603,0,0.9166667,0.05,0.07100592,0.124704145,,,,,,,,,,,,,,,,,REG,CHI,LA,Jimmy Graham,GrahJi00,0.0,0.0,0.0,66.7
2021,REG,1,00-0034798,D.Smythe,TE,TE,MIA,13676,7e42a22a-c47b-4387-aeeb-2cc2e76dc1d8,17508.0,47257.0,5008.0,,3052897.0,31093.0,,2082845.0,SmytDu00,durham-smythe-1,12807.0,13249.0,,31093.0,749968.0,19943.0,749968.0,Durham Smythe,durham smythe,1,2,9.0,0,0.0,0.0,7.0,6.0,1.0,0.31691647,0,1.2857143,0.074074075,0.027888447,0.13063303,,,,,,,,,,,,,,,,,REG,MIA,NE,Durham Smythe,SmytDu00,0.0,1.0,0.5,62.5
2021,REG,1,00-0027981,K.Rudolph,TE,TE,NYG,10312,1059e9dc-97df-4643-9116-883a0573d8b1,9906.0,6195.0,943.0,kylerudolph/2495438,14054.0,24830.0,7444.0,1633122.0,RudoKy00,kyle-rudolph-1,7246.0,6459.0,,24830.0,469472.0,13275.0,469472.0,Kyle Rudolph,kyle rudolph,2,5,8.0,0,0.0,0.0,34.0,1.0,0.0,-2.840238,0,0.23529412,0.1388889,0.11111111,0.28611112,Kyle Rudolph,NYG,4.238,2.0323880386706277,6.488000000000001,10.238606236586289,40.0,8.0,0.0,0.8349999999999973,1.7070549763901681,-0.8720549763901708,00-0027981,Kyle,Rudolph,K.Rudolph,REG,NYG,DEN,Kyle Rudolph,RudoKy00,0.0,0.0,0.0,47.9
2021,REG,1,00-0033757,R.Tonyan,TE,TE,GB,13427,7c9c7800-69d0-459b-812b-a07ac48e9f2a,16502.0,12193.0,4602.0,,2975674.0,30777.0,,2820026.0,TonyRo00,,12389.0,12868.0,,30777.0,660151.0,19491.0,660151.0,Robert Tonyan,robert tonyan,2,4,8.0,0,0.0,0.0,2.0,10.0,1.0,-0.5727607,0,4.0,0.121212125,0.006153846,0.18612587,,,,,,,,,,,,,,,,,REG,GB,NO,Robert Tonyan,TonyRo00,0.0,0.0,0.0,56.2
2021,REG,1,00-0033576,E.Saubert,TE,TE,DEN,13315,582dc00e-e7ec-4ca7-bff0-f7b1d604017b,16706.0,11929.0,4189.0,,2975863.0,30287.0,,2001018.0,SaubEr00,,11897.0,12300.0,,30287.0,694931.0,19035.0,694931.0,Eric Saubert,eric saubert,1,2,7.0,0,0.0,0.0,0.0,8.0,0.0,-0.36500806,0,0.0,0.057142857,0.0,0.08571429,,,,,,,,,,,,,,,,,REG,DEN,NYG,Eric Saubert,SaubEr00,2.0,1.0,0.5,58.3
2021,REG,1,00-0034011,D.Arnold,TE,TE,CAR,13880,d479a777-b53b-4bbf-a8e4-0c1675ac48df,17143.0,51842.0,4741.0,,4212989.0,30891.0,,2835170.0,ArnoDa00,,12276.0,12972.0,,30891.0,1053627.0,19659.0,1053627.0,Dan Arnold,dan arnold,2,3,6.0,0,0.0,0.0,15.0,3.0,0.0,-2.3619428,0,0.4,0.09090909,0.054945055,0.17482518,,,,,,,,,,,,,,,,,REG,CAR,NYJ,Dan Arnold,ArnoDa00,0.0,0.0,0.0,70.1
2021,REG,1,00-0032062,B.Bell,TE,TE,KC,12213,0cc4e449-185a-4b08-9f07-c907ad0c3e05,13966.0,9550.0,2422.0,,2514206.0,28505.0,,1737101.0,BellBl00,blake-bell-1,10248.0,10366.0,,28505.0,542871.0,16878.0,542871.0,Blake Bell,blake bell,1,1,3.0,0,0.0,0.0,1.0,2.0,0.0,-0.28521404,0,3.0,0.029411765,0.0031347962,0.046312004,,,,,,,,,,,,,,,,,REG,KC,CLE,Blake Bell,BellBl00,0.0,0.0,0.0,79.2
2021,REG,1,00-0029738,D.Fells,TE,TE,DET,11337,54d4e35a-2e6c-48f6-86ad-92dd596c173c,13636.0,8549.0,1592.0,darrenfells/2540928,15773.0,26612.0,,2053740.0,FellDa01,,9758.0,8472.0,,26612.0,266414.0,15247.0,266414.0,Darren Fells,darren fells,1,1,2.0,0,0.0,0.0,0.0,2.0,0.0,-0.4943431,0,0.0,0.017857144,0.0,0.026785715,,,,,,,,,,,,,,,,,REG,DET,SF,Darren Fells,FellDa01,0.0,0.0,0.0,79.2
2021,REG,1,00-0032725,S.Anderson,TE,TE,LAC,12859,5cb0bf9c-03b4-4201-97c5-a59c6db50841,15760.0,11160.0,3496.0,,2576854.0,29789.0,,1880821.0,AndeSt01,,10885.0,11556.0,,29789.0,607660.0,18262.0,607660.0,Stephen Anderson,stephen anderson,1,2,1.0,0,0.0,0.0,15.0,2.0,0.0,-4.914782,0,0.06666667,0.04347826,0.04054054,0.09359577,,,,,,,,,,,,,,,,,REG,LAC,WAS,Stephen Anderson,AndeSt01,0.0,0.0,0.0,16.7
2021,REG,1,00-0030155,D.Harris,TE,TE,ARI,11448,8506c15c-15cc-4d2c-aebf-270c605fe0ec,11881.0,8524.0,1619.0,demetriusharris/2541187,16318.0,27174.0,,2060074.0,HarrDe03,,9847.0,8683.0,,27174.0,602269.0,15305.0,602269.0,Demetrius Harris,demetrius harris,0,3,0.0,0,0.0,0.0,25.0,0.0,0.0,-5.493261,0,0.0,0.09375,0.09541985,0.20741889,,,,,,,,,,,,,,,,,REG,ARI,TEN,Demetrius Harris,HarrDe03,0.0,0.0,0.0,0.0
2021,REG,1,00-0031558,M.Williams,TE,TE,ARI,12206,52f4a43a-64a9-4d69-a9e2-28bd60f68e49,13919.0,9488.0,2360.0,,2970726.0,28443.0,,1983769.0,WillMa04,maxx-williams-1,10128.0,10298.0,,28443.0,651658.0,16816.0,651658.0,Maxx Williams,maxx williams,0,1,0.0,0,0.0,0.0,22.0,0.0,0.0,-0.48457104,0,0.0,0.03125,0.08396947,0.10565363,,,,,,,,,,,,,,,,,REG,ARI,TEN,Maxx Williams,WillMa04,0.0,0.0,0.0,39.6
2021,REG,1,00-0032141,G.Swaim,TE,TE,TEN,12378,d0f9112d-2496-450a-9fc5-d2d01b4d2454,14164.0,9679.0,2545.0,geoffswaim/2553454,3046704.0,28634.0,,2174207.0,SwaiGe00,geoff-swaim-1,10507.0,10617.0,,28634.0,728021.0,17005.0,728021.0,Geoff Swaim,geoff swaim,0,1,0.0,0,0.0,0.0,11.0,0.0,0.0,-0.71718794,0,0.0,0.027777778,0.040145986,0.06976885,,,,,,,,,,,,,,,,,REG,TEN,ARI,Geoff Swaim,SwaiGe00,0.0,0.0,0.0,39.6
2021,REG,1,00-0033217,M.Alie-Cox,TE,TE,IND,13246,8809c0dd-786b-4255-a7d0-333c9498c19a,16579.0,12078.0,4054.0,moalie-cox/2558832,2998565.0,30112.0,,2815925.0,AlieMo00,,12196.0,12221.0,195.0,30112.0,712506.0,18900.0,712506.0,Mo Alie-Cox,mo alie-cox,0,2,0.0,0,0.0,0.0,29.0,0.0,0.0,-1.4076842,0,0.0,0.057142857,0.15846995,0.19664325,,,,,,,,,,,,,,,,,REG,IND,SEA,Mo Alie-Cox,AlieMo00,0.0,0.0,0.0,39.6
2021,REG,1,00-0034364,J.Akins,TE,TE,HOU,13753,0cb5a32a-a340-4671-ba2a-93f5fa6aee8d,17415.0,47050.0,5032.0,,3128452.0,31068.0,,2142712.0,AkinJo00,jordan-akins-1,12568.0,13238.0,,31068.0,838396.0,19903.0,838396.0,Jordan Akins,jordan akins,0,2,0.0,0,0.0,0.0,19.0,0.0,0.0,-1.9576262,0,0.0,0.0625,0.06397306,0.13853115,,,,,,,,,,,,,,,,,REG,HOU,JAX,Jordan Akins,AkinJo00,0.0,0.0,0.0,39.6
2021,REG,1,00-0034766,C.Herndon,TE,TE,MIN,13679,780a48de-d092-4e87-9c34-8d1b45a154cc,17536.0,47164.0,5009.0,,3123050.0,31077.0,,2136463.0,HernCh00,christopher-herndon-iv-1,12899.0,13228.0,,31077.0,832080.0,19947.0,832080.0,Chris Herndon,chris herndon,0,2,0.0,0,0.0,0.0,13.0,0.0,0.0,-1.3274547,0,0.0,0.04255319,0.042071197,0.09327962,,,,,,,,,,,,,,,,,REG,MIN,CIN,Chris Herndon,HernCh00,0.0,1.0,0.5,39.6
2021,REG,1,00-0034829,M.Gesicki,TE,TE,MIA,13672,1012cbe0-7eba-4169-bfca-183a0204e1a7,17272.0,47153.0,4993.0,,3116164.0,31012.0,,2139298.0,GesiMi00,mike-gesicki-1,12764.0,13104.0,330.0,31012.0,836152.0,19853.0,836152.0,Mike Gesicki,mike gesicki,0,3,0.0,0,0.0,0.0,45.0,0.0,0.0,-2.2822242,0,0.0,0.11111111,0.17928287,0.29216468,,,,,,,,,,,,,,,,,REG,MIA,NE,Mike Gesicki,GesiMi00,0.0,1.0,0.333,39.6
2021,REG,1,00-0035249,J.Oliver,TE,TE,BAL,14209,dc83f7af-7b30-4c4a-9c93-f67bd8db954b,18487.0,47083.0,5973.0,,3921690.0,31901.0,,2184618.0,OlivJo00,josh-oliver-1,13786.0,14127.0,7.0,31901.0,881779.0,20899.0,881779.0,Josh Oliver,josh oliver,0,1,0.0,0,0.0,0.0,14.0,0.0,0.0,-0.4896349,0,0.0,0.03448276,0.06167401,0.094895944,,,,,,,,,,,,,,,,,REG,BAL,LV,Josh Oliver,OlivJo00,0.0,0.0,0.0,39.6
2021,REG,1,00-0035329,D.Parham,TE,TE,LAC,14341,4f246e92-3d21-450f-977a-dc16892c7238,18835.0,91014.0,6074.0,,3912092.0,32456.0,,2183713.0,ParhDo00,,13602.0,14320.0,,32456.0,875649.0,20905.0,875649.0,Donald Parham,donald parham,0,1,0.0,0,0.0,0.0,3.0,0.0,0.0,-0.98449546,0,0.0,0.02173913,0.008108108,0.038284373,,,,,,,,,,,,,,,,,REG,LAC,WAS,Donald Parham,ParhDo00,0.0,0.0,0.0,39.6
2021,REG,1,00-0035222,Z.Gentry,TE,TE,PIT,14240,58f18567-a050-49c4-aeca-b34499338b37,18690.0,36049.0,6018.0,,3929924.0,31973.0,,2185708.0,GentZa00,zach-gentry-2,13511.0,14247.0,,31973.0,883079.0,20770.0,883079.0,Zach Gentry,zach gentry,1,1,-2.0,0,0.0,0.0,-2.0,0.0,0.0,-0.88286275,0,0.0,0.03125,-0.010204081,0.039732143,,,,,,,,,,,,,,,,,REG,PIT,BUF,Zach Gentry,GentZa00,0.0,0.0,0.0,79.2
2021,REG,2,00-0030506,T.Kelce,TE,TE,KC,11244,c3859e06-5f23-4302-a71b-04820a899d5f,11594.0,7844.0,1466.0,traviskelce/2540258,15847.0,26686.0,,1725130.0,KelcTr00,travis-kelce-1,8783.0,8411.0,264.0,26686.0,448240.0,15048.0,448240.0,Travis Kelce,travis kelce,7,8,109.0,1,0.0,0.0,29.0,87.0,6.0,6.9000216,0,3.7586207,0.26666668,0.11196911,0.4783784,Travis Kelce,KC,5.362857142857144,3.8994943363335337,3.4974999999999987,11.033123028391165,87.5,109.0,1.0,12.690000000000001,8.861830371433696,3.8281696285663056,00-0030506,Travis,Kelce,T.Kelce,REG,KC,BAL,Travis Kelce,KelcTr00,1.0,0.0,0.0,118.7
2021,REG,2,00-0031558,M.Williams,TE,TE,ARI,12206,52f4a43a-64a9-4d69-a9e2-28bd60f68e49,13919.0,9488.0,2360.0,,2970726.0,28443.0,,1983769.0,WillMa04,maxx-williams-1,10128.0,10298.0,,28443.0,651658.0,16816.0,651658.0,Maxx Williams,maxx williams,7,7,94.0,0,0.0,0.0,37.0,57.0,4.0,5.9931307,0,2.5405405,0.20588236,0.13653137,0.4043955,Maxx Williams,ARI,6.6066666666666665,3.954699670872934,5.025714285714287,12.873714641197347,100.0,94.0,0.0,8.402857142857142,4.117811742959053,4.285045399898089,00-0031558,Maxx,Williams,M.Williams,REG,ARI,MIN,Maxx Williams,WillMa04,0.0,0.0,0.0,118.7
2021,REG,2,00-0036970,K.Pitts,TE,TE,ATL,15329,1f3deb24-9ff8-4769-8f42-825eff7742f6,20164.0,83964.0,7553.0,,4360248.0,33392.0,,2964514.0,PittKy00,kyle-pitts-1,15265.0,,1051.0,33392.0,0.0,,1123026.0,Kyle Pitts,kyle pitts,5,6,73.0,0,0.0,0.0,41.0,34.0,3.0,0.5507807,0,1.7804878,0.125,0.2204301,0.34180108,Kyle Pitts,ATL,6.331666666666667,4.5959830548963785,6.795000000000001,18.58927594382637,83.33333333333334,73.0,0.0,7.202,7.246899936957379,-0.04489993695737926,00-0036970,Kyle,Pitts,K.Pitts,REG,ATL,TB,Kyle Pitts,PittKy00,0.0,0.0,0.0,117.4
2021,REG,2,00-0035229,T.Hockenson,TE,TE,DET,14138,bd1120b6-38b3-4225-a4b0-20660a149d0d,18290.0,40912.0,5844.0,,4036133.0,31840.0,,2251097.0,HockTJ00,tj-hockenson-1,13610.0,14051.0,247.0,31840.0,923915.0,20805.0,923915.0,T.J. Hockenson,tj hockenson,8,9,66.0,1,0.0,0.0,73.0,27.0,4.0,5.591796,0,0.9041096,0.25714287,0.30416667,0.59863096,T.J. Hockenson,DET,5.085,3.5069425630112234,8.497777777777777,31.22269850989998,88.88888888888889,66.0,1.0,3.2825000000000015,4.292011131465403,-1.009511131465401,00-0035229,Thomas,Hockenson,T.Hockenson,REG,DET,GB,T.J. Hockenson,HockTJ00,0.0,0.0,0.0,134.3
2021,REG,2,00-0031610,D.Waller,TE,TE,LV,12263,14c97c9f-26e8-4944-9299-f90de6aeada3,14104.0,9637.0,2505.0,,2576925.0,28592.0,,1850793.0,WallDa01,darren-waller-1,10215.0,10433.0,,28592.0,600191.0,16964.0,600191.0,Darren Waller,darren waller,5,7,65.0,0,0.0,0.0,66.0,15.0,3.0,2.962251,0,0.9848485,0.1891892,0.21782178,0.43625903,Darren Waller,LV,7.418000000000001,1.7063628743121662,9.525714285714287,21.665529453812912,71.42857142857143,65.0,0.0,3.6079999999999997,3.040768636743519,0.5672313632564805,00-0031610,Darren,Waller,D.Waller,REG,LV,PIT,Darren Waller,WallDa01,0.0,0.0,0.0,100.3
2021,REG,2,00-0030181,J.Doyle,TE,TE,IND,11516,bd413539-9351-454e-9d61-4e8635d7e9f5,11987.0,8520.0,1706.0,jackdoyle/2540232,16504.0,27299.0,,2041264.0,DoylJa00,,9081.0,9075.0,,27299.0,477386.0,15602.0,477386.0,Jack Doyle,jack doyle,5,8,64.0,0,0.0,0.0,44.0,46.0,3.0,-3.1884205,1,1.4545455,0.22857143,0.15602838,0.452077,Jack Doyle,IND,5.40875,3.9156959549330743,5.99375,16.127947260435242,62.5,64.0,0.0,8.814,7.347326005311925,1.4666739946880751,00-0030181,John,Doyle,J.Doyle,REG,IND,LA,Jack Doyle,DoylJa00,0.0,0.0,0.0,47.9
2021,REG,2,00-0034753,M.Andrews,TE,TE,BAL,13671,0618f387-9b72-4270-8b8f-dec4cccc9e4a,17269.0,47436.0,5012.0,,3116365.0,31056.0,,2131121.0,AndrMa00,mark-andrews-1,12559.0,13182.0,366.0,31056.0,820699.0,19803.0,820699.0,Mark Andrews,mark andrews,5,5,57.0,0,0.0,0.0,30.0,27.0,2.0,2.8605402,0,1.9,0.2,0.12145749,0.38502026,Mark Andrews,BAL,6.7775,4.737707390040707,6.913999999999997,14.228094003374897,100.0,57.0,0.0,4.486000000000002,4.267669190010556,0.2183308099894461,00-0034753,Mark,Andrews,M.Andrews,REG,BAL,KC,Mark Andrews,AndrMa00,0.0,0.0,0.0,114.2
2021,REG,2,00-0034011,D.Arnold,TE,TE,CAR,13880,d479a777-b53b-4bbf-a8e4-0c1675ac48df,17143.0,51842.0,4741.0,,4212989.0,30891.0,,2835170.0,ArnoDa00,,12276.0,12972.0,,30891.0,1053627.0,19659.0,1053627.0,Dan Arnold,dan arnold,3,4,55.0,0,0.0,0.0,47.0,18.0,2.0,3.3938732,0,1.1702127,0.11111111,0.17870723,0.29176173,,,,,,,,,,,,,,,,,REG,CAR,NO,Dan Arnold,ArnoDa00,0.0,0.0,0.0,116.7
2021,REG,2,00-0033757,R.Tonyan,TE,TE,GB,13427,7c9c7800-69d0-459b-812b-a07ac48e9f2a,16502.0,12193.0,4602.0,,2975674.0,30777.0,,2820026.0,TonyRo00,,12389.0,12868.0,,30777.0,660151.0,19491.0,660151.0,Robert Tonyan,robert tonyan,3,3,52.0,1,0.0,0.0,15.0,37.0,3.0,6.2236214,0,3.4666667,0.11111111,0.058139537,0.20736434,,,,,,,,,,,,,,,,,REG,GB,DET,Robert Tonyan,TonyRo00,0.0,0.0,0.0,158.3
2021,REG,2,00-0036232,H.Bryant,TE,TE,CLE,14875,f58a5899-8b78-46e8-a29a-ba6273b7d872,19389.0,26394.0,6850.0,,4040774.0,32785.0,,2241240.0,BryaHa00,harrison-bryant-1,14576.0,,752.0,32785.0,0.0,21783.0,916467.0,Harrison Bryant,harrison bryant,4,4,49.0,0,0.0,0.0,38.0,11.0,2.0,3.1017375,0,1.2894737,0.1904762,0.29007635,0.4887677,,,,,,,,,,,,,,,,,REG,CLE,HOU,Harrison Bryant,BryaHa00,0.0,0.0,0.0,117.7
2021,REG,2,00-0031260,L.Thomas,TE,TE,WAS,11647,b24625a0-d402-4d59-a778-aa4b073bfe5e,12095.0,8755.0,2251.0,loganthomas/2543767,16813.0,27648.0,,1691193.0,ThomLo00,logan-thomas-1,9323.0,9354.0,,27648.0,507528.0,16656.0,507528.0,Logan Thomas,logan thomas,5,7,45.0,0,0.0,0.0,74.0,11.0,1.0,-1.048761,0,0.6081081,0.1590909,0.21449275,0.38878128,Logan Thomas,WAS,5.101666666666667,2.278188688062025,9.574285714285711,19.757672238436367,71.42857142857143,45.0,0.0,2.236000000000003,1.8396796850739066,0.3963203149260963,00-0031260,Logan,Thomas,L.Thomas,REG,WAS,NYG,Logan Thomas,ThomLo00,0.0,0.0,0.0,88.4
2021,REG,2,00-0031585,M.Pruitt,TE,TE,TEN,12309,f22b34cf-6ecf-4522-9c77-1da275dfda7d,13964.0,9576.0,2446.0,,2508256.0,28531.0,,1760327.0,PruiMy00,,10251.0,10522.0,,28531.0,552586.0,16903.0,552586.0,MyCole Pruitt,mycole pruitt,3,3,43.0,0,0.0,0.0,27.0,16.0,2.0,5.61576,0,1.5925926,0.07692308,0.06650246,0.16193634,,,,,,,,,,,,,,,,,REG,TEN,SEA,MyCole Pruitt,PruiMy00,0.0,0.0,0.0,118.7
2021,REG,2,00-0033090,H.Henry,TE,TE,NE,12676,705899da-3c20-4bc3-b5d0-2e6e40655131,15561.0,10669.0,3214.0,,3046439.0,29269.0,,2079848.0,HenrHu00,hunter-henry-1,10735.0,11299.0,212.0,29269.0,744425.0,17975.0,744425.0,Hunter Henry,hunter henry,2,4,42.0,0,0.0,0.0,38.0,22.0,2.0,1.6522554,0,1.1052631,0.14285715,0.29007635,0.41733915,,,,,,,,,,,,,,,,,REG,NE,NYJ,Hunter Henry,HenrHu00,0.0,0.0,0.0,87.5
2021,REG,2,00-0034829,M.Gesicki,TE,TE,MIA,13672,1012cbe0-7eba-4169-bfca-183a0204e1a7,17272.0,47153.0,4993.0,,3116164.0,31012.0,,2139298.0,GesiMi00,mike-gesicki-1,12764.0,13104.0,330.0,31012.0,836152.0,19853.0,836152.0,Mike Gesicki,mike gesicki,3,6,41.0,0,0.0,0.0,64.0,7.0,3.0,-1.2697042,0,0.640625,0.14285715,0.3018868,0.42560646,Mike Gesicki,MIA,10.092,2.3815735152939195,10.533333333333333,30.155549193625347,50.0,41.0,0.0,2.7900000000000005,3.983363279526808,-1.1933632795268077,00-0034829,Michael,Gesicki,M.Gesicki,REG,MIA,BUF,Mike Gesicki,GesiMi00,0.0,0.0,0.0,32.6
2021,REG,2,00-0032392,A.Hooper,TE,TE,CLE,12677,90c2a93f-d837-4e1b-b57c-56648903a8db,15581.0,10715.0,3202.0,,3043275.0,29315.0,,2067004.0,HoopAu00,austin-hooper-1,10748.0,11301.0,384.0,29315.0,739424.0,17963.0,739424.0,Austin Hooper,austin hooper,5,5,40.0,0,0.0,0.0,17.0,23.0,2.0,3.2476816,0,2.3529413,0.23809524,0.129771,0.44798255,Austin Hooper,CLE,5.680000000000001,4.163451134311289,3.1960000000000006,14.2869915064819,100.0,40.0,0.0,4.803999999999999,6.490057026089152,-1.686057026089153,00-0032392,Austin,Hooper,A.Hooper,REG,CLE,HOU,Austin Hooper,HoopAu00,0.0,0.0,0.0,100.0
2021,REG,2,00-0027656,R.Gronkowski,TE,TE,TB,9902,2142a164-48ad-47d6-bb27-0bc58c6b2e62,9721.0,5567.0,515.0,robgronkowski/497240,13229.0,24017.0,,1244303.0,GronRo00,rob-gronkowski-1,6443.0,5729.0,,24017.0,381091.0,10974.0,381091.0,Rob Gronkowski,rob gronkowski,4,5,39.0,2,0.0,0.0,47.0,12.0,2.0,4.900297,0,0.82978725,0.14285715,0.13428572,0.3082857,Rob Gronkowski,TB,2.3825,3.0464352968964414,8.870000000000001,12.806814900375402,80.0,39.0,2.0,3.6174999999999997,2.5979225755568223,1.0195774244431774,00-0027656,Robert,Gronkowski,R.Gronkowski,REG,TB,ATL,Rob Gronkowski,GronRo00,1.0,0.0,0.0,138.7
2021,REG,2,00-0033658,B.Jarwin,TE,TE,DAL,13722,43e8a6ac-d451-4dbd-b145-797764f91494,16638.0,12320.0,4571.0,,2991767.0,30784.0,,2819999.0,JarwBl00,,12179.0,12507.0,,30784.0,711965.0,19457.0,711965.0,Blake Jarwin,blake jarwin,3,4,37.0,0,0.0,0.0,34.0,13.0,1.0,1.6144575,0,1.0882353,0.14814815,0.24817519,0.39594486,,,,,,,,,,,,,,,,,REG,DAL,LAC,Blake Jarwin,JarwBl00,0.0,0.0,0.0,103.1
2021,REG,2,00-0036894,P.Freiermuth,TE,TE,PIT,15331,04f0fefe-9d9d-44f5-94ea-6df2a42df3c6,20163.0,84085.0,7600.0,,4361411.0,33443.0,,2961270.0,FreiPa00,pat-freiermuth-1,15267.0,,1053.0,33443.0,0.0,,1116662.0,Pat Freiermuth,pat freiermuth,4,4,36.0,0,0.0,0.0,22.0,14.0,2.0,4.649349,0,1.6363636,0.1,0.05670103,0.18969072,,,,,,,,,,,,,,,,,REG,PIT,LV,Pat Freiermuth,FreiPa00,0.0,0.0,0.0,104.2
2021,REG,2,00-0034981,F.Moreau,TE,TE,LV,14239,9c3a67fd-5c6e-4689-9e08-9ff6d4db6c9a,18397.0,47043.0,5985.0,,3843945.0,31969.0,,2180634.0,MoreFo00,foster-moreau-1,13822.0,14154.0,179.0,31969.0,865573.0,20884.0,865573.0,Foster Moreau,foster moreau,2,3,34.0,1,0.0,0.0,35.0,4.0,2.0,2.6840293,0,0.9714286,0.08108108,0.11551155,0.2024797,,,,,,,,,,,,,,,,,REG,LV,PIT,Foster Moreau,MoreFo00,0.0,0.0,0.0,144.4
2021,REG,2,00-0035644,N.Fant,TE,TE,DEN,14137,cdc98acc-9eb6-4b44-81bb-61d7b8a3b55f,17527.0,42388.0,5857.0,,4036131.0,31852.0,,2251095.0,FantNo00,noah-fant-1,13426.0,14050.0,243.0,31852.0,923911.0,20753.0,923911.0,Noah Fant,noah fant,4,6,33.0,1,0.0,0.0,24.0,15.0,1.0,1.4556448,0,1.375,0.1764706,0.06169666,0.30789354,Noah Fant,DEN,5.217499999999999,3.990709171149463,4.116666666666668,6.660015638903122,66.66666666666666,33.0,1.0,3.969999999999999,3.344724631540828,0.625275368459171,00-0035644,Noah,Fant,N.Fant,REG,DEN,JAX,Noah Fant,FantNo00,0.0,0.0,0.0,120.1
2021,REG,2,00-0027061,J.Cook,TE,TE,LAC,9474,3b7a1409-d154-4e5c-8c94-9d4a0e0993c7,9265.0,5012.0,367.0,jaredcook/71265,12537.0,9353.0,6126.0,584314.0,CookJa02,jared-cook-2,5981.0,5165.0,,9353.0,296480.0,8534.0,296480.0,Jared Cook,jared cook,3,5,28.0,0,0.0,0.0,34.0,17.0,1.0,1.2792331,0,0.8235294,0.125,0.13127413,0.27939188,Jared Cook,LAC,4.373333333333333,2.867930417522436,6.942000000000002,13.184183537812896,60.0,28.0,0.0,5.883333333333333,5.55432303028374,0.3290103030495928,00-0027061,Jared,Cook,J.Cook,REG,LAC,DAL,Jared Cook,CookJa02,0.0,1.0,0.2,75.4
2021,REG,2,00-0033858,J.Smith,TE,TE,NE,13193,e4f25a37-74de-4bfb-b6c9-f50a4fab0b87,16460.0,11855.0,4144.0,,3054212.0,30213.0,,2081506.0,SmitJo01,jonnu-smith-1,11807.0,12344.0,84.0,30213.0,743749.0,18990.0,743749.0,Jonnu Smith,jonnu smith,4,5,28.0,0,0.0,0.0,7.0,24.0,1.0,-0.2432267,0,4.0,0.17857143,0.053435113,0.30526173,Jonnu Smith,NE,6.546666666666667,6.5856740904427316,1.3260000000000005,5.156322911805882,80.0,28.0,0.0,5.922499999999999,8.519970939069822,-2.5974709390698223,00-0033858,Jonnu,Smith,J.Smith,REG,NE,NYJ,Jonnu Smith,SmitJo01,0.0,1.0,0.2,90.0
2021,REG,2,00-0027981,K.Rudolph,TE,TE,NYG,10312,1059e9dc-97df-4643-9116-883a0573d8b1,9906.0,6195.0,943.0,kylerudolph/2495438,14054.0,24830.0,7444.0,1633122.0,RudoKy00,kyle-rudolph-1,7246.0,6459.0,,24830.0,469472.0,13275.0,469472.0,Kyle Rudolph,kyle rudolph,2,2,25.0,0,0.0,0.0,23.0,2.0,2.0,2.287139,0,1.0869565,0.0625,0.06406685,0.1385968,,,,,,,,,,,,,,,,,REG,NYG,WAS,Kyle Rudolph,RudoKy00,0.0,0.0,0.0,118.7
2021,REG,2,00-0031951,J.O'Shaughnessy,TE,TE,JAX,12330,e5c6b0d4-3e77-422b-a6d8-574a10ed385e,14146.0,9606.0,2476.0,,2508079.0,28561.0,,2174148.0,O'ShJa00,,10249.0,10549.0,,28561.0,552352.0,16933.0,552352.0,James O'Shaughnessy,james oshaughnessy,1,1,24.0,0,0.0,0.0,20.0,4.0,1.0,2.2353835,0,1.2,0.030303031,0.049382716,0.08002245,,,,,,,,,,,,,,,,,REG,JAX,DEN,James O'Shaughnessy,O'ShJa00,0.0,0.0,0.0,118.7
2021,REG,2,00-0034351,D.Goedert,TE,TE,PHI,13674,e8029983-87cf-49a2-bc04-04c8233a0630,17270.0,47272.0,5022.0,,3121023.0,31019.0,,2132551.0,GoedDa00,,12860.0,13151.0,382.0,31019.0,791365.0,19863.0,791365.0,Dallas Goedert,dallas goedert,2,2,24.0,0,0.0,0.0,6.0,18.0,2.0,2.638734,0,4.0,0.083333336,0.01775148,0.13742603,,,,,,,,,,,,,,,,,REG,PHI,SF,Dallas Goedert,GoedDa00,1.0,0.0,0.0,116.7
2021,REG,2,00-0034988,K.Smith,TE,TE,NYG,14142,7bb7f5e7-f00e-47d8-954d-90bf5baf4292,18293.0,40973.0,6146.0,,4044452.0,32008.0,,2251343.0,SmitKa00,kaden-smith-1,13516.0,14217.0,,32008.0,924018.0,20946.0,924018.0,Kaden Smith,kaden smith,2,2,24.0,0,0.0,0.0,17.0,7.0,1.0,1.2180893,0,1.4117647,0.0625,0.04735376,0.12689763,,,,,,,,,,,,,,,,,REG,NYG,WAS,Kaden Smith,SmitKa00,0.0,0.0,0.0,116.7
2021,REG,2,00-0036423,A.Okwuegbunam,TE,TE,DEN,14873,617aee8a-70be-4bdf-9a71-2e2b74e647e6,18246.0,41933.0,6843.0,,4035115.0,32788.0,,2245117.0,OkwuAl00,albert-okwuegbunam-1,14369.0,,,32788.0,0.0,21794.0,920077.0,Albert Okwuegbunam,albert okwuegbunam,4,4,24.0,0,0.0,0.0,9.0,15.0,1.0,0.019484494,0,2.6666667,0.11764706,0.023136247,0.19266596,,,,,,,,,,,,,,,,,REG,DEN,JAX,Albert Okwuegbunam,OkwuAl00,0.0,0.0,0.0,91.7
2021,REG,2,00-0036040,J.Johnson,TE,TE,NO,14861,0226b03b-f91d-4223-9813-9fcd2e9c3acc,19562.0,28305.0,7002.0,,3929645.0,33113.0,,2186637.0,JohnJu02,,14630.0,,575.0,33113.0,0.0,21738.0,884609.0,Juwan Johnson,juwan johnson,1,3,23.0,0,0.0,0.0,59.0,3.0,1.0,-2.1996393,0,0.3898305,0.14285715,0.3554217,0.46308088,,,,,,,,,,,,,,,,,REG,NO,CAR,Juwan Johnson,JohnJu02,0.0,0.0,0.0,22.2
2021,REG,2,00-0033879,O.Howard,TE,TE,TB,13188,93ed8c6f-b676-46d3-bf82-6155e89b4a68,16380.0,11774.0,4055.0,,3043080.0,30132.0,,2061190.0,HowaO.00,oj-howard-1,11806.0,12161.0,,30132.0,732147.0,18901.0,732147.0,O.J. Howard,oj howard,1,1,21.0,0,0.0,0.0,19.0,2.0,1.0,1.7800856,0,1.1052631,0.028571429,0.054285713,0.08085714,,,,,,,,,,,,,,,,,REG,TB,ATL,O.J. Howard,HowaO.00,0.0,0.0,0.0,118.7
2021,REG,2,00-0032062,B.Bell,TE,TE,KC,12213,0cc4e449-185a-4b08-9f07-c907ad0c3e05,13966.0,9550.0,2422.0,,2514206.0,28505.0,,1737101.0,BellBl00,blake-bell-1,10248.0,10366.0,,28505.0,542871.0,16878.0,542871.0,Blake Bell,blake bell,1,1,20.0,0,0.0,0.0,-3.0,23.0,1.0,1.3589175,0,0.0,0.033333335,-0.011583012,0.04189189,,,,,,,,,,,,,,,,,REG,KC,BAL,Blake Bell,BellBl00,0.0,0.0,0.0,118.7
2021,REG,2,00-0033611,R.Seals-Jones,TE,TE,WAS,13382,52735659-a294-4f64-a7f4-3591450834e5,16730.0,12020.0,4531.0,,3051806.0,30494.0,,2080003.0,SealRi00,,11876.0,12463.0,,30494.0,744568.0,19410.0,744568.0,Ricky Seals-Jones,ricky seals-jones,1,1,19.0,1,0.0,0.0,19.0,0.0,1.0,2.48689,0,1.0,0.022727273,0.055072464,0.07264163,,,,,,,,,,,,,,,,,REG,WAS,NYG,Ricky Seals-Jones,SealRi00,0.0,0.0,0.0,158.3
2021,REG,2,00-0033217,M.Alie-Cox,TE,TE,IND,13246,8809c0dd-786b-4255-a7d0-333c9498c19a,16579.0,12078.0,4054.0,moalie-cox/2558832,2998565.0,30112.0,,2815925.0,AlieMo00,,12196.0,12221.0,195.0,30112.0,712506.0,18900.0,712506.0,Mo Alie-Cox,mo alie-cox,1,2,18.0,0,0.0,0.0,7.0,13.0,1.0,1.0797194,0,2.5714285,0.057142857,0.024822695,0.103090174,,,,,,,,,,,,,,,,,REG,IND,LA,Mo Alie-Cox,AlieMo00,1.0,0.0,0.0,81.2
2021,REG,2,00-0033885,D.Njoku,TE,TE,CLE,13192,8f86fcea-90e8-49ea-bc78-5c7659313e57,16399.0,11784.0,4033.0,,3123076.0,30142.0,,2136474.0,NjokDa00,david-njoku-1,11734.0,12186.0,252.0,30142.0,832098.0,18876.0,832098.0,David Njoku,david njoku,2,3,18.0,0,0.0,0.0,29.0,14.0,1.0,0.6111579,0,0.62068963,0.14285715,0.22137405,0.36924756,,,,,,,,,,,,,,,,,REG,CLE,HOU,David Njoku,NjokDa00,0.0,0.0,0.0,82.6
2021,REG,2,00-0034383,D.Schultz,TE,TE,DAL,13772,8caec1b4-e0b6-4a84-b8c8-617d6e91ef6a,17349.0,47304.0,5001.0,,3117256.0,31107.0,,2136748.0,SchuDa00,dalton-schultz-1,12514.0,13198.0,487.0,31107.0,830523.0,19920.0,830523.0,Dalton Schultz,dalton schultz,2,2,18.0,0,0.0,0.0,9.0,9.0,1.0,2.0232267,0,2.0,0.074074075,0.06569343,0.1570965,,,,,,,,,,,,,,,,,REG,DAL,LAC,Dalton Schultz,SchuDa00,0.0,0.0,0.0,104.2
2021,REG,2,00-0033288,G.Kittle,TE,TE,SF,13299,2ada91b0-036e-454f-83c3-6d939ff584a9,16499.0,11901.0,4217.0,,3040151.0,30259.0,,2818265.0,KittGe00,george-kittle-1,11892.0,12276.0,298.0,30259.0,733672.0,19063.0,733672.0,George Kittle,george kittle,4,4,17.0,0,1.0,0.0,-6.0,23.0,1.0,0.083020456,0,0.0,0.13333334,-0.05042017,0.16470589,,,,,,,,,,,,,,,,,REG,SF,PHI,George Kittle,KittGe00,1.0,0.0,0.0,84.4
2021,REG,2,00-0034364,J.Akins,TE,TE,HOU,13753,0cb5a32a-a340-4671-ba2a-93f5fa6aee8d,17415.0,47050.0,5032.0,,3128452.0,31068.0,,2142712.0,AkinJo00,jordan-akins-1,12568.0,13238.0,,31068.0,838396.0,19903.0,838396.0,Jordan Akins,jordan akins,1,2,17.0,0,0.0,0.0,24.0,7.0,1.0,0.95122045,0,0.7083333,0.071428575,0.09561753,0.17407513,,,,,,,,,,,,,,,,,REG,HOU,CLE,Jordan Akins,AkinJo00,0.0,1.0,0.5,79.2
2021,REG,2,00-0035689,D.Knox,TE,TE,BUF,14143,5fb525c5-4e70-4ede-8c49-94ad0cf66b7d,18631.0,35883.0,5906.0,,3930086.0,31928.0,,2186345.0,KnoxDa00,dawson-knox-1,13466.0,13953.0,88.0,31928.0,884083.0,20850.0,884083.0,Dawson Knox,dawson knox,2,3,17.0,1,0.0,0.0,13.0,9.0,1.0,1.6839113,0,1.3076923,0.10344828,0.05019305,0.19030754,,,,,,,,,,,,,,,,,REG,BUF,MIA,Dawson Knox,KnoxDa00,0.0,0.0,0.0,120.8
2021,REG,2,00-0034270,T.Conklin,TE,TE,MIN,13675,f0d17dfa-ebf3-416c-a8d2-c6bc30675103,17598.0,47327.0,5133.0,,3915486.0,31220.0,,2165249.0,ConkTy00,tyler-conklin-1,12809.0,13220.0,489.0,31127.0,861278.0,19988.0,861278.0,Tyler Conklin,tyler conklin,2,4,15.0,0,0.0,0.0,7.0,18.0,1.0,-0.7557024,0,2.142857,0.125,0.03448276,0.21163793,,,,,,,,,,,,,,,,,REG,MIN,ARI,Tyler Conklin,ConkTy00,0.0,0.0,0.0,59.4
2021,REG,2,00-0036173,T.Hudson,TE,TE,TEN,15544,62d557bc-ee99-4703-83f8-e7b1ca0c89e7,19893.0,47412.0,7439.0,,3675550.0,33340.0,,3161130.0,,,15159.0,,,33340.0,0.0,22418.0,865636.0,Tommy Hudson,tommy hudson,1,2,14.0,0,0.0,0.0,2.0,14.0,1.0,-1.2691766,0,7.0,0.051282052,0.0049261083,0.08037135,,,,,,,,,,,,,,,,,,,,,,,,,
2021,REG,2,00-0029119,D.Carrier,TE,TE,LV,10940,d3fab07b-f02a-433d-9612-cb0a751f324d,11417.0,7406.0,1718.0,derekcarrier/2534241,15403.0,26416.0,,1977121.0,CarrDe00,,9203.0,7527.0,,26416.0,654887.0,15640.0,654887.0,Derek Carrier,derek carrier,2,2,13.0,0,0.0,0.0,7.0,6.0,0.0,0.83068395,0,1.8571428,0.054054055,0.02310231,0.0972527,,,,,,,,,,,,,,,,,REG,LV,PIT,Derek Carrier,CarrDe00,0.0,0.0,0.0,93.7
2021,REG,2,00-0035547,J.Fortson,TE,TE,KC,15070,a01ffd42-5fdb-42f8-95ab-157025e3fba8,18831.0,94384.0,6665.0,,4408854.0,32600.0,,3117124.0,FortJo01,,14306.0,,,32600.0,0.0,21383.0,1167484.0,Jody Fortson,jody fortson,1,1,11.0,0,0.0,0.0,7.0,4.0,0.0,-0.28705505,0,1.5714285,0.033333335,0.027027028,0.06891892,,,,,,,,,,,,,,,,,REG,KC,BAL,Joe Fortson,FortJo01,0.0,0.0,0.0,112.5
2021,REG,2,00-0030108,R.Griffin,TE,TE,NYJ,11399,cb1df42c-b59c-4e23-a9a2-fbfc2b39ef71,11830.0,7982.0,1425.0,ryangriffin/2541316,15887.0,26824.0,,2057695.0,GrifRy00,ryan-griffin-1,8911.0,8600.0,,26824.0,465129.0,14985.0,465129.0,Ryan Griffin,ryan griffin,2,2,10.0,0,0.0,0.0,6.0,4.0,0.0,0.11801268,0,1.6666666,0.060606062,0.019933555,0.10486258,,,,,,,,,,,,,,,,,REG,NYJ,NE,Ryan Griffin,GrifRy00,0.0,0.0,0.0,87.5
2021,REG,2,00-0032141,G.Swaim,TE,TE,TEN,12378,d0f9112d-2496-450a-9fc5-d2d01b4d2454,14164.0,9679.0,2545.0,geoffswaim/2553454,3046704.0,28634.0,,2174207.0,SwaiGe00,geoff-swaim-1,10507.0,10617.0,,28634.0,728021.0,17005.0,728021.0,Geoff Swaim,geoff swaim,2,2,10.0,0,0.0,0.0,10.0,0.0,0.0,-0.07695058,0,1.0,0.051282052,0.024630541,0.09416445,,,,,,,,,,,,,,,,,REG,TEN,SEA,Geoff Swaim,SwaiGe00,0.0,0.0,0.0,87.5
2021,REG,2,00-0028097,L.Smith,TE,TE,ATL,10398,cf23126f-055b-4617-819b-bb4bcb84541a,9992.0,6311.0,812.0,leesmith/2495347,14215.0,24946.0,7585.0,1276441.0,SmitLe00,lee-smith-2,7425.0,6665.0,,24946.0,334184.0,12777.0,334184.0,Lee Smith,lee smith,1,1,9.0,0,0.0,0.0,6.0,3.0,0.0,0.7604979,0,1.5,0.020833334,0.032258064,0.053830646,,,,,,,,,,,,,,,,,REG,ATL,TB,Lee Smith,SmitLe00,0.0,0.0,0.0,104.2
2021,REG,2,00-0032725,S.Anderson,TE,TE,LAC,12859,5cb0bf9c-03b4-4201-97c5-a59c6db50841,15760.0,11160.0,3496.0,,2576854.0,29789.0,,1880821.0,AndeSt01,,10885.0,11556.0,,29789.0,607660.0,18262.0,607660.0,Stephen Anderson,stephen anderson,2,2,9.0,0,0.0,0.0,3.0,6.0,0.0,0.0046117613,0,3.0,0.05,0.011583012,0.083108105,,,,,,,,,,,,,,,,,REG,LAC,DAL,Stephen Anderson,AndeSt01,0.0,0.0,0.0,85.4
2021,REG,2,00-0035249,J.Oliver,TE,TE,BAL,14209,dc83f7af-7b30-4c4a-9c93-f67bd8db954b,18487.0,47083.0,5973.0,,3921690.0,31901.0,,2184618.0,OlivJo00,josh-oliver-1,13786.0,14127.0,7.0,31901.0,881779.0,20899.0,881779.0,Josh Oliver,josh oliver,1,1,9.0,0,0.0,0.0,5.0,4.0,1.0,1.2745488,0,1.8,0.04,0.020242915,0.07417004,,,,,,,,,,,,,,,,,REG,BAL,KC,Josh Oliver,OlivJo00,0.0,0.0,0.0,104.2
2021,REG,2,00-0031273,C.Brate,TE,TE,TB,12110,5afe93fd-0caf-4cca-83fc-7f405bebfa3e,13470.0,9207.0,2214.0,,17453.0,28267.0,,2132787.0,BratCa00,,10008.0,10193.0,,28267.0,552926.0,16593.0,552926.0,Cameron Brate,cameron brate,1,1,8.0,0,0.0,0.0,7.0,1.0,0.0,0.16984646,0,1.1428572,0.028571429,0.02,0.056857143,,,,,,,,,,,,,,,,,REG,TB,ATL,Cameron Brate,BratCa00,0.0,0.0,0.0,100.0
2021,REG,2,00-0032214,T.Kroft,TE,TE,NYJ,12212,36f54823-9d51-4180-9c91-d10281deb4bf,13960.0,9518.0,2390.0,tylerkroft/2552586,2582410.0,28473.0,,1824200.0,KrofTy00,tyler-kroft-1,10247.0,10490.0,,28473.0,592268.0,16846.0,592268.0,Tyler Kroft,tyler kroft,1,2,8.0,0,0.0,0.0,15.0,5.0,0.0,-0.2807977,0,0.53333336,0.060606062,0.049833886,0.12579282,,,,,,,,,,,,,,,,,REG,NYJ,NE,Tyler Kroft,KrofTy00,0.0,0.0,0.0,60.4
2021,REG,2,00-0033110,T.Higbee,TE,TE,LA,12678,0df7912d-9e81-47ea-b4f7-d04986df4ee8,15623.0,10744.0,3271.0,,2573401.0,29344.0,,1853103.0,HigbTy00,tyler-higbee-1,10854.0,11430.0,159.0,29344.0,604176.0,18032.0,604176.0,Tyler Higbee,tyler higbee,1,1,8.0,0,0.0,0.0,5.0,3.0,1.0,1.2780759,0,1.6,0.03448276,0.022727273,0.06763323,,,,,,,,,,,,,,,,,REG,LA,IND,Tyler Higbee,HigbTy00,0.0,0.0,0.0,100.0
2021,REG,2,00-0033338,C.Carter,TE,TE,MIA,13369,53fd9a69-1b10-4fd6-90e7-ee84cca9e041,16543.0,47149.0,4362.0,,3040470.0,30577.0,,2060620.0,CartCe00,,11889.0,12499.0,,30577.0,728274.0,19219.0,728274.0,Cethan Carter,cethan carter,1,1,8.0,0,0.0,0.0,7.0,1.0,0.0,0.5316045,0,1.1428572,0.023809524,0.03301887,0.058827493,,,,,,,,,,,,,,,,,REG,MIA,BUF,Cethan Carter,CartCe00,0.0,0.0,0.0,100.0
2021,REG,2,00-0033576,E.Saubert,TE,TE,DEN,13315,582dc00e-e7ec-4ca7-bff0-f7b1d604017b,16706.0,11929.0,4189.0,,2975863.0,30287.0,,2001018.0,SaubEr00,,11897.0,12300.0,,30287.0,694931.0,19035.0,694931.0,Eric Saubert,eric saubert,1,1,7.0,0,0.0,0.0,0.0,7.0,0.0,0.3603751,0,0.0,0.029411765,0.0,0.04411765,,,,,,,,,,,,,,,,,REG,DEN,JAX,Eric Saubert,SaubEr00,0.0,0.0,0.0,95.8
2021,REG,2,00-0034365,I.Thomas,TE,TE,CAR,13678,ed8a8fd2-df67-45e7-a34f-984afb82f6ea,17387.0,42130.0,4995.0,,4045305.0,31071.0,,2253359.0,ThomIa00,ian-thomas-3,12858.0,13163.0,323.0,31071.0,943093.0,19910.0,943093.0,Ian Thomas,ian thomas,1,2,7.0,0,0.0,0.0,-5.0,8.0,0.0,-0.16926919,0,0.0,0.055555556,-0.019011406,0.07002535,,,,,,,,,,,,,,,,,REG,CAR,NO,Ian Thomas,ThomIa00,1.0,1.0,0.5,58.3
2021,REG,2,00-0030061,Z.Ertz,TE,TE,PHI,11247,de3421f7-2147-4835-89a5-724e87bad463,11689.0,7816.0,1339.0,zachertz/2540158,15835.0,26658.0,,1685963.0,ErtzZa00,zach-ertz-1,8781.0,8409.0,305.0,26658.0,503177.0,14856.0,503177.0,Zach Ertz,zach ertz,1,2,6.0,0,0.0,0.0,7.0,0.0,1.0,1.1027458,0,0.85714287,0.083333336,0.020710059,0.13949704,,,,,,,,,,,,,,,,,REG,PHI,SF,Zach Ertz,ErtzZa00,0.0,0.0,0.0,56.2
2021,REG,2,00-0034830,H.Hurst,TE,TE,ATL,13680,1b125fc4-5dd9-4eb9-a42f-048e61ca42b7,17283.0,47294.0,4973.0,,3924365.0,30995.0,,2185053.0,HursHa00,hayden-hurst-1,12467.0,13098.0,8.0,30995.0,881956.0,19843.0,881956.0,Hayden Hurst,hayden hurst,1,1,6.0,0,0.0,0.0,6.0,0.0,1.0,1.1541055,0,1.0,0.020833334,0.032258064,0.053830646,,,,,,,,,,,,,,,,,REG,ATL,TB,Hayden Hurst,HursHa00,0.0,0.0,0.0,91.7
2021,REG,2,00-0036887,L.Farrell,TE,TE,JAX,15335,8a1f0e8e-6521-4a94-9934-ad4f76a25fd9,19501.0,42353.0,7842.0,,4040612.0,33533.0,,2260977.0,FarrLu00,luke-farrell-1,15566.0,,,33533.0,0.0,,946541.0,Luke Farrell,luke farrell,1,2,6.0,0,0.0,0.0,24.0,0.0,0.0,-4.325479,0,0.25,0.060606062,0.05925926,0.13239057,,,,,,,,,,,,,,,,,REG,JAX,DEN,Luke Farrell,FarrLu00,0.0,0.0,0.0,16.7
2021,REG,2,00-0032134,C.Uzomah,TE,TE,CIN,12317,19858900-5c8e-49a7-ab02-34ef625724ca,14084.0,9590.0,2460.0,c.j.uzomah/2552559,2574576.0,28545.0,,2174118.0,UzomC.00,cj-uzomah-1,10462.0,10534.0,,28545.0,593305.0,16917.0,593305.0,C.J. Uzomah,cj uzomah,2,2,4.0,0,0.0,0.0,-1.0,5.0,0.0,-0.86950785,0,0.0,0.06896552,-0.0045045046,0.10029512,,,,,,,,,,,,,,,,,REG,CIN,CHI,C.J. Uzomah,UzomC.00,1.0,0.0,0.0,79.2
2021,REG,2,00-0033895,G.Everett,TE,TE,SEA,13236,ebeceb00-57e0-4b74-9cf7-853da2afed18,16459.0,11799.0,4089.0,,3918639.0,30157.0,,2142692.0,EverGe00,gerald-everett-1,11737.0,12284.0,55.0,30157.0,838487.0,18935.0,838487.0,Gerald Everett,gerald everett,1,2,3.0,0,0.0,0.0,13.0,0.0,0.0,-0.37961987,0,0.23076923,0.06451613,0.041935485,0.12612903,,,,,,,,,,,,,,,,,REG,SEA,TEN,Gerald Everett,EverGe00,0.0,0.0,0.0,56.2
2021,REG,2,00-0031387,E.Ebron,TE,TE,PIT,11695,9fbcfae9-dd14-415c-8952-9b1b5dff0dfc,12143.0,8645.0,2118.0,ericebron/2543466,16732.0,27538.0,,1865396.0,EbroEr00,eric-ebron-1,9210.0,9390.0,,27538.0,605752.0,16451.0,605752.0,Eric Ebron,eric ebron,0,2,0.0,0,0.0,0.0,14.0,0.0,0.0,-2.1315782,0,0.0,0.05,0.036082473,0.10025773,,,,,,,,,,,,,,,,,REG,PIT,LV,Eric Ebron,EbroEr00,0.0,0.0,0.0,39.6
2021,REG,2,00-0031484,C.Manhertz,TE,TE,JAX,12955,7c7b5515-7786-4e24-9ce0-34e6a8bd5727,14014.0,10211.0,3048.0,,2531358.0,28365.0,,2167520.0,ManhCh00,,10033.0,10295.0,,28365.0,563293.0,17762.0,563293.0,Chris Manhertz,chris manhertz,0,1,0.0,0,0.0,0.0,9.0,0.0,0.0,-1.4058263,0,0.0,0.030303031,0.022222223,0.0610101,,,,,,,,,,,,,,,,,REG,JAX,DEN,Chris Manhertz,ManhCh00,0.0,0.0,0.0,39.6
2021,REG,2,00-0033439,P.Brown,TE,TE,HOU,13994,6733b953-de77-44e5-acbf-c2d3a0940243,16937.0,12247.0,4443.0,,2971281.0,30627.0,,2819155.0,BrowPh01,,11887.0,12737.0,,30627.0,689689.0,19304.0,689689.0,Pharaoh Brown,pharaoh brown,0,1,0.0,0,0.0,0.0,4.0,0.0,0.0,-0.49044204,0,0.0,0.035714287,0.015936255,0.06472681,,,,,,,,,,,,,,,,,REG,HOU,CLE,Pharaoh Brown,BrowPh01,0.0,0.0,0.0,39.6
2021,REG,2,00-0035572,P.Hesse,TE,TE,ATL,15564,5aab93f1-bc81-4d83-b105-d579a14eb349,19067.0,48369.0,6662.0,,3144991.0,32588.0,,3117115.0,,,14295.0,,,32588.0,0.0,21569.0,846264.0,Parker Hesse,parker hesse,0,1,0.0,0,0.0,0.0,0.0,0.0,0.0,-0.43889835,0,,0.020833334,0.0,0.03125,,,,,,,,,,,,,,,,,,,,,,,,,
2021,REG,2,00-0036290,C.Kmet,TE,TE,CHI,14867,036feeb6-9a22-43c5-a8e3-7ac611d8ff49,19229.0,60995.0,6826.0,,4258595.0,32713.0,,2868619.0,KmetCo00,cole-kmet-1,14436.0,,569.0,32713.0,0.0,21772.0,1066765.0,Cole Kmet,cole kmet,1,1,0.0,0,0.0,0.0,0.0,0.0,0.0,-0.37969437,0,,0.04347826,0.0,0.06521739,,,,,,,,,,,,,,,,,REG,CHI,CIN,Cole Kmet,KmetCo00,0.0,0.0,0.0,79.2
2021,REG,3,00-0034753,M.Andrews,TE,TE,BAL,13671,0618f387-9b72-4270-8b8f-dec4cccc9e4a,17269.0,47436.0,5012.0,,3116365.0,31056.0,,2131121.0,AndrMa00,mark-andrews-1,12559.0,13182.0,366.0,31056.0,820699.0,19803.0,820699.0,Mark Andrews,mark andrews,5,7,109.0,0,0.0,0.0,122.0,34.0,4.0,7.1525006,0,0.89344263,0.25925925,0.23921569,0.55633986,Mark Andrews,BAL,6.674000000000001,4.087689664481806,17.66857142857143,23.68804106335708,71.42857142857143,109.0,0.0,7.24,8.283625296006198,-1.0436252960061978,00-0034753,Mark,Andrews,M.Andrews,REG,BAL,DET,Mark Andrews,AndrMa00,0.0,0.0,0.0,113.7
2021,REG,3,00-0030506,T.Kelce,TE,TE,KC,11244,c3859e06-5f23-4302-a71b-04820a899d5f,11594.0,7844.0,1466.0,traviskelce/2540258,15847.0,26686.0,,1725130.0,KelcTr00,travis-kelce-1,8783.0,8411.0,264.0,26686.0,448240.0,15048.0,448240.0,Travis Kelce,travis kelce,7,11,104.0,0,0.0,0.0,143.0,33.0,5.0,6.123311,0,0.72727275,0.275,0.43202418,0.71491694,Travis Kelce,KC,2.653636363636363,2.488762613663383,12.542727272727273,37.69157218959158,63.63636363636363,104.0,0.0,5.3,3.577703802920236,1.7222961970797637,00-0030506,Travis,Kelce,T.Kelce,REG,KC,LAC,Travis Kelce,KelcTr00,0.0,1.0,0.091,56.6
2021,REG,3,00-0033288,G.Kittle,TE,TE,SF,13299,2ada91b0-036e-454f-83c3-6d939ff584a9,16499.0,11901.0,4217.0,,3040151.0,30259.0,,2818265.0,KittGe00,george-kittle-1,11892.0,12276.0,298.0,30259.0,733672.0,19063.0,733672.0,George Kittle,george kittle,7,9,92.0,0,0.0,0.0,82.0,59.0,4.0,-0.10946564,0,1.1219512,0.23684211,0.31782946,0.57774377,George Kittle,SF,4.891249999999999,2.8089871230459287,7.794444444444445,27.58335954702737,77.77777777777779,92.0,0.0,8.967142857142857,3.601230034603548,5.365912822539309,00-0033288,George,Kittle,G.Kittle,REG,SF,GB,George Kittle,KittGe00,1.0,0.0,0.0,69.7
2021,REG,3,00-0034829,M.Gesicki,TE,TE,MIA,13672,1012cbe0-7eba-4169-bfca-183a0204e1a7,17272.0,47153.0,4993.0,,3116164.0,31012.0,,2139298.0,GesiMi00,mike-gesicki-1,12764.0,13104.0,330.0,31012.0,836152.0,19853.0,836152.0,Mike Gesicki,mike gesicki,10,12,86.0,0,0.0,0.0,98.0,19.0,5.0,4.7570806,0,0.877551,0.25531915,0.26775956,0.57041043,Mike Gesicki,MIA,8.541,1.9383806840048086,7.189999999999998,24.49466272995684,83.33333333333334,86.0,0.0,2.0420000000000007,2.709259851907581,-0.6672598519075801,00-0034829,Michael,Gesicki,M.Gesicki,REG,MIA,LV,Mike Gesicki,GesiMi00,0.0,0.0,0.0,96.5
2021,REG,3,00-0034383,D.Schultz,TE,TE,DAL,13772,8caec1b4-e0b6-4a84-b8c8-617d6e91ef6a,17349.0,47304.0,5001.0,,3117256.0,31107.0,,2136748.0,SchuDa00,dalton-schultz-1,12514.0,13198.0,487.0,31107.0,830523.0,19920.0,830523.0,Dalton Schultz,dalton schultz,6,7,80.0,2,0.0,0.0,65.0,42.0,5.0,9.335366,0,1.2307693,0.28,0.27310926,0.6111765,Dalton Schultz,DAL,5.303333333333334,4.05163153894563,8.554285714285713,26.12337492365413,85.71428571428571,80.0,2.0,7.471666666666667,7.121714494469567,0.3499521721970993,00-0034383,Dalton,Schultz,D.Schultz,REG,DAL,PHI,Dalton Schultz,SchuDa00,0.0,0.0,0.0,153.9
2021,REG,3,00-0034270,T.Conklin,TE,TE,MIN,13675,f0d17dfa-ebf3-416c-a8d2-c6bc30675103,17598.0,47327.0,5133.0,,3915486.0,31220.0,,2165249.0,ConkTy00,tyler-conklin-1,12809.0,13220.0,489.0,31127.0,861278.0,19988.0,861278.0,Tyler Conklin,tyler conklin,7,8,70.0,1,0.0,0.0,36.0,32.0,4.0,4.931179,0,1.9444444,0.21052632,0.1904762,0.44912282,Tyler Conklin,MIN,6.378571428571428,3.1590196336545397,4.541250000000002,17.19193639977286,87.5,70.0,1.0,4.719999999999999,5.307674440197908,-0.587674440197909,00-0034270,Tyler,Conklin,T.Conklin,REG,MIN,SEA,Tyler Conklin,ConkTy00,0.0,0.0,0.0,142.7
2021,REG,3,00-0034351,D.Goedert,TE,TE,PHI,13674,e8029983-87cf-49a2-bc04-04c8233a0630,17270.0,47272.0,5022.0,,3121023.0,31019.0,,2132551.0,GoedDa00,,12860.0,13151.0,382.0,31019.0,791365.0,19863.0,791365.0,Dallas Goedert,dallas goedert,2,4,66.0,0,0.0,0.0,29.0,48.0,2.0,2.2510562,0,2.275862,0.10526316,0.11462451,0.2381319,,,,,,,,,,,,,,,,,REG,PHI,DAL,Dallas Goedert,GoedDa00,0.0,0.0,0.0,95.8
2021,REG,3,00-0027656,R.Gronkowski,TE,TE,TB,9902,2142a164-48ad-47d6-bb27-0bc58c6b2e62,9721.0,5567.0,515.0,robgronkowski/497240,13229.0,24017.0,,1244303.0,GronRo00,rob-gronkowski-1,6443.0,5729.0,,24017.0,381091.0,10974.0,381091.0,Rob Gronkowski,rob gronkowski,4,8,55.0,0,0.0,0.0,94.0,27.0,2.0,-1.6165166,0,0.5851064,0.14814815,0.24415584,0.39313132,Rob Gronkowski,TB,4.411428571428571,4.124372453475533,12.4,27.13347921225383,50.0,55.0,0.0,7.174999999999999,8.04084796285963,-0.8658479628596307,00-0027656,Robert,Gronkowski,R.Gronkowski,REG,TB,LA,Rob Gronkowski,GronRo00,0.0,2.0,0.25,72.4
2021,REG,3,00-0031610,D.Waller,TE,TE,LV,12263,14c97c9f-26e8-4944-9299-f90de6aeada3,14104.0,9637.0,2505.0,,2576925.0,28592.0,,1850793.0,WallDa01,darren-waller-1,10215.0,10433.0,,28592.0,600191.0,16964.0,600191.0,Darren Waller,darren waller,5,7,54.0,0,0.0,0.0,81.0,16.0,3.0,4.661275,0,0.6666667,0.175,0.20099255,0.4031948,Darren Waller,LV,5.3475,2.0344241336030997,10.535714285714288,19.73772246754985,71.42857142857143,54.0,0.0,4.645999999999998,5.687708998003108,-1.0417089980031102,00-0031610,Darren,Waller,D.Waller,REG,LV,MIA,Darren Waller,WallDa01,0.0,0.0,0.0,93.7
2021,REG,3,00-0033895,G.Everett,TE,TE,SEA,13236,ebeceb00-57e0-4b74-9cf7-853da2afed18,16459.0,11799.0,4089.0,,3918639.0,30157.0,,2142692.0,EverGe00,gerald-everett-1,11737.0,12284.0,55.0,30157.0,838487.0,18935.0,838487.0,Gerald Everett,gerald everett,5,5,54.0,0,0.0,0.0,17.0,37.0,3.0,1.3151307,0,3.1764705,0.17857143,0.07234043,0.31849545,Gerald Everett,SEA,7.81,7.6672303722545525,3.0180000000000007,6.594126900891456,100.0,54.0,0.0,7.781999999999999,5.385417183157239,2.39658281684276,00-0033895,Gerald,Everett,G.Everett,REG,SEA,MIN,Gerald Everett,EverGe00,3.0,0.0,0.0,111.7
2021,REG,3,00-0030061,Z.Ertz,TE,TE,PHI,11247,de3421f7-2147-4835-89a5-724e87bad463,11689.0,7816.0,1339.0,zachertz/2540158,15835.0,26658.0,,1685963.0,ErtzZa00,zach-ertz-1,8781.0,8409.0,305.0,26658.0,503177.0,14856.0,503177.0,Zach Ertz,zach ertz,4,7,53.0,1,0.0,0.0,50.0,32.0,3.0,3.190598,0,1.06,0.18421052,0.19762845,0.41465572,Zach Ertz,PHI,4.3100000000000005,3.9734181400645343,7.539999999999999,21.152613016992625,57.14285714285714,53.0,1.0,7.845000000000002,7.762608680634287,0.08239131936571553,00-0030061,Zachary,Ertz,Z.Ertz,REG,PHI,DAL,Zach Ertz,ErtzZa00,0.0,1.0,0.143,120.8
2021,REG,3,00-0035689,D.Knox,TE,TE,BUF,14143,5fb525c5-4e70-4ede-8c49-94ad0cf66b7d,18631.0,35883.0,5906.0,,3930086.0,31928.0,,2186345.0,KnoxDa00,dawson-knox-1,13466.0,13953.0,88.0,31928.0,884083.0,20850.0,884083.0,Dawson Knox,dawson knox,4,5,49.0,1,0.0,0.0,43.0,9.0,3.0,4.558102,0,1.1395348,0.11627907,0.10643564,0.24892356,Dawson Knox,BUF,3.7700000000000005,3.3267915256800853,8.768,10.839143549423923,80.0,49.0,1.0,2.6375,2.225674868798123,0.41182513120187725,00-0035689,Dawson,Knox,D.Knox,REG,BUF,WAS,Dawson Knox,KnoxDa00,1.0,1.0,0.2,147.1
2021,REG,3,00-0031260,L.Thomas,TE,TE,WAS,11647,b24625a0-d402-4d59-a778-aa4b073bfe5e,12095.0,8755.0,2251.0,loganthomas/2543767,16813.0,27648.0,,1691193.0,ThomLo00,logan-thomas-1,9323.0,9354.0,,27648.0,507528.0,16656.0,507528.0,Logan Thomas,logan thomas,4,4,42.0,1,1.0,1.0,19.0,23.0,2.0,3.4003146,0,2.2105262,0.16666667,0.11515152,0.33060607,,,,,,,,,,,,,,,,,REG,WAS,BUF,Logan Thomas,ThomLo00,1.0,0.0,0.0,150.0
2021,REG,3,00-0033110,T.Higbee,TE,TE,LA,12678,0df7912d-9e81-47ea-b4f7-d04986df4ee8,15623.0,10744.0,3271.0,,2573401.0,29344.0,,1853103.0,HigbTy00,tyler-higbee-1,10854.0,11430.0,159.0,29344.0,604176.0,18032.0,604176.0,Tyler Higbee,tyler higbee,5,5,40.0,1,1.0,0.0,3.0,37.0,3.0,5.296013,0,13.333333,0.13157895,0.008356546,0.203218,Tyler Higbee,LAR,7.008,2.9704225806182194,0.6519999999999989,0.9466837031014037,100.0,40.0,1.0,7.0680000000000005,7.342291395949587,-0.27429139594958674,00-0033110,Tyler,Higbee,T.Higbee,REG,LA,TB,Tyler Higbee,HigbTy00,0.0,0.0,0.0,139.6
2021,REG,3,00-0034159,W.Dissly,TE,TE,SEA,13763,383f4814-6836-4766-a297-fc063e8509cc,18049.0,30762.0,5010.0,,3127292.0,31090.0,,2139628.0,DissWi00,will-dissly-1,12986.0,13246.0,86.0,31090.0,837806.0,19950.0,837806.0,Will Dissly,will dissly,1,1,39.0,0,0.0,0.0,9.0,30.0,1.0,2.8188205,0,4.3333335,0.035714287,0.038297873,0.08037994,,,,,,,,,,,,,,,,,REG,SEA,MIN,Will Dissly,DissWi00,1.0,0.0,0.0,118.7
2021,REG,3,00-0033090,H.Henry,TE,TE,NE,12676,705899da-3c20-4bc3-b5d0-2e6e40655131,15561.0,10669.0,3214.0,,3046439.0,29269.0,,2079848.0,HenrHu00,hunter-henry-1,10735.0,11299.0,212.0,29269.0,744425.0,17975.0,744425.0,Hunter Henry,hunter henry,5,6,36.0,0,0.0,0.0,40.0,7.0,1.0,-3.7218053,0,0.9,0.11764706,0.06319115,0.22070439,Hunter Henry,NE,7.640000000000001,2.540643008989295,7.531666666666667,7.302018194451178,83.33333333333334,36.0,0.0,1.711999999999999,1.4859385761334578,0.22606142386654127,00-0033090,Hunter,Henry,H.Henry,REG,NE,NO,Hunter Henry,HenrHu00,0.0,0.0,0.0,52.1
2021,REG,3,00-0029738,D.Fells,TE,TE,DET,11337,54d4e35a-2e6c-48f6-86ad-92dd596c173c,13636.0,8549.0,1592.0,darrenfells/2540928,15773.0,26612.0,,2053740.0,FellDa01,,9758.0,8472.0,,26612.0,266414.0,15247.0,266414.0,Darren Fells,darren fells,2,3,35.0,0,0.0,0.0,22.0,21.0,2.0,1.1823043,0,1.5909091,0.10714286,0.16923077,0.27917582,,,,,,,,,,,,,,,,,REG,DET,BAL,Darren Fells,FellDa01,0.0,0.0,0.0,106.2
2021,REG,3,00-0031273,C.Brate,TE,TE,TB,12110,5afe93fd-0caf-4cca-83fc-7f405bebfa3e,13470.0,9207.0,2214.0,,17453.0,28267.0,,2132787.0,BratCa00,,10008.0,10193.0,,28267.0,552926.0,16593.0,552926.0,Cameron Brate,cameron brate,4,5,35.0,0,0.0,0.0,32.0,23.0,2.0,2.600795,0,1.09375,0.09259259,0.08311688,0.1970707,Cameron Brate,TB,7.087999999999999,4.437735871752762,4.958,6.780634573304158,80.0,35.0,0.0,5.615,4.577088400568485,1.0379115994315153,00-0031273,Cameron,Brate,C.Brate,REG,TB,LA,Cameron Brate,BratCa00,0.0,0.0,0.0,95.8
2021,REG,3,00-0036970,K.Pitts,TE,TE,ATL,15329,1f3deb24-9ff8-4769-8f42-825eff7742f6,20164.0,83964.0,7553.0,,4360248.0,33392.0,,2964514.0,PittKy00,kyle-pitts-1,15265.0,,1051.0,33392.0,0.0,,1123026.0,Kyle Pitts,kyle pitts,2,3,35.0,0,0.0,0.0,32.0,9.0,2.0,1.9309332,0,1.09375,0.083333336,0.21621622,0.27635136,,,,,,,,,,,,,,,,,REG,ATL,NYG,Kyle Pitts,PittKy00,0.0,0.0,0.0,106.2
2021,REG,3,00-0034364,J.Akins,TE,TE,HOU,13753,0cb5a32a-a340-4671-ba2a-93f5fa6aee8d,17415.0,47050.0,5032.0,,3128452.0,31068.0,,2142712.0,AkinJo00,jordan-akins-1,12568.0,13238.0,,31068.0,838396.0,19903.0,838396.0,Jordan Akins,jordan akins,4,5,32.0,0,0.0,0.0,22.0,14.0,2.0,0.5623628,0,1.4545455,0.2,0.11578947,0.38105264,Jordan Akins,HOU,6.4399999999999995,2.6692417469126477,4.56,11.889862327909881,80.0,32.0,0.0,3.360000000000001,2.973214206304874,0.3867857936951271,00-0034364,Jordan,Akins,J.Akins,REG,HOU,CAR,Jordan Akins,AkinJo00,1.0,1.0,0.2,93.3
2021,REG,3,00-0037005,T.Tremble,TE,TE,CAR,15332,cbee2fd3-e5f2-4316-bffd-531f1873f032,22795.0,84025.0,7694.0,,4372780.0,33471.0,,2969027.0,TremTo00,tommy-tremble-1,15371.0,,1054.0,33471.0,0.0,,1130555.0,Tommy Tremble,tommy tremble,1,1,30.0,0,0.0,0.0,25.0,5.0,1.0,2.8972297,0,1.2,0.030303031,0.09225092,0.11003019,,,,,,,,,,,,,,,,,REG,CAR,HOU,Tommy Tremble,TremTo00,0.0,0.0,0.0,118.7
2021,REG,3,00-0027061,J.Cook,TE,TE,LAC,9474,3b7a1409-d154-4e5c-8c94-9d4a0e0993c7,9265.0,5012.0,367.0,jaredcook/71265,12537.0,9353.0,6126.0,584314.0,CookJa02,jared-cook-2,5981.0,5165.0,,9353.0,296480.0,8534.0,296480.0,Jared Cook,jared cook,2,3,27.0,0,0.0,0.0,21.0,11.0,1.0,1.6522636,0,1.2857143,0.08571429,0.097222224,0.19662699,,,,,,,,,,,,,,,,,REG,LAC,KC,Jared Cook,CookJa02,0.0,1.0,0.333,95.1
2021,REG,3,00-0032141,G.Swaim,TE,TE,TEN,12378,d0f9112d-2496-450a-9fc5-d2d01b4d2454,14164.0,9679.0,2545.0,geoffswaim/2553454,3046704.0,28634.0,,2174207.0,SwaiGe00,geoff-swaim-1,10507.0,10617.0,,28634.0,728021.0,17005.0,728021.0,Geoff Swaim,geoff swaim,3,4,27.0,0,0.0,0.0,7.0,24.0,1.0,-0.46382293,0,3.857143,0.15384616,0.04117647,0.25959277,,,,,,,,,,,,,,,,,REG,TEN,IND,Geoff Swaim,SwaiGe00,0.0,1.0,0.25,92.7
2021,REG,3,00-0034011,D.Arnold,TE,TE,CAR,13880,d479a777-b53b-4bbf-a8e4-0c1675ac48df,17143.0,51842.0,4741.0,,4212989.0,30891.0,,2835170.0,ArnoDa00,,12276.0,12972.0,,30891.0,1053627.0,19659.0,1053627.0,Dan Arnold,dan arnold,2,4,23.0,0,0.0,0.0,39.0,8.0,1.0,1.1559286,0,0.5897436,0.121212125,0.14391144,0.28255618,,,,,,,,,,,,,,,,,REG,CAR,HOU,Dan Arnold,ArnoDa00,0.0,0.0,0.0,67.7
2021,REG,3,00-0036894,P.Freiermuth,TE,TE,PIT,15331,04f0fefe-9d9d-44f5-94ea-6df2a42df3c6,20163.0,84085.0,7600.0,,4361411.0,33443.0,,2961270.0,FreiPa00,pat-freiermuth-1,15267.0,,1053.0,33443.0,0.0,,1116662.0,Pat Freiermuth,pat freiermuth,3,5,22.0,1,0.0,0.0,47.0,9.0,3.0,2.2787712,0,0.4680851,0.0862069,0.14968152,0.23408741,Pat Freiermuth,PIT,5.56,2.0166248758541925,9.675999999999998,14.937170026860972,60.0,22.0,1.0,3.239999999999999,2.531784487384224,0.7082155126157748,00-0036894,Pat,Freiermuth,P.Freiermuth,REG,PIT,CIN,Pat Freiermuth,FreiPa00,0.0,1.0,0.2,110.0
2021,REG,3,00-0033881,E.Engram,TE,TE,NYG,13189,e21365af-8d66-416e-b0a5-8816d18fcfd9,16411.0,11778.0,4066.0,,3051876.0,30136.0,,2079887.0,EngrEv00,evan-engram-1,11805.0,12205.0,229.0,30136.0,749185.0,18912.0,749185.0,Evan Engram,evan engram,2,6,21.0,0,1.0,1.0,40.0,3.0,0.0,-4.2113447,0,0.525,0.17142858,0.16806723,0.37478992,Evan Engram,NYG,5.18,3.5625560570893504,6.756666666666668,16.720283758145676,33.33333333333333,21.0,0.0,1.6899999999999977,1.1616841616095712,0.5283158383904265,00-0033881,Evan,Engram,E.Engram,REG,NYG,ATL,Evan Engram,EngrEv00,0.0,0.0,0.0,44.4
2021,REG,3,00-0031558,M.Williams,TE,TE,ARI,12206,52f4a43a-64a9-4d69-a9e2-28bd60f68e49,13919.0,9488.0,2360.0,,2970726.0,28443.0,,1983769.0,WillMa04,maxx-williams-1,10128.0,10298.0,,28443.0,651658.0,16816.0,651658.0,Maxx Williams,maxx williams,3,3,19.0,0,0.0,0.0,12.0,7.0,1.0,1.2004126,0,1.5833334,0.0882353,0.045801528,0.164414,,,,,,,,,,,,,,,,,REG,ARI,JAX,Maxx Williams,WillMa04,0.0,0.0,0.0,93.1
2021,REG,3,00-0032392,A.Hooper,TE,TE,CLE,12677,90c2a93f-d837-4e1b-b57c-56648903a8db,15581.0,10715.0,3202.0,,3043275.0,29315.0,,2067004.0,HoopAu00,austin-hooper-1,10748.0,11301.0,384.0,29315.0,739424.0,17963.0,739424.0,Austin Hooper,austin hooper,2,3,19.0,1,0.0,0.0,23.0,0.0,1.0,2.6383333,0,0.82608694,0.10344828,0.07590759,0.20830773,,,,,,,,,,,,,,,,,REG,CLE,CHI,Austin Hooper,HoopAu00,0.0,0.0,0.0,123.6
2021,REG,3,00-0035329,D.Parham,TE,TE,LAC,14341,4f246e92-3d21-450f-977a-dc16892c7238,18835.0,91014.0,6074.0,,3912092.0,32456.0,,2183713.0,ParhDo00,,13602.0,14320.0,,32456.0,875649.0,20905.0,875649.0,Donald Parham,donald parham,1,1,19.0,0,0.0,0.0,12.0,7.0,1.0,1.5869231,0,1.5833334,0.028571429,0.055555556,0.081746034,,,,,,,,,,,,,,,,,REG,LAC,KC,Donald Parham,ParhDo00,0.0,0.0,0.0,118.7
2021,REG,3,00-0033387,J.Hollister,TE,TE,JAX,13391,ad2a1d03-020b-487a-bd5f-7ca9fbc250fe,16527.0,12051.0,4421.0,,3125404.0,30661.0,,2818962.0,HollJa03,,12271.0,12491.0,,30661.0,696882.0,19281.0,696882.0,Jacob Hollister,jacob hollister,2,6,15.0,0,0.0,0.0,59.0,3.0,0.0,-14.457344,0,0.2542373,0.1875,0.21532847,0.43197992,Jacob Hollister,JAX,5.55,2.7740101540942796,8.931666666666667,19.61064149010136,33.33333333333333,15.0,0.0,2.005000000000001,2.2470125413002506,-0.24201254130024985,00-0033387,Jacob,Hollister,J.Hollister,REG,JAX,ARI,Jacob Hollister,HollJa03,0.0,1.0,0.167,2.8
2021,REG,3,00-0035644,N.Fant,TE,TE,DEN,14137,cdc98acc-9eb6-4b44-81bb-61d7b8a3b55f,17527.0,42388.0,5857.0,,4036131.0,31852.0,,2251095.0,FantNo00,noah-fant-1,13426.0,14050.0,243.0,31852.0,923911.0,20753.0,923911.0,Noah Fant,noah fant,2,3,15.0,0,0.0,0.0,23.0,11.0,1.0,-1.0037212,0,0.65217394,0.125,0.12169312,0.2726852,,,,,,,,,,,,,,,,,REG,DEN,NYJ,Noah Fant,FantNo00,0.0,0.0,0.0,78.5
2021,REG,3,00-0033217,M.Alie-Cox,TE,TE,IND,13246,8809c0dd-786b-4255-a7d0-333c9498c19a,16579.0,12078.0,4054.0,moalie-cox/2558832,2998565.0,30112.0,,2815925.0,AlieMo00,,12196.0,12221.0,195.0,30112.0,712506.0,18900.0,712506.0,Mo Alie-Cox,mo alie-cox,2,2,14.0,0,0.0,0.0,-7.0,21.0,1.0,1.0259467,0,0.0,0.05882353,-0.032863848,0.0652306,,,,,,,,,,,,,,,,,REG,IND,TEN,Mo Alie-Cox,AlieMo00,0.0,0.0,0.0,95.8
2021,REG,3,00-0033658,B.Jarwin,TE,TE,DAL,13722,43e8a6ac-d451-4dbd-b145-797764f91494,16638.0,12320.0,4571.0,,2991767.0,30784.0,,2819999.0,JarwBl00,,12179.0,12507.0,,30784.0,711965.0,19457.0,711965.0,Blake Jarwin,blake jarwin,2,2,14.0,0,0.0,0.0,5.0,9.0,2.0,2.4118917,0,2.8,0.08,0.021008404,0.13470589,,,,,,,,,,,,,,,,,REG,DAL,PHI,Blake Jarwin,JarwBl00,0.0,0.0,0.0,95.8
2021,REG,3,00-0032214,T.Kroft,TE,TE,NYJ,12212,36f54823-9d51-4180-9c91-d10281deb4bf,13960.0,9518.0,2390.0,tylerkroft/2552586,2582410.0,28473.0,,1824200.0,KrofTy00,tyler-kroft-1,10247.0,10490.0,,28473.0,592268.0,16846.0,592268.0,Tyler Kroft,tyler kroft,2,2,12.0,0,0.0,0.0,11.0,1.0,1.0,1.382745,0,1.0909091,0.060606062,0.04074074,0.11942761,,,,,,,,,,,,,,,,,REG,NYJ,DEN,Tyler Kroft,KrofTy00,0.0,0.0,0.0,91.7
2021,REG,3,00-0033879,O.Howard,TE,TE,TB,13188,93ed8c6f-b676-46d3-bf82-6155e89b4a68,16380.0,11774.0,4055.0,,3043080.0,30132.0,,2061190.0,HowaO.00,oj-howard-1,11806.0,12161.0,,30132.0,732147.0,18901.0,732147.0,O.J. Howard,oj howard,1,1,11.0,0,0.0,0.0,4.0,7.0,1.0,0.70836735,0,2.75,0.018518519,0.01038961,0.035050504,,,,,,,,,,,,,,,,,REG,TB,LA,O.J. Howard,HowaO.00,1.0,0.0,0.0,112.5
2021,REG,3,00-0036290,C.Kmet,TE,TE,CHI,14867,036feeb6-9a22-43c5-a8e3-7ac611d8ff49,19229.0,60995.0,6826.0,,4258595.0,32713.0,,2868619.0,KmetCo00,cole-kmet-1,14436.0,,569.0,32713.0,0.0,21772.0,1066765.0,Cole Kmet,cole kmet,1,4,11.0,0,0.0,0.0,24.0,5.0,0.0,-2.4078135,0,0.45833334,0.2,0.21052632,0.4473684,,,,,,,,,,,,,,,,,REG,CHI,CLE,Cole Kmet,KmetCo00,0.0,0.0,0.0,39.6
2021,REG,3,00-0030181,J.Doyle,TE,TE,IND,11516,bd413539-9351-454e-9d61-4e8635d7e9f5,11987.0,8520.0,1706.0,jackdoyle/2540232,16504.0,27299.0,,2041264.0,DoylJa00,,9081.0,9075.0,,27299.0,477386.0,15602.0,477386.0,Jack Doyle,jack doyle,1,2,10.0,0,0.0,0.0,12.0,0.0,0.0,-0.487868,0,0.8333333,0.05882353,0.056338027,0.12767191,,,,,,,,,,,,,,,,,REG,IND,TEN,Jack Doyle,DoylJa00,0.0,1.0,0.5,64.6
2021,REG,3,00-0035229,T.Hockenson,TE,TE,DET,14138,bd1120b6-38b3-4225-a4b0-20660a149d0d,18290.0,40912.0,5844.0,,4036133.0,31840.0,,2251097.0,HockTJ00,tj-hockenson-1,13610.0,14051.0,247.0,31840.0,923915.0,20805.0,923915.0,T.J. Hockenson,tj hockenson,2,2,10.0,0,0.0,0.0,8.0,2.0,0.0,-0.25789186,0,1.25,0.071428575,0.06153846,0.15021978,,,,,,,,,,,,,,,,,REG,DET,BAL,T.J. Hockenson,HockTJ00,0.0,0.0,0.0,87.5
2021,REG,3,00-0034988,K.Smith,TE,TE,NYG,14142,7bb7f5e7-f00e-47d8-954d-90bf5baf4292,18293.0,40973.0,6146.0,,4044452.0,32008.0,,2251343.0,SmitKa00,kaden-smith-1,13516.0,14217.0,,32008.0,924018.0,20946.0,924018.0,Kaden Smith,kaden smith,1,1,9.0,0,0.0,0.0,5.0,4.0,0.0,0.48116952,0,1.8,0.028571429,0.021008404,0.057563026,,,,,,,,,,,,,,,,,REG,NYG,ATL,Kaden Smith,SmitKa00,0.0,0.0,0.0,104.2
2021,REG,3,00-0034981,F.Moreau,TE,TE,LV,14239,9c3a67fd-5c6e-4689-9e08-9ff6d4db6c9a,18397.0,47043.0,5985.0,,3843945.0,31969.0,,2180634.0,MoreFo00,foster-moreau-1,13822.0,14154.0,179.0,31969.0,865573.0,20884.0,865573.0,Foster Moreau,foster moreau,1,2,8.0,0,0.0,0.0,9.0,5.0,0.0,-12.31397,0,0.8888889,0.05,0.022332506,0.09063275,,,,,,,,,,,,,,,,,REG,LV,MIA,Foster Moreau,MoreFo00,0.0,0.0,0.0,20.8
2021,REG,3,00-0028097,L.Smith,TE,TE,ATL,10398,cf23126f-055b-4617-819b-bb4bcb84541a,9992.0,6311.0,812.0,leesmith/2495347,14215.0,24946.0,7585.0,1276441.0,SmitLe00,lee-smith-2,7425.0,6665.0,,24946.0,334184.0,12777.0,334184.0,Lee Smith,lee smith,3,3,7.0,1,0.0,0.0,2.0,5.0,1.0,0.18255374,0,3.5,0.083333336,0.013513514,0.13445947,,,,,,,,,,,,,,,,,REG,ATL,NYG,Lee Smith,SmitLe00,0.0,0.0,0.0,118.7
2021,REG,3,00-0031585,M.Pruitt,TE,TE,TEN,12309,f22b34cf-6ecf-4522-9c77-1da275dfda7d,13964.0,9576.0,2446.0,,2508256.0,28531.0,,1760327.0,PruiMy00,,10251.0,10522.0,,28531.0,552586.0,16903.0,552586.0,MyCole Pruitt,mycole pruitt,1,1,7.0,0,0.0,0.0,7.0,0.0,1.0,1.0451185,0,1.0,0.03846154,0.04117647,0.08651584,,,,,,,,,,,,,,,,,REG,TEN,IND,MyCole Pruitt,PruiMy00,0.0,0.0,0.0,95.8
2021,REG,3,00-0035547,J.Fortson,TE,TE,KC,15070,a01ffd42-5fdb-42f8-95ab-157025e3fba8,18831.0,94384.0,6665.0,,4408854.0,32600.0,,3117124.0,FortJo01,,14306.0,,,32600.0,0.0,21383.0,1167484.0,Jody Fortson,jody fortson,2,2,7.0,1,0.0,0.0,6.0,1.0,1.0,1.7683163,0,1.1666666,0.05,0.018126888,0.08768882,,,,,,,,,,,,,,,,,REG,KC,LAC,Joe Fortson,FortJo01,0.0,0.0,0.0,120.8
2021,REG,3,00-0032062,B.Bell,TE,TE,KC,12213,0cc4e449-185a-4b08-9f07-c907ad0c3e05,13966.0,9550.0,2422.0,,2514206.0,28505.0,,1737101.0,BellBl00,blake-bell-1,10248.0,10366.0,,28505.0,542871.0,16878.0,542871.0,Blake Bell,blake bell,1,1,6.0,0,0.0,0.0,-1.0,7.0,1.0,0.65653133,0,0.0,0.025,-0.003021148,0.035385195,,,,,,,,,,,,,,,,,REG,KC,LAC,Blake Bell,BellBl00,0.0,0.0,0.0,91.7
2021,REG,3,00-0033757,R.Tonyan,TE,TE,GB,13427,7c9c7800-69d0-459b-812b-a07ac48e9f2a,16502.0,12193.0,4602.0,,2975674.0,30777.0,,2820026.0,TonyRo00,,12389.0,12868.0,,30777.0,660151.0,19491.0,660151.0,Robert Tonyan,robert tonyan,1,1,6.0,0,0.0,0.0,-1.0,7.0,0.0,0.8252372,0,0.0,0.032258064,-0.0028248588,0.046409696,,,,,,,,,,,,,,,,,REG,GB,SF,Robert Tonyan,TonyRo00,0.0,0.0,0.0,91.7
2021,REG,3,00-0035249,J.Oliver,TE,TE,BAL,14209,dc83f7af-7b30-4c4a-9c93-f67bd8db954b,18487.0,47083.0,5973.0,,3921690.0,31901.0,,2184618.0,OlivJo00,josh-oliver-1,13786.0,14127.0,7.0,31901.0,881779.0,20899.0,881779.0,Josh Oliver,josh oliver,1,1,6.0,0,0.0,0.0,4.0,2.0,0.0,-0.2013563,0,1.5,0.037037037,0.007843138,0.06104575,,,,,,,,,,,,,,,,,REG,BAL,DET,Josh Oliver,OlivJo00,0.0,0.0,0.0,91.7
2021,REG,3,00-0036423,A.Okwuegbunam,TE,TE,DEN,14873,617aee8a-70be-4bdf-9a71-2e2b74e647e6,18246.0,41933.0,6843.0,,4035115.0,32788.0,,2245117.0,OkwuAl00,albert-okwuegbunam-1,14369.0,,,32788.0,0.0,21794.0,920077.0,Albert Okwuegbunam,albert okwuegbunam,1,1,6.0,0,0.0,0.0,3.0,3.0,0.0,0.05843838,0,2.0,0.041666668,0.015873017,0.07361111,,,,,,,,,,,,,,,,,REG,DEN,NYJ,Albert Okwuegbunam,OkwuAl00,0.0,0.0,0.0,91.7
2021,REG,3,00-0030108,R.Griffin,TE,TE,NYJ,11399,cb1df42c-b59c-4e23-a9a2-fbfc2b39ef71,11830.0,7982.0,1425.0,ryangriffin/2541316,15887.0,26824.0,,2057695.0,GrifRy00,ryan-griffin-1,8911.0,8600.0,,26824.0,465129.0,14985.0,465129.0,Ryan Griffin,ryan griffin,1,1,5.0,0,0.0,0.0,4.0,1.0,0.0,-0.5850966,0,1.25,0.030303031,0.014814815,0.055824917,,,,,,,,,,,,,,,,,REG,NYJ,DEN,Ryan Griffin,GrifRy00,0.0,0.0,0.0,87.5
2021,REG,3,00-0036637,N.Gray,TE,TE,KC,15337,c97dfcb6-b999-476f-8487-f3848e92df17,19539.0,60878.0,7828.0,,4240472.0,33550.0,,2866903.0,GrayNo00,noah-gray-1,15459.0,,1059.0,33550.0,0.0,,1056981.0,Noah Gray,noah gray,1,1,5.0,0,0.0,0.0,-3.0,8.0,0.0,0.08510016,0,0.0,0.025,-0.009063444,0.03115559,,,,,,,,,,,,,,,,,REG,KC,LAC,Noah Gray,GrayNo00,0.0,0.0,0.0,87.5
2021,REG,3,00-0033858,J.Smith,TE,TE,NE,13193,e4f25a37-74de-4bfb-b6c9-f50a4fab0b87,16460.0,11855.0,4144.0,,3054212.0,30213.0,,2081506.0,SmitJo01,jonnu-smith-1,11807.0,12344.0,84.0,30213.0,743749.0,18990.0,743749.0,Jonnu Smith,jonnu smith,1,6,4.0,0,0.0,0.0,50.0,8.0,0.0,-12.232084,0,0.08,0.11764706,0.07898894,0.23176284,Jonnu Smith,NE,4.804,3.062501936029014,7.166666666666667,6.948147429993375,16.666666666666664,4.0,0.0,8.819999999999993,7.798244144032083,1.0217558559679105,00-0033858,Jonnu,Smith,J.Smith,REG,NE,NO,Jonnu Smith,SmitJo01,0.0,2.0,0.333,0.0
2021,REG,3,00-0036332,J.Deguara,TE,TE,GB,14876,7874d188-0fcd-4af9-9289-27c27e2bbd16,19456.0,47034.0,7050.0,,3914151.0,32764.0,,2181108.0,DeguJo00,josiah-deguara-1,14629.0,,,32764.0,0.0,21798.0,866149.0,Josiah Deguara,josiah deguara,1,1,4.0,0,0.0,0.0,0.0,4.0,0.0,-0.22951394,0,0.0,0.032258064,0.0,0.048387095,,,,,,,,,,,,,,,,,REG,GB,SF,Josiah Deguara,DeguJo00,0.0,0.0,0.0,83.3
2021,REG,3,00-0036173,T.Hudson,TE,TE,TEN,15544,62d557bc-ee99-4703-83f8-e7b1ca0c89e7,19893.0,47412.0,7439.0,,3675550.0,33340.0,,3161130.0,,,15159.0,,,33340.0,0.0,22418.0,865636.0,Tommy Hudson,tommy hudson,1,2,3.0,0,0.0,0.0,-3.0,8.0,0.0,-4.5644464,0,0.0,0.07692308,-0.01764706,0.10303167,,,,,,,,,,,,,,,,,,,,,,,,,
2021,REG,3,00-0035308,T.Sweeney,TE,TE,BUF,14294,ec63ee49-3a03-44ca-a083-3916f0bccd76,18325.0,47216.0,6137.0,,3122818.0,32060.0,,2139106.0,SweeTo00,tommy-sweeney-1,13667.0,14287.0,,32060.0,836094.0,20957.0,836094.0,Tommy Sweeney,tommy sweeney,2,2,2.0,0,0.0,0.0,1.0,1.0,0.0,-0.64651114,0,2.0,0.046511628,0.0024752475,0.071500115,,,,,,,,,,,,,,,,,REG,BUF,WAS,Tommy Sweeney,SweeTo00,0.0,0.0,0.0,79.2
2021,REG,3,00-0027696,J.Graham,TE,TE,CHI,9925,fd85786d-3900-4dc0-9b30-334ee30413ed,9712.0,5619.0,616.0,jimmygraham/497236,13232.0,24070.0,6610.0,1691166.0,GrahJi00,jimmy-graham-1,6532.0,5842.0,,24070.0,295918.0,11488.0,295918.0,Jimmy Graham,jimmy graham,0,1,0.0,0,0.0,0.0,-4.0,0.0,0.0,-0.5263517,0,0.0,0.05,-0.03508772,0.050438598,,,,,,,,,,,,,,,,,REG,CHI,CLE,Jimmy Graham,GrahJi00,0.0,0.0,0.0,39.6
2021,REG,3,00-0031387,E.Ebron,TE,TE,PIT,11695,9fbcfae9-dd14-415c-8952-9b1b5dff0dfc,12143.0,8645.0,2118.0,ericebron/2543466,16732.0,27538.0,,1865396.0,EbroEr00,eric-ebron-1,9210.0,9390.0,,27538.0,605752.0,16451.0,605752.0,Eric Ebron,eric ebron,0,3,0.0,0,0.0,0.0,33.0,0.0,0.0,-2.3502479,0,0.0,0.05172414,0.10509554,0.15115309,,,,,,,,,,,,,,,,,REG,PIT,CIN,Eric Ebron,EbroEr00,0.0,1.0,0.333,39.6
2021,REG,3,00-0032134,C.Uzomah,TE,TE,CIN,12317,19858900-5c8e-49a7-ab02-34ef625724ca,14084.0,9590.0,2460.0,c.j.uzomah/2552559,2574576.0,28545.0,,2174118.0,UzomC.00,cj-uzomah-1,10462.0,10534.0,,28545.0,593305.0,16917.0,593305.0,C.J. Uzomah,cj uzomah,0,1,0.0,0,0.0,0.0,3.0,0.0,0.0,-0.4936407,0,0.0,0.055555556,0.01875,0.09645833,,,,,,,,,,,,,,,,,REG,CIN,PIT,C.J. Uzomah,UzomC.00,0.0,1.0,1.0,39.6
2021,REG,3,00-0034798,D.Smythe,TE,TE,MIA,13676,7e42a22a-c47b-4387-aeeb-2cc2e76dc1d8,17508.0,47257.0,5008.0,,3052897.0,31093.0,,2082845.0,SmytDu00,durham-smythe-1,12807.0,13249.0,,31093.0,749968.0,19943.0,749968.0,Durham Smythe,durham smythe,0,1,0.0,0,0.0,0.0,-3.0,0.0,0.0,-0.9324545,0,0.0,0.021276595,-0.008196721,0.026177188,,,,,,,,,,,,,,,,,REG,MIA,LV,Durham Smythe,SmytDu00,0.0,0.0,0.0,39.6
2021,REG,3,00-0034830,H.Hurst,TE,TE,ATL,13680,1b125fc4-5dd9-4eb9-a42f-048e61ca42b7,17283.0,47294.0,4973.0,,3924365.0,30995.0,,2185053.0,HursHa00,hayden-hurst-1,12467.0,13098.0,8.0,30995.0,881956.0,19843.0,881956.0,Hayden Hurst,hayden hurst,0,1,0.0,0,0.0,0.0,5.0,0.0,0.0,-0.7117278,0,0.0,0.027777778,0.033783782,0.06531531,,,,,,,,,,,,,,,,,REG,ATL,NYG,Hayden Hurst,HursHa00,0.0,0.0,0.0,39.6
2021,REG,3,00-0036040,J.Johnson,TE,TE,NO,14861,0226b03b-f91d-4223-9813-9fcd2e9c3acc,19562.0,28305.0,7002.0,,3929645.0,33113.0,,2186637.0,JohnJu02,,14630.0,,575.0,33113.0,0.0,21738.0,884609.0,Juwan Johnson,juwan johnson,0,1,0.0,0,0.0,0.0,25.0,0.0,0.0,-0.5543467,0,0.0,0.05,0.12195122,0.16036585,,,,,,,,,,,,,,,,,REG,NO,NE,Juwan Johnson,JohnJu02,0.0,0.0,0.0,39.6
2021,REG,3,00-0036232,H.Bryant,TE,TE,CLE,14875,f58a5899-8b78-46e8-a29a-ba6273b7d872,19389.0,26394.0,6850.0,,4040774.0,32785.0,,2241240.0,BryaHa00,harrison-bryant-1,14576.0,,752.0,32785.0,0.0,21783.0,916467.0,Harrison Bryant,harrison bryant,0,2,0.0,0,0.0,0.0,46.0,0.0,0.0,-2.6332753,0,0.0,0.06896552,0.15181518,0.2097189,,,,,,,,,,,,,,,,,REG,CLE,CHI,Harrison Bryant,BryaHa00,0.0,0.0,0.0,39.6
2021,REG,3,00-0036422,A.Trautman,TE,TE,NO,14870,4e14183b-f974-4745-9d7f-8f5eb2a92a7d,19423.0,109795.0,6869.0,,3911853.0,32775.0,,2182228.0,TrauAd00,,14541.0,,566.0,32775.0,0.0,21786.0,875444.0,Adam Trautman,adam trautman,0,1,0.0,0,0.0,0.0,4.0,0.0,0.0,-0.474431,0,0.0,0.05,0.019512195,0.088658534,,,,,,,,,,,,,,,,,REG,NO,NE,Adam Trautman,TrauAd00,0.0,0.0,0.0,39.6
2021,REG,3,00-0036887,L.Farrell,TE,TE,JAX,15335,8a1f0e8e-6521-4a94-9934-ad4f76a25fd9,19501.0,42353.0,7842.0,,4040612.0,33533.0,,2260977.0,FarrLu00,luke-farrell-1,15566.0,,,33533.0,0.0,,946541.0,Luke Farrell,luke farrell,1,1,-1.0,0,1.0,0.0,3.0,-4.0,0.0,-0.7814367,0,-0.33333334,0.03125,0.010948905,0.054539233,,,,,,,,,,,,,,,,,REG,JAX,ARI,Luke Farrell,FarrLu00,0.0,0.0,0.0,79.2
2021,REG,4,00-0032134,C.Uzomah,TE,TE,CIN,12317,19858900-5c8e-49a7-ab02-34ef625724ca,14084.0,9590.0,2460.0,c.j.uzomah/2552559,2574576.0,28545.0,,2174118.0,UzomC.00,cj-uzomah-1,10462.0,10534.0,,28545.0,593305.0,16917.0,593305.0,C.J. Uzomah,cj uzomah,5,6,95.0,2,0.0,0.0,36.0,66.0,4.0,7.8736696,0,2.6388888,0.1875,0.15319149,0.38848403,C.J. Uzomah,CIN,5.843999999999999,3.752660229301446,6.160000000000001,14.72099414505915,83.33333333333334,95.0,2.0,13.303999999999998,6.850160647502707,6.453839352497291,00-0032134,Christopher,Uzomah,C.Uzomah,REG,CIN,JAX,C.J. Uzomah,UzomC.00,1.0,0.0,0.0,158.3
2021,REG,4,00-0027061,J.Cook,TE,TE,LAC,9474,3b7a1409-d154-4e5c-8c94-9d4a0e0993c7,9265.0,5012.0,367.0,jaredcook/71265,12537.0,9353.0,6126.0,584314.0,CookJa02,jared-cook-2,5981.0,5165.0,,9353.0,296480.0,8534.0,296480.0,Jared Cook,jared cook,6,7,70.0,1,0.0,0.0,65.0,21.0,5.0,10.537245,0,1.0769231,0.18421052,0.21311475,0.42549613,Jared Cook,LAC,7.598571428571428,3.812101574371508,9.29142857142857,23.346973939263403,85.71428571428571,70.0,1.0,4.353333333333334,5.193624642250597,-0.840291308917263,00-0027061,Jared,Cook,J.Cook,REG,LAC,LV,Jared Cook,CookJa02,0.0,0.0,0.0,147.9
2021,REG,4,00-0034753,M.Andrews,TE,TE,BAL,13671,0618f387-9b72-4270-8b8f-dec4cccc9e4a,17269.0,47436.0,5012.0,,3116365.0,31056.0,,2131121.0,AndrMa00,mark-andrews-1,12559.0,13182.0,366.0,31056.0,820699.0,19803.0,820699.0,Mark Andrews,mark andrews,5,8,67.0,0,0.0,0.0,69.0,7.0,5.0,3.0906649,0,0.9710145,0.22857143,0.16995074,0.46182266,Mark Andrews,BAL,7.875,2.4824872520310253,9.34,18.45393924425784,62.5,67.0,0.0,1.6399999999999992,1.649273191660572,-0.009273191660572833,00-0034753,Mark,Andrews,M.Andrews,REG,BAL,DEN,Mark Andrews,AndrMa00,0.0,0.0,0.0,89.1
2021,REG,4,00-0031558,M.Williams,TE,TE,ARI,12206,52f4a43a-64a9-4d69-a9e2-28bd60f68e49,13919.0,9488.0,2360.0,,2970726.0,28443.0,,1983769.0,WillMa04,maxx-williams-1,10128.0,10298.0,,28443.0,651658.0,16816.0,651658.0,Maxx Williams,maxx williams,5,5,66.0,1,0.0,0.0,19.0,47.0,3.0,7.046641,0,3.4736843,0.1724138,0.096938774,0.32647783,Maxx Williams,ARI,5.029999999999999,5.037684891927042,4.143999999999999,11.658789106459597,100.0,66.0,1.0,9.288,8.665183782961503,0.6228162170384977,00-0031558,Maxx,Williams,M.Williams,REG,ARI,LA,Maxx Williams,WillMa04,0.0,0.0,0.0,158.3
2021,REG,4,00-0030061,Z.Ertz,TE,TE,PHI,11247,de3421f7-2147-4835-89a5-724e87bad463,11689.0,7816.0,1339.0,zachertz/2540158,15835.0,26658.0,,1685963.0,ErtzZa00,zach-ertz-1,8781.0,8409.0,305.0,26658.0,503177.0,14856.0,503177.0,Zach Ertz,zach ertz,6,8,60.0,0,0.0,0.0,59.0,29.0,2.0,1.2559766,0,1.0169492,0.18181819,0.17824773,0.3975007,Zach Ertz,PHI,7.930000000000001,2.684662799436423,7.87875,17.919485983965426,75.0,60.0,0.0,5.405000000000001,3.6141167569169093,1.7908832430830919,00-0030061,Zachary,Ertz,Z.Ertz,REG,PHI,KC,Zach Ertz,ErtzZa00,1.0,1.0,0.125,95.8
2021,REG,4,00-0034383,D.Schultz,TE,TE,DAL,13772,8caec1b4-e0b6-4a84-b8c8-617d6e91ef6a,17349.0,47304.0,5001.0,,3117256.0,31107.0,,2136748.0,SchuDa00,dalton-schultz-1,12514.0,13198.0,487.0,31107.0,830523.0,19920.0,830523.0,Dalton Schultz,dalton schultz,6,8,58.0,1,0.0,0.0,14.0,45.0,3.0,2.7826028,0,4.142857,0.36363637,0.089171976,0.60787493,Dalton Schultz,DAL,4.8462499999999995,5.178387409365938,2.0562499999999986,9.626075253086777,75.0,58.0,1.0,7.835000000000001,9.976931612513454,-2.141931612513453,00-0034383,Dalton,Schultz,D.Schultz,REG,DAL,CAR,Dalton Schultz,SchuDa00,0.0,0.0,0.0,134.4
2021,REG,4,00-0034829,M.Gesicki,TE,TE,MIA,13672,1012cbe0-7eba-4169-bfca-183a0204e1a7,17272.0,47153.0,4993.0,,3116164.0,31012.0,,2139298.0,GesiMi00,mike-gesicki-1,12764.0,13104.0,330.0,31012.0,836152.0,19853.0,836152.0,Mike Gesicki,mike gesicki,5,6,57.0,1,0.0,0.0,57.0,10.0,3.0,4.614182,0,1.0,0.2,0.24782608,0.47347826,Mike Gesicki,MIA,6.7275,4.580160531834418,8.635000000000003,21.928302365937288,83.33333333333334,57.0,1.0,3.1279999999999974,3.1326501792860655,-0.004650179286068035,00-0034829,Michael,Gesicki,M.Gesicki,REG,MIA,IND,Mike Gesicki,GesiMi00,0.0,0.0,0.0,145.8
2021,REG,4,00-0034351,D.Goedert,TE,TE,PHI,13674,e8029983-87cf-49a2-bc04-04c8233a0630,17270.0,47272.0,5022.0,,3121023.0,31019.0,,2132551.0,GoedDa00,,12860.0,13151.0,382.0,31019.0,791365.0,19863.0,791365.0,Dallas Goedert,dallas goedert,5,5,56.0,1,1.0,0.0,30.0,26.0,4.0,4.6425204,0,1.8666667,0.11363637,0.09063444,0.23389865,Dallas Goedert,PHI,5.42,4.788784916489609,6.551999999999998,9.31369761755842,100.0,56.0,1.0,5.338,4.621139729492972,0.7168602705070279,00-0034351,Dallas,Goedert,D.Goedert,REG,PHI,KC,Dallas Goedert,GoedDa00,0.0,0.0,0.0,152.9
2021,REG,4,00-0031610,D.Waller,TE,TE,LV,12263,14c97c9f-26e8-4944-9299-f90de6aeada3,14104.0,9637.0,2505.0,,2576925.0,28592.0,,1850793.0,WallDa01,darren-waller-1,10215.0,10433.0,,28592.0,600191.0,16964.0,600191.0,Darren Waller,darren waller,4,7,50.0,1,0.0,0.0,67.0,10.0,4.0,0.8285551,0,0.74626863,0.21875,0.23103449,0.48984915,Darren Waller,LV,4.344,3.1828398087673486,10.437142857142858,25.87476979742173,57.14285714285714,50.0,1.0,2.7424999999999997,3.0901683324134126,-0.3476683324134129,00-0031610,Darren,Waller,D.Waller,REG,LV,LAC,Darren Waller,WallDa01,0.0,1.0,0.143,79.5
2021,REG,4,00-0036970,K.Pitts,TE,TE,ATL,15329,1f3deb24-9ff8-4769-8f42-825eff7742f6,20164.0,83964.0,7553.0,,4360248.0,33392.0,,2964514.0,PittKy00,kyle-pitts-1,15265.0,,1051.0,33392.0,0.0,,1123026.0,Kyle Pitts,kyle pitts,4,9,50.0,0,0.0,0.0,86.0,9.0,3.0,1.8540739,0,0.5813953,0.225,0.21287128,0.4865099,Kyle Pitts,ATL,6.442857142857142,1.3469733905094887,9.675555555555555,20.095539196455356,44.44444444444444,50.0,0.0,2.6350000000000007,2.3239442608399488,0.3110557391600519,00-0036970,Kyle,Pitts,K.Pitts,REG,ATL,WAS,Kyle Pitts,PittKy00,0.0,0.0,0.0,62.3
2021,REG,4,00-0035644,N.Fant,TE,TE,DEN,14137,cdc98acc-9eb6-4b44-81bb-61d7b8a3b55f,17527.0,42388.0,5857.0,,4036131.0,31852.0,,2251095.0,FantNo00,noah-fant-1,13426.0,14050.0,243.0,31852.0,923911.0,20753.0,923911.0,Noah Fant,noah fant,6,10,46.0,1,0.0,0.0,53.0,33.0,3.0,1.1587512,0,0.8679245,0.27027026,0.14929578,0.50991243,Noah Fant,DEN,4.013333333333334,3.897407234491817,4.475,13.19008459339169,60.0,46.0,1.0,6.030000000000001,6.97448835297276,-0.9444883529727592,00-0035644,Noah,Fant,N.Fant,REG,DEN,BAL,Noah Fant,FantNo00,0.0,0.0,0.0,104.6
2021,REG,4,00-0033217,M.Alie-Cox,TE,TE,IND,13246,8809c0dd-786b-4255-a7d0-333c9498c19a,16579.0,12078.0,4054.0,moalie-cox/2558832,2998565.0,30112.0,,2815925.0,AlieMo00,,12196.0,12221.0,195.0,30112.0,712506.0,18900.0,712506.0,Mo Alie-Cox,mo alie-cox,3,5,42.0,2,0.0,0.0,61.0,10.0,3.0,6.724119,0,0.6885246,0.15625,0.21631205,0.38579345,Mo Alie-Cox,IND,5.248,3.342390180994047,14.094,24.931894569255263,60.0,42.0,2.0,3.7900000000000014,1.5657568700650397,2.224243129934962,00-0033217,Mo,Alie-Cox,M.Alie-Cox,REG,IND,MIA,Mo Alie-Cox,AlieMo00,0.0,0.0,0.0,126.7
2021,REG,4,00-0035229,T.Hockenson,TE,TE,DET,14138,bd1120b6-38b3-4225-a4b0-20660a149d0d,18290.0,40912.0,5844.0,,4036133.0,31840.0,,2251097.0,HockTJ00,tj-hockenson-1,13610.0,14051.0,247.0,31840.0,923915.0,20805.0,923915.0,T.J. Hockenson,tj hockenson,4,8,42.0,0,0.0,0.0,68.0,28.0,2.0,-1.1243484,0,0.61764705,0.21621622,0.20858896,0.4703366,T.J. Hockenson,DET,5.801428571428572,3.4381991973663775,7.8237499999999995,19.43004377114829,50.0,42.0,0.0,7.442500000000001,6.870965630649266,0.5715343693507347,00-0035229,Thomas,Hockenson,T.Hockenson,REG,DET,CHI,T.J. Hockenson,HockTJ00,1.0,0.0,0.0,65.6
2021,REG,4,00-0033288,G.Kittle,TE,TE,SF,13299,2ada91b0-036e-454f-83c3-6d939ff584a9,16499.0,11901.0,4217.0,,3040151.0,30259.0,,2818265.0,KittGe00,george-kittle-1,11892.0,12276.0,298.0,30259.0,733672.0,19063.0,733672.0,George Kittle,george kittle,4,10,40.0,0,0.0,0.0,92.0,22.0,2.0,-5.6001873,0,0.4347826,0.25641027,0.259887,0.5665363,George Kittle,SF,9.010000000000002,3.1120432058057297,9.508999999999999,24.8011267311755,40.0,40.0,0.0,5.337500000000002,4.3536868800511,0.983813119948902,00-0033288,George,Kittle,G.Kittle,REG,SF,SEA,George Kittle,KittGe00,1.0,0.0,0.0,12.5
2021,REG,4,00-0035689,D.Knox,TE,TE,BUF,14143,5fb525c5-4e70-4ede-8c49-94ad0cf66b7d,18631.0,35883.0,5906.0,,3930086.0,31928.0,,2186345.0,KnoxDa00,dawson-knox-1,13466.0,13953.0,88.0,31928.0,884083.0,20850.0,884083.0,Dawson Knox,dawson knox,5,8,37.0,2,0.0,0.0,41.0,28.0,2.0,1.5909256,0,0.902439,0.2580645,0.15129152,0.49300084,Dawson Knox,BUF,4.211428571428571,3.908745923955361,4.602499999999998,13.492616072410124,62.5,37.0,2.0,5.490000000000001,5.936679314245612,-0.44667931424561047,00-0035689,Dawson,Knox,D.Knox,REG,BUF,HOU,Dawson Knox,KnoxDa00,0.0,0.0,0.0,113.0
2021,REG,4,00-0033110,T.Higbee,TE,TE,LA,12678,0df7912d-9e81-47ea-b4f7-d04986df4ee8,15623.0,10744.0,3271.0,,2573401.0,29344.0,,1853103.0,HigbTy00,tyler-higbee-1,10854.0,11430.0,159.0,29344.0,604176.0,18032.0,604176.0,Tyler Higbee,tyler higbee,4,6,36.0,0,0.0,0.0,46.0,14.0,1.0,-3.5429666,0,0.7826087,0.14634146,0.1299435,0.31047264,Tyler Higbee,LAR,4.945,2.2468105771799673,7.823333333333334,13.241558295015377,66.66666666666666,36.0,0.0,3.5149999999999997,3.2237170855031536,0.29128291449684607,00-0033110,Tyler,Higbee,T.Higbee,REG,LA,ARI,Tyler Higbee,HigbTy00,0.0,0.0,0.0,82.6
2021,REG,4,00-0032725,S.Anderson,TE,TE,LAC,12859,5cb0bf9c-03b4-4201-97c5-a59c6db50841,15760.0,11160.0,3496.0,,2576854.0,29789.0,,1880821.0,AndeSt01,,10885.0,11556.0,,29789.0,607660.0,18262.0,607660.0,Stephen Anderson,stephen anderson,1,1,34.0,0,0.0,0.0,12.0,22.0,1.0,1.9751285,0,2.8333333,0.02631579,0.039344262,0.067014664,,,,,,,,,,,,,,,,,REG,LAC,LV,Stephen Anderson,AndeSt01,0.0,0.0,0.0,118.7
2021,REG,4,00-0033090,H.Henry,TE,TE,NE,12676,705899da-3c20-4bc3-b5d0-2e6e40655131,15561.0,10669.0,3214.0,,3046439.0,29269.0,,2079848.0,HenrHu00,hunter-henry-1,10735.0,11299.0,212.0,29269.0,744425.0,17975.0,744425.0,Hunter Henry,hunter henry,4,5,32.0,1,0.0,0.0,32.0,7.0,1.0,2.5378067,0,1.0,0.11904762,0.14746544,0.28179723,Hunter Henry,NE,6.498,1.8374990614604094,5.775999999999999,13.260480279168002,80.0,32.0,1.0,2.3975000000000004,2.4422525861406825,-0.044752586140682116,00-0033090,Hunter,Henry,H.Henry,REG,NE,TB,Hunter Henry,HenrHu00,1.0,0.0,0.0,132.9
2021,REG,4,00-0031273,C.Brate,TE,TE,TB,12110,5afe93fd-0caf-4cca-83fc-7f405bebfa3e,13470.0,9207.0,2214.0,,17453.0,28267.0,,2132787.0,BratCa00,,10008.0,10193.0,,28267.0,552926.0,16593.0,552926.0,Cameron Brate,cameron brate,2,6,29.0,0,0.0,0.0,84.0,8.0,2.0,-1.1651436,0,0.3452381,0.13953489,0.18300654,0.3374069,Cameron Brate,TB,5.664,2.5722451461570337,14.011666666666668,17.748268873501097,33.33333333333333,29.0,0.0,4.574999999999996,3.889428454136578,0.685571545863418,00-0031273,Cameron,Brate,C.Brate,REG,TB,NE,Cameron Brate,BratCa00,0.0,1.0,0.167,50.0
2021,REG,4,00-0034011,D.Arnold,TE,TE,JAX,13880,d479a777-b53b-4bbf-a8e4-0c1675ac48df,17143.0,51842.0,4741.0,,4212989.0,30891.0,,2835170.0,ArnoDa00,,12276.0,12972.0,,30891.0,1053627.0,19659.0,1053627.0,Dan Arnold,dan arnold,2,2,29.0,0,0.0,0.0,0.0,29.0,2.0,2.045399,0,0.0,0.09090909,0.0,0.13636364,,,,,,,,,,,,,,,,,REG,JAX,CIN,Dan Arnold,ArnoDa00,1.0,0.0,0.0,118.7
2021,REG,4,00-0034830,H.Hurst,TE,TE,ATL,13680,1b125fc4-5dd9-4eb9-a42f-048e61ca42b7,17283.0,47294.0,4973.0,,3924365.0,30995.0,,2185053.0,HursHa00,hayden-hurst-1,12467.0,13098.0,8.0,30995.0,881956.0,19843.0,881956.0,Hayden Hurst,hayden hurst,4,4,29.0,0,1.0,0.0,15.0,14.0,1.0,1.5894154,0,1.9333333,0.1,0.037128713,0.1759901,,,,,,,,,,,,,,,,,REG,ATL,WAS,Hayden Hurst,HursHa00,0.0,0.0,0.0,96.9
2021,REG,4,00-0033881,E.Engram,TE,TE,NYG,13189,e21365af-8d66-416e-b0a5-8816d18fcfd9,16411.0,11778.0,4066.0,,3051876.0,30136.0,,2079887.0,EngrEv00,evan-engram-1,11805.0,12205.0,229.0,30136.0,749185.0,18912.0,749185.0,Evan Engram,evan engram,5,6,27.0,0,0.0,0.0,18.0,11.0,0.0,-2.2892168,0,1.5,0.16666667,0.061643835,0.2931507,Evan Engram,NYG,6.044,2.225535631295543,3.2800000000000007,5.728757313771723,83.33333333333334,27.0,0.0,1.8419999999999994,3.825630565918601,-1.9836305659186018,00-0033881,Evan,Engram,E.Engram,REG,NYG,NO,Evan Engram,EngrEv00,0.0,1.0,0.167,85.4
2021,REG,4,00-0027981,K.Rudolph,TE,TE,NYG,10312,1059e9dc-97df-4643-9116-883a0573d8b1,9906.0,6195.0,943.0,kylerudolph/2495438,14054.0,24830.0,7444.0,1633122.0,RudoKy00,kyle-rudolph-1,7246.0,6459.0,,24830.0,469472.0,13275.0,469472.0,Kyle Rudolph,kyle rudolph,2,3,24.0,0,0.0,0.0,16.0,13.0,1.0,0.07392094,0,1.5,0.083333336,0.05479452,0.16335617,,,,,,,,,,,,,,,,,REG,NYG,NO,Kyle Rudolph,RudoKy00,0.0,0.0,0.0,91.0
2021,REG,4,00-0030181,J.Doyle,TE,TE,IND,11516,bd413539-9351-454e-9d61-4e8635d7e9f5,11987.0,8520.0,1706.0,jackdoyle/2540232,16504.0,27299.0,,2041264.0,DoylJa00,,9081.0,9075.0,,27299.0,477386.0,15602.0,477386.0,Jack Doyle,jack doyle,1,1,24.0,0,0.0,0.0,24.0,0.0,1.0,2.1813376,0,1.0,0.03125,0.08510638,0.10644947,,,,,,,,,,,,,,,,,REG,IND,MIA,Jack Doyle,DoylJa00,0.0,0.0,0.0,118.7
2021,REG,4,00-0030506,T.Kelce,TE,TE,KC,11244,c3859e06-5f23-4302-a71b-04820a899d5f,11594.0,7844.0,1466.0,traviskelce/2540258,15847.0,26686.0,,1725130.0,KelcTr00,travis-kelce-1,8783.0,8411.0,264.0,26686.0,448240.0,15048.0,448240.0,Travis Kelce,travis kelce,4,6,23.0,0,0.0,0.0,23.0,17.0,2.0,-3.0578024,0,1.0,0.2,0.10502283,0.373516,Travis Kelce,KC,4.055,1.863027672940845,3.516666666666668,10.342123321243019,66.66666666666666,23.0,0.0,4.549999999999999,3.9881558271712265,0.5618441728287724,00-0030506,Travis,Kelce,T.Kelce,REG,KC,PHI,Travis Kelce,KelcTr00,0.0,1.0,0.167,34.0
2021,REG,4,00-0033455,A.Firkser,TE,TE,TEN,13919,b0719e3d-199b-46e5-a2b4-1091f6fd5c0d,16787.0,51837.0,4435.0,,3049698.0,30571.0,,2818971.0,FirkAn00,,12235.0,12691.0,,30571.0,767297.0,19296.0,767297.0,Anthony Firkser,anthony firkser,3,5,23.0,0,0.0,0.0,36.0,8.0,1.0,0.8291357,0,0.6388889,0.10204082,0.091603056,0.21718337,Anthony Firkser,TEN,8.986666666666666,2.5115281239734077,7.102000000000001,9.340066808700914,60.0,23.0,0.0,2.0433333333333312,1.778571339663775,0.2647619936695562,00-0033455,Anthony,Firkser,A.Firkser,REG,TEN,NYJ,Anthony Firkser,FirkAn00,0.0,2.0,0.4,71.2
2021,REG,4,00-0034073,R.Dwelley,TE,TE,SF,13988,70473218-5ae3-47b4-86fd-151e68f1e8b9,17886.0,20994.0,5285.0,,3120303.0,31329.0,,2924888.0,DwelRo00,,13030.0,13522.0,,31329.0,752665.0,20361.0,752665.0,Ross Dwelley,ross dwelley,1,1,21.0,1,0.0,0.0,21.0,0.0,1.0,2.389344,0,1.0,0.025641026,0.059322033,0.07998696,,,,,,,,,,,,,,,,,REG,SF,SEA,Ross Dwelley,DwelRo00,0.0,0.0,0.0,158.3
2021,REG,4,00-0036040,J.Johnson,TE,TE,NO,14861,0226b03b-f91d-4223-9813-9fcd2e9c3acc,19562.0,28305.0,7002.0,,3929645.0,33113.0,,2186637.0,JohnJu02,,14630.0,,575.0,33113.0,0.0,21738.0,884609.0,Juwan Johnson,juwan johnson,2,3,20.0,1,0.0,0.0,20.0,0.0,2.0,2.7630386,0,1.0,0.115384616,0.103626944,0.24561578,,,,,,,,,,,,,,,,,REG,NO,NYG,Juwan Johnson,JohnJu02,0.0,0.0,0.0,125.0
2021,REG,4,00-0033611,R.Seals-Jones,TE,TE,WAS,13382,52735659-a294-4f64-a7f4-3591450834e5,16730.0,12020.0,4531.0,,3051806.0,30494.0,,2080003.0,SealRi00,,11876.0,12463.0,,30494.0,744568.0,19410.0,744568.0,Ricky Seals-Jones,ricky seals-jones,2,4,19.0,0,0.0,0.0,31.0,20.0,1.0,-1.1937007,0,0.61290324,0.121212125,0.10508475,0.2553775,,,,,,,,,,,,,,,,,REG,WAS,ATL,Ricky Seals-Jones,SealRi00,1.0,1.0,0.25,63.5
2021,REG,4,00-0033658,B.Jarwin,TE,TE,DAL,13722,43e8a6ac-d451-4dbd-b145-797764f91494,16638.0,12320.0,4571.0,,2991767.0,30784.0,,2819999.0,JarwBl00,,12179.0,12507.0,,30784.0,711965.0,19457.0,711965.0,Blake Jarwin,blake jarwin,1,3,18.0,1,0.0,0.0,23.0,11.0,1.0,-1.0586735,0,0.7826087,0.13636364,0.14649682,0.30709323,,,,,,,,,,,,,,,,,REG,DAL,CAR,Blake Jarwin,JarwBl00,0.0,0.0,0.0,94.4
2021,REG,4,00-0034270,T.Conklin,TE,TE,MIN,13675,f0d17dfa-ebf3-416c-a8d2-c6bc30675103,17598.0,47327.0,5133.0,,3915486.0,31220.0,,2165249.0,ConkTy00,tyler-conklin-1,12809.0,13220.0,489.0,31127.0,861278.0,19988.0,861278.0,Tyler Conklin,tyler conklin,4,6,18.0,0,0.0,0.0,3.0,15.0,1.0,-2.9821088,0,6.0,0.16666667,0.010238908,0.25716725,Tyler Conklin,MIN,9.319999999999999,3.7248062332212393,0.7616666666666667,1.598181500262284,66.66666666666666,18.0,0.0,3.362499999999999,4.011908321803993,-0.6494083218039943,00-0034270,Tyler,Conklin,T.Conklin,REG,MIN,CLE,Tyler Conklin,ConkTy00,0.0,1.0,0.167,70.1
2021,REG,4,00-0033885,D.Njoku,TE,TE,CLE,13192,8f86fcea-90e8-49ea-bc78-5c7659313e57,16399.0,11784.0,4033.0,,3123076.0,30142.0,,2136474.0,NjokDa00,david-njoku-1,11734.0,12186.0,252.0,30142.0,832098.0,18876.0,832098.0,David Njoku,david njoku,2,2,17.0,0,0.0,0.0,0.0,17.0,1.0,1.7562419,0,0.0,0.06451613,0.0,0.09677419,,,,,,,,,,,,,,,,,REG,CLE,MIN,David Njoku,NjokDa00,0.0,0.0,0.0,102.1
2021,REG,4,00-0035329,D.Parham,TE,TE,LAC,14341,4f246e92-3d21-450f-977a-dc16892c7238,18835.0,91014.0,6074.0,,3912092.0,32456.0,,2183713.0,ParhDo00,,13602.0,14320.0,,32456.0,875649.0,20905.0,875649.0,Donald Parham,donald parham,2,3,17.0,1,0.0,0.0,8.0,13.0,2.0,2.5902662,0,2.125,0.078947365,0.026229508,0.1367817,,,,,,,,,,,,,,,,,REG,LAC,LV,Donald Parham,ParhDo00,0.0,0.0,0.0,120.8
2021,REG,4,00-0034365,I.Thomas,TE,TE,CAR,13678,ed8a8fd2-df67-45e7-a34f-984afb82f6ea,17387.0,42130.0,4995.0,,4045305.0,31071.0,,2253359.0,ThomIa00,ian-thomas-3,12858.0,13163.0,323.0,31071.0,943093.0,19910.0,943093.0,Ian Thomas,ian thomas,3,3,15.0,0,0.0,0.0,-1.0,16.0,1.0,-0.2231655,0,0.0,0.07692308,-0.00295858,0.11331361,,,,,,,,,,,,,,,,,REG,CAR,DAL,Ian Thomas,ThomIa00,0.0,0.0,0.0,87.5
2021,REG,4,00-0031585,M.Pruitt,TE,TE,TEN,12309,f22b34cf-6ecf-4522-9c77-1da275dfda7d,13964.0,9576.0,2446.0,,2508256.0,28531.0,,1760327.0,PruiMy00,,10251.0,10522.0,,28531.0,552586.0,16903.0,552586.0,MyCole Pruitt,mycole pruitt,1,1,14.0,0,0.0,0.0,-6.0,20.0,1.0,0.84085,1,0.0,0.020408163,-0.015267176,0.019925222,,,,,,,,,,,,,,,,,REG,TEN,NYJ,MyCole Pruitt,PruiMy00,0.0,0.0,0.0,118.7
2021,REG,4,00-0033858,J.Smith,TE,TE,NE,13193,e4f25a37-74de-4bfb-b6c9-f50a4fab0b87,16460.0,11855.0,4144.0,,3054212.0,30213.0,,2081506.0,SmitJo01,jonnu-smith-1,11807.0,12344.0,84.0,30213.0,743749.0,18990.0,743749.0,Jonnu Smith,jonnu smith,3,5,14.0,1,0.0,0.0,2.0,20.0,2.0,-0.60217184,0,7.0,0.11904762,0.00921659,0.18502304,Jonnu Smith,NE,3.55,3.787983032621331,3.219999999999999,7.392442260893517,60.0,14.0,1.0,6.836666666666669,6.2470302156834805,0.5896364509831882,00-0033858,Jonnu,Smith,J.Smith,REG,NE,TB,Jonnu Smith,SmitJo01,0.0,0.0,0.0,104.2
2021,REG,4,00-0036173,T.Hudson,TE,TE,TEN,15544,62d557bc-ee99-4703-83f8-e7b1ca0c89e7,19893.0,47412.0,7439.0,,3675550.0,33340.0,,3161130.0,,,15159.0,,,33340.0,0.0,22418.0,865636.0,Tommy Hudson,tommy hudson,1,1,14.0,0,0.0,0.0,12.0,2.0,1.0,0.97211975,0,1.1666666,0.020408163,0.030534351,0.051986292,,,,,,,,,,,,,,,,,,,,,,,,,
2021,REG,4,00-0032392,A.Hooper,TE,TE,CLE,12677,90c2a93f-d837-4e1b-b57c-56648903a8db,15581.0,10715.0,3202.0,,3043275.0,29315.0,,2067004.0,HoopAu00,austin-hooper-1,10748.0,11301.0,384.0,29315.0,739424.0,17963.0,739424.0,Austin Hooper,austin hooper,1,5,11.0,0,0.0,0.0,15.0,14.0,1.0,0.843268,0,0.73333335,0.16129032,0.046875,0.274748,Austin Hooper,CLE,6.7475000000000005,2.6385340819334813,3.197999999999998,5.03083312358419,20.0,11.0,0.0,14.450000000000003,13.733319837127056,0.7166801628729473,00-0032392,Austin,Hooper,A.Hooper,REG,CLE,MIN,Austin Hooper,HoopAu00,0.0,0.0,0.0,39.6
2021,REG,4,00-0036423,A.Okwuegbunam,TE,TE,DEN,14873,617aee8a-70be-4bdf-9a71-2e2b74e647e6,18246.0,41933.0,6843.0,,4035115.0,32788.0,,2245117.0,OkwuAl00,albert-okwuegbunam-1,14369.0,,,32788.0,0.0,21794.0,920077.0,Albert Okwuegbunam,albert okwuegbunam,1,2,11.0,0,0.0,0.0,42.0,3.0,1.0,0.3624329,0,0.26190478,0.054054055,0.118309855,0.16389798,,,,,,,,,,,,,,,,,REG,DEN,BAL,Albert Okwuegbunam,OkwuAl00,0.0,0.0,0.0,66.7
2021,REG,4,00-0036894,P.Freiermuth,TE,TE,PIT,15331,04f0fefe-9d9d-44f5-94ea-6df2a42df3c6,20163.0,84085.0,7600.0,,4361411.0,33443.0,,2961270.0,FreiPa00,pat-freiermuth-1,15267.0,,1053.0,33443.0,0.0,,1116662.0,Pat Freiermuth,pat freiermuth,1,1,11.0,0,0.0,0.0,10.0,1.0,1.0,1.5252731,0,1.1,0.025641026,0.034722224,0.062767096,,,,,,,,,,,,,,,,,REG,PIT,GB,Pat Freiermuth,FreiPa00,0.0,0.0,0.0,112.5
2021,REG,4,00-0035222,Z.Gentry,TE,TE,PIT,14240,58f18567-a050-49c4-aeca-b34499338b37,18690.0,36049.0,6018.0,,3929924.0,31973.0,,2185708.0,GentZa00,zach-gentry-2,13511.0,14247.0,,31973.0,883079.0,20770.0,883079.0,Zach Gentry,zach gentry,1,1,10.0,0,0.0,0.0,6.0,4.0,0.0,0.8151395,0,1.6666666,0.025641026,0.020833334,0.05304487,,,,,,,,,,,,,,,,,REG,PIT,GB,Zach Gentry,GentZa00,0.0,0.0,0.0,108.3
2021,REG,4,00-0033246,J.Mundt,TE,TE,LA,13940,6414998b-5831-44aa-8bd8-39e42a323c2c,16743.0,12206.0,4314.0,,3052096.0,30373.0,,2818622.0,MundJo00,,12316.0,12525.0,,30373.0,740704.0,19165.0,740704.0,Johnny Mundt,johnny mundt,1,1,9.0,0,0.0,0.0,7.0,2.0,1.0,1.3462373,0,1.2857143,0.024390243,0.01977401,0.050427172,,,,,,,,,,,,,,,,,REG,LA,ARI,Johnny Mundt,MundJo00,0.0,0.0,0.0,104.2
2021,REG,4,00-0030108,R.Griffin,TE,TE,NYJ,11399,cb1df42c-b59c-4e23-a9a2-fbfc2b39ef71,11830.0,7982.0,1425.0,ryangriffin/2541316,15887.0,26824.0,,2057695.0,GrifRy00,ryan-griffin-1,8911.0,8600.0,,26824.0,465129.0,14985.0,465129.0,Ryan Griffin,ryan griffin,1,4,8.0,0,0.0,0.0,29.0,6.0,0.0,-1.7909688,0,0.27586207,0.11764706,0.09090909,0.24010696,,,,,,,,,,,,,,,,,REG,NYJ,TEN,Ryan Griffin,GrifRy00,0.0,0.0,0.0,39.6
2021,REG,4,00-0031387,E.Ebron,TE,TE,PIT,11695,9fbcfae9-dd14-415c-8952-9b1b5dff0dfc,12143.0,8645.0,2118.0,ericebron/2543466,16732.0,27538.0,,1865396.0,EbroEr00,eric-ebron-1,9210.0,9390.0,,27538.0,605752.0,16451.0,605752.0,Eric Ebron,eric ebron,2,2,8.0,0,0.0,0.0,6.0,2.0,1.0,0.85365814,0,1.3333334,0.051282052,0.020833334,0.09150641,,,,,,,,,,,,,,,,,REG,PIT,GB,Eric Ebron,EbroEr00,0.0,0.0,0.0,83.3
2021,REG,4,00-0033757,R.Tonyan,TE,TE,GB,13427,7c9c7800-69d0-459b-812b-a07ac48e9f2a,16502.0,12193.0,4602.0,,2975674.0,30777.0,,2820026.0,TonyRo00,,12389.0,12868.0,,30777.0,660151.0,19491.0,660151.0,Robert Tonyan,robert tonyan,2,7,8.0,0,0.0,0.0,83.0,3.0,0.0,-3.9330003,0,0.09638554,0.2,0.25776398,0.48043478,Robert Tonyan,GB,6.243333333333333,1.8060322233080992,11.487142857142857,26.11647016791711,28.57142857142857,8.0,0.0,1.7949999999999982,2.0791876043831508,-0.2841876043831526,00-0033757,Robert,Tonyan,R.Tonyan,REG,GB,PIT,Robert Tonyan,TonyRo00,0.0,0.0,0.0,39.6
2021,REG,4,00-0024243,M.Lewis,TE,TE,GB,8269,9c21e9af-681c-41ef-9b00-fbc9e1668ed1,9413.0,2973.0,111.0,marcedeslewis/2495888,9614.0,7777.0,4007.0,415313.0,LewiMa00,marcedes-lewis-1,4891.0,3615.0,,7777.0,214197.0,3061.0,214197.0,Marcedes Lewis,marcedes lewis,1,2,7.0,0,0.0,0.0,31.0,5.0,0.0,-0.43449873,0,0.22580644,0.057142857,0.096273296,0.15310559,,,,,,,,,,,,,,,,,REG,GB,PIT,Marcedes Lewis,LewiMa00,0.0,0.0,0.0,58.3
2021,REG,4,00-0031484,C.Manhertz,TE,TE,JAX,12955,7c7b5515-7786-4e24-9ce0-34e6a8bd5727,14014.0,10211.0,3048.0,,2531358.0,28365.0,,2167520.0,ManhCh00,,10033.0,10295.0,,28365.0,563293.0,17762.0,563293.0,Chris Manhertz,chris manhertz,1,1,7.0,0,0.0,0.0,4.0,3.0,0.0,0.38395673,0,1.75,0.045454547,0.020304568,0.08239502,,,,,,,,,,,,,,,,,REG,JAX,CIN,Chris Manhertz,ManhCh00,0.0,0.0,0.0,95.8
2021,REG,4,00-0036887,L.Farrell,TE,TE,JAX,15335,8a1f0e8e-6521-4a94-9934-ad4f76a25fd9,19501.0,42353.0,7842.0,,4040612.0,33533.0,,2260977.0,FarrLu00,luke-farrell-1,15566.0,,,33533.0,0.0,,946541.0,Luke Farrell,luke farrell,1,1,7.0,0,0.0,0.0,4.0,3.0,0.0,0.43110675,0,1.75,0.045454547,0.020304568,0.08239502,,,,,,,,,,,,,,,,,REG,JAX,CIN,Luke Farrell,FarrLu00,0.0,0.0,0.0,95.8
2021,REG,4,00-0033439,P.Brown,TE,TE,HOU,13994,6733b953-de77-44e5-acbf-c2d3a0940243,16937.0,12247.0,4443.0,,2971281.0,30627.0,,2819155.0,BrowPh01,,11887.0,12737.0,,30627.0,689689.0,19304.0,689689.0,Pharaoh Brown,pharaoh brown,1,2,6.0,0,0.0,0.0,9.0,1.0,0.0,-4.7605734,0,0.6666667,0.1,0.05142857,0.186,,,,,,,,,,,,,,,,,REG,HOU,BUF,Pharaoh Brown,BrowPh01,0.0,0.0,0.0,16.7
2021,REG,4,00-0034798,D.Smythe,TE,TE,MIA,13676,7e42a22a-c47b-4387-aeeb-2cc2e76dc1d8,17508.0,47257.0,5008.0,,3052897.0,31093.0,,2082845.0,SmytDu00,durham-smythe-1,12807.0,13249.0,,31093.0,749968.0,19943.0,749968.0,Durham Smythe,durham smythe,2,2,6.0,0,0.0,0.0,-1.0,7.0,0.0,-0.70228535,0,0.0,0.06666667,-0.004347826,0.09695652,,,,,,,,,,,,,,,,,REG,MIA,IND,Durham Smythe,SmytDu00,0.0,0.0,0.0,79.2
2021,REG,4,00-0036290,C.Kmet,TE,TE,CHI,14867,036feeb6-9a22-43c5-a8e3-7ac611d8ff49,19229.0,60995.0,6826.0,,4258595.0,32713.0,,2868619.0,KmetCo00,cole-kmet-1,14436.0,,569.0,32713.0,0.0,21772.0,1066765.0,Cole Kmet,cole kmet,1,3,6.0,0,0.0,0.0,63.0,0.0,0.0,-1.1447574,0,0.0952381,0.1764706,0.27155173,0.45479208,,,,,,,,,,,,,,,,,REG,CHI,DET,Cole Kmet,KmetCo00,0.0,0.0,0.0,42.4
2021,REG,4,00-0033387,J.Hollister,TE,TE,JAX,13391,ad2a1d03-020b-487a-bd5f-7ca9fbc250fe,16527.0,12051.0,4421.0,,3125404.0,30661.0,,2818962.0,HollJa03,,12271.0,12491.0,,30661.0,696882.0,19281.0,696882.0,Jacob Hollister,jacob hollister,1,1,5.0,0,0.0,0.0,3.0,2.0,0.0,0.1010714,0,1.6666666,0.045454547,0.015228426,0.078841716,,,,,,,,,,,,,,,,,REG,JAX,CIN,Jacob Hollister,HollJa03,0.0,0.0,0.0,87.5
2021,REG,4,00-0034159,W.Dissly,TE,TE,SEA,13763,383f4814-6836-4766-a297-fc063e8509cc,18049.0,30762.0,5010.0,,3127292.0,31090.0,,2139628.0,DissWi00,will-dissly-1,12986.0,13246.0,86.0,31090.0,837806.0,19950.0,837806.0,Will Dissly,will dissly,2,2,5.0,0,1.0,0.0,-7.0,12.0,0.0,-0.9859343,0,0.0,0.09090909,-0.056,0.09716364,,,,,,,,,,,,,,,,,REG,SEA,SF,Will Dissly,DissWi00,0.0,0.0,0.0,79.2
2021,REG,4,00-0034364,J.Akins,TE,TE,HOU,13753,0cb5a32a-a340-4671-ba2a-93f5fa6aee8d,17415.0,47050.0,5032.0,,3128452.0,31068.0,,2142712.0,AkinJo00,jordan-akins-1,12568.0,13238.0,,31068.0,838396.0,19903.0,838396.0,Jordan Akins,jordan akins,1,1,4.0,0,1.0,1.0,5.0,-1.0,0.0,-5.1644373,0,0.8,0.05,0.028571429,0.095,,,,,,,,,,,,,,,,,REG,HOU,BUF,Jordan Akins,AkinJo00,0.0,0.0,0.0,83.3
2021,REG,4,00-0036232,H.Bryant,TE,TE,CLE,14875,f58a5899-8b78-46e8-a29a-ba6273b7d872,19389.0,26394.0,6850.0,,4040774.0,32785.0,,2241240.0,BryaHa00,harrison-bryant-1,14576.0,,752.0,32785.0,0.0,21783.0,916467.0,Harrison Bryant,harrison bryant,1,2,3.0,0,0.0,0.0,29.0,0.0,0.0,-1.073541,0,0.10344828,0.06451613,0.090625,0.1602117,,,,,,,,,,,,,,,,,REG,CLE,MIN,Harrison Bryant,BryaHa00,0.0,0.0,0.0,56.2
2021,REG,4,00-0036422,A.Trautman,TE,TE,NO,14870,4e14183b-f974-4745-9d7f-8f5eb2a92a7d,19423.0,109795.0,6869.0,,3911853.0,32775.0,,2182228.0,TrauAd00,,14541.0,,566.0,32775.0,0.0,21786.0,875444.0,Adam Trautman,adam trautman,1,1,3.0,0,0.0,0.0,1.0,2.0,1.0,0.786468,0,3.0,0.03846154,0.005181347,0.06131925,,,,,,,,,,,,,,,,,REG,NO,NYG,Adam Trautman,TrauAd00,0.0,0.0,0.0,79.2
2021,REG,4,00-0036876,K.Granson,TE,TE,IND,15419,bcc0167c-05fd-4b23-981e-60b8784ceb33,22841.0,40630.0,7602.0,,4039160.0,33515.0,,2247146.0,GranKy00,kylen-granson-1,15245.0,,1119.0,33515.0,0.0,,921050.0,Kylen Granson,kylen granson,1,2,3.0,0,0.0,0.0,5.0,1.0,0.0,-0.8956977,0,0.6,0.0625,0.017730497,0.10616135,,,,,,,,,,,,,,,,,REG,IND,MIA,Kylen Granson,GranKy00,0.0,0.0,0.0,56.2
2021,REG,4,00-0035547,J.Fortson,TE,TE,KC,15070,a01ffd42-5fdb-42f8-95ab-157025e3fba8,18831.0,94384.0,6665.0,,4408854.0,32600.0,,3117124.0,FortJo01,,14306.0,,,32600.0,0.0,21383.0,1167484.0,Jody Fortson,jody fortson,1,1,2.0,1,0.0,0.0,1.0,1.0,1.0,1.606818,0,2.0,0.033333335,0.00456621,0.05319635,,,,,,,,,,,,,,,,,REG,KC,PHI,Joe Fortson,FortJo01,0.0,0.0,0.0,118.7
2021,REG,4,00-0032141,G.Swaim,TE,TE,TEN,12378,d0f9112d-2496-450a-9fc5-d2d01b4d2454,14164.0,9679.0,2545.0,geoffswaim/2553454,3046704.0,28634.0,,2174207.0,SwaiGe00,geoff-swaim-1,10507.0,10617.0,,28634.0,728021.0,17005.0,728021.0,Geoff Swaim,geoff swaim,0,1,0.0,0,0.0,0.0,14.0,0.0,0.0,-0.6650725,0,0.0,0.020408163,0.03562341,0.05554863,,,,,,,,,,,,,,,,,REG,TEN,NYJ,Geoff Swaim,SwaiGe00,0.0,0.0,0.0,39.6
2021,REG,4,00-0032214,T.Kroft,TE,TE,NYJ,12212,36f54823-9d51-4180-9c91-d10281deb4bf,13960.0,9518.0,2390.0,tylerkroft/2552586,2582410.0,28473.0,,1824200.0,KrofTy00,tyler-kroft-1,10247.0,10490.0,,28473.0,592268.0,16846.0,592268.0,Tyler Kroft,tyler kroft,0,1,0.0,0,0.0,0.0,13.0,0.0,0.0,-0.7118431,0,0.0,0.029411765,0.04075235,0.07264429,,,,,,,,,,,,,,,,,REG,NYJ,TEN,Tyler Kroft,KrofTy00,0.0,0.0,0.0,39.6
2021,REG,4,00-0033879,O.Howard,TE,TE,TB,13188,93ed8c6f-b676-46d3-bf82-6155e89b4a68,16380.0,11774.0,4055.0,,3043080.0,30132.0,,2061190.0,HowaO.00,oj-howard-1,11806.0,12161.0,,30132.0,732147.0,18901.0,732147.0,O.J. Howard,oj howard,0,1,0.0,0,0.0,0.0,4.0,0.0,0.0,-1.7401388,0,0.0,0.023255814,0.008714597,0.040983938,,,,,,,,,,,,,,,,,REG,TB,NE,O.J. Howard,HowaO.00,0.0,0.0,0.0,39.6
2021,REG,4,00-0033896,A.Shaheen,TE,TE,MIA,13254,87171077-4c1c-4b67-b159-2cc6242988e0,16457.0,11800.0,4085.0,,4198676.0,30158.0,,2818105.0,ShahAd00,,11898.0,12283.0,,30158.0,1049770.0,18931.0,1049770.0,Adam Shaheen,adam shaheen,0,1,0.0,0,0.0,0.0,11.0,0.0,0.0,-1.68524,0,0.0,0.033333335,0.047826085,0.083478265,,,,,,,,,,,,,,,,,REG,MIA,IND,Adam Shaheen,ShahAd00,0.0,0.0,0.0,39.6
2021,REG,4,00-0034735,C.McElroy,TE,TE,TB,14351,225d9e5e-598c-4b32-9c74-d7df2018500c,17914.0,66966.0,5269.0,,3951441.0,31732.0,,2927083.0,,,13341.0,13863.0,,31732.0,901152.0,20314.0,901152.0,Codey McElroy,codey mcelroy,0,1,0.0,0,0.0,0.0,11.0,0.0,0.0,-0.74048203,0,0.0,0.023255814,0.02396514,0.05165932,,,,,,,,,,,,,,,,,,,,,,,,,
2021,REG,4,00-0035249,J.Oliver,TE,TE,BAL,14209,dc83f7af-7b30-4c4a-9c93-f67bd8db954b,18487.0,47083.0,5973.0,,3921690.0,31901.0,,2184618.0,OlivJo00,josh-oliver-1,13786.0,14127.0,7.0,31901.0,881779.0,20899.0,881779.0,Josh Oliver,josh oliver,0,1,0.0,0,0.0,0.0,19.0,0.0,0.0,-0.86720717,0,0.0,0.028571429,0.046798028,0.07561576,,,,,,,,,,,,,,,,,REG,BAL,DEN,Josh Oliver,OlivJo00,0.0,0.0,0.0,39.6
2021,REG,4,00-0035259,T.Wesco,TE,TE,NYJ,14231,f6c34178-e063-444b-96b3-df6b3cf66419,18567.0,42018.0,6181.0,,4039253.0,31953.0,,2243366.0,WescTr00,trevon-wesco-1,13828.0,14224.0,,31953.0,919456.0,20977.0,919456.0,Trevon Wesco,trevon wesco,0,1,0.0,0,0.0,0.0,0.0,0.0,0.0,-0.2798709,0,,0.029411765,0.0,0.04411765,,,,,,,,,,,,,,,,,REG,NYJ,TEN,Trevon Wesco,WescTr00,0.0,0.0,0.0,39.6
2021,REG,4,00-0036637,N.Gray,TE,TE,KC,15337,c97dfcb6-b999-476f-8487-f3848e92df17,19539.0,60878.0,7828.0,,4240472.0,33550.0,,2866903.0,GrayNo00,noah-gray-1,15459.0,,1059.0,33550.0,0.0,,1056981.0,Noah Gray,noah gray,0,1,0.0,0,0.0,0.0,6.0,0.0,0.0,-0.91825813,0,0.0,0.033333335,0.02739726,0.06917808,,,,,,,,,,,,,,,,,REG,KC,PHI,Noah Gray,GrayNo00,0.0,0.0,0.0,39.6
2021,REG,4,00-0036825,F.Franks,TE,TE,ATL,15244,79a849be-0552-4da9-89ff-11d20a7a764a,20081.0,40217.0,7531.0,,4034948.0,33729.0,,2221829.0,,,15324.0,,,33729.0,0.0,,910377.0,Feleipe Franks,feleipe franks,0,0,0.0,0,0.0,0.0,0.0,0.0,0.0,,0,,,,,,,,,,,,,,,,,,,,,,,,,,,,,
2021,REG,4,00-0037005,T.Tremble,TE,TE,CAR,15332,cbee2fd3-e5f2-4316-bffd-531f1873f032,22795.0,84025.0,7694.0,,4372780.0,33471.0,,2969027.0,TremTo00,tommy-tremble-1,15371.0,,1054.0,33471.0,0.0,,1130555.0,Tommy Tremble,tommy tremble,0,1,0.0,0,0.0,0.0,39.0,0.0,0.0,-0.79399234,0,0.0,0.025641026,0.115384616,0.11923077,,,,,,,,,,,,,,,,,REG,CAR,DAL,Tommy Tremble,TremTo00,0.0,0.0,0.0,39.6
2021,REG,5,00-0033885,D.Njoku,TE,TE,CLE,13192,8f86fcea-90e8-49ea-bc78-5c7659313e57,16399.0,11784.0,4033.0,,3123076.0,30142.0,,2136474.0,NjokDa00,david-njoku-1,11734.0,12186.0,252.0,30142.0,832098.0,18876.0,832098.0,David Njoku,david njoku,7,7,149.0,1,0.0,0.0,42.0,107.0,4.0,10.23604,0,3.547619,0.2413793,0.15969582,0.47385603,David Njoku,CLE,4.014,3.8513449285043384,5.411428571428571,15.099453900426512,100.0,149.0,1.0,15.874285714285715,8.283074142077437,7.5912115722082785,00-0033885,David,Njoku,D.Njoku,REG,CLE,LAC,David Njoku,NjokDa00,1.0,0.0,0.0,158.3
2021,REG,5,00-0034753,M.Andrews,TE,TE,BAL,13671,0618f387-9b72-4270-8b8f-dec4cccc9e4a,17269.0,47436.0,5012.0,,3116365.0,31056.0,,2131121.0,AndrMa00,mark-andrews-1,12559.0,13182.0,366.0,31056.0,820699.0,19803.0,820699.0,Mark Andrews,mark andrews,11,13,147.0,2,0.0,0.0,108.0,49.0,8.0,11.43115,2,1.3611112,0.30232558,0.35064936,0.6989429,Mark Andrews,BAL,7.008181818181819,3.4405405086316287,8.173076923076923,35.735907439795504,84.61538461538461,147.0,2.0,4.89,4.219006471963135,0.6709935280368651,00-0034753,Mark,Andrews,M.Andrews,REG,BAL,IND,Mark Andrews,AndrMa00,1.0,1.0,0.077,153.4
2021,REG,5,00-0036970,K.Pitts,TE,TE,ATL,15329,1f3deb24-9ff8-4769-8f42-825eff7742f6,20164.0,83964.0,7553.0,,4360248.0,33392.0,,2964514.0,PittKy00,kyle-pitts-1,15265.0,,1051.0,33392.0,0.0,,1123026.0,Kyle Pitts,kyle pitts,9,10,119.0,1,0.0,0.0,106.0,19.0,6.0,9.216993,0,1.1226416,0.22222222,0.31547618,0.5541667,Kyle Pitts,ATL,5.626666666666668,1.6239413156027596,10.153,32.03647608229206,90.0,119.0,1.0,3.2022222222222223,2.6311850010243885,0.5710372211978338,00-0036970,Kyle,Pitts,K.Pitts,REG,ATL,NYJ,Kyle Pitts,PittKy00,0.0,0.0,0.0,149.6
2021,REG,5,00-0035689,D.Knox,TE,TE,BUF,14143,5fb525c5-4e70-4ede-8c49-94ad0cf66b7d,18631.0,35883.0,5906.0,,3930086.0,31928.0,,2186345.0,KnoxDa00,dawson-knox-1,13466.0,13953.0,88.0,31928.0,884083.0,20850.0,884083.0,Dawson Knox,dawson knox,3,4,117.0,1,0.0,0.0,106.0,20.0,3.0,8.735097,0,1.1037736,0.16666667,0.3557047,0.49899328,,,,,,,,,,,,,,,,,REG,BUF,KC,Dawson Knox,KnoxDa00,0.0,0.0,0.0,156.2
2021,REG,5,00-0034383,D.Schultz,TE,TE,DAL,13772,8caec1b4-e0b6-4a84-b8c8-617d6e91ef6a,17349.0,47304.0,5001.0,,3117256.0,31107.0,,2136748.0,SchuDa00,dalton-schultz-1,12514.0,13198.0,487.0,31107.0,830523.0,19920.0,830523.0,Dalton Schultz,dalton schultz,6,8,79.0,0,0.0,0.0,76.0,20.0,3.0,4.2488914,0,1.0394737,0.25,0.26480836,0.56036586,Dalton Schultz,DAL,5.9433333333333325,2.994963222046775,9.248749999999998,25.346853482237673,75.0,79.0,0.0,3.595000000000001,2.0642549717318275,1.5307450282681736,00-0034383,Dalton,Schultz,D.Schultz,REG,DAL,NYG,Dalton Schultz,SchuDa00,0.0,1.0,0.125,105.7
2021,REG,5,00-0033090,H.Henry,TE,TE,NE,12676,705899da-3c20-4bc3-b5d0-2e6e40655131,15561.0,10669.0,3214.0,,3046439.0,29269.0,,2079848.0,HenrHu00,hunter-henry-1,10735.0,11299.0,212.0,29269.0,744425.0,17975.0,744425.0,Hunter Henry,hunter henry,6,8,75.0,1,0.0,0.0,81.0,22.0,5.0,6.4825053,0,0.9259259,0.2857143,0.35682818,0.67835116,Hunter Henry,NE,6.009999999999999,3.654300811561793,9.901250000000001,36.00781889262661,75.0,75.0,1.0,4.7299999999999995,4.673446602948843,0.05655339705115647,00-0033090,Hunter,Henry,H.Henry,REG,NE,HOU,Hunter Henry,HenrHu00,0.0,0.0,0.0,143.2
2021,REG,5,00-0034011,D.Arnold,TE,TE,JAX,13880,d479a777-b53b-4bbf-a8e4-0c1675ac48df,17143.0,51842.0,4741.0,,4212989.0,30891.0,,2835170.0,ArnoDa00,,12276.0,12972.0,,30891.0,1053627.0,19659.0,1053627.0,Dan Arnold,dan arnold,6,8,64.0,0,1.0,1.0,63.0,27.0,3.0,-7.1598754,0,1.0158731,0.24242425,0.25099602,0.5393336,Dan Arnold,JAX,2.802,2.6897407369820803,7.866249999999999,20.30720578269708,75.0,64.0,0.0,5.005000000000002,4.504475043578054,0.5005249564219474,00-0034011,Daniel,Arnold,D.Arnold,REG,JAX,TEN,Dan Arnold,ArnoDa00,1.0,0.0,0.0,97.9
2021,REG,5,00-0030506,T.Kelce,TE,TE,KC,11244,c3859e06-5f23-4302-a71b-04820a899d5f,11594.0,7844.0,1466.0,traviskelce/2540258,15847.0,26686.0,,1725130.0,KelcTr00,travis-kelce-1,8783.0,8411.0,264.0,26686.0,448240.0,15048.0,448240.0,Travis Kelce,travis kelce,6,10,57.0,1,0.0,0.0,104.0,19.0,4.0,-0.9409849,0,0.5480769,0.2,0.33876222,0.5371336,Travis Kelce,KC,4.748571428571429,3.0826543007672607,10.389,32.93390394674274,60.0,57.0,1.0,2.716666666666667,2.5643877317425754,0.1522789349240914,00-0030506,Travis,Kelce,T.Kelce,REG,KC,BUF,Travis Kelce,KelcTr00,3.0,0.0,0.0,109.2
2021,REG,5,00-0033881,E.Engram,TE,TE,NYG,13189,e21365af-8d66-416e-b0a5-8816d18fcfd9,16411.0,11778.0,4066.0,,3051876.0,30136.0,,2079887.0,EngrEv00,evan-engram-1,11805.0,12205.0,229.0,30136.0,749185.0,18912.0,749185.0,Evan Engram,evan engram,4,4,55.0,0,0.0,0.0,41.0,14.0,4.0,4.3271227,0,1.3414634,0.10810811,0.10485934,0.2355637,,,,,,,,,,,,,,,,,REG,NYG,DAL,Evan Engram,EngrEv00,0.0,0.0,0.0,118.7
2021,REG,5,00-0033217,M.Alie-Cox,TE,TE,IND,13246,8809c0dd-786b-4255-a7d0-333c9498c19a,16579.0,12078.0,4054.0,moalie-cox/2558832,2998565.0,30112.0,,2815925.0,AlieMo00,,12196.0,12221.0,195.0,30112.0,712506.0,18900.0,712506.0,Mo Alie-Cox,mo alie-cox,3,4,50.0,0,0.0,0.0,44.0,12.0,2.0,4.2817774,0,1.1363636,0.11764706,0.22,0.3304706,,,,,,,,,,,,,,,,,REG,IND,BAL,Mo Alie-Cox,AlieMo00,0.0,0.0,0.0,116.7
2021,REG,5,00-0031610,D.Waller,TE,TE,LV,12263,14c97c9f-26e8-4944-9299-f90de6aeada3,14104.0,9637.0,2505.0,,2576925.0,28592.0,,1850793.0,WallDa01,darren-waller-1,10215.0,10433.0,,28592.0,600191.0,16964.0,600191.0,Darren Waller,darren waller,4,8,45.0,0,0.0,0.0,75.0,33.0,1.0,-0.42736667,0,0.6,0.22857143,0.23510972,0.50743395,Darren Waller,LV,4.8028571428571425,6.327666701368508,9.176250000000001,24.2397226349678,50.0,45.0,0.0,8.7675,8.574470872357836,0.1930291276421645,00-0031610,Darren,Waller,D.Waller,REG,LV,CHI,Darren Waller,WallDa01,0.0,1.0,0.125,67.2
2021,REG,5,00-0034829,M.Gesicki,TE,TE,MIA,13672,1012cbe0-7eba-4169-bfca-183a0204e1a7,17272.0,47153.0,4993.0,,3116164.0,31012.0,,2139298.0,GesiMi00,mike-gesicki-1,12764.0,13104.0,330.0,31012.0,836152.0,19853.0,836152.0,Mike Gesicki,mike gesicki,4,7,43.0,0,0.0,0.0,71.0,17.0,2.0,1.7668796,0,0.6056338,0.17948718,0.284,0.46803078,Mike Gesicki,MIA,7.42,3.0267417260217746,8.374285714285715,24.769711822868253,57.14285714285714,43.0,0.0,4.407499999999999,4.992603361284694,-0.5851033612846948,00-0034829,Michael,Gesicki,M.Gesicki,REG,MIA,TB,Mike Gesicki,GesiMi00,1.0,0.0,0.0,75.3
2021,REG,5,00-0036422,A.Trautman,TE,TE,NO,14870,4e14183b-f974-4745-9d7f-8f5eb2a92a7d,19423.0,109795.0,6869.0,,3911853.0,32775.0,,2182228.0,TrauAd00,,14541.0,,566.0,32775.0,0.0,21786.0,875444.0,Adam Trautman,adam trautman,2,2,43.0,0,0.0,0.0,26.0,17.0,2.0,2.5235608,0,1.6538461,0.071428575,0.07602339,0.16035923,,,,,,,,,,,,,,,,,REG,NO,WAS,Adam Trautman,TrauAd00,0.0,0.0,0.0,118.7
2021,REG,5,00-0033611,R.Seals-Jones,TE,TE,WAS,13382,52735659-a294-4f64-a7f4-3591450834e5,16730.0,12020.0,4531.0,,3051806.0,30494.0,,2080003.0,SealRi00,,11876.0,12463.0,,30494.0,744568.0,19410.0,744568.0,Ricky Seals-Jones,ricky seals-jones,5,9,41.0,0,0.0,0.0,39.0,19.0,2.0,-0.7820063,0,1.051282,0.2195122,0.09798995,0.39786127,Ricky Seals-Jones,WAS,7.1116666666666655,2.2459113329504703,5.621111111111109,12.710735911158006,55.55555555555556,41.0,0.0,3.9540000000000033,3.548427467841852,0.40557253215815114,00-0033611,Roderick,Seals-Jones,R.Seals-Jones,REG,WAS,NO,Ricky Seals-Jones,SealRi00,1.0,0.0,0.0,67.4
2021,REG,5,00-0034365,I.Thomas,TE,TE,CAR,13678,ed8a8fd2-df67-45e7-a34f-984afb82f6ea,17387.0,42130.0,4995.0,,4045305.0,31071.0,,2253359.0,ThomIa00,ian-thomas-3,12858.0,13163.0,323.0,31071.0,943093.0,19910.0,943093.0,Ian Thomas,ian thomas,4,5,40.0,0,0.0,0.0,36.0,9.0,2.0,1.7217438,0,1.1111112,0.14705883,0.144,0.32138824,Ian Thomas,CAR,6.55,4.620660627583925,7.116,14.338101954463028,80.0,40.0,0.0,2.33,3.162083333963608,-0.8320833339636078,00-0034365,Ian,Thomas,I.Thomas,REG,CAR,PHI,Ian Thomas,ThomIa00,0.0,0.0,0.0,100.0
2021,REG,5,00-0034830,H.Hurst,TE,TE,ATL,13680,1b125fc4-5dd9-4eb9-a42f-048e61ca42b7,17283.0,47294.0,4973.0,,3924365.0,30995.0,,2185053.0,HursHa00,hayden-hurst-1,12467.0,13098.0,8.0,30995.0,881956.0,19843.0,881956.0,Hayden Hurst,hayden hurst,4,5,40.0,1,2.0,1.0,67.0,16.0,2.0,-0.51235783,0,0.5970149,0.11111111,0.19940476,0.30625,Hayden Hurst,ATL,8.004000000000001,3.2354120498376027,12.27,19.358197652404392,80.0,40.0,1.0,5.124999999999999,5.732340123117183,-0.6073401231171838,00-0034830,Hayden,Hurst,H.Hurst,REG,ATL,NYJ,Hayden Hurst,HursHa00,0.0,0.0,0.0,139.6
2021,REG,5,00-0024243,M.Lewis,TE,TE,GB,8269,9c21e9af-681c-41ef-9b00-fbc9e1668ed1,9413.0,2973.0,111.0,marcedeslewis/2495888,9614.0,7777.0,4007.0,415313.0,LewiMa00,marcedes-lewis-1,4891.0,3615.0,,7777.0,214197.0,3061.0,214197.0,Marcedes Lewis,marcedes lewis,2,2,34.0,0,0.0,0.0,11.0,23.0,2.0,2.5027962,0,3.090909,0.057142857,0.031791907,0.10796862,,,,,,,,,,,,,,,,,REG,GB,CIN,Marcedes Lewis,LewiMa00,1.0,0.0,0.0,118.7
2021,REG,5,00-0033455,A.Firkser,TE,TE,TEN,13919,b0719e3d-199b-46e5-a2b4-1091f6fd5c0d,16787.0,51837.0,4435.0,,3049698.0,30571.0,,2818971.0,FirkAn00,,12235.0,12691.0,,30571.0,767297.0,19296.0,767297.0,Anthony Firkser,anthony firkser,3,4,33.0,0,0.0,0.0,32.0,17.0,0.0,-1.3241366,0,1.03125,0.1904762,0.21333334,0.43504763,,,,,,,,,,,,,,,,,REG,TEN,JAX,Anthony Firkser,FirkAn00,0.0,0.0,0.0,99.0
2021,REG,5,00-0028097,L.Smith,TE,TE,ATL,10398,cf23126f-055b-4617-819b-bb4bcb84541a,9992.0,6311.0,812.0,leesmith/2495347,14215.0,24946.0,7585.0,1276441.0,SmitLe00,lee-smith-2,7425.0,6665.0,,24946.0,334184.0,12777.0,334184.0,Lee Smith,lee smith,3,3,30.0,0,0.0,0.0,18.0,12.0,1.0,1.472529,0,1.6666666,0.06666667,0.05357143,0.1375,,,,,,,,,,,,,,,,,REG,ATL,NYJ,Lee Smith,SmitLe00,0.0,0.0,0.0,108.3
2021,REG,5,00-0027061,J.Cook,TE,TE,LAC,9474,3b7a1409-d154-4e5c-8c94-9d4a0e0993c7,9265.0,5012.0,367.0,jaredcook/71265,12537.0,9353.0,6126.0,584314.0,CookJa02,jared-cook-2,5981.0,5165.0,,9353.0,296480.0,8534.0,296480.0,Jared Cook,jared cook,1,3,29.0,0,0.0,0.0,32.0,27.0,1.0,-0.7271603,0,0.90625,0.071428575,0.08465608,0.16640212,,,,,,,,,,,,,,,,,REG,LAC,CLE,Jared Cook,CookJa02,0.0,0.0,0.0,70.1
2021,REG,5,00-0034159,W.Dissly,TE,TE,SEA,13763,383f4814-6836-4766-a297-fc063e8509cc,18049.0,30762.0,5010.0,,3127292.0,31090.0,,2139628.0,DissWi00,will-dissly-1,12986.0,13246.0,86.0,31090.0,837806.0,19950.0,837806.0,Will Dissly,will dissly,2,4,29.0,0,0.0,0.0,30.0,12.0,1.0,1.2335575,0,0.96666664,0.125,0.08928572,0.25,,,,,,,,,,,,,,,,,REG,SEA,LA,Will Dissly,DissWi00,0.0,1.0,0.25,74.0
2021,REG,5,00-0035329,D.Parham,TE,TE,LAC,14341,4f246e92-3d21-450f-977a-dc16892c7238,18835.0,91014.0,6074.0,,3912092.0,32456.0,,2183713.0,ParhDo00,,13602.0,14320.0,,32456.0,875649.0,20905.0,875649.0,Donald Parham,donald parham,2,2,29.0,1,0.0,0.0,5.0,24.0,1.0,1.6387849,1,5.8,0.04761905,0.013227513,0.08068783,,,,,,,,,,,,,,,,,REG,LAC,CLE,Donald Parham,ParhDo00,0.0,0.0,0.0,158.3
2021,REG,5,00-0034351,D.Goedert,TE,TE,PHI,13674,e8029983-87cf-49a2-bc04-04c8233a0630,17270.0,47272.0,5022.0,,3121023.0,31019.0,,2132551.0,GoedDa00,,12860.0,13151.0,382.0,31019.0,791365.0,19863.0,791365.0,Dallas Goedert,dallas goedert,2,3,28.0,0,0.0,0.0,21.0,10.0,1.0,2.1569333,0,1.3333334,0.0882353,0.09767442,0.20072503,,,,,,,,,,,,,,,,,REG,PHI,CAR,Dallas Goedert,GoedDa00,2.0,1.0,0.333,96.5
2021,REG,5,00-0033858,J.Smith,TE,TE,NE,13193,e4f25a37-74de-4bfb-b6c9-f50a4fab0b87,16460.0,11855.0,4144.0,,3054212.0,30213.0,,2081506.0,SmitJo01,jonnu-smith-1,11807.0,12344.0,84.0,30213.0,743749.0,18990.0,743749.0,Jonnu Smith,jonnu smith,2,2,27.0,0,0.0,0.0,19.0,8.0,1.0,2.0699458,0,1.4210526,0.071428575,0.08370044,0.16573316,,,,,,,,,,,,,,,,,REG,NE,HOU,Jonnu Smith,SmitJo01,0.0,0.0,0.0,118.7
2021,REG,5,00-0034073,R.Dwelley,TE,TE,SF,13988,70473218-5ae3-47b4-86fd-151e68f1e8b9,17886.0,20994.0,5285.0,,3120303.0,31329.0,,2924888.0,DwelRo00,,13030.0,13522.0,,31329.0,752665.0,20361.0,752665.0,Ross Dwelley,ross dwelley,2,2,25.0,0,0.0,0.0,21.0,4.0,0.0,0.08485265,0,1.1904762,0.071428575,0.08076923,0.16368131,,,,,,,,,,,,,,,,,REG,SF,ARI,Ross Dwelley,DwelRo00,0.0,0.0,0.0,118.7
2021,REG,5,00-0034270,T.Conklin,TE,TE,MIN,13675,f0d17dfa-ebf3-416c-a8d2-c6bc30675103,17598.0,47327.0,5133.0,,3915486.0,31220.0,,2165249.0,ConkTy00,tyler-conklin-1,12809.0,13220.0,489.0,31127.0,861278.0,19988.0,861278.0,Tyler Conklin,tyler conklin,2,3,25.0,0,0.0,0.0,25.0,3.0,0.0,1.0842375,0,1.0,0.09677419,0.10080645,0.21572581,,,,,,,,,,,,,,,,,REG,MIN,DET,Tyler Conklin,ConkTy00,0.0,1.0,0.333,92.4
2021,REG,5,00-0034798,D.Smythe,TE,TE,MIA,13676,7e42a22a-c47b-4387-aeeb-2cc2e76dc1d8,17508.0,47257.0,5008.0,,3052897.0,31093.0,,2082845.0,SmytDu00,durham-smythe-1,12807.0,13249.0,,31093.0,749968.0,19943.0,749968.0,Durham Smythe,durham smythe,2,3,23.0,0,0.0,0.0,20.0,4.0,1.0,1.1029103,0,1.15,0.07692308,0.08,0.17138462,,,,,,,,,,,,,,,,,REG,MIA,TB,Durham Smythe,SmytDu00,0.0,0.0,0.0,89.6
2021,REG,5,00-0033439,P.Brown,TE,TE,HOU,13994,6733b953-de77-44e5-acbf-c2d3a0940243,16937.0,12247.0,4443.0,,2971281.0,30627.0,,2819155.0,BrowPh01,,11887.0,12737.0,,30627.0,689689.0,19304.0,689689.0,Pharaoh Brown,pharaoh brown,2,4,22.0,0,0.0,0.0,10.0,11.0,1.0,-0.014542922,0,2.2,0.14814815,0.042016808,0.251634,,,,,,,,,,,,,,,,,REG,HOU,NE,Pharaoh Brown,BrowPh01,0.0,1.0,0.25,66.7
2021,REG,5,00-0035229,T.Hockenson,TE,TE,DET,14138,bd1120b6-38b3-4225-a4b0-20660a149d0d,18290.0,40912.0,5844.0,,4036133.0,31840.0,,2251097.0,HockTJ00,tj-hockenson-1,13610.0,14051.0,247.0,31840.0,923915.0,20805.0,923915.0,T.J. Hockenson,tj hockenson,2,3,22.0,0,0.0,0.0,28.0,4.0,1.0,1.4546437,0,0.78571427,0.09677419,0.121212125,0.23000978,,,,,,,,,,,,,,,,,REG,DET,MIN,T.J. Hockenson,HockTJ00,0.0,0.0,0.0,88.2
2021,REG,5,00-0036290,C.Kmet,TE,TE,CHI,14867,036feeb6-9a22-43c5-a8e3-7ac611d8ff49,19229.0,60995.0,6826.0,,4258595.0,32713.0,,2868619.0,KmetCo00,cole-kmet-1,14436.0,,569.0,32713.0,0.0,21772.0,1066765.0,Cole Kmet,cole kmet,2,4,22.0,0,0.0,0.0,75.0,4.0,1.0,-0.41581494,0,0.29333332,0.2,0.375,0.5625,,,,,,,,,,,,,,,,,REG,CHI,LV,Cole Kmet,KmetCo00,1.0,0.0,0.0,66.7
2021,REG,5,00-0035644,N.Fant,TE,TE,DEN,14137,cdc98acc-9eb6-4b44-81bb-61d7b8a3b55f,17527.0,42388.0,5857.0,,4036131.0,31852.0,,2251095.0,FantNo00,noah-fant-1,13426.0,14050.0,243.0,31852.0,923911.0,20753.0,923911.0,Noah Fant,noah fant,3,4,20.0,0,0.0,0.0,20.0,4.0,0.0,-0.2686349,0,1.0,0.114285715,0.06410257,0.21630037,,,,,,,,,,,,,,,,,REG,DEN,PIT,Noah Fant,FantNo00,0.0,1.0,0.25,85.4
2021,REG,5,00-0033879,O.Howard,TE,TE,TB,13188,93ed8c6f-b676-46d3-bf82-6155e89b4a68,16380.0,11774.0,4055.0,,3043080.0,30132.0,,2061190.0,HowaO.00,oj-howard-1,11806.0,12161.0,,30132.0,732147.0,18901.0,732147.0,O.J. Howard,oj howard,2,3,19.0,0,0.0,0.0,25.0,10.0,2.0,1.7592757,0,0.76,0.071428575,0.055679288,0.14611836,,,,,,,,,,,,,,,,,REG,TB,MIA,O.J. Howard,HowaO.00,0.0,0.0,0.0,84.0
2021,REG,5,00-0036876,K.Granson,TE,TE,IND,15419,bcc0167c-05fd-4b23-981e-60b8784ceb33,22841.0,40630.0,7602.0,,4039160.0,33515.0,,2247146.0,GranKy00,kylen-granson-1,15245.0,,1119.0,33515.0,0.0,,921050.0,Kylen Granson,kylen granson,2,2,19.0,0,0.0,0.0,9.0,10.0,0.0,1.1010987,0,2.1111112,0.05882353,0.045,0.11973529,,,,,,,,,,,,,,,,,REG,IND,BAL,Kylen Granson,GranKy00,0.0,0.0,0.0,106.2
2021,REG,5,00-0034364,J.Akins,TE,TE,HOU,13753,0cb5a32a-a340-4671-ba2a-93f5fa6aee8d,17415.0,47050.0,5032.0,,3128452.0,31068.0,,2142712.0,AkinJo00,jordan-akins-1,12568.0,13238.0,,31068.0,838396.0,19903.0,838396.0,Jordan Akins,jordan akins,2,2,17.0,0,0.0,0.0,5.0,12.0,1.0,2.215045,0,3.4,0.074074075,0.021008404,0.125817,,,,,,,,,,,,,,,,,REG,HOU,NE,Jordan Akins,AkinJo00,0.0,0.0,0.0,102.1
2021,REG,5,00-0032134,C.Uzomah,TE,TE,CIN,12317,19858900-5c8e-49a7-ab02-34ef625724ca,14084.0,9590.0,2460.0,c.j.uzomah/2552559,2574576.0,28545.0,,2174118.0,UzomC.00,cj-uzomah-1,10462.0,10534.0,,28545.0,593305.0,16917.0,593305.0,C.J. Uzomah,cj uzomah,2,2,16.0,0,0.0,0.0,6.0,10.0,1.0,-0.2799472,0,2.6666667,0.054054055,0.019736841,0.09489687,,,,,,,,,,,,,,,,,REG,CIN,GB,C.J. Uzomah,UzomC.00,0.0,0.0,0.0,100.0
2021,REG,5,00-0033896,A.Shaheen,TE,TE,MIA,13254,87171077-4c1c-4b67-b159-2cc6242988e0,16457.0,11800.0,4085.0,,4198676.0,30158.0,,2818105.0,ShahAd00,,11898.0,12283.0,,30158.0,1049770.0,18931.0,1049770.0,Adam Shaheen,adam shaheen,2,2,15.0,0,0.0,0.0,10.0,5.0,1.0,0.77305704,0,1.5,0.051282052,0.04,0.10492308,,,,,,,,,,,,,,,,,REG,MIA,TB,Adam Shaheen,ShahAd00,1.0,0.0,0.0,97.9
2021,REG,5,00-0027981,K.Rudolph,TE,TE,NYG,10312,1059e9dc-97df-4643-9116-883a0573d8b1,9906.0,6195.0,943.0,kylerudolph/2495438,14054.0,24830.0,7444.0,1633122.0,RudoKy00,kyle-rudolph-1,7246.0,6459.0,,24830.0,469472.0,13275.0,469472.0,Kyle Rudolph,kyle rudolph,1,1,14.0,0,0.0,0.0,14.0,0.0,1.0,0.9373192,0,1.0,0.027027028,0.035805628,0.06560448,,,,,,,,,,,,,,,,,REG,NYG,DAL,Kyle Rudolph,RudoKy00,0.0,0.0,0.0,118.7
2021,REG,5,00-0031558,M.Williams,TE,TE,ARI,12206,52f4a43a-64a9-4d69-a9e2-28bd60f68e49,13919.0,9488.0,2360.0,,2970726.0,28443.0,,1983769.0,WillMa04,maxx-williams-1,10128.0,10298.0,,28443.0,651658.0,16816.0,651658.0,Maxx Williams,maxx williams,1,1,14.0,0,0.0,0.0,0.0,14.0,1.0,1.315861,0,0.0,0.035714287,0.0,0.05357143,,,,,,,,,,,,,,,,,REG,ARI,SF,Maxx Williams,WillMa04,1.0,0.0,0.0,118.7
2021,REG,5,00-0031585,M.Pruitt,TE,TE,TEN,12309,f22b34cf-6ecf-4522-9c77-1da275dfda7d,13964.0,9576.0,2446.0,,2508256.0,28531.0,,1760327.0,PruiMy00,,10251.0,10522.0,,28531.0,552586.0,16903.0,552586.0,MyCole Pruitt,mycole pruitt,1,1,14.0,1,0.0,0.0,9.0,5.0,1.0,2.6824415,0,1.5555556,0.04761905,0.06,0.11342857,,,,,,,,,,,,,,,,,REG,TEN,JAX,MyCole Pruitt,PruiMy00,0.0,0.0,0.0,158.3
2021,REG,5,00-0033110,T.Higbee,TE,TE,LA,12678,0df7912d-9e81-47ea-b4f7-d04986df4ee8,15623.0,10744.0,3271.0,,2573401.0,29344.0,,1853103.0,HigbTy00,tyler-higbee-1,10854.0,11430.0,159.0,29344.0,604176.0,18032.0,604176.0,Tyler Higbee,tyler higbee,2,2,14.0,1,0.0,0.0,12.0,2.0,1.0,1.5281585,0,1.1666666,0.057142857,0.027027028,0.104633205,,,,,,,,,,,,,,,,,REG,LA,SEA,Tyler Higbee,HigbTy00,1.0,0.0,0.0,135.4
2021,REG,5,00-0035222,Z.Gentry,TE,TE,PIT,14240,58f18567-a050-49c4-aeca-b34499338b37,18690.0,36049.0,6018.0,,3929924.0,31973.0,,2185708.0,GentZa00,zach-gentry-2,13511.0,14247.0,,31973.0,883079.0,20770.0,883079.0,Zach Gentry,zach gentry,1,2,13.0,0,0.0,0.0,-4.0,17.0,1.0,0.20548049,0,0.0,0.08,-0.020725388,0.10549223,,,,,,,,,,,,,,,,,REG,PIT,DEN,Zach Gentry,GentZa00,0.0,0.0,0.0,70.8
2021,REG,5,00-0035249,J.Oliver,TE,TE,BAL,14209,dc83f7af-7b30-4c4a-9c93-f67bd8db954b,18487.0,47083.0,5973.0,,3921690.0,31901.0,,2184618.0,OlivJo00,josh-oliver-1,13786.0,14127.0,7.0,31901.0,881779.0,20899.0,881779.0,Josh Oliver,josh oliver,2,2,13.0,0,0.0,0.0,4.0,9.0,1.0,0.8574453,0,3.25,0.046511628,0.012987013,0.07885835,,,,,,,,,,,,,,,,,REG,BAL,IND,Josh Oliver,OlivJo00,0.0,0.0,0.0,93.7
2021,REG,5,00-0036887,L.Farrell,TE,TE,JAX,15335,8a1f0e8e-6521-4a94-9934-ad4f76a25fd9,19501.0,42353.0,7842.0,,4040612.0,33533.0,,2260977.0,FarrLu00,luke-farrell-1,15566.0,,,33533.0,0.0,,946541.0,Luke Farrell,luke farrell,1,1,13.0,0,0.0,0.0,4.0,9.0,1.0,0.7926934,0,3.25,0.030303031,0.015936255,0.056609925,,,,,,,,,,,,,,,,,REG,JAX,TEN,Luke Farrell,FarrLu00,0.0,0.0,0.0,118.7
2021,REG,5,00-0031273,C.Brate,TE,TE,TB,12110,5afe93fd-0caf-4cca-83fc-7f405bebfa3e,13470.0,9207.0,2214.0,,17453.0,28267.0,,2132787.0,BratCa00,,10008.0,10193.0,,28267.0,552926.0,16593.0,552926.0,Cameron Brate,cameron brate,1,1,12.0,0,0.0,0.0,10.0,2.0,1.0,0.92061746,0,1.2,0.023809524,0.022271715,0.051304486,,,,,,,,,,,,,,,,,REG,TB,MIA,Cameron Brate,BratCa00,0.0,0.0,0.0,116.7
2021,REG,5,00-0037005,T.Tremble,TE,TE,CAR,15332,cbee2fd3-e5f2-4316-bffd-531f1873f032,22795.0,84025.0,7694.0,,4372780.0,33471.0,,2969027.0,TremTo00,tommy-tremble-1,15371.0,,1054.0,33471.0,0.0,,1130555.0,Tommy Tremble,tommy tremble,2,4,12.0,1,0.0,0.0,17.0,3.0,1.0,0.4969959,0,0.7058824,0.11764706,0.068,0.2240706,,,,,,,,,,,,,,,,,REG,CAR,PHI,Tommy Tremble,TremTo00,0.0,1.0,0.25,95.8
2021,REG,5,00-0033421,A.Auclair,TE,TE,HOU,13445,d6647491-8a3c-4f9f-999c-823823bd478d,16501.0,24606.0,4468.0,,4081127.0,30468.0,,2819226.0,AuclAn00,,12230.0,12603.0,,30468.0,1050026.0,19335.0,1050026.0,Antony Auclair,antony auclair,1,1,11.0,1,0.0,0.0,11.0,0.0,1.0,1.8499022,0,1.0,0.037037037,0.04621849,0.0879085,,,,,,,,,,,,,,,,,REG,HOU,NE,Antony Auclair,AuclAn00,0.0,0.0,0.0,152.1
2021,REG,5,00-0031387,E.Ebron,TE,TE,PIT,11695,9fbcfae9-dd14-415c-8952-9b1b5dff0dfc,12143.0,8645.0,2118.0,ericebron/2543466,16732.0,27538.0,,1865396.0,EbroEr00,eric-ebron-1,9210.0,9390.0,,27538.0,605752.0,16451.0,605752.0,Eric Ebron,eric ebron,2,2,10.0,0,0.0,0.0,8.0,2.0,1.0,1.1643078,0,1.25,0.08,0.041450776,0.14901555,,,,,,,,,,,,,,,,,REG,PIT,DEN,Eric Ebron,EbroEr00,0.0,0.0,0.0,87.5
2021,REG,5,00-0035631,D.Sample,TE,TE,CIN,14146,15a4f552-ecaf-45bd-9006-aa5dda93bee6,18561.0,47259.0,6001.0,,3127310.0,31884.0,,2139646.0,SampDr00,drew-sample-1,13809.0,14111.0,435.0,31884.0,837824.0,20931.0,837824.0,Drew Sample,drew sample,2,4,9.0,0,0.0,0.0,11.0,9.0,0.0,-1.1988189,0,0.8181818,0.10810811,0.03618421,0.1874911,,,,,,,,,,,,,,,,,REG,CIN,GB,Drew Sample,SampDr00,0.0,1.0,0.25,56.2
2021,REG,5,00-0033757,R.Tonyan,TE,TE,GB,13427,7c9c7800-69d0-459b-812b-a07ac48e9f2a,16502.0,12193.0,4602.0,,2975674.0,30777.0,,2820026.0,TonyRo00,,12389.0,12868.0,,30777.0,660151.0,19491.0,660151.0,Robert Tonyan,robert tonyan,1,2,8.0,0,0.0,0.0,50.0,3.0,1.0,0.31452423,0,0.16,0.057142857,0.14450867,0.18687035,,,,,,,,,,,,,,,,,REG,GB,CIN,Robert Tonyan,TonyRo00,0.0,0.0,0.0,60.4
2021,REG,5,00-0030061,Z.Ertz,TE,TE,PHI,11247,de3421f7-2147-4835-89a5-724e87bad463,11689.0,7816.0,1339.0,zachertz/2540158,15835.0,26658.0,,1685963.0,ErtzZa00,zach-ertz-1,8781.0,8409.0,305.0,26658.0,503177.0,14856.0,503177.0,Zach Ertz,zach ertz,1,6,7.0,0,0.0,0.0,72.0,3.0,1.0,-5.71747,0,0.097222224,0.1764706,0.33488372,0.4991245,Zach Ertz,PHI,7.359999999999999,1.792297844866359,10.928333333333333,29.95294870037915,16.666666666666664,7.0,0.0,3.5400000000000063,3.1736821905960824,0.3663178094039239,00-0030061,Zachary,Ertz,Z.Ertz,REG,PHI,CAR,Zach Ertz,ErtzZa00,0.0,1.0,0.167,0.0
2021,REG,5,00-0036894,P.Freiermuth,TE,TE,PIT,15331,04f0fefe-9d9d-44f5-94ea-6df2a42df3c6,20163.0,84085.0,7600.0,,4361411.0,33443.0,,2961270.0,FreiPa00,pat-freiermuth-1,15267.0,,1053.0,33443.0,0.0,,1116662.0,Pat Freiermuth,pat freiermuth,2,2,7.0,0,0.0,0.0,7.0,0.0,2.0,1.9353716,0,1.0,0.08,0.03626943,0.1453886,,,,,,,,,,,,,,,,,REG,PIT,DEN,Pat Freiermuth,FreiPa00,0.0,0.0,0.0,81.2
2021,REG,5,00-0030108,R.Griffin,TE,TE,NYJ,11399,cb1df42c-b59c-4e23-a9a2-fbfc2b39ef71,11830.0,7982.0,1425.0,ryangriffin/2541316,15887.0,26824.0,,2057695.0,GrifRy00,ryan-griffin-1,8911.0,8600.0,,26824.0,465129.0,14985.0,465129.0,Ryan Griffin,ryan griffin,1,2,4.0,0,1.0,0.0,4.0,5.0,0.0,-1.6183649,0,1.0,0.06451613,0.014705882,0.10706831,,,,,,,,,,,,,,,,,REG,NYJ,ATL,Ryan Griffin,GrifRy00,0.0,0.0,0.0,56.2
2021,REG,5,00-0030181,J.Doyle,TE,TE,IND,11516,bd413539-9351-454e-9d61-4e8635d7e9f5,11987.0,8520.0,1706.0,jackdoyle/2540232,16504.0,27299.0,,2041264.0,DoylJa00,,9081.0,9075.0,,27299.0,477386.0,15602.0,477386.0,Jack Doyle,jack doyle,1,1,4.0,0,0.0,0.0,4.0,0.0,0.0,-0.326137,0,1.0,0.029411765,0.02,0.058117647,,,,,,,,,,,,,,,,,REG,IND,BAL,Jack Doyle,DoylJa00,0.0,0.0,0.0,83.3
2021,REG,5,00-0032062,B.Bell,TE,TE,KC,12213,0cc4e449-185a-4b08-9f07-c907ad0c3e05,13966.0,9550.0,2422.0,,2514206.0,28505.0,,1737101.0,BellBl00,blake-bell-1,10248.0,10366.0,,28505.0,542871.0,16878.0,542871.0,Blake Bell,blake bell,1,1,4.0,0,0.0,0.0,3.0,1.0,0.0,-0.29002818,0,1.3333334,0.02,0.009771987,0.03684039,,,,,,,,,,,,,,,,,REG,KC,BUF,Blake Bell,BellBl00,0.0,0.0,0.0,83.3
2021,REG,5,00-0036429,C.Woerner,TE,TE,SF,14984,527dfee0-a242-4dc7-830a-ab7028308259,19665.0,42257.0,7075.0,,4035020.0,32860.0,,2248629.0,WoerCh00,charlie-woerner-1,14608.0,,,32860.0,0.0,22119.0,922040.0,Charlie Woerner,charlie woerner,1,1,4.0,0,0.0,0.0,3.0,1.0,0.0,-0.24189882,0,1.3333334,0.035714287,0.011538462,0.06164835,,,,,,,,,,,,,,,,,REG,SF,ARI,Charlie Woerner,WoerCh00,0.0,0.0,0.0,83.3
2021,REG,5,00-0035562,J.Horsted,TE,TE,CHI,14752,48c56733-6644-42ee-9020-07bd2deba1ad,18482.0,91465.0,6075.0,,3940587.0,32576.0,,3117107.0,,,13639.0,,,32576.0,0.0,20812.0,881708.0,Jesper Horsted,jesper horsted,1,1,2.0,1,0.0,0.0,2.0,0.0,1.0,1.0325131,0,1.0,0.05,0.01,0.082,,,,,,,,,,,,,,,,,,,,,,,,,
2021,REG,5,00-0033387,J.Hollister,TE,TE,JAX,13391,ad2a1d03-020b-487a-bd5f-7ca9fbc250fe,16527.0,12051.0,4421.0,,3125404.0,30661.0,,2818962.0,HollJa03,,12271.0,12491.0,,30661.0,696882.0,19281.0,696882.0,Jacob Hollister,jacob hollister,1,1,1.0,1,0.0,0.0,1.0,0.0,1.0,2.3914154,0,1.0,0.030303031,0.003984064,0.04824339,,,,,,,,,,,,,,,,,REG,JAX,TEN,Jacob Hollister,HollJa03,0.0,0.0,0.0,118.7
2021,REG,5,00-0035308,T.Sweeney,TE,TE,BUF,14294,ec63ee49-3a03-44ca-a083-3916f0bccd76,18325.0,47216.0,6137.0,,3122818.0,32060.0,,2139106.0,SweeTo00,tommy-sweeney-1,13667.0,14287.0,,32060.0,836094.0,20957.0,836094.0,Tommy Sweeney,tommy sweeney,1,1,1.0,0,0.0,0.0,1.0,0.0,0.0,-0.49604112,0,1.0,0.041666668,0.0033557047,0.064849,,,,,,,,,,,,,,,,,REG,BUF,KC,Tommy Sweeney,SweeTo00,0.0,0.0,0.0,79.2
2021,REG,5,00-0036244,C.Parkinson,TE,TE,SEA,14871,1ea7affb-e5e7-491a-aaa3-55e200b2eb48,19372.0,52266.0,6865.0,,4242557.0,32803.0,,2867522.0,ParkCo02,colby-parkinson-1,14463.0,,565.0,32803.0,0.0,21807.0,1060312.0,Colby Parkinson,colby parkinson,1,2,1.0,0,0.0,0.0,-2.0,3.0,0.0,-1.2630451,0,0.0,0.0625,-0.005952381,0.08958333,,,,,,,,,,,,,,,,,REG,SEA,LA,Colby Parkinson,ParkCo02,0.0,0.0,0.0,56.2
2021,REG,5,00-0032141,G.Swaim,TE,TE,TEN,12378,d0f9112d-2496-450a-9fc5-d2d01b4d2454,14164.0,9679.0,2545.0,geoffswaim/2553454,3046704.0,28634.0,,2174207.0,SwaiGe00,geoff-swaim-1,10507.0,10617.0,,28634.0,728021.0,17005.0,728021.0,Geoff Swaim,geoff swaim,0,1,0.0,0,0.0,0.0,8.0,0.0,0.0,-0.66585416,0,0.0,0.04761905,0.053333335,0.10876191,,,,,,,,,,,,,,,,,REG,TEN,JAX,Geoff Swaim,SwaiGe00,0.0,0.0,0.0,39.6
2021,REG,5,00-0032392,A.Hooper,TE,TE,CLE,12677,90c2a93f-d837-4e1b-b57c-56648903a8db,15581.0,10715.0,3202.0,,3043275.0,29315.0,,2067004.0,HoopAu00,austin-hooper-1,10748.0,11301.0,384.0,29315.0,739424.0,17963.0,739424.0,Austin Hooper,austin hooper,0,0,0.0,0,0.0,0.0,0.0,0.0,0.0,,1,,,,,,,,,,,,,,,,,,,,,,,,,,,,,
2021,REG,5,00-0032725,S.Anderson,TE,TE,LAC,12859,5cb0bf9c-03b4-4201-97c5-a59c6db50841,15760.0,11160.0,3496.0,,2576854.0,29789.0,,1880821.0,AndeSt01,,10885.0,11556.0,,29789.0,607660.0,18262.0,607660.0,Stephen Anderson,stephen anderson,0,1,0.0,0,0.0,0.0,1.0,0.0,0.0,-0.5891424,0,0.0,0.023809524,0.0026455026,0.037566137,,,,,,,,,,,,,,,,,REG,LAC,CLE,Stephen Anderson,AndeSt01,0.0,0.0,0.0,39.6
2021,REG,5,00-0035823,B.Ellefson,TE,TE,MIN,15088,ca393469-d587-4bf7-905d-838e960de851,19698.0,27766.0,7288.0,,3930900.0,33124.0,,2190748.0,ElleBe00,,14864.0,,,33124.0,0.0,22284.0,888731.0,Ben Ellefson,ben ellefson,0,1,0.0,0,0.0,0.0,7.0,0.0,0.0,-0.5103773,0,0.0,0.032258064,0.028225806,0.06814516,,,,,,,,,,,,,,,,,REG,MIN,DET,Ben Ellefson,ElleBe00,0.0,1.0,1.0,39.6
2021,REG,5,00-0036040,J.Johnson,TE,TE,NO,14861,0226b03b-f91d-4223-9813-9fcd2e9c3acc,19562.0,28305.0,7002.0,,3929645.0,33113.0,,2186637.0,JohnJu02,,14630.0,,575.0,33113.0,0.0,21738.0,884609.0,Juwan Johnson,juwan johnson,0,1,0.0,0,0.0,0.0,7.0,0.0,0.0,-0.5616655,0,0.0,0.035714287,0.020467836,0.067898914,,,,,,,,,,,,,,,,,REG,NO,WAS,Juwan Johnson,JohnJu02,0.0,0.0,0.0,39.6
2021,REG,6,00-0034829,M.Gesicki,TE,TE,MIA,13672,1012cbe0-7eba-4169-bfca-183a0204e1a7,17272.0,47153.0,4993.0,,3116164.0,31012.0,,2139298.0,GesiMi00,mike-gesicki-1,12764.0,13104.0,330.0,31012.0,836152.0,19853.0,836152.0,Mike Gesicki,mike gesicki,8,9,115.0,0,0.0,0.0,88.0,35.0,5.0,5.204278,0,1.3068181,0.19148937,0.22506393,0.4447788,Mike Gesicki,MIA,5.597777777777778,3.9338244514468914,9.552222222222225,21.817581971373475,88.88888888888889,115.0,0.0,4.647499999999999,6.728675419780675,-2.081175419780676,00-0034829,Michael,Gesicki,M.Gesicki,REG,MIA,JAX,Mike Gesicki,GesiMi00,0.0,0.0,0.0,118.7
2021,REG,6,00-0030506,T.Kelce,TE,TE,KC,11244,c3859e06-5f23-4302-a71b-04820a899d5f,11594.0,7844.0,1466.0,traviskelce/2540258,15847.0,26686.0,,1725130.0,KelcTr00,travis-kelce-1,8783.0,8411.0,264.0,26686.0,448240.0,15048.0,448240.0,Travis Kelce,travis kelce,8,11,99.0,0,0.0,0.0,63.0,50.0,6.0,3.2427866,0,1.5714285,0.23913044,0.18421052,0.48764303,Travis Kelce,KC,6.89625,3.2138887169606893,5.807272727272727,19.128612067674805,72.72727272727273,99.0,0.0,6.387500000000002,5.595592557835673,0.7919074421643293,00-0030506,Travis,Kelce,T.Kelce,REG,KC,WAS,Travis Kelce,KelcTr00,0.0,1.0,0.091,62.3
2021,REG,6,00-0035644,N.Fant,TE,TE,DEN,14137,cdc98acc-9eb6-4b44-81bb-61d7b8a3b55f,17527.0,42388.0,5857.0,,4036131.0,31852.0,,2251095.0,FantNo00,noah-fant-1,13426.0,14050.0,243.0,31852.0,923911.0,20753.0,923911.0,Noah Fant,noah fant,9,11,97.0,1,0.0,0.0,93.0,27.0,5.0,4.569096,0,1.0430107,0.22916667,0.19254659,0.4785326,Noah Fant,DEN,5.4871428571428575,4.662713359748831,9.961818181818183,21.316577831381547,81.81818181818183,97.0,1.0,3.1511111111111094,4.639936262390342,-1.4888251512792325,00-0035644,Noah,Fant,N.Fant,REG,DEN,LV,Noah Fant,FantNo00,0.0,1.0,0.091,133.7
2021,REG,6,00-0034383,D.Schultz,TE,TE,DAL,13772,8caec1b4-e0b6-4a84-b8c8-617d6e91ef6a,17349.0,47304.0,5001.0,,3117256.0,31107.0,,2136748.0,SchuDa00,dalton-schultz-1,12514.0,13198.0,487.0,31107.0,830523.0,19920.0,830523.0,Dalton Schultz,dalton schultz,5,6,79.0,0,0.0,0.0,44.0,35.0,4.0,5.219814,0,1.7954545,0.12244898,0.10091743,0.25431567,Dalton Schultz,DAL,3.7400000000000007,4.0981775207703555,7.32,9.629256100502076,83.33333333333334,79.0,0.0,7.12,5.440471538083102,1.679528461916898,00-0034383,Dalton,Schultz,D.Schultz,REG,DAL,NE,Dalton Schultz,SchuDa00,1.0,0.0,0.0,118.7
2021,REG,6,00-0035229,T.Hockenson,TE,TE,DET,14138,bd1120b6-38b3-4225-a4b0-20660a149d0d,18290.0,40912.0,5844.0,,4036133.0,31840.0,,2251097.0,HockTJ00,tj-hockenson-1,13610.0,14051.0,247.0,31840.0,923915.0,20805.0,923915.0,T.J. Hockenson,tj hockenson,8,11,74.0,0,0.0,0.0,90.0,22.0,4.0,-0.73734474,0,0.82222223,0.2820513,0.35856575,0.6740729,T.J. Hockenson,DET,8.632000000000001,2.6261571321275206,7.892727272727271,36.63291139240505,72.72727272727273,74.0,0.0,2.852500000000001,4.240531610561277,-1.388031610561276,00-0035229,Thomas,Hockenson,T.Hockenson,REG,DET,CIN,T.J. Hockenson,HockTJ00,1.0,0.0,0.0,90.7
2021,REG,6,00-0034270,T.Conklin,TE,TE,MIN,13675,f0d17dfa-ebf3-416c-a8d2-c6bc30675103,17598.0,47327.0,5133.0,,3915486.0,31220.0,,2165249.0,ConkTy00,tyler-conklin-1,12809.0,13220.0,489.0,31127.0,861278.0,19988.0,861278.0,Tyler Conklin,tyler conklin,3,5,71.0,0,0.0,0.0,47.0,42.0,2.0,1.9728327,0,1.5106384,0.11111111,0.12947658,0.2573003,Tyler Conklin,MIN,4.795,4.607100896402878,8.416,12.096125100609408,60.0,71.0,0.0,13.613333333333332,11.14443260011664,2.4689007332166923,00-0034270,Tyler,Conklin,T.Conklin,REG,MIN,CAR,Tyler Conklin,ConkTy00,0.0,0.0,0.0,104.2
2021,REG,6,00-0034753,M.Andrews,TE,TE,BAL,13671,0618f387-9b72-4270-8b8f-dec4cccc9e4a,17269.0,47436.0,5012.0,,3116365.0,31056.0,,2131121.0,AndrMa00,mark-andrews-1,12559.0,13182.0,366.0,31056.0,820699.0,19803.0,820699.0,Mark Andrews,mark andrews,5,6,68.0,1,0.0,0.0,73.0,16.0,5.0,6.8250957,0,0.9315069,0.22222222,0.40782124,0.6188082,Mark Andrews,BAL,5.661666666666666,4.091741511933574,12.799999999999999,40.6112844376289,83.33333333333334,68.0,1.0,3.056000000000001,2.7149716582880696,0.3410283417119313,00-0034753,Mark,Andrews,M.Andrews,REG,BAL,LAC,Mark Andrews,AndrMa00,0.0,0.0,0.0,153.5
2021,REG,6,00-0031610,D.Waller,TE,TE,LV,12263,14c97c9f-26e8-4944-9299-f90de6aeada3,14104.0,9637.0,2505.0,,2576925.0,28592.0,,1850793.0,WallDa01,darren-waller-1,10215.0,10433.0,,28592.0,600191.0,16964.0,600191.0,Darren Waller,darren waller,5,5,59.0,0,0.0,0.0,51.0,8.0,2.0,2.840306,0,1.1568627,0.2,0.17,0.419,Darren Waller,LV,7.63,1.547410209263186,10.107999999999999,17.743917424428606,100.0,59.0,0.0,1.6920000000000008,1.1655287664969876,0.5264712335030133,00-0031610,Darren,Waller,D.Waller,REG,LV,DEN,Darren Waller,WallDa01,0.0,0.0,0.0,115.8
2021,REG,6,00-0034798,D.Smythe,TE,TE,MIA,13676,7e42a22a-c47b-4387-aeeb-2cc2e76dc1d8,17508.0,47257.0,5008.0,,3052897.0,31093.0,,2082845.0,SmytDu00,durham-smythe-1,12807.0,13249.0,,31093.0,749968.0,19943.0,749968.0,Durham Smythe,durham smythe,5,6,59.0,0,0.0,0.0,74.0,10.0,2.0,4.038655,0,0.7972973,0.12765957,0.1892583,0.32397017,Durham Smythe,MIA,5.6025,2.9809306415883636,11.639999999999999,17.724088924982233,83.33333333333334,59.0,0.0,2.4520000000000017,5.667500602178734,-3.2155006021787322,00-0034798,Durham,Smythe,D.Smythe,REG,MIA,JAX,Durham Smythe,SmytDu00,0.0,0.0,0.0,107.6
2021,REG,6,00-0033611,R.Seals-Jones,TE,TE,WAS,13382,52735659-a294-4f64-a7f4-3591450834e5,16730.0,12020.0,4531.0,,3051806.0,30494.0,,2080003.0,SealRi00,,11876.0,12463.0,,30494.0,744568.0,19410.0,744568.0,Ricky Seals-Jones,ricky seals-jones,4,6,58.0,1,0.0,0.0,31.0,43.0,2.0,3.1526394,0,1.8709677,0.15384616,0.11272727,0.30967832,Ricky Seals-Jones,WAS,9.615,4.6768268103020105,5.353333333333331,12.129451304709029,66.66666666666666,58.0,1.0,10.910000000000004,12.451745013108848,-1.5417450131088444,00-0033611,Roderick,Seals-Jones,R.Seals-Jones,REG,WAS,KC,Ricky Seals-Jones,SealRi00,0.0,0.0,0.0,137.5
2021,REG,6,00-0036894,P.Freiermuth,TE,TE,PIT,15331,04f0fefe-9d9d-44f5-94ea-6df2a42df3c6,20163.0,84085.0,7600.0,,4361411.0,33443.0,,2961270.0,FreiPa00,pat-freiermuth-1,15267.0,,1053.0,33443.0,0.0,,1116662.0,Pat Freiermuth,pat freiermuth,7,7,58.0,0,0.0,0.0,36.0,22.0,3.0,2.2673411,0,1.6111112,0.17948718,0.13186814,0.36153847,Pat Freiermuth,PIT,6.348333333333333,4.232579138610559,5.047142857142857,13.889762541280074,100.0,58.0,0.0,3.238571428571429,2.474818793773303,0.7637526347981258,00-0036894,Pat,Freiermuth,P.Freiermuth,REG,PIT,SEA,Pat Freiermuth,FreiPa00,0.0,0.0,0.0,101.2
2021,REG,6,00-0033879,O.Howard,TE,TE,TB,13188,93ed8c6f-b676-46d3-bf82-6155e89b4a68,16380.0,11774.0,4055.0,,3043080.0,30132.0,,2061190.0,HowaO.00,oj-howard-1,11806.0,12161.0,,30132.0,732147.0,18901.0,732147.0,O.J. Howard,oj howard,6,7,49.0,1,0.0,0.0,27.0,43.0,4.0,1.3826231,0,1.8148148,0.16666667,0.09540636,0.31678444,O.J. Howard,TB,4.151999999999999,4.238231986743827,3.5928571428571425,9.772683116378474,85.71428571428571,49.0,1.0,7.785,8.274313391931893,-0.4893133919318924,00-0033879,O'Terrius,Howard,O.Howard,REG,TB,PHI,O.J. Howard,HowaO.00,0.0,0.0,0.0,135.4
2021,REG,6,00-0036290,C.Kmet,TE,TE,CHI,14867,036feeb6-9a22-43c5-a8e3-7ac611d8ff49,19229.0,60995.0,6826.0,,4258595.0,32713.0,,2868619.0,KmetCo00,cole-kmet-1,14436.0,,569.0,32713.0,0.0,21772.0,1066765.0,Cole Kmet,cole kmet,4,5,49.0,0,0.0,0.0,34.0,19.0,3.0,3.0389721,0,1.4411764,0.2,0.12878788,0.3901515,Cole Kmet,CHI,5.762,3.4983172986116258,6.416000000000002,12.695899952509107,80.0,49.0,0.0,5.544999999999997,3.9349435482773742,1.610056451722623,00-0036290,Cole,Kmet,C.Kmet,REG,CHI,GB,Cole Kmet,KmetCo00,0.0,0.0,0.0,107.5
2021,REG,6,00-0034364,J.Akins,TE,TE,HOU,13753,0cb5a32a-a340-4671-ba2a-93f5fa6aee8d,17415.0,47050.0,5032.0,,3128452.0,31068.0,,2142712.0,AkinJo00,jordan-akins-1,12568.0,13238.0,,31068.0,838396.0,19903.0,838396.0,Jordan Akins,jordan akins,4,6,41.0,0,0.0,0.0,38.0,17.0,2.0,-0.5753454,0,1.0789474,0.14285715,0.13380282,0.3079477,Jordan Akins,HOU,4.976000000000001,3.5844328396329828,7.420000000000001,15.15471287061306,66.66666666666666,41.0,0.0,3.8674999999999997,3.70379817840535,0.16370182159464974,00-0034364,Jordan,Akins,J.Akins,REG,HOU,IND,Jordan Akins,AkinJo00,0.0,0.0,0.0,86.1
2021,REG,6,00-0034365,I.Thomas,TE,TE,CAR,13678,ed8a8fd2-df67-45e7-a34f-984afb82f6ea,17387.0,42130.0,4995.0,,4045305.0,31071.0,,2253359.0,ThomIa00,ian-thomas-3,12858.0,13163.0,323.0,31071.0,943093.0,19910.0,943093.0,Ian Thomas,ian thomas,1,2,41.0,0,0.0,0.0,43.0,5.0,1.0,2.4520183,0,0.95348835,0.051282052,0.102870815,0.14893265,,,,,,,,,,,,,,,,,REG,CAR,MIN,Ian Thomas,ThomIa00,0.0,0.0,0.0,95.8
2021,REG,6,00-0033895,G.Everett,TE,TE,SEA,13236,ebeceb00-57e0-4b74-9cf7-853da2afed18,16459.0,11799.0,4089.0,,3918639.0,30157.0,,2142692.0,EverGe00,gerald-everett-1,11737.0,12284.0,55.0,30157.0,838487.0,18935.0,838487.0,Gerald Everett,gerald everett,2,3,40.0,0,0.0,0.0,10.0,27.0,1.0,1.4513489,0,4.0,0.09677419,0.1010101,0.21586835,,,,,,,,,,,,,,,,,REG,SEA,PIT,Gerald Everett,EverGe00,1.0,0.0,0.0,109.7
2021,REG,6,00-0033110,T.Higbee,TE,TE,LA,12678,0df7912d-9e81-47ea-b4f7-d04986df4ee8,15623.0,10744.0,3271.0,,2573401.0,29344.0,,1853103.0,HigbTy00,tyler-higbee-1,10854.0,11430.0,159.0,29344.0,604176.0,18032.0,604176.0,Tyler Higbee,tyler higbee,5,5,36.0,0,0.0,0.0,21.0,15.0,3.0,3.8785236,0,1.7142857,0.16666667,0.08898305,0.31228814,Tyler Higbee,LAR,4.505,3.8939235433998265,3.162,7.349044763631293,100.0,36.0,0.0,4.037999999999999,4.396950345619418,-0.3589503456194185,00-0033110,Tyler,Higbee,T.Higbee,REG,LA,NYG,Tyler Higbee,HigbTy00,0.0,0.0,0.0,96.7
2021,REG,6,00-0030061,Z.Ertz,TE,TE,PHI,11247,de3421f7-2147-4835-89a5-724e87bad463,11689.0,7816.0,1339.0,zachertz/2540158,15835.0,26658.0,,1685963.0,ErtzZa00,zach-ertz-1,8781.0,8409.0,305.0,26658.0,503177.0,14856.0,503177.0,Zach Ertz,zach ertz,4,6,29.0,1,0.0,0.0,30.0,19.0,2.0,0.7760378,0,0.96666664,0.25,0.11235955,0.4536517,Zach Ertz,PHI,5.448333333333333,3.780105944626674,4.353333333333334,9.904819688293962,66.66666666666666,29.0,1.0,4.8199999999999985,7.536098759826928,-2.716098759826929,00-0030061,Zachary,Ertz,Z.Ertz,REG,PHI,TB,Zach Ertz,ErtzZa00,0.0,0.0,0.0,117.4
2021,REG,6,00-0033217,M.Alie-Cox,TE,TE,IND,13246,8809c0dd-786b-4255-a7d0-333c9498c19a,16579.0,12078.0,4054.0,moalie-cox/2558832,2998565.0,30112.0,,2815925.0,AlieMo00,,12196.0,12221.0,195.0,30112.0,712506.0,18900.0,712506.0,Mo Alie-Cox,mo alie-cox,1,3,28.0,1,0.0,0.0,56.0,5.0,1.0,0.71463007,0,0.5,0.16666667,0.23829788,0.41680852,,,,,,,,,,,,,,,,,REG,IND,HOU,Mo Alie-Cox,AlieMo00,0.0,1.0,0.333,108.3
2021,REG,6,00-0034011,D.Arnold,TE,TE,JAX,13880,d479a777-b53b-4bbf-a8e4-0c1675ac48df,17143.0,51842.0,4741.0,,4212989.0,30891.0,,2835170.0,ArnoDa00,,12276.0,12972.0,,30891.0,1053627.0,19659.0,1053627.0,Dan Arnold,dan arnold,2,5,27.0,0,0.0,0.0,20.0,17.0,2.0,-0.7448691,0,1.35,0.125,0.067567565,0.2347973,Dan Arnold,JAX,7.029999999999999,3.6190152664508957,4.053999999999999,6.506387622777171,40.0,27.0,0.0,8.86,7.9826733498834415,0.877326650116558,00-0034011,Daniel,Arnold,D.Arnold,REG,JAX,MIA,Dan Arnold,ArnoDa00,0.0,1.0,0.2,57.9
2021,REG,6,00-0035547,J.Fortson,TE,TE,KC,15070,a01ffd42-5fdb-42f8-95ab-157025e3fba8,18831.0,94384.0,6665.0,,4408854.0,32600.0,,3117124.0,FortJo01,,14306.0,,,32600.0,0.0,21383.0,1167484.0,Jody Fortson,jody fortson,1,1,27.0,0,0.0,0.0,24.0,3.0,1.0,2.2636397,0,1.125,0.02173913,0.07017544,0.081731506,,,,,,,,,,,,,,,,,REG,KC,WAS,Joe Fortson,FortJo01,0.0,0.0,0.0,118.7
2021,REG,6,00-0031273,C.Brate,TE,TE,TB,12110,5afe93fd-0caf-4cca-83fc-7f405bebfa3e,13470.0,9207.0,2214.0,,17453.0,28267.0,,2132787.0,BratCa00,,10008.0,10193.0,,28267.0,552926.0,16593.0,552926.0,Cameron Brate,cameron brate,3,4,26.0,0,0.0,0.0,18.0,13.0,1.0,-0.40559915,0,1.4444444,0.0952381,0.06360424,0.1873801,,,,,,,,,,,,,,,,,REG,TB,PHI,Cameron Brate,BratCa00,0.0,0.0,0.0,91.7
2021,REG,6,00-0027061,J.Cook,TE,TE,LAC,9474,3b7a1409-d154-4e5c-8c94-9d4a0e0993c7,9265.0,5012.0,367.0,jaredcook/71265,12537.0,9353.0,6126.0,584314.0,CookJa02,jared-cook-2,5981.0,5165.0,,9353.0,296480.0,8534.0,296480.0,Jared Cook,jared cook,4,7,25.0,1,0.0,0.0,54.0,7.0,2.0,-1.6640645,0,0.46296296,0.17948718,0.21259843,0.41804966,Jared Cook,LAC,5.511666666666667,1.8161454392441776,8.242857142857142,22.600861731296515,57.14285714285714,25.0,1.0,1.807500000000001,1.291238254485334,0.516261745514667,00-0027061,Jared,Cook,J.Cook,REG,LAC,BAL,Jared Cook,CookJa02,0.0,1.0,0.143,64.6
2021,REG,6,00-0033090,H.Henry,TE,TE,NE,12676,705899da-3c20-4bc3-b5d0-2e6e40655131,15561.0,10669.0,3214.0,,3046439.0,29269.0,,2079848.0,HenrHu00,hunter-henry-1,10735.0,11299.0,212.0,29269.0,744425.0,17975.0,744425.0,Hunter Henry,hunter henry,2,2,25.0,1,0.0,0.0,23.0,2.0,1.0,2.0248697,0,1.0869565,0.0952381,0.13372093,0.23646179,,,,,,,,,,,,,,,,,REG,NE,DAL,Hunter Henry,HenrHu00,0.0,0.0,0.0,158.3
2021,REG,6,00-0035689,D.Knox,TE,TE,BUF,14143,5fb525c5-4e70-4ede-8c49-94ad0cf66b7d,18631.0,35883.0,5906.0,,3930086.0,31928.0,,2186345.0,KnoxDa00,dawson-knox-1,13466.0,13953.0,88.0,31928.0,884083.0,20850.0,884083.0,Dawson Knox,dawson knox,3,3,25.0,0,0.0,0.0,4.0,21.0,2.0,0.8271326,0,6.25,0.06666667,0.01038961,0.10727273,,,,,,,,,,,,,,,,,REG,BUF,TEN,Dawson Knox,KnoxDa00,1.0,0.0,0.0,101.4
2021,REG,6,00-0033881,E.Engram,TE,TE,NYG,13189,e21365af-8d66-416e-b0a5-8816d18fcfd9,16411.0,11778.0,4066.0,,3051876.0,30136.0,,2079887.0,EngrEv00,evan-engram-1,11805.0,12205.0,229.0,30136.0,749185.0,18912.0,749185.0,Evan Engram,evan engram,3,5,24.0,0,0.0,0.0,23.0,16.0,2.0,-3.3481688,0,1.0434783,0.104166664,0.07590759,0.20938532,Evan Engram,NYG,6.638,3.1203903675134037,4.548,7.27447216890595,60.0,24.0,0.0,5.81,5.1260060741795614,0.6839939258204382,00-0033881,Evan,Engram,E.Engram,REG,NYG,LA,Evan Engram,EngrEv00,0.0,0.0,0.0,32.5
2021,REG,6,00-0033576,E.Saubert,TE,TE,DEN,13315,582dc00e-e7ec-4ca7-bff0-f7b1d604017b,16706.0,11929.0,4189.0,,2975863.0,30287.0,,2001018.0,SaubEr00,,11897.0,12300.0,,30287.0,694931.0,19035.0,694931.0,Eric Saubert,eric saubert,3,5,23.0,0,0.0,0.0,27.0,8.0,1.0,-1.2168221,0,0.8518519,0.104166664,0.055900622,0.19538043,Eric Saubert,DEN,6.104,3.4569071491296426,6.696000000000001,6.5128584211959675,60.0,23.0,0.0,2.353333333333334,1.791107452767695,0.562225880565639,00-0033576,Eric,Saubert,E.Saubert,REG,DEN,LV,Eric Saubert,SaubEr00,0.0,0.0,0.0,31.7
2021,REG,6,00-0036887,L.Farrell,TE,TE,JAX,15335,8a1f0e8e-6521-4a94-9934-ad4f76a25fd9,19501.0,42353.0,7842.0,,4040612.0,33533.0,,2260977.0,FarrLu00,luke-farrell-1,15566.0,,,33533.0,0.0,,946541.0,Luke Farrell,luke farrell,1,1,21.0,0,0.0,0.0,13.0,8.0,1.0,1.4547985,0,1.6153846,0.025,0.04391892,0.06824324,,,,,,,,,,,,,,,,,REG,JAX,MIA,Luke Farrell,FarrLu00,0.0,0.0,0.0,118.7
2021,REG,6,00-0024243,M.Lewis,TE,TE,GB,8269,9c21e9af-681c-41ef-9b00-fbc9e1668ed1,9413.0,2973.0,111.0,marcedeslewis/2495888,9614.0,7777.0,4007.0,415313.0,LewiMa00,marcedes-lewis-1,4891.0,3615.0,,7777.0,214197.0,3061.0,214197.0,Marcedes Lewis,marcedes lewis,2,2,17.0,0,0.0,0.0,5.0,12.0,0.0,1.3929322,0,3.4,0.0952381,0.030120483,0.16394147,,,,,,,,,,,,,,,,,REG,GB,CHI,Marcedes Lewis,LewiMa00,0.0,0.0,0.0,102.1
2021,REG,6,00-0032134,C.Uzomah,TE,TE,CIN,12317,19858900-5c8e-49a7-ab02-34ef625724ca,14084.0,9590.0,2460.0,c.j.uzomah/2552559,2574576.0,28545.0,,2174118.0,UzomC.00,cj-uzomah-1,10462.0,10534.0,,28545.0,593305.0,16917.0,593305.0,C.J. Uzomah,cj uzomah,3,3,15.0,1,0.0,0.0,11.0,4.0,1.0,2.1414335,0,1.3636364,0.10344828,0.050925925,0.19082056,,,,,,,,,,,,,,,,,REG,CIN,DET,C.J. Uzomah,UzomC.00,0.0,0.0,0.0,127.1
2021,REG,6,00-0031484,C.Manhertz,TE,TE,JAX,12955,7c7b5515-7786-4e24-9ce0-34e6a8bd5727,14014.0,10211.0,3048.0,,2531358.0,28365.0,,2167520.0,ManhCh00,,10033.0,10295.0,,28365.0,563293.0,17762.0,563293.0,Chris Manhertz,chris manhertz,1,1,11.0,0,0.0,0.0,11.0,0.0,1.0,0.7730524,0,1.0,0.025,0.037162162,0.06351351,,,,,,,,,,,,,,,,,REG,JAX,MIA,Chris Manhertz,ManhCh00,0.0,0.0,0.0,112.5
2021,REG,6,00-0033455,A.Firkser,TE,TE,TEN,13919,b0719e3d-199b-46e5-a2b4-1091f6fd5c0d,16787.0,51837.0,4435.0,,3049698.0,30571.0,,2818971.0,FirkAn00,,12235.0,12691.0,,30571.0,767297.0,19296.0,767297.0,Anthony Firkser,anthony firkser,1,1,11.0,0,0.0,0.0,2.0,9.0,1.0,2.3224514,0,5.5,0.04,0.010471204,0.06732985,,,,,,,,,,,,,,,,,REG,TEN,BUF,Anthony Firkser,FirkAn00,0.0,0.0,0.0,112.5
2021,REG,6,00-0034981,F.Moreau,TE,TE,LV,14239,9c3a67fd-5c6e-4689-9e08-9ff6d4db6c9a,18397.0,47043.0,5985.0,,3843945.0,31969.0,,2180634.0,MoreFo00,foster-moreau-1,13822.0,14154.0,179.0,31969.0,865573.0,20884.0,865573.0,Foster Moreau,foster moreau,1,1,11.0,0,0.0,0.0,11.0,0.0,1.0,0.6491172,0,1.0,0.04,0.036666665,0.085666664,,,,,,,,,,,,,,,,,REG,LV,DEN,Foster Moreau,MoreFo00,0.0,0.0,0.0,112.5
2021,REG,6,00-0031387,E.Ebron,TE,TE,PIT,11695,9fbcfae9-dd14-415c-8952-9b1b5dff0dfc,12143.0,8645.0,2118.0,ericebron/2543466,16732.0,27538.0,,1865396.0,EbroEr00,eric-ebron-1,9210.0,9390.0,,27538.0,605752.0,16451.0,605752.0,Eric Ebron,eric ebron,2,2,10.0,0,0.0,0.0,9.0,1.0,1.0,0.72868764,0,1.1111112,0.051282052,0.032967035,0.1,,,,,,,,,,,,,,,,,REG,PIT,SEA,Eric Ebron,EbroEr00,0.0,0.0,0.0,87.5
2021,REG,6,00-0033757,R.Tonyan,TE,TE,GB,13427,7c9c7800-69d0-459b-812b-a07ac48e9f2a,16502.0,12193.0,4602.0,,2975674.0,30777.0,,2820026.0,TonyRo00,,12389.0,12868.0,,30777.0,660151.0,19491.0,660151.0,Robert Tonyan,robert tonyan,2,3,10.0,0,0.0,0.0,32.0,1.0,0.0,-1.2284536,0,0.3125,0.14285715,0.19277108,0.34922546,,,,,,,,,,,,,,,,,REG,GB,CHI,Robert Tonyan,TonyRo00,0.0,0.0,0.0,71.5
2021,REG,6,00-0035329,D.Parham,TE,TE,LAC,14341,4f246e92-3d21-450f-977a-dc16892c7238,18835.0,91014.0,6074.0,,3912092.0,32456.0,,2183713.0,ParhDo00,,13602.0,14320.0,,32456.0,875649.0,20905.0,875649.0,Donald Parham,donald parham,2,2,10.0,0,0.0,0.0,3.0,7.0,0.0,-0.3770255,0,3.3333333,0.051282052,0.011811024,0.085190795,,,,,,,,,,,,,,,,,REG,LAC,BAL,Donald Parham,ParhDo00,0.0,0.0,0.0,87.5
2021,REG,6,00-0033858,J.Smith,TE,TE,NE,13193,e4f25a37-74de-4bfb-b6c9-f50a4fab0b87,16460.0,11855.0,4144.0,,3054212.0,30213.0,,2081506.0,SmitJo01,jonnu-smith-1,11807.0,12344.0,84.0,30213.0,743749.0,18990.0,743749.0,Jonnu Smith,jonnu smith,1,2,9.0,0,0.0,0.0,1.0,8.0,0.0,0.05696612,0,9.0,0.0952381,0.0058139535,0.14692691,,,,,,,,,,,,,,,,,REG,NE,DAL,Jonnu Smith,SmitJo01,0.0,0.0,0.0,62.5
2021,REG,6,00-0027981,K.Rudolph,TE,TE,NYG,10312,1059e9dc-97df-4643-9116-883a0573d8b1,9906.0,6195.0,943.0,kylerudolph/2495438,14054.0,24830.0,7444.0,1633122.0,RudoKy00,kyle-rudolph-1,7246.0,6459.0,,24830.0,469472.0,13275.0,469472.0,Kyle Rudolph,kyle rudolph,1,2,8.0,0,0.0,0.0,12.0,8.0,0.0,-0.3239531,1,0.6666667,0.041666668,0.03960396,0.090222776,,,,,,,,,,,,,,,,,REG,NYG,LA,Kyle Rudolph,RudoKy00,1.0,0.0,0.0,60.4
2021,REG,6,00-0032141,G.Swaim,TE,TE,TEN,12378,d0f9112d-2496-450a-9fc5-d2d01b4d2454,14164.0,9679.0,2545.0,geoffswaim/2553454,3046704.0,28634.0,,2174207.0,SwaiGe00,geoff-swaim-1,10507.0,10617.0,,28634.0,728021.0,17005.0,728021.0,Geoff Swaim,geoff swaim,1,2,8.0,0,0.0,0.0,5.0,3.0,1.0,0.8310092,0,1.6,0.08,0.02617801,0.1383246,,,,,,,,,,,,,,,,,REG,TEN,BUF,Geoff Swaim,SwaiGe00,0.0,0.0,0.0,60.4
2021,REG,6,00-0033338,C.Carter,TE,TE,MIA,13369,53fd9a69-1b10-4fd6-90e7-ee84cca9e041,16543.0,47149.0,4362.0,,3040470.0,30577.0,,2060620.0,CartCe00,,11889.0,12499.0,,30577.0,728274.0,19219.0,728274.0,Cethan Carter,cethan carter,1,1,8.0,0,0.0,0.0,1.0,7.0,0.0,0.3410656,0,8.0,0.021276595,0.0025575447,0.033705175,,,,,,,,,,,,,,,,,REG,MIA,JAX,Cethan Carter,CartCe00,0.0,0.0,0.0,100.0
2021,REG,6,00-0033439,P.Brown,TE,TE,HOU,13994,6733b953-de77-44e5-acbf-c2d3a0940243,16937.0,12247.0,4443.0,,2971281.0,30627.0,,2819155.0,BrowPh01,,11887.0,12737.0,,30627.0,689689.0,19304.0,689689.0,Pharaoh Brown,pharaoh brown,2,3,8.0,0,0.0,0.0,13.0,8.0,0.0,-1.4652786,0,0.61538464,0.071428575,0.045774646,0.13918512,,,,,,,,,,,,,,,,,REG,HOU,IND,Pharaoh Brown,BrowPh01,0.0,0.0,0.0,70.1
2021,REG,6,00-0034159,W.Dissly,TE,TE,SEA,13763,383f4814-6836-4766-a297-fc063e8509cc,18049.0,30762.0,5010.0,,3127292.0,31090.0,,2139628.0,DissWi00,will-dissly-1,12986.0,13246.0,86.0,31090.0,837806.0,19950.0,837806.0,Will Dissly,will dissly,2,2,8.0,1,0.0,0.0,3.0,5.0,1.0,1.0083292,0,2.6666667,0.06451613,0.030303031,0.117986314,,,,,,,,,,,,,,,,,REG,SEA,PIT,Will Dissly,DissWi00,0.0,0.0,0.0,122.9
2021,REG,6,00-0036628,J.Bates,TE,TE,WAS,15344,3208880b-949f-4926-85eb-1940770550ea,22833.0,42275.0,7716.0,,4048228.0,33512.0,,2257291.0,BateJo00,john-bates-1,15289.0,,,33512.0,0.0,,944038.0,John Bates,john bates,1,1,7.0,0,0.0,0.0,2.0,5.0,0.0,1.3865826,0,3.5,0.025641026,0.0072727273,0.043552447,,,,,,,,,,,,,,,,,REG,WAS,KC,John Bates,BateJo00,0.0,0.0,0.0,95.8
2021,REG,6,00-0033885,D.Njoku,TE,TE,CLE,13192,8f86fcea-90e8-49ea-bc78-5c7659313e57,16399.0,11784.0,4033.0,,3123076.0,30142.0,,2136474.0,NjokDa00,david-njoku-1,11734.0,12186.0,252.0,30142.0,832098.0,18876.0,832098.0,David Njoku,david njoku,1,2,6.0,0,0.0,0.0,6.0,6.0,0.0,0.23977591,0,1.0,0.06451613,0.024896266,0.11420158,,,,,,,,,,,,,,,,,REG,CLE,ARI,David Njoku,NjokDa00,1.0,1.0,0.5,56.2
2021,REG,6,00-0032392,A.Hooper,TE,TE,CLE,12677,90c2a93f-d837-4e1b-b57c-56648903a8db,15581.0,10715.0,3202.0,,3043275.0,29315.0,,2067004.0,HoopAu00,austin-hooper-1,10748.0,11301.0,384.0,29315.0,739424.0,17963.0,739424.0,Austin Hooper,austin hooper,1,3,4.0,0,0.0,0.0,10.0,2.0,1.0,1.1627607,0,0.4,0.09677419,0.041493777,0.17420693,,,,,,,,,,,,,,,,,REG,CLE,ARI,Austin Hooper,HoopAu00,0.0,1.0,0.333,42.4
2021,REG,6,00-0036332,J.Deguara,TE,TE,GB,14876,7874d188-0fcd-4af9-9289-27c27e2bbd16,19456.0,47034.0,7050.0,,3914151.0,32764.0,,2181108.0,DeguJo00,josiah-deguara-1,14629.0,,,32764.0,0.0,21798.0,866149.0,Josiah Deguara,josiah deguara,1,1,4.0,0,0.0,0.0,3.0,1.0,0.0,-0.06853183,0,1.3333334,0.04761905,0.018072288,0.084079176,,,,,,,,,,,,,,,,,REG,GB,CHI,Josiah Deguara,DeguJo00,0.0,0.0,0.0,83.3
2021,REG,6,00-0034766,C.Herndon,TE,TE,MIN,13679,780a48de-d092-4e87-9c34-8d1b45a154cc,17536.0,47164.0,5009.0,,3123050.0,31077.0,,2136463.0,HernCh00,christopher-herndon-iv-1,12899.0,13228.0,,31077.0,832080.0,19947.0,832080.0,Chris Herndon,chris herndon,1,1,2.0,1,0.0,0.0,-1.0,3.0,1.0,0.7561698,0,0.0,0.022222223,-0.002754821,0.031404957,,,,,,,,,,,,,,,,,REG,MIN,CAR,Chris Herndon,HernCh00,0.0,0.0,0.0,118.7
2021,REG,6,00-0035249,J.Oliver,TE,TE,BAL,14209,dc83f7af-7b30-4c4a-9c93-f67bd8db954b,18487.0,47083.0,5973.0,,3921690.0,31901.0,,2184618.0,OlivJo00,josh-oliver-1,13786.0,14127.0,7.0,31901.0,881779.0,20899.0,881779.0,Josh Oliver,josh oliver,1,1,2.0,0,1.0,0.0,1.0,1.0,0.0,-1.1222602,0,2.0,0.037037037,0.005586592,0.05946617,,,,,,,,,,,,,,,,,REG,BAL,LAC,Josh Oliver,OlivJo00,0.0,0.0,0.0,79.2
2021,REG,6,00-0033658,B.Jarwin,TE,TE,DAL,13722,43e8a6ac-d451-4dbd-b145-797764f91494,16638.0,12320.0,4571.0,,2991767.0,30784.0,,2819999.0,JarwBl00,,12179.0,12507.0,,30784.0,711965.0,19457.0,711965.0,Blake Jarwin,blake jarwin,1,2,1.0,1,0.0,0.0,17.0,0.0,1.0,-0.053639073,0,0.05882353,0.040816326,0.038990825,0.08851807,,,,,,,,,,,,,,,,,REG,DAL,NE,Blake Jarwin,JarwBl00,0.0,0.0,0.0,95.8
2021,REG,6,00-0035308,T.Sweeney,TE,TE,BUF,14294,ec63ee49-3a03-44ca-a083-3916f0bccd76,18325.0,47216.0,6137.0,,3122818.0,32060.0,,2139106.0,SweeTo00,tommy-sweeney-1,13667.0,14287.0,,32060.0,836094.0,20957.0,836094.0,Tommy Sweeney,tommy sweeney,1,1,1.0,1,0.0,0.0,1.0,0.0,1.0,1.319124,0,1.0,0.022222223,0.0025974025,0.035151515,,,,,,,,,,,,,,,,,REG,BUF,TEN,Tommy Sweeney,SweeTo00,0.0,0.0,0.0,118.7
2021,REG,6,00-0030181,J.Doyle,TE,TE,IND,11516,bd413539-9351-454e-9d61-4e8635d7e9f5,11987.0,8520.0,1706.0,jackdoyle/2540232,16504.0,27299.0,,2041264.0,DoylJa00,,9081.0,9075.0,,27299.0,477386.0,15602.0,477386.0,Jack Doyle,jack doyle,0,1,0.0,0,0.0,0.0,4.0,0.0,0.0,-0.42177528,0,0.0,0.055555556,0.017021276,0.09524823,,,,,,,,,,,,,,,,,REG,IND,HOU,Jack Doyle,DoylJa00,0.0,1.0,1.0,39.6
2021,REG,6,00-0033258,D.Daniels,TE,TE,ARI,13396,7574eb56-a34a-419e-9682-c4788cfe2019,16582.0,12122.0,4323.0,,3052166.0,30523.0,,2079698.0,DaniDa02,,11890.0,12453.0,,30523.0,747895.0,19176.0,747895.0,Darrell Daniels,darrell daniels,0,1,0.0,0,0.0,0.0,0.0,0.0,0.0,-0.45857966,0,,0.035714287,0.0,0.05357143,,,,,,,,,,,,,,,,,REG,ARI,CLE,Darrell Daniels,DaniDa02,0.0,0.0,0.0,39.6
2021,REG,6,00-0033387,J.Hollister,TE,TE,JAX,13391,ad2a1d03-020b-487a-bd5f-7ca9fbc250fe,16527.0,12051.0,4421.0,,3125404.0,30661.0,,2818962.0,HollJa03,,12271.0,12491.0,,30661.0,696882.0,19281.0,696882.0,Jacob Hollister,jacob hollister,0,1,0.0,0,0.0,0.0,-5.0,0.0,0.0,-0.6159248,0,0.0,0.025,-0.016891891,0.025675675,,,,,,,,,,,,,,,,,REG,JAX,MIA,Jacob Hollister,HollJa03,0.0,0.0,0.0,39.6
2021,REG,6,00-0035631,D.Sample,TE,TE,CIN,14146,15a4f552-ecaf-45bd-9006-aa5dda93bee6,18561.0,47259.0,6001.0,,3127310.0,31884.0,,2139646.0,SampDr00,drew-sample-1,13809.0,14111.0,435.0,31884.0,837824.0,20931.0,837824.0,Drew Sample,drew sample,0,1,0.0,0,0.0,0.0,18.0,0.0,0.0,-0.6136535,0,0.0,0.03448276,0.083333336,0.11005747,,,,,,,,,,,,,,,,,REG,CIN,DET,Drew Sample,SampDr00,0.0,0.0,0.0,39.6
2021,REG,6,00-0037004,H.Long,TE,TE,MIA,15334,ebc576d0-a98b-4f82-aaf9-901a3911487d,22783.0,60859.0,7535.0,,4239944.0,33469.0,,2867428.0,LongHu00,hunter-long-3,15246.0,,1056.0,33469.0,0.0,,1060550.0,Hunter Long,hunter long,0,1,0.0,0,0.0,0.0,2.0,0.0,0.0,-0.53562987,0,0.0,0.021276595,0.0051150895,0.035495456,,,,,,,,,,,,,,,,,REG,MIA,JAX,Hunter Long,LongHu00,0.0,0.0,0.0,39.6
2021,REG,6,00-0037005,T.Tremble,TE,TE,CAR,15332,cbee2fd3-e5f2-4316-bffd-531f1873f032,22795.0,84025.0,7694.0,,4372780.0,33471.0,,2969027.0,TremTo00,tommy-tremble-1,15371.0,,1054.0,33471.0,0.0,,1130555.0,Tommy Tremble,tommy tremble,0,2,0.0,0,0.0,0.0,28.0,0.0,0.0,-1.148097,1,0.0,0.051282052,0.066985644,0.123813026,,,,,,,,,,,,,,,,,REG,CAR,MIN,Tommy Tremble,TremTo00,0.0,0.0,0.0,39.6
2021,REG,6,00-0032725,S.Anderson,TE,TE,LAC,12859,5cb0bf9c-03b4-4201-97c5-a59c6db50841,15760.0,11160.0,3496.0,,2576854.0,29789.0,,1880821.0,AndeSt01,,10885.0,11556.0,,29789.0,607660.0,18262.0,607660.0,Stephen Anderson,stephen anderson,1,2,-1.0,0,0.0,0.0,-3.0,2.0,0.0,-1.4756528,0,0.0,0.051282052,-0.011811024,0.06865536,,,,,,,,,,,,,,,,,REG,LAC,BAL,Stephen Anderson,AndeSt01,0.0,0.0,0.0,56.2
2021,REG,7,00-0036970,K.Pitts,TE,TE,ATL,15329,1f3deb24-9ff8-4769-8f42-825eff7742f6,20164.0,83964.0,7553.0,,4360248.0,33392.0,,2964514.0,PittKy00,kyle-pitts-1,15265.0,,1051.0,33392.0,0.0,,1123026.0,Kyle Pitts,kyle pitts,7,8,163.0,0,0.0,0.0,148.0,27.0,6.0,9.890671,0,1.1013514,0.20512821,0.41573033,0.59870356,Kyle Pitts,ATL,3.0957142857142856,2.846951877189145,16.783749999999998,39.50047069898799,87.5,163.0,0.0,5.578571428571427,4.161363280177317,1.4172081483941108,00-0036970,Kyle,Pitts,K.Pitts,REG,ATL,MIA,Kyle Pitts,PittKy00,1.0,0.0,0.0,118.7
2021,REG,7,00-0032134,C.Uzomah,TE,TE,CIN,12317,19858900-5c8e-49a7-ab02-34ef625724ca,14084.0,9590.0,2460.0,c.j.uzomah/2552559,2574576.0,28545.0,,2174118.0,UzomC.00,cj-uzomah-1,10462.0,10534.0,,28545.0,593305.0,16917.0,593305.0,C.J. Uzomah,cj uzomah,3,3,91.0,2,0.0,0.0,50.0,41.0,3.0,8.255131,0,1.82,0.083333336,0.1285347,0.2149743,,,,,,,,,,,,,,,,,REG,CIN,BAL,C.J. Uzomah,UzomC.00,0.0,0.0,0.0,158.3
2021,REG,7,00-0034829,M.Gesicki,TE,TE,MIA,13672,1012cbe0-7eba-4169-bfca-183a0204e1a7,17272.0,47153.0,4993.0,,3116164.0,31012.0,,2139298.0,GesiMi00,mike-gesicki-1,12764.0,13104.0,330.0,31012.0,836152.0,19853.0,836152.0,Mike Gesicki,mike gesicki,7,8,85.0,1,0.0,0.0,82.0,14.0,5.0,6.406139,0,1.0365853,0.2,0.338843,0.5371901,Mike Gesicki,MIA,5.672857142857143,2.2324920582950654,9.911250000000003,32.87449728429869,87.5,85.0,1.0,2.694285714285712,2.9276956145353585,-0.23340990024964636,00-0034829,Michael,Gesicki,M.Gesicki,REG,MIA,ATL,Mike Gesicki,GesiMi00,0.0,0.0,0.0,150.5
2021,REG,7,00-0034351,D.Goedert,TE,TE,PHI,13674,e8029983-87cf-49a2-bc04-04c8233a0630,17270.0,47272.0,5022.0,,3121023.0,31019.0,,2132551.0,GoedDa00,,12860.0,13151.0,382.0,31019.0,791365.0,19863.0,791365.0,Dallas Goedert,dallas goedert,3,5,70.0,0,0.0,0.0,99.0,11.0,3.0,6.0933642,1,0.7070707,0.16129032,0.2955224,0.44880116,Dallas Goedert,PHI,6.784000000000001,2.310007016908048,18.298,27.76715530061611,60.0,70.0,0.0,4.703333333333333,3.257954253471515,1.445379079861818,00-0034351,Dallas,Goedert,D.Goedert,REG,PHI,LV,Dallas Goedert,GoedDa00,0.0,0.0,0.0,104.2
2021,REG,7,00-0030061,Z.Ertz,TE,TE,ARI,11247,de3421f7-2147-4835-89a5-724e87bad463,11689.0,7816.0,1339.0,zachertz/2540158,15835.0,26658.0,,1685963.0,ErtzZa00,zach-ertz-1,8781.0,8409.0,305.0,26658.0,503177.0,14856.0,503177.0,Zach Ertz,zach ertz,3,5,66.0,1,0.0,0.0,63.0,36.0,3.0,1.0400108,0,1.0476191,0.17857143,0.24901186,0.44216543,Zach Ertz,ARI,6.02,3.5281048530485286,10.096,20.742932281393816,60.0,66.0,1.0,13.42,11.312819381307841,2.1071806186921584,00-0030061,Zachary,Ertz,Z.Ertz,REG,ARI,HOU,Zach Ertz,ErtzZa00,0.0,0.0,0.0,104.2
2021,REG,7,00-0030506,T.Kelce,TE,TE,KC,11244,c3859e06-5f23-4302-a71b-04820a899d5f,11594.0,7844.0,1466.0,traviskelce/2540258,15847.0,26686.0,,1725130.0,KelcTr00,travis-kelce-1,8783.0,8411.0,264.0,26686.0,448240.0,15048.0,448240.0,Travis Kelce,travis kelce,7,12,65.0,0,0.0,0.0,110.0,35.0,4.0,1.4316695,0,0.59090906,0.25,0.3133903,0.5943732,Travis Kelce,KC,6.837272727272728,3.4294500357134496,7.8275,28.31690331916433,58.333333333333336,65.0,0.0,5.37,5.25439922054386,0.11560077945614022,00-0030506,Travis,Kelce,T.Kelce,REG,KC,TEN,Travis Kelce,KelcTr00,0.0,0.0,0.0,73.3
2021,REG,7,00-0033757,R.Tonyan,TE,TE,GB,13427,7c9c7800-69d0-459b-812b-a07ac48e9f2a,16502.0,12193.0,4602.0,,2975674.0,30777.0,,2820026.0,TonyRo00,,12389.0,12868.0,,30777.0,660151.0,19491.0,660151.0,Robert Tonyan,robert tonyan,4,5,63.0,1,0.0,0.0,40.0,20.0,3.0,5.4327855,0,1.575,0.14705883,0.2020202,0.36200237,Robert Tonyan,GB,4.715,4.643558855313041,7.9140000000000015,21.316597532726394,80.0,63.0,1.0,5.6949999999999985,4.759998992587498,0.9350010074125006,00-0033757,Robert,Tonyan,R.Tonyan,REG,GB,WAS,Robert Tonyan,TonyRo00,0.0,0.0,0.0,158.3
2021,REG,7,00-0034981,F.Moreau,TE,TE,LV,14239,9c3a67fd-5c6e-4689-9e08-9ff6d4db6c9a,18397.0,47043.0,5985.0,,3843945.0,31969.0,,2180634.0,MoreFo00,foster-moreau-1,13822.0,14154.0,179.0,31969.0,865573.0,20884.0,865573.0,Foster Moreau,foster moreau,6,6,60.0,1,0.0,0.0,37.0,23.0,4.0,4.931557,0,1.6216216,0.1764706,0.19170985,0.39890277,Foster Moreau,LV,7.496666666666667,3.164818115182547,5.138333333333334,18.29999406422509,100.0,60.0,1.0,4.861666666666666,3.695520354306685,1.1661463123599813,00-0034981,Foster,Moreau,F.Moreau,REG,LV,PHI,Foster Moreau,MoreFo00,0.0,0.0,0.0,147.9
2021,REG,7,00-0033858,J.Smith,TE,TE,NE,13193,e4f25a37-74de-4bfb-b6c9-f50a4fab0b87,16460.0,11855.0,4144.0,,3054212.0,30213.0,,2081506.0,SmitJo01,jonnu-smith-1,11807.0,12344.0,84.0,30213.0,743749.0,18990.0,743749.0,Jonnu Smith,jonnu smith,2,5,52.0,0,0.0,0.0,54.0,47.0,2.0,3.0006711,0,0.962963,0.125,0.15561959,0.29643372,Jonnu Smith,NE,6.529999999999999,3.3945621018201138,10.078,15.00684972303294,40.0,52.0,0.0,23.885,15.772526476752319,8.112473523247683,00-0033858,Jonnu,Smith,J.Smith,REG,NE,NYJ,Jonnu Smith,SmitJo01,0.0,0.0,0.0,78.7
2021,REG,7,00-0033611,R.Seals-Jones,TE,TE,WAS,13382,52735659-a294-4f64-a7f4-3591450834e5,16730.0,12020.0,4531.0,,3051806.0,30494.0,,2080003.0,SealRi00,,11876.0,12463.0,,30494.0,744568.0,19410.0,744568.0,Ricky Seals-Jones,ricky seals-jones,6,7,51.0,0,0.0,0.0,29.0,25.0,4.0,-1.3873682,0,1.7586207,0.19444445,0.112840466,0.370655,Ricky Seals-Jones,WAS,5.825714285714286,4.522434167426214,4.718571428571428,11.800643086816716,85.71428571428571,51.0,0.0,4.215,3.90731840088043,0.30768159911957005,00-0033611,Roderick,Seals-Jones,R.Seals-Jones,REG,WAS,GB,Ricky Seals-Jones,SealRi00,0.0,0.0,0.0,97.0
2021,REG,7,00-0034753,M.Andrews,TE,TE,BAL,13671,0618f387-9b72-4270-8b8f-dec4cccc9e4a,17269.0,47436.0,5012.0,,3116365.0,31056.0,,2131121.0,AndrMa00,mark-andrews-1,12559.0,13182.0,366.0,31056.0,820699.0,19803.0,820699.0,Mark Andrews,mark andrews,3,7,48.0,0,1.0,0.0,82.0,12.0,2.0,0.26134658,0,0.58536583,0.17073171,0.14211439,0.35557762,Mark Andrews,BAL,8.0525,3.314552242233945,11.588571428571429,14.276663146779303,42.857142857142854,48.0,0.0,3.713333333333331,3.1179416286505934,0.5953917046827377,00-0034753,Mark,Andrews,M.Andrews,REG,BAL,CIN,Mark Andrews,AndrMa00,0.0,0.0,0.0,66.4
2021,REG,7,00-0035229,T.Hockenson,TE,TE,DET,14138,bd1120b6-38b3-4225-a4b0-20660a149d0d,18290.0,40912.0,5844.0,,4036133.0,31840.0,,2251097.0,HockTJ00,tj-hockenson-1,13610.0,14051.0,247.0,31840.0,923915.0,20805.0,923915.0,T.J. Hockenson,tj hockenson,6,9,48.0,0,0.0,0.0,55.0,16.0,2.0,-4.4569364,0,0.8727273,0.28125,0.39007092,0.69492465,T.J. Hockenson,DET,6.845555555555555,2.6149043818380973,7.032222222222223,47.390490453013854,66.66666666666666,48.0,0.0,2.9583333333333317,2.177933379588391,0.7803999537449409,00-0035229,Thomas,Hockenson,T.Hockenson,REG,DET,LA,T.J. Hockenson,HockTJ00,0.0,0.0,0.0,40.3
2021,REG,7,00-0033110,T.Higbee,TE,TE,LA,12678,0df7912d-9e81-47ea-b4f7-d04986df4ee8,15623.0,10744.0,3271.0,,2573401.0,29344.0,,1853103.0,HigbTy00,tyler-higbee-1,10854.0,11430.0,159.0,29344.0,604176.0,18032.0,604176.0,Tyler Higbee,tyler higbee,5,8,46.0,0,0.0,0.0,37.0,22.0,2.0,-0.6506141,0,1.2432432,0.19512194,0.09660574,0.36030695,Tyler Higbee,LAR,5.26125,2.595492803016957,4.218749999999999,9.50035186488388,62.5,46.0,0.0,4.488000000000001,4.201891354782845,0.2861086452171566,00-0033110,Tyler,Higbee,T.Higbee,REG,LA,DET,Tyler Higbee,HigbTy00,0.0,0.0,0.0,78.1
2021,REG,7,00-0033881,E.Engram,TE,TE,NYG,13189,e21365af-8d66-416e-b0a5-8816d18fcfd9,16411.0,11778.0,4066.0,,3051876.0,30136.0,,2079887.0,EngrEv00,evan-engram-1,11805.0,12205.0,229.0,30136.0,749185.0,18912.0,749185.0,Evan Engram,evan engram,6,8,44.0,0,0.0,0.0,3.0,44.0,1.0,-3.1988664,0,14.666667,0.24242425,0.014150944,0.373542,Evan Engram,NYG,5.88125,5.949233344362135,1.2687500000000016,4.891330538287317,75.0,44.0,0.0,7.763333333333332,8.856518935074368,-1.0931856017410357,00-0033881,Evan,Engram,E.Engram,REG,NYG,CAR,Evan Engram,EngrEv00,0.0,0.0,0.0,87.5
2021,REG,7,00-0036290,C.Kmet,TE,TE,CHI,14867,036feeb6-9a22-43c5-a8e3-7ac611d8ff49,19229.0,60995.0,6826.0,,4258595.0,32713.0,,2868619.0,KmetCo00,cole-kmet-1,14436.0,,569.0,32713.0,0.0,21772.0,1066765.0,Cole Kmet,cole kmet,5,6,43.0,0,0.0,0.0,29.0,22.0,2.0,-0.2406896,0,1.4827586,0.19354838,0.14795919,0.39389402,Cole Kmet,CHI,4.715999999999999,2.8962329064775054,4.55,15.067056680832277,83.33333333333334,43.0,0.0,4.564000000000002,4.612953329162474,-0.048953329162472414,00-0036290,Cole,Kmet,C.Kmet,REG,CHI,TB,Cole Kmet,KmetCo00,0.0,1.0,0.167,96.5
2021,REG,7,00-0032392,A.Hooper,TE,TE,CLE,12677,90c2a93f-d837-4e1b-b57c-56648903a8db,15581.0,10715.0,3202.0,,3043275.0,29315.0,,2067004.0,HoopAu00,austin-hooper-1,10748.0,11301.0,384.0,29315.0,739424.0,17963.0,739424.0,Austin Hooper,austin hooper,2,3,42.0,0,0.0,0.0,3.0,39.0,1.0,2.351738,0,14.0,0.09375,0.013157895,0.14983553,,,,,,,,,,,,,,,,,REG,CLE,DEN,Austin Hooper,HoopAu00,1.0,0.0,0.0,109.7
2021,REG,7,00-0035644,N.Fant,TE,TE,DEN,14137,cdc98acc-9eb6-4b44-81bb-61d7b8a3b55f,17527.0,42388.0,5857.0,,4036131.0,31852.0,,2251095.0,FantNo00,noah-fant-1,13426.0,14050.0,243.0,31852.0,923911.0,20753.0,923911.0,Noah Fant,noah fant,5,7,39.0,0,0.0,0.0,22.0,25.0,1.0,0.49728754,0,1.7727273,0.21875,0.12643678,0.41663074,Noah Fant,DEN,9.148,5.465998745105097,5.191428571428572,18.611082659018745,71.42857142857143,39.0,0.0,5.012000000000001,5.771018861382572,-0.7590188613825708,00-0035644,Noah,Fant,N.Fant,REG,DEN,CLE,Noah Fant,FantNo00,0.0,0.0,0.0,84.8
2021,REG,7,00-0034798,D.Smythe,TE,TE,MIA,13676,7e42a22a-c47b-4387-aeeb-2cc2e76dc1d8,17508.0,47257.0,5008.0,,3052897.0,31093.0,,2082845.0,SmytDu00,durham-smythe-1,12807.0,13249.0,,31093.0,749968.0,19943.0,749968.0,Durham Smythe,durham smythe,3,4,37.0,0,0.0,0.0,48.0,3.0,2.0,-2.7208042,0,0.7708333,0.1,0.1983471,0.28884298,,,,,,,,,,,,,,,,,REG,MIA,ATL,Durham Smythe,SmytDu00,0.0,0.0,0.0,63.5
2021,REG,7,00-0036422,A.Trautman,TE,TE,NO,14870,4e14183b-f974-4745-9d7f-8f5eb2a92a7d,19423.0,109795.0,6869.0,,3911853.0,32775.0,,2182228.0,TrauAd00,,14541.0,,566.0,32775.0,0.0,21786.0,875444.0,Adam Trautman,adam trautman,3,3,36.0,0,1.0,1.0,9.0,27.0,2.0,-2.2415664,0,4.0,0.09375,0.030201342,0.16176593,,,,,,,,,,,,,,,,,REG,NO,SEA,Adam Trautman,TrauAd00,0.0,0.0,0.0,116.7
2021,REG,7,00-0034830,H.Hurst,TE,TE,ATL,13680,1b125fc4-5dd9-4eb9-a42f-048e61ca42b7,17283.0,47294.0,4973.0,,3924365.0,30995.0,,2185053.0,HursHa00,hayden-hurst-1,12467.0,13098.0,8.0,30995.0,881956.0,19843.0,881956.0,Hayden Hurst,hayden hurst,3,4,35.0,0,0.0,0.0,29.0,15.0,2.0,1.9280521,0,1.2068965,0.102564104,0.08146068,0.21086863,,,,,,,,,,,,,,,,,REG,ATL,MIA,Hayden Hurst,HursHa00,0.0,0.0,0.0,101.0
2021,REG,7,00-0024243,M.Lewis,TE,TE,GB,8269,9c21e9af-681c-41ef-9b00-fbc9e1668ed1,9413.0,2973.0,111.0,marcedeslewis/2495888,9614.0,7777.0,4007.0,415313.0,LewiMa00,marcedes-lewis-1,4891.0,3615.0,,7777.0,214197.0,3061.0,214197.0,Marcedes Lewis,marcedes lewis,3,3,31.0,0,0.0,0.0,12.0,19.0,2.0,1.6706302,0,2.5833333,0.0882353,0.060606062,0.17477718,,,,,,,,,,,,,,,,,REG,GB,WAS,Marcedes Lewis,LewiMa00,1.0,0.0,0.0,109.7
2021,REG,7,00-0036429,C.Woerner,TE,TE,SF,14984,527dfee0-a242-4dc7-830a-ab7028308259,19665.0,42257.0,7075.0,,4035020.0,32860.0,,2248629.0,WoerCh00,charlie-woerner-1,14608.0,,,32860.0,0.0,22119.0,922040.0,Charlie Woerner,charlie woerner,2,2,30.0,0,0.0,0.0,28.0,2.0,1.0,1.5859995,0,1.0714285,0.074074075,0.11814346,0.19381154,,,,,,,,,,,,,,,,,REG,SF,IND,Charlie Woerner,WoerCh00,0.0,0.0,0.0,118.7
2021,REG,7,00-0035249,J.Oliver,TE,TE,BAL,14209,dc83f7af-7b30-4c4a-9c93-f67bd8db954b,18487.0,47083.0,5973.0,,3921690.0,31901.0,,2184618.0,OlivJo00,josh-oliver-1,13786.0,14127.0,7.0,31901.0,881779.0,20899.0,881779.0,Josh Oliver,josh oliver,2,5,29.0,0,0.0,0.0,74.0,8.0,2.0,-1.6827147,0,0.3918919,0.12195122,0.12824957,0.27270153,Josh Oliver,BAL,9.526666666666666,4.098526247553903,13.038,11.473072861668426,40.0,29.0,0.0,4.309999999999999,3.3938031957550265,0.9161968042449722,00-0035249,Josh,Oliver,J.Oliver,REG,BAL,CIN,Josh Oliver,OlivJo00,0.0,0.0,0.0,59.6
2021,REG,7,00-0031585,M.Pruitt,TE,TE,TEN,12309,f22b34cf-6ecf-4522-9c77-1da275dfda7d,13964.0,9576.0,2446.0,,2508256.0,28531.0,,1760327.0,PruiMy00,,10251.0,10522.0,,28531.0,552586.0,16903.0,552586.0,MyCole Pruitt,mycole pruitt,2,3,27.0,1,0.0,0.0,25.0,2.0,2.0,-1.8087398,0,1.08,0.11111111,0.12135922,0.25161812,,,,,,,,,,,,,,,,,REG,TEN,KC,MyCole Pruitt,PruiMy00,0.0,0.0,0.0,95.1
2021,REG,7,00-0033217,M.Alie-Cox,TE,TE,IND,13246,8809c0dd-786b-4255-a7d0-333c9498c19a,16579.0,12078.0,4054.0,moalie-cox/2558832,2998565.0,30112.0,,2815925.0,AlieMo00,,12196.0,12221.0,195.0,30112.0,712506.0,18900.0,712506.0,Mo Alie-Cox,mo alie-cox,3,3,25.0,1,0.0,0.0,9.0,16.0,1.0,2.9752722,0,2.7777777,0.115384616,0.04712042,0.20606121,,,,,,,,,,,,,,,,,REG,IND,SF,Mo Alie-Cox,AlieMo00,0.0,0.0,0.0,141.0
2021,REG,7,00-0033090,H.Henry,TE,TE,NE,12676,705899da-3c20-4bc3-b5d0-2e6e40655131,15561.0,10669.0,3214.0,,3046439.0,29269.0,,2079848.0,HenrHu00,hunter-henry-1,10735.0,11299.0,212.0,29269.0,744425.0,17975.0,744425.0,Hunter Henry,hunter henry,2,4,23.0,1,0.0,0.0,43.0,8.0,2.0,0.13577408,0,0.53488374,0.1,0.12391931,0.23674351,,,,,,,,,,,,,,,,,REG,NE,NYJ,Hunter Henry,HenrHu00,0.0,0.0,0.0,107.3
2021,REG,7,00-0033896,A.Shaheen,TE,TE,MIA,13254,87171077-4c1c-4b67-b159-2cc6242988e0,16457.0,11800.0,4085.0,,4198676.0,30158.0,,2818105.0,ShahAd00,,11898.0,12283.0,,30158.0,1049770.0,18931.0,1049770.0,Adam Shaheen,adam shaheen,4,5,23.0,0,0.0,0.0,20.0,6.0,0.0,-0.42133,0,1.15,0.125,0.08264463,0.24535124,Adam Shaheen,MIA,3.1966666666666668,4.645324706232456,3.7299999999999978,7.732493055267627,80.0,23.0,0.0,1.7525000000000022,2.7192456041651667,-0.9667456041651645,00-0033896,Adam,Shaheen,A.Shaheen,REG,MIA,ATL,Adam Shaheen,ShahAd00,0.0,1.0,0.2,85.8
2021,REG,7,00-0032135,J.James,TE,TE,CHI,12211,a37a5bfd-b48c-4d8b-817a-d8ce7ca3592d,13959.0,9593.0,2463.0,jessejames/2552633,2979590.0,28548.0,,1983808.0,JameJe00,jesse-james-1,10150.0,10403.0,,28548.0,652019.0,16920.0,652019.0,Jesse James,jesse james,3,3,20.0,0,0.0,0.0,10.0,10.0,1.0,0.5072604,0,2.0,0.09677419,0.05102041,0.18087557,,,,,,,,,,,,,,,,,REG,CHI,TB,Jesse James,JameJe00,0.0,0.0,0.0,94.4
2021,REG,7,00-0033885,D.Njoku,TE,TE,CLE,13192,8f86fcea-90e8-49ea-bc78-5c7659313e57,16399.0,11784.0,4033.0,,3123076.0,30142.0,,2136474.0,NjokDa00,david-njoku-1,11734.0,12186.0,252.0,30142.0,832098.0,18876.0,832098.0,David Njoku,david njoku,2,2,18.0,0,0.0,0.0,0.0,18.0,1.0,2.353713,0,0.0,0.0625,0.0,0.09375,,,,,,,,,,,,,,,,,REG,CLE,DEN,David Njoku,NjokDa00,0.0,0.0,0.0,104.2
2021,REG,7,00-0030108,R.Griffin,TE,TE,NYJ,11399,cb1df42c-b59c-4e23-a9a2-fbfc2b39ef71,11830.0,7982.0,1425.0,ryangriffin/2541316,15887.0,26824.0,,2057695.0,GrifRy00,ryan-griffin-1,8911.0,8600.0,,26824.0,465129.0,14985.0,465129.0,Ryan Griffin,ryan griffin,1,2,15.0,0,0.0,0.0,39.0,0.0,1.0,-2.2492938,0,0.3846154,0.048780486,0.14885496,0.1773692,,,,,,,,,,,,,,,,,REG,NYJ,NE,Ryan Griffin,GrifRy00,0.0,0.0,0.0,35.4
2021,REG,7,00-0036232,H.Bryant,TE,TE,CLE,14875,f58a5899-8b78-46e8-a29a-ba6273b7d872,19389.0,26394.0,6850.0,,4040774.0,32785.0,,2241240.0,BryaHa00,harrison-bryant-1,14576.0,,752.0,32785.0,0.0,21783.0,916467.0,Harrison Bryant,harrison bryant,1,2,15.0,0,0.0,0.0,13.0,2.0,1.0,0.81908417,0,1.1538461,0.0625,0.057017542,0.13366228,,,,,,,,,,,,,,,,,REG,CLE,DEN,Harrison Bryant,BryaHa00,0.0,1.0,0.5,75.0
2021,REG,7,00-0034364,J.Akins,TE,TE,HOU,13753,0cb5a32a-a340-4671-ba2a-93f5fa6aee8d,17415.0,47050.0,5032.0,,3128452.0,31068.0,,2142712.0,AkinJo00,jordan-akins-1,12568.0,13238.0,,31068.0,838396.0,19903.0,838396.0,Jordan Akins,jordan akins,2,2,13.0,0,0.0,0.0,7.0,6.0,1.0,1.484217,0,1.8571428,0.06451613,0.045751635,0.12880033,,,,,,,,,,,,,,,,,REG,HOU,ARI,Jordan Akins,AkinJo00,0.0,0.0,0.0,93.7
2021,REG,7,00-0037005,T.Tremble,TE,TE,CAR,15332,cbee2fd3-e5f2-4316-bffd-531f1873f032,22795.0,84025.0,7694.0,,4372780.0,33471.0,,2969027.0,TremTo00,tommy-tremble-1,15371.0,,1054.0,33471.0,0.0,,1130555.0,Tommy Tremble,tommy tremble,2,2,12.0,0,0.0,0.0,7.0,5.0,1.0,1.653509,0,1.7142857,0.05263158,0.023890786,0.095670916,,,,,,,,,,,,,,,,,REG,CAR,NYG,Tommy Tremble,TremTo00,0.0,0.0,0.0,91.7
2021,REG,7,00-0033439,P.Brown,TE,TE,HOU,13994,6733b953-de77-44e5-acbf-c2d3a0940243,16937.0,12247.0,4443.0,,2971281.0,30627.0,,2819155.0,BrowPh01,,11887.0,12737.0,,30627.0,689689.0,19304.0,689689.0,Pharaoh Brown,pharaoh brown,3,3,11.0,0,0.0,0.0,1.0,10.0,0.0,-0.7857521,0,11.0,0.09677419,0.006535948,0.14973645,,,,,,,,,,,,,,,,,REG,HOU,ARI,Pharaoh Brown,BrowPh01,0.0,0.0,0.0,81.9
2021,REG,7,00-0033895,G.Everett,TE,TE,SEA,13236,ebeceb00-57e0-4b74-9cf7-853da2afed18,16459.0,11799.0,4089.0,,3918639.0,30157.0,,2142692.0,EverGe00,gerald-everett-1,11737.0,12284.0,55.0,30157.0,838487.0,18935.0,838487.0,Gerald Everett,gerald everett,3,3,11.0,0,0.0,0.0,2.0,9.0,1.0,-1.7947965,0,5.5,0.15789473,0.01058201,0.24424951,,,,,,,,,,,,,,,,,REG,SEA,NO,Gerald Everett,EverGe00,0.0,0.0,0.0,81.9
2021,REG,7,00-0033455,A.Firkser,TE,TE,TEN,13919,b0719e3d-199b-46e5-a2b4-1091f6fd5c0d,16787.0,51837.0,4435.0,,3049698.0,30571.0,,2818971.0,FirkAn00,,12235.0,12691.0,,30571.0,767297.0,19296.0,767297.0,Anthony Firkser,anthony firkser,1,1,9.0,0,0.0,0.0,8.0,1.0,0.0,0.57412183,0,1.125,0.037037037,0.03883495,0.082740024,,,,,,,,,,,,,,,,,REG,TEN,KC,Anthony Firkser,FirkAn00,0.0,0.0,0.0,104.2
2021,REG,7,00-0033879,O.Howard,TE,TE,TB,13188,93ed8c6f-b676-46d3-bf82-6155e89b4a68,16380.0,11774.0,4055.0,,3043080.0,30132.0,,2061190.0,HowaO.00,oj-howard-1,11806.0,12161.0,,30132.0,732147.0,18901.0,732147.0,O.J. Howard,oj howard,1,3,9.0,0,0.0,0.0,23.0,3.0,0.0,-0.8173072,0,0.39130434,0.07692308,0.07986111,0.17128739,,,,,,,,,,,,,,,,,REG,TB,CHI,O.J. Howard,HowaO.00,0.0,0.0,0.0,42.4
2021,REG,7,00-0027981,K.Rudolph,TE,TE,NYG,10312,1059e9dc-97df-4643-9116-883a0573d8b1,9906.0,6195.0,943.0,kylerudolph/2495438,14054.0,24830.0,7444.0,1633122.0,RudoKy00,kyle-rudolph-1,7246.0,6459.0,,24830.0,469472.0,13275.0,469472.0,Kyle Rudolph,kyle rudolph,2,2,8.0,0,0.0,0.0,0.0,8.0,0.0,1.0479308,0,0.0,0.060606062,0.0,0.09090909,,,,,,,,,,,,,,,,,REG,NYG,CAR,Kyle Rudolph,RudoKy00,0.0,0.0,0.0,83.3
2021,REG,7,00-0032141,G.Swaim,TE,TE,TEN,12378,d0f9112d-2496-450a-9fc5-d2d01b4d2454,14164.0,9679.0,2545.0,geoffswaim/2553454,3046704.0,28634.0,,2174207.0,SwaiGe00,geoff-swaim-1,10507.0,10617.0,,28634.0,728021.0,17005.0,728021.0,Geoff Swaim,geoff swaim,1,1,8.0,0,0.0,0.0,5.0,3.0,0.0,0.6326982,0,1.6,0.037037037,0.024271844,0.07254585,,,,,,,,,,,,,,,,,REG,TEN,KC,Geoff Swaim,SwaiGe00,0.0,0.0,0.0,100.0
2021,REG,7,00-0036040,J.Johnson,TE,TE,NO,14861,0226b03b-f91d-4223-9813-9fcd2e9c3acc,19562.0,28305.0,7002.0,,3929645.0,33113.0,,2186637.0,JohnJu02,,14630.0,,575.0,33113.0,0.0,21738.0,884609.0,Juwan Johnson,juwan johnson,1,1,8.0,0,0.0,0.0,7.0,1.0,1.0,0.94762486,0,1.1428572,0.03125,0.023489933,0.063317955,,,,,,,,,,,,,,,,,REG,NO,SEA,Juwan Johnson,JohnJu02,0.0,0.0,0.0,100.0
2021,REG,7,00-0028097,L.Smith,TE,TE,ATL,10398,cf23126f-055b-4617-819b-bb4bcb84541a,9992.0,6311.0,812.0,leesmith/2495347,14215.0,24946.0,7585.0,1276441.0,SmitLe00,lee-smith-2,7425.0,6665.0,,24946.0,334184.0,12777.0,334184.0,Lee Smith,lee smith,1,2,7.0,0,0.0,0.0,9.0,1.0,0.0,-0.08059666,0,0.7777778,0.051282052,0.025280898,0.094619706,,,,,,,,,,,,,,,,,REG,ATL,MIA,Lee Smith,SmitLe00,0.0,0.0,0.0,58.3
2021,REG,7,00-0029738,D.Fells,TE,TE,DET,11337,54d4e35a-2e6c-48f6-86ad-92dd596c173c,13636.0,8549.0,1592.0,darrenfells/2540928,15773.0,26612.0,,2053740.0,FellDa01,,9758.0,8472.0,,26612.0,266414.0,15247.0,266414.0,Darren Fells,darren fells,1,1,6.0,0,0.0,0.0,2.0,4.0,0.0,0.16318268,0,3.0,0.03125,0.014184397,0.05680408,,,,,,,,,,,,,,,,,REG,DET,LA,Darren Fells,FellDa01,0.0,0.0,0.0,91.7
2021,REG,7,00-0034073,R.Dwelley,TE,TE,SF,13988,70473218-5ae3-47b4-86fd-151e68f1e8b9,17886.0,20994.0,5285.0,,3120303.0,31329.0,,2924888.0,DwelRo00,,13030.0,13522.0,,31329.0,752665.0,20361.0,752665.0,Ross Dwelley,ross dwelley,1,2,5.0,0,0.0,0.0,17.0,1.0,1.0,-0.9108808,0,0.29411766,0.074074075,0.07172996,0.16132209,,,,,,,,,,,,,,,,,REG,SF,IND,Ross Dwelley,DwelRo00,0.0,0.0,0.0,56.2
2021,REG,7,00-0036637,N.Gray,TE,TE,KC,15337,c97dfcb6-b999-476f-8487-f3848e92df17,19539.0,60878.0,7828.0,,4240472.0,33550.0,,2866903.0,GrayNo00,noah-gray-1,15459.0,,1059.0,33550.0,0.0,,1056981.0,Noah Gray,noah gray,1,1,4.0,0,0.0,0.0,3.0,1.0,0.0,-0.12288992,0,1.3333334,0.020833334,0.008547009,0.037232906,,,,,,,,,,,,,,,,,REG,KC,TEN,Noah Gray,GrayNo00,0.0,0.0,0.0,83.3
2021,REG,7,00-0033576,E.Saubert,TE,TE,DEN,13315,582dc00e-e7ec-4ca7-bff0-f7b1d604017b,16706.0,11929.0,4189.0,,2975863.0,30287.0,,2001018.0,SaubEr00,,11897.0,12300.0,,30287.0,694931.0,19035.0,694931.0,Eric Saubert,eric saubert,1,1,3.0,0,0.0,0.0,2.0,1.0,0.0,-0.016103758,0,1.5,0.03125,0.011494253,0.05492098,,,,,,,,,,,,,,,,,REG,DEN,CLE,Eric Saubert,SaubEr00,0.0,0.0,0.0,79.2
2021,REG,7,00-0030181,J.Doyle,TE,TE,IND,11516,bd413539-9351-454e-9d61-4e8635d7e9f5,11987.0,8520.0,1706.0,jackdoyle/2540232,16504.0,27299.0,,2041264.0,DoylJa00,,9081.0,9075.0,,27299.0,477386.0,15602.0,477386.0,Jack Doyle,jack doyle,0,1,0.0,0,0.0,0.0,1.0,0.0,0.0,-0.29964793,0,0.0,0.03846154,0.005235602,0.06135723,,,,,,,,,,,,,,,,,REG,IND,SF,Jack Doyle,DoylJa00,0.0,0.0,0.0,39.6
2021,REG,7,00-0031273,C.Brate,TE,TE,TB,12110,5afe93fd-0caf-4cca-83fc-7f405bebfa3e,13470.0,9207.0,2214.0,,17453.0,28267.0,,2132787.0,BratCa00,,10008.0,10193.0,,28267.0,552926.0,16593.0,552926.0,Cameron Brate,cameron brate,0,4,0.0,0,0.0,0.0,29.0,0.0,0.0,-2.7406707,0,0.0,0.102564104,0.10069445,0.22433226,,,,,,,,,,,,,,,,,REG,TB,CHI,Cameron Brate,BratCa00,0.0,0.0,0.0,39.6
2021,REG,7,00-0033720,C.Thompson,TE,TE,CAR,15123,1d55ba37-c09e-4945-b7ae-8d84e2357283,17182.0,12239.0,4647.0,,2980120.0,30740.0,,2820078.0,ThomCo03,,12375.0,,,30740.0,0.0,19542.0,694629.0,Colin Thompson,colin thompson,0,1,0.0,0,0.0,0.0,5.0,0.0,0.0,-1.7403798,0,0.0,0.02631579,0.017064847,0.051419076,,,,,,,,,,,,,,,,,REG,CAR,NYG,Colin Thompson,ThomCo03,0.0,0.0,0.0,39.6
2021,REG,7,00-0034319,D.Yelder,TE,TE,TB,13857,cad43704-4231-4a72-b616-c66642103452,17879.0,29556.0,5277.0,,3059766.0,31519.0,,2925876.0,YeldDe00,,13022.0,13688.0,,31519.0,750702.0,20332.0,750702.0,Deon Yelder,deon yelder,1,1,0.0,0,0.0,0.0,-2.0,2.0,0.0,-0.6058657,0,0.0,0.025641026,-0.0069444445,0.033600427,,,,,,,,,,,,,,,,,REG,TB,CHI,Deon Yelder,YeldDe00,0.0,0.0,0.0,79.2
2021,REG,7,00-0034365,I.Thomas,TE,TE,CAR,13678,ed8a8fd2-df67-45e7-a34f-984afb82f6ea,17387.0,42130.0,4995.0,,4045305.0,31071.0,,2253359.0,ThomIa00,ian-thomas-3,12858.0,13163.0,323.0,31071.0,943093.0,19910.0,943093.0,Ian Thomas,ian thomas,0,2,0.0,0,0.0,0.0,32.0,0.0,0.0,-4.56134,0,0.0,0.05263158,0.10921501,0.15539788,,,,,,,,,,,,,,,,,REG,CAR,NYG,Ian Thomas,ThomIa00,0.0,1.0,0.5,0.0
2021,REG,7,00-0035259,T.Wesco,TE,TE,NYJ,14231,f6c34178-e063-444b-96b3-df6b3cf66419,18567.0,42018.0,6181.0,,4039253.0,31953.0,,2243366.0,WescTr00,trevon-wesco-1,13828.0,14224.0,,31953.0,919456.0,20977.0,919456.0,Trevon Wesco,trevon wesco,0,1,0.0,0,0.0,0.0,-3.0,0.0,0.0,-2.7666528,0,0.0,0.024390243,-0.011450382,0.028570099,,,,,,,,,,,,,,,,,REG,NYJ,NE,Trevon Wesco,WescTr00,0.0,0.0,0.0,39.6
2021,REG,7,00-0035562,J.Horsted,TE,TE,CHI,14752,48c56733-6644-42ee-9020-07bd2deba1ad,18482.0,91465.0,6075.0,,3940587.0,32576.0,,3117107.0,,,13639.0,,,32576.0,0.0,20812.0,881708.0,Jesper Horsted,jesper horsted,0,1,0.0,0,0.0,0.0,10.0,0.0,0.0,-0.7284199,0,0.0,0.032258064,0.05102041,0.08410138,,,,,,,,,,,,,,,,,,,,,,,,,
2021,REG,7,00-0036876,K.Granson,TE,TE,IND,15419,bcc0167c-05fd-4b23-981e-60b8784ceb33,22841.0,40630.0,7602.0,,4039160.0,33515.0,,2247146.0,GranKy00,kylen-granson-1,15245.0,,1119.0,33515.0,0.0,,921050.0,Kylen Granson,kylen granson,0,1,0.0,0,0.0,0.0,17.0,0.0,0.0,-0.52328545,0,0.0,0.03846154,0.08900524,0.119995974,,,,,,,,,,,,,,,,,REG,IND,SF,Kylen Granson,GranKy00,0.0,0.0,0.0,39.6
2021,REG,8,00-0035229,T.Hockenson,TE,TE,DET,14138,bd1120b6-38b3-4225-a4b0-20660a149d0d,18290.0,40912.0,5844.0,,4036133.0,31840.0,,2251097.0,HockTJ00,tj-hockenson-1,13610.0,14051.0,247.0,31840.0,923915.0,20805.0,923915.0,T.J. Hockenson,tj hockenson,10,11,89.0,0,0.0,0.0,66.0,27.0,5.0,4.692191,0,1.3484849,0.34375,0.34920636,0.76006943,T.J. Hockenson,DET,7.48875,2.4743161500543804,5.756363636363637,30.904387720240127,90.9090909090909,89.0,0.0,3.0749999999999984,4.31884568423449,-1.2438456842344916,00-0035229,Thomas,Hockenson,T.Hockenson,REG,DET,PHI,T.J. Hockenson,HockTJ00,1.0,0.0,0.0,100.4
2021,REG,8,00-0034351,D.Goedert,TE,TE,PHI,13674,e8029983-87cf-49a2-bc04-04c8233a0630,17270.0,47272.0,5022.0,,3121023.0,31019.0,,2132551.0,GoedDa00,,12860.0,13151.0,382.0,31019.0,791365.0,19863.0,791365.0,Dallas Goedert,dallas goedert,6,7,72.0,0,0.0,0.0,47.0,33.0,4.0,2.049171,0,1.531915,0.4375,0.34057972,0.8946558,Dallas Goedert,PHI,4.493333333333333,4.596760920457963,6.770000000000002,33.9591544249373,85.71428571428571,72.0,0.0,5.55833333333333,7.027900527303397,-1.4695671939700672,00-0034351,Dallas,Goedert,D.Goedert,REG,PHI,DET,Dallas Goedert,GoedDa00,0.0,0.0,0.0,109.5
2021,REG,8,00-0034011,D.Arnold,TE,TE,JAX,13880,d479a777-b53b-4bbf-a8e4-0c1675ac48df,17143.0,51842.0,4741.0,,4212989.0,30891.0,,2835170.0,ArnoDa00,,12276.0,12972.0,,30891.0,1053627.0,19659.0,1053627.0,Dan Arnold,dan arnold,8,10,68.0,0,0.0,0.0,37.0,31.0,5.0,3.7186975,0,1.8378378,0.1923077,0.1380597,0.38510332,Dan Arnold,JAX,7.57625,3.625549770673153,4.7219999999999995,15.485521267176072,80.0,68.0,0.0,3.96875,4.03857584085722,-0.0698258408572201,00-0034011,Daniel,Arnold,D.Arnold,REG,JAX,SEA,Dan Arnold,ArnoDa00,0.0,0.0,0.0,95.0
2021,REG,8,00-0034270,T.Conklin,TE,TE,MIN,13675,f0d17dfa-ebf3-416c-a8d2-c6bc30675103,17598.0,47327.0,5133.0,,3915486.0,31220.0,,2165249.0,ConkTy00,tyler-conklin-1,12809.0,13220.0,489.0,31127.0,861278.0,19988.0,861278.0,Tyler Conklin,tyler conklin,5,7,57.0,0,0.0,0.0,34.0,21.0,1.0,-0.5154781,0,1.6764706,0.21212122,0.2,0.45818183,Tyler Conklin,MIN,4.773333333333333,4.836344399869807,3.932857142857143,16.933202115881414,71.42857142857143,57.0,0.0,5.016000000000001,4.089315304762749,0.9266846952372516,00-0034270,Tyler,Conklin,T.Conklin,REG,MIN,DAL,Tyler Conklin,ConkTy00,0.0,0.0,0.0,95.5
2021,REG,8,00-0034364,J.Akins,TE,TE,HOU,13753,0cb5a32a-a340-4671-ba2a-93f5fa6aee8d,17415.0,47050.0,5032.0,,3128452.0,31068.0,,2142712.0,AkinJo00,jordan-akins-1,12568.0,13238.0,,31068.0,838396.0,19903.0,838396.0,Jordan Akins,jordan akins,5,5,53.0,0,0.0,0.0,27.0,26.0,2.0,-0.18707307,0,1.962963,0.1388889,0.112033196,0.28675658,Jordan Akins,HOU,4.56,2.957294204529952,5.097999999999999,9.847401970253042,100.0,53.0,0.0,5.502000000000001,4.268043486744682,1.2339565132553183,00-0034364,Jordan,Akins,J.Akins,REG,HOU,LA,Jordan Akins,AkinJo00,0.0,0.0,0.0,110.8
2021,REG,8,00-0033757,R.Tonyan,TE,TE,GB,13427,7c9c7800-69d0-459b-812b-a07ac48e9f2a,16502.0,12193.0,4602.0,,2975674.0,30777.0,,2820026.0,TonyRo00,,12389.0,12868.0,,30777.0,660151.0,19491.0,660151.0,Robert Tonyan,robert tonyan,3,4,49.0,0,0.0,0.0,41.0,23.0,2.0,3.749703,0,1.195122,0.114285715,0.35652173,0.42099378,,,,,,,,,,,,,,,,,REG,GB,ARI,Robert Tonyan,TonyRo00,0.0,0.0,0.0,115.6
2021,REG,8,00-0034829,M.Gesicki,TE,TE,MIA,13672,1012cbe0-7eba-4169-bfca-183a0204e1a7,17272.0,47153.0,4993.0,,3116164.0,31012.0,,2139298.0,GesiMi00,mike-gesicki-1,12764.0,13104.0,330.0,31012.0,836152.0,19853.0,836152.0,Mike Gesicki,mike gesicki,3,4,48.0,0,0.0,0.0,44.0,14.0,1.0,5.0312476,1,1.0909091,0.11111111,0.16058394,0.2790754,,,,,,,,,,,,,,,,,REG,MIA,BUF,Mike Gesicki,GesiMi00,0.0,0.0,0.0,114.6
2021,REG,8,00-0036894,P.Freiermuth,TE,TE,PIT,15331,04f0fefe-9d9d-44f5-94ea-6df2a42df3c6,20163.0,84085.0,7600.0,,4361411.0,33443.0,,2961270.0,FreiPa00,pat-freiermuth-1,15267.0,,1053.0,33443.0,0.0,,1116662.0,Pat Freiermuth,pat freiermuth,4,7,44.0,1,0.0,0.0,33.0,32.0,3.0,4.408256,0,1.3333334,0.2,0.14864865,0.40405405,Pat Freiermuth,PIT,5.5760000000000005,2.47117591563502,7.048571428571428,20.856406137718224,57.14285714285714,44.0,1.0,7.552500000000001,2.8416245870730563,4.710875412926945,00-0036894,Pat,Freiermuth,P.Freiermuth,REG,PIT,CLE,Pat Freiermuth,FreiPa00,0.0,0.0,0.0,115.5
2021,REG,8,00-0030061,Z.Ertz,TE,TE,ARI,11247,de3421f7-2147-4835-89a5-724e87bad463,11689.0,7816.0,1339.0,zachertz/2540158,15835.0,26658.0,,1685963.0,ErtzZa00,zach-ertz-1,8781.0,8409.0,305.0,26658.0,503177.0,14856.0,503177.0,Zach Ertz,zach ertz,4,4,42.0,0,0.0,0.0,19.0,23.0,2.0,4.382183,0,2.2105262,0.12903225,0.06713781,0.24054486,,,,,,,,,,,,,,,,,REG,ARI,GB,Zach Ertz,ErtzZa00,0.0,0.0,0.0,110.4
2021,REG,8,00-0036556,B.Jordan,TE,TE,HOU,15330,8ffb5c07-4aa1-4796-b1ab-30c1ab0ccc4c,20162.0,77887.0,7568.0,,4362504.0,33535.0,,2964787.0,JordBr00,brevin-jordan-1,15369.0,,1052.0,33535.0,0.0,,1121871.0,Brevin Jordan,brevin jordan,3,4,41.0,1,0.0,0.0,31.0,15.0,2.0,1.9704154,0,1.3225807,0.11111111,0.12863071,0.25670817,,,,,,,,,,,,,,,,,REG,HOU,LA,Brevin Jordan,JordBr00,0.0,0.0,0.0,146.9
2021,REG,8,00-0033885,D.Njoku,TE,TE,CLE,13192,8f86fcea-90e8-49ea-bc78-5c7659313e57,16399.0,11784.0,4033.0,,3123076.0,30142.0,,2136474.0,NjokDa00,david-njoku-1,11734.0,12186.0,252.0,30142.0,832098.0,18876.0,832098.0,David Njoku,david njoku,3,3,39.0,0,0.0,0.0,24.0,15.0,1.0,2.1137245,0,1.625,0.09677419,0.10526316,0.2188455,,,,,,,,,,,,,,,,,REG,CLE,PIT,David Njoku,NjokDa00,0.0,0.0,0.0,118.7
2021,REG,8,00-0035222,Z.Gentry,TE,TE,PIT,14240,58f18567-a050-49c4-aeca-b34499338b37,18690.0,36049.0,6018.0,,3929924.0,31973.0,,2185708.0,GentZa00,zach-gentry-2,13511.0,14247.0,,31973.0,883079.0,20770.0,883079.0,Zach Gentry,zach gentry,3,5,39.0,0,0.0,0.0,37.0,30.0,2.0,-1.0189533,0,1.054054,0.14285715,0.16666667,0.33095238,,,,,,,,,,,,,,,,,REG,PIT,CLE,Zach Gentry,GentZa00,0.0,0.0,0.0,84.6
2021,REG,8,00-0032135,J.James,TE,TE,CHI,12211,a37a5bfd-b48c-4d8b-817a-d8ce7ca3592d,13959.0,9593.0,2463.0,jessejames/2552633,2979590.0,28548.0,,1983808.0,JameJe00,jesse-james-1,10150.0,10403.0,,28548.0,652019.0,16920.0,652019.0,Jesse James,jesse james,3,3,38.0,1,0.0,0.0,31.0,7.0,2.0,3.2864015,0,1.2258065,0.11111111,0.11231884,0.24528986,,,,,,,,,,,,,,,,,REG,CHI,SF,Jesse James,JameJe00,0.0,0.0,0.0,158.3
2021,REG,8,00-0036423,A.Okwuegbunam,TE,TE,DEN,14873,617aee8a-70be-4bdf-9a71-2e2b74e647e6,18246.0,41933.0,6843.0,,4035115.0,32788.0,,2245117.0,OkwuAl00,albert-okwuegbunam-1,14369.0,,,32788.0,0.0,21794.0,920077.0,Albert Okwuegbunam,albert okwuegbunam,3,3,34.0,0,0.0,0.0,16.0,18.0,2.0,0.6251285,0,2.125,0.12,0.09090909,0.24363637,,,,,,,,,,,,,,,,,REG,DEN,WAS,Albert Okwuegbunam,OkwuAl00,0.0,0.0,0.0,113.9
2021,REG,8,00-0032134,C.Uzomah,TE,TE,CIN,12317,19858900-5c8e-49a7-ab02-34ef625724ca,14084.0,9590.0,2460.0,c.j.uzomah/2552559,2574576.0,28545.0,,2174118.0,UzomC.00,cj-uzomah-1,10462.0,10534.0,,28545.0,593305.0,16917.0,593305.0,C.J. Uzomah,cj uzomah,4,4,33.0,0,0.0,0.0,7.0,26.0,2.0,2.733266,0,4.714286,0.11764706,0.032863848,0.19947529,,,,,,,,,,,,,,,,,REG,CIN,NYJ,C.J. Uzomah,UzomC.00,0.0,0.0,0.0,101.0
2021,REG,8,00-0033090,H.Henry,TE,TE,NE,12676,705899da-3c20-4bc3-b5d0-2e6e40655131,15561.0,10669.0,3214.0,,3046439.0,29269.0,,2079848.0,HenrHu00,hunter-henry-1,10735.0,11299.0,212.0,29269.0,744425.0,17975.0,744425.0,Hunter Henry,hunter henry,1,3,33.0,0,0.0,0.0,23.0,15.0,1.0,-0.405708,0,1.4347826,0.0882353,0.07012195,0.18143831,,,,,,,,,,,,,,,,,REG,NE,LAC,Hunter Henry,HenrHu00,0.0,0.0,0.0,75.7
2021,REG,8,00-0036232,H.Bryant,TE,TE,CLE,14875,f58a5899-8b78-46e8-a29a-ba6273b7d872,19389.0,26394.0,6850.0,,4040774.0,32785.0,,2241240.0,BryaHa00,harrison-bryant-1,14576.0,,752.0,32785.0,0.0,21783.0,916467.0,Harrison Bryant,harrison bryant,2,2,33.0,0,0.0,0.0,19.0,14.0,2.0,2.7773476,0,1.7368422,0.06451613,0.083333336,0.15510753,,,,,,,,,,,,,,,,,REG,CLE,PIT,Harrison Bryant,BryaHa00,0.0,0.0,0.0,118.7
2021,REG,8,00-0033095,G.Griffin,TE,TE,NO,13546,3cacaa27-a790-43ae-927c-8163b06f1a53,16252.0,11439.0,3894.0,,2987440.0,30024.0,,2239251.0,GrifGa00,,11502.0,12072.0,,30024.0,703203.0,18716.0,703203.0,Garrett Griffin,garrett griffin,3,3,30.0,0,0.0,0.0,9.0,21.0,2.0,1.5661848,0,3.3333333,0.08571429,0.04761905,0.16190477,,,,,,,,,,,,,,,,,REG,NO,TB,Garrett Griffin,GrifGa00,0.0,0.0,0.0,108.3
2021,REG,8,00-0035308,T.Sweeney,TE,TE,BUF,14294,ec63ee49-3a03-44ca-a083-3916f0bccd76,18325.0,47216.0,6137.0,,3122818.0,32060.0,,2139106.0,SweeTo00,tommy-sweeney-1,13667.0,14287.0,,32060.0,836094.0,20957.0,836094.0,Tommy Sweeney,tommy sweeney,3,4,30.0,0,0.0,0.0,35.0,10.0,2.0,0.77367985,0,0.85714287,0.09756097,0.13307984,0.23949736,,,,,,,,,,,,,,,,,REG,BUF,MIA,Tommy Sweeney,SweeTo00,0.0,0.0,0.0,95.8
2021,REG,8,00-0030506,T.Kelce,TE,TE,KC,11244,c3859e06-5f23-4302-a71b-04820a899d5f,11594.0,7844.0,1466.0,traviskelce/2540258,15847.0,26686.0,,1725130.0,KelcTr00,travis-kelce-1,8783.0,8411.0,264.0,26686.0,448240.0,15048.0,448240.0,Travis Kelce,travis kelce,4,6,27.0,0,1.0,1.0,39.0,17.0,0.0,-5.313216,0,0.6923077,0.13953489,0.12540193,0.29708368,Travis Kelce,KC,4.08,3.520868274328801,5.768333333333334,10.932811068642007,66.66666666666666,27.0,0.0,4.825,4.432061616880901,0.3929383831190991,00-0030506,Travis,Kelce,T.Kelce,REG,KC,NYG,Travis Kelce,KelcTr00,0.0,0.0,0.0,76.4
2021,REG,8,00-0032392,A.Hooper,TE,TE,CLE,12677,90c2a93f-d837-4e1b-b57c-56648903a8db,15581.0,10715.0,3202.0,,3043275.0,29315.0,,2067004.0,HoopAu00,austin-hooper-1,10748.0,11301.0,384.0,29315.0,739424.0,17963.0,739424.0,Austin Hooper,austin hooper,4,6,26.0,0,0.0,0.0,29.0,12.0,1.0,0.18415058,0,0.8965517,0.19354838,0.12719299,0.37935767,Austin Hooper,CLE,5.274,2.848936001789783,5.071666666666668,14.750363548230736,66.66666666666666,26.0,0.0,2.719999999999998,3.503882404174533,-0.7838824041745349,00-0032392,Austin,Hooper,A.Hooper,REG,CLE,PIT,Austin Hooper,HoopAu00,0.0,1.0,0.167,75.7
2021,REG,8,00-0027061,J.Cook,TE,TE,LAC,9474,3b7a1409-d154-4e5c-8c94-9d4a0e0993c7,9265.0,5012.0,367.0,jaredcook/71265,12537.0,9353.0,6126.0,584314.0,CookJa02,jared-cook-2,5981.0,5165.0,,9353.0,296480.0,8534.0,296480.0,Jared Cook,jared cook,2,5,25.0,0,0.0,0.0,35.0,11.0,2.0,-6.212183,0,0.71428573,0.14705883,0.11326861,0.29987627,Jared Cook,LAC,4.465,2.0027029990904204,6.938,11.199715890747077,40.0,25.0,0.0,5.254999999999999,5.078424004239196,0.1765759957608033,00-0027061,Jared,Cook,J.Cook,REG,LAC,NE,Jared Cook,CookJa02,0.0,0.0,0.0,16.7
2021,REG,8,00-0033110,T.Higbee,TE,TE,LA,12678,0df7912d-9e81-47ea-b4f7-d04986df4ee8,15623.0,10744.0,3271.0,,2573401.0,29344.0,,1853103.0,HigbTy00,tyler-higbee-1,10854.0,11430.0,159.0,29344.0,604176.0,18032.0,604176.0,Tyler Higbee,tyler higbee,3,3,25.0,0,0.0,0.0,1.0,24.0,2.0,1.5449361,0,25.0,0.0882353,0.004608295,0.13557875,,,,,,,,,,,,,,,,,REG,LA,HOU,Tyler Higbee,HigbTy00,0.0,0.0,0.0,101.4
2021,REG,8,00-0036290,C.Kmet,TE,TE,CHI,14867,036feeb6-9a22-43c5-a8e3-7ac611d8ff49,19229.0,60995.0,6826.0,,4258595.0,32713.0,,2868619.0,KmetCo00,cole-kmet-1,14436.0,,569.0,32713.0,0.0,21772.0,1066765.0,Cole Kmet,cole kmet,3,6,24.0,0,0.0,0.0,31.0,13.0,2.0,-2.3052578,0,0.7741935,0.22222222,0.11231884,0.41195652,Cole Kmet,CHI,4.66,3.0189625349086824,5.848333333333334,13.455270524176544,50.0,24.0,0.0,4.726666666666667,4.4181577076036165,0.3085089590630501,00-0036290,Cole,Kmet,C.Kmet,REG,CHI,SF,Cole Kmet,KmetCo00,0.0,0.0,0.0,60.4
2021,REG,8,00-0032141,G.Swaim,TE,TE,TEN,12378,d0f9112d-2496-450a-9fc5-d2d01b4d2454,14164.0,9679.0,2545.0,geoffswaim/2553454,3046704.0,28634.0,,2174207.0,SwaiGe00,geoff-swaim-1,10507.0,10617.0,,28634.0,728021.0,17005.0,728021.0,Geoff Swaim,geoff swaim,4,5,23.0,1,0.0,0.0,18.0,9.0,2.0,3.049922,0,1.2777778,0.15625,0.08035714,0.290625,Geoff Swaim,TEN,5.056666666666667,3.1906580135478357,3.8379999999999987,8.006508678237648,80.0,23.0,1.0,2.3900000000000006,3.5594021473895054,-1.1694021473895049,00-0032141,Geoffrey,Swaim,G.Swaim,REG,TEN,IND,Geoff Swaim,SwaiGe00,0.0,0.0,0.0,125.4
2021,REG,8,00-0031585,M.Pruitt,TE,TE,TEN,12309,f22b34cf-6ecf-4522-9c77-1da275dfda7d,13964.0,9576.0,2446.0,,2508256.0,28531.0,,1760327.0,PruiMy00,,10251.0,10522.0,,28531.0,552586.0,16903.0,552586.0,MyCole Pruitt,mycole pruitt,2,2,22.0,0,0.0,0.0,10.0,12.0,1.0,1.6597997,0,2.2,0.0625,0.04464286,0.125,,,,,,,,,,,,,,,,,REG,TEN,IND,MyCole Pruitt,PruiMy00,0.0,0.0,0.0,112.5
2021,REG,8,00-0032214,T.Kroft,TE,TE,NYJ,12212,36f54823-9d51-4180-9c91-d10281deb4bf,13960.0,9518.0,2390.0,tylerkroft/2552586,2582410.0,28473.0,,1824200.0,KrofTy00,tyler-kroft-1,10247.0,10490.0,,28473.0,592268.0,16846.0,592268.0,Tyler Kroft,tyler kroft,2,2,20.0,1,0.0,0.0,19.0,1.0,2.0,2.850771,0,1.0526316,0.040816326,0.11111111,0.13900226,,,,,,,,,,,,,,,,,REG,NYJ,CIN,Tyler Kroft,KrofTy00,0.0,0.0,0.0,147.9
2021,REG,8,00-0036332,J.Deguara,TE,TE,GB,14876,7874d188-0fcd-4af9-9289-27c27e2bbd16,19456.0,47034.0,7050.0,,3914151.0,32764.0,,2181108.0,DeguJo00,josiah-deguara-1,14629.0,,,32764.0,0.0,21798.0,866149.0,Josiah Deguara,josiah deguara,2,2,20.0,0,0.0,0.0,-6.0,26.0,1.0,1.7316706,0,0.0,0.057142857,-0.052173913,0.049192548,,,,,,,,,,,,,,,,,REG,GB,ARI,Josiah Deguara,DeguJo00,0.0,0.0,0.0,108.3
2021,REG,8,00-0037005,T.Tremble,TE,TE,CAR,15332,cbee2fd3-e5f2-4316-bffd-531f1873f032,22795.0,84025.0,7694.0,,4372780.0,33471.0,,2969027.0,TremTo00,tommy-tremble-1,15371.0,,1054.0,33471.0,0.0,,1130555.0,Tommy Tremble,tommy tremble,3,4,18.0,0,0.0,0.0,35.0,3.0,2.0,1.660999,0,0.51428574,0.16666667,0.27559054,0.44291338,,,,,,,,,,,,,,,,,REG,CAR,ATL,Tommy Tremble,TremTo00,0.0,1.0,0.25,83.3
2021,REG,8,00-0033879,O.Howard,TE,TE,TB,13188,93ed8c6f-b676-46d3-bf82-6155e89b4a68,16380.0,11774.0,4055.0,,3043080.0,30132.0,,2061190.0,HowaO.00,oj-howard-1,11806.0,12161.0,,30132.0,732147.0,18901.0,732147.0,O.J. Howard,oj howard,2,3,16.0,0,0.0,0.0,17.0,12.0,1.0,0.55837053,0,0.9411765,0.07317073,0.05,0.1447561,,,,,,,,,,,,,,,,,REG,TB,NO,O.J. Howard,HowaO.00,0.0,0.0,0.0,79.9
2021,REG,8,00-0031273,C.Brate,TE,TE,TB,12110,5afe93fd-0caf-4cca-83fc-7f405bebfa3e,13470.0,9207.0,2214.0,,17453.0,28267.0,,2132787.0,BratCa00,,10008.0,10193.0,,28267.0,552926.0,16593.0,552926.0,Cameron Brate,cameron brate,2,4,15.0,0,0.0,0.0,32.0,6.0,0.0,-2.1461523,0,0.46875,0.09756097,0.09411765,0.21222381,,,,,,,,,,,,,,,,,REG,TB,NO,Cameron Brate,BratCa00,0.0,0.0,0.0,59.4
2021,REG,8,00-0033881,E.Engram,TE,TE,NYG,13189,e21365af-8d66-416e-b0a5-8816d18fcfd9,16411.0,11778.0,4066.0,,3051876.0,30136.0,,2079887.0,EngrEv00,evan-engram-1,11805.0,12205.0,229.0,30136.0,749185.0,18912.0,749185.0,Evan Engram,evan engram,3,4,15.0,1,0.0,0.0,3.0,13.0,1.0,2.8988714,0,5.0,0.121212125,0.023809524,0.19848485,,,,,,,,,,,,,,,,,REG,NYG,KC,Evan Engram,EngrEv00,0.0,0.0,0.0,119.8
2021,REG,8,00-0033858,J.Smith,TE,TE,NE,13193,e4f25a37-74de-4bfb-b6c9-f50a4fab0b87,16460.0,11855.0,4144.0,,3054212.0,30213.0,,2081506.0,SmitJo01,jonnu-smith-1,11807.0,12344.0,84.0,30213.0,743749.0,18990.0,743749.0,Jonnu Smith,jonnu smith,2,2,13.0,0,0.0,0.0,-3.0,16.0,1.0,0.116858624,0,0.0,0.05882353,-0.009146341,0.081832856,,,,,,,,,,,,,,,,,REG,NE,LAC,Jonnu Smith,SmitJo01,1.0,0.0,0.0,93.7
2021,REG,8,00-0036970,K.Pitts,TE,TE,ATL,15329,1f3deb24-9ff8-4769-8f42-825eff7742f6,20164.0,83964.0,7553.0,,4360248.0,33392.0,,2964514.0,PittKy00,kyle-pitts-1,15265.0,,1051.0,33392.0,0.0,,1123026.0,Kyle Pitts,kyle pitts,2,6,13.0,0,0.0,0.0,89.0,5.0,1.0,-6.767719,0,0.14606741,0.22222222,0.45876288,0.65446734,Kyle Pitts,ATL,4.583333333333333,1.1513257029646013,13.673333333333334,42.88327844859129,33.33333333333333,13.0,0.0,1.9849999999999959,0.9996628581824609,0.985337141817535,00-0036970,Kyle,Pitts,K.Pitts,REG,ATL,CAR,Kyle Pitts,PittKy00,0.0,0.0,0.0,2.8
2021,REG,8,00-0027981,K.Rudolph,TE,TE,NYG,10312,1059e9dc-97df-4643-9116-883a0573d8b1,9906.0,6195.0,943.0,kylerudolph/2495438,14054.0,24830.0,7444.0,1633122.0,RudoKy00,kyle-rudolph-1,7246.0,6459.0,,24830.0,469472.0,13275.0,469472.0,Kyle Rudolph,kyle rudolph,2,3,12.0,1,0.0,0.0,6.0,11.0,2.0,2.2518668,0,2.0,0.09090909,0.04761905,0.16969697,,,,,,,,,,,,,,,,,REG,NYG,KC,Kyle Rudolph,RudoKy00,0.0,0.0,0.0,113.9
2021,REG,8,00-0030181,J.Doyle,TE,TE,IND,11516,bd413539-9351-454e-9d61-4e8635d7e9f5,11987.0,8520.0,1706.0,jackdoyle/2540232,16504.0,27299.0,,2041264.0,DoylJa00,,9081.0,9075.0,,27299.0,477386.0,15602.0,477386.0,Jack Doyle,jack doyle,2,2,12.0,1,0.0,0.0,6.0,6.0,1.0,1.0496941,0,2.0,0.041666668,0.01192843,0.0708499,,,,,,,,,,,,,,,,,REG,IND,TEN,Jack Doyle,DoylJa00,0.0,0.0,0.0,131.2
2021,REG,8,00-0033611,R.Seals-Jones,TE,TE,WAS,13382,52735659-a294-4f64-a7f4-3591450834e5,16730.0,12020.0,4531.0,,3051806.0,30494.0,,2080003.0,SealRi00,,11876.0,12463.0,,30494.0,744568.0,19410.0,744568.0,Ricky Seals-Jones,ricky seals-jones,2,4,12.0,0,0.0,0.0,9.0,2.0,1.0,-4.001398,0,1.3333334,0.10810811,0.037190083,0.18819521,,,,,,,,,,,,,,,,,REG,WAS,DEN,Ricky Seals-Jones,SealRi00,0.0,1.0,0.25,56.2
2021,REG,8,00-0034383,D.Schultz,TE,TE,DAL,13772,8caec1b4-e0b6-4a84-b8c8-617d6e91ef6a,17349.0,47304.0,5001.0,,3117256.0,31107.0,,2136748.0,SchuDa00,dalton-schultz-1,12514.0,13198.0,487.0,31107.0,830523.0,19920.0,830523.0,Dalton Schultz,dalton schultz,2,7,11.0,0,0.0,0.0,70.0,6.0,0.0,-3.1720135,0,0.15714286,0.17073171,0.16129032,0.3690008,Dalton Schultz,DAL,4.918333333333334,3.6784382060696936,7.874285714285717,13.406299404110428,28.57142857142857,11.0,0.0,4.184999999999999,4.943462610966776,-0.7584626109667774,00-0034383,Dalton,Schultz,D.Schultz,REG,DAL,MIN,Dalton Schultz,SchuDa00,0.0,1.0,0.143,39.6
2021,REG,8,00-0034365,I.Thomas,TE,TE,CAR,13678,ed8a8fd2-df67-45e7-a34f-984afb82f6ea,17387.0,42130.0,4995.0,,4045305.0,31071.0,,2253359.0,ThomIa00,ian-thomas-3,12858.0,13163.0,323.0,31071.0,943093.0,19910.0,943093.0,Ian Thomas,ian thomas,1,1,10.0,0,0.0,0.0,5.0,5.0,0.0,-0.17749767,0,2.0,0.041666668,0.03937008,0.09005906,,,,,,,,,,,,,,,,,REG,CAR,ATL,Ian Thomas,ThomIa00,0.0,0.0,0.0,108.3
2021,REG,8,00-0036741,J.Stoll,TE,TE,PHI,15541,0560d134-d316-4cda-9d48-34d32267af68,23193.0,42058.0,7946.0,,4034862.0,33891.0,,2239684.0,StolJa00,,15510.0,,,33891.0,0.0,,911985.0,Jack Stoll,jack stoll,1,1,9.0,0,0.0,0.0,-6.0,15.0,0.0,-0.30352968,0,0.0,0.0625,-0.04347826,0.06331522,,,,,,,,,,,,,,,,,REG,PHI,DET,Jack Stoll,StolJa00,0.0,0.0,0.0,104.2
2021,REG,8,00-0033455,A.Firkser,TE,TE,TEN,13919,b0719e3d-199b-46e5-a2b4-1091f6fd5c0d,16787.0,51837.0,4435.0,,3049698.0,30571.0,,2818971.0,FirkAn00,,12235.0,12691.0,,30571.0,767297.0,19296.0,767297.0,Anthony Firkser,anthony firkser,1,2,8.0,0,0.0,0.0,11.0,4.0,1.0,3.0274918,0,0.72727275,0.0625,0.04910714,0.128125,,,,,,,,,,,,,,,,,REG,TEN,IND,Anthony Firkser,FirkAn00,0.0,0.0,0.0,20.8
2021,REG,8,00-0033896,A.Shaheen,TE,TE,MIA,13254,87171077-4c1c-4b67-b159-2cc6242988e0,16457.0,11800.0,4085.0,,4198676.0,30158.0,,2818105.0,ShahAd00,,11898.0,12283.0,,30158.0,1049770.0,18931.0,1049770.0,Adam Shaheen,adam shaheen,1,1,8.0,0,0.0,0.0,6.0,2.0,0.0,0.56050366,0,1.3333334,0.027777778,0.02189781,0.056995135,,,,,,,,,,,,,,,,,REG,MIA,BUF,Adam Shaheen,ShahAd00,0.0,0.0,0.0,100.0
2021,REG,8,00-0035644,N.Fant,TE,TE,DEN,14137,cdc98acc-9eb6-4b44-81bb-61d7b8a3b55f,17527.0,42388.0,5857.0,,4036131.0,31852.0,,2251095.0,FantNo00,noah-fant-1,13426.0,14050.0,243.0,31852.0,923911.0,20753.0,923911.0,Noah Fant,noah fant,2,4,8.0,0,0.0,0.0,17.0,10.0,0.0,-1.7004508,0,0.47058824,0.16,0.09659091,0.30761364,,,,,,,,,,,,,,,,,REG,DEN,WAS,Noah Fant,FantNo00,0.0,0.0,0.0,56.2
2021,REG,8,00-0028042,L.Stocker,TE,TE,MIN,10354,5b712aed-201c-43dd-b978-b7b6ef91178e,9948.0,6256.0,963.0,lukestocker/2495234,14099.0,24891.0,7589.0,1125485.0,StocLu00,luke-stocker-1,7413.0,6552.0,,24891.0,334186.0,13370.0,334186.0,Luke Stocker,luke stocker,1,1,7.0,0,0.0,0.0,1.0,6.0,0.0,0.23889457,0,7.0,0.030303031,0.005882353,0.049572192,,,,,,,,,,,,,,,,,REG,MIN,DAL,Luke Stocker,StocLu00,0.0,0.0,0.0,95.8
2021,REG,8,00-0030108,R.Griffin,TE,TE,NYJ,11399,cb1df42c-b59c-4e23-a9a2-fbfc2b39ef71,11830.0,7982.0,1425.0,ryangriffin/2541316,15887.0,26824.0,,2057695.0,GrifRy00,ryan-griffin-1,8911.0,8600.0,,26824.0,465129.0,14985.0,465129.0,Ryan Griffin,ryan griffin,1,1,7.0,0,0.0,0.0,6.0,1.0,1.0,0.589228,0,1.1666666,0.020408163,0.03508772,0.055173647,,,,,,,,,,,,,,,,,REG,NYJ,CIN,Ryan Griffin,GrifRy00,0.0,0.0,0.0,95.8
2021,REG,8,00-0033895,G.Everett,TE,TE,SEA,13236,ebeceb00-57e0-4b74-9cf7-853da2afed18,16459.0,11799.0,4089.0,,3918639.0,30157.0,,2142692.0,EverGe00,gerald-everett-1,11737.0,12284.0,55.0,30157.0,838487.0,18935.0,838487.0,Gerald Everett,gerald everett,1,2,7.0,0,0.0,0.0,12.0,0.0,0.0,-0.45006937,0,0.5833333,0.09090909,0.06629834,0.18277247,,,,,,,,,,,,,,,,,REG,SEA,JAX,Gerald Everett,EverGe00,0.0,0.0,0.0,58.3
2021,REG,8,00-0034766,C.Herndon,TE,TE,MIN,13679,780a48de-d092-4e87-9c34-8d1b45a154cc,17536.0,47164.0,5009.0,,3123050.0,31077.0,,2136463.0,HernCh00,christopher-herndon-iv-1,12899.0,13228.0,,31077.0,832080.0,19947.0,832080.0,Chris Herndon,chris herndon,1,1,7.0,0,0.0,0.0,-2.0,9.0,1.0,1.0057461,0,0.0,0.030303031,-0.011764706,0.037219252,,,,,,,,,,,,,,,,,REG,MIN,DAL,Chris Herndon,HernCh00,0.0,0.0,0.0,95.8
2021,REG,8,00-0036429,C.Woerner,TE,TE,SF,14984,527dfee0-a242-4dc7-830a-ab7028308259,19665.0,42257.0,7075.0,,4035020.0,32860.0,,2248629.0,WoerCh00,charlie-woerner-1,14608.0,,,32860.0,0.0,22119.0,922040.0,Charlie Woerner,charlie woerner,1,2,7.0,0,0.0,0.0,14.0,2.0,1.0,0.2900633,0,0.5,0.074074075,0.05645161,0.15062724,,,,,,,,,,,,,,,,,REG,SF,CHI,Charlie Woerner,WoerCh00,0.0,0.0,0.0,58.3
2021,REG,8,00-0034830,H.Hurst,TE,TE,ATL,13680,1b125fc4-5dd9-4eb9-a42f-048e61ca42b7,17283.0,47294.0,4973.0,,3924365.0,30995.0,,2185053.0,HursHa00,hayden-hurst-1,12467.0,13098.0,8.0,30995.0,881956.0,19843.0,881956.0,Hayden Hurst,hayden hurst,2,3,4.0,0,0.0,0.0,12.0,1.0,0.0,-5.3245864,0,0.33333334,0.11111111,0.06185567,0.20996563,,,,,,,,,,,,,,,,,REG,ATL,CAR,Hayden Hurst,HursHa00,0.0,0.0,0.0,30.6
2021,REG,8,00-0036422,A.Trautman,TE,TE,NO,14870,4e14183b-f974-4745-9d7f-8f5eb2a92a7d,19423.0,109795.0,6869.0,,3911853.0,32775.0,,2182228.0,TrauAd00,,14541.0,,566.0,32775.0,0.0,21786.0,875444.0,Adam Trautman,adam trautman,2,6,4.0,0,0.0,0.0,23.0,0.0,0.0,-4.0786715,0,0.17391305,0.17142858,0.12169312,0.34232804,Adam Trautman,NO,5.886666666666667,2.5022193270017214,5.255,16.069517353855563,33.33333333333333,4.0,0.0,0.06499999999999773,2.3535656626584114,-2.2885656626584137,00-0036422,Adam,Trautman,A.Trautman,REG,NO,TB,Adam Trautman,TrauAd00,0.0,0.0,0.0,42.4
2021,REG,8,00-0036628,J.Bates,TE,TE,WAS,15344,3208880b-949f-4926-85eb-1940770550ea,22833.0,42275.0,7716.0,,4048228.0,33512.0,,2257291.0,BateJo00,john-bates-1,15289.0,,,33512.0,0.0,,944038.0,John Bates,john bates,1,1,4.0,0,0.0,0.0,2.0,2.0,0.0,-0.13337433,0,2.0,0.027027028,0.008264462,0.046325665,,,,,,,,,,,,,,,,,REG,WAS,DEN,John Bates,BateJo00,0.0,0.0,0.0,83.3
2021,REG,8,00-0036887,L.Farrell,TE,TE,JAX,15335,8a1f0e8e-6521-4a94-9934-ad4f76a25fd9,19501.0,42353.0,7842.0,,4040612.0,33533.0,,2260977.0,FarrLu00,luke-farrell-1,15566.0,,,33533.0,0.0,,946541.0,Luke Farrell,luke farrell,1,2,3.0,0,0.0,0.0,5.0,5.0,1.0,0.41797602,0,0.6,0.03846154,0.018656716,0.07075201,,,,,,,,,,,,,,,,,REG,JAX,SEA,Luke Farrell,FarrLu00,0.0,0.0,0.0,56.2
2021,REG,8,00-0024243,M.Lewis,TE,TE,GB,8269,9c21e9af-681c-41ef-9b00-fbc9e1668ed1,9413.0,2973.0,111.0,marcedeslewis/2495888,9614.0,7777.0,4007.0,415313.0,LewiMa00,marcedes-lewis-1,4891.0,3615.0,,7777.0,214197.0,3061.0,214197.0,Marcedes Lewis,marcedes lewis,0,1,0.0,0,0.0,0.0,3.0,0.0,0.0,-0.39714143,0,0.0,0.028571429,0.026086956,0.061118014,,,,,,,,,,,,,,,,,REG,GB,ARI,Marcedes Lewis,LewiMa00,0.0,0.0,0.0,39.6
2021,REG,8,00-0027656,R.Gronkowski,TE,TE,TB,9902,2142a164-48ad-47d6-bb27-0bc58c6b2e62,9721.0,5567.0,515.0,robgronkowski/497240,13229.0,24017.0,,1244303.0,GronRo00,rob-gronkowski-1,6443.0,5729.0,,24017.0,381091.0,10974.0,381091.0,Rob Gronkowski,rob gronkowski,0,1,0.0,0,0.0,0.0,11.0,0.0,0.0,-0.7586546,0,0.0,0.024390243,0.032352943,0.059232425,,,,,,,,,,,,,,,,,REG,TB,NO,Rob Gronkowski,GronRo00,0.0,0.0,0.0,39.6
2021,REG,8,00-0032062,B.Bell,TE,TE,KC,12213,0cc4e449-185a-4b08-9f07-c907ad0c3e05,13966.0,9550.0,2422.0,,2514206.0,28505.0,,1737101.0,BellBl00,blake-bell-1,10248.0,10366.0,,28505.0,542871.0,16878.0,542871.0,Blake Bell,blake bell,0,2,0.0,0,0.0,0.0,11.0,0.0,0.0,-1.1941428,0,0.0,0.046511628,0.035369776,0.09452628,,,,,,,,,,,,,,,,,REG,KC,NYG,Blake Bell,BellBl00,0.0,1.0,0.5,39.6
2021,REG,8,00-0033217,M.Alie-Cox,TE,TE,IND,13246,8809c0dd-786b-4255-a7d0-333c9498c19a,16579.0,12078.0,4054.0,moalie-cox/2558832,2998565.0,30112.0,,2815925.0,AlieMo00,,12196.0,12221.0,195.0,30112.0,712506.0,18900.0,712506.0,Mo Alie-Cox,mo alie-cox,0,4,0.0,0,0.0,0.0,89.0,0.0,0.0,-3.2372906,0,0.0,0.083333336,0.17693837,0.24885686,,,,,,,,,,,,,,,,,REG,IND,TEN,Mo Alie-Cox,AlieMo00,0.0,0.0,0.0,39.6
2021,REG,8,00-0033658,B.Jarwin,TE,TE,DAL,13722,43e8a6ac-d451-4dbd-b145-797764f91494,16638.0,12320.0,4571.0,,2991767.0,30784.0,,2819999.0,JarwBl00,,12179.0,12507.0,,30784.0,711965.0,19457.0,711965.0,Blake Jarwin,blake jarwin,0,1,0.0,0,0.0,0.0,19.0,0.0,0.0,-5.001436,0,0.0,0.024390243,0.043778803,0.06723053,,,,,,,,,,,,,,,,,REG,DAL,MIN,Blake Jarwin,JarwBl00,0.0,0.0,0.0,0.0
2021,REG,8,00-0036040,J.Johnson,TE,TE,NO,14861,0226b03b-f91d-4223-9813-9fcd2e9c3acc,19562.0,28305.0,7002.0,,3929645.0,33113.0,,2186637.0,JohnJu02,,14630.0,,575.0,33113.0,0.0,21738.0,884609.0,Juwan Johnson,juwan johnson,0,1,0.0,0,0.0,0.0,26.0,0.0,0.0,-0.4602385,0,0.0,0.028571429,0.13756613,0.13915344,,,,,,,,,,,,,,,,,REG,NO,TB,Juwan Johnson,JohnJu02,0.0,0.0,0.0,39.6
2021,REG,8,00-0036876,K.Granson,TE,TE,IND,15419,bcc0167c-05fd-4b23-981e-60b8784ceb33,22841.0,40630.0,7602.0,,4039160.0,33515.0,,2247146.0,GranKy00,kylen-granson-1,15245.0,,1119.0,33515.0,0.0,,921050.0,Kylen Granson,kylen granson,1,1,0.0,0,0.0,0.0,-4.0,4.0,0.0,-0.7790716,0,0.0,0.020833334,-0.007952286,0.0256834,,,,,,,,,,,,,,,,,REG,IND,TEN,Kylen Granson,GranKy00,0.0,0.0,0.0,79.2
2021,REG,9,00-0033288,G.Kittle,TE,TE,SF,13299,2ada91b0-036e-454f-83c3-6d939ff584a9,16499.0,11901.0,4217.0,,3040151.0,30259.0,,2818265.0,KittGe00,george-kittle-1,11892.0,12276.0,298.0,30259.0,733672.0,19063.0,733672.0,George Kittle,george kittle,6,8,101.0,1,1.0,1.0,116.0,18.0,5.0,0.7510472,0,0.87068963,0.20512821,0.33429396,0.5416981,George Kittle,SF,3.38,2.0885352577347494,14.450000000000001,33.28246912158466,75.0,101.0,1.0,3.1483333333333334,2.6883503953510774,0.459982937982256,00-0033288,George,Kittle,G.Kittle,REG,SF,ARI,George Kittle,KittGe00,0.0,0.0,0.0,156.2
2021,REG,9,00-0031610,D.Waller,TE,TE,LV,12263,14c97c9f-26e8-4944-9299-f90de6aeada3,14104.0,9637.0,2505.0,,2576925.0,28592.0,,1850793.0,WallDa01,darren-waller-1,10215.0,10433.0,,28592.0,600191.0,16964.0,600191.0,Darren Waller,darren waller,7,11,92.0,0,0.0,0.0,99.0,24.0,5.0,2.7907677,0,0.9292929,0.23913044,0.37218046,0.619222,Darren Waller,LV,4.663333333333333,2.782125959435749,10.319999999999999,39.9394856278366,63.63636363636363,92.0,0.0,3.8885714285714283,4.041450284991957,-0.152878856420529,00-0031610,Darren,Waller,D.Waller,REG,LV,NYG,Darren Waller,WallDa01,0.0,0.0,0.0,90.0
2021,REG,9,00-0036290,C.Kmet,TE,TE,CHI,14867,036feeb6-9a22-43c5-a8e3-7ac611d8ff49,19229.0,60995.0,6826.0,,4258595.0,32713.0,,2868619.0,KmetCo00,cole-kmet-1,14436.0,,569.0,32713.0,0.0,21772.0,1066765.0,Cole Kmet,cole kmet,6,8,87.0,0,0.0,0.0,116.0,4.0,5.0,3.2537618,0,0.75,0.27586207,0.26244345,0.5975035,Cole Kmet,CHI,4.604000000000001,4.083892515429307,13.5175,23.762854882657994,75.0,87.0,0.0,1.403333333333333,2.600566074472681,-1.197232741139348,00-0036290,Cole,Kmet,C.Kmet,REG,CHI,PIT,Cole Kmet,KmetCo00,0.0,0.0,0.0,109.9
2021,REG,9,00-0030506,T.Kelce,TE,TE,KC,11244,c3859e06-5f23-4302-a71b-04820a899d5f,11594.0,7844.0,1466.0,traviskelce/2540258,15847.0,26686.0,,1725130.0,KelcTr00,travis-kelce-1,8783.0,8411.0,264.0,26686.0,448240.0,15048.0,448240.0,Travis Kelce,travis kelce,5,8,68.0,1,0.0,0.0,70.0,20.0,3.0,2.170121,0,0.9714286,0.22222222,0.21148036,0.48136958,Travis Kelce,KC,5.128571428571428,2.7366519809308025,9.201250000000002,22.890816929439936,62.5,68.0,1.0,4.241999999999999,4.914644962341891,-0.6726449623418915,00-0030506,Travis,Kelce,T.Kelce,REG,KC,GB,Travis Kelce,KelcTr00,0.0,2.0,0.25,129.2
2021,REG,9,00-0036970,K.Pitts,TE,TE,ATL,15329,1f3deb24-9ff8-4769-8f42-825eff7742f6,20164.0,83964.0,7553.0,,4360248.0,33392.0,,2964514.0,PittKy00,kyle-pitts-1,15265.0,,1051.0,33392.0,0.0,,1123026.0,Kyle Pitts,kyle pitts,3,7,62.0,0,0.0,0.0,76.0,24.0,2.0,1.825686,0,0.81578946,0.23333333,0.29007635,0.55305344,Kyle Pitts,ATL,5.68,2.439211906543177,11.987142857142857,30.20735834113327,42.857142857142854,62.0,0.0,8.280000000000001,7.987186801761406,0.2928131982385951,00-0036970,Kyle,Pitts,K.Pitts,REG,ATL,NO,Kyle Pitts,PittKy00,0.0,1.0,0.143,74.7
2021,REG,9,00-0034011,D.Arnold,TE,TE,JAX,13880,d479a777-b53b-4bbf-a8e4-0c1675ac48df,17143.0,51842.0,4741.0,,4212989.0,30891.0,,2835170.0,ArnoDa00,,12276.0,12972.0,,30891.0,1053627.0,19659.0,1053627.0,Dan Arnold,dan arnold,4,7,60.0,0,0.0,0.0,51.0,22.0,3.0,0.93806505,0,1.1764706,0.25925925,0.2642487,0.57386297,Dan Arnold,JAX,4.744,2.686836029762403,7.59857142857143,28.06563951034191,57.14285714285714,60.0,0.0,6.1675,5.9419101323459245,0.22558986765407596,00-0034011,Daniel,Arnold,D.Arnold,REG,JAX,BUF,Dan Arnold,ArnoDa00,0.0,0.0,0.0,85.4
2021,REG,9,00-0034383,D.Schultz,TE,TE,DAL,13772,8caec1b4-e0b6-4a84-b8c8-617d6e91ef6a,17349.0,47304.0,5001.0,,3117256.0,31107.0,,2136748.0,SchuDa00,dalton-schultz-1,12514.0,13198.0,487.0,31107.0,830523.0,19920.0,830523.0,Dalton Schultz,dalton schultz,4,5,54.0,0,0.0,0.0,46.0,14.0,3.0,3.439047,0,1.173913,0.12820514,0.09808102,0.26096442,Dalton Schultz,DAL,6.394,3.202146462556596,8.377999999999998,8.523062524161222,80.0,54.0,0.0,4.212500000000001,7.218581091682822,-3.0060810916828204,00-0034383,Dalton,Schultz,D.Schultz,REG,DAL,DEN,Dalton Schultz,SchuDa00,0.0,0.0,0.0,111.7
2021,REG,9,00-0034829,M.Gesicki,TE,TE,MIA,13672,1012cbe0-7eba-4169-bfca-183a0204e1a7,17272.0,47153.0,4993.0,,3116164.0,31012.0,,2139298.0,GesiMi00,mike-gesicki-1,12764.0,13104.0,330.0,31012.0,836152.0,19853.0,836152.0,Mike Gesicki,mike gesicki,4,8,54.0,0,0.0,0.0,98.0,3.0,3.0,2.451266,0,0.5510204,0.2,0.25454545,0.4781818,Mike Gesicki,MIA,4.71875,1.0346159353942919,11.013750000000002,23.618817852834745,50.0,54.0,0.0,2.1075,5.7135876656580535,-3.6060876656580536,00-0034829,Michael,Gesicki,M.Gesicki,REG,MIA,HOU,Mike Gesicki,GesiMi00,0.0,0.0,0.0,71.9
2021,REG,9,00-0033110,T.Higbee,TE,TE,LA,12678,0df7912d-9e81-47ea-b4f7-d04986df4ee8,15623.0,10744.0,3271.0,,2573401.0,29344.0,,1853103.0,HigbTy00,tyler-higbee-1,10854.0,11430.0,159.0,29344.0,604176.0,18032.0,604176.0,Tyler Higbee,tyler higbee,5,10,51.0,0,0.0,0.0,74.0,32.0,2.0,-2.2192488,0,0.6891892,0.21276596,0.30081302,0.52971804,Tyler Higbee,LAR,4.302,4.116644729363584,6.994999999999999,27.48526522593319,50.0,51.0,0.0,6.938000000000002,6.405549957412984,0.5324500425870182,00-0033110,Tyler,Higbee,T.Higbee,REG,LA,TEN,Tyler Higbee,HigbTy00,0.0,0.0,0.0,65.0
2021,REG,9,00-0027061,J.Cook,TE,TE,LAC,9474,3b7a1409-d154-4e5c-8c94-9d4a0e0993c7,9265.0,5012.0,367.0,jaredcook/71265,12537.0,9353.0,6126.0,584314.0,CookJa02,jared-cook-2,5981.0,5165.0,,9353.0,296480.0,8534.0,296480.0,Jared Cook,jared cook,4,4,48.0,0,0.0,0.0,13.0,35.0,2.0,4.3489637,1,3.6923077,0.10810811,0.060465116,0.20448774,,,,,,,,,,,,,,,,,REG,LAC,PHI,Jared Cook,CookJa02,0.0,0.0,0.0,116.7
2021,REG,9,00-0036422,A.Trautman,TE,TE,NO,14870,4e14183b-f974-4745-9d7f-8f5eb2a92a7d,19423.0,109795.0,6869.0,,3911853.0,32775.0,,2182228.0,TrauAd00,,14541.0,,566.0,32775.0,0.0,21786.0,875444.0,Adam Trautman,adam trautman,4,7,47.0,0,0.0,0.0,61.0,2.0,2.0,-1.4895903,0,0.7704918,0.16666667,0.18429004,0.37900302,Adam Trautman,NO,4.3340000000000005,1.1331860172912296,8.827142857142857,18.024561710568538,57.14285714285714,47.0,0.0,0.875,1.2995718416957516,-0.4245718416957516,00-0036422,Adam,Trautman,A.Trautman,REG,NO,ATL,Adam Trautman,TrauAd00,0.0,1.0,0.143,77.7
2021,REG,9,00-0034270,T.Conklin,TE,TE,MIN,13675,f0d17dfa-ebf3-416c-a8d2-c6bc30675103,17598.0,47327.0,5133.0,,3915486.0,31220.0,,2165249.0,ConkTy00,tyler-conklin-1,12809.0,13220.0,489.0,31127.0,861278.0,19988.0,861278.0,Tyler Conklin,tyler conklin,5,7,45.0,0,0.0,0.0,25.0,31.0,0.0,0.028664222,0,1.8,0.25,0.10964912,0.4517544,Tyler Conklin,MIN,3.2175000000000002,3.2992944381275633,3.4928571428571424,10.64524555903866,71.42857142857143,45.0,0.0,6.279999999999999,6.458956176521587,-0.1789561765215879,00-0034270,Tyler,Conklin,T.Conklin,REG,MIN,BAL,Tyler Conklin,ConkTy00,0.0,0.0,0.0,88.4
2021,REG,9,00-0034753,M.Andrews,TE,TE,BAL,13671,0618f387-9b72-4270-8b8f-dec4cccc9e4a,17269.0,47436.0,5012.0,,3116365.0,31056.0,,2131121.0,AndrMa00,mark-andrews-1,12559.0,13182.0,366.0,31056.0,820699.0,19803.0,820699.0,Mark Andrews,mark andrews,5,10,44.0,0,0.0,0.0,110.0,10.0,3.0,-6.2720346,0,0.4,0.24390244,0.34055728,0.60424376,Mark Andrews,BAL,5.22,2.297184841721749,12.437999999999999,35.60835957629544,50.0,44.0,0.0,1.9979999999999989,3.304858577972118,-1.3068585779721191,00-0034753,Mark,Andrews,M.Andrews,REG,BAL,MIN,Mark Andrews,AndrMa00,0.0,0.0,0.0,22.5
2021,REG,9,00-0034351,D.Goedert,TE,TE,PHI,13674,e8029983-87cf-49a2-bc04-04c8233a0630,17270.0,47272.0,5022.0,,3121023.0,31019.0,,2132551.0,GoedDa00,,12860.0,13151.0,382.0,31019.0,791365.0,19863.0,791365.0,Dallas Goedert,dallas goedert,3,6,43.0,0,0.0,0.0,67.0,33.0,2.0,0.7812004,0,0.64179105,0.375,0.32524273,0.7901699,Dallas Goedert,PHI,5.384,4.097109444892644,10.488333333333332,29.95382931124757,50.0,43.0,0.0,11.173333333333332,6.934777011848534,4.238556321484798,00-0034351,Dallas,Goedert,D.Goedert,REG,PHI,LAC,Dallas Goedert,GoedDa00,1.0,0.0,0.0,73.6
2021,REG,9,00-0036894,P.Freiermuth,TE,TE,PIT,15331,04f0fefe-9d9d-44f5-94ea-6df2a42df3c6,20163.0,84085.0,7600.0,,4361411.0,33443.0,,2961270.0,FreiPa00,pat-freiermuth-1,15267.0,,1053.0,33443.0,0.0,,1116662.0,Pat Freiermuth,pat freiermuth,5,6,43.0,2,0.0,0.0,28.0,20.0,2.0,6.5414805,0,1.5357143,0.22222222,0.1904762,0.46666667,Pat Freiermuth,PIT,5.406,4.4484134207259105,5.276666666666666,21.03235235501229,83.33333333333334,43.0,2.0,4.370000000000002,4.022685310086814,0.3473146899131878,00-0036894,Pat,Freiermuth,P.Freiermuth,REG,PIT,CHI,Pat Freiermuth,FreiPa00,0.0,0.0,0.0,136.1
2021,REG,9,00-0032725,S.Anderson,TE,TE,LAC,12859,5cb0bf9c-03b4-4201-97c5-a59c6db50841,15760.0,11160.0,3496.0,,2576854.0,29789.0,,1880821.0,AndeSt01,,10885.0,11556.0,,29789.0,607660.0,18262.0,607660.0,Stephen Anderson,stephen anderson,4,4,39.0,1,0.0,0.0,-3.0,42.0,2.0,4.31426,0,0.0,0.10810811,-0.013953488,0.15239473,,,,,,,,,,,,,,,,,REG,LAC,PHI,Stephen Anderson,AndeSt01,0.0,0.0,0.0,146.9
2021,REG,9,00-0035329,D.Parham,TE,TE,LAC,14341,4f246e92-3d21-450f-977a-dc16892c7238,18835.0,91014.0,6074.0,,3912092.0,32456.0,,2183713.0,ParhDo00,,13602.0,14320.0,,32456.0,875649.0,20905.0,875649.0,Donald Parham,donald parham,3,3,39.0,1,0.0,0.0,20.0,19.0,3.0,4.964669,0,1.95,0.08108108,0.093023255,0.1867379,,,,,,,,,,,,,,,,,REG,LAC,PHI,Donald Parham,ParhDo00,1.0,0.0,0.0,158.3
2021,REG,9,00-0032214,T.Kroft,TE,TE,NYJ,12212,36f54823-9d51-4180-9c91-d10281deb4bf,13960.0,9518.0,2390.0,tylerkroft/2552586,2582410.0,28473.0,,1824200.0,KrofTy00,tyler-kroft-1,10247.0,10490.0,,28473.0,592268.0,16846.0,592268.0,Tyler Kroft,tyler kroft,2,3,38.0,0,0.0,0.0,39.0,9.0,2.0,2.3269823,0,0.974359,0.057692308,0.08986175,0.14944169,,,,,,,,,,,,,,,,,REG,NYJ,IND,Tyler Kroft,KrofTy00,0.0,1.0,0.333,109.7
2021,REG,9,00-0033881,E.Engram,TE,TE,NYG,13189,e21365af-8d66-416e-b0a5-8816d18fcfd9,16411.0,11778.0,4066.0,,3051876.0,30136.0,,2079887.0,EngrEv00,evan-engram-1,11805.0,12205.0,229.0,30136.0,749185.0,18912.0,749185.0,Evan Engram,evan engram,3,3,38.0,1,0.0,0.0,34.0,4.0,1.0,2.3312411,0,1.117647,0.16666667,0.3617021,0.5031915,,,,,,,,,,,,,,,,,REG,NYG,LV,Evan Engram,EngrEv00,0.0,0.0,0.0,158.3
2021,REG,9,00-0035631,D.Sample,TE,TE,CIN,14146,15a4f552-ecaf-45bd-9006-aa5dda93bee6,18561.0,47259.0,6001.0,,3127310.0,31884.0,,2139646.0,SampDr00,drew-sample-1,13809.0,14111.0,435.0,31884.0,837824.0,20931.0,837824.0,Drew Sample,drew sample,3,3,36.0,0,0.0,0.0,5.0,31.0,2.0,2.591067,0,7.2,0.07317073,0.013550135,0.11924119,,,,,,,,,,,,,,,,,REG,CIN,CLE,Drew Sample,SampDr00,1.0,0.0,0.0,116.7
2021,REG,9,00-0032141,G.Swaim,TE,TE,TEN,12378,d0f9112d-2496-450a-9fc5-d2d01b4d2454,14164.0,9679.0,2545.0,geoffswaim/2553454,3046704.0,28634.0,,2174207.0,SwaiGe00,geoff-swaim-1,10507.0,10617.0,,28634.0,728021.0,17005.0,728021.0,Geoff Swaim,geoff swaim,4,4,29.0,1,0.0,0.0,4.0,25.0,3.0,2.971508,0,7.25,0.15384616,0.041237112,0.2596352,,,,,,,,,,,,,,,,,REG,TEN,LA,Geoff Swaim,SwaiGe00,0.0,0.0,0.0,136.5
2021,REG,9,00-0027696,J.Graham,TE,TE,CHI,9925,fd85786d-3900-4dc0-9b30-334ee30413ed,9712.0,5619.0,616.0,jimmygraham/497236,13232.0,24070.0,6610.0,1691166.0,GrahJi00,jimmy-graham-1,6532.0,5842.0,,24070.0,295918.0,11488.0,295918.0,Jimmy Graham,jimmy graham,1,3,28.0,0,0.0,0.0,43.0,4.0,1.0,1.4289154,0,0.6511628,0.10344828,0.09728507,0.22327197,,,,,,,,,,,,,,,,,REG,CHI,PIT,Jimmy Graham,GrahJi00,0.0,0.0,0.0,68.7
2021,REG,9,00-0030108,R.Griffin,TE,TE,NYJ,11399,cb1df42c-b59c-4e23-a9a2-fbfc2b39ef71,11830.0,7982.0,1425.0,ryangriffin/2541316,15887.0,26824.0,,2057695.0,GrifRy00,ryan-griffin-1,8911.0,8600.0,,26824.0,465129.0,14985.0,465129.0,Ryan Griffin,ryan griffin,4,7,28.0,1,0.0,0.0,34.0,13.0,3.0,2.9267373,0,0.8235294,0.13461539,0.078341015,0.2567618,Ryan Griffin,NYJ,6.585,4.21635206809948,5.971428571428573,9.586276488395562,57.14285714285714,28.0,1.0,3.2699999999999996,5.772504548729167,-2.502504548729167,00-0030108,Ryan,Griffin,R.Griffin,REG,NYJ,IND,Ryan Griffin,GrifRy00,0.0,1.0,0.143,106.0
2021,REG,9,00-0033217,M.Alie-Cox,TE,TE,IND,13246,8809c0dd-786b-4255-a7d0-333c9498c19a,16579.0,12078.0,4054.0,moalie-cox/2558832,2998565.0,30112.0,,2815925.0,AlieMo00,,12196.0,12221.0,195.0,30112.0,712506.0,18900.0,712506.0,Mo Alie-Cox,mo alie-cox,1,1,28.0,0,0.0,0.0,3.0,25.0,1.0,1.5608637,0,9.333333,0.03448276,0.012711864,0.060622443,,,,,,,,,,,,,,,,,REG,IND,NYJ,Mo Alie-Cox,AlieMo00,0.0,0.0,0.0,118.7
2021,REG,9,00-0030061,Z.Ertz,TE,TE,ARI,11247,de3421f7-2147-4835-89a5-724e87bad463,11689.0,7816.0,1339.0,zachertz/2540158,15835.0,26658.0,,1685963.0,ErtzZa00,zach-ertz-1,8781.0,8409.0,305.0,26658.0,503177.0,14856.0,503177.0,Zach Ertz,zach ertz,3,5,27.0,0,0.0,0.0,3.0,29.0,1.0,-1.0544293,0,9.0,0.1923077,0.025,0.30596155,Zach Ertz,ARI,5.54,3.487735787251259,0.5700000000000003,2.4545689432434776,60.0,27.0,0.0,9.786666666666667,9.600388770466148,0.1862778962005187,00-0030061,Zachary,Ertz,Z.Ertz,REG,ARI,SF,Zach Ertz,ErtzZa00,0.0,1.0,0.2,74.6
2021,REG,9,00-0034798,D.Smythe,TE,TE,MIA,13676,7e42a22a-c47b-4387-aeeb-2cc2e76dc1d8,17508.0,47257.0,5008.0,,3052897.0,31093.0,,2082845.0,SmytDu00,durham-smythe-1,12807.0,13249.0,,31093.0,749968.0,19943.0,749968.0,Durham Smythe,durham smythe,2,2,27.0,0,0.0,0.0,18.0,9.0,1.0,1.8407247,0,1.5,0.05,0.046753246,0.107727274,,,,,,,,,,,,,,,,,REG,MIA,HOU,Durham Smythe,SmytDu00,0.0,0.0,0.0,118.7
2021,REG,9,00-0036876,K.Granson,TE,TE,IND,15419,bcc0167c-05fd-4b23-981e-60b8784ceb33,22841.0,40630.0,7602.0,,4039160.0,33515.0,,2247146.0,GranKy00,kylen-granson-1,15245.0,,1119.0,33515.0,0.0,,921050.0,Kylen Granson,kylen granson,1,1,27.0,0,0.0,0.0,2.0,25.0,1.0,2.571283,0,13.5,0.03448276,0.008474576,0.05765634,,,,,,,,,,,,,,,,,REG,IND,NYJ,Kylen Granson,GranKy00,0.0,0.0,0.0,118.7
2021,REG,9,00-0036232,H.Bryant,TE,TE,CLE,14875,f58a5899-8b78-46e8-a29a-ba6273b7d872,19389.0,26394.0,6850.0,,4040774.0,32785.0,,2241240.0,BryaHa00,harrison-bryant-1,14576.0,,752.0,32785.0,0.0,21783.0,916467.0,Harrison Bryant,harrison bryant,2,2,26.0,0,0.0,0.0,24.0,2.0,1.0,1.277128,0,1.0833334,0.10526316,0.112676054,0.23676798,,,,,,,,,,,,,,,,,REG,CLE,CIN,Harrison Bryant,BryaHa00,0.0,0.0,0.0,118.7
2021,REG,9,00-0036423,A.Okwuegbunam,TE,TE,DEN,14873,617aee8a-70be-4bdf-9a71-2e2b74e647e6,18246.0,41933.0,6843.0,,4035115.0,32788.0,,2245117.0,OkwuAl00,albert-okwuegbunam-1,14369.0,,,32788.0,0.0,21794.0,920077.0,Albert Okwuegbunam,albert okwuegbunam,4,5,25.0,0,0.0,0.0,4.0,26.0,1.0,-1.291995,0,6.25,0.20833333,0.021052632,0.32723683,Albert Okwuegbunam,DEN,6.26,2.742098864540856,0.7759999999999998,2.220568877697018,80.0,25.0,0.0,6.425,4.293817303923902,2.131182696076098,00-0036423,Albert,Okwuegbunam,A.Okwuegbunam,REG,DEN,DAL,Albert Okwuegbunam,OkwuAl00,0.0,0.0,0.0,87.5
2021,REG,9,00-0032134,C.Uzomah,TE,TE,CIN,12317,19858900-5c8e-49a7-ab02-34ef625724ca,14084.0,9590.0,2460.0,c.j.uzomah/2552559,2574576.0,28545.0,,2174118.0,UzomC.00,cj-uzomah-1,10462.0,10534.0,,28545.0,593305.0,16917.0,593305.0,C.J. Uzomah,cj uzomah,4,5,24.0,0,0.0,0.0,19.0,10.0,1.0,-0.65704894,0,1.2631578,0.12195122,0.051490515,0.2189702,C.J. Uzomah,CIN,9.64,2.227027771389456,3.6719999999999997,5.014612296178952,80.0,24.0,0.0,2.407499999999999,2.215521484646956,0.19197851535304267,00-0032134,Christopher,Uzomah,C.Uzomah,REG,CIN,CLE,C.J. Uzomah,UzomC.00,0.0,0.0,0.0,86.7
2021,REG,9,00-0033421,A.Auclair,TE,TE,HOU,13445,d6647491-8a3c-4f9f-999c-823823bd478d,16501.0,24606.0,4468.0,,4081127.0,30468.0,,2819226.0,AuclAn00,,12230.0,12603.0,,30468.0,1050026.0,19335.0,1050026.0,Antony Auclair,antony auclair,2,2,23.0,0,0.0,0.0,11.0,12.0,1.0,3.1925085,0,2.090909,0.05,0.036303632,0.10041254,,,,,,,,,,,,,,,,,REG,HOU,MIA,Antony Auclair,AuclAn00,0.0,0.0,0.0,114.6
2021,REG,9,00-0027981,K.Rudolph,TE,TE,NYG,10312,1059e9dc-97df-4643-9116-883a0573d8b1,9906.0,6195.0,943.0,kylerudolph/2495438,14054.0,24830.0,7444.0,1633122.0,RudoKy00,kyle-rudolph-1,7246.0,6459.0,,24830.0,469472.0,13275.0,469472.0,Kyle Rudolph,kyle rudolph,4,5,20.0,0,0.0,0.0,13.0,12.0,1.0,2.3307042,0,1.5384616,0.2777778,0.13829787,0.5134752,Kyle Rudolph,NYG,4.8533333333333335,3.1253675783229538,2.853999999999999,19.412324853761394,80.0,20.0,0.0,2.8900000000000006,2.44480367092234,0.4451963290776604,00-0027981,Kyle,Rudolph,K.Rudolph,REG,NYG,LV,Kyle Rudolph,RudoKy00,0.0,0.0,0.0,83.3
2021,REG,9,00-0033090,H.Henry,TE,TE,NE,12676,705899da-3c20-4bc3-b5d0-2e6e40655131,15561.0,10669.0,3214.0,,3046439.0,29269.0,,2079848.0,HenrHu00,hunter-henry-1,10735.0,11299.0,212.0,29269.0,744425.0,17975.0,744425.0,Hunter Henry,hunter henry,2,3,19.0,1,0.0,0.0,34.0,4.0,2.0,4.35747,0,0.5588235,0.16666667,0.33663365,0.48564357,,,,,,,,,,,,,,,,,REG,NE,CAR,Hunter Henry,HenrHu00,0.0,0.0,0.0,123.6
2021,REG,9,00-0033885,D.Njoku,TE,TE,CLE,13192,8f86fcea-90e8-49ea-bc78-5c7659313e57,16399.0,11784.0,4033.0,,3123076.0,30142.0,,2136474.0,NjokDa00,david-njoku-1,11734.0,12186.0,252.0,30142.0,832098.0,18876.0,832098.0,David Njoku,david njoku,1,3,18.0,1,0.0,0.0,25.0,0.0,1.0,2.8932045,0,0.72,0.15789473,0.11737089,0.31900173,,,,,,,,,,,,,,,,,REG,CLE,CIN,David Njoku,NjokDa00,0.0,0.0,0.0,94.4
2021,REG,9,00-0034830,H.Hurst,TE,TE,ATL,13680,1b125fc4-5dd9-4eb9-a42f-048e61ca42b7,17283.0,47294.0,4973.0,,3924365.0,30995.0,,2185053.0,HursHa00,hayden-hurst-1,12467.0,13098.0,8.0,30995.0,881956.0,19843.0,881956.0,Hayden Hurst,hayden hurst,2,3,16.0,0,0.0,0.0,8.0,15.0,1.0,-0.77317166,0,2.0,0.1,0.030534351,0.17137405,,,,,,,,,,,,,,,,,REG,ATL,NO,Hayden Hurst,HursHa00,1.0,0.0,0.0,79.9
2021,REG,9,00-0035259,T.Wesco,TE,TE,NYJ,14231,f6c34178-e063-444b-96b3-df6b3cf66419,18567.0,42018.0,6181.0,,4039253.0,31953.0,,2243366.0,WescTr00,trevon-wesco-1,13828.0,14224.0,,31953.0,919456.0,20977.0,919456.0,Trevon Wesco,trevon wesco,2,2,16.0,0,0.0,0.0,3.0,13.0,1.0,0.47924396,0,5.3333335,0.03846154,0.0069124424,0.06253102,,,,,,,,,,,,,,,,,REG,NYJ,IND,Trevon Wesco,WescTr00,0.0,0.0,0.0,100.0
2021,REG,9,00-0036332,J.Deguara,TE,TE,GB,14876,7874d188-0fcd-4af9-9289-27c27e2bbd16,19456.0,47034.0,7050.0,,3914151.0,32764.0,,2181108.0,DeguJo00,josiah-deguara-1,14629.0,,,32764.0,0.0,21798.0,866149.0,Josiah Deguara,josiah deguara,2,2,16.0,0,0.0,0.0,5.0,11.0,1.0,0.7208836,0,3.2,0.0625,0.01831502,0.10657051,,,,,,,,,,,,,,,,,REG,GB,KC,Josiah Deguara,DeguJo00,0.0,0.0,0.0,100.0
2021,REG,9,00-0032392,A.Hooper,TE,TE,CLE,12677,90c2a93f-d837-4e1b-b57c-56648903a8db,15581.0,10715.0,3202.0,,3043275.0,29315.0,,2067004.0,HoopAu00,austin-hooper-1,10748.0,11301.0,384.0,29315.0,739424.0,17963.0,739424.0,Austin Hooper,austin hooper,2,2,14.0,0,0.0,0.0,9.0,5.0,0.0,0.28525826,0,1.5555556,0.10526316,0.04225352,0.1874722,,,,,,,,,,,,,,,,,REG,CLE,CIN,Austin Hooper,HoopAu00,0.0,0.0,0.0,95.8
2021,REG,9,00-0033896,A.Shaheen,TE,TE,MIA,13254,87171077-4c1c-4b67-b159-2cc6242988e0,16457.0,11800.0,4085.0,,4198676.0,30158.0,,2818105.0,ShahAd00,,11898.0,12283.0,,30158.0,1049770.0,18931.0,1049770.0,Adam Shaheen,adam shaheen,1,2,11.0,0,0.0,0.0,8.0,8.0,1.0,1.2176337,0,1.375,0.05,0.02077922,0.08954545,,,,,,,,,,,,,,,,,REG,MIA,HOU,Adam Shaheen,ShahAd00,0.0,1.0,0.5,66.7
2021,REG,9,00-0035308,T.Sweeney,TE,TE,BUF,14294,ec63ee49-3a03-44ca-a083-3916f0bccd76,18325.0,47216.0,6137.0,,3122818.0,32060.0,,2139106.0,SweeTo00,tommy-sweeney-1,13667.0,14287.0,,32060.0,836094.0,20957.0,836094.0,Tommy Sweeney,tommy sweeney,2,2,10.0,0,1.0,0.0,7.0,3.0,0.0,0.07905685,0,1.4285715,0.044444446,0.024305556,0.083680555,,,,,,,,,,,,,,,,,REG,BUF,JAX,Tommy Sweeney,SweeTo00,0.0,0.0,0.0,87.5
2021,REG,9,00-0031484,C.Manhertz,TE,TE,JAX,12955,7c7b5515-7786-4e24-9ce0-34e6a8bd5727,14014.0,10211.0,3048.0,,2531358.0,28365.0,,2167520.0,ManhCh00,,10033.0,10295.0,,28365.0,563293.0,17762.0,563293.0,Chris Manhertz,chris manhertz,1,1,9.0,0,0.0,0.0,3.0,6.0,0.0,0.6088658,0,3.0,0.037037037,0.015544041,0.06643639,,,,,,,,,,,,,,,,,REG,JAX,BUF,Chris Manhertz,ManhCh00,0.0,0.0,0.0,104.2
2021,REG,9,00-0034365,I.Thomas,TE,TE,CAR,13678,ed8a8fd2-df67-45e7-a34f-984afb82f6ea,17387.0,42130.0,4995.0,,4045305.0,31071.0,,2253359.0,ThomIa00,ian-thomas-3,12858.0,13163.0,323.0,31071.0,943093.0,19910.0,943093.0,Ian Thomas,ian thomas,1,2,9.0,0,0.0,0.0,9.0,8.0,0.0,-10.997478,0,1.0,0.06896552,0.056603774,0.14307092,,,,,,,,,,,,,,,,,REG,CAR,NE,Ian Thomas,ThomIa00,0.0,0.0,0.0,22.9
2021,REG,9,00-0036556,B.Jordan,TE,TE,HOU,15330,8ffb5c07-4aa1-4796-b1ab-30c1ab0ccc4c,20162.0,77887.0,7568.0,,4362504.0,33535.0,,2964787.0,JordBr00,brevin-jordan-1,15369.0,,1052.0,33535.0,0.0,,1121871.0,Brevin Jordan,brevin jordan,2,2,9.0,0,0.0,0.0,4.0,5.0,0.0,-0.2046133,0,2.25,0.05,0.013201321,0.08424092,,,,,,,,,,,,,,,,,REG,HOU,MIA,Brevin Jordan,JordBr00,0.0,0.0,0.0,85.4
2021,REG,9,00-0031690,E.Tomlinson,TE,TE,BAL,13065,b3d7169b-9cf6-4fea-815a-26e4fb0ec16a,14339.0,9786.0,2755.0,,2511973.0,28658.0,,1759992.0,TomlEr01,,10553.0,10747.0,,28658.0,554431.0,17223.0,554431.0,Eric Tomlinson,eric tomlinson,1,1,7.0,0,0.0,0.0,3.0,4.0,0.0,0.30538765,0,2.3333333,0.024390243,0.009287925,0.043086912,,,,,,,,,,,,,,,,,REG,BAL,MIN,Eric Tomlinson,TomlEr01,0.0,0.0,0.0,95.8
2021,REG,9,00-0033455,A.Firkser,TE,TE,TEN,13919,b0719e3d-199b-46e5-a2b4-1091f6fd5c0d,16787.0,51837.0,4435.0,,3049698.0,30571.0,,2818971.0,FirkAn00,,12235.0,12691.0,,30571.0,767297.0,19296.0,767297.0,Anthony Firkser,anthony firkser,1,1,7.0,0,0.0,0.0,-1.0,8.0,0.0,0.37965024,0,0.0,0.03846154,-0.010309278,0.050475813,,,,,,,,,,,,,,,,,REG,TEN,LA,Anthony Firkser,FirkAn00,0.0,0.0,0.0,95.8
2021,REG,9,00-0034364,J.Akins,TE,TE,HOU,13753,0cb5a32a-a340-4671-ba2a-93f5fa6aee8d,17415.0,47050.0,5032.0,,3128452.0,31068.0,,2142712.0,AkinJo00,jordan-akins-1,12568.0,13238.0,,31068.0,838396.0,19903.0,838396.0,Jordan Akins,jordan akins,2,3,7.0,0,1.0,1.0,21.0,-1.0,0.0,-3.0955293,0,0.33333334,0.075,0.06930693,0.16101485,,,,,,,,,,,,,,,,,REG,HOU,MIA,Jordan Akins,AkinJo00,0.0,0.0,0.0,70.1
2021,REG,9,00-0033576,E.Saubert,TE,TE,DEN,13315,582dc00e-e7ec-4ca7-bff0-f7b1d604017b,16706.0,11929.0,4189.0,,2975863.0,30287.0,,2001018.0,SaubEr00,,11897.0,12300.0,,30287.0,694931.0,19035.0,694931.0,Eric Saubert,eric saubert,1,1,6.0,0,0.0,0.0,1.0,5.0,0.0,0.3016393,0,6.0,0.041666668,0.005263158,0.06618421,,,,,,,,,,,,,,,,,REG,DEN,DAL,Eric Saubert,SaubEr00,0.0,0.0,0.0,91.7
2021,REG,9,00-0037005,T.Tremble,TE,TE,CAR,15332,cbee2fd3-e5f2-4316-bffd-531f1873f032,22795.0,84025.0,7694.0,,4372780.0,33471.0,,2969027.0,TremTo00,tommy-tremble-1,15371.0,,1054.0,33471.0,0.0,,1130555.0,Tommy Tremble,tommy tremble,1,2,6.0,0,0.0,0.0,2.0,4.0,0.0,-0.97961545,0,3.0,0.06896552,0.012578616,0.11225331,,,,,,,,,,,,,,,,,REG,CAR,NE,Tommy Tremble,TremTo00,0.0,0.0,0.0,56.2
2021,REG,9,00-0028042,L.Stocker,TE,TE,MIN,10354,5b712aed-201c-43dd-b978-b7b6ef91178e,9948.0,6256.0,963.0,lukestocker/2495234,14099.0,24891.0,7589.0,1125485.0,StocLu00,luke-stocker-1,7413.0,6552.0,,24891.0,334186.0,13370.0,334186.0,Luke Stocker,luke stocker,1,1,5.0,0,0.0,0.0,5.0,0.0,0.0,0.12638505,0,1.0,0.035714287,0.021929825,0.0689223,,,,,,,,,,,,,,,,,REG,MIN,BAL,Luke Stocker,StocLu00,0.0,0.0,0.0,87.5
2021,REG,9,00-0033858,J.Smith,TE,TE,NE,13193,e4f25a37-74de-4bfb-b6c9-f50a4fab0b87,16460.0,11855.0,4144.0,,3054212.0,30213.0,,2081506.0,SmitJo01,jonnu-smith-1,11807.0,12344.0,84.0,30213.0,743749.0,18990.0,743749.0,Jonnu Smith,jonnu smith,1,2,4.0,0,0.0,0.0,0.0,8.0,0.0,-1.6236979,0,0.0,0.11111111,0.0,0.16666667,,,,,,,,,,,,,,,,,REG,NE,CAR,Jonnu Smith,SmitJo01,0.0,1.0,0.5,56.2
2021,REG,9,00-0030181,J.Doyle,TE,TE,IND,11516,bd413539-9351-454e-9d61-4e8635d7e9f5,11987.0,8520.0,1706.0,jackdoyle/2540232,16504.0,27299.0,,2041264.0,DoylJa00,,9081.0,9075.0,,27299.0,477386.0,15602.0,477386.0,Jack Doyle,jack doyle,1,2,1.0,1,0.0,0.0,18.0,2.0,1.0,-0.82268804,0,0.055555556,0.06896552,0.076271184,0.1568381,,,,,,,,,,,,,,,,,REG,IND,NYJ,Jack Doyle,DoylJa00,0.0,0.0,0.0,95.8
2021,REG,9,00-0034193,K.Rader,TE,TE,PIT,14363,1ea6e870-84ff-44ba-8302-f0f08623fa26,17802.0,30887.0,5171.0,,3049290.0,31441.0,,2925426.0,,,13119.0,13623.0,,31441.0,840531.0,20134.0,840531.0,Kevin Rader,kevin rader,1,1,1.0,0,0.0,0.0,-2.0,3.0,0.0,-0.65717924,0,0.0,0.037037037,-0.013605442,0.046031747,,,,,,,,,,,,,,,,,,,,,,,,,
2021,REG,9,00-0032062,B.Bell,TE,TE,KC,12213,0cc4e449-185a-4b08-9f07-c907ad0c3e05,13966.0,9550.0,2422.0,,2514206.0,28505.0,,1737101.0,BellBl00,blake-bell-1,10248.0,10366.0,,28505.0,542871.0,16878.0,542871.0,Blake Bell,blake bell,0,1,0.0,0,0.0,0.0,0.0,0.0,0.0,-0.79189235,0,,0.027777778,0.0,0.041666668,,,,,,,,,,,,,,,,,REG,KC,GB,Blake Bell,BellBl00,0.0,0.0,0.0,39.6
2021,REG,9,00-0033258,D.Daniels,TE,TE,ARI,13396,7574eb56-a34a-419e-9682-c4788cfe2019,16582.0,12122.0,4323.0,,3052166.0,30523.0,,2079698.0,DaniDa02,,11890.0,12453.0,,30523.0,747895.0,19176.0,747895.0,Darrell Daniels,darrell daniels,1,2,0.0,0,0.0,0.0,25.0,1.0,0.0,-1.3572935,0,0.0,0.07692308,0.20833333,0.26121795,,,,,,,,,,,,,,,,,REG,ARI,SF,Darrell Daniels,DaniDa02,0.0,0.0,0.0,56.2
2021,REG,9,00-0036032,S.McKeon,TE,TE,DAL,15097,0f369885-8ecd-4ca0-a3dc-df8530a0db6e,19726.0,42266.0,6964.0,,4036275.0,33101.0,,2239736.0,McKeSe01,,14478.0,,,33101.0,0.0,21781.0,911020.0,Sean McKeon,sean mckeon,0,2,0.0,0,0.0,0.0,10.0,0.0,0.0,-1.1354648,0,0.0,0.051282052,0.021321962,0.09184845,,,,,,,,,,,,,,,,,REG,DAL,DEN,Sean McKeon,McKeSe01,0.0,0.0,0.0,39.6
2021,REG,9,00-0036456,D.Dafney,TE,TE,GB,15214,921d49c2-64d1-4108-a3a3-0c237e17748a,22672.0,62825.0,7502.0,,4036129.0,33367.0,,3172375.0,DafnDo00,,15181.0,,,33367.0,0.0,22477.0,976393.0,Dominique Dafney,dominique dafney,0,1,0.0,0,0.0,0.0,8.0,0.0,0.0,-0.5895859,0,0.0,0.03125,0.02930403,0.06738782,,,,,,,,,,,,,,,,,REG,GB,KC,Dominique Dafney,DafnDo00,0.0,0.0,0.0,39.6
2021,REG,9,00-0036825,F.Franks,TE,TE,ATL,15244,79a849be-0552-4da9-89ff-11d20a7a764a,20081.0,40217.0,7531.0,,4034948.0,33729.0,,2221829.0,,,15324.0,,,33729.0,0.0,,910377.0,Feleipe Franks,feleipe franks,0,0,0.0,0,0.0,0.0,0.0,0.0,0.0,,0,,,,,,,,,,,,,,,,,,,,,,,,,,,,,
2021,REG,9,00-0036887,L.Farrell,TE,TE,JAX,15335,8a1f0e8e-6521-4a94-9934-ad4f76a25fd9,19501.0,42353.0,7842.0,,4040612.0,33533.0,,2260977.0,FarrLu00,luke-farrell-1,15566.0,,,33533.0,0.0,,946541.0,Luke Farrell,luke farrell,0,1,0.0,0,0.0,0.0,15.0,0.0,0.0,-0.52323616,0,0.0,0.037037037,0.07772021,0.1099597,,,,,,,,,,,,,,,,,REG,JAX,BUF,Luke Farrell,FarrLu00,0.0,1.0,1.0,39.6
2021,REG,9,00-0024243,M.Lewis,TE,TE,GB,8269,9c21e9af-681c-41ef-9b00-fbc9e1668ed1,9413.0,2973.0,111.0,marcedeslewis/2495888,9614.0,7777.0,4007.0,415313.0,LewiMa00,marcedes-lewis-1,4891.0,3615.0,,7777.0,214197.0,3061.0,214197.0,Marcedes Lewis,marcedes lewis,1,1,-1.0,0,0.0,0.0,-3.0,2.0,0.0,-0.97101456,0,0.0,0.03125,-0.010989011,0.039182693,,,,,,,,,,,,,,,,,REG,GB,KC,Marcedes Lewis,LewiMa00,0.0,0.0,0.0,79.2
2021,REG,10,00-0030506,T.Kelce,TE,TE,KC,11244,c3859e06-5f23-4302-a71b-04820a899d5f,11594.0,7844.0,1466.0,traviskelce/2540258,15847.0,26686.0,,1725130.0,KelcTr00,travis-kelce-1,8783.0,8411.0,264.0,26686.0,448240.0,15048.0,448240.0,Travis Kelce,travis kelce,8,10,119.0,0,0.0,0.0,53.0,72.0,7.0,9.876705,0,2.2452831,0.20833333,0.14095744,0.4111702,Travis Kelce,KC,5.875555555555556,3.418734398767976,5.842999999999999,15.635536526625634,80.0,119.0,0.0,9.37625,5.520573835087134,3.8556761649128664,00-0030506,Travis,Kelce,T.Kelce,REG,KC,LV,Travis Kelce,KelcTr00,2.0,1.0,0.1,116.2
2021,REG,10,00-0036423,A.Okwuegbunam,TE,TE,DEN,14873,617aee8a-70be-4bdf-9a71-2e2b74e647e6,18246.0,41933.0,6843.0,,4035115.0,32788.0,,2245117.0,OkwuAl00,albert-okwuegbunam-1,14369.0,,,32788.0,0.0,21794.0,920077.0,Albert Okwuegbunam,albert okwuegbunam,3,3,77.0,0,0.0,0.0,16.0,61.0,1.0,5.9463687,0,4.8125,0.0882353,0.082051285,0.18978883,,,,,,,,,,,,,,,,,REG,DEN,PHI,Albert Okwuegbunam,OkwuAl00,0.0,0.0,0.0,118.7
2021,REG,10,00-0034011,D.Arnold,TE,TE,JAX,13880,d479a777-b53b-4bbf-a8e4-0c1675ac48df,17143.0,51842.0,4741.0,,4212989.0,30891.0,,2835170.0,ArnoDa00,,12276.0,12972.0,,30891.0,1053627.0,19659.0,1053627.0,Dan Arnold,dan arnold,5,8,67.0,0,0.0,0.0,64.0,28.0,2.0,1.8486259,1,1.046875,0.22857143,0.19104478,0.4765885,Dan Arnold,JAX,5.695,4.273467893949014,7.303750000000001,17.53285722859029,62.5,67.0,0.0,5.783999999999997,3.4776331525274147,2.3063668474725825,00-0034011,Daniel,Arnold,D.Arnold,REG,JAX,IND,Dan Arnold,ArnoDa00,0.0,1.0,0.125,89.1
2021,REG,10,00-0033895,G.Everett,TE,TE,SEA,13236,ebeceb00-57e0-4b74-9cf7-853da2afed18,16459.0,11799.0,4089.0,,3918639.0,30157.0,,2142692.0,EverGe00,gerald-everett-1,11737.0,12284.0,55.0,30157.0,838487.0,18935.0,838487.0,Gerald Everett,gerald everett,8,8,63.0,0,0.0,0.0,23.0,40.0,3.0,1.54284,0,2.7391305,0.21052632,0.050660793,0.35125202,Gerald Everett,SEA,7.223750000000001,3.286455979286796,2.7675000000000014,4.750869061413676,100.0,63.0,0.0,5.107499999999999,3.9498361279760417,1.1576638720239574,00-0033895,Gerald,Everett,G.Everett,REG,SEA,GB,Gerald Everett,EverGe00,1.0,0.0,0.0,99.5
2021,REG,10,00-0034753,M.Andrews,TE,TE,BAL,13671,0618f387-9b72-4270-8b8f-dec4cccc9e4a,17269.0,47436.0,5012.0,,3116365.0,31056.0,,2131121.0,AndrMa00,mark-andrews-1,12559.0,13182.0,366.0,31056.0,820699.0,19803.0,820699.0,Mark Andrews,mark andrews,6,8,63.0,1,0.0,0.0,60.0,24.0,5.0,3.8191,0,1.05,0.19512194,0.19354838,0.4281668,Mark Andrews,BAL,7.731249999999999,3.4280971076982425,9.344999999999999,23.118312820829974,75.0,63.0,1.0,3.798333333333334,4.005177774307232,-0.20684444097389854,00-0034753,Mark,Andrews,M.Andrews,REG,BAL,MIA,Mark Andrews,AndrMa00,0.0,0.0,0.0,137.0
2021,REG,10,00-0036970,K.Pitts,TE,TE,ATL,15329,1f3deb24-9ff8-4769-8f42-825eff7742f6,20164.0,83964.0,7553.0,,4360248.0,33392.0,,2964514.0,PittKy00,kyle-pitts-1,15265.0,,1051.0,33392.0,0.0,,1123026.0,Kyle Pitts,kyle pitts,4,7,60.0,0,0.0,0.0,77.0,14.0,3.0,-5.1746635,0,0.77922076,0.25925925,0.30555555,0.6027778,Kyle Pitts,ATL,6.028571428571429,2.3714716173094543,10.534285714285716,27.48928238583411,57.14285714285714,60.0,0.0,3.8499999999999996,3.544646838461631,0.30535316153836867,00-0036970,Kyle,Pitts,K.Pitts,REG,ATL,DAL,Kyle Pitts,PittKy00,0.0,0.0,0.0,45.8
2021,REG,10,00-0035644,N.Fant,TE,TE,DEN,14137,cdc98acc-9eb6-4b44-81bb-61d7b8a3b55f,17527.0,42388.0,5857.0,,4036131.0,31852.0,,2251095.0,FantNo00,noah-fant-1,13426.0,14050.0,243.0,31852.0,923911.0,20753.0,923911.0,Noah Fant,noah fant,5,6,59.0,0,0.0,0.0,33.0,28.0,3.0,1.507529,0,1.7878788,0.1764706,0.16923077,0.38316742,Noah Fant,DEN,7.243333333333332,4.021445298890305,5.366666666666667,15.341369288675022,83.33333333333334,59.0,0.0,6.081999999999999,6.287172944507802,-0.20517294450780277,00-0035644,Noah,Fant,N.Fant,REG,DEN,PHI,Noah Fant,FantNo00,0.0,0.0,0.0,107.6
2021,REG,10,00-0033288,G.Kittle,TE,TE,SF,13299,2ada91b0-036e-454f-83c3-6d939ff584a9,16499.0,11901.0,4217.0,,3040151.0,30259.0,,2818265.0,KittGe00,george-kittle-1,11892.0,12276.0,298.0,30259.0,733672.0,19063.0,733672.0,George Kittle,george kittle,5,7,50.0,1,0.0,0.0,45.0,23.0,4.0,4.939177,0,1.1111112,0.36842105,0.36,0.8046316,George Kittle,SF,4.235,2.0250441310695244,5.587142857142856,34.279954421947586,71.42857142857143,50.0,1.0,4.627999999999998,3.254544650526623,1.3734553494733754,00-0033288,George,Kittle,G.Kittle,REG,SF,LA,George Kittle,KittGe00,1.0,0.0,0.0,131.0
2021,REG,10,00-0030061,Z.Ertz,TE,TE,ARI,11247,de3421f7-2147-4835-89a5-724e87bad463,11689.0,7816.0,1339.0,zachertz/2540158,15835.0,26658.0,,1685963.0,ErtzZa00,zach-ertz-1,8781.0,8409.0,305.0,26658.0,503177.0,14856.0,503177.0,Zach Ertz,zach ertz,4,6,46.0,0,0.0,0.0,60.0,18.0,2.0,2.8873599,0,0.76666665,0.20689656,0.2690583,0.49868563,Zach Ertz,ARI,8.365,2.6516309427526097,9.699999999999998,27.489136595503496,66.66666666666666,46.0,0.0,4.782500000000002,3.0159977508593556,1.7665022491406468,00-0030061,Zachary,Ertz,Z.Ertz,REG,ARI,CAR,Zach Ertz,ErtzZa00,1.0,0.0,0.0,89.6
2021,REG,10,00-0033090,H.Henry,TE,TE,NE,12676,705899da-3c20-4bc3-b5d0-2e6e40655131,15561.0,10669.0,3214.0,,3046439.0,29269.0,,2079848.0,HenrHu00,hunter-henry-1,10735.0,11299.0,212.0,29269.0,744425.0,17975.0,744425.0,Hunter Henry,hunter henry,4,4,37.0,2,0.0,0.0,35.0,2.0,4.0,7.4279046,0,1.0571429,0.16,0.1923077,0.37461537,,,,,,,,,,,,,,,,,REG,NE,CLE,Hunter Henry,HenrHu00,0.0,0.0,0.0,144.8
2021,REG,10,00-0036040,J.Johnson,TE,TE,NO,14861,0226b03b-f91d-4223-9813-9fcd2e9c3acc,19562.0,28305.0,7002.0,,3929645.0,33113.0,,2186637.0,JohnJu02,,14630.0,,575.0,33113.0,0.0,21738.0,884609.0,Juwan Johnson,juwan johnson,2,3,36.0,0,0.0,0.0,35.0,9.0,2.0,2.9728353,0,1.0285715,0.08571429,0.11290322,0.2076037,,,,,,,,,,,,,,,,,REG,NO,TEN,Juwan Johnson,JohnJu02,0.0,1.0,0.333,107.6
2021,REG,10,00-0033896,A.Shaheen,TE,TE,MIA,13254,87171077-4c1c-4b67-b159-2cc6242988e0,16457.0,11800.0,4085.0,,4198676.0,30158.0,,2818105.0,ShahAd00,,11898.0,12283.0,,30158.0,1049770.0,18931.0,1049770.0,Adam Shaheen,adam shaheen,3,4,34.0,0,0.0,0.0,31.0,7.0,2.0,0.75164163,0,1.0967742,0.11764706,0.10064935,0.24692513,,,,,,,,,,,,,,,,,REG,MIA,BAL,Adam Shaheen,ShahAd00,0.0,0.0,0.0,100.0
2021,REG,10,00-0036422,A.Trautman,TE,TE,NO,14870,4e14183b-f974-4745-9d7f-8f5eb2a92a7d,19423.0,109795.0,6869.0,,3911853.0,32775.0,,2182228.0,TrauAd00,,14541.0,,566.0,32775.0,0.0,21786.0,875444.0,Adam Trautman,adam trautman,5,6,32.0,0,0.0,0.0,12.0,24.0,1.0,-0.23017827,0,2.6666667,0.17142858,0.038709678,0.28423962,Adam Trautman,NO,6.8950000000000005,6.882519296647121,2.2600000000000002,4.120578582715449,83.33333333333334,32.0,0.0,4.485999999999999,6.604068164835553,-2.118068164835554,00-0036422,Adam,Trautman,A.Trautman,REG,NO,TEN,Adam Trautman,TrauAd00,0.0,1.0,0.167,88.9
2021,REG,10,00-0030181,J.Doyle,TE,TE,IND,11516,bd413539-9351-454e-9d61-4e8635d7e9f5,11987.0,8520.0,1706.0,jackdoyle/2540232,16504.0,27299.0,,2041264.0,DoylJa00,,9081.0,9075.0,,27299.0,477386.0,15602.0,477386.0,Jack Doyle,jack doyle,3,5,31.0,0,0.0,0.0,31.0,21.0,1.0,1.9291548,0,1.0,0.15151516,0.18562874,0.35721284,Jack Doyle,IND,8.6575,4.300199774555745,5.595999999999998,16.361616279749715,60.0,31.0,0.0,7.530000000000001,4.116772547138377,3.4132274528616238,00-0030181,John,Doyle,J.Doyle,REG,IND,JAX,Jack Doyle,DoylJa00,0.0,1.0,0.2,77.9
2021,REG,10,00-0036894,P.Freiermuth,TE,TE,PIT,15331,04f0fefe-9d9d-44f5-94ea-6df2a42df3c6,20163.0,84085.0,7600.0,,4361411.0,33443.0,,2961270.0,FreiPa00,pat-freiermuth-1,15267.0,,1053.0,33443.0,0.0,,1116662.0,Pat Freiermuth,pat freiermuth,5,9,31.0,0,1.0,1.0,57.0,12.0,2.0,-3.4226704,0,0.54385966,0.18367347,0.17538461,0.39827943,Pat Freiermuth,PIT,4.95875,3.9880481648487835,5.562222222222221,15.74956740600912,55.55555555555556,31.0,0.0,2.4520000000000004,2.8503054506446914,-0.39830545064469103,00-0036894,Pat,Freiermuth,P.Freiermuth,REG,PIT,DET,Pat Freiermuth,FreiPa00,0.0,1.0,0.111,62.7
2021,REG,10,00-0033611,R.Seals-Jones,TE,TE,WAS,13382,52735659-a294-4f64-a7f4-3591450834e5,16730.0,12020.0,4531.0,,3051806.0,30494.0,,2080003.0,SealRi00,,11876.0,12463.0,,30494.0,744568.0,19410.0,744568.0,Ricky Seals-Jones,ricky seals-jones,3,4,30.0,0,0.0,0.0,22.0,16.0,2.0,1.9774613,0,1.3636364,0.125,0.0952381,0.25416666,,,,,,,,,,,,,,,,,REG,WAS,TB,Ricky Seals-Jones,SealRi00,0.0,1.0,0.25,95.8
2021,REG,10,00-0034351,D.Goedert,TE,TE,PHI,13674,e8029983-87cf-49a2-bc04-04c8233a0630,17270.0,47272.0,5022.0,,3121023.0,31019.0,,2132551.0,GoedDa00,,12860.0,13151.0,382.0,31019.0,791365.0,19863.0,791365.0,Dallas Goedert,dallas goedert,2,2,28.0,0,0.0,0.0,21.0,7.0,1.0,2.9236937,0,1.3333334,0.09090909,0.09210526,0.20083731,,,,,,,,,,,,,,,,,REG,PHI,DEN,Dallas Goedert,GoedDa00,0.0,0.0,0.0,118.7
2021,REG,10,00-0032141,G.Swaim,TE,TE,TEN,12378,d0f9112d-2496-450a-9fc5-d2d01b4d2454,14164.0,9679.0,2545.0,geoffswaim/2553454,3046704.0,28634.0,,2174207.0,SwaiGe00,geoff-swaim-1,10507.0,10617.0,,28634.0,728021.0,17005.0,728021.0,Geoff Swaim,geoff swaim,4,5,26.0,0,0.0,0.0,31.0,9.0,2.0,0.9296348,0,0.83870965,0.18518518,0.23134328,0.43971807,Geoff Swaim,TEN,4.555,2.3836882623220506,6.15,18.815394970323688,80.0,26.0,0.0,1.9525000000000006,3.360938682581761,-1.4084386825817603,00-0032141,Geoffrey,Swaim,G.Swaim,REG,TEN,NO,Geoff Swaim,SwaiGe00,0.0,0.0,0.0,88.3
2021,REG,10,00-0032392,A.Hooper,TE,TE,CLE,12677,90c2a93f-d837-4e1b-b57c-56648903a8db,15581.0,10715.0,3202.0,,3043275.0,29315.0,,2067004.0,HoopAu00,austin-hooper-1,10748.0,11301.0,384.0,29315.0,739424.0,17963.0,739424.0,Austin Hooper,austin hooper,4,5,25.0,1,0.0,0.0,21.0,7.0,3.0,5.294677,0,1.1904762,0.16129032,0.095454544,0.30875367,Austin Hooper,CLE,3.04,2.5940763016967807,5.446,12.364907819453276,80.0,25.0,1.0,2.137500000000001,2.1159879864293316,0.021512013570669453,00-0032392,Austin,Hooper,A.Hooper,REG,CLE,NE,Austin Hooper,HoopAu00,0.0,0.0,0.0,127.1
2021,REG,10,00-0036628,J.Bates,TE,TE,WAS,15344,3208880b-949f-4926-85eb-1940770550ea,22833.0,42275.0,7716.0,,4048228.0,33512.0,,2257291.0,BateJo00,john-bates-1,15289.0,,,33512.0,0.0,,944038.0,John Bates,john bates,3,3,25.0,0,0.0,0.0,18.0,7.0,1.0,1.9541494,0,1.3888888,0.09375,0.077922076,0.19517045,,,,,,,,,,,,,,,,,REG,WAS,TB,John Bates,BateJo00,0.0,0.0,0.0,101.4
2021,REG,10,00-0031610,D.Waller,TE,TE,LV,12263,14c97c9f-26e8-4944-9299-f90de6aeada3,14104.0,9637.0,2505.0,,2576925.0,28592.0,,1850793.0,WallDa01,darren-waller-1,10215.0,10433.0,,28592.0,600191.0,16964.0,600191.0,Darren Waller,darren waller,4,7,24.0,0,0.0,0.0,47.0,17.0,2.0,0.18529463,0,0.5106383,0.20588236,0.18503937,0.4383511,Darren Waller,LV,10.13,3.238488983998603,7.038571428571428,18.365825474335555,57.14285714285714,24.0,0.0,4.757500000000002,4.006420160971629,0.7510798390283728,00-0031610,Darren,Waller,D.Waller,REG,LV,KC,Darren Waller,WallDa01,0.0,0.0,0.0,64.0
2021,REG,10,00-0034798,D.Smythe,TE,TE,MIA,13676,7e42a22a-c47b-4387-aeeb-2cc2e76dc1d8,17508.0,47257.0,5008.0,,3052897.0,31093.0,,2082845.0,SmytDu00,durham-smythe-1,12807.0,13249.0,,31093.0,749968.0,19943.0,749968.0,Durham Smythe,durham smythe,1,1,23.0,0,0.0,0.0,2.0,21.0,1.0,1.4059837,0,11.5,0.029411765,0.0064935065,0.048663102,,,,,,,,,,,,,,,,,REG,MIA,BAL,Durham Smythe,SmytDu00,0.0,0.0,0.0,118.7
2021,REG,10,00-0034159,W.Dissly,TE,TE,SEA,13763,383f4814-6836-4766-a297-fc063e8509cc,18049.0,30762.0,5010.0,,3127292.0,31090.0,,2139628.0,DissWi00,will-dissly-1,12986.0,13246.0,86.0,31090.0,837806.0,19950.0,837806.0,Will Dissly,will dissly,2,2,22.0,0,0.0,0.0,-2.0,24.0,1.0,0.1629655,0,0.0,0.05263158,-0.004405286,0.07586367,,,,,,,,,,,,,,,,,REG,SEA,GB,Will Dissly,DissWi00,0.0,0.0,0.0,112.5
2021,REG,10,00-0030108,R.Griffin,TE,TE,NYJ,11399,cb1df42c-b59c-4e23-a9a2-fbfc2b39ef71,11830.0,7982.0,1425.0,ryangriffin/2541316,15887.0,26824.0,,2057695.0,GrifRy00,ryan-griffin-1,8911.0,8600.0,,26824.0,465129.0,14985.0,465129.0,Ryan Griffin,ryan griffin,1,2,21.0,0,0.0,0.0,16.0,9.0,1.0,1.2707382,0,1.3125,0.04347826,0.049079753,0.09957322,,,,,,,,,,,,,,,,,REG,NYJ,BUF,Ryan Griffin,GrifRy00,0.0,0.0,0.0,87.5
2021,REG,10,00-0033110,T.Higbee,TE,TE,LA,12678,0df7912d-9e81-47ea-b4f7-d04986df4ee8,15623.0,10744.0,3271.0,,2573401.0,29344.0,,1853103.0,HigbTy00,tyler-higbee-1,10854.0,11430.0,159.0,29344.0,604176.0,18032.0,604176.0,Tyler Higbee,tyler higbee,3,5,20.0,1,0.0,0.0,21.0,7.0,2.0,-4.1359963,0,0.95238096,0.11904762,0.0625,0.22232144,Tyler Higbee,LAR,7.195,3.5940240125065204,3.4339999999999975,4.743093922651931,60.0,20.0,1.0,2.403333333333336,2.157439799982967,0.2458935333503689,00-0033110,Tyler,Higbee,T.Higbee,REG,LA,SF,Tyler Higbee,HigbTy00,0.0,2.0,0.4,68.7
2021,REG,10,00-0036232,H.Bryant,TE,TE,CLE,14875,f58a5899-8b78-46e8-a29a-ba6273b7d872,19389.0,26394.0,6850.0,,4040774.0,32785.0,,2241240.0,BryaHa00,harrison-bryant-1,14576.0,,752.0,32785.0,0.0,21783.0,916467.0,Harrison Bryant,harrison bryant,2,2,18.0,0,0.0,0.0,7.0,11.0,2.0,1.020935,0,2.5714285,0.06451613,0.03181818,0.11904692,,,,,,,,,,,,,,,,,REG,CLE,NE,Harrison Bryant,BryaHa00,0.0,0.0,0.0,104.2
2021,REG,10,00-0035329,D.Parham,TE,TE,LAC,14341,4f246e92-3d21-450f-977a-dc16892c7238,18835.0,91014.0,6074.0,,3912092.0,32456.0,,2183713.0,ParhDo00,,13602.0,14320.0,,32456.0,875649.0,20905.0,875649.0,Donald Parham,donald parham,1,2,17.0,0,0.0,0.0,2.0,16.0,1.0,0.19267656,0,8.5,0.060606062,0.010752688,0.098435976,,,,,,,,,,,,,,,,,REG,LAC,MIN,Donald Parham,ParhDo00,0.0,0.0,0.0,79.2
2021,REG,10,00-0035689,D.Knox,TE,TE,BUF,14143,5fb525c5-4e70-4ede-8c49-94ad0cf66b7d,18631.0,35883.0,5906.0,,3930086.0,31928.0,,2186345.0,KnoxDa00,dawson-knox-1,13466.0,13953.0,88.0,31928.0,884083.0,20850.0,884083.0,Dawson Knox,dawson knox,1,1,17.0,0,0.0,0.0,2.0,15.0,1.0,1.1320451,0,8.5,0.035714287,0.005524862,0.05743883,,,,,,,,,,,,,,,,,REG,BUF,NYJ,Dawson Knox,KnoxDa00,0.0,0.0,0.0,118.7
2021,REG,10,00-0036032,S.McKeon,TE,TE,DAL,15097,0f369885-8ecd-4ca0-a3dc-df8530a0db6e,19726.0,42266.0,6964.0,,4036275.0,33101.0,,2239736.0,McKeSe01,,14478.0,,,33101.0,0.0,21781.0,911020.0,Sean McKeon,sean mckeon,2,2,15.0,0,0.0,0.0,13.0,2.0,1.0,-0.09094222,0,1.1538461,0.060606062,0.08024691,0.14708193,,,,,,,,,,,,,,,,,REG,DAL,ATL,Sean McKeon,McKeSe01,0.0,0.0,0.0,97.9
2021,REG,10,00-0036876,K.Granson,TE,TE,IND,15419,bcc0167c-05fd-4b23-981e-60b8784ceb33,22841.0,40630.0,7602.0,,4039160.0,33515.0,,2247146.0,GranKy00,kylen-granson-1,15245.0,,1119.0,33515.0,0.0,,921050.0,Kylen Granson,kylen granson,1,1,15.0,0,0.0,0.0,4.0,11.0,1.0,1.7758112,0,3.75,0.030303031,0.023952097,0.062221013,,,,,,,,,,,,,,,,,REG,IND,JAX,Kylen Granson,GranKy00,0.0,0.0,0.0,118.7
2021,REG,10,00-0034383,D.Schultz,TE,TE,DAL,13772,8caec1b4-e0b6-4a84-b8c8-617d6e91ef6a,17349.0,47304.0,5001.0,,3117256.0,31107.0,,2136748.0,SchuDa00,dalton-schultz-1,12514.0,13198.0,487.0,31107.0,830523.0,19920.0,830523.0,Dalton Schultz,dalton schultz,1,2,14.0,0,0.0,0.0,19.0,8.0,1.0,0.4121232,0,0.7368421,0.060606062,0.11728395,0.17300786,,,,,,,,,,,,,,,,,REG,DAL,ATL,Dalton Schultz,SchuDa00,0.0,0.0,0.0,72.9
2021,REG,10,00-0034766,C.Herndon,TE,TE,MIN,13679,780a48de-d092-4e87-9c34-8d1b45a154cc,17536.0,47164.0,5009.0,,3123050.0,31077.0,,2136463.0,HernCh00,christopher-herndon-iv-1,12899.0,13228.0,,31077.0,832080.0,19947.0,832080.0,Chris Herndon,chris herndon,1,2,14.0,0,0.0,0.0,9.0,12.0,1.0,0.07288988,0,1.5555556,0.057142857,0.03797468,0.11229657,,,,,,,,,,,,,,,,,REG,MIN,LAC,Chris Herndon,HernCh00,0.0,1.0,0.5,72.9
2021,REG,10,00-0031387,E.Ebron,TE,TE,PIT,11695,9fbcfae9-dd14-415c-8952-9b1b5dff0dfc,12143.0,8645.0,2118.0,ericebron/2543466,16732.0,27538.0,,1865396.0,EbroEr00,eric-ebron-1,9210.0,9390.0,,27538.0,605752.0,16451.0,605752.0,Eric Ebron,eric ebron,2,2,13.0,0,0.0,0.0,7.0,6.0,0.0,-0.05193971,0,1.8571428,0.040816326,0.02153846,0.07630141,,,,,,,,,,,,,,,,,REG,PIT,DET,Eric Ebron,EbroEr00,0.0,0.0,0.0,93.7
2021,REG,10,00-0033885,D.Njoku,TE,TE,CLE,13192,8f86fcea-90e8-49ea-bc78-5c7659313e57,16399.0,11784.0,4033.0,,3123076.0,30142.0,,2136474.0,NjokDa00,david-njoku-1,11734.0,12186.0,252.0,30142.0,832098.0,18876.0,832098.0,David Njoku,david njoku,1,4,11.0,0,0.0,0.0,34.0,6.0,0.0,-3.9574318,0,0.32352942,0.12903225,0.15454546,0.30173022,,,,,,,,,,,,,,,,,REG,CLE,NE,David Njoku,NjokDa00,0.0,1.0,0.25,0.0
2021,REG,10,00-0034270,T.Conklin,TE,TE,MIN,13675,f0d17dfa-ebf3-416c-a8d2-c6bc30675103,17598.0,47327.0,5133.0,,3915486.0,31220.0,,2165249.0,ConkTy00,tyler-conklin-1,12809.0,13220.0,489.0,31127.0,861278.0,19988.0,861278.0,Tyler Conklin,tyler conklin,3,5,11.0,2,0.0,0.0,50.0,3.0,2.0,2.2636926,0,0.22,0.14285715,0.21097046,0.36196503,Tyler Conklin,MIN,5.526,2.4053731695510256,11.220000000000002,22.512941931859224,60.0,11.0,2.0,0.9833333333333343,1.474002544162128,-0.4906692108287938,00-0034270,Tyler,Conklin,T.Conklin,REG,MIN,LAC,Tyler Conklin,ConkTy00,0.0,0.0,0.0,104.2
2021,REG,10,00-0024243,M.Lewis,TE,TE,GB,8269,9c21e9af-681c-41ef-9b00-fbc9e1668ed1,9413.0,2973.0,111.0,marcedeslewis/2495888,9614.0,7777.0,4007.0,415313.0,LewiMa00,marcedes-lewis-1,4891.0,3615.0,,7777.0,214197.0,3061.0,214197.0,Marcedes Lewis,marcedes lewis,2,2,10.0,0,0.0,0.0,6.0,4.0,0.0,0.1920409,0,1.6666666,0.057142857,0.02586207,0.10381773,,,,,,,,,,,,,,,,,REG,GB,SEA,Marcedes Lewis,LewiMa00,0.0,0.0,0.0,87.5
2021,REG,10,00-0027061,J.Cook,TE,TE,LAC,9474,3b7a1409-d154-4e5c-8c94-9d4a0e0993c7,9265.0,5012.0,367.0,jaredcook/71265,12537.0,9353.0,6126.0,584314.0,CookJa02,jared-cook-2,5981.0,5165.0,,9353.0,296480.0,8534.0,296480.0,Jared Cook,jared cook,1,3,10.0,0,0.0,0.0,24.0,0.0,1.0,-0.27796933,0,0.41666666,0.09090909,0.12903225,0.22668622,,,,,,,,,,,,,,,,,REG,LAC,MIN,Jared Cook,CookJa02,0.0,0.0,0.0,43.7
2021,REG,10,00-0036332,J.Deguara,TE,TE,GB,14876,7874d188-0fcd-4af9-9289-27c27e2bbd16,19456.0,47034.0,7050.0,,3914151.0,32764.0,,2181108.0,DeguJo00,josiah-deguara-1,14629.0,,,32764.0,0.0,21798.0,866149.0,Josiah Deguara,josiah deguara,2,3,9.0,0,0.0,0.0,15.0,9.0,0.0,-4.6460347,0,0.6,0.08571429,0.06465517,0.17383005,,,,,,,,,,,,,,,,,REG,GB,SEA,Josiah Deguara,DeguJo00,0.0,0.0,0.0,30.6
2021,REG,10,00-0031273,C.Brate,TE,TE,TB,12110,5afe93fd-0caf-4cca-83fc-7f405bebfa3e,13470.0,9207.0,2214.0,,17453.0,28267.0,,2132787.0,BratCa00,,10008.0,10193.0,,28267.0,552926.0,16593.0,552926.0,Cameron Brate,cameron brate,1,3,6.0,1,0.0,0.0,27.0,0.0,1.0,-0.67835647,0,0.22222222,0.09090909,0.14136125,0.23531651,,,,,,,,,,,,,,,,,REG,TB,WAS,Cameron Brate,BratCa00,0.0,0.0,0.0,81.9
2021,REG,10,00-0033217,M.Alie-Cox,TE,TE,IND,13246,8809c0dd-786b-4255-a7d0-333c9498c19a,16579.0,12078.0,4054.0,moalie-cox/2558832,2998565.0,30112.0,,2815925.0,AlieMo00,,12196.0,12221.0,195.0,30112.0,712506.0,18900.0,712506.0,Mo Alie-Cox,mo alie-cox,1,2,6.0,0,0.0,0.0,10.0,1.0,0.0,-1.626592,0,0.6,0.060606062,0.059880238,0.13282526,,,,,,,,,,,,,,,,,REG,IND,JAX,Mo Alie-Cox,AlieMo00,0.0,0.0,0.0,56.2
2021,REG,10,00-0036741,J.Stoll,TE,TE,PHI,15541,0560d134-d316-4cda-9d48-34d32267af68,23193.0,42058.0,7946.0,,4034862.0,33891.0,,2239684.0,StolJa00,,15510.0,,,33891.0,0.0,,911985.0,Jack Stoll,jack stoll,2,3,6.0,0,0.0,0.0,16.0,2.0,0.0,-0.5241278,0,0.375,0.13636364,0.07017544,0.25366825,,,,,,,,,,,,,,,,,REG,PHI,DEN,Jack Stoll,StolJa00,0.0,0.0,0.0,70.1
2021,REG,10,00-0036250,T.Davis,TE,TE,GB,14996,e7a9186e-5e19-4f70-b45c-527c888e6fc7,19811.0,47743.0,7131.0,,3914240.0,32876.0,,2182811.0,DaviTy02,tyler-davis-2,14827.0,,,32876.0,0.0,22138.0,866174.0,Tyler Davis,tyler davis,1,1,4.0,0,0.0,0.0,2.0,2.0,0.0,0.22428852,0,2.0,0.028571429,0.00862069,0.048891626,,,,,,,,,,,,,,,,,REG,GB,SEA,Tyler Davis,DaviTy02,0.0,0.0,0.0,83.3
2021,REG,10,00-0037005,T.Tremble,TE,TE,CAR,15332,cbee2fd3-e5f2-4316-bffd-531f1873f032,22795.0,84025.0,7694.0,,4372780.0,33471.0,,2969027.0,TremTo00,tommy-tremble-1,15371.0,,1054.0,33471.0,0.0,,1130555.0,Tommy Tremble,tommy tremble,1,1,3.0,0,0.0,0.0,0.0,3.0,0.0,-0.44409367,0,0.0,0.03125,0.0,0.046875,,,,,,,,,,,,,,,,,REG,CAR,ARI,Tommy Tremble,TremTo00,0.0,0.0,0.0,79.2
2021,REG,10,00-0031585,M.Pruitt,TE,TE,TEN,12309,f22b34cf-6ecf-4522-9c77-1da275dfda7d,13964.0,9576.0,2446.0,,2508256.0,28531.0,,1760327.0,PruiMy00,,10251.0,10522.0,,28531.0,552586.0,16903.0,552586.0,MyCole Pruitt,mycole pruitt,1,1,2.0,1,0.0,0.0,2.0,0.0,1.0,0.92382616,0,1.0,0.037037037,0.014925373,0.066003315,,,,,,,,,,,,,,,,,REG,TEN,NO,MyCole Pruitt,PruiMy00,0.0,0.0,0.0,118.7
2021,REG,10,00-0033455,A.Firkser,TE,TE,TEN,13919,b0719e3d-199b-46e5-a2b4-1091f6fd5c0d,16787.0,51837.0,4435.0,,3049698.0,30571.0,,2818971.0,FirkAn00,,12235.0,12691.0,,30571.0,767297.0,19296.0,767297.0,Anthony Firkser,anthony firkser,1,2,2.0,0,0.0,0.0,-6.0,1.0,0.0,-2.4621365,0,0.0,0.074074075,-0.04477612,0.07976783,,,,,,,,,,,,,,,,,REG,TEN,NO,Anthony Firkser,FirkAn00,0.0,0.0,0.0,56.2
2021,REG,10,00-0035603,K.Blanton,TE,TE,LA,14357,b5e95ece-3b71-439b-b7b4-ae102f9e7c08,18431.0,47311.0,6081.0,,3122103.0,32125.0,,2139213.0,BlanKe01,,13711.0,14322.0,,32125.0,835674.0,21032.0,835674.0,Kendall Blanton,kendall blanton,1,1,2.0,0,0.0,0.0,-4.0,6.0,0.0,-2.5820916,0,0.0,0.023809524,-0.011904762,0.027380953,,,,,,,,,,,,,,,,,REG,LA,SF,Kendall Blanton,BlanKe01,0.0,0.0,0.0,79.2
2021,REG,10,00-0036754,B.Wright,TE,TE,DET,15626,8f182089-7730-499e-8f2e-87bda32debfb,23341.0,60994.0,7891.0,,4242392.0,33774.0,,2807423.0,WrigBr01,,15681.0,,1162.0,33774.0,0.0,,978120.0,Brock Wright,brock wright,1,2,2.0,0,0.0,0.0,1.0,2.0,0.0,-1.1865561,0,2.0,0.083333336,0.008064516,0.13064516,,,,,,,,,,,,,,,,,REG,DET,PIT,Brock Wright,WrigBr01,0.0,0.0,0.0,56.2
2021,REG,10,00-0036637,N.Gray,TE,TE,KC,15337,c97dfcb6-b999-476f-8487-f3848e92df17,19539.0,60878.0,7828.0,,4240472.0,33550.0,,2866903.0,GrayNo00,noah-gray-1,15459.0,,1059.0,33550.0,0.0,,1056981.0,Noah Gray,noah gray,1,3,1.0,1,0.0,0.0,0.0,0.0,1.0,0.975802,0,0.0,0.0625,0.0,0.09375,,,,,,,,,,,,,,,,,REG,KC,LV,Noah Gray,GrayNo00,0.0,1.0,0.333,81.9
2021,REG,10,00-0032062,B.Bell,TE,TE,KC,12213,0cc4e449-185a-4b08-9f07-c907ad0c3e05,13966.0,9550.0,2422.0,,2514206.0,28505.0,,1737101.0,BellBl00,blake-bell-1,10248.0,10366.0,,28505.0,542871.0,16878.0,542871.0,Blake Bell,blake bell,0,0,0.0,0,0.0,0.0,0.0,0.0,0.0,,0,,,,,,,,,,,,,,,,,,,,,,,,,,,,,
2021,REG,10,00-0034829,M.Gesicki,TE,TE,MIA,13672,1012cbe0-7eba-4169-bfca-183a0204e1a7,17272.0,47153.0,4993.0,,3116164.0,31012.0,,2139298.0,GesiMi00,mike-gesicki-1,12764.0,13104.0,330.0,31012.0,836152.0,19853.0,836152.0,Mike Gesicki,mike gesicki,0,7,0.0,0,0.0,0.0,76.0,0.0,0.0,-6.3551617,0,0.0,0.20588236,0.24675325,0.4815508,Mike Gesicki,MIA,6.295714285714287,1.6957765842877266,9.812857142857139,23.21157030378805,0.0,,0.0,,,,00-0034829,Michael,Gesicki,M.Gesicki,REG,MIA,BAL,Mike Gesicki,GesiMi00,0.0,0.0,0.0,39.6
2021,REG,10,00-0035229,T.Hockenson,TE,TE,DET,14138,bd1120b6-38b3-4225-a4b0-20660a149d0d,18290.0,40912.0,5844.0,,4036133.0,31840.0,,2251097.0,HockTJ00,tj-hockenson-1,13610.0,14051.0,247.0,31840.0,923915.0,20805.0,923915.0,T.J. Hockenson,tj hockenson,0,1,0.0,0,0.0,0.0,-2.0,0.0,0.0,-0.74561983,0,0.0,0.041666668,-0.016129032,0.051209677,,,,,,,,,,,,,,,,,REG,DET,PIT,T.J. Hockenson,HockTJ00,0.0,0.0,0.0,39.6
2021,REG,10,00-0035249,J.Oliver,TE,TE,BAL,14209,dc83f7af-7b30-4c4a-9c93-f67bd8db954b,18487.0,47083.0,5973.0,,3921690.0,31901.0,,2184618.0,OlivJo00,josh-oliver-1,13786.0,14127.0,7.0,31901.0,881779.0,20899.0,881779.0,Josh Oliver,josh oliver,0,1,0.0,0,0.0,0.0,-1.0,0.0,0.0,-0.7591775,0,0.0,0.024390243,-0.0032258064,0.034327302,,,,,,,,,,,,,,,,,REG,BAL,MIA,Josh Oliver,OlivJo00,0.0,0.0,0.0,39.6
2021,REG,11,00-0031610,D.Waller,TE,TE,LV,12263,14c97c9f-26e8-4944-9299-f90de6aeada3,14104.0,9637.0,2505.0,,2576925.0,28592.0,,1850793.0,WallDa01,darren-waller-1,10215.0,10433.0,,28592.0,600191.0,16964.0,600191.0,Darren Waller,darren waller,7,8,116.0,0,0.0,0.0,85.0,48.0,4.0,0.612717,0,1.3647059,0.32,0.4028436,0.76199055,Darren Waller,LV,7.354999999999999,3.3879490127956897,10.256250000000001,41.4938808536462,87.5,116.0,0.0,7.075714285714284,5.151145647230318,1.924568638483966,00-0031610,Darren,Waller,D.Waller,REG,LV,CIN,Darren Waller,WallDa01,1.0,0.0,0.0,79.2
2021,REG,11,00-0030061,Z.Ertz,TE,TE,ARI,11247,de3421f7-2147-4835-89a5-724e87bad463,11689.0,7816.0,1339.0,zachertz/2540158,15835.0,26658.0,,1685963.0,ErtzZa00,zach-ertz-1,8781.0,8409.0,305.0,26658.0,503177.0,14856.0,503177.0,Zach Ertz,zach ertz,8,9,88.0,2,0.0,0.0,50.0,40.0,7.0,8.761774,0,1.76,0.20454545,0.24875621,0.48094752,Zach Ertz,ARI,5.599999999999999,3.7959034022019247,6.2266666666666675,25.60892016633917,88.88888888888889,88.0,2.0,5.051249999999999,3.919845249828711,1.1314047501712876,00-0030061,Zachary,Ertz,Z.Ertz,REG,ARI,SEA,Zach Ertz,ErtzZa00,0.0,1.0,0.111,147.0
2021,REG,11,00-0035689,D.Knox,TE,TE,BUF,14143,5fb525c5-4e70-4ede-8c49-94ad0cf66b7d,18631.0,35883.0,5906.0,,3930086.0,31928.0,,2186345.0,KnoxDa00,dawson-knox-1,13466.0,13953.0,88.0,31928.0,884083.0,20850.0,884083.0,Dawson Knox,dawson knox,6,10,80.0,0,0.0,0.0,68.0,40.0,4.0,2.2712274,0,1.1764706,0.25641027,0.24285714,0.5546154,Dawson Knox,BUF,7.412857142857143,4.067998767649423,6.459999999999999,21.439713252132353,60.0,80.0,0.0,7.43,6.335699793526866,1.0943002064731333,00-0035689,Dawson,Knox,D.Knox,REG,BUF,IND,Dawson Knox,KnoxDa00,0.0,2.0,0.2,85.4
2021,REG,11,00-0030506,T.Kelce,TE,TE,KC,11244,c3859e06-5f23-4302-a71b-04820a899d5f,11594.0,7844.0,1466.0,traviskelce/2540258,15847.0,26686.0,,1725130.0,KelcTr00,travis-kelce-1,8783.0,8411.0,264.0,26686.0,448240.0,15048.0,448240.0,Travis Kelce,travis kelce,5,8,74.0,0,0.0,0.0,54.0,31.0,3.0,-1.2205704,0,1.3703704,0.24242425,0.31578946,0.584689,Travis Kelce,KC,5.3100000000000005,4.929171753155691,6.095000000000001,29.453337360314098,62.5,74.0,0.0,6.867999999999999,6.048081360636388,0.8199186393636113,00-0030506,Travis,Kelce,T.Kelce,REG,KC,DAL,Travis Kelce,KelcTr00,0.0,3.0,0.375,53.1
2021,REG,11,00-0034753,M.Andrews,TE,TE,BAL,13671,0618f387-9b72-4270-8b8f-dec4cccc9e4a,17269.0,47436.0,5012.0,,3116365.0,31056.0,,2131121.0,AndrMa00,mark-andrews-1,12559.0,13182.0,366.0,31056.0,820699.0,19803.0,820699.0,Mark Andrews,mark andrews,8,10,73.0,0,0.0,0.0,61.0,27.0,5.0,2.0808365,0,1.1967213,0.2777778,0.33333334,0.65,Mark Andrews,BAL,6.833333333333333,3.4734021905774903,5.668000000000001,33.675955082882766,80.0,73.0,0.0,4.093749999999999,5.7198540734130745,-1.6261040734130754,00-0034753,Mark,Andrews,M.Andrews,REG,BAL,CHI,Mark Andrews,AndrMa00,0.0,0.0,0.0,57.5
2021,REG,11,00-0027656,R.Gronkowski,TE,TE,TB,9902,2142a164-48ad-47d6-bb27-0bc58c6b2e62,9721.0,5567.0,515.0,robgronkowski/497240,13229.0,24017.0,,1244303.0,GronRo00,rob-gronkowski-1,6443.0,5729.0,,24017.0,381091.0,10974.0,381091.0,Rob Gronkowski,rob gronkowski,6,8,71.0,0,0.0,0.0,65.0,12.0,1.0,3.3379707,0,1.0923077,0.17021276,0.1884058,0.38720322,Rob Gronkowski,TB,2.623333333333333,2.363781342164799,7.813750000000001,17.0285216159525,75.0,71.0,0.0,2.318333333333334,1.8318171456017656,0.48651618773156824,00-0027656,Robert,Gronkowski,R.Gronkowski,REG,TB,NYG,Rob Gronkowski,GronRo00,1.0,0.0,0.0,101.6
2021,REG,11,00-0034351,D.Goedert,TE,TE,PHI,13674,e8029983-87cf-49a2-bc04-04c8233a0630,17270.0,47272.0,5022.0,,3121023.0,31019.0,,2132551.0,GoedDa00,,12860.0,13151.0,382.0,31019.0,791365.0,19863.0,791365.0,Dallas Goedert,dallas goedert,5,8,62.0,0,0.0,0.0,56.0,38.0,4.0,4.438199,0,1.1071428,0.3478261,0.2857143,0.7217391,Dallas Goedert,PHI,5.854285714285715,2.5524847953866168,7.831249999999999,28.55124641115617,62.5,62.0,0.0,6.894000000000001,5.17684232944643,1.7171576705535712,00-0034351,Dallas,Goedert,D.Goedert,REG,PHI,NO,Dallas Goedert,GoedDa00,2.0,2.0,0.25,86.5
2021,REG,11,00-0036422,A.Trautman,TE,TE,NO,14870,4e14183b-f974-4745-9d7f-8f5eb2a92a7d,19423.0,109795.0,6869.0,,3911853.0,32775.0,,2182228.0,TrauAd00,,14541.0,,566.0,32775.0,0.0,21786.0,875444.0,Adam Trautman,adam trautman,5,8,58.0,1,0.0,0.0,38.0,24.0,4.0,-0.8452733,0,1.5263158,0.22222222,0.14503817,0.43486005,Adam Trautman,NO,7.598333333333334,2.4613729018606314,6.391250000000001,17.85390041203995,62.5,58.0,1.0,5.025999999999999,5.090463646810153,-0.06446364681015382,00-0036422,Adam,Trautman,A.Trautman,REG,NO,PHI,Adam Trautman,TrauAd00,0.0,0.0,0.0,84.4
2021,REG,11,00-0032392,A.Hooper,TE,TE,CLE,12677,90c2a93f-d837-4e1b-b57c-56648903a8db,15581.0,10715.0,3202.0,,3043275.0,29315.0,,2067004.0,HoopAu00,austin-hooper-1,10748.0,11301.0,384.0,29315.0,739424.0,17963.0,739424.0,Austin Hooper,austin hooper,4,7,53.0,0,0.0,0.0,42.0,31.0,2.0,1.1373973,0,1.2619047,0.25,0.15969582,0.48678708,Austin Hooper,CLE,4.8999999999999995,2.346236535007433,6.7942857142857145,18.810314823603864,57.14285714285714,53.0,0.0,8.190000000000001,6.241447231750726,1.9485527682492751,00-0032392,Austin,Hooper,A.Hooper,REG,CLE,DET,Austin Hooper,HoopAu00,0.0,0.0,0.0,81.2
2021,REG,11,00-0034383,D.Schultz,TE,TE,DAL,13772,8caec1b4-e0b6-4a84-b8c8-617d6e91ef6a,17349.0,47304.0,5001.0,,3117256.0,31107.0,,2136748.0,SchuDa00,dalton-schultz-1,12514.0,13198.0,487.0,31107.0,830523.0,19920.0,830523.0,Dalton Schultz,dalton schultz,6,8,53.0,0,0.0,0.0,65.0,27.0,3.0,2.6590219,0,0.8153846,0.1904762,0.19877675,0.424858,Dalton Schultz,DAL,6.721666666666667,2.1367554720279163,8.1725,20.37521815008726,75.0,53.0,0.0,4.241666666666669,2.8592694896989173,1.3823971769677517,00-0034383,Dalton,Schultz,D.Schultz,REG,DAL,KC,Dalton Schultz,SchuDa00,0.0,0.0,0.0,92.2
2021,REG,11,00-0035229,T.Hockenson,TE,TE,DET,14138,bd1120b6-38b3-4225-a4b0-20660a149d0d,18290.0,40912.0,5844.0,,4036133.0,31840.0,,2251097.0,HockTJ00,tj-hockenson-1,13610.0,14051.0,247.0,31840.0,923915.0,20805.0,923915.0,T.J. Hockenson,tj hockenson,6,8,51.0,0,0.0,0.0,41.0,21.0,2.0,-0.6621787,0,1.2439024,0.3478261,0.38679245,0.7924938,T.J. Hockenson,DET,6.723333333333333,2.6034650775871877,6.277499999999999,49.49246082585985,75.0,51.0,0.0,3.970000000000001,3.4891251687083695,0.48087483129163155,00-0035229,Thomas,Hockenson,T.Hockenson,REG,DET,CLE,T.J. Hockenson,HockTJ00,0.0,0.0,0.0,91.1
2021,REG,11,00-0034829,M.Gesicki,TE,TE,MIA,13672,1012cbe0-7eba-4169-bfca-183a0204e1a7,17272.0,47153.0,4993.0,,3116164.0,31012.0,,2139298.0,GesiMi00,mike-gesicki-1,12764.0,13104.0,330.0,31012.0,836152.0,19853.0,836152.0,Mike Gesicki,mike gesicki,5,6,50.0,0,0.0,0.0,22.0,28.0,2.0,2.5022514,0,2.2727273,0.1764706,0.12222222,0.35026145,Mike Gesicki,MIA,7.816,3.9266318960990105,5.548333333333332,17.539515279241307,83.33333333333334,50.0,0.0,5.298000000000001,5.3571554199626,-0.05915541996259943,00-0034829,Michael,Gesicki,M.Gesicki,REG,MIA,NYJ,Mike Gesicki,GesiMi00,0.0,0.0,0.0,101.4
2021,REG,11,00-0030108,R.Griffin,TE,TE,NYJ,11399,cb1df42c-b59c-4e23-a9a2-fbfc2b39ef71,11830.0,7982.0,1425.0,ryangriffin/2541316,15887.0,26824.0,,2057695.0,GrifRy00,ryan-griffin-1,8911.0,8600.0,,26824.0,465129.0,14985.0,465129.0,Ryan Griffin,ryan griffin,3,4,39.0,0,0.0,0.0,6.0,33.0,1.0,3.3720326,0,6.5,0.114285715,0.02238806,0.18710022,,,,,,,,,,,,,,,,,REG,NYJ,MIA,Ryan Griffin,GrifRy00,0.0,1.0,0.25,105.2
2021,REG,11,00-0035329,D.Parham,TE,TE,LAC,14341,4f246e92-3d21-450f-977a-dc16892c7238,18835.0,91014.0,6074.0,,3912092.0,32456.0,,2183713.0,ParhDo00,,13602.0,14320.0,,32456.0,875649.0,20905.0,875649.0,Donald Parham,donald parham,4,5,38.0,0,0.0,0.0,15.0,38.0,3.0,2.5336764,0,2.5333333,0.12195122,0.06849315,0.23087204,Donald Parham,LAC,4.83,5.5332090060999395,2.4620000000000006,5.2385207881186435,80.0,38.0,0.0,9.8125,9.22183592681074,0.5906640731892594,00-0035329,Donald,Parham,D.Parham,REG,LAC,PIT,Donald Parham,ParhDo00,1.0,1.0,0.2,98.3
2021,REG,11,00-0033895,G.Everett,TE,TE,SEA,13236,ebeceb00-57e0-4b74-9cf7-853da2afed18,16459.0,11799.0,4089.0,,3918639.0,30157.0,,2142692.0,EverGe00,gerald-everett-1,11737.0,12284.0,55.0,30157.0,838487.0,18935.0,838487.0,Gerald Everett,gerald everett,3,4,37.0,0,0.0,0.0,25.0,21.0,3.0,2.1621046,0,1.48,0.16,0.09157509,0.30410257,,,,,,,,,,,,,,,,,REG,SEA,ARI,Gerald Everett,EverGe00,1.0,0.0,0.0,103.1
2021,REG,11,00-0034798,D.Smythe,TE,TE,MIA,13676,7e42a22a-c47b-4387-aeeb-2cc2e76dc1d8,17508.0,47257.0,5008.0,,3052897.0,31093.0,,2082845.0,SmytDu00,durham-smythe-1,12807.0,13249.0,,31093.0,749968.0,19943.0,749968.0,Durham Smythe,durham smythe,4,5,37.0,0,0.0,0.0,30.0,18.0,1.0,2.029616,0,1.2333333,0.14705883,0.16666667,0.3372549,Durham Smythe,MIA,5.6875,4.383256119753281,5.799999999999999,15.279241306638566,80.0,37.0,0.0,4.607500000000002,5.755590168214212,-1.1480901682142104,00-0034798,Durham,Smythe,D.Smythe,REG,MIA,NYJ,Durham Smythe,SmytDu00,0.0,0.0,0.0,97.5
2021,REG,11,00-0036332,J.Deguara,TE,TE,GB,14876,7874d188-0fcd-4af9-9289-27c27e2bbd16,19456.0,47034.0,7050.0,,3914151.0,32764.0,,2181108.0,DeguJo00,josiah-deguara-1,14629.0,,,32764.0,0.0,21798.0,866149.0,Josiah Deguara,josiah deguara,2,2,37.0,1,0.0,0.0,29.0,8.0,1.0,3.6312973,0,1.2758621,0.06451613,0.109848484,0.17366813,,,,,,,,,,,,,,,,,REG,GB,MIN,Josiah Deguara,DeguJo00,0.0,0.0,0.0,158.3
2021,REG,11,00-0034270,T.Conklin,TE,TE,MIN,13675,f0d17dfa-ebf3-416c-a8d2-c6bc30675103,17598.0,47327.0,5133.0,,3915486.0,31220.0,,2165249.0,ConkTy00,tyler-conklin-1,12809.0,13220.0,489.0,31127.0,861278.0,19988.0,861278.0,Tyler Conklin,tyler conklin,3,3,35.0,0,0.0,0.0,22.0,13.0,3.0,2.4853075,0,1.5909091,0.0882353,0.05670103,0.17204367,,,,,,,,,,,,,,,,,REG,MIN,GB,Tyler Conklin,ConkTy00,0.0,0.0,0.0,115.3
2021,REG,11,00-0037005,T.Tremble,TE,TE,CAR,15332,cbee2fd3-e5f2-4316-bffd-531f1873f032,22795.0,84025.0,7694.0,,4372780.0,33471.0,,2969027.0,TremTo00,tommy-tremble-1,15371.0,,1054.0,33471.0,0.0,,1130555.0,Tommy Tremble,tommy tremble,2,2,35.0,0,0.0,0.0,28.0,7.0,2.0,2.8262484,0,1.25,0.074074075,0.18666667,0.24177778,,,,,,,,,,,,,,,,,REG,CAR,WAS,Tommy Tremble,TremTo00,0.0,0.0,0.0,118.7
2021,REG,11,00-0033288,G.Kittle,TE,TE,SF,13299,2ada91b0-036e-454f-83c3-6d939ff584a9,16499.0,11901.0,4217.0,,3040151.0,30259.0,,2818265.0,KittGe00,george-kittle-1,11892.0,12276.0,298.0,30259.0,733672.0,19063.0,733672.0,George Kittle,george kittle,4,4,34.0,1,0.0,0.0,23.0,11.0,3.0,5.2238626,0,1.4782609,0.2,0.17037037,0.41925925,,,,,,,,,,,,,,,,,REG,SF,JAX,George Kittle,KittGe00,0.0,0.0,0.0,141.7
2021,REG,11,00-0030181,J.Doyle,TE,TE,IND,11516,bd413539-9351-454e-9d61-4e8635d7e9f5,11987.0,8520.0,1706.0,jackdoyle/2540232,16504.0,27299.0,,2041264.0,DoylJa00,,9081.0,9075.0,,27299.0,477386.0,15602.0,477386.0,Jack Doyle,jack doyle,3,5,30.0,0,0.0,0.0,40.0,7.0,2.0,1.7826451,0,0.75,0.25,0.34188035,0.6143162,Jack Doyle,IND,4.65,2.304152338758677,6.952000000000001,32.64156258803644,60.0,30.0,0.0,2.5766666666666658,2.2032881335177685,0.37337853314889724,00-0030181,John,Doyle,J.Doyle,REG,IND,BUF,Jack Doyle,DoylJa00,0.0,1.0,0.2,77.1
2021,REG,11,00-0036970,K.Pitts,TE,TE,ATL,15329,1f3deb24-9ff8-4769-8f42-825eff7742f6,20164.0,83964.0,7553.0,,4360248.0,33392.0,,2964514.0,PittKy00,kyle-pitts-1,15265.0,,1051.0,33392.0,0.0,,1123026.0,Kyle Pitts,kyle pitts,3,5,29.0,0,0.0,0.0,57.0,2.0,1.0,-2.874729,0,0.50877196,0.16129032,0.31843576,0.4648405,Kyle Pitts,ATL,6.336,1.8142705423168668,10.172,29.30567559781044,60.0,29.0,0.0,1.1266666666666687,1.1123196088790526,0.014347057787616135,00-0036970,Kyle,Pitts,K.Pitts,REG,ATL,NE,Kyle Pitts,PittKy00,0.0,0.0,0.0,36.7
2021,REG,11,00-0027061,J.Cook,TE,TE,LAC,9474,3b7a1409-d154-4e5c-8c94-9d4a0e0993c7,9265.0,5012.0,367.0,jaredcook/71265,12537.0,9353.0,6126.0,584314.0,CookJa02,jared-cook-2,5981.0,5165.0,,9353.0,296480.0,8534.0,296480.0,Jared Cook,jared cook,3,5,28.0,0,0.0,0.0,35.0,12.0,1.0,-0.3508439,0,0.8,0.12195122,0.15981735,0.29479897,Jared Cook,LAC,6.9750000000000005,3.272940513545651,6.99,14.872973318013532,60.0,28.0,0.0,3.8266666666666658,3.7529098380872106,0.0737568285794552,00-0027061,Jared,Cook,J.Cook,REG,LAC,PIT,Jared Cook,CookJa02,0.0,2.0,0.4,75.4
2021,REG,11,00-0027981,K.Rudolph,TE,TE,NYG,10312,1059e9dc-97df-4643-9116-883a0573d8b1,9906.0,6195.0,943.0,kylerudolph/2495438,14054.0,24830.0,7444.0,1633122.0,RudoKy00,kyle-rudolph-1,7246.0,6459.0,,24830.0,469472.0,13275.0,469472.0,Kyle Rudolph,kyle rudolph,1,1,28.0,0,0.0,0.0,17.0,11.0,1.0,1.9348167,0,1.6470588,0.027027028,0.06666667,0.087207206,,,,,,,,,,,,,,,,,REG,NYG,TB,Kyle Rudolph,RudoKy00,0.0,0.0,0.0,118.7
2021,REG,11,00-0031273,C.Brate,TE,TE,TB,12110,5afe93fd-0caf-4cca-83fc-7f405bebfa3e,13470.0,9207.0,2214.0,,17453.0,28267.0,,2132787.0,BratCa00,,10008.0,10193.0,,28267.0,552926.0,16593.0,552926.0,Cameron Brate,cameron brate,2,6,27.0,0,0.0,0.0,58.0,4.0,2.0,0.35291004,0,0.46551725,0.12765957,0.16811594,0.3091705,Cameron Brate,TB,4.62,2.8435594951219723,9.913333333333332,16.20311095371708,33.33333333333333,27.0,0.0,2.035,2.697590856697701,-0.662590856697701,00-0031273,Cameron,Brate,C.Brate,REG,TB,NYG,Cameron Brate,BratCa00,0.0,0.0,0.0,48.6
2021,REG,11,00-0033455,A.Firkser,TE,TE,TEN,13919,b0719e3d-199b-46e5-a2b4-1091f6fd5c0d,16787.0,51837.0,4435.0,,3049698.0,30571.0,,2818971.0,FirkAn00,,12235.0,12691.0,,30571.0,767297.0,19296.0,767297.0,Anthony Firkser,anthony firkser,5,7,26.0,0,0.0,0.0,46.0,6.0,0.0,-7.4106817,0,0.5652174,0.13725491,0.10772834,0.2812922,Anthony Firkser,TEN,5.441666666666666,2.397248959444521,6.14285714285714,10.246634099845101,71.42857142857143,26.0,0.0,1.3300000000000032,1.54254714367234,-0.21254714367233674,00-0033455,Anthony,Firkser,A.Firkser,REG,TEN,HOU,Anthony Firkser,FirkAn00,0.0,0.0,0.0,37.5
2021,REG,11,00-0027696,J.Graham,TE,TE,CHI,9925,fd85786d-3900-4dc0-9b30-334ee30413ed,9712.0,5619.0,616.0,jimmygraham/497236,13232.0,24070.0,6610.0,1691166.0,GrahJi00,jimmy-graham-1,6532.0,5842.0,,24070.0,295918.0,11488.0,295918.0,Jimmy Graham,jimmy graham,2,3,25.0,0,0.0,0.0,5.0,22.0,1.0,0.5998637,0,5.0,0.09090909,0.0123152705,0.14498432,,,,,,,,,,,,,,,,,REG,CHI,BAL,Jimmy Graham,GrahJi00,0.0,0.0,0.0,92.4
2021,REG,11,00-0033090,H.Henry,TE,TE,NE,12676,705899da-3c20-4bc3-b5d0-2e6e40655131,15561.0,10669.0,3214.0,,3046439.0,29269.0,,2079848.0,HenrHu00,hunter-henry-1,10735.0,11299.0,212.0,29269.0,744425.0,17975.0,744425.0,Hunter Henry,hunter henry,2,3,25.0,0,0.0,0.0,35.0,4.0,1.0,1.5950396,0,0.71428573,0.115384616,0.21604939,0.3243115,,,,,,,,,,,,,,,,,REG,NE,ATL,Hunter Henry,HenrHu00,0.0,0.0,0.0,92.4
2021,REG,11,00-0031387,E.Ebron,TE,TE,PIT,11695,9fbcfae9-dd14-415c-8952-9b1b5dff0dfc,12143.0,8645.0,2118.0,ericebron/2543466,16732.0,27538.0,,1865396.0,EbroEr00,eric-ebron-1,9210.0,9390.0,,27538.0,605752.0,16451.0,605752.0,Eric Ebron,eric ebron,3,3,24.0,1,0.0,0.0,16.0,8.0,2.0,2.2452557,0,1.5,0.06818182,0.04923077,0.13673426,,,,,,,,,,,,,,,,,REG,PIT,LAC,Eric Ebron,EbroEr00,0.0,0.0,0.0,139.6
2021,REG,11,00-0036628,J.Bates,TE,TE,WAS,15344,3208880b-949f-4926-85eb-1940770550ea,22833.0,42275.0,7716.0,,4048228.0,33512.0,,2257291.0,BateJo00,john-bates-1,15289.0,,,33512.0,0.0,,944038.0,John Bates,john bates,3,3,23.0,0,0.0,0.0,10.0,13.0,1.0,2.4834113,0,2.3,0.15,0.041666668,0.25416666,,,,,,,,,,,,,,,,,REG,WAS,CAR,John Bates,BateJo00,0.0,0.0,0.0,98.6
2021,REG,11,00-0032394,N.Vannett,TE,TE,NO,12680,c731aa8a-778b-4ccd-a19f-517eb66f47b7,15645.0,10728.0,3258.0,,2576399.0,29328.0,,1871322.0,VannNi00,nick-vannett-1,10949.0,11329.0,,29328.0,606488.0,18019.0,606488.0,Nick Vannett,nick vannett,1,1,20.0,0,0.0,0.0,17.0,3.0,1.0,1.5035115,0,1.1764706,0.027777778,0.0648855,0.08708651,,,,,,,,,,,,,,,,,REG,NO,PHI,Nick Vannett,VannNi00,0.0,0.0,0.0,118.7
2021,REG,11,00-0033885,D.Njoku,TE,TE,CLE,13192,8f86fcea-90e8-49ea-bc78-5c7659313e57,16399.0,11784.0,4033.0,,3123076.0,30142.0,,2136474.0,NjokDa00,david-njoku-1,11734.0,12186.0,252.0,30142.0,832098.0,18876.0,832098.0,David Njoku,david njoku,2,4,20.0,0,0.0,0.0,18.0,3.0,1.0,-1.4512415,0,1.1111112,0.14285715,0.06844106,0.26219445,,,,,,,,,,,,,,,,,REG,CLE,DET,David Njoku,NjokDa00,0.0,0.0,0.0,64.6
2021,REG,11,00-0033896,A.Shaheen,TE,TE,MIA,13254,87171077-4c1c-4b67-b159-2cc6242988e0,16457.0,11800.0,4085.0,,4198676.0,30158.0,,2818105.0,ShahAd00,,11898.0,12283.0,,30158.0,1049770.0,18931.0,1049770.0,Adam Shaheen,adam shaheen,1,1,19.0,0,0.0,0.0,6.0,13.0,1.0,1.5972109,0,3.1666667,0.029411765,0.033333335,0.06745098,,,,,,,,,,,,,,,,,REG,MIA,NYJ,Adam Shaheen,ShahAd00,0.0,0.0,0.0,118.7
2021,REG,11,00-0034981,F.Moreau,TE,TE,LV,14239,9c3a67fd-5c6e-4689-9e08-9ff6d4db6c9a,18397.0,47043.0,5985.0,,3843945.0,31969.0,,2180634.0,MoreFo00,foster-moreau-1,13822.0,14154.0,179.0,31969.0,865573.0,20884.0,865573.0,Foster Moreau,foster moreau,1,2,19.0,1,0.0,0.0,34.0,0.0,1.0,1.6312745,0,0.5588235,0.08,0.16113745,0.2327962,,,,,,,,,,,,,,,,,REG,LV,CIN,Foster Moreau,MoreFo00,0.0,0.0,0.0,122.9
2021,REG,11,00-0033858,J.Smith,TE,TE,NE,13193,e4f25a37-74de-4bfb-b6c9-f50a4fab0b87,16460.0,11855.0,4144.0,,3054212.0,30213.0,,2081506.0,SmitJo01,jonnu-smith-1,11807.0,12344.0,84.0,30213.0,743749.0,18990.0,743749.0,Jonnu Smith,jonnu smith,1,2,17.0,0,0.0,0.0,25.0,17.0,1.0,-5.235301,0,0.68,0.07692308,0.15432099,0.22340931,,,,,,,,,,,,,,,,,REG,NE,ATL,Jonnu Smith,SmitJo01,1.0,0.0,0.0,39.6
2021,REG,11,00-0034159,W.Dissly,TE,TE,SEA,13763,383f4814-6836-4766-a297-fc063e8509cc,18049.0,30762.0,5010.0,,3127292.0,31090.0,,2139628.0,DissWi00,will-dissly-1,12986.0,13246.0,86.0,31090.0,837806.0,19950.0,837806.0,Will Dissly,will dissly,1,3,16.0,0,0.0,0.0,10.0,12.0,1.0,0.82032156,0,1.6,0.12,0.03663004,0.20564103,,,,,,,,,,,,,,,,,REG,SEA,ARI,Will Dissly,DissWi00,0.0,2.0,0.667,52.1
2021,REG,11,00-0033881,E.Engram,TE,TE,NYG,13189,e21365af-8d66-416e-b0a5-8816d18fcfd9,16411.0,11778.0,4066.0,,3051876.0,30136.0,,2079887.0,EngrEv00,evan-engram-1,11805.0,12205.0,229.0,30136.0,749185.0,18912.0,749185.0,Evan Engram,evan engram,2,5,12.0,0,0.0,0.0,15.0,7.0,1.0,-1.7446783,0,0.8,0.13513513,0.05882353,0.24387917,Evan Engram,NYG,8.235,3.9153857859340055,4.160000000000002,7.63414813183587,40.0,12.0,0.0,3.4949999999999974,3.4836456315076703,0.011354368492327183,00-0033881,Evan,Engram,E.Engram,REG,NYG,TB,Evan Engram,EngrEv00,0.0,0.0,0.0,47.9
2021,REG,11,00-0036290,C.Kmet,TE,TE,CHI,14867,036feeb6-9a22-43c5-a8e3-7ac611d8ff49,19229.0,60995.0,6826.0,,4258595.0,32713.0,,2868619.0,KmetCo00,cole-kmet-1,14436.0,,569.0,32713.0,0.0,21772.0,1066765.0,Cole Kmet,cole kmet,1,2,12.0,0,0.0,0.0,18.0,4.0,1.0,0.23549195,0,0.6666667,0.060606062,0.044334974,0.12194357,,,,,,,,,,,,,,,,,REG,CHI,BAL,Cole Kmet,KmetCo00,0.0,0.0,0.0,68.7
2021,REG,11,00-0036754,B.Wright,TE,TE,DET,15626,8f182089-7730-499e-8f2e-87bda32debfb,23341.0,60994.0,7891.0,,4242392.0,33774.0,,2807423.0,WrigBr01,,15681.0,,1162.0,33774.0,0.0,,978120.0,Brock Wright,brock wright,1,1,12.0,0,0.0,0.0,2.0,10.0,1.0,0.8324831,0,6.0,0.04347826,0.018867925,0.07842494,,,,,,,,,,,,,,,,,REG,DET,CLE,Brock Wright,WrigBr01,0.0,0.0,0.0,116.7
2021,REG,11,00-0036894,P.Freiermuth,TE,TE,PIT,15331,04f0fefe-9d9d-44f5-94ea-6df2a42df3c6,20163.0,84085.0,7600.0,,4361411.0,33443.0,,2961270.0,FreiPa00,pat-freiermuth-1,15267.0,,1053.0,33443.0,0.0,,1116662.0,Pat Freiermuth,pat freiermuth,4,7,11.0,1,0.0,0.0,15.0,13.0,2.0,-3.4820335,0,0.73333335,0.1590909,0.046153847,0.27094406,Pat Freiermuth,PIT,3.9580000000000006,1.6637692188728808,5.670000000000002,10.964997099207121,57.14285714285714,11.0,1.0,2.8149999999999977,3.0799246816162054,-0.26492468161620764,00-0036894,Pat,Freiermuth,P.Freiermuth,REG,PIT,LAC,Pat Freiermuth,FreiPa00,0.0,0.0,0.0,101.8
2021,REG,11,00-0033439,P.Brown,TE,TE,HOU,13994,6733b953-de77-44e5-acbf-c2d3a0940243,16937.0,12247.0,4443.0,,2971281.0,30627.0,,2819155.0,BrowPh01,,11887.0,12737.0,,30627.0,689689.0,19304.0,689689.0,Pharaoh Brown,pharaoh brown,2,4,10.0,0,0.0,0.0,7.0,5.0,0.0,-2.0089161,0,1.4285715,0.17391305,0.07608695,0.31413043,,,,,,,,,,,,,,,,,REG,HOU,TEN,Pharaoh Brown,BrowPh01,0.0,0.0,0.0,56.2
2021,REG,11,00-0033879,O.Howard,TE,TE,TB,13188,93ed8c6f-b676-46d3-bf82-6155e89b4a68,16380.0,11774.0,4055.0,,3043080.0,30132.0,,2061190.0,HowaO.00,oj-howard-1,11806.0,12161.0,,30132.0,732147.0,18901.0,732147.0,O.J. Howard,oj howard,1,1,10.0,0,0.0,0.0,4.0,6.0,1.0,0.68776095,0,2.5,0.021276595,0.011594203,0.040030837,,,,,,,,,,,,,,,,,REG,TB,NYG,O.J. Howard,HowaO.00,0.0,0.0,0.0,108.3
2021,REG,11,00-0032134,C.Uzomah,TE,TE,CIN,12317,19858900-5c8e-49a7-ab02-34ef625724ca,14084.0,9590.0,2460.0,c.j.uzomah/2552559,2574576.0,28545.0,,2174118.0,UzomC.00,cj-uzomah-1,10462.0,10534.0,,28545.0,593305.0,16917.0,593305.0,C.J. Uzomah,cj uzomah,2,3,9.0,0,0.0,0.0,9.0,5.0,1.0,0.18626715,0,1.0,0.10714286,0.042857144,0.19071428,,,,,,,,,,,,,,,,,REG,CIN,LV,C.J. Uzomah,UzomC.00,0.0,0.0,0.0,70.1
2021,REG,11,00-0032062,B.Bell,TE,TE,KC,12213,0cc4e449-185a-4b08-9f07-c907ad0c3e05,13966.0,9550.0,2422.0,,2514206.0,28505.0,,1737101.0,BellBl00,blake-bell-1,10248.0,10366.0,,28505.0,542871.0,16878.0,542871.0,Blake Bell,blake bell,1,1,8.0,0,0.0,0.0,-3.0,11.0,0.0,-0.752317,0,0.0,0.030303031,-0.01754386,0.033173844,,,,,,,,,,,,,,,,,REG,KC,DAL,Blake Bell,BellBl00,0.0,0.0,0.0,100.0
2021,REG,11,00-0036456,D.Dafney,TE,TE,GB,15214,921d49c2-64d1-4108-a3a3-0c237e17748a,22672.0,62825.0,7502.0,,4036129.0,33367.0,,3172375.0,DafnDo00,,15181.0,,,33367.0,0.0,22477.0,976393.0,Dominique Dafney,dominique dafney,1,1,8.0,0,0.0,0.0,4.0,4.0,1.0,0.8552337,0,2.0,0.032258064,0.015151516,0.058993157,,,,,,,,,,,,,,,,,REG,GB,MIN,Dominique Dafney,DafnDo00,0.0,0.0,0.0,100.0
2021,REG,11,00-0036637,N.Gray,TE,TE,KC,15337,c97dfcb6-b999-476f-8487-f3848e92df17,19539.0,60878.0,7828.0,,4240472.0,33550.0,,2866903.0,GrayNo00,noah-gray-1,15459.0,,1059.0,33550.0,0.0,,1056981.0,Noah Gray,noah gray,1,1,8.0,0,0.0,0.0,3.0,5.0,0.0,0.4474346,0,2.6666667,0.030303031,0.01754386,0.057735246,,,,,,,,,,,,,,,,,REG,KC,DAL,Noah Gray,GrayNo00,0.0,0.0,0.0,100.0
2021,REG,11,00-0036876,K.Granson,TE,TE,IND,15419,bcc0167c-05fd-4b23-981e-60b8784ceb33,22841.0,40630.0,7602.0,,4039160.0,33515.0,,2247146.0,GranKy00,kylen-granson-1,15245.0,,1119.0,33515.0,0.0,,921050.0,Kylen Granson,kylen granson,1,2,8.0,0,0.0,0.0,1.0,8.0,1.0,1.0715615,0,8.0,0.1,0.008547009,0.15598291,,,,,,,,,,,,,,,,,REG,IND,BUF,Kylen Granson,GranKy00,0.0,0.0,0.0,60.4
2021,REG,11,00-0034365,I.Thomas,TE,TE,CAR,13678,ed8a8fd2-df67-45e7-a34f-984afb82f6ea,17387.0,42130.0,4995.0,,4045305.0,31071.0,,2253359.0,ThomIa00,ian-thomas-3,12858.0,13163.0,323.0,31071.0,943093.0,19910.0,943093.0,Ian Thomas,ian thomas,1,1,7.0,0,0.0,0.0,3.0,4.0,0.0,0.23254225,0,2.3333333,0.037037037,0.02,0.06955556,,,,,,,,,,,,,,,,,REG,CAR,WAS,Ian Thomas,ThomIa00,0.0,0.0,0.0,95.8
2021,REG,11,00-0036556,B.Jordan,TE,TE,HOU,15330,8ffb5c07-4aa1-4796-b1ab-30c1ab0ccc4c,20162.0,77887.0,7568.0,,4362504.0,33535.0,,2964787.0,JordBr00,brevin-jordan-1,15369.0,,1052.0,33535.0,0.0,,1121871.0,Brevin Jordan,brevin jordan,1,3,7.0,0,0.0,0.0,24.0,0.0,1.0,-0.25459665,0,0.29166666,0.13043478,0.26086956,0.37826088,,,,,,,,,,,,,,,,,REG,HOU,TEN,Brevin Jordan,JordBr00,0.0,1.0,0.333,42.4
2021,REG,11,00-0037011,T.McKitty,TE,TE,LAC,15333,2ac90a86-c585-4c12-894d-a805a0c94cc3,22807.0,60896.0,7554.0,,4240023.0,33485.0,,2804040.0,McKiTr00,tre-mckitty-1,15252.0,,,33485.0,0.0,,976252.0,Tre' McKitty,tre mckitty,1,1,7.0,0,0.0,0.0,-2.0,9.0,1.0,0.6761452,0,0.0,0.024390243,-0.00913242,0.030192671,,,,,,,,,,,,,,,,,REG,LAC,PIT,Tre' McKitty,McKiTr00,0.0,0.0,0.0,95.8
2021,REG,11,00-0036244,C.Parkinson,TE,TE,SEA,14871,1ea7affb-e5e7-491a-aaa3-55e200b2eb48,19372.0,52266.0,6865.0,,4242557.0,32803.0,,2867522.0,ParkCo02,colby-parkinson-1,14463.0,,565.0,32803.0,0.0,21807.0,1060312.0,Colby Parkinson,colby parkinson,1,1,6.0,0,0.0,0.0,2.0,4.0,0.0,-0.059433818,0,3.0,0.04,0.0073260074,0.06512821,,,,,,,,,,,,,,,,,REG,SEA,ARI,Colby Parkinson,ParkCo02,0.0,0.0,0.0,91.7
2021,REG,11,00-0035572,P.Hesse,TE,TE,ATL,15564,5aab93f1-bc81-4d83-b105-d579a14eb349,19067.0,48369.0,6662.0,,3144991.0,32588.0,,3117115.0,,,14295.0,,,32588.0,0.0,21569.0,846264.0,Parker Hesse,parker hesse,1,1,5.0,0,0.0,0.0,5.0,0.0,0.0,0.15227577,0,1.0,0.032258064,0.02793296,0.06794017,,,,,,,,,,,,,,,,,,,,,,,,,
2021,REG,11,00-0035631,D.Sample,TE,TE,CIN,14146,15a4f552-ecaf-45bd-9006-aa5dda93bee6,18561.0,47259.0,6001.0,,3127310.0,31884.0,,2139646.0,SampDr00,drew-sample-1,13809.0,14111.0,435.0,31884.0,837824.0,20931.0,837824.0,Drew Sample,drew sample,1,2,3.0,0,0.0,0.0,2.0,8.0,0.0,-1.0149308,0,1.5,0.071428575,0.00952381,0.113809526,,,,,,,,,,,,,,,,,REG,CIN,LV,Drew Sample,SampDr00,0.0,0.0,0.0,56.2
2021,REG,11,00-0036032,S.McKeon,TE,TE,DAL,15097,0f369885-8ecd-4ca0-a3dc-df8530a0db6e,19726.0,42266.0,6964.0,,4036275.0,33101.0,,2239736.0,McKeSe01,,14478.0,,,33101.0,0.0,21781.0,911020.0,Sean McKeon,sean mckeon,1,1,2.0,0,0.0,0.0,1.0,1.0,0.0,-0.27278087,0,2.0,0.023809524,0.003058104,0.03785496,,,,,,,,,,,,,,,,,REG,DAL,KC,Sean McKeon,McKeSe01,0.0,0.0,0.0,79.2
2021,REG,11,00-0031598,N.Boyle,TE,TE,BAL,12328,9480dd9f-151f-4e6d-b5a3-35f07bda4cac,13963.0,9604.0,2474.0,,2574591.0,28559.0,,1888149.0,BoylNi00,,10252.0,10547.0,,28559.0,608753.0,16931.0,608753.0,Nick Boyle,nick boyle,0,1,0.0,0,0.0,0.0,1.0,0.0,0.0,-1.4874417,0,0.0,0.027777778,0.0054644807,0.045491803,,,,,,,,,,,,,,,,,REG,BAL,CHI,Nick Boyle,BoylNi00,0.0,1.0,1.0,39.6
2021,REG,11,00-0033217,M.Alie-Cox,TE,TE,IND,13246,8809c0dd-786b-4255-a7d0-333c9498c19a,16579.0,12078.0,4054.0,moalie-cox/2558832,2998565.0,30112.0,,2815925.0,AlieMo00,,12196.0,12221.0,195.0,30112.0,712506.0,18900.0,712506.0,Mo Alie-Cox,mo alie-cox,0,1,0.0,0,0.0,0.0,17.0,0.0,0.0,-0.6399253,0,0.0,0.05,0.14529915,0.1767094,,,,,,,,,,,,,,,,,REG,IND,BUF,Mo Alie-Cox,AlieMo00,0.0,0.0,0.0,39.6
2021,REG,11,00-0033258,D.Daniels,TE,TE,ARI,13396,7574eb56-a34a-419e-9682-c4788cfe2019,16582.0,12122.0,4323.0,,3052166.0,30523.0,,2079698.0,DaniDa02,,11890.0,12453.0,,30523.0,747895.0,19176.0,747895.0,Darrell Daniels,darrell daniels,0,1,0.0,0,0.0,0.0,-3.0,0.0,0.0,-0.63393706,0,0.0,0.022727273,-0.014925373,0.023643147,,,,,,,,,,,,,,,,,REG,ARI,SEA,Darrell Daniels,DaniDa02,0.0,1.0,1.0,39.6
2021,REG,11,00-0035308,T.Sweeney,TE,TE,BUF,14294,ec63ee49-3a03-44ca-a083-3916f0bccd76,18325.0,47216.0,6137.0,,3122818.0,32060.0,,2139106.0,SweeTo00,tommy-sweeney-1,13667.0,14287.0,,32060.0,836094.0,20957.0,836094.0,Tommy Sweeney,tommy sweeney,0,1,0.0,0,0.0,0.0,12.0,0.0,0.0,-3.9894938,0,0.0,0.025641026,0.042857144,0.06846154,,,,,,,,,,,,,,,,,REG,BUF,IND,Tommy Sweeney,SweeTo00,0.0,0.0,0.0,0.0
2021,REG,11,00-0035345,C.Myarick,TE,TE,NYG,15620,002adaa8-5dc2-4b4b-95bc-53a38dce3849,19098.0,47358.0,6529.0,,3138744.0,32442.0,,3117054.0,,,14282.0,,,32442.0,0.0,21531.0,838318.0,Chris Myarick,chris myarick,0,1,0.0,0,0.0,0.0,-1.0,0.0,0.0,-4.880471,0,0.0,0.027027028,-0.003921569,0.037795443,,,,,,,,,,,,,,,,,,,,,,,,,
2021,REG,11,00-0035356,T.Jackson,TE,TE,PHI,14060,2fc1c9f1-9e85-449a-9a87-fa8203e8e8f9,18591.0,46481.0,6040.0,,3916564.0,32415.0,,2184377.0,,,13551.0,14047.0,,32415.0,881048.0,20823.0,881048.0,Tyree Jackson,tyree jackson,0,1,0.0,0,0.0,0.0,14.0,0.0,0.0,-0.6747701,0,0.0,0.04347826,0.071428575,0.11521739,,,,,,,,,,,,,,,,,,,,,,,,,
2021,REG,11,00-0036173,T.Hudson,TE,TE,TEN,15544,62d557bc-ee99-4703-83f8-e7b1ca0c89e7,19893.0,47412.0,7439.0,,3675550.0,33340.0,,3161130.0,,,15159.0,,,33340.0,0.0,22418.0,865636.0,Tommy Hudson,tommy hudson,0,1,0.0,0,0.0,0.0,19.0,0.0,0.0,-0.5364253,0,0.0,0.019607844,0.044496488,0.060559306,,,,,,,,,,,,,,,,,,,,,,,,,
2021,REG,11,00-0036825,F.Franks,TE,TE,ATL,15244,79a849be-0552-4da9-89ff-11d20a7a764a,20081.0,40217.0,7531.0,,4034948.0,33729.0,,2221829.0,,,15324.0,,,33729.0,0.0,,910377.0,Feleipe Franks,feleipe franks,0,0,0.0,0,0.0,0.0,0.0,0.0,0.0,,0,,,,,,,,,,,,,,,,,,,,,,,,,,,,,
2021,REG,12,00-0027656,R.Gronkowski,TE,TE,TB,9902,2142a164-48ad-47d6-bb27-0bc58c6b2e62,9721.0,5567.0,515.0,robgronkowski/497240,13229.0,24017.0,,1244303.0,GronRo00,rob-gronkowski-1,6443.0,5729.0,,24017.0,381091.0,10974.0,381091.0,Rob Gronkowski,rob gronkowski,7,9,123.0,0,0.0,0.0,86.0,52.0,6.0,8.842391,0,1.4302325,0.2647059,0.44791666,0.7106005,Rob Gronkowski,TB,7.474999999999999,5.0311374138626235,8.798888888888891,42.24367865144566,77.77777777777779,123.0,0.0,8.518571428571427,5.5086977752952135,3.0098736532762134,00-0027656,Robert,Gronkowski,R.Gronkowski,REG,TB,IND,Rob Gronkowski,GronRo00,1.0,0.0,0.0,118.7
2021,REG,12,00-0030181,J.Doyle,TE,TE,IND,11516,bd413539-9351-454e-9d61-4e8635d7e9f5,11987.0,8520.0,1706.0,jackdoyle/2540232,16504.0,27299.0,,2041264.0,DoylJa00,,9081.0,9075.0,,27299.0,477386.0,15602.0,477386.0,Jack Doyle,jack doyle,6,7,81.0,1,0.0,0.0,79.0,15.0,5.0,8.885035,0,1.0253165,0.1627907,0.19174758,0.37840936,Jack Doyle,IND,5.031428571428571,3.632750711930076,11.144285714285715,19.651359044764092,85.71428571428571,81.0,1.0,2.7933333333333317,2.0222079242438373,0.7711254090894943,00-0030181,John,Doyle,J.Doyle,REG,IND,TB,Jack Doyle,DoylJa00,0.0,0.0,0.0,154.5
2021,REG,12,00-0034753,M.Andrews,TE,TE,BAL,13671,0618f387-9b72-4270-8b8f-dec4cccc9e4a,17269.0,47436.0,5012.0,,3116365.0,31056.0,,2131121.0,AndrMa00,mark-andrews-1,12559.0,13182.0,366.0,31056.0,820699.0,19803.0,820699.0,Mark Andrews,mark andrews,4,10,65.0,1,0.0,0.0,161.0,11.0,2.0,-6.7105165,0,0.4037267,0.3125,0.57913667,0.8741457,Mark Andrews,BAL,6.73125,2.7622344260049783,16.845999999999997,57.745175333356194,40.0,65.0,1.0,2.307499999999999,1.6713809621769258,0.6361190378230734,00-0034753,Mark,Andrews,M.Andrews,REG,BAL,CLE,Mark Andrews,AndrMa00,0.0,0.0,0.0,56.2
2021,REG,12,00-0036290,C.Kmet,TE,TE,CHI,14867,036feeb6-9a22-43c5-a8e3-7ac611d8ff49,19229.0,60995.0,6826.0,,4258595.0,32713.0,,2868619.0,KmetCo00,cole-kmet-1,14436.0,,569.0,32713.0,0.0,21772.0,1066765.0,Cole Kmet,cole kmet,8,11,65.0,0,0.0,0.0,55.0,25.0,4.0,0.6008047,0,1.1818181,0.2972973,0.16320474,0.56018925,Cole Kmet,CHI,3.525,3.354197684468104,5.485454545454545,17.814649700333618,72.72727272727273,65.0,0.0,3.544999999999998,4.057181934013979,-0.5121819340139808,00-0036290,Cole,Kmet,C.Kmet,REG,CHI,DET,Cole Kmet,KmetCo00,1.0,0.0,0.0,87.3
2021,REG,12,00-0036232,H.Bryant,TE,TE,CLE,14875,f58a5899-8b78-46e8-a29a-ba6273b7d872,19389.0,26394.0,6850.0,,4040774.0,32785.0,,2241240.0,BryaHa00,harrison-bryant-1,14576.0,,752.0,32785.0,0.0,21783.0,916467.0,Harrison Bryant,harrison bryant,3,3,50.0,0,0.0,0.0,30.0,20.0,1.0,2.7298408,0,1.6666666,0.0882353,0.09146342,0.19637734,,,,,,,,,,,,,,,,,REG,CLE,BAL,Harrison Bryant,BryaHa00,0.0,0.0,0.0,118.7
2021,REG,12,00-0033858,J.Smith,TE,TE,NE,13193,e4f25a37-74de-4bfb-b6c9-f50a4fab0b87,16460.0,11855.0,4144.0,,3054212.0,30213.0,,2081506.0,SmitJo01,jonnu-smith-1,11807.0,12344.0,84.0,30213.0,743749.0,18990.0,743749.0,Jonnu Smith,jonnu smith,3,4,49.0,0,0.0,0.0,27.0,27.0,3.0,3.0032136,0,1.8148148,0.125,0.11344538,0.26691177,,,,,,,,,,,,,,,,,REG,NE,TEN,Jonnu Smith,SmitJo01,0.0,0.0,0.0,115.6
2021,REG,12,00-0034383,D.Schultz,TE,TE,DAL,13772,8caec1b4-e0b6-4a84-b8c8-617d6e91ef6a,17349.0,47304.0,5001.0,,3117256.0,31107.0,,2136748.0,SchuDa00,dalton-schultz-1,12514.0,13198.0,487.0,31107.0,830523.0,19920.0,830523.0,Dalton Schultz,dalton schultz,3,7,46.0,1,0.0,0.0,85.0,11.0,1.0,2.5170736,1,0.5411765,0.14893617,0.24216524,0.39291993,Dalton Schultz,DAL,5.401666666666666,2.321557858588471,11.508571428571429,23.38936794123624,42.857142857142854,46.0,1.0,4.736666666666667,2.631876053481392,2.1047906131852754,00-0034383,Dalton,Schultz,D.Schultz,REG,DAL,LV,Dalton Schultz,SchuDa00,0.0,1.0,0.143,104.8
2021,REG,12,00-0036894,P.Freiermuth,TE,TE,PIT,15331,04f0fefe-9d9d-44f5-94ea-6df2a42df3c6,20163.0,84085.0,7600.0,,4361411.0,33443.0,,2961270.0,FreiPa00,pat-freiermuth-1,15267.0,,1053.0,33443.0,0.0,,1116662.0,Pat Freiermuth,pat freiermuth,4,4,40.0,1,0.0,0.0,26.0,14.0,2.0,3.8188982,0,1.5384616,0.102564104,0.08695652,0.21471572,,,,,,,,,,,,,,,,,REG,PIT,CIN,Pat Freiermuth,FreiPa00,2.0,0.0,0.0,147.9
2021,REG,12,00-0033881,E.Engram,TE,TE,NYG,13189,e21365af-8d66-416e-b0a5-8816d18fcfd9,16411.0,11778.0,4066.0,,3051876.0,30136.0,,2079887.0,EngrEv00,evan-engram-1,11805.0,12205.0,229.0,30136.0,749185.0,18912.0,749185.0,Evan Engram,evan engram,3,6,37.0,0,0.0,0.0,8.0,31.0,2.0,-0.5881918,0,4.625,0.20689656,0.05839416,0.35122073,Evan Engram,NYG,8.26,3.0807242896675535,1.211666666666666,4.824474085871654,50.0,37.0,0.0,10.53,6.875229010493665,3.6547709895063347,00-0033881,Evan,Engram,E.Engram,REG,NYG,PHI,Evan Engram,EngrEv00,0.0,1.0,0.167,69.4
2021,REG,12,00-0033895,G.Everett,TE,TE,SEA,13236,ebeceb00-57e0-4b74-9cf7-853da2afed18,16459.0,11799.0,4089.0,,3918639.0,30157.0,,2142692.0,EverGe00,gerald-everett-1,11737.0,12284.0,55.0,30157.0,838487.0,18935.0,838487.0,Gerald Everett,gerald everett,5,9,37.0,1,0.0,0.0,37.0,20.0,2.0,-0.21437049,0,1.0,0.29032257,0.13261649,0.5283154,Gerald Everett,SEA,6.184,4.394517431392526,3.8755555555555574,12.64271992460764,55.55555555555556,37.0,1.0,4.351999999999997,5.52707464140858,-1.1750746414085835,00-0033895,Gerald,Everett,G.Everett,REG,SEA,WAS,Gerald Everett,EverGe00,1.0,0.0,0.0,102.5
2021,REG,12,00-0033885,D.Njoku,TE,TE,CLE,13192,8f86fcea-90e8-49ea-bc78-5c7659313e57,16399.0,11784.0,4033.0,,3123076.0,30142.0,,2136474.0,NjokDa00,david-njoku-1,11734.0,12186.0,252.0,30142.0,832098.0,18876.0,832098.0,David Njoku,david njoku,3,5,35.0,1,0.0,0.0,59.0,6.0,1.0,0.7054012,0,0.59322035,0.14705883,0.17987806,0.34650287,David Njoku,CLE,5.6725,1.353127955366644,11.248000000000001,17.43551587301587,60.0,35.0,1.0,2.106666666666667,1.5298571851819058,0.5768094814847611,00-0033885,David,Njoku,D.Njoku,REG,CLE,BAL,David Njoku,NjokDa00,0.0,0.0,0.0,120.8
2021,REG,12,00-0035229,T.Hockenson,TE,TE,DET,14138,bd1120b6-38b3-4225-a4b0-20660a149d0d,18290.0,40912.0,5844.0,,4036133.0,31840.0,,2251097.0,HockTJ00,tj-hockenson-1,13610.0,14051.0,247.0,31840.0,923915.0,20805.0,923915.0,T.J. Hockenson,tj hockenson,3,3,35.0,1,0.0,0.0,31.0,4.0,2.0,3.1492064,0,1.1290323,0.12,0.19135803,0.31395063,,,,,,,,,,,,,,,,,REG,DET,CHI,T.J. Hockenson,HockTJ00,0.0,0.0,0.0,154.9
2021,REG,12,00-0027696,J.Graham,TE,TE,CHI,9925,fd85786d-3900-4dc0-9b30-334ee30413ed,9712.0,5619.0,616.0,jimmygraham/497236,13232.0,24070.0,6610.0,1691166.0,GrahJi00,jimmy-graham-1,6532.0,5842.0,,24070.0,295918.0,11488.0,295918.0,Jimmy Graham,jimmy graham,2,3,34.0,1,0.0,0.0,42.0,2.0,2.0,2.9831505,0,0.8095238,0.08108108,0.12462908,0.20886198,,,,,,,,,,,,,,,,,REG,CHI,DET,Jimmy Graham,GrahJi00,0.0,0.0,0.0,144.4
2021,REG,12,00-0031610,D.Waller,TE,TE,LV,12263,14c97c9f-26e8-4944-9299-f90de6aeada3,14104.0,9637.0,2505.0,,2576925.0,28592.0,,1850793.0,WallDa01,darren-waller-1,10215.0,10433.0,,28592.0,600191.0,16964.0,600191.0,Darren Waller,darren waller,2,5,33.0,0,0.0,0.0,76.0,14.0,2.0,0.25799385,0,0.43421054,0.13157895,0.20485175,0.34076464,Darren Waller,LV,6.93,2.5803709894418976,16.204,22.977226964635143,40.0,33.0,0.0,6.934999999999999,0.8286775549763661,6.106322445023633,00-0031610,Darren,Waller,D.Waller,REG,LV,DAL,Darren Waller,WallDa01,1.0,0.0,0.0,62.9
2021,REG,12,00-0034798,D.Smythe,TE,TE,MIA,13676,7e42a22a-c47b-4387-aeeb-2cc2e76dc1d8,17508.0,47257.0,5008.0,,3052897.0,31093.0,,2082845.0,SmytDu00,durham-smythe-1,12807.0,13249.0,,31093.0,749968.0,19943.0,749968.0,Durham Smythe,durham smythe,5,5,32.0,0,0.0,0.0,7.0,25.0,1.0,0.6022831,0,4.571429,0.16129032,0.060344826,0.28417686,Durham Smythe,MIA,7.465,3.634434942928043,0.9939999999999998,4.378468857369394,100.0,32.0,0.0,5.406000000000001,5.71943759534579,-0.3134375953457891,00-0034798,Durham,Smythe,D.Smythe,REG,MIA,CAR,Durham Smythe,SmytDu00,0.0,0.0,0.0,93.3
2021,REG,12,00-0035689,D.Knox,TE,TE,BUF,14143,5fb525c5-4e70-4ede-8c49-94ad0cf66b7d,18631.0,35883.0,5906.0,,3930086.0,31928.0,,2186345.0,KnoxDa00,dawson-knox-1,13466.0,13953.0,88.0,31928.0,884083.0,20850.0,884083.0,Dawson Knox,dawson knox,3,3,32.0,2,0.0,0.0,10.0,22.0,2.0,5.905873,0,3.2,0.115384616,0.056818184,0.21284965,,,,,,,,,,,,,,,,,REG,BUF,NO,Dawson Knox,KnoxDa00,0.0,0.0,0.0,150.7
2021,REG,12,00-0031260,L.Thomas,TE,TE,WAS,11647,b24625a0-d402-4d59-a778-aa4b073bfe5e,12095.0,8755.0,2251.0,loganthomas/2543767,16813.0,27648.0,,1691193.0,ThomLo00,logan-thomas-1,9323.0,9354.0,,27648.0,507528.0,16656.0,507528.0,Logan Thomas,logan thomas,3,6,31.0,0,0.0,0.0,56.0,12.0,2.0,-4.449124,0,0.5535714,0.1764706,0.31284916,0.4837003,Logan Thomas,WAS,5.064,3.3719773076104986,8.350000000000003,29.52442689610466,50.0,31.0,0.0,3.846666666666662,4.848368104234222,-1.0017014375675601,00-0031260,Logan,Thomas,L.Thomas,REG,WAS,SEA,Logan Thomas,ThomLo00,0.0,0.0,0.0,25.7
2021,REG,12,00-0031951,J.O'Shaughnessy,TE,TE,JAX,12330,e5c6b0d4-3e77-422b-a6d8-574a10ed385e,14146.0,9606.0,2476.0,,2508079.0,28561.0,,2174148.0,O'ShJa00,,10249.0,10549.0,,28561.0,552352.0,16933.0,552352.0,James O'Shaughnessy,james oshaughnessy,3,5,29.0,0,0.0,0.0,45.0,10.0,1.0,-0.4445966,1,0.64444447,0.12195122,0.1125,0.26167682,James O'Shaughnessy,JAX,2.5433333333333334,4.724441022914644,7.021999999999997,8.803690980667483,60.0,29.0,0.0,4.926666666666669,9.007027804900114,-4.080361138233444,00-0031951,James,O'Shaughnessy,J.O'Shaughnessy,REG,JAX,ATL,James O'Shaughnessy,O'ShJa00,0.0,0.0,0.0,76.2
2021,REG,12,00-0036970,K.Pitts,TE,TE,ATL,15329,1f3deb24-9ff8-4769-8f42-825eff7742f6,20164.0,83964.0,7553.0,,4360248.0,33392.0,,2964514.0,PittKy00,kyle-pitts-1,15265.0,,1051.0,33392.0,0.0,,1123026.0,Kyle Pitts,kyle pitts,2,6,26.0,0,0.0,0.0,48.0,12.0,2.0,-1.397881,0,0.5416667,0.21428572,0.38709676,0.5923963,Kyle Pitts,ATL,8.762,1.8130101467362472,6.923333333333332,40.91804570527976,33.33333333333333,26.0,0.0,6.095000000000002,5.230163173281994,0.8648368267180082,00-0036970,Kyle,Pitts,K.Pitts,REG,ATL,JAX,Kyle Pitts,PittKy00,0.0,1.0,0.167,8.3
2021,REG,12,00-0027061,J.Cook,TE,TE,LAC,9474,3b7a1409-d154-4e5c-8c94-9d4a0e0993c7,9265.0,5012.0,367.0,jaredcook/71265,12537.0,9353.0,6126.0,584314.0,CookJa02,jared-cook-2,5981.0,5165.0,,9353.0,296480.0,8534.0,296480.0,Jared Cook,jared cook,2,5,25.0,1,0.0,0.0,52.0,4.0,1.0,-1.6472938,0,0.48076922,0.11363637,0.18118466,0.29728383,Jared Cook,LAC,4.015,2.718729634428691,14.556000000000001,23.61990069126668,40.0,25.0,1.0,1.9849999999999994,0.45630804518282275,1.5286919548171767,00-0027061,Jared,Cook,J.Cook,REG,LAC,DEN,Jared Cook,CookJa02,0.0,0.0,0.0,56.2
2021,REG,12,00-0034270,T.Conklin,TE,TE,MIN,13675,f0d17dfa-ebf3-416c-a8d2-c6bc30675103,17598.0,47327.0,5133.0,,3915486.0,31220.0,,2165249.0,ConkTy00,tyler-conklin-1,12809.0,13220.0,489.0,31127.0,861278.0,19988.0,861278.0,Tyler Conklin,tyler conklin,2,3,25.0,0,1.0,0.0,16.0,12.0,2.0,2.00335,0,1.5625,0.09375,0.077294685,0.19473128,,,,,,,,,,,,,,,,,REG,MIN,SF,Tyler Conklin,ConkTy00,0.0,0.0,0.0,92.4
2021,REG,12,00-0031273,C.Brate,TE,TE,TB,12110,5afe93fd-0caf-4cca-83fc-7f405bebfa3e,13470.0,9207.0,2214.0,,17453.0,28267.0,,2132787.0,BratCa00,,10008.0,10193.0,,28267.0,552926.0,16593.0,552926.0,Cameron Brate,cameron brate,3,4,23.0,0,0.0,0.0,17.0,13.0,2.0,0.27507052,0,1.3529412,0.11764706,0.088541664,0.23844975,,,,,,,,,,,,,,,,,REG,TB,IND,Cameron Brate,BratCa00,0.0,0.0,0.0,88.5
2021,REG,12,00-0036556,B.Jordan,TE,TE,HOU,15330,8ffb5c07-4aa1-4796-b1ab-30c1ab0ccc4c,20162.0,77887.0,7568.0,,4362504.0,33535.0,,2964787.0,JordBr00,brevin-jordan-1,15369.0,,1052.0,33535.0,0.0,,1121871.0,Brevin Jordan,brevin jordan,3,3,23.0,1,0.0,0.0,6.0,17.0,1.0,3.2319887,0,3.8333333,0.115384616,0.02739726,0.192255,,,,,,,,,,,,,,,,,REG,HOU,NYJ,Brevin Jordan,JordBr00,1.0,0.0,0.0,138.2
2021,REG,12,00-0036876,K.Granson,TE,TE,IND,15419,bcc0167c-05fd-4b23-981e-60b8784ceb33,22841.0,40630.0,7602.0,,4039160.0,33515.0,,2247146.0,GranKy00,kylen-granson-1,15245.0,,1119.0,33515.0,0.0,,921050.0,Kylen Granson,kylen granson,2,2,22.0,0,0.0,0.0,6.0,16.0,1.0,1.5630571,0,3.6666667,0.046511628,0.014563107,0.07996162,,,,,,,,,,,,,,,,,REG,IND,TB,Kylen Granson,GranKy00,0.0,0.0,0.0,112.5
2021,REG,12,00-0030108,R.Griffin,TE,TE,NYJ,11399,cb1df42c-b59c-4e23-a9a2-fbfc2b39ef71,11830.0,7982.0,1425.0,ryangriffin/2541316,15887.0,26824.0,,2057695.0,GrifRy00,ryan-griffin-1,8911.0,8600.0,,26824.0,465129.0,14985.0,465129.0,Ryan Griffin,ryan griffin,3,4,20.0,0,0.0,0.0,24.0,12.0,1.0,-0.38812932,0,0.8333333,0.17391305,0.24742268,0.43406543,,,,,,,,,,,,,,,,,REG,NYJ,HOU,Ryan Griffin,GrifRy00,0.0,1.0,0.25,85.4
2021,REG,12,00-0034159,W.Dissly,TE,TE,SEA,13763,383f4814-6836-4766-a297-fc063e8509cc,18049.0,30762.0,5010.0,,3127292.0,31090.0,,2139628.0,DissWi00,will-dissly-1,12986.0,13246.0,86.0,31090.0,837806.0,19950.0,837806.0,Will Dissly,will dissly,2,2,19.0,0,0.0,0.0,10.0,9.0,1.0,1.1420132,0,1.9,0.06451613,0.035842296,0.1218638,,,,,,,,,,,,,,,,,REG,SEA,WAS,Will Dissly,DissWi00,0.0,0.0,0.0,106.2
2021,REG,12,00-0032725,S.Anderson,TE,TE,LAC,12859,5cb0bf9c-03b4-4201-97c5-a59c6db50841,15760.0,11160.0,3496.0,,2576854.0,29789.0,,1880821.0,AndeSt01,,10885.0,11556.0,,29789.0,607660.0,18262.0,607660.0,Stephen Anderson,stephen anderson,2,2,18.0,0,0.0,0.0,11.0,7.0,1.0,1.0574123,0,1.6363636,0.045454547,0.038327526,0.095011085,,,,,,,,,,,,,,,,,REG,LAC,DEN,Stephen Anderson,AndeSt01,0.0,0.0,0.0,104.2
2021,REG,12,00-0034829,M.Gesicki,TE,TE,MIA,13672,1012cbe0-7eba-4169-bfca-183a0204e1a7,17272.0,47153.0,4993.0,,3116164.0,31012.0,,2139298.0,GesiMi00,mike-gesicki-1,12764.0,13104.0,330.0,31012.0,836152.0,19853.0,836152.0,Mike Gesicki,mike gesicki,3,3,17.0,0,0.0,0.0,11.0,6.0,1.0,2.1352851,0,1.5454545,0.09677419,0.094827585,0.2115406,,,,,,,,,,,,,,,,,REG,MIA,CAR,Mike Gesicki,GesiMi00,0.0,0.0,0.0,90.3
2021,REG,12,00-0033090,H.Henry,TE,TE,NE,12676,705899da-3c20-4bc3-b5d0-2e6e40655131,15561.0,10669.0,3214.0,,3046439.0,29269.0,,2079848.0,HenrHu00,hunter-henry-1,10735.0,11299.0,212.0,29269.0,744425.0,17975.0,744425.0,Hunter Henry,hunter henry,2,5,16.0,0,0.0,0.0,48.0,9.0,1.0,-1.1591419,0,0.33333334,0.15625,0.20168068,0.37555146,Hunter Henry,NE,3.8433333333333337,1.7041588433656982,10.142000000000001,20.948485975131163,40.0,16.0,0.0,4.334999999999997,4.223843152155041,0.11115684784495627,00-0033090,Hunter,Henry,H.Henry,REG,NE,TEN,Hunter Henry,HenrHu00,0.0,0.0,0.0,48.7
2021,REG,12,00-0036628,J.Bates,TE,TE,WAS,15344,3208880b-949f-4926-85eb-1940770550ea,22833.0,42275.0,7716.0,,4048228.0,33512.0,,2257291.0,BateJo00,john-bates-1,15289.0,,,33512.0,0.0,,944038.0,John Bates,john bates,1,1,15.0,0,0.0,0.0,5.0,10.0,1.0,1.220931,0,3.0,0.029411765,0.02793296,0.06367072,,,,,,,,,,,,,,,,,REG,WAS,SEA,John Bates,BateJo00,0.0,0.0,0.0,118.7
2021,REG,12,00-0033288,G.Kittle,TE,TE,SF,13299,2ada91b0-036e-454f-83c3-6d939ff584a9,16499.0,11901.0,4217.0,,3040151.0,30259.0,,2818265.0,KittGe00,george-kittle-1,11892.0,12276.0,298.0,30259.0,733672.0,19063.0,733672.0,George Kittle,george kittle,1,2,13.0,0,0.0,0.0,3.0,14.0,0.0,-0.1314292,0,4.3333335,0.07692308,0.013215859,0.12463572,,,,,,,,,,,,,,,,,REG,SF,MIN,George Kittle,KittGe00,0.0,0.0,0.0,70.8
2021,REG,12,00-0036332,J.Deguara,TE,TE,GB,14876,7874d188-0fcd-4af9-9289-27c27e2bbd16,19456.0,47034.0,7050.0,,3914151.0,32764.0,,2181108.0,DeguJo00,josiah-deguara-1,14629.0,,,32764.0,0.0,21798.0,866149.0,Josiah Deguara,josiah deguara,2,4,13.0,0,0.0,0.0,23.0,7.0,1.0,0.34306583,0,0.5652174,0.09090909,0.054502368,0.17451529,,,,,,,,,,,,,,,,,REG,GB,LA,Josiah Deguara,DeguJo00,0.0,0.0,0.0,57.3
2021,REG,12,00-0035644,N.Fant,TE,TE,DEN,14137,cdc98acc-9eb6-4b44-81bb-61d7b8a3b55f,17527.0,42388.0,5857.0,,4036131.0,31852.0,,2251095.0,FantNo00,noah-fant-1,13426.0,14050.0,243.0,31852.0,923911.0,20753.0,923911.0,Noah Fant,noah fant,3,4,12.0,0,0.0,0.0,33.0,3.0,0.0,-1.5841153,0,0.36363637,0.17391305,0.2820513,0.45830545,,,,,,,,,,,,,,,,,REG,DEN,LAC,Noah Fant,FantNo00,0.0,0.0,0.0,77.1
2021,REG,12,00-0036423,A.Okwuegbunam,TE,TE,DEN,14873,617aee8a-70be-4bdf-9a71-2e2b74e647e6,18246.0,41933.0,6843.0,,4035115.0,32788.0,,2245117.0,OkwuAl00,albert-okwuegbunam-1,14369.0,,,32788.0,0.0,21794.0,920077.0,Albert Okwuegbunam,albert okwuegbunam,1,2,12.0,0,0.0,0.0,21.0,11.0,1.0,0.32057703,0,0.5714286,0.08695652,0.17948718,0.2560758,,,,,,,,,,,,,,,,,REG,DEN,LAC,Albert Okwuegbunam,OkwuAl00,0.0,0.0,0.0,68.7
2021,REG,12,00-0031484,C.Manhertz,TE,TE,JAX,12955,7c7b5515-7786-4e24-9ce0-34e6a8bd5727,14014.0,10211.0,3048.0,,2531358.0,28365.0,,2167520.0,ManhCh00,,10033.0,10295.0,,28365.0,563293.0,17762.0,563293.0,Chris Manhertz,chris manhertz,1,2,11.0,0,0.0,0.0,15.0,5.0,1.0,0.15104349,0,0.73333335,0.048780486,0.0375,0.099420734,,,,,,,,,,,,,,,,,REG,JAX,ATL,Chris Manhertz,ManhCh00,0.0,0.0,0.0,66.7
2021,REG,12,00-0032394,N.Vannett,TE,TE,NO,12680,c731aa8a-778b-4ccd-a19f-517eb66f47b7,15645.0,10728.0,3258.0,,2576399.0,29328.0,,1871322.0,VannNi00,nick-vannett-1,10949.0,11329.0,,29328.0,606488.0,18019.0,606488.0,Nick Vannett,nick vannett,1,1,11.0,1,0.0,0.0,11.0,0.0,1.0,2.4424365,0,1.0,0.035714287,0.061797753,0.096829854,,,,,,,,,,,,,,,,,REG,NO,BUF,Nick Vannett,VannNi00,0.0,0.0,0.0,152.1
2021,REG,12,00-0035345,C.Myarick,TE,TE,NYG,15620,002adaa8-5dc2-4b4b-95bc-53a38dce3849,19098.0,47358.0,6529.0,,3138744.0,32442.0,,3117054.0,,,14282.0,,,32442.0,0.0,21531.0,838318.0,Chris Myarick,chris myarick,2,2,11.0,1,0.0,0.0,5.0,6.0,2.0,1.451462,0,2.2,0.06896552,0.03649635,0.12899572,,,,,,,,,,,,,,,,,,,,,,,,,
2021,REG,12,00-0036429,C.Woerner,TE,TE,SF,14984,527dfee0-a242-4dc7-830a-ab7028308259,19665.0,42257.0,7075.0,,4035020.0,32860.0,,2248629.0,WoerCh00,charlie-woerner-1,14608.0,,,32860.0,0.0,22119.0,922040.0,Charlie Woerner,charlie woerner,1,1,11.0,0,0.0,0.0,7.0,4.0,1.0,1.0839486,0,1.5714285,0.03846154,0.030837005,0.07927821,,,,,,,,,,,,,,,,,REG,SF,MIN,Charlie Woerner,WoerCh00,0.0,0.0,0.0,112.5
2021,REG,12,00-0031585,M.Pruitt,TE,TE,TEN,12309,f22b34cf-6ecf-4522-9c77-1da275dfda7d,13964.0,9576.0,2446.0,,2508256.0,28531.0,,1760327.0,PruiMy00,,10251.0,10522.0,,28531.0,552586.0,16903.0,552586.0,MyCole Pruitt,mycole pruitt,1,2,10.0,0,0.0,0.0,13.0,1.0,1.0,-0.5160053,0,0.7692308,0.0952381,0.1015625,0.21395089,,,,,,,,,,,,,,,,,REG,TEN,NE,MyCole Pruitt,PruiMy00,0.0,0.0,0.0,64.6
2021,REG,12,00-0035222,Z.Gentry,TE,TE,PIT,14240,58f18567-a050-49c4-aeca-b34499338b37,18690.0,36049.0,6018.0,,3929924.0,31973.0,,2185708.0,GentZa00,zach-gentry-2,13511.0,14247.0,,31973.0,883079.0,20770.0,883079.0,Zach Gentry,zach gentry,1,2,10.0,0,0.0,0.0,7.0,6.0,1.0,0.044472627,0,1.4285715,0.051282052,0.02341137,0.093311034,,,,,,,,,,,,,,,,,REG,PIT,CIN,Zach Gentry,GentZa00,0.0,0.0,0.0,64.6
2021,REG,12,00-0036032,S.McKeon,TE,TE,DAL,15097,0f369885-8ecd-4ca0-a3dc-df8530a0db6e,19726.0,42266.0,6964.0,,4036275.0,33101.0,,2239736.0,McKeSe01,,14478.0,,,33101.0,0.0,21781.0,911020.0,Sean McKeon,sean mckeon,1,1,10.0,1,0.0,0.0,3.0,7.0,1.0,1.7422737,0,3.3333333,0.021276595,0.008547009,0.0378978,,,,,,,,,,,,,,,,,REG,DAL,LV,Sean McKeon,McKeSe01,1.0,0.0,0.0,147.9
2021,REG,12,00-0032134,C.Uzomah,TE,TE,CIN,12317,19858900-5c8e-49a7-ab02-34ef625724ca,14084.0,9590.0,2460.0,c.j.uzomah/2552559,2574576.0,28545.0,,2174118.0,UzomC.00,cj-uzomah-1,10462.0,10534.0,,28545.0,593305.0,16917.0,593305.0,C.J. Uzomah,cj uzomah,3,3,9.0,0,0.0,0.0,5.0,4.0,1.0,0.39891368,0,1.8,0.125,0.027472528,0.20673077,,,,,,,,,,,,,,,,,REG,CIN,PIT,C.J. Uzomah,UzomC.00,0.0,0.0,0.0,79.2
2021,REG,12,00-0034011,D.Arnold,TE,TE,JAX,13880,d479a777-b53b-4bbf-a8e4-0c1675ac48df,17143.0,51842.0,4741.0,,4212989.0,30891.0,,2835170.0,ArnoDa00,,12276.0,12972.0,,30891.0,1053627.0,19659.0,1053627.0,Dan Arnold,dan arnold,1,1,9.0,0,0.0,0.0,4.0,5.0,0.0,0.7065356,0,2.25,0.024390243,0.01,0.043585368,,,,,,,,,,,,,,,,,REG,JAX,ATL,Dan Arnold,ArnoDa00,0.0,0.0,0.0,104.2
2021,REG,12,00-0032141,G.Swaim,TE,TE,TEN,12378,d0f9112d-2496-450a-9fc5-d2d01b4d2454,14164.0,9679.0,2545.0,geoffswaim/2553454,3046704.0,28634.0,,2174207.0,SwaiGe00,geoff-swaim-1,10507.0,10617.0,,28634.0,728021.0,17005.0,728021.0,Geoff Swaim,geoff swaim,1,1,8.0,0,0.0,0.0,4.0,4.0,0.0,0.4697472,0,2.0,0.04761905,0.03125,0.09330357,,,,,,,,,,,,,,,,,REG,TEN,NE,Geoff Swaim,SwaiGe00,0.0,0.0,0.0,100.0
2021,REG,12,00-0033217,M.Alie-Cox,TE,TE,IND,13246,8809c0dd-786b-4255-a7d0-333c9498c19a,16579.0,12078.0,4054.0,moalie-cox/2558832,2998565.0,30112.0,,2815925.0,AlieMo00,,12196.0,12221.0,195.0,30112.0,712506.0,18900.0,712506.0,Mo Alie-Cox,mo alie-cox,1,2,8.0,0,0.0,0.0,38.0,0.0,0.0,-0.6042896,0,0.21052632,0.046511628,0.09223301,0.13433056,,,,,,,,,,,,,,,,,REG,IND,TB,Mo Alie-Cox,AlieMo00,0.0,0.0,0.0,60.4
2021,REG,12,00-0033455,A.Firkser,TE,TE,TEN,13919,b0719e3d-199b-46e5-a2b4-1091f6fd5c0d,16787.0,51837.0,4435.0,,3049698.0,30571.0,,2818971.0,FirkAn00,,12235.0,12691.0,,30571.0,767297.0,19296.0,767297.0,Anthony Firkser,anthony firkser,1,1,7.0,0,0.0,0.0,2.0,5.0,0.0,-0.060194716,0,3.5,0.04761905,0.015625,0.08236607,,,,,,,,,,,,,,,,,REG,TEN,NE,Anthony Firkser,FirkAn00,0.0,0.0,0.0,95.8
2021,REG,12,00-0035572,P.Hesse,TE,TE,ATL,15564,5aab93f1-bc81-4d83-b105-d579a14eb349,19067.0,48369.0,6662.0,,3144991.0,32588.0,,3117115.0,,,14295.0,,,32588.0,0.0,21569.0,846264.0,Parker Hesse,parker hesse,1,1,7.0,0,0.0,0.0,4.0,3.0,0.0,0.3637351,0,1.75,0.035714287,0.032258064,0.07615207,,,,,,,,,,,,,,,,,,,,,,,,,
2021,REG,12,00-0035329,D.Parham,TE,TE,LAC,14341,4f246e92-3d21-450f-977a-dc16892c7238,18835.0,91014.0,6074.0,,3912092.0,32456.0,,2183713.0,ParhDo00,,13602.0,14320.0,,32456.0,875649.0,20905.0,875649.0,Donald Parham,donald parham,1,1,5.0,0,0.0,0.0,1.0,4.0,1.0,0.16230178,0,5.0,0.022727273,0.0034843206,0.036529932,,,,,,,,,,,,,,,,,REG,LAC,DEN,Donald Parham,ParhDo00,0.0,0.0,0.0,87.5
2021,REG,12,00-0024243,M.Lewis,TE,TE,GB,8269,9c21e9af-681c-41ef-9b00-fbc9e1668ed1,9413.0,2973.0,111.0,marcedeslewis/2495888,9614.0,7777.0,4007.0,415313.0,LewiMa00,marcedes-lewis-1,4891.0,3615.0,,7777.0,214197.0,3061.0,214197.0,Marcedes Lewis,marcedes lewis,2,3,4.0,0,1.0,0.0,-3.0,6.0,0.0,-1.7912179,0,0.0,0.06818182,-0.0071090045,0.097296424,,,,,,,,,,,,,,,,,REG,GB,LA,Marcedes Lewis,LewiMa00,0.0,0.0,0.0,70.1
2021,REG,12,00-0037005,T.Tremble,TE,TE,CAR,15332,cbee2fd3-e5f2-4316-bffd-531f1873f032,22795.0,84025.0,7694.0,,4372780.0,33471.0,,2969027.0,TremTo00,tommy-tremble-1,15371.0,,1054.0,33471.0,0.0,,1130555.0,Tommy Tremble,tommy tremble,1,3,4.0,0,0.0,0.0,30.0,2.0,0.0,-0.8886773,0,0.13333334,0.09677419,0.094339624,0.21119903,,,,,,,,,,,,,,,,,REG,CAR,MIA,Tommy Tremble,TremTo00,0.0,0.0,0.0,42.4
2021,REG,12,00-0033110,T.Higbee,TE,TE,LA,12678,0df7912d-9e81-47ea-b4f7-d04986df4ee8,15623.0,10744.0,3271.0,,2573401.0,29344.0,,1853103.0,HigbTy00,tyler-higbee-1,10854.0,11430.0,159.0,29344.0,604176.0,18032.0,604176.0,Tyler Higbee,tyler higbee,1,5,3.0,0,0.0,0.0,51.0,5.0,0.0,-2.7545683,0,0.05882353,0.12820514,0.11778291,0.27475572,Tyler Higbee,LAR,4.574,2.0384928903972055,8.983999999999998,11.083421747390755,20.0,3.0,0.0,5.450000000000003,17.727405906887725,-12.277405906887722,00-0033110,Tyler,Higbee,T.Higbee,REG,LA,GB,Tyler Higbee,HigbTy00,0.0,1.0,0.2,39.6
2021,REG,12,00-0034981,F.Moreau,TE,TE,LV,14239,9c3a67fd-5c6e-4689-9e08-9ff6d4db6c9a,18397.0,47043.0,5985.0,,3843945.0,31969.0,,2180634.0,MoreFo00,foster-moreau-1,13822.0,14154.0,179.0,31969.0,865573.0,20884.0,865573.0,Foster Moreau,foster moreau,1,5,3.0,0,0.0,0.0,35.0,1.0,0.0,-4.4993253,0,0.08571429,0.13157895,0.094339624,0.26340616,Foster Moreau,LV,7.2025,2.438347126333258,3.9539999999999993,5.606761010748416,20.0,3.0,0.0,1.7900000000000063,1.8287411334899843,-0.0387411334899781,00-0034981,Foster,Moreau,F.Moreau,REG,LV,DAL,Foster Moreau,MoreFo00,0.0,1.0,0.2,39.6
2021,REG,12,00-0033576,E.Saubert,TE,TE,DEN,13315,582dc00e-e7ec-4ca7-bff0-f7b1d604017b,16706.0,11929.0,4189.0,,2975863.0,30287.0,,2001018.0,SaubEr00,,11897.0,12300.0,,30287.0,694931.0,19035.0,694931.0,Eric Saubert,eric saubert,1,1,1.0,1,0.0,0.0,1.0,0.0,1.0,1.3488928,0,1.0,0.04347826,0.008547009,0.0712003,,,,,,,,,,,,,,,,,REG,DEN,LAC,Eric Saubert,SaubEr00,0.0,0.0,0.0,118.7
2021,REG,12,00-0032135,J.James,TE,TE,CHI,12211,a37a5bfd-b48c-4d8b-817a-d8ce7ca3592d,13959.0,9593.0,2463.0,jessejames/2552633,2979590.0,28548.0,,1983808.0,JameJe00,jesse-james-1,10150.0,10403.0,,28548.0,652019.0,16920.0,652019.0,Jesse James,jesse james,0,1,0.0,0,0.0,0.0,10.0,0.0,0.0,-0.9745368,0,0.0,0.027027028,0.029673591,0.061312053,,,,,,,,,,,,,,,,,REG,CHI,DET,Jesse James,JameJe00,0.0,0.0,0.0,39.6
2021,REG,12,00-0032392,A.Hooper,TE,TE,CLE,12677,90c2a93f-d837-4e1b-b57c-56648903a8db,15581.0,10715.0,3202.0,,3043275.0,29315.0,,2067004.0,HoopAu00,austin-hooper-1,10748.0,11301.0,384.0,29315.0,739424.0,17963.0,739424.0,Austin Hooper,austin hooper,0,3,0.0,0,0.0,0.0,44.0,0.0,0.0,-2.0006967,0,0.0,0.0882353,0.13414635,0.22625539,,,,,,,,,,,,,,,,,REG,CLE,BAL,Austin Hooper,HoopAu00,0.0,0.0,0.0,39.6
2021,REG,12,00-0033439,P.Brown,TE,TE,HOU,13994,6733b953-de77-44e5-acbf-c2d3a0940243,16937.0,12247.0,4443.0,,2971281.0,30627.0,,2819155.0,BrowPh01,,11887.0,12737.0,,30627.0,689689.0,19304.0,689689.0,Pharaoh Brown,pharaoh brown,0,1,0.0,0,0.0,0.0,8.0,0.0,0.0,-0.51834536,0,0.0,0.03846154,0.03652968,0.083263084,,,,,,,,,,,,,,,,,REG,HOU,NYJ,Pharaoh Brown,BrowPh01,0.0,0.0,0.0,39.6
2021,REG,12,00-0034351,D.Goedert,TE,TE,PHI,13674,e8029983-87cf-49a2-bc04-04c8233a0630,17270.0,47272.0,5022.0,,3121023.0,31019.0,,2132551.0,GoedDa00,,12860.0,13151.0,382.0,31019.0,791365.0,19863.0,791365.0,Dallas Goedert,dallas goedert,1,3,0.0,0,0.0,0.0,13.0,5.0,0.0,-2.1390402,0,0.0,0.10344828,0.04452055,0.1863368,,,,,,,,,,,,,,,,,REG,PHI,NYG,Dallas Goedert,GoedDa00,0.0,0.0,0.0,42.4
2021,REG,12,00-0034365,I.Thomas,TE,TE,CAR,13678,ed8a8fd2-df67-45e7-a34f-984afb82f6ea,17387.0,42130.0,4995.0,,4045305.0,31071.0,,2253359.0,ThomIa00,ian-thomas-3,12858.0,13163.0,323.0,31071.0,943093.0,19910.0,943093.0,Ian Thomas,ian thomas,0,3,0.0,0,0.0,0.0,16.0,0.0,0.0,-4.8422146,0,0.0,0.09677419,0.050314464,0.18038142,,,,,,,,,,,,,,,,,REG,CAR,MIA,Ian Thomas,ThomIa00,0.0,1.0,0.333,0.0
2021,REG,12,00-0035428,D.Helm,TE,TE,LV,14367,7f48c754-002d-4d0c-ba40-8c402f95a7c4,18350.0,47307.0,6089.0,,3115359.0,32543.0,,2131632.0,,,13685.0,14338.0,,32543.0,820720.0,20797.0,820720.0,Daniel Helm,daniel helm,0,1,0.0,0,0.0,0.0,4.0,0.0,0.0,-1.5076671,0,0.0,0.02631579,0.010781671,0.047020853,,,,,,,,,,,,,,,,,,,,,,,,,
2021,REG,12,00-0037011,T.McKitty,TE,TE,LAC,15333,2ac90a86-c585-4c12-894d-a805a0c94cc3,22807.0,60896.0,7554.0,,4240023.0,33485.0,,2804040.0,McKiTr00,tre-mckitty-1,15252.0,,,33485.0,0.0,,976252.0,Tre' McKitty,tre mckitty,0,1,0.0,0,0.0,0.0,5.0,0.0,0.0,-0.7787007,0,0.0,0.022727273,0.017421603,0.04628603,,,,,,,,,,,,,,,,,REG,LAC,DEN,Tre' McKitty,McKiTr00,0.0,0.0,0.0,39.6
2021,REG,13,00-0033288,G.Kittle,TE,TE,SF,13299,2ada91b0-036e-454f-83c3-6d939ff584a9,16499.0,11901.0,4217.0,,3040151.0,30259.0,,2818265.0,KittGe00,george-kittle-1,11892.0,12276.0,298.0,30259.0,733672.0,19063.0,733672.0,George Kittle,george kittle,9,12,181.0,2,0.0,0.0,103.0,108.0,6.0,8.616813,0,1.7572815,0.4,0.47247708,0.9307339,George Kittle,SF,5.330909090909091,3.3328887442887445,8.433333333333334,47.53628634506084,75.0,181.0,2.0,12.071111111111112,5.532772250251153,6.538338860859959,00-0033288,George,Kittle,G.Kittle,REG,SF,SEA,George Kittle,KittGe00,1.0,1.0,0.083,121.5
2021,REG,13,00-0034351,D.Goedert,TE,TE,PHI,13674,e8029983-87cf-49a2-bc04-04c8233a0630,17270.0,47272.0,5022.0,,3121023.0,31019.0,,2132551.0,GoedDa00,,12860.0,13151.0,382.0,31019.0,791365.0,19863.0,791365.0,Dallas Goedert,dallas goedert,6,6,105.0,2,0.0,0.0,45.0,60.0,5.0,10.454993,0,2.3333333,0.27272728,0.33582088,0.6441655,Dallas Goedert,PHI,8.668000000000001,3.7374197260868134,7.31,33.333333333333336,100.0,105.0,2.0,10.19,7.431915058297051,2.7580849417029487,00-0034351,Dallas,Goedert,D.Goedert,REG,PHI,NYJ,Dallas Goedert,GoedDa00,2.0,0.0,0.0,158.3
2021,REG,13,00-0033881,E.Engram,TE,TE,NYG,13189,e21365af-8d66-416e-b0a5-8816d18fcfd9,16411.0,11778.0,4066.0,,3051876.0,30136.0,,2079887.0,EngrEv00,evan-engram-1,11805.0,12205.0,229.0,30136.0,749185.0,18912.0,749185.0,Evan Engram,evan engram,4,5,61.0,0,0.0,0.0,70.0,17.0,4.0,5.3604,0,0.87142855,0.13157895,0.24734983,0.3705133,Evan Engram,NYG,6.2,3.2786358925458146,12.942000000000002,23.86149931782145,80.0,61.0,0.0,4.7925,3.4663339545924714,1.326166045407529,00-0033881,Evan,Engram,E.Engram,REG,NYG,MIA,Evan Engram,EngrEv00,0.0,1.0,0.2,117.5
2021,REG,13,00-0027656,R.Gronkowski,TE,TE,TB,9902,2142a164-48ad-47d6-bb27-0bc58c6b2e62,9721.0,5567.0,515.0,robgronkowski/497240,13229.0,24017.0,,1244303.0,GronRo00,rob-gronkowski-1,6443.0,5729.0,,24017.0,381091.0,10974.0,381091.0,Rob Gronkowski,rob gronkowski,4,8,58.0,2,0.0,0.0,77.0,26.0,3.0,3.630258,0,0.7532467,0.15686275,0.23765433,0.40165213,Rob Gronkowski,TB,5.587142857142857,3.2700064517089724,8.795000000000002,23.031850469737147,50.0,58.0,2.0,6.672499999999999,6.057289117339678,0.6152108826603211,00-0027656,Robert,Gronkowski,R.Gronkowski,REG,TB,ATL,Rob Gronkowski,GronRo00,0.0,1.0,0.125,113.5
2021,REG,13,00-0034270,T.Conklin,TE,TE,MIN,13675,f0d17dfa-ebf3-416c-a8d2-c6bc30675103,17598.0,47327.0,5133.0,,3915486.0,31220.0,,2165249.0,ConkTy00,tyler-conklin-1,12809.0,13220.0,489.0,31127.0,861278.0,19988.0,861278.0,Tyler Conklin,tyler conklin,7,9,56.0,0,0.0,0.0,46.0,34.0,4.0,1.605422,0,1.2173913,0.2195122,0.13649851,0.42481726,Tyler Conklin,MIN,6.231428571428572,3.0035823245167617,5.421111111111113,14.08527959814083,77.77777777777779,56.0,0.0,4.799999999999998,6.973491910327408,-2.17349191032741,00-0034270,Tyler,Conklin,T.Conklin,REG,MIN,DET,Tyler Conklin,ConkTy00,0.0,0.0,0.0,92.6
2021,REG,13,00-0034753,M.Andrews,TE,TE,BAL,13671,0618f387-9b72-4270-8b8f-dec4cccc9e4a,17269.0,47436.0,5012.0,,3116365.0,31056.0,,2131121.0,AndrMa00,mark-andrews-1,12559.0,13182.0,366.0,31056.0,820699.0,19803.0,820699.0,Mark Andrews,mark andrews,4,9,50.0,0,0.0,0.0,112.0,15.0,3.0,-0.9241305,0,0.44642857,0.24324325,0.45714286,0.6848649,Mark Andrews,BAL,3.03,3.064980335954222,12.204444444444443,42.77258566978192,44.44444444444444,50.0,0.0,4.254999999999999,5.465793708013621,-1.2107937080136217,00-0034753,Mark,Andrews,M.Andrews,REG,BAL,PIT,Mark Andrews,AndrMa00,1.0,2.0,0.222,22.7
2021,REG,13,00-0035229,T.Hockenson,TE,TE,DET,14138,bd1120b6-38b3-4225-a4b0-20660a149d0d,18290.0,40912.0,5844.0,,4036133.0,31840.0,,2251097.0,HockTJ00,tj-hockenson-1,13610.0,14051.0,247.0,31840.0,923915.0,20805.0,923915.0,T.J. Hockenson,tj hockenson,4,8,49.0,1,0.0,0.0,88.0,2.0,3.0,-1.6766462,0,0.5568182,0.21052632,0.27160493,0.50591296,T.J. Hockenson,DET,6.218333333333334,2.545124219638833,12.257499999999999,29.346102049977553,50.0,49.0,1.0,1.3525000000000027,1.3811129176110626,-0.028612917611059885,00-0035229,Thomas,Hockenson,T.Hockenson,REG,DET,MIN,T.J. Hockenson,HockTJ00,0.0,1.0,0.125,69.3
2021,REG,13,00-0031260,L.Thomas,TE,TE,WAS,11647,b24625a0-d402-4d59-a778-aa4b073bfe5e,12095.0,8755.0,2251.0,loganthomas/2543767,16813.0,27648.0,,1691193.0,ThomLo00,logan-thomas-1,9323.0,9354.0,,27648.0,507528.0,16656.0,507528.0,Logan Thomas,logan thomas,3,5,48.0,1,0.0,0.0,73.0,18.0,3.0,3.771386,0,0.65753424,0.16666667,0.36138615,0.5029703,Logan Thomas,WAS,4.819999999999999,3.7077789417968057,15.639999999999997,37.82894736842105,60.0,48.0,1.0,6.249999999999997,3.819639975949182,2.4303600240508154,00-0031260,Logan,Thomas,L.Thomas,REG,WAS,LV,Logan Thomas,ThomLo00,0.0,0.0,0.0,131.7
2021,REG,13,00-0032394,N.Vannett,TE,TE,NO,12680,c731aa8a-778b-4ccd-a19f-517eb66f47b7,15645.0,10728.0,3258.0,,2576399.0,29328.0,,1871322.0,VannNi00,nick-vannett-1,10949.0,11329.0,,29328.0,606488.0,18019.0,606488.0,Nick Vannett,nick vannett,3,4,48.0,0,0.0,0.0,15.0,48.0,2.0,2.484876,0,3.2,0.09756097,0.051369864,0.18230037,,,,,,,,,,,,,,,,,REG,NO,DAL,Nick Vannett,VannNi00,0.0,0.0,0.0,114.6
2021,REG,13,00-0033110,T.Higbee,TE,TE,LA,12678,0df7912d-9e81-47ea-b4f7-d04986df4ee8,15623.0,10744.0,3271.0,,2573401.0,29344.0,,1853103.0,HigbTy00,tyler-higbee-1,10854.0,11430.0,159.0,29344.0,604176.0,18032.0,604176.0,Tyler Higbee,tyler higbee,5,6,48.0,0,0.0,0.0,41.0,7.0,3.0,2.157005,0,1.1707317,0.16216215,0.11614731,0.32454637,Tyler Higbee,LAR,5.12,2.02571776507373,6.675,11.357191470054447,83.33333333333334,48.0,0.0,1.6120000000000005,4.921238531654671,-3.3092385316546706,00-0033110,Tyler,Higbee,T.Higbee,REG,LA,JAX,Tyler Higbee,HigbTy00,0.0,0.0,0.0,100.0
2021,REG,13,00-0036970,K.Pitts,TE,TE,ATL,15329,1f3deb24-9ff8-4769-8f42-825eff7742f6,20164.0,83964.0,7553.0,,4360248.0,33392.0,,2964514.0,PittKy00,kyle-pitts-1,15265.0,,1051.0,33392.0,0.0,,1123026.0,Kyle Pitts,kyle pitts,4,7,48.0,0,0.0,0.0,66.0,18.0,2.0,1.3009253,0,0.72727275,0.175,0.25984251,0.44438976,Kyle Pitts,ATL,7.502000000000001,3.176295455264602,9.948571428571428,26.718845917740943,57.14285714285714,48.0,0.0,4.862500000000002,3.437411655270921,1.4250883447290805,00-0036970,Kyle,Pitts,K.Pitts,REG,ATL,TB,Kyle Pitts,PittKy00,0.0,0.0,0.0,78.3
2021,REG,13,00-0034829,M.Gesicki,TE,TE,MIA,13672,1012cbe0-7eba-4169-bfca-183a0204e1a7,17272.0,47153.0,4993.0,,3116164.0,31012.0,,2139298.0,GesiMi00,mike-gesicki-1,12764.0,13104.0,330.0,31012.0,836152.0,19853.0,836152.0,Mike Gesicki,mike gesicki,7,11,46.0,0,0.0,0.0,87.0,16.0,2.0,-3.129078,0,0.52873564,0.2682927,0.31071427,0.619939,Mike Gesicki,MIA,5.45909090909091,3.5246269690657566,7.586363636363638,30.40515922174451,63.63636363636363,46.0,0.0,2.751428571428572,2.849918910919914,-0.09849033949134212,00-0034829,Michael,Gesicki,M.Gesicki,REG,MIA,NYG,Mike Gesicki,GesiMi00,0.0,1.0,0.091,72.5
2021,REG,13,00-0034383,D.Schultz,TE,TE,DAL,13772,8caec1b4-e0b6-4a84-b8c8-617d6e91ef6a,17349.0,47304.0,5001.0,,3117256.0,31107.0,,2136748.0,SchuDa00,dalton-schultz-1,12514.0,13198.0,487.0,31107.0,830523.0,19920.0,830523.0,Dalton Schultz,dalton schultz,5,5,43.0,0,0.0,0.0,31.0,12.0,2.0,2.0346794,0,1.3870968,0.125,0.09198813,0.2518917,Dalton Schultz,DAL,8.1525,2.1956463249597165,6.251999999999997,8.678993836415124,100.0,43.0,0.0,2.3480000000000025,1.9846126699053115,0.36338733009469104,00-0034383,Dalton,Schultz,D.Schultz,REG,DAL,NO,Dalton Schultz,SchuDa00,0.0,0.0,0.0,102.5
2021,REG,13,00-0036628,J.Bates,TE,TE,WAS,15344,3208880b-949f-4926-85eb-1940770550ea,22833.0,42275.0,7716.0,,4048228.0,33512.0,,2257291.0,BateJo00,john-bates-1,15289.0,,,33512.0,0.0,,944038.0,John Bates,john bates,3,4,42.0,0,0.0,0.0,29.0,15.0,2.0,2.6652513,0,1.4482758,0.13333334,0.14356436,0.30049506,,,,,,,,,,,,,,,,,REG,WAS,LV,John Bates,BateJo00,0.0,0.0,0.0,108.3
2021,REG,13,00-0036290,C.Kmet,TE,TE,CHI,14867,036feeb6-9a22-43c5-a8e3-7ac611d8ff49,19229.0,60995.0,6826.0,,4258595.0,32713.0,,2868619.0,KmetCo00,cole-kmet-1,14436.0,,569.0,32713.0,0.0,21772.0,1066765.0,Cole Kmet,cole kmet,3,7,41.0,0,0.0,0.0,67.0,13.0,2.0,-7.159397,0,0.6119403,0.175,0.29777777,0.47094443,Cole Kmet,CHI,5.232,2.26524403702365,8.565714285714284,29.143579274812865,42.857142857142854,41.0,0.0,5.153333333333336,3.7064187198758085,1.4469146134575275,00-0036290,Cole,Kmet,C.Kmet,REG,CHI,ARI,Cole Kmet,KmetCo00,0.0,1.0,0.143,22.6
2021,REG,13,00-0034981,F.Moreau,TE,TE,LV,14239,9c3a67fd-5c6e-4689-9e08-9ff6d4db6c9a,18397.0,47043.0,5985.0,,3843945.0,31969.0,,2180634.0,MoreFo00,foster-moreau-1,13822.0,14154.0,179.0,31969.0,865573.0,20884.0,865573.0,Foster Moreau,foster moreau,1,3,34.0,0,0.0,0.0,60.0,16.0,1.0,0.94639283,0,0.56666666,0.083333336,0.20134228,0.2659396,,,,,,,,,,,,,,,,,REG,LV,WAS,Foster Moreau,MoreFo00,0.0,0.0,0.0,77.1
2021,REG,13,00-0035644,N.Fant,TE,TE,DEN,14137,cdc98acc-9eb6-4b44-81bb-61d7b8a3b55f,17527.0,42388.0,5857.0,,4036131.0,31852.0,,2251095.0,FantNo00,noah-fant-1,13426.0,14050.0,243.0,31852.0,923911.0,20753.0,923911.0,Noah Fant,noah fant,4,4,33.0,0,0.0,0.0,16.0,17.0,1.0,1.5795759,0,2.0625,0.11111111,0.06324111,0.21093544,,,,,,,,,,,,,,,,,REG,DEN,KC,Noah Fant,FantNo00,0.0,0.0,0.0,101.0
2021,REG,13,00-0027061,J.Cook,TE,TE,LAC,9474,3b7a1409-d154-4e5c-8c94-9d4a0e0993c7,9265.0,5012.0,367.0,jaredcook/71265,12537.0,9353.0,6126.0,584314.0,CookJa02,jared-cook-2,5981.0,5165.0,,9353.0,296480.0,8534.0,296480.0,Jared Cook,jared cook,3,4,29.0,0,0.0,0.0,49.0,2.0,2.0,-0.23144306,0,0.59183675,0.114285715,0.13279133,0.2643825,,,,,,,,,,,,,,,,,REG,LAC,CIN,Jared Cook,CookJa02,0.0,0.0,0.0,94.8
2021,REG,13,00-0036754,B.Wright,TE,TE,DET,15626,8f182089-7730-499e-8f2e-87bda32debfb,23341.0,60994.0,7891.0,,4242392.0,33774.0,,2807423.0,WrigBr01,,15681.0,,1162.0,33774.0,0.0,,978120.0,Brock Wright,brock wright,2,3,28.0,1,0.0,0.0,30.0,0.0,1.0,2.0165265,0,0.93333334,0.078947365,0.09259259,0.18323587,,,,,,,,,,,,,,,,,REG,DET,MIN,Brock Wright,WrigBr01,0.0,1.0,0.333,136.1
2021,REG,13,00-0030506,T.Kelce,TE,TE,KC,11244,c3859e06-5f23-4302-a71b-04820a899d5f,11594.0,7844.0,1466.0,traviskelce/2540258,15847.0,26686.0,,1725130.0,KelcTr00,travis-kelce-1,8783.0,8411.0,264.0,26686.0,448240.0,15048.0,448240.0,Travis Kelce,travis kelce,3,8,27.0,0,0.0,0.0,61.0,9.0,1.0,-3.034288,0,0.44262296,0.2962963,0.40666667,0.72911114,Travis Kelce,KC,7.498571428571428,2.6422617538277287,6.8225,38.96901328002285,37.5,27.0,0.0,4.143333333333331,4.466415111071456,-0.32308177773812474,00-0030506,Travis,Kelce,T.Kelce,REG,KC,DEN,Travis Kelce,KelcTr00,0.0,1.0,0.125,47.4
2021,REG,13,00-0036040,J.Johnson,TE,TE,NO,14861,0226b03b-f91d-4223-9813-9fcd2e9c3acc,19562.0,28305.0,7002.0,,3929645.0,33113.0,,2186637.0,JohnJu02,,14630.0,,575.0,33113.0,0.0,21738.0,884609.0,Juwan Johnson,juwan johnson,1,1,27.0,0,0.0,0.0,25.0,2.0,1.0,2.0771,0,1.08,0.024390243,0.08561644,0.09651687,,,,,,,,,,,,,,,,,REG,NO,DAL,Juwan Johnson,JohnJu02,0.0,0.0,0.0,118.7
2021,REG,13,00-0036894,P.Freiermuth,TE,TE,PIT,15331,04f0fefe-9d9d-44f5-94ea-6df2a42df3c6,20163.0,84085.0,7600.0,,4361411.0,33443.0,,2961270.0,FreiPa00,pat-freiermuth-1,15267.0,,1053.0,33443.0,0.0,,1116662.0,Pat Freiermuth,pat freiermuth,3,4,26.0,0,0.0,0.0,21.0,20.0,1.0,-0.726058,1,1.2380953,0.13333334,0.08467742,0.25927418,,,,,,,,,,,,,,,,,REG,PIT,BAL,Pat Freiermuth,FreiPa00,1.0,0.0,0.0,91.7
2021,REG,13,00-0033439,P.Brown,TE,TE,HOU,13994,6733b953-de77-44e5-acbf-c2d3a0940243,16937.0,12247.0,4443.0,,2971281.0,30627.0,,2819155.0,BrowPh01,,11887.0,12737.0,,30627.0,689689.0,19304.0,689689.0,Pharaoh Brown,pharaoh brown,4,5,23.0,0,1.0,1.0,5.0,21.0,2.0,-4.769701,0,4.6,0.1923077,0.03875969,0.31559333,Pharaoh Brown,HOU,11.93,4.225994541679321,1.0739999999999994,3.927448255686387,80.0,23.0,0.0,5.557500000000001,6.392833655452705,-0.835333655452704,00-0033439,Pharaoh,Brown,P.Brown,REG,HOU,IND,Pharaoh Brown,BrowPh01,0.0,0.0,0.0,85.8
2021,REG,13,00-0036423,A.Okwuegbunam,TE,TE,DEN,14873,617aee8a-70be-4bdf-9a71-2e2b74e647e6,18246.0,41933.0,6843.0,,4035115.0,32788.0,,2245117.0,OkwuAl00,albert-okwuegbunam-1,14369.0,,,32788.0,0.0,21794.0,920077.0,Albert Okwuegbunam,albert okwuegbunam,3,4,21.0,0,0.0,0.0,15.0,17.0,0.0,-0.19120519,0,1.4,0.11111111,0.05928854,0.20816864,,,,,,,,,,,,,,,,,REG,DEN,KC,Albert Okwuegbunam,OkwuAl00,0.0,0.0,0.0,86.5
2021,REG,13,00-0032134,C.Uzomah,TE,TE,CIN,12317,19858900-5c8e-49a7-ab02-34ef625724ca,14084.0,9590.0,2460.0,c.j.uzomah/2552559,2574576.0,28545.0,,2174118.0,UzomC.00,cj-uzomah-1,10462.0,10534.0,,28545.0,593305.0,16917.0,593305.0,C.J. Uzomah,cj uzomah,3,6,20.0,0,0.0,0.0,37.0,11.0,0.0,-5.971467,0,0.5405405,0.15789473,0.09390863,0.30257815,C.J. Uzomah,CIN,5.858,4.8981408497256504,6.506666666666665,10.215883815255786,50.0,20.0,0.0,3.8100000000000023,6.367554931572158,-2.557554931572156,00-0032134,Christopher,Uzomah,C.Uzomah,REG,CIN,LAC,C.J. Uzomah,UzomC.00,1.0,1.0,0.167,18.1
2021,REG,13,00-0027981,K.Rudolph,TE,TE,NYG,10312,1059e9dc-97df-4643-9116-883a0573d8b1,9906.0,6195.0,943.0,kylerudolph/2495438,14054.0,24830.0,7444.0,1633122.0,RudoKy00,kyle-rudolph-1,7246.0,6459.0,,24830.0,469472.0,13275.0,469472.0,Kyle Rudolph,kyle rudolph,2,4,18.0,0,0.0,0.0,6.0,14.0,1.0,-2.909854,0,3.0,0.10526316,0.021201413,0.17273572,,,,,,,,,,,,,,,,,REG,NYG,MIA,Kyle Rudolph,RudoKy00,0.0,0.0,0.0,62.5
2021,REG,13,00-0030108,R.Griffin,TE,TE,NYJ,11399,cb1df42c-b59c-4e23-a9a2-fbfc2b39ef71,11830.0,7982.0,1425.0,ryangriffin/2541316,15887.0,26824.0,,2057695.0,GrifRy00,ryan-griffin-1,8911.0,8600.0,,26824.0,465129.0,14985.0,465129.0,Ryan Griffin,ryan griffin,2,2,15.0,1,0.0,0.0,14.0,1.0,2.0,3.1102145,0,1.0714285,0.055555556,0.044303797,0.11434599,,,,,,,,,,,,,,,,,REG,NYJ,PHI,Ryan Griffin,GrifRy00,0.0,0.0,0.0,137.5
2021,REG,13,00-0035689,D.Knox,TE,TE,BUF,14143,5fb525c5-4e70-4ede-8c49-94ad0cf66b7d,18631.0,35883.0,5906.0,,3930086.0,31928.0,,2186345.0,KnoxDa00,dawson-knox-1,13466.0,13953.0,88.0,31928.0,884083.0,20850.0,884083.0,Dawson Knox,dawson knox,2,6,14.0,0,0.0,0.0,66.0,11.0,1.0,-2.8066456,0,0.21212122,0.2,0.21221864,0.44855306,Dawson Knox,BUF,4.6866666666666665,1.8423441650326682,12.5,23.362302588543123,33.33333333333333,14.0,0.0,4.840000000000003,2.5295173221713867,2.3104826778286167,00-0035689,Dawson,Knox,D.Knox,REG,BUF,NE,Dawson Knox,KnoxDa00,1.0,1.0,0.167,42.4
2021,REG,13,00-0030181,J.Doyle,TE,TE,IND,11516,bd413539-9351-454e-9d61-4e8635d7e9f5,11987.0,8520.0,1706.0,jackdoyle/2540232,16504.0,27299.0,,2041264.0,DoylJa00,,9081.0,9075.0,,27299.0,477386.0,15602.0,477386.0,Jack Doyle,jack doyle,1,1,13.0,0,0.0,0.0,6.0,7.0,1.0,1.8950076,0,2.1666667,0.045454547,0.038961038,0.095454544,,,,,,,,,,,,,,,,,REG,IND,HOU,Jack Doyle,DoylJa00,0.0,0.0,0.0,118.7
2021,REG,13,00-0031951,J.O'Shaughnessy,TE,TE,JAX,12330,e5c6b0d4-3e77-422b-a6d8-574a10ed385e,14146.0,9606.0,2476.0,,2508079.0,28561.0,,2174148.0,O'ShJa00,,10249.0,10549.0,,28561.0,552352.0,16933.0,552352.0,James O'Shaughnessy,james oshaughnessy,2,6,13.0,0,0.0,0.0,36.0,4.0,0.0,-5.2910476,0,0.3611111,0.21428572,0.30769232,0.5368132,James O'Shaughnessy,JAX,7.348333333333334,1.6172869985068894,6.499999999999999,30.51165701768111,33.33333333333333,13.0,0.0,1.8300000000000018,2.0369975869243717,-0.20699758692436987,00-0031951,James,O'Shaughnessy,J.O'Shaughnessy,REG,JAX,LA,James O'Shaughnessy,O'ShJa00,0.0,2.0,0.333,42.4
2021,REG,13,00-0033858,J.Smith,TE,TE,NE,13193,e4f25a37-74de-4bfb-b6c9-f50a4fab0b87,16460.0,11855.0,4144.0,,3054212.0,30213.0,,2081506.0,SmitJo01,jonnu-smith-1,11807.0,12344.0,84.0,30213.0,743749.0,18990.0,743749.0,Jonnu Smith,jonnu smith,1,1,12.0,0,0.0,0.0,10.0,2.0,1.0,0.89717877,0,1.2,0.33333334,0.6666667,0.96666664,,,,,,,,,,,,,,,,,REG,NE,BUF,Jonnu Smith,SmitJo01,0.0,0.0,0.0,116.7
2021,REG,13,00-0030061,Z.Ertz,TE,TE,ARI,11247,de3421f7-2147-4835-89a5-724e87bad463,11689.0,7816.0,1339.0,zachertz/2540158,15835.0,26658.0,,1685963.0,ErtzZa00,zach-ertz-1,8781.0,8409.0,305.0,26658.0,503177.0,14856.0,503177.0,Zach Ertz,zach ertz,1,2,10.0,0,0.0,0.0,15.0,1.0,0.0,-0.31053928,0,0.6666667,0.13333334,0.25862068,0.3810345,,,,,,,,,,,,,,,,,REG,ARI,CHI,Zach Ertz,ErtzZa00,0.0,0.0,0.0,64.6
2021,REG,13,00-0035222,Z.Gentry,TE,TE,PIT,14240,58f18567-a050-49c4-aeca-b34499338b37,18690.0,36049.0,6018.0,,3929924.0,31973.0,,2185708.0,GentZa00,zach-gentry-2,13511.0,14247.0,,31973.0,883079.0,20770.0,883079.0,Zach Gentry,zach gentry,2,2,10.0,0,0.0,0.0,3.0,7.0,1.0,0.416005,0,3.3333333,0.06666667,0.012096774,0.10846774,,,,,,,,,,,,,,,,,REG,PIT,BAL,Zach Gentry,GentZa00,0.0,0.0,0.0,87.5
2021,REG,13,00-0033095,G.Griffin,TE,TE,NO,13546,3cacaa27-a790-43ae-927c-8163b06f1a53,16252.0,11439.0,3894.0,,2987440.0,30024.0,,2239251.0,GrifGa00,,11502.0,12072.0,,30024.0,703203.0,18716.0,703203.0,Garrett Griffin,garrett griffin,1,1,9.0,0,1.0,0.0,3.0,6.0,0.0,0.6962648,0,3.0,0.024390243,0.0102739725,0.043777145,,,,,,,,,,,,,,,,,REG,NO,DAL,Garrett Griffin,GrifGa00,0.0,0.0,0.0,104.2
2021,REG,13,00-0037004,H.Long,TE,TE,MIA,15334,ebc576d0-a98b-4f82-aaf9-901a3911487d,22783.0,60859.0,7535.0,,4239944.0,33469.0,,2867428.0,LongHu00,hunter-long-3,15246.0,,1056.0,33469.0,0.0,,1060550.0,Hunter Long,hunter long,1,1,8.0,0,0.0,0.0,4.0,4.0,0.0,0.44489074,0,2.0,0.024390243,0.014285714,0.046585366,,,,,,,,,,,,,,,,,REG,MIA,NYG,Hunter Long,LongHu00,0.0,0.0,0.0,100.0
2021,REG,13,00-0030155,D.Harris,TE,TE,ARI,11448,8506c15c-15cc-4d2c-aebf-270c605fe0ec,11881.0,8524.0,1619.0,demetriusharris/2541187,16318.0,27174.0,,2060074.0,HarrDe03,,9847.0,8683.0,,27174.0,602269.0,15305.0,602269.0,Demetrius Harris,demetrius harris,2,2,7.0,0,0.0,0.0,-3.0,10.0,0.0,-0.10984945,0,0.0,0.13333334,-0.05172414,0.1637931,,,,,,,,,,,,,,,,,REG,ARI,CHI,Demetrius Harris,HarrDe03,0.0,0.0,0.0,81.2
2021,REG,13,00-0033895,G.Everett,TE,TE,SEA,13236,ebeceb00-57e0-4b74-9cf7-853da2afed18,16459.0,11799.0,4089.0,,3918639.0,30157.0,,2142692.0,EverGe00,gerald-everett-1,11737.0,12284.0,55.0,30157.0,838487.0,18935.0,838487.0,Gerald Everett,gerald everett,4,6,7.0,0,2.0,2.0,5.0,6.0,0.0,-11.683811,0,1.4,0.16216215,0.019379845,0.25680915,Gerald Everett,SEA,8.178333333333333,3.6373782583638725,0.4233333333333353,0.9551026547341548,66.66666666666666,7.0,0.0,1.7925000000000022,3.0563749173890358,-1.2638749173890336,00-0033895,Gerald,Everett,G.Everett,REG,SEA,SF,Gerald Everett,EverGe00,0.0,1.0,0.167,30.6
2021,REG,13,00-0034159,W.Dissly,TE,TE,SEA,13763,383f4814-6836-4766-a297-fc063e8509cc,18049.0,30762.0,5010.0,,3127292.0,31090.0,,2139628.0,DissWi00,will-dissly-1,12986.0,13246.0,86.0,31090.0,837806.0,19950.0,837806.0,Will Dissly,will dissly,2,2,7.0,0,0.0,0.0,2.0,5.0,0.0,-0.3862334,0,3.5,0.054054055,0.007751938,0.08650744,,,,,,,,,,,,,,,,,REG,SEA,SF,Will Dissly,DissWi00,0.0,0.0,0.0,81.2
2021,REG,13,00-0036556,B.Jordan,TE,TE,HOU,15330,8ffb5c07-4aa1-4796-b1ab-30c1ab0ccc4c,20162.0,77887.0,7568.0,,4362504.0,33535.0,,2964787.0,JordBr00,brevin-jordan-1,15369.0,,1052.0,33535.0,0.0,,1121871.0,Brevin Jordan,brevin jordan,2,4,7.0,0,0.0,0.0,35.0,7.0,0.0,-2.3244488,0,0.2,0.15384616,0.27131784,0.4206917,,,,,,,,,,,,,,,,,REG,HOU,IND,Brevin Jordan,JordBr00,0.0,0.0,0.0,56.2
2021,REG,13,00-0035603,K.Blanton,TE,TE,LA,14357,b5e95ece-3b71-439b-b7b4-ae102f9e7c08,18431.0,47311.0,6081.0,,3122103.0,32125.0,,2139213.0,BlanKe01,,13711.0,14322.0,,32125.0,835674.0,21032.0,835674.0,Kendall Blanton,kendall blanton,1,2,6.0,0,1.0,0.0,14.0,5.0,1.0,-0.06551959,0,0.42857143,0.054054055,0.039660055,0.10884312,,,,,,,,,,,,,,,,,REG,LA,JAX,Kendall Blanton,BlanKe01,0.0,1.0,0.5,56.2
2021,REG,13,00-0036876,K.Granson,TE,TE,IND,15419,bcc0167c-05fd-4b23-981e-60b8784ceb33,22841.0,40630.0,7602.0,,4039160.0,33515.0,,2247146.0,GranKy00,kylen-granson-1,15245.0,,1119.0,33515.0,0.0,,921050.0,Kylen Granson,kylen granson,1,2,6.0,0,0.0,0.0,13.0,1.0,0.0,-1.5763084,0,0.46153846,0.09090909,0.084415585,0.19545455,,,,,,,,,,,,,,,,,REG,IND,HOU,Kylen Granson,GranKy00,0.0,0.0,0.0,56.2
2021,REG,13,00-0031273,C.Brate,TE,TE,TB,12110,5afe93fd-0caf-4cca-83fc-7f405bebfa3e,13470.0,9207.0,2214.0,,17453.0,28267.0,,2132787.0,BratCa00,,10008.0,10193.0,,28267.0,552926.0,16593.0,552926.0,Cameron Brate,cameron brate,1,1,3.0,1,0.0,0.0,3.0,0.0,1.0,0.84310305,0,1.0,0.019607844,0.009259259,0.035893247,,,,,,,,,,,,,,,,,REG,TB,ATL,Cameron Brate,BratCa00,0.0,0.0,0.0,118.7
2021,REG,13,00-0035329,D.Parham,TE,TE,LAC,14341,4f246e92-3d21-450f-977a-dc16892c7238,18835.0,91014.0,6074.0,,3912092.0,32456.0,,2183713.0,ParhDo00,,13602.0,14320.0,,32456.0,875649.0,20905.0,875649.0,Donald Parham,donald parham,2,4,3.0,0,0.0,0.0,38.0,6.0,0.0,-4.342957,0,0.078947365,0.114285715,0.10298103,0.2435153,,,,,,,,,,,,,,,,,REG,LAC,CIN,Donald Parham,ParhDo00,0.0,0.0,0.0,56.2
2021,REG,13,00-0027696,J.Graham,TE,TE,CHI,9925,fd85786d-3900-4dc0-9b30-334ee30413ed,9712.0,5619.0,616.0,jimmygraham/497236,13232.0,24070.0,6610.0,1691166.0,GrahJi00,jimmy-graham-1,6532.0,5842.0,,24070.0,295918.0,11488.0,295918.0,Jimmy Graham,jimmy graham,1,1,1.0,1,0.0,0.0,0.0,1.0,1.0,1.1080115,1,0.0,0.025,0.0,0.0375,,,,,,,,,,,,,,,,,REG,CHI,ARI,Jimmy Graham,GrahJi00,0.0,0.0,0.0,118.7
2021,REG,13,00-0033217,M.Alie-Cox,TE,TE,IND,13246,8809c0dd-786b-4255-a7d0-333c9498c19a,16579.0,12078.0,4054.0,moalie-cox/2558832,2998565.0,30112.0,,2815925.0,AlieMo00,,12196.0,12221.0,195.0,30112.0,712506.0,18900.0,712506.0,Mo Alie-Cox,mo alie-cox,1,1,0.0,0,0.0,0.0,-1.0,1.0,0.0,-0.43432587,0,0.0,0.045454547,-0.0064935065,0.06363636,,,,,,,,,,,,,,,,,REG,IND,HOU,Mo Alie-Cox,AlieMo00,0.0,0.0,0.0,79.2
2021,REG,13,00-0034798,D.Smythe,TE,TE,MIA,13676,7e42a22a-c47b-4387-aeeb-2cc2e76dc1d8,17508.0,47257.0,5008.0,,3052897.0,31093.0,,2082845.0,SmytDu00,durham-smythe-1,12807.0,13249.0,,31093.0,749968.0,19943.0,749968.0,Durham Smythe,durham smythe,0,1,0.0,0,0.0,0.0,11.0,0.0,0.0,-0.58662206,0,0.0,0.024390243,0.039285716,0.064085364,,,,,,,,,,,,,,,,,REG,MIA,NYG,Durham Smythe,SmytDu00,0.0,0.0,0.0,39.6
2021,REG,13,00-0036510,K.Yeboah,TE,TE,NYJ,15339,990c2825-ca25-4da9-9966-269363a9bb91,22815.0,42196.0,7597.0,,4044144.0,33705.0,,2256993.0,YeboKe00,,15339.0,,,33705.0,0.0,,943843.0,Kenny Yeboah,kenny yeboah,0,1,0.0,0,0.0,0.0,15.0,0.0,0.0,-0.32398662,0,0.0,0.027777778,0.047468353,0.07489452,,,,,,,,,,,,,,,,,REG,NYJ,PHI,Kenny Yeboah,YeboKe00,0.0,1.0,1.0,39.6
2021,REG,14,00-0033288,G.Kittle,TE,TE,SF,13299,2ada91b0-036e-454f-83c3-6d939ff584a9,16499.0,11901.0,4217.0,,3040151.0,30259.0,,2818265.0,KittGe00,george-kittle-1,11892.0,12276.0,298.0,30259.0,733672.0,19063.0,733672.0,George Kittle,george kittle,13,15,151.0,1,0.0,0.0,138.0,57.0,8.0,9.80994,0,1.0942029,0.4054054,0.4181818,0.9008354,George Kittle,SF,6.47090909090909,3.2108039169572122,8.744,41.602436007231915,86.66666666666667,151.0,1.0,4.583846153846154,3.8641766560621282,0.7196694977840257,00-0033288,George,Kittle,G.Kittle,REG,SF,CIN,George Kittle,KittGe00,1.0,1.0,0.067,130.8
2021,REG,14,00-0034753,M.Andrews,TE,TE,BAL,13671,0618f387-9b72-4270-8b8f-dec4cccc9e4a,17269.0,47436.0,5012.0,,3116365.0,31056.0,,2131121.0,AndrMa00,mark-andrews-1,12559.0,13182.0,366.0,31056.0,820699.0,19803.0,820699.0,Mark Andrews,mark andrews,11,11,115.0,1,0.0,0.0,66.0,49.0,7.0,10.797585,0,1.7424242,0.275,0.21498372,0.5629886,Mark Andrews,BAL,7.6475,3.4096757033924536,5.861818181818182,20.791281075677944,100.0,115.0,1.0,5.141818181818182,3.2909857816914507,1.850832400126731,00-0034753,Mark,Andrews,M.Andrews,REG,BAL,CLE,Mark Andrews,AndrMa00,0.0,0.0,0.0,140.5
2021,REG,14,00-0027981,K.Rudolph,TE,TE,NYG,10312,1059e9dc-97df-4643-9116-883a0573d8b1,9906.0,6195.0,943.0,kylerudolph/2495438,14054.0,24830.0,7444.0,1633122.0,RudoKy00,kyle-rudolph-1,7246.0,6459.0,,24830.0,469472.0,13275.0,469472.0,Kyle Rudolph,kyle rudolph,2,2,66.0,0,0.0,0.0,23.0,43.0,2.0,6.2279263,0,2.8695652,0.05882353,0.07278481,0.13918465,,,,,,,,,,,,,,,,,REG,NYG,LAC,Kyle Rudolph,RudoKy00,0.0,0.0,0.0,118.7
2021,REG,14,00-0027656,R.Gronkowski,TE,TE,TB,9902,2142a164-48ad-47d6-bb27-0bc58c6b2e62,9721.0,5567.0,515.0,robgronkowski/497240,13229.0,24017.0,,1244303.0,GronRo00,rob-gronkowski-1,6443.0,5729.0,,24017.0,381091.0,10974.0,381091.0,Rob Gronkowski,rob gronkowski,5,9,62.0,0,0.0,0.0,113.0,48.0,2.0,1.0267768,0,0.54867256,0.19565217,0.32564843,0.52143216,Rob Gronkowski,TB,5.974,3.1306102177401645,11.162222222222223,30.010455563853622,55.55555555555556,62.0,0.0,9.82,10.687756189497668,-0.8677561894976673,00-0027656,Robert,Gronkowski,R.Gronkowski,REG,TB,BUF,Rob Gronkowski,GronRo00,1.0,0.0,0.0,77.1
2021,REG,14,00-0036970,K.Pitts,TE,TE,ATL,15329,1f3deb24-9ff8-4769-8f42-825eff7742f6,20164.0,83964.0,7553.0,,4360248.0,33392.0,,2964514.0,PittKy00,kyle-pitts-1,15265.0,,1051.0,33392.0,0.0,,1123026.0,Kyle Pitts,kyle pitts,5,6,61.0,0,0.0,0.0,62.0,25.0,3.0,5.342208,0,0.983871,0.22222222,0.2897196,0.53613704,Kyle Pitts,ATL,7.086,2.9538240051088653,10.468333333333335,29.986632292561826,83.33333333333334,61.0,0.0,5.045999999999998,5.113564385732661,-0.06756438573266355,00-0036970,Kyle,Pitts,K.Pitts,REG,ATL,CAR,Kyle Pitts,PittKy00,0.0,1.0,0.167,109.0
2021,REG,14,00-0035689,D.Knox,TE,TE,BUF,14143,5fb525c5-4e70-4ede-8c49-94ad0cf66b7d,18631.0,35883.0,5906.0,,3930086.0,31928.0,,2186345.0,KnoxDa00,dawson-knox-1,13466.0,13953.0,88.0,31928.0,884083.0,20850.0,884083.0,Dawson Knox,dawson knox,7,9,60.0,1,0.0,0.0,32.0,38.0,2.0,-0.07451476,0,1.875,0.1764706,0.11636364,0.34616044,Dawson Knox,BUF,3.9524999999999997,4.791198157436252,2.8855555555555545,8.623036823056745,77.77777777777779,60.0,1.0,5.982857142857144,5.943969428972358,0.038887713884785846,00-0035689,Dawson,Knox,D.Knox,REG,BUF,TB,Dawson Knox,KnoxDa00,0.0,0.0,0.0,91.9
2021,REG,14,00-0032134,C.Uzomah,TE,TE,CIN,12317,19858900-5c8e-49a7-ab02-34ef625724ca,14084.0,9590.0,2460.0,c.j.uzomah/2552559,2574576.0,28545.0,,2174118.0,UzomC.00,cj-uzomah-1,10462.0,10534.0,,28545.0,593305.0,16917.0,593305.0,C.J. Uzomah,cj uzomah,4,6,56.0,0,0.0,0.0,21.0,42.0,3.0,3.0396647,0,2.6666667,0.1764706,0.072164945,0.31522134,C.J. Uzomah,CIN,7.5625,4.391672661405367,3.3466666666666653,6.7561656741024825,66.66666666666666,56.0,0.0,10.815000000000003,6.429996900319907,4.385003099680096,00-0032134,Christopher,Uzomah,C.Uzomah,REG,CIN,SF,C.J. Uzomah,UzomC.00,1.0,1.0,0.167,96.5
2021,REG,14,00-0024243,M.Lewis,TE,TE,GB,8269,9c21e9af-681c-41ef-9b00-fbc9e1668ed1,9413.0,2973.0,111.0,marcedeslewis/2495888,9614.0,7777.0,4007.0,415313.0,LewiMa00,marcedes-lewis-1,4891.0,3615.0,,7777.0,214197.0,3061.0,214197.0,Marcedes Lewis,marcedes lewis,4,4,51.0,0,0.0,0.0,26.0,25.0,3.0,4.3277965,0,1.9615384,0.114285715,0.104417674,0.24452095,,,,,,,,,,,,,,,,,REG,GB,CHI,Marcedes Lewis,LewiMa00,0.0,0.0,0.0,118.7
2021,REG,14,00-0035644,N.Fant,TE,TE,DEN,14137,cdc98acc-9eb6-4b44-81bb-61d7b8a3b55f,17527.0,42388.0,5857.0,,4036131.0,31852.0,,2251095.0,FantNo00,noah-fant-1,13426.0,14050.0,243.0,31852.0,923911.0,20753.0,923911.0,Noah Fant,noah fant,4,4,51.0,0,0.0,0.0,42.0,9.0,2.0,2.80713,0,1.2142857,0.16,0.22580644,0.39806452,,,,,,,,,,,,,,,,,REG,DEN,DET,Noah Fant,FantNo00,0.0,0.0,0.0,118.7
2021,REG,14,00-0032141,G.Swaim,TE,TE,TEN,12378,d0f9112d-2496-450a-9fc5-d2d01b4d2454,14164.0,9679.0,2545.0,geoffswaim/2553454,3046704.0,28634.0,,2174207.0,SwaiGe00,geoff-swaim-1,10507.0,10617.0,,28634.0,728021.0,17005.0,728021.0,Geoff Swaim,geoff swaim,3,4,45.0,0,0.0,0.0,13.0,43.0,1.0,4.094325,0,3.4615386,0.13333334,0.0942029,0.26594204,,,,,,,,,,,,,,,,,REG,TEN,JAX,Geoff Swaim,SwaiGe00,0.0,0.0,0.0,111.5
2021,REG,14,00-0032394,N.Vannett,TE,TE,NO,12680,c731aa8a-778b-4ccd-a19f-517eb66f47b7,15645.0,10728.0,3258.0,,2576399.0,29328.0,,1871322.0,VannNi00,nick-vannett-1,10949.0,11329.0,,29328.0,606488.0,18019.0,606488.0,Nick Vannett,nick vannett,3,6,44.0,0,0.0,0.0,20.0,26.0,2.0,0.42347825,0,2.2,0.2857143,0.2173913,0.58074534,Nick Vannett,NO,6.695,2.811461225985674,3.3850000000000002,22.259973695747483,50.0,44.0,0.0,8.46,8.850657391333698,-0.39065739133369703,00-0032394,Nicholas,Vannett,N.Vannett,REG,NO,NYJ,Nick Vannett,VannNi00,0.0,1.0,0.167,74.3
2021,REG,14,00-0036332,J.Deguara,TE,TE,GB,14876,7874d188-0fcd-4af9-9289-27c27e2bbd16,19456.0,47034.0,7050.0,,3914151.0,32764.0,,2181108.0,DeguJo00,josiah-deguara-1,14629.0,,,32764.0,0.0,21798.0,866149.0,Josiah Deguara,josiah deguara,3,3,44.0,0,0.0,0.0,9.0,35.0,2.0,1.2221687,0,4.888889,0.08571429,0.036144577,0.15387264,,,,,,,,,,,,,,,,,REG,GB,CHI,Josiah Deguara,DeguJo00,0.0,0.0,0.0,118.7
2021,REG,14,00-0030061,Z.Ertz,TE,TE,ARI,11247,de3421f7-2147-4835-89a5-724e87bad463,11689.0,7816.0,1339.0,zachertz/2540158,15835.0,26658.0,,1685963.0,ErtzZa00,zach-ertz-1,8781.0,8409.0,305.0,26658.0,503177.0,14856.0,503177.0,Zach Ertz,zach ertz,5,7,42.0,0,0.0,0.0,41.0,9.0,2.0,-9.247447,0,1.0243902,0.14285715,0.08118812,0.2711174,Zach Ertz,ARI,6.154285714285714,3.4829516665682028,7.635714285714286,10.368574199806014,71.42857142857143,42.0,0.0,1.2479999999999998,1.685951602442924,-0.4379516024429242,00-0030061,Zachary,Ertz,Z.Ertz,REG,ARI,LA,Zach Ertz,ErtzZa00,0.0,0.0,0.0,47.0
2021,REG,14,00-0036423,A.Okwuegbunam,TE,TE,DEN,14873,617aee8a-70be-4bdf-9a71-2e2b74e647e6,18246.0,41933.0,6843.0,,4035115.0,32788.0,,2245117.0,OkwuAl00,albert-okwuegbunam-1,14369.0,,,32788.0,0.0,21794.0,920077.0,Albert Okwuegbunam,albert okwuegbunam,5,5,41.0,1,0.0,0.0,12.0,29.0,2.0,3.172429,0,3.4166667,0.2,0.06451613,0.3451613,Albert Okwuegbunam,DEN,6.3325000000000005,4.58997130743349,2.2400000000000007,6.2339975509295344,100.0,41.0,1.0,5.959999999999999,4.605164902009551,1.3548350979904482,00-0036423,Albert,Okwuegbunam,A.Okwuegbunam,REG,DEN,DET,Albert Okwuegbunam,OkwuAl00,2.0,0.0,0.0,140.4
2021,REG,14,00-0034159,W.Dissly,TE,TE,SEA,13763,383f4814-6836-4766-a297-fc063e8509cc,18049.0,30762.0,5010.0,,3127292.0,31090.0,,2139628.0,DissWi00,will-dissly-1,12986.0,13246.0,86.0,31090.0,837806.0,19950.0,837806.0,Will Dissly,will dissly,2,3,38.0,0,0.0,0.0,27.0,16.0,2.0,2.160369,0,1.4074074,0.10714286,0.07520892,0.21336052,,,,,,,,,,,,,,,,,REG,SEA,HOU,Will Dissly,DissWi00,0.0,0.0,0.0,109.7
2021,REG,14,00-0033455,A.Firkser,TE,TE,TEN,13919,b0719e3d-199b-46e5-a2b4-1091f6fd5c0d,16787.0,51837.0,4435.0,,3049698.0,30571.0,,2818971.0,FirkAn00,,12235.0,12691.0,,30571.0,767297.0,19296.0,767297.0,Anthony Firkser,anthony firkser,4,5,34.0,0,0.0,0.0,22.0,16.0,4.0,4.1070867,0,1.5454545,0.16666667,0.1594203,0.3615942,Anthony Firkser,TEN,7.625,3.9063365198405533,4.380000000000001,16.379955123410628,80.0,34.0,0.0,3.9499999999999993,3.690964097933829,0.2590359020661701,00-0033455,Anthony,Firkser,A.Firkser,REG,TEN,JAX,Anthony Firkser,FirkAn00,0.0,1.0,0.2,95.0
2021,REG,14,00-0036894,P.Freiermuth,TE,TE,PIT,15331,04f0fefe-9d9d-44f5-94ea-6df2a42df3c6,20163.0,84085.0,7600.0,,4361411.0,33443.0,,2961270.0,FreiPa00,pat-freiermuth-1,15267.0,,1053.0,33443.0,0.0,,1116662.0,Pat Freiermuth,pat freiermuth,2,3,32.0,1,0.0,0.0,27.0,17.0,2.0,-0.35970324,0,1.1851852,0.07692308,0.092150174,0.17988974,,,,,,,,,,,,,,,,,REG,PIT,MIN,Pat Freiermuth,FreiPa00,0.0,0.0,0.0,141.7
2021,REG,14,00-0032392,A.Hooper,TE,TE,CLE,12677,90c2a93f-d837-4e1b-b57c-56648903a8db,15581.0,10715.0,3202.0,,3043275.0,29315.0,,2067004.0,HoopAu00,austin-hooper-1,10748.0,11301.0,384.0,29315.0,739424.0,17963.0,739424.0,Austin Hooper,austin hooper,5,6,30.0,1,0.0,0.0,19.0,14.0,2.0,2.2141101,0,1.5789474,0.19354838,0.093596056,0.35583982,Austin Hooper,CLE,2.8249999999999997,2.855290772938581,3.7600000000000002,10.406384058305274,83.33333333333334,30.0,1.0,3.099999999999999,3.941020593917892,-0.841020593917893,00-0032392,Austin,Hooper,A.Hooper,REG,CLE,BAL,Austin Hooper,HoopAu00,0.0,1.0,0.167,127.1
2021,REG,14,00-0035603,K.Blanton,TE,TE,LA,14357,b5e95ece-3b71-439b-b7b4-ae102f9e7c08,18431.0,47311.0,6081.0,,3122103.0,32125.0,,2139213.0,BlanKe01,,13711.0,14322.0,,32125.0,835674.0,21032.0,835674.0,Kendall Blanton,kendall blanton,2,3,29.0,0,0.0,0.0,28.0,2.0,1.0,1.2770125,0,1.0357143,0.1,0.112,0.2284,,,,,,,,,,,,,,,,,REG,LA,ARI,Kendall Blanton,BlanKe01,0.0,1.0,0.333,97.9
2021,REG,14,00-0030108,R.Griffin,TE,TE,NYJ,11399,cb1df42c-b59c-4e23-a9a2-fbfc2b39ef71,11830.0,7982.0,1425.0,ryangriffin/2541316,15887.0,26824.0,,2057695.0,GrifRy00,ryan-griffin-1,8911.0,8600.0,,26824.0,465129.0,14985.0,465129.0,Ryan Griffin,ryan griffin,2,3,28.0,0,0.0,0.0,8.0,23.0,1.0,0.12092127,0,3.5,0.075,0.026845638,0.13129194,,,,,,,,,,,,,,,,,REG,NYJ,NO,Ryan Griffin,GrifRy00,0.0,0.0,0.0,96.5
2021,REG,14,00-0030506,T.Kelce,TE,TE,KC,11244,c3859e06-5f23-4302-a71b-04820a899d5f,11594.0,7844.0,1466.0,traviskelce/2540258,15847.0,26686.0,,1725130.0,KelcTr00,travis-kelce-1,8783.0,8411.0,264.0,26686.0,448240.0,15048.0,448240.0,Travis Kelce,travis kelce,3,4,27.0,0,0.0,0.0,21.0,15.0,3.0,0.71885246,0,1.2857143,0.18181819,0.16153847,0.3858042,,,,,,,,,,,,,,,,,REG,KC,LV,Travis Kelce,KelcTr00,0.0,0.0,0.0,92.7
2021,REG,14,00-0036556,B.Jordan,TE,TE,HOU,15330,8ffb5c07-4aa1-4796-b1ab-30c1ab0ccc4c,20162.0,77887.0,7568.0,,4362504.0,33535.0,,2964787.0,JordBr00,brevin-jordan-1,15369.0,,1052.0,33535.0,0.0,,1121871.0,Brevin Jordan,brevin jordan,4,7,26.0,1,0.0,0.0,38.0,11.0,2.0,-3.9692101,0,0.68421054,0.14583333,0.14393939,0.31950757,Brevin Jordan,HOU,6.035,5.776550732282938,7.177142857142856,18.092768654566406,57.14285714285714,26.0,1.0,2.865000000000002,3.1461382070250465,-0.28113820702504455,00-0036556,Brevin,Jordan,B.Jordan,REG,HOU,SEA,Brevin Jordan,JordBr00,0.0,0.0,0.0,104.8
2021,REG,14,00-0037005,T.Tremble,TE,TE,CAR,15332,cbee2fd3-e5f2-4316-bffd-531f1873f032,22795.0,84025.0,7694.0,,4372780.0,33471.0,,2969027.0,TremTo00,tommy-tremble-1,15371.0,,1054.0,33471.0,0.0,,1130555.0,Tommy Tremble,tommy tremble,2,2,23.0,0,0.0,0.0,11.0,12.0,1.0,2.3251424,0,2.090909,0.057142857,0.035947714,0.110877685,,,,,,,,,,,,,,,,,REG,CAR,ATL,Tommy Tremble,TremTo00,0.0,0.0,0.0,114.6
2021,REG,14,00-0031951,J.O'Shaughnessy,TE,TE,JAX,12330,e5c6b0d4-3e77-422b-a6d8-574a10ed385e,14146.0,9606.0,2476.0,,2508079.0,28561.0,,2174148.0,O'ShJa00,,10249.0,10549.0,,28561.0,552352.0,16933.0,552352.0,James O'Shaughnessy,james oshaughnessy,4,6,21.0,0,0.0,0.0,21.0,29.0,0.0,-0.6856666,0,1.0,0.16216215,0.07023411,0.29240713,James O'Shaughnessy,JAX,8.2725,5.250997798337292,3.03,6.357310207364408,66.66666666666666,21.0,0.0,7.625,10.407124206617027,-2.782124206617027,00-0031951,James,O'Shaughnessy,J.O'Shaughnessy,REG,JAX,TEN,James O'Shaughnessy,O'ShJa00,0.0,0.0,0.0,72.2
2021,REG,14,00-0034270,T.Conklin,TE,TE,MIN,13675,f0d17dfa-ebf3-416c-a8d2-c6bc30675103,17598.0,47327.0,5133.0,,3915486.0,31220.0,,2165249.0,ConkTy00,tyler-conklin-1,12809.0,13220.0,489.0,31127.0,861278.0,19988.0,861278.0,Tyler Conklin,tyler conklin,2,2,20.0,0,0.0,0.0,7.0,13.0,0.0,1.0945265,0,2.857143,0.06451613,0.02017291,0.11089523,,,,,,,,,,,,,,,,,REG,MIN,PIT,Tyler Conklin,ConkTy00,0.0,0.0,0.0,108.3
2021,REG,14,00-0036754,B.Wright,TE,TE,DET,15626,8f182089-7730-499e-8f2e-87bda32debfb,23341.0,60994.0,7891.0,,4242392.0,33774.0,,2807423.0,WrigBr01,,15681.0,,1162.0,33774.0,0.0,,978120.0,Brock Wright,brock wright,3,5,20.0,0,0.0,0.0,12.0,20.0,1.0,-5.590497,0,1.6666666,0.13157895,0.042857144,0.22736841,Brock Wright,DET,6.978,3.5762188275860742,3.95,6.285005091649692,60.0,20.0,0.0,6.8266666666666636,10.023071271581406,-3.1964046049147425,00-0036754,Brock,Wright,B.Wright,REG,DET,DEN,Brock Wright,WrigBr01,0.0,0.0,0.0,29.2
2021,REG,14,00-0036628,J.Bates,TE,TE,WAS,15344,3208880b-949f-4926-85eb-1940770550ea,22833.0,42275.0,7716.0,,4048228.0,33512.0,,2257291.0,BateJo00,john-bates-1,15289.0,,,33512.0,0.0,,944038.0,John Bates,john bates,1,2,19.0,0,0.0,0.0,0.0,24.0,1.0,0.93532103,0,0.0,0.060606062,0.0,0.09090909,,,,,,,,,,,,,,,,,REG,WAS,DAL,John Bates,BateJo00,0.0,0.0,0.0,83.3
2021,REG,14,00-0036534,S.Zylstra,TE,TE,DET,15604,0cafaac9-20fb-4e5a-9362-158d8a4e7904,23461.0,,8041.0,,4608362.0,33803.0,,2668830.0,ZylsSh00,,15701.0,,,33803.0,0.0,,1284247.0,Shane Zylstra,shane zylstra,2,6,18.0,0,0.0,0.0,27.0,1.0,1.0,-6.3612432,0,0.6666667,0.15789473,0.09642857,0.3043421,Shane Zylstra,DET,6.753333333333333,1.8183743300318052,8.973333333333334,17.13340122199592,33.33333333333333,18.0,0.0,0.19500000000000028,2.3165792639044867,-2.1215792639044864,00-0036534,Shane,Zylstra,S.Zylstra,REG,DET,DEN,Shane Zylstra,ZylsSh00,0.0,0.0,0.0,42.4
2021,REG,14,00-0034766,C.Herndon,TE,TE,MIN,13679,780a48de-d092-4e87-9c34-8d1b45a154cc,17536.0,47164.0,5009.0,,3123050.0,31077.0,,2136463.0,HernCh00,christopher-herndon-iv-1,12899.0,13228.0,,31077.0,832080.0,19947.0,832080.0,Chris Herndon,chris herndon,1,1,17.0,0,0.0,0.0,10.0,7.0,1.0,1.3949828,0,1.7,0.032258064,0.028818443,0.068560004,,,,,,,,,,,,,,,,,REG,MIN,PIT,Chris Herndon,HernCh00,0.0,0.0,0.0,118.7
2021,REG,14,00-0036290,C.Kmet,TE,TE,CHI,14867,036feeb6-9a22-43c5-a8e3-7ac611d8ff49,19229.0,60995.0,6826.0,,4258595.0,32713.0,,2868619.0,KmetCo00,cole-kmet-1,14436.0,,569.0,32713.0,0.0,21772.0,1066765.0,Cole Kmet,cole kmet,3,5,17.0,0,0.0,0.0,19.0,11.0,0.0,-3.0989628,0,0.8947368,0.15625,0.07692308,0.28822115,Cole Kmet,CHI,4.4825,1.9962888860281751,4.087999999999999,8.52092713023178,60.0,17.0,0.0,3.5499999999999994,2.8043889716268495,0.7456110283731499,00-0036290,Cole,Kmet,C.Kmet,REG,CHI,GB,Cole Kmet,KmetCo00,0.0,0.0,0.0,66.2
2021,REG,14,00-0033895,G.Everett,TE,TE,SEA,13236,ebeceb00-57e0-4b74-9cf7-853da2afed18,16459.0,11799.0,4089.0,,3918639.0,30157.0,,2142692.0,EverGe00,gerald-everett-1,11737.0,12284.0,55.0,30157.0,838487.0,18935.0,838487.0,Gerald Everett,gerald everett,2,2,15.0,1,0.0,0.0,10.0,5.0,2.0,3.4558885,0,1.5,0.071428575,0.027855154,0.12664147,,,,,,,,,,,,,,,,,REG,SEA,HOU,Gerald Everett,EverGe00,0.0,0.0,0.0,137.5
2021,REG,14,00-0036040,J.Johnson,TE,TE,NO,14861,0226b03b-f91d-4223-9813-9fcd2e9c3acc,19562.0,28305.0,7002.0,,3929645.0,33113.0,,2186637.0,JohnJu02,,14630.0,,575.0,33113.0,0.0,21738.0,884609.0,Juwan Johnson,juwan johnson,1,1,15.0,0,0.0,0.0,6.0,9.0,1.0,1.3445978,0,2.5,0.04761905,0.06521739,0.11708075,,,,,,,,,,,,,,,,,REG,NO,NYJ,Juwan Johnson,JohnJu02,0.0,0.0,0.0,118.7
2021,REG,14,00-0035631,D.Sample,TE,TE,CIN,14146,15a4f552-ecaf-45bd-9006-aa5dda93bee6,18561.0,47259.0,6001.0,,3127310.0,31884.0,,2139646.0,SampDr00,drew-sample-1,13809.0,14111.0,435.0,31884.0,837824.0,20931.0,837824.0,Drew Sample,drew sample,1,1,14.0,0,0.0,0.0,1.0,13.0,1.0,0.8961031,0,14.0,0.029411765,0.0034364262,0.046523146,,,,,,,,,,,,,,,,,REG,CIN,SF,Drew Sample,SampDr00,0.0,0.0,0.0,118.7
2021,REG,14,00-0034981,F.Moreau,TE,TE,LV,14239,9c3a67fd-5c6e-4689-9e08-9ff6d4db6c9a,18397.0,47043.0,5985.0,,3843945.0,31969.0,,2180634.0,MoreFo00,foster-moreau-1,13822.0,14154.0,179.0,31969.0,865573.0,20884.0,865573.0,Foster Moreau,foster moreau,3,6,13.0,0,0.0,0.0,33.0,11.0,1.0,-5.368791,0,0.3939394,0.13953489,0.17553191,0.33217466,Foster Moreau,LV,7.473333333333334,4.91748525491585,5.558333333333333,17.27979274611399,50.0,13.0,0.0,3.8033333333333323,4.088446327049799,-0.2851129937164667,00-0034981,Foster,Moreau,F.Moreau,REG,LV,KC,Foster Moreau,MoreFo00,1.0,2.0,0.333,16.7
2021,REG,14,00-0035329,D.Parham,TE,TE,LAC,14341,4f246e92-3d21-450f-977a-dc16892c7238,18835.0,91014.0,6074.0,,3912092.0,32456.0,,2183713.0,ParhDo00,,13602.0,14320.0,,32456.0,875649.0,20905.0,875649.0,Donald Parham,donald parham,2,2,13.0,0,0.0,0.0,9.0,4.0,1.0,0.83820915,0,1.4444444,0.06666667,0.039473683,0.12763157,,,,,,,,,,,,,,,,,REG,LAC,NYG,Donald Parham,ParhDo00,0.0,0.0,0.0,93.7
2021,REG,14,00-0028097,L.Smith,TE,TE,ATL,10398,cf23126f-055b-4617-819b-bb4bcb84541a,9992.0,6311.0,812.0,leesmith/2495347,14215.0,24946.0,7585.0,1276441.0,SmitLe00,lee-smith-2,7425.0,6665.0,,24946.0,334184.0,12777.0,334184.0,Lee Smith,lee smith,1,1,12.0,0,0.0,0.0,2.0,10.0,1.0,0.8054354,0,6.0,0.037037037,0.009345794,0.062097613,,,,,,,,,,,,,,,,,REG,ATL,CAR,Lee Smith,SmitLe00,0.0,0.0,0.0,116.7
2021,REG,14,00-0031273,C.Brate,TE,TE,TB,12110,5afe93fd-0caf-4cca-83fc-7f405bebfa3e,13470.0,9207.0,2214.0,,17453.0,28267.0,,2132787.0,BratCa00,,10008.0,10193.0,,28267.0,552926.0,16593.0,552926.0,Cameron Brate,cameron brate,2,4,11.0,0,0.0,0.0,20.0,0.0,0.0,-3.2545693,0,0.55,0.08695652,0.057636887,0.1707806,,,,,,,,,,,,,,,,,REG,TB,BUF,Cameron Brate,BratCa00,0.0,0.0,0.0,56.2
2021,REG,14,00-0032725,S.Anderson,TE,TE,LAC,12859,5cb0bf9c-03b4-4201-97c5-a59c6db50841,15760.0,11160.0,3496.0,,2576854.0,29789.0,,1880821.0,AndeSt01,,10885.0,11556.0,,29789.0,607660.0,18262.0,607660.0,Stephen Anderson,stephen anderson,1,1,11.0,0,0.0,0.0,1.0,10.0,1.0,1.3918929,0,11.0,0.033333335,0.004385965,0.053070176,,,,,,,,,,,,,,,,,REG,LAC,NYG,Stephen Anderson,AndeSt01,0.0,0.0,0.0,112.5
2021,REG,14,00-0027696,J.Graham,TE,TE,CHI,9925,fd85786d-3900-4dc0-9b30-334ee30413ed,9712.0,5619.0,616.0,jimmygraham/497236,13232.0,24070.0,6610.0,1691166.0,GrahJi00,jimmy-graham-1,6532.0,5842.0,,24070.0,295918.0,11488.0,295918.0,Jimmy Graham,jimmy graham,2,3,9.0,0,0.0,0.0,8.0,10.0,0.0,-1.487586,0,1.125,0.09375,0.032388665,0.16329707,,,,,,,,,,,,,,,,,REG,CHI,GB,Jimmy Graham,GrahJi00,0.0,0.0,0.0,70.1
2021,REG,14,00-0027061,J.Cook,TE,TE,LAC,9474,3b7a1409-d154-4e5c-8c94-9d4a0e0993c7,9265.0,5012.0,367.0,jaredcook/71265,12537.0,9353.0,6126.0,584314.0,CookJa02,jared-cook-2,5981.0,5165.0,,9353.0,296480.0,8534.0,296480.0,Jared Cook,jared cook,2,5,8.0,1,0.0,0.0,26.0,0.0,2.0,0.055780306,0,0.30769232,0.16666667,0.114035085,0.32982457,Jared Cook,LAC,3.9899999999999998,1.2071859640341907,8.973999999999998,17.863683414284576,40.0,8.0,1.0,-0.02999999999999936,0.3280946498312005,-0.3580946498311999,00-0027061,Jared,Cook,J.Cook,REG,LAC,NYG,Jared Cook,CookJa02,0.0,0.0,0.0,87.5
2021,REG,14,00-0033611,R.Seals-Jones,TE,TE,WAS,13382,52735659-a294-4f64-a7f4-3591450834e5,16730.0,12020.0,4531.0,,3051806.0,30494.0,,2080003.0,SealRi00,,11876.0,12463.0,,30494.0,744568.0,19410.0,744568.0,Ricky Seals-Jones,ricky seals-jones,1,4,8.0,0,0.0,0.0,17.0,6.0,0.0,-2.7780719,0,0.47058824,0.121212125,0.04857143,0.21581818,,,,,,,,,,,,,,,,,REG,WAS,DAL,Ricky Seals-Jones,SealRi00,0.0,1.0,0.25,39.6
2021,REG,14,00-0033881,E.Engram,TE,TE,NYG,13189,e21365af-8d66-416e-b0a5-8816d18fcfd9,16411.0,11778.0,4066.0,,3051876.0,30136.0,,2079887.0,EngrEv00,evan-engram-1,11805.0,12205.0,229.0,30136.0,749185.0,18912.0,749185.0,Evan Engram,evan engram,1,4,8.0,0,0.0,0.0,49.0,2.0,0.0,-1.4681435,0,0.1632653,0.11764706,0.15506329,0.2850149,,,,,,,,,,,,,,,,,REG,NYG,LAC,Evan Engram,EngrEv00,0.0,1.0,0.25,39.6
2021,REG,14,00-0033421,A.Auclair,TE,TE,HOU,13445,d6647491-8a3c-4f9f-999c-823823bd478d,16501.0,24606.0,4468.0,,4081127.0,30468.0,,2819226.0,AuclAn00,,12230.0,12603.0,,30468.0,1050026.0,19335.0,1050026.0,Antony Auclair,antony auclair,1,1,6.0,0,0.0,0.0,0.0,6.0,0.0,0.19014107,0,0.0,0.020833334,0.0,0.03125,,,,,,,,,,,,,,,,,REG,HOU,SEA,Antony Auclair,AuclAn00,0.0,0.0,0.0,91.7
2021,REG,14,00-0034364,J.Akins,TE,TE,HOU,13753,0cb5a32a-a340-4671-ba2a-93f5fa6aee8d,17415.0,47050.0,5032.0,,3128452.0,31068.0,,2142712.0,AkinJo00,jordan-akins-1,12568.0,13238.0,,31068.0,838396.0,19903.0,838396.0,Jordan Akins,jordan akins,1,1,6.0,0,0.0,0.0,5.0,1.0,1.0,0.47877392,0,1.2,0.020833334,0.018939395,0.044507574,,,,,,,,,,,,,,,,,REG,HOU,SEA,Jordan Akins,AkinJo00,0.0,0.0,0.0,91.7
2021,REG,14,00-0035249,J.Oliver,TE,TE,BAL,14209,dc83f7af-7b30-4c4a-9c93-f67bd8db954b,18487.0,47083.0,5973.0,,3921690.0,31901.0,,2184618.0,OlivJo00,josh-oliver-1,13786.0,14127.0,7.0,31901.0,881779.0,20899.0,881779.0,Josh Oliver,josh oliver,1,1,6.0,0,0.0,0.0,6.0,0.0,0.0,0.2647416,0,1.0,0.025,0.019543974,0.05118078,,,,,,,,,,,,,,,,,REG,BAL,CLE,Josh Oliver,OlivJo00,0.0,0.0,0.0,91.7
2021,REG,14,00-0031585,M.Pruitt,TE,TE,TEN,12309,f22b34cf-6ecf-4522-9c77-1da275dfda7d,13964.0,9576.0,2446.0,,2508256.0,28531.0,,1760327.0,PruiMy00,,10251.0,10522.0,,28531.0,552586.0,16903.0,552586.0,MyCole Pruitt,mycole pruitt,1,3,5.0,0,0.0,0.0,30.0,3.0,0.0,-1.2109654,0,0.16666667,0.1,0.2173913,0.3021739,,,,,,,,,,,,,,,,,REG,TEN,JAX,MyCole Pruitt,PruiMy00,0.0,0.0,0.0,42.4
2021,REG,14,00-0034383,D.Schultz,TE,TE,DAL,13772,8caec1b4-e0b6-4a84-b8c8-617d6e91ef6a,17349.0,47304.0,5001.0,,3117256.0,31107.0,,2136748.0,SchuDa00,dalton-schultz-1,12514.0,13198.0,487.0,31107.0,830523.0,19920.0,830523.0,Dalton Schultz,dalton schultz,1,3,4.0,0,0.0,0.0,15.0,0.0,0.0,-8.163718,0,0.26666668,0.07692308,0.061728396,0.15859449,,,,,,,,,,,,,,,,,REG,DAL,WAS,Dalton Schultz,SchuDa00,0.0,0.0,0.0,2.8
2021,REG,14,00-0034830,H.Hurst,TE,TE,ATL,13680,1b125fc4-5dd9-4eb9-a42f-048e61ca42b7,17283.0,47294.0,4973.0,,3924365.0,30995.0,,2185053.0,HursHa00,hayden-hurst-1,12467.0,13098.0,8.0,30995.0,881956.0,19843.0,881956.0,Hayden Hurst,hayden hurst,1,1,3.0,1,0.0,0.0,3.0,0.0,1.0,0.93782794,0,1.0,0.037037037,0.014018691,0.06536864,,,,,,,,,,,,,,,,,REG,ATL,CAR,Hayden Hurst,HursHa00,0.0,0.0,0.0,118.7
2021,REG,14,00-0034365,I.Thomas,TE,TE,CAR,13678,ed8a8fd2-df67-45e7-a34f-984afb82f6ea,17387.0,42130.0,4995.0,,4045305.0,31071.0,,2253359.0,ThomIa00,ian-thomas-3,12858.0,13163.0,323.0,31071.0,943093.0,19910.0,943093.0,Ian Thomas,ian thomas,0,2,0.0,0,0.0,0.0,10.0,0.0,0.0,-1.9775867,0,0.0,0.057142857,0.03267974,0.1085901,,,,,,,,,,,,,,,,,REG,CAR,ATL,Ian Thomas,ThomIa00,0.0,1.0,0.5,39.6
2021,REG,14,00-0035345,C.Myarick,TE,TE,NYG,15620,002adaa8-5dc2-4b4b-95bc-53a38dce3849,19098.0,47358.0,6529.0,,3138744.0,32442.0,,3117054.0,,,14282.0,,,32442.0,0.0,21531.0,838318.0,Chris Myarick,chris myarick,0,1,0.0,0,0.0,0.0,0.0,0.0,0.0,-0.55659044,0,,0.029411765,0.0,0.04411765,,,,,,,,,,,,,,,,,,,,,,,,,
2021,REG,15,00-0030506,T.Kelce,TE,TE,KC,11244,c3859e06-5f23-4302-a71b-04820a899d5f,11594.0,7844.0,1466.0,traviskelce/2540258,15847.0,26686.0,,1725130.0,KelcTr00,travis-kelce-1,8783.0,8411.0,264.0,26686.0,448240.0,15048.0,448240.0,Travis Kelce,travis kelce,10,13,191.0,2,0.0,0.0,105.0,104.0,7.0,15.500674,0,1.8190476,0.2888889,0.37366548,0.69489914,Travis Kelce,KC,4.681111111111111,3.2270838762891287,7.609230769230768,33.95345644264433,76.92307692307693,191.0,2.0,10.493,4.562421148908162,5.9305788510918385,00-0030506,Travis,Kelce,T.Kelce,REG,KC,LAC,Travis Kelce,KelcTr00,0.0,0.0,0.0,157.9
2021,REG,15,00-0034753,M.Andrews,TE,TE,BAL,13671,0618f387-9b72-4270-8b8f-dec4cccc9e4a,17269.0,47436.0,5012.0,,3116365.0,31056.0,,2131121.0,AndrMa00,mark-andrews-1,12559.0,13182.0,366.0,31056.0,820699.0,19803.0,820699.0,Mark Andrews,mark andrews,10,13,136.0,2,0.0,0.0,129.0,58.0,10.0,16.070866,0,1.0542636,0.33333334,0.5308642,0.8716049,Mark Andrews,BAL,4.396666666666667,2.451408022681647,10.085384615384616,51.170868784638216,76.92307692307693,136.0,2.0,6.571,1.988986128393242,4.582013871606758,00-0034753,Mark,Andrews,M.Andrews,REG,BAL,GB,Mark Andrews,AndrMa00,1.0,0.0,0.0,149.4
2021,REG,15,00-0034351,D.Goedert,TE,TE,PHI,13674,e8029983-87cf-49a2-bc04-04c8233a0630,17270.0,47272.0,5022.0,,3121023.0,31019.0,,2132551.0,GoedDa00,,12860.0,13151.0,382.0,31019.0,791365.0,19863.0,791365.0,Dallas Goedert,dallas goedert,7,9,135.0,0,0.0,0.0,100.0,36.0,6.0,5.7624316,0,1.35,0.34615386,0.42553192,0.8171031,Dallas Goedert,PHI,6.668571428571428,3.6029881125458374,10.129999999999999,37.72187512929786,77.77777777777779,135.0,0.0,5.9542857142857155,3.399091164057024,2.5551945502286917,00-0034351,Dallas,Goedert,D.Goedert,REG,PHI,WAS,Dallas Goedert,GoedDa00,1.0,2.0,0.222,79.2
2021,REG,15,00-0033288,G.Kittle,TE,TE,SF,13299,2ada91b0-036e-454f-83c3-6d939ff584a9,16499.0,11901.0,4217.0,,3040151.0,30259.0,,2818265.0,KittGe00,george-kittle-1,11892.0,12276.0,298.0,30259.0,733672.0,19063.0,733672.0,George Kittle,george kittle,6,6,93.0,0,0.0,0.0,50.0,43.0,4.0,6.9567,0,1.86,0.25,0.34013605,0.6130952,George Kittle,SF,3.75,4.054356633347948,7.619999999999998,31.918458531136558,100.0,93.0,0.0,7.880000000000002,4.768048430996676,3.1119515690033257,00-0033288,George,Kittle,G.Kittle,REG,SF,ATL,George Kittle,KittGe00,1.0,0.0,0.0,118.7
2021,REG,15,00-0033090,H.Henry,TE,TE,NE,12676,705899da-3c20-4bc3-b5d0-2e6e40655131,15561.0,10669.0,3214.0,,3046439.0,29269.0,,2079848.0,HenrHu00,hunter-henry-1,10735.0,11299.0,212.0,29269.0,744425.0,17975.0,744425.0,Hunter Henry,hunter henry,6,8,77.0,2,0.0,0.0,78.0,15.0,6.0,4.645926,0,0.98717946,0.18181819,0.16774194,0.3901466,Hunter Henry,NE,5.5371428571428565,2.3967722727819605,10.851249999999999,18.563027905484866,75.0,77.0,2.0,2.8816666666666664,2.040900811086715,0.8407658555799515,00-0033090,Hunter,Henry,H.Henry,REG,NE,IND,Hunter Henry,HenrHu00,0.0,0.0,0.0,104.7
2021,REG,15,00-0036970,K.Pitts,TE,TE,ATL,15329,1f3deb24-9ff8-4769-8f42-825eff7742f6,20164.0,83964.0,7553.0,,4360248.0,33392.0,,2964514.0,PittKy00,kyle-pitts-1,15265.0,,1051.0,33392.0,0.0,,1123026.0,Kyle Pitts,kyle pitts,4,7,77.0,0,0.0,0.0,89.0,29.0,3.0,0.60905683,0,0.8651685,0.23333333,0.34362933,0.5905405,Kyle Pitts,ATL,6.268,2.315365149097635,11.774285714285712,29.240429985454284,57.14285714285714,77.0,0.0,8.365,3.202717851940122,5.162282148059878,00-0036970,Kyle,Pitts,K.Pitts,REG,ATL,SF,Kyle Pitts,PittKy00,1.0,2.0,0.286,95.5
2021,REG,15,00-0030061,Z.Ertz,TE,TE,ARI,11247,de3421f7-2147-4835-89a5-724e87bad463,11689.0,7816.0,1339.0,zachertz/2540158,15835.0,26658.0,,1685963.0,ErtzZa00,zach-ertz-1,8781.0,8409.0,305.0,26658.0,503177.0,14856.0,503177.0,Zach Ertz,zach ertz,6,11,74.0,0,0.0,0.0,102.0,26.0,4.0,1.5279353,0,0.7254902,0.22916667,0.3227848,0.56969935,Zach Ertz,ARI,5.165555555555555,2.728202788199253,8.607272727272727,28.65790907439918,54.54545454545454,74.0,0.0,5.213333333333334,5.630823693902869,-0.41749036056953504,00-0030061,Zachary,Ertz,Z.Ertz,REG,ARI,DET,Zach Ertz,ErtzZa00,0.0,1.0,0.091,75.6
2021,REG,15,00-0036290,C.Kmet,TE,TE,CHI,14867,036feeb6-9a22-43c5-a8e3-7ac611d8ff49,19229.0,60995.0,6826.0,,4258595.0,32713.0,,2868619.0,KmetCo00,cole-kmet-1,14436.0,,569.0,32713.0,0.0,21772.0,1066765.0,Cole Kmet,cole kmet,6,9,71.0,0,0.0,0.0,60.0,32.0,1.0,-0.9328738,0,1.1833333,0.25,0.21818182,0.52772725,Cole Kmet,CHI,10.0275,4.482966368531189,6.7266666666666675,22.002544066872616,66.66666666666666,71.0,0.0,6.139999999999997,6.082358972294098,0.057641027705899184,00-0036290,Cole,Kmet,C.Kmet,REG,CHI,MIN,Cole Kmet,KmetCo00,0.0,2.0,0.222,90.5
2021,REG,15,00-0034383,D.Schultz,TE,TE,DAL,13772,8caec1b4-e0b6-4a84-b8c8-617d6e91ef6a,17349.0,47304.0,5001.0,,3117256.0,31107.0,,2136748.0,SchuDa00,dalton-schultz-1,12514.0,13198.0,487.0,31107.0,830523.0,19920.0,830523.0,Dalton Schultz,dalton schultz,8,8,67.0,1,0.0,0.0,52.0,15.0,4.0,4.9587374,0,1.2884616,0.21621622,0.2290749,0.48467675,Dalton Schultz,DAL,3.9233333333333333,2.7336078131363126,7.45125,26.065853338580613,100.0,67.0,1.0,1.9937500000000008,1.9186683476490742,0.07508165235092656,00-0034383,Dalton,Schultz,D.Schultz,REG,DAL,NYG,Dalton Schultz,SchuDa00,0.0,0.0,0.0,141.1
2021,REG,15,00-0034981,F.Moreau,TE,TE,LV,14239,9c3a67fd-5c6e-4689-9e08-9ff6d4db6c9a,18397.0,47043.0,5985.0,,3843945.0,31969.0,,2180634.0,MoreFo00,foster-moreau-1,13822.0,14154.0,179.0,31969.0,865573.0,20884.0,865573.0,Foster Moreau,foster moreau,7,9,65.0,0,0.0,0.0,23.0,51.0,2.0,1.2670804,0,2.826087,0.25,0.07076923,0.42453846,Foster Moreau,LV,7.989999999999999,5.457060599851138,2.4522222222222205,6.897090534079184,77.77777777777779,65.0,0.0,7.550000000000002,7.752470543541465,-0.20247054354146332,00-0034981,Foster,Moreau,F.Moreau,REG,LV,CLE,Foster Moreau,MoreFo00,1.0,1.0,0.111,96.8
2021,REG,15,00-0031951,J.O'Shaughnessy,TE,TE,JAX,12330,e5c6b0d4-3e77-422b-a6d8-574a10ed385e,14146.0,9606.0,2476.0,,2508079.0,28561.0,,2174148.0,O'ShJa00,,10249.0,10549.0,,28561.0,552352.0,16933.0,552352.0,James O'Shaughnessy,james oshaughnessy,4,4,60.0,0,0.0,0.0,29.0,31.0,3.0,1.1101024,0,2.0689654,0.11111111,0.12236287,0.25232068,,,,,,,,,,,,,,,,,REG,JAX,HOU,James O'Shaughnessy,O'ShJa00,1.0,0.0,0.0,118.7
2021,REG,15,00-0033895,G.Everett,TE,TE,SEA,13236,ebeceb00-57e0-4b74-9cf7-853da2afed18,16459.0,11799.0,4089.0,,3918639.0,30157.0,,2142692.0,EverGe00,gerald-everett-1,11737.0,12284.0,55.0,30157.0,838487.0,18935.0,838487.0,Gerald Everett,gerald everett,4,4,60.0,0,0.0,0.0,50.0,10.0,2.0,3.4200003,0,1.2,0.14285715,0.13368984,0.3078686,,,,,,,,,,,,,,,,,REG,SEA,LA,Gerald Everett,EverGe00,0.0,0.0,0.0,118.7
2021,REG,15,00-0036423,A.Okwuegbunam,TE,TE,DEN,14873,617aee8a-70be-4bdf-9a71-2e2b74e647e6,18246.0,41933.0,6843.0,,4035115.0,32788.0,,2245117.0,OkwuAl00,albert-okwuegbunam-1,14369.0,,,32788.0,0.0,21794.0,920077.0,Albert Okwuegbunam,albert okwuegbunam,3,4,58.0,0,0.0,0.0,24.0,41.0,3.0,5.351768,0,2.4166667,0.125,0.07272727,0.23840909,,,,,,,,,,,,,,,,,REG,DEN,CIN,Albert Okwuegbunam,OkwuAl00,1.0,1.0,0.25,116.7
2021,REG,15,00-0035644,N.Fant,TE,TE,DEN,14137,cdc98acc-9eb6-4b44-81bb-61d7b8a3b55f,17527.0,42388.0,5857.0,,4036131.0,31852.0,,2251095.0,FantNo00,noah-fant-1,13426.0,14050.0,243.0,31852.0,923911.0,20753.0,923911.0,Noah Fant,noah fant,5,6,57.0,0,0.0,0.0,16.0,46.0,2.0,0.15052186,0,3.5625,0.1875,0.048484847,0.3151894,Noah Fant,DEN,8.578333333333333,6.190525976502339,2.4850000000000017,4.769978885405339,83.33333333333334,57.0,0.0,9.503999999999998,7.982706433591465,1.5212935664085325,00-0035644,Noah,Fant,N.Fant,REG,DEN,CIN,Noah Fant,FantNo00,1.0,0.0,0.0,106.2
2021,REG,15,00-0034829,M.Gesicki,TE,TE,MIA,13672,1012cbe0-7eba-4169-bfca-183a0204e1a7,17272.0,47153.0,4993.0,,3116164.0,31012.0,,2139298.0,GesiMi00,mike-gesicki-1,12764.0,13104.0,330.0,31012.0,836152.0,19853.0,836152.0,Mike Gesicki,mike gesicki,5,8,43.0,0,0.0,0.0,67.0,22.0,2.0,-3.6388674,0,0.64179105,0.30769232,0.2627451,0.64546,Mike Gesicki,MIA,5.8100000000000005,2.8633009659841733,7.483749999999999,23.92216406281216,62.5,43.0,0.0,5.276000000000002,4.60138551597097,0.674614484029032,00-0034829,Michael,Gesicki,M.Gesicki,REG,MIA,NYJ,Mike Gesicki,GesiMi00,0.0,0.0,0.0,37.0
2021,REG,15,00-0024243,M.Lewis,TE,TE,GB,8269,9c21e9af-681c-41ef-9b00-fbc9e1668ed1,9413.0,2973.0,111.0,marcedeslewis/2495888,9614.0,7777.0,4007.0,415313.0,LewiMa00,marcedes-lewis-1,4891.0,3615.0,,7777.0,214197.0,3061.0,214197.0,Marcedes Lewis,marcedes lewis,3,3,40.0,0,0.0,0.0,7.0,33.0,2.0,2.7368646,0,5.714286,0.09677419,0.024475524,0.16229416,,,,,,,,,,,,,,,,,REG,GB,BAL,Marcedes Lewis,LewiMa00,3.0,0.0,0.0,118.7
2021,REG,15,00-0030108,R.Griffin,TE,TE,NYJ,11399,cb1df42c-b59c-4e23-a9a2-fbfc2b39ef71,11830.0,7982.0,1425.0,ryangriffin/2541316,15887.0,26824.0,,2057695.0,GrifRy00,ryan-griffin-1,8911.0,8600.0,,26824.0,465129.0,14985.0,465129.0,Ryan Griffin,ryan griffin,2,2,39.0,0,0.0,0.0,9.0,30.0,2.0,2.97727,0,4.3333335,0.09090909,0.08108108,0.19312039,,,,,,,,,,,,,,,,,REG,NYJ,MIA,Ryan Griffin,GrifRy00,0.0,0.0,0.0,118.7
2021,REG,15,00-0035689,D.Knox,TE,TE,BUF,14143,5fb525c5-4e70-4ede-8c49-94ad0cf66b7d,18631.0,35883.0,5906.0,,3930086.0,31928.0,,2186345.0,KnoxDa00,dawson-knox-1,13466.0,13953.0,88.0,31928.0,884083.0,20850.0,884083.0,Dawson Knox,dawson knox,4,5,38.0,0,0.0,0.0,52.0,10.0,3.0,2.3811,0,0.7307692,0.16129032,0.16507937,0.35749105,Dawson Knox,BUF,8.743333333333334,3.4189129875479125,9.145999999999999,15.433682078974009,80.0,38.0,0.0,3.6250000000000018,3.593083211784858,0.031916788215143654,00-0035689,Dawson,Knox,D.Knox,REG,BUF,CAR,Dawson Knox,KnoxDa00,0.0,0.0,0.0,98.3
2021,REG,15,00-0036894,P.Freiermuth,TE,TE,PIT,15331,04f0fefe-9d9d-44f5-94ea-6df2a42df3c6,20163.0,84085.0,7600.0,,4361411.0,33443.0,,2961270.0,FreiPa00,pat-freiermuth-1,15267.0,,1053.0,33443.0,0.0,,1116662.0,Pat Freiermuth,pat freiermuth,4,4,37.0,0,0.0,0.0,21.0,16.0,2.0,2.5803561,0,1.7619047,0.16,0.1779661,0.36457628,,,,,,,,,,,,,,,,,REG,PIT,TEN,Pat Freiermuth,FreiPa00,2.0,0.0,0.0,105.2
2021,REG,15,00-0032214,T.Kroft,TE,TE,NYJ,12212,36f54823-9d51-4180-9c91-d10281deb4bf,13960.0,9518.0,2390.0,tylerkroft/2552586,2582410.0,28473.0,,1824200.0,KrofTy00,tyler-kroft-1,10247.0,10490.0,,28473.0,592268.0,16846.0,592268.0,Tyler Kroft,tyler kroft,2,2,35.0,0,0.0,0.0,-1.0,36.0,2.0,2.6411517,0,0.0,0.09090909,-0.009009009,0.13005733,,,,,,,,,,,,,,,,,REG,NYJ,MIA,Tyler Kroft,KrofTy00,0.0,0.0,0.0,118.7
2021,REG,15,00-0033881,E.Engram,TE,TE,NYG,13189,e21365af-8d66-416e-b0a5-8816d18fcfd9,16411.0,11778.0,4066.0,,3051876.0,30136.0,,2079887.0,EngrEv00,evan-engram-1,11805.0,12205.0,229.0,30136.0,749185.0,18912.0,749185.0,Evan Engram,evan engram,4,5,33.0,0,0.0,0.0,35.0,6.0,2.0,1.9492172,0,0.94285715,0.1388889,0.11400651,0.28813788,Evan Engram,NYG,8.315,3.524684141916051,6.542,9.90131977236954,80.0,33.0,0.0,2.0299999999999994,2.8837443606798843,-0.8537443606798849,00-0033881,Evan,Engram,E.Engram,REG,NYG,DAL,Evan Engram,EngrEv00,0.0,0.0,0.0,94.2
2021,REG,15,00-0027061,J.Cook,TE,TE,LAC,9474,3b7a1409-d154-4e5c-8c94-9d4a0e0993c7,9265.0,5012.0,367.0,jaredcook/71265,12537.0,9353.0,6126.0,584314.0,CookJa02,jared-cook-2,5981.0,5165.0,,9353.0,296480.0,8534.0,296480.0,Jared Cook,jared cook,3,7,32.0,0,0.0,0.0,43.0,15.0,2.0,-3.443967,0,0.74418604,0.1891892,0.13109756,0.3755521,Jared Cook,LAC,6.282,2.4479910902337756,6.312857142857142,12.703386419824067,42.857142857142854,32.0,0.0,4.760000000000001,3.1158333725960197,1.644166627403981,00-0027061,Jared,Cook,J.Cook,REG,LAC,KC,Jared Cook,CookJa02,0.0,1.0,0.143,56.8
2021,REG,15,00-0027656,R.Gronkowski,TE,TE,TB,9902,2142a164-48ad-47d6-bb27-0bc58c6b2e62,9721.0,5567.0,515.0,robgronkowski/497240,13229.0,24017.0,,1244303.0,GronRo00,rob-gronkowski-1,6443.0,5729.0,,24017.0,381091.0,10974.0,381091.0,Rob Gronkowski,rob gronkowski,2,11,29.0,0,0.0,0.0,122.0,7.0,2.0,-5.6768346,0,0.23770492,0.22916667,0.3057644,0.5577851,Rob Gronkowski,TB,4.941111111111111,2.316755771843036,10.411818181818179,30.175207482545126,18.181818181818183,29.0,0.0,5.045000000000002,2.445037437014335,2.5999625629856666,00-0027656,Robert,Gronkowski,R.Gronkowski,REG,TB,NO,Rob Gronkowski,GronRo00,0.0,2.0,0.182,39.6
2021,REG,15,00-0033611,R.Seals-Jones,TE,TE,WAS,13382,52735659-a294-4f64-a7f4-3591450834e5,16730.0,12020.0,4531.0,,3051806.0,30494.0,,2080003.0,SealRi00,,11876.0,12463.0,,30494.0,744568.0,19410.0,744568.0,Ricky Seals-Jones,ricky seals-jones,4,7,29.0,0,0.0,0.0,49.0,18.0,0.0,-0.75031,0,0.59183675,0.23333333,0.26344085,0.5344086,Ricky Seals-Jones,WAS,7.6425,3.5512694557253894,8.838571428571427,29.74662243377085,57.14285714285714,29.0,0.0,3.2650000000000006,3.8832488388453044,-0.6182488388453038,00-0033611,Roderick,Seals-Jones,R.Seals-Jones,REG,WAS,PHI,Ricky Seals-Jones,SealRi00,0.0,0.0,0.0,67.0
2021,REG,15,00-0033885,D.Njoku,TE,TE,CLE,13192,8f86fcea-90e8-49ea-bc78-5c7659313e57,16399.0,11784.0,4033.0,,3123076.0,30142.0,,2136474.0,NjokDa00,david-njoku-1,11734.0,12186.0,252.0,30142.0,832098.0,18876.0,832098.0,David Njoku,david njoku,3,5,29.0,0,0.0,0.0,38.0,26.0,3.0,-0.4380508,0,0.7631579,0.1724138,0.17840375,0.38350332,David Njoku,CLE,4.4475,3.4103679302117604,9.078,20.59904697072839,60.0,29.0,0.0,8.770000000000001,8.802489523258373,-0.03248952325837173,00-0033885,David,Njoku,D.Njoku,REG,CLE,LV,David Njoku,NjokDa00,0.0,0.0,0.0,76.2
2021,REG,15,00-0036628,J.Bates,TE,TE,WAS,15344,3208880b-949f-4926-85eb-1940770550ea,22833.0,42275.0,7716.0,,4048228.0,33512.0,,2257291.0,BateJo00,john-bates-1,15289.0,,,33512.0,0.0,,944038.0,John Bates,john bates,1,1,29.0,0,0.0,0.0,15.0,14.0,1.0,2.945056,0,1.9333333,0.033333335,0.08064516,0.106451616,,,,,,,,,,,,,,,,,REG,WAS,PHI,John Bates,BateJo00,0.0,0.0,0.0,118.7
2021,REG,15,00-0034364,J.Akins,TE,TE,HOU,13753,0cb5a32a-a340-4671-ba2a-93f5fa6aee8d,17415.0,47050.0,5032.0,,3128452.0,31068.0,,2142712.0,AkinJo00,jordan-akins-1,12568.0,13238.0,,31068.0,838396.0,19903.0,838396.0,Jordan Akins,jordan akins,2,3,24.0,0,0.0,0.0,32.0,0.0,1.0,-1.9436859,0,0.75,0.1,0.15165877,0.25616112,,,,,,,,,,,,,,,,,REG,HOU,JAX,Jordan Akins,AkinJo00,0.0,0.0,0.0,51.4
2021,REG,15,00-0031273,C.Brate,TE,TE,TB,12110,5afe93fd-0caf-4cca-83fc-7f405bebfa3e,13470.0,9207.0,2214.0,,17453.0,28267.0,,2132787.0,BratCa00,,10008.0,10193.0,,28267.0,552926.0,16593.0,552926.0,Cameron Brate,cameron brate,2,4,22.0,0,0.0,0.0,40.0,2.0,1.0,0.18485631,0,0.55,0.083333336,0.100250624,0.19517544,,,,,,,,,,,,,,,,,REG,TB,NO,Cameron Brate,BratCa00,0.0,1.0,0.25,66.7
2021,REG,15,00-0036250,T.Davis,TE,TE,GB,14996,e7a9186e-5e19-4f70-b45c-527c888e6fc7,19811.0,47743.0,7131.0,,3914240.0,32876.0,,2182811.0,DaviTy02,tyler-davis-2,14827.0,,,32876.0,0.0,22138.0,866174.0,Tyler Davis,tyler davis,1,1,22.0,0,0.0,0.0,18.0,4.0,1.0,1.9166956,0,1.2222222,0.032258064,0.062937066,0.09244304,,,,,,,,,,,,,,,,,REG,GB,BAL,Tyler Davis,DaviTy02,0.0,0.0,0.0,118.7
2021,REG,15,00-0033528,J.Sprinkle,TE,TE,DAL,13194,2dcc8e56-ac32-4774-a011-b1e65ca73786,16461.0,11909.0,4221.0,,2980073.0,30267.0,,1999945.0,SpriJe00,jeremy-sprinkle-1,11899.0,12368.0,,30267.0,693833.0,19067.0,693833.0,Jeremy Sprinkle,jeremy sprinkle,2,2,21.0,0,0.0,0.0,6.0,15.0,2.0,1.8705589,0,3.5,0.054054055,0.026431719,0.09958328,,,,,,,,,,,,,,,,,REG,DAL,NYG,Jeremy Sprinkle,SpriJe00,0.0,0.0,0.0,110.4
2021,REG,15,00-0033455,A.Firkser,TE,TE,TEN,13919,b0719e3d-199b-46e5-a2b4-1091f6fd5c0d,16787.0,51837.0,4435.0,,3049698.0,30571.0,,2818971.0,FirkAn00,,12235.0,12691.0,,30571.0,767297.0,19296.0,767297.0,Anthony Firkser,anthony firkser,2,2,19.0,0,1.0,1.0,15.0,4.0,1.0,-0.97131556,0,1.2666667,0.0625,0.06787331,0.14126131,,,,,,,,,,,,,,,,,REG,TEN,PIT,Anthony Firkser,FirkAn00,0.0,0.0,0.0,106.2
2021,REG,15,00-0035259,T.Wesco,TE,TE,NYJ,14231,f6c34178-e063-444b-96b3-df6b3cf66419,18567.0,42018.0,6181.0,,4039253.0,31953.0,,2243366.0,WescTr00,trevon-wesco-1,13828.0,14224.0,,31953.0,919456.0,20977.0,919456.0,Trevon Wesco,trevon wesco,1,1,19.0,0,0.0,0.0,3.0,16.0,1.0,1.2182252,0,6.3333335,0.045454547,0.027027028,0.08710074,,,,,,,,,,,,,,,,,REG,NYJ,MIA,Trevon Wesco,WescTr00,0.0,0.0,0.0,118.7
2021,REG,15,00-0035562,J.Horsted,TE,TE,CHI,14752,48c56733-6644-42ee-9020-07bd2deba1ad,18482.0,91465.0,6075.0,,3940587.0,32576.0,,3117107.0,,,13639.0,,,32576.0,0.0,20812.0,881708.0,Jesper Horsted,jesper horsted,1,1,19.0,1,0.0,0.0,19.0,0.0,1.0,4.9167886,0,1.0,0.027777778,0.06909091,0.090030305,,,,,,,,,,,,,,,,,,,,,,,,,
2021,REG,15,00-0032134,C.Uzomah,TE,TE,CIN,12317,19858900-5c8e-49a7-ab02-34ef625724ca,14084.0,9590.0,2460.0,c.j.uzomah/2552559,2574576.0,28545.0,,2174118.0,UzomC.00,cj-uzomah-1,10462.0,10534.0,,28545.0,593305.0,16917.0,593305.0,C.J. Uzomah,cj uzomah,3,4,18.0,0,0.0,0.0,15.0,11.0,1.0,-0.21661134,0,1.2,0.1904762,0.1,0.3557143,,,,,,,,,,,,,,,,,REG,CIN,DEN,C.J. Uzomah,UzomC.00,1.0,0.0,0.0,83.3
2021,REG,15,00-0035222,Z.Gentry,TE,TE,PIT,14240,58f18567-a050-49c4-aeca-b34499338b37,18690.0,36049.0,6018.0,,3929924.0,31973.0,,2185708.0,GentZa00,zach-gentry-2,13511.0,14247.0,,31973.0,883079.0,20770.0,883079.0,Zach Gentry,zach gentry,1,1,17.0,0,0.0,0.0,-3.0,20.0,1.0,1.2459317,0,0.0,0.04,-0.025423728,0.04220339,,,,,,,,,,,,,,,,,REG,PIT,TEN,Zach Gentry,GentZa00,1.0,0.0,0.0,118.7
2021,REG,15,00-0036332,J.Deguara,TE,TE,GB,14876,7874d188-0fcd-4af9-9289-27c27e2bbd16,19456.0,47034.0,7050.0,,3914151.0,32764.0,,2181108.0,DeguJo00,josiah-deguara-1,14629.0,,,32764.0,0.0,21798.0,866149.0,Josiah Deguara,josiah deguara,3,5,16.0,0,0.0,0.0,10.0,17.0,2.0,0.7006461,0,1.6,0.16129032,0.034965035,0.266411,Josiah Deguara,GB,7.82,3.397454603654444,2.854000000000002,5.062617518714305,60.0,16.0,0.0,5.406666666666664,5.683283961885688,-0.27661729521902423,00-0036332,Josiah,Deguara,J.Deguara,REG,GB,BAL,Josiah Deguara,DeguJo00,0.0,1.0,0.2,65.4
2021,REG,15,00-0036534,S.Zylstra,TE,TE,DET,15604,0cafaac9-20fb-4e5a-9362-158d8a4e7904,23461.0,,8041.0,,4608362.0,33803.0,,2668830.0,ZylsSh00,,15701.0,,,33803.0,0.0,,1284247.0,Shane Zylstra,shane zylstra,1,1,16.0,0,0.0,0.0,11.0,5.0,1.0,0.93945706,0,1.4545455,0.03846154,0.07236842,0.1083502,,,,,,,,,,,,,,,,,REG,DET,ARI,Shane Zylstra,ZylsSh00,0.0,0.0,0.0,118.7
2021,REG,15,00-0027696,J.Graham,TE,TE,CHI,9925,fd85786d-3900-4dc0-9b30-334ee30413ed,9712.0,5619.0,616.0,jimmygraham/497236,13232.0,24070.0,6610.0,1691166.0,GrahJi00,jimmy-graham-1,6532.0,5842.0,,24070.0,295918.0,11488.0,295918.0,Jimmy Graham,jimmy graham,1,2,13.0,0,0.0,0.0,20.0,2.0,1.0,0.17774333,0,0.65,0.055555556,0.07272727,0.13424243,,,,,,,,,,,,,,,,,REG,CHI,MIN,Jimmy Graham,GrahJi00,0.0,1.0,0.5,70.8
2021,REG,15,00-0032725,S.Anderson,TE,TE,LAC,12859,5cb0bf9c-03b4-4201-97c5-a59c6db50841,15760.0,11160.0,3496.0,,2576854.0,29789.0,,1880821.0,AndeSt01,,10885.0,11556.0,,29789.0,607660.0,18262.0,607660.0,Stephen Anderson,stephen anderson,1,1,12.0,0,0.0,0.0,12.0,0.0,1.0,1.9916741,0,1.0,0.027027028,0.036585364,0.0661503,,,,,,,,,,,,,,,,,REG,LAC,KC,Stephen Anderson,AndeSt01,0.0,0.0,0.0,116.7
2021,REG,15,00-0031484,C.Manhertz,TE,TE,JAX,12955,7c7b5515-7786-4e24-9ce0-34e6a8bd5727,14014.0,10211.0,3048.0,,2531358.0,28365.0,,2167520.0,ManhCh00,,10033.0,10295.0,,28365.0,563293.0,17762.0,563293.0,Chris Manhertz,chris manhertz,1,1,11.0,0,0.0,0.0,3.0,8.0,1.0,0.4693092,0,3.6666667,0.027777778,0.012658228,0.050527427,,,,,,,,,,,,,,,,,REG,JAX,HOU,Chris Manhertz,ManhCh00,0.0,0.0,0.0,112.5
2021,REG,15,00-0036232,H.Bryant,TE,TE,CLE,14875,f58a5899-8b78-46e8-a29a-ba6273b7d872,19389.0,26394.0,6850.0,,4040774.0,32785.0,,2241240.0,BryaHa00,harrison-bryant-1,14576.0,,752.0,32785.0,0.0,21783.0,916467.0,Harrison Bryant,harrison bryant,2,2,11.0,1,0.0,0.0,11.0,0.0,2.0,5.2387843,0,1.0,0.06896552,0.051643193,0.1395985,,,,,,,,,,,,,,,,,REG,CLE,LV,Harrison Bryant,BryaHa00,0.0,0.0,0.0,129.2
2021,REG,15,00-0027981,K.Rudolph,TE,TE,NYG,10312,1059e9dc-97df-4643-9116-883a0573d8b1,9906.0,6195.0,943.0,kylerudolph/2495438,14054.0,24830.0,7444.0,1633122.0,RudoKy00,kyle-rudolph-1,7246.0,6459.0,,24830.0,469472.0,13275.0,469472.0,Kyle Rudolph,kyle rudolph,1,1,9.0,0,0.0,0.0,9.0,0.0,1.0,1.1471366,0,1.0,0.027777778,0.029315962,0.06218784,,,,,,,,,,,,,,,,,REG,NYG,DAL,Kyle Rudolph,RudoKy00,0.0,0.0,0.0,104.2
2021,REG,15,00-0036424,B.Hopkins,TE,TE,LA,14868,39cb1520-dda8-4167-95c4-4947c8383bc4,19234.0,47338.0,6926.0,,3918003.0,32806.0,,2183906.0,HopkBr01,brycen-hopkins-1,14586.0,,,32806.0,0.0,21678.0,880294.0,Brycen Hopkins,brycen hopkins,1,1,9.0,0,0.0,0.0,3.0,6.0,1.0,1.6591814,0,3.0,0.03448276,0.013043478,0.060854573,,,,,,,,,,,,,,,,,REG,LA,SEA,Brycen Hopkins,HopkBr01,0.0,0.0,0.0,104.2
2021,REG,15,00-0037005,T.Tremble,TE,TE,CAR,15332,cbee2fd3-e5f2-4316-bffd-531f1873f032,22795.0,84025.0,7694.0,,4372780.0,33471.0,,2969027.0,TremTo00,tommy-tremble-1,15371.0,,1054.0,33471.0,0.0,,1130555.0,Tommy Tremble,tommy tremble,1,4,8.0,0,0.0,0.0,31.0,6.0,1.0,-0.8392193,0,0.2580645,0.11111111,0.108391605,0.24254079,,,,,,,,,,,,,,,,,REG,CAR,BUF,Tommy Tremble,TremTo00,0.0,0.0,0.0,39.6
2021,REG,15,00-0034270,T.Conklin,TE,TE,MIN,13675,f0d17dfa-ebf3-416c-a8d2-c6bc30675103,17598.0,47327.0,5133.0,,3915486.0,31220.0,,2165249.0,ConkTy00,tyler-conklin-1,12809.0,13220.0,489.0,31127.0,861278.0,19988.0,861278.0,Tyler Conklin,tyler conklin,1,3,7.0,0,0.0,0.0,53.0,2.0,0.0,-2.3063602,0,0.13207547,0.13636364,0.2128514,0.35354143,,,,,,,,,,,,,,,,,REG,MIN,CHI,Tyler Conklin,ConkTy00,0.0,0.0,0.0,42.4
2021,REG,15,00-0036741,J.Stoll,TE,TE,PHI,15541,0560d134-d316-4cda-9d48-34d32267af68,23193.0,42058.0,7946.0,,4034862.0,33891.0,,2239684.0,StolJa00,,15510.0,,,33891.0,0.0,,911985.0,Jack Stoll,jack stoll,1,1,7.0,0,0.0,0.0,4.0,3.0,0.0,0.31613922,0,1.75,0.03846154,0.017021276,0.0696072,,,,,,,,,,,,,,,,,REG,PHI,WAS,Jack Stoll,StolJa00,0.0,0.0,0.0,95.8
2021,REG,15,00-0034830,H.Hurst,TE,TE,ATL,13680,1b125fc4-5dd9-4eb9-a42f-048e61ca42b7,17283.0,47294.0,4973.0,,3924365.0,30995.0,,2185053.0,HursHa00,hayden-hurst-1,12467.0,13098.0,8.0,30995.0,881956.0,19843.0,881956.0,Hayden Hurst,hayden hurst,2,2,6.0,0,0.0,0.0,0.0,6.0,0.0,-0.533706,0,0.0,0.06666667,0.0,0.1,,,,,,,,,,,,,,,,,REG,ATL,SF,Hayden Hurst,HursHa00,1.0,0.0,0.0,79.2
2021,REG,15,00-0032141,G.Swaim,TE,TE,TEN,12378,d0f9112d-2496-450a-9fc5-d2d01b4d2454,14164.0,9679.0,2545.0,geoffswaim/2553454,3046704.0,28634.0,,2174207.0,SwaiGe00,geoff-swaim-1,10507.0,10617.0,,28634.0,728021.0,17005.0,728021.0,Geoff Swaim,geoff swaim,1,2,5.0,0,0.0,0.0,13.0,1.0,0.0,-1.0058903,0,0.3846154,0.0625,0.05882353,0.13492647,,,,,,,,,,,,,,,,,REG,TEN,PIT,Geoff Swaim,SwaiGe00,0.0,0.0,0.0,56.2
2021,REG,15,00-0033439,P.Brown,TE,TE,HOU,13994,6733b953-de77-44e5-acbf-c2d3a0940243,16937.0,12247.0,4443.0,,2971281.0,30627.0,,2819155.0,BrowPh01,,11887.0,12737.0,,30627.0,689689.0,19304.0,689689.0,Pharaoh Brown,pharaoh brown,2,2,5.0,0,0.0,0.0,1.0,4.0,0.0,-0.5027257,0,5.0,0.06666667,0.0047393367,0.10331754,,,,,,,,,,,,,,,,,REG,HOU,JAX,Pharaoh Brown,BrowPh01,1.0,0.0,0.0,79.2
2021,REG,15,00-0034365,I.Thomas,TE,TE,CAR,13678,ed8a8fd2-df67-45e7-a34f-984afb82f6ea,17387.0,42130.0,4995.0,,4045305.0,31071.0,,2253359.0,ThomIa00,ian-thomas-3,12858.0,13163.0,323.0,31071.0,943093.0,19910.0,943093.0,Ian Thomas,ian thomas,1,1,5.0,0,0.0,0.0,4.0,1.0,0.0,-0.4063608,0,1.25,0.027777778,0.013986014,0.051456876,,,,,,,,,,,,,,,,,REG,CAR,BUF,Ian Thomas,ThomIa00,0.0,0.0,0.0,87.5
2021,REG,15,00-0034798,D.Smythe,TE,TE,MIA,13676,7e42a22a-c47b-4387-aeeb-2cc2e76dc1d8,17508.0,47257.0,5008.0,,3052897.0,31093.0,,2082845.0,SmytDu00,durham-smythe-1,12807.0,13249.0,,31093.0,749968.0,19943.0,749968.0,Durham Smythe,durham smythe,1,1,4.0,0,0.0,0.0,4.0,0.0,0.0,0.08175474,0,1.0,0.03846154,0.015686275,0.0686727,,,,,,,,,,,,,,,,,REG,MIA,NYJ,Durham Smythe,SmytDu00,0.0,0.0,0.0,83.3
2021,REG,15,00-0036422,A.Trautman,TE,TE,NO,14870,4e14183b-f974-4745-9d7f-8f5eb2a92a7d,19423.0,109795.0,6869.0,,3911853.0,32775.0,,2182228.0,TrauAd00,,14541.0,,566.0,32775.0,0.0,21786.0,875444.0,Adam Trautman,adam trautman,1,2,4.0,0,0.0,0.0,26.0,0.0,0.0,-1.7067747,0,0.15384616,0.08,0.116071425,0.20125,,,,,,,,,,,,,,,,,REG,NO,TB,Adam Trautman,TrauAd00,0.0,0.0,0.0,56.2
2021,REG,15,00-0037011,T.McKitty,TE,TE,LAC,15333,2ac90a86-c585-4c12-894d-a805a0c94cc3,22807.0,60896.0,7554.0,,4240023.0,33485.0,,2804040.0,McKiTr00,tre-mckitty-1,15252.0,,,33485.0,0.0,,976252.0,Tre' McKitty,tre mckitty,1,1,4.0,0,0.0,0.0,4.0,0.0,0.0,-0.5163521,0,1.0,0.027027028,0.0121951215,0.049077127,,,,,,,,,,,,,,,,,REG,LAC,KC,Tre' McKitty,McKiTr00,0.0,0.0,0.0,83.3
2021,REG,15,00-0033858,J.Smith,TE,TE,NE,13193,e4f25a37-74de-4bfb-b6c9-f50a4fab0b87,16460.0,11855.0,4144.0,,3054212.0,30213.0,,2081506.0,SmitJo01,jonnu-smith-1,11807.0,12344.0,84.0,30213.0,743749.0,18990.0,743749.0,Jonnu Smith,jonnu smith,1,3,3.0,0,0.0,0.0,42.0,0.0,0.0,-1.5702497,0,0.071428575,0.06818182,0.090322584,0.16549854,,,,,,,,,,,,,,,,,REG,NE,IND,Jonnu Smith,SmitJo01,0.0,0.0,0.0,42.4
2021,REG,15,00-0034159,W.Dissly,TE,TE,SEA,13763,383f4814-6836-4766-a297-fc063e8509cc,18049.0,30762.0,5010.0,,3127292.0,31090.0,,2139628.0,DissWi00,will-dissly-1,12986.0,13246.0,86.0,31090.0,837806.0,19950.0,837806.0,Will Dissly,will dissly,1,1,3.0,0,0.0,0.0,2.0,1.0,0.0,-0.38136196,0,1.5,0.035714287,0.0053475937,0.057314742,,,,,,,,,,,,,,,,,REG,SEA,LA,Will Dissly,DissWi00,0.0,0.0,0.0,79.2
2021,REG,15,00-0035631,D.Sample,TE,TE,CIN,14146,15a4f552-ecaf-45bd-9006-aa5dda93bee6,18561.0,47259.0,6001.0,,3127310.0,31884.0,,2139646.0,SampDr00,drew-sample-1,13809.0,14111.0,435.0,31884.0,837824.0,20931.0,837824.0,Drew Sample,drew sample,1,1,2.0,0,0.0,0.0,-2.0,4.0,0.0,-0.4682533,0,0.0,0.04761905,-0.013333334,0.06209524,,,,,,,,,,,,,,,,,REG,CIN,DEN,Drew Sample,SampDr00,0.0,0.0,0.0,79.2
2021,REG,15,00-0031585,M.Pruitt,TE,TE,TEN,12309,f22b34cf-6ecf-4522-9c77-1da275dfda7d,13964.0,9576.0,2446.0,,2508256.0,28531.0,,1760327.0,PruiMy00,,10251.0,10522.0,,28531.0,552586.0,16903.0,552586.0,MyCole Pruitt,mycole pruitt,1,1,1.0,0,0.0,0.0,1.0,0.0,0.0,-0.38894904,0,1.0,0.03125,0.004524887,0.05004242,,,,,,,,,,,,,,,,,REG,TEN,PIT,MyCole Pruitt,PruiMy00,0.0,0.0,0.0,79.2
2021,REG,15,00-0028097,L.Smith,TE,TE,ATL,10398,cf23126f-055b-4617-819b-bb4bcb84541a,9992.0,6311.0,812.0,leesmith/2495347,14215.0,24946.0,7585.0,1276441.0,SmitLe00,lee-smith-2,7425.0,6665.0,,24946.0,334184.0,12777.0,334184.0,Lee Smith,lee smith,0,1,0.0,0,0.0,0.0,1.0,0.0,0.0,-0.43081248,0,0.0,0.033333335,0.0038610038,0.052702703,,,,,,,,,,,,,,,,,REG,ATL,SF,Lee Smith,SmitLe00,0.0,0.0,0.0,39.6
2021,REG,15,00-0030181,J.Doyle,TE,TE,IND,11516,bd413539-9351-454e-9d61-4e8635d7e9f5,11987.0,8520.0,1706.0,jackdoyle/2540232,16504.0,27299.0,,2041264.0,DoylJa00,,9081.0,9075.0,,27299.0,477386.0,15602.0,477386.0,Jack Doyle,jack doyle,1,1,0.0,0,0.0,0.0,0.0,0.0,0.0,-0.42155358,0,,0.083333336,0.0,0.125,,,,,,,,,,,,,,,,,REG,IND,NE,Jack Doyle,DoylJa00,0.0,0.0,0.0,79.2
2021,REG,15,00-0032062,B.Bell,TE,TE,KC,12213,0cc4e449-185a-4b08-9f07-c907ad0c3e05,13966.0,9550.0,2422.0,,2514206.0,28505.0,,1737101.0,BellBl00,blake-bell-1,10248.0,10366.0,,28505.0,542871.0,16878.0,542871.0,Blake Bell,blake bell,0,1,0.0,0,0.0,0.0,0.0,0.0,0.0,-0.5421276,0,,0.022222223,0.0,0.033333335,,,,,,,,,,,,,,,,,REG,KC,LAC,Blake Bell,BellBl00,0.0,0.0,0.0,39.6
2021,REG,15,00-0032394,N.Vannett,TE,TE,NO,12680,c731aa8a-778b-4ccd-a19f-517eb66f47b7,15645.0,10728.0,3258.0,,2576399.0,29328.0,,1871322.0,VannNi00,nick-vannett-1,10949.0,11329.0,,29328.0,606488.0,18019.0,606488.0,Nick Vannett,nick vannett,0,1,0.0,0,0.0,0.0,22.0,0.0,0.0,-0.7638522,0,0.0,0.04,0.09821428,0.12875,,,,,,,,,,,,,,,,,REG,NO,TB,Nick Vannett,VannNi00,0.0,1.0,1.0,39.6
2021,REG,15,00-0033217,M.Alie-Cox,TE,TE,IND,13246,8809c0dd-786b-4255-a7d0-333c9498c19a,16579.0,12078.0,4054.0,moalie-cox/2558832,2998565.0,30112.0,,2815925.0,AlieMo00,,12196.0,12221.0,195.0,30112.0,712506.0,18900.0,712506.0,Mo Alie-Cox,mo alie-cox,0,1,0.0,0,0.0,0.0,7.0,0.0,0.0,-1.2402881,0,0.0,0.083333336,0.0625,0.16875,,,,,,,,,,,,,,,,,REG,IND,NE,Mo Alie-Cox,AlieMo00,0.0,1.0,1.0,39.6
2021,REG,15,00-0033879,O.Howard,TE,TE,TB,13188,93ed8c6f-b676-46d3-bf82-6155e89b4a68,16380.0,11774.0,4055.0,,3043080.0,30132.0,,2061190.0,HowaO.00,oj-howard-1,11806.0,12161.0,,30132.0,732147.0,18901.0,732147.0,O.J. Howard,oj howard,0,1,0.0,0,0.0,0.0,13.0,0.0,0.0,-0.49873117,0,0.0,0.020833334,0.032581452,0.054057017,,,,,,,,,,,,,,,,,REG,TB,NO,O.J. Howard,HowaO.00,0.0,0.0,0.0,39.6
2021,REG,15,00-0035308,T.Sweeney,TE,TE,BUF,14294,ec63ee49-3a03-44ca-a083-3916f0bccd76,18325.0,47216.0,6137.0,,3122818.0,32060.0,,2139106.0,SweeTo00,tommy-sweeney-1,13667.0,14287.0,,32060.0,836094.0,20957.0,836094.0,Tommy Sweeney,tommy sweeney,0,1,0.0,0,0.0,0.0,12.0,0.0,0.0,-0.83002,0,0.0,0.032258064,0.03809524,0.07505377,,,,,,,,,,,,,,,,,REG,BUF,CAR,Tommy Sweeney,SweeTo00,0.0,1.0,1.0,39.6
2021,REG,15,00-0035329,D.Parham,TE,TE,LAC,14341,4f246e92-3d21-450f-977a-dc16892c7238,18835.0,91014.0,6074.0,,3912092.0,32456.0,,2183713.0,ParhDo00,,13602.0,14320.0,,32456.0,875649.0,20905.0,875649.0,Donald Parham,donald parham,0,1,0.0,0,0.0,0.0,5.0,0.0,0.0,-2.7109728,0,0.0,0.027027028,0.015243903,0.05121127,,,,,,,,,,,,,,,,,REG,LAC,KC,Donald Parham,ParhDo00,0.0,1.0,1.0,39.6
2021,REG,15,00-0035603,K.Blanton,TE,TE,LA,14357,b5e95ece-3b71-439b-b7b4-ae102f9e7c08,18431.0,47311.0,6081.0,,3122103.0,32125.0,,2139213.0,BlanKe01,,13711.0,14322.0,,32125.0,835674.0,21032.0,835674.0,Kendall Blanton,kendall blanton,0,1,0.0,0,0.0,0.0,5.0,0.0,0.0,-0.79884493,0,0.0,0.03448276,0.02173913,0.06694153,,,,,,,,,,,,,,,,,REG,LA,SEA,Kendall Blanton,BlanKe01,0.0,0.0,0.0,39.6
2021,REG,15,00-0035956,G.Ricci,TE,TE,CAR,15054,689de342-1d99-4a4d-976d-f6573ef3a8c2,19756.0,13756.0,7216.0,,3916749.0,33151.0,,2189091.0,,,14785.0,,,33151.0,0.0,21732.0,885940.0,Giovanni Ricci,giovanni ricci,0,1,0.0,0,0.0,0.0,17.0,0.0,0.0,-0.4268756,0,0.0,0.027777778,0.05944056,0.08327506,,,,,,,,,,,,,,,,,,,,,,,,,
2021,REG,15,00-0036754,B.Wright,TE,TE,DET,15626,8f182089-7730-499e-8f2e-87bda32debfb,23341.0,60994.0,7891.0,,4242392.0,33774.0,,2807423.0,WrigBr01,,15681.0,,1162.0,33774.0,0.0,,978120.0,Brock Wright,brock wright,0,1,0.0,0,0.0,0.0,2.0,0.0,0.0,-0.5395647,0,0.0,0.03846154,0.013157895,0.06690283,,,,,,,,,,,,,,,,,REG,DET,ARI,Brock Wright,WrigBr01,0.0,0.0,0.0,39.6
2021,REG,15,00-0037004,H.Long,TE,TE,MIA,15334,ebc576d0-a98b-4f82-aaf9-901a3911487d,22783.0,60859.0,7535.0,,4239944.0,33469.0,,2867428.0,LongHu00,hunter-long-3,15246.0,,1056.0,33469.0,0.0,,1060550.0,Hunter Long,hunter long,0,1,0.0,0,0.0,0.0,4.0,0.0,0.0,-6.91514,0,0.0,0.03846154,0.015686275,0.0686727,,,,,,,,,,,,,,,,,REG,MIA,NYJ,Hunter Long,LongHu00,0.0,0.0,0.0,0.0
2021,REG,15,00-0035428,D.Helm,TE,TE,LV,14367,7f48c754-002d-4d0c-ba40-8c402f95a7c4,18350.0,47307.0,6089.0,,3115359.0,32543.0,,2131632.0,,,13685.0,14338.0,,32543.0,820720.0,20797.0,820720.0,Daniel Helm,daniel helm,1,1,-1.0,0,0.0,0.0,-3.0,2.0,0.0,-0.79397607,0,0.0,0.027777778,-0.009230769,0.03520513,,,,,,,,,,,,,,,,,,,,,,,,,
2021,REG,16,00-0034753,M.Andrews,TE,TE,BAL,13671,0618f387-9b72-4270-8b8f-dec4cccc9e4a,17269.0,47436.0,5012.0,,3116365.0,31056.0,,2131121.0,AndrMa00,mark-andrews-1,12559.0,13182.0,366.0,31056.0,820699.0,19803.0,820699.0,Mark Andrews,mark andrews,8,10,125.0,1,0.0,0.0,108.0,46.0,7.0,9.25216,0,1.1574074,0.27027026,0.3941606,0.6813178,Mark Andrews,BAL,8.20875,3.2972642482186503,10.392000000000001,37.392055267702936,80.0,125.0,1.0,6.193749999999998,4.532465008713672,1.6612849912863261,00-0034753,Mark,Andrews,M.Andrews,REG,BAL,CIN,Mark Andrews,AndrMa00,1.0,0.0,0.0,152.1
2021,REG,16,00-0036970,K.Pitts,TE,TE,ATL,15329,1f3deb24-9ff8-4769-8f42-825eff7742f6,20164.0,83964.0,7553.0,,4360248.0,33392.0,,2964514.0,PittKy00,kyle-pitts-1,15265.0,,1051.0,33392.0,0.0,,1123026.0,Kyle Pitts,kyle pitts,6,6,102.0,0,0.0,0.0,77.0,25.0,4.0,10.969133,0,1.3246753,0.27272728,0.46666667,0.7357576,Kyle Pitts,ATL,4.6259999999999994,3.0823847084599287,12.004999999999997,44.91768520828136,100.0,102.0,0.0,4.995000000000001,2.9671999999349246,2.0278000000650764,00-0036970,Kyle,Pitts,K.Pitts,REG,ATL,DET,Kyle Pitts,PittKy00,0.0,0.0,0.0,118.7
2021,REG,16,00-0034383,D.Schultz,TE,TE,DAL,13772,8caec1b4-e0b6-4a84-b8c8-617d6e91ef6a,17349.0,47304.0,5001.0,,3117256.0,31107.0,,2136748.0,SchuDa00,dalton-schultz-1,12514.0,13198.0,487.0,31107.0,830523.0,19920.0,830523.0,Dalton Schultz,dalton schultz,8,9,82.0,1,0.0,0.0,70.0,34.0,5.0,6.1131444,0,1.1714286,0.2195122,0.15981735,0.44114044,Dalton Schultz,DAL,5.008,5.0646046635919735,6.472222222222223,13.912441185602717,88.88888888888889,82.0,1.0,4.659999999999999,4.586267263321105,0.07373273667889446,00-0034383,Dalton,Schultz,D.Schultz,REG,DAL,WAS,Dalton Schultz,SchuDa00,0.0,0.0,0.0,141.7
2021,REG,16,00-0033895,G.Everett,TE,TE,SEA,13236,ebeceb00-57e0-4b74-9cf7-853da2afed18,16459.0,11799.0,4089.0,,3918639.0,30157.0,,2142692.0,EverGe00,gerald-everett-1,11737.0,12284.0,55.0,30157.0,838487.0,18935.0,838487.0,Gerald Everett,gerald everett,4,5,68.0,1,0.0,0.0,46.0,29.0,4.0,6.469944,0,1.4782609,0.18518518,0.20175439,0.41900584,Gerald Everett,SEA,9.038,6.140040853661612,9.978,22.13594817641317,80.0,68.0,1.0,7.5325,10.188620699055264,-2.656120699055264,00-0033895,Gerald,Everett,G.Everett,REG,SEA,CHI,Gerald Everett,EverGe00,0.0,0.0,0.0,158.3
2021,REG,16,00-0034981,F.Moreau,TE,TE,LV,14239,9c3a67fd-5c6e-4689-9e08-9ff6d4db6c9a,18397.0,47043.0,5985.0,,3843945.0,31969.0,,2180634.0,MoreFo00,foster-moreau-1,13822.0,14154.0,179.0,31969.0,865573.0,20884.0,865573.0,Foster Moreau,foster moreau,4,4,67.0,0,0.0,0.0,36.0,31.0,3.0,4.1164427,0,1.8611112,0.16,0.25531915,0.4187234,,,,,,,,,,,,,,,,,REG,LV,DEN,Foster Moreau,MoreFo00,0.0,0.0,0.0,118.7
2021,REG,16,00-0036556,B.Jordan,TE,TE,HOU,15330,8ffb5c07-4aa1-4796-b1ab-30c1ab0ccc4c,20162.0,77887.0,7568.0,,4362504.0,33535.0,,2964787.0,JordBr00,brevin-jordan-1,15369.0,,1052.0,33535.0,0.0,,1121871.0,Brevin Jordan,brevin jordan,4,4,56.0,0,0.0,0.0,18.0,38.0,4.0,7.373122,0,3.1111112,0.14814815,0.086124405,0.2825093,,,,,,,,,,,,,,,,,REG,HOU,LAC,Brevin Jordan,JordBr00,0.0,0.0,0.0,118.7
2021,REG,16,00-0030061,Z.Ertz,TE,TE,ARI,11247,de3421f7-2147-4835-89a5-724e87bad463,11689.0,7816.0,1339.0,zachertz/2540158,15835.0,26658.0,,1685963.0,ErtzZa00,zach-ertz-1,8781.0,8409.0,305.0,26658.0,503177.0,14856.0,503177.0,Zach Ertz,zach ertz,8,13,54.0,0,0.0,0.0,80.0,34.0,4.0,-2.5695086,0,0.675,0.33333334,0.2930403,0.7051282,Zach Ertz,ARI,6.2749999999999995,3.7435864882591257,6.17,29.185314558090464,61.53846153846154,54.0,0.0,4.2575,5.060166631388952,-0.8026666313889521,00-0030061,Zachary,Ertz,Z.Ertz,REG,ARI,IND,Zach Ertz,ErtzZa00,0.0,0.0,0.0,70.7
2021,REG,16,00-0031951,J.O'Shaughnessy,TE,TE,JAX,12330,e5c6b0d4-3e77-422b-a6d8-574a10ed385e,14146.0,9606.0,2476.0,,2508079.0,28561.0,,2174148.0,O'ShJa00,,10249.0,10549.0,,28561.0,552352.0,16933.0,552352.0,James O'Shaughnessy,james oshaughnessy,4,4,49.0,0,0.0,0.0,36.0,13.0,3.0,3.7808862,0,1.3611112,0.114285715,0.0989011,0.24065934,,,,,,,,,,,,,,,,,REG,JAX,NYJ,James O'Shaughnessy,O'ShJa00,0.0,0.0,0.0,117.7
2021,REG,16,00-0036290,C.Kmet,TE,TE,CHI,14867,036feeb6-9a22-43c5-a8e3-7ac611d8ff49,19229.0,60995.0,6826.0,,4258595.0,32713.0,,2868619.0,KmetCo00,cole-kmet-1,14436.0,,569.0,32713.0,0.0,21772.0,1066765.0,Cole Kmet,cole kmet,4,5,49.0,0,0.0,0.0,35.0,29.0,2.0,4.470944,0,1.4,0.14285715,0.17676768,0.3380231,Cole Kmet,CHI,4.63,4.182755280402012,8.267999999999997,19.60077758285524,80.0,49.0,0.0,7.957500000000002,4.459047800805308,3.498452199194694,00-0036290,Cole,Kmet,C.Kmet,REG,CHI,SEA,Cole Kmet,KmetCo00,1.0,0.0,0.0,107.5
2021,REG,16,00-0036628,J.Bates,TE,TE,WAS,15344,3208880b-949f-4926-85eb-1940770550ea,22833.0,42275.0,7716.0,,4048228.0,33512.0,,2257291.0,BateJo00,john-bates-1,15289.0,,,33512.0,0.0,,944038.0,John Bates,john bates,2,3,45.0,1,1.0,0.0,13.0,32.0,2.0,4.1506314,0,3.4615386,0.1,0.052419353,0.18669355,,,,,,,,,,,,,,,,,REG,WAS,DAL,John Bates,BateJo00,2.0,0.0,0.0,149.3
2021,REG,16,00-0027061,J.Cook,TE,TE,LAC,9474,3b7a1409-d154-4e5c-8c94-9d4a0e0993c7,9265.0,5012.0,367.0,jaredcook/71265,12537.0,9353.0,6126.0,584314.0,CookJa02,jared-cook-2,5981.0,5165.0,,9353.0,296480.0,8534.0,296480.0,Jared Cook,jared cook,3,5,44.0,0,0.0,0.0,41.0,26.0,2.0,-7.469218,1,1.0731708,0.14705883,0.16269842,0.33447713,Jared Cook,LAC,3.9766666666666666,3.6229251284401145,7.603999999999999,15.90595322762833,60.0,44.0,0.0,9.113333333333335,4.582649860607186,4.530683472726149,00-0027061,Jared,Cook,J.Cook,REG,LAC,HOU,Jared Cook,CookJa02,0.0,0.0,0.0,49.2
2021,REG,16,00-0034270,T.Conklin,TE,TE,MIN,13675,f0d17dfa-ebf3-416c-a8d2-c6bc30675103,17598.0,47327.0,5133.0,,3915486.0,31220.0,,2165249.0,ConkTy00,tyler-conklin-1,12809.0,13220.0,489.0,31127.0,861278.0,19988.0,861278.0,Tyler Conklin,tyler conklin,4,5,44.0,0,0.0,0.0,18.0,32.0,3.0,2.6998277,0,2.4444444,0.14285715,0.061433446,0.25728914,Tyler Conklin,MIN,4.4425,3.087085120267316,3.3840000000000003,5.784219882401205,80.0,44.0,0.0,8.05,6.09313638209386,1.9568636179061407,00-0034270,Tyler,Conklin,T.Conklin,REG,MIN,LA,Tyler Conklin,ConkTy00,0.0,0.0,0.0,103.3
2021,REG,16,00-0033217,M.Alie-Cox,TE,TE,IND,13246,8809c0dd-786b-4255-a7d0-333c9498c19a,16579.0,12078.0,4054.0,moalie-cox/2558832,2998565.0,30112.0,,2815925.0,AlieMo00,,12196.0,12221.0,195.0,30112.0,712506.0,18900.0,712506.0,Mo Alie-Cox,mo alie-cox,2,4,42.0,0,0.0,0.0,9.0,32.0,1.0,2.349101,0,4.6666665,0.14285715,0.047368422,0.24744362,,,,,,,,,,,,,,,,,REG,IND,ARI,Mo Alie-Cox,AlieMo00,1.0,0.0,0.0,87.5
2021,REG,16,00-0033110,T.Higbee,TE,TE,LA,12678,0df7912d-9e81-47ea-b4f7-d04986df4ee8,15623.0,10744.0,3271.0,,2573401.0,29344.0,,1853103.0,HigbTy00,tyler-higbee-1,10854.0,11430.0,159.0,29344.0,604176.0,18032.0,604176.0,Tyler Higbee,tyler higbee,5,6,41.0,0,0.0,0.0,14.0,25.0,3.0,-3.9913912,0,2.9285715,0.16216215,0.047138046,0.27623987,Tyler Higbee,LAR,8.366,3.5163536827650375,3.6149999999999984,6.582101781324915,83.33333333333334,41.0,0.0,4.602000000000002,5.046247663919393,-0.4442476639193913,00-0033110,Tyler,Higbee,T.Higbee,REG,LA,MIN,Tyler Higbee,HigbTy00,0.0,0.0,0.0,55.6
2021,REG,16,00-0032134,C.Uzomah,TE,TE,CIN,12317,19858900-5c8e-49a7-ab02-34ef625724ca,14084.0,9590.0,2460.0,c.j.uzomah/2552559,2574576.0,28545.0,,2174118.0,UzomC.00,cj-uzomah-1,10462.0,10534.0,,28545.0,593305.0,16917.0,593305.0,C.J. Uzomah,cj uzomah,5,7,36.0,0,0.0,0.0,18.0,25.0,3.0,-0.35659966,0,2.0,0.1521739,0.04699739,0.26115903,C.J. Uzomah,CIN,7.892,3.574334934436891,3.6999999999999997,6.611528054321744,71.42857142857143,36.0,0.0,5.094,5.324903846125926,-0.2309038461259254,00-0032134,Christopher,Uzomah,C.Uzomah,REG,CIN,BAL,C.J. Uzomah,UzomC.00,0.0,1.0,0.143,83.0
2021,REG,16,00-0032725,S.Anderson,TE,TE,LAC,12859,5cb0bf9c-03b4-4201-97c5-a59c6db50841,15760.0,11160.0,3496.0,,2576854.0,29789.0,,1880821.0,AndeSt01,,10885.0,11556.0,,29789.0,607660.0,18262.0,607660.0,Stephen Anderson,stephen anderson,2,2,34.0,0,0.0,0.0,22.0,12.0,2.0,2.8219886,0,1.5454545,0.05882353,0.08730159,0.14934641,,,,,,,,,,,,,,,,,REG,LAC,HOU,Stephen Anderson,AndeSt01,0.0,0.0,0.0,118.7
2021,REG,16,00-0034798,D.Smythe,TE,TE,MIA,13676,7e42a22a-c47b-4387-aeeb-2cc2e76dc1d8,17508.0,47257.0,5008.0,,3052897.0,31093.0,,2082845.0,SmytDu00,durham-smythe-1,12807.0,13249.0,,31093.0,749968.0,19943.0,749968.0,Durham Smythe,durham smythe,3,3,31.0,0,0.0,0.0,17.0,14.0,1.0,1.7855068,0,1.8235294,0.115384616,0.08629441,0.23348302,,,,,,,,,,,,,,,,,REG,MIA,NO,Durham Smythe,SmytDu00,0.0,0.0,0.0,109.7
2021,REG,16,00-0035222,Z.Gentry,TE,TE,PIT,14240,58f18567-a050-49c4-aeca-b34499338b37,18690.0,36049.0,6018.0,,3929924.0,31973.0,,2185708.0,GentZa00,zach-gentry-2,13511.0,14247.0,,31973.0,883079.0,20770.0,883079.0,Zach Gentry,zach gentry,4,4,31.0,0,0.0,0.0,16.0,15.0,3.0,-2.4875815,0,1.9375,0.0952381,0.07272727,0.19376624,,,,,,,,,,,,,,,,,REG,PIT,KC,Zach Gentry,GentZa00,0.0,0.0,0.0,99.0
2021,REG,16,00-0027696,J.Graham,TE,TE,CHI,9925,fd85786d-3900-4dc0-9b30-334ee30413ed,9712.0,5619.0,616.0,jimmygraham/497236,13232.0,24070.0,6610.0,1691166.0,GrahJi00,jimmy-graham-1,6532.0,5842.0,,24070.0,295918.0,11488.0,295918.0,Jimmy Graham,jimmy graham,2,2,30.0,1,0.0,0.0,21.0,9.0,2.0,4.8020835,0,1.4285715,0.057142857,0.10606061,0.15995671,,,,,,,,,,,,,,,,,REG,CHI,SEA,Jimmy Graham,GrahJi00,0.0,0.0,0.0,158.3
2021,REG,16,00-0035644,N.Fant,TE,TE,DEN,14137,cdc98acc-9eb6-4b44-81bb-61d7b8a3b55f,17527.0,42388.0,5857.0,,4036131.0,31852.0,,2251095.0,FantNo00,noah-fant-1,13426.0,14050.0,243.0,31852.0,923911.0,20753.0,923911.0,Noah Fant,noah fant,3,4,30.0,0,0.0,0.0,28.0,4.0,1.0,-1.1706822,0,1.0714285,0.18181819,0.11382114,0.35240206,,,,,,,,,,,,,,,,,REG,DEN,LV,Noah Fant,FantNo00,0.0,0.0,0.0,95.8
2021,REG,16,00-0032214,T.Kroft,TE,TE,NYJ,12212,36f54823-9d51-4180-9c91-d10281deb4bf,13960.0,9518.0,2390.0,tylerkroft/2552586,2582410.0,28473.0,,1824200.0,KrofTy00,tyler-kroft-1,10247.0,10490.0,,28473.0,592268.0,16846.0,592268.0,Tyler Kroft,tyler kroft,3,5,29.0,0,0.0,0.0,22.0,8.0,1.0,-1.3869935,0,1.3181819,0.23809524,0.22222222,0.5126984,Tyler Kroft,NYJ,6.0425,3.736345985178455,4.586,21.21576609918579,60.0,29.0,0.0,2.6833333333333336,2.0790861965375975,0.604247136795736,00-0032214,Tyler,Kroft,T.Kroft,REG,NYJ,JAX,Tyler Kroft,KrofTy00,1.0,1.0,0.2,76.2
2021,REG,16,00-0034351,D.Goedert,TE,TE,PHI,13674,e8029983-87cf-49a2-bc04-04c8233a0630,17270.0,47272.0,5022.0,,3121023.0,31019.0,,2132551.0,GoedDa00,,12860.0,13151.0,382.0,31019.0,791365.0,19863.0,791365.0,Dallas Goedert,dallas goedert,2,4,28.0,0,0.0,0.0,9.0,28.0,1.0,-0.22838226,0,3.1111112,0.14285715,0.04477612,0.245629,,,,,,,,,,,,,,,,,REG,PHI,NYG,Dallas Goedert,GoedDa00,0.0,0.0,0.0,72.9
2021,REG,16,00-0032392,A.Hooper,TE,TE,CLE,12677,90c2a93f-d837-4e1b-b57c-56648903a8db,15581.0,10715.0,3202.0,,3043275.0,29315.0,,2067004.0,HoopAu00,austin-hooper-1,10748.0,11301.0,384.0,29315.0,739424.0,17963.0,739424.0,Austin Hooper,austin hooper,3,5,26.0,0,0.0,0.0,42.0,9.0,1.0,-0.21339464,0,0.61904764,0.1388889,0.1257485,0.29635727,Austin Hooper,CLE,4.198,2.7524326886693897,8.146,12.215091170825335,60.0,26.0,0.0,3.473333333333335,3.364145106692566,0.10918822664076888,00-0032392,Austin,Hooper,A.Hooper,REG,CLE,GB,Austin Hooper,HoopAu00,0.0,0.0,0.0,73.7
2021,REG,16,00-0027656,R.Gronkowski,TE,TE,TB,9902,2142a164-48ad-47d6-bb27-0bc58c6b2e62,9721.0,5567.0,515.0,robgronkowski/497240,13229.0,24017.0,,1244303.0,GronRo00,rob-gronkowski-1,6443.0,5729.0,,24017.0,381091.0,10974.0,381091.0,Rob Gronkowski,rob gronkowski,1,2,23.0,0,0.0,0.0,21.0,5.0,1.0,-0.1309926,0,1.0952381,0.06896552,0.079245284,0.15891998,,,,,,,,,,,,,,,,,REG,TB,CAR,Rob Gronkowski,GronRo00,0.0,0.0,0.0,91.7
2021,REG,16,00-0034829,M.Gesicki,TE,TE,MIA,13672,1012cbe0-7eba-4169-bfca-183a0204e1a7,17272.0,47153.0,4993.0,,3116164.0,31012.0,,2139298.0,GesiMi00,mike-gesicki-1,12764.0,13104.0,330.0,31012.0,836152.0,19853.0,836152.0,Mike Gesicki,mike gesicki,3,4,22.0,0,0.0,0.0,23.0,15.0,1.0,0.55698127,0,0.95652175,0.15384616,0.11675127,0.3124951,,,,,,,,,,,,,,,,,REG,MIA,NO,Mike Gesicki,GesiMi00,0.0,0.0,0.0,87.5
2021,REG,16,00-0037005,T.Tremble,TE,TE,CAR,15332,cbee2fd3-e5f2-4316-bffd-531f1873f032,22795.0,84025.0,7694.0,,4372780.0,33471.0,,2969027.0,TremTo00,tommy-tremble-1,15371.0,,1054.0,33471.0,0.0,,1130555.0,Tommy Tremble,tommy tremble,2,2,22.0,0,0.0,0.0,7.0,15.0,1.0,1.0233345,0,3.142857,0.046511628,0.019337017,0.083303355,,,,,,,,,,,,,,,,,REG,CAR,TB,Tommy Tremble,TremTo00,0.0,0.0,0.0,112.5
2021,REG,16,00-0033288,G.Kittle,TE,TE,SF,13299,2ada91b0-036e-454f-83c3-6d939ff584a9,16499.0,11901.0,4217.0,,3040151.0,30259.0,,2818265.0,KittGe00,george-kittle-1,11892.0,12276.0,298.0,30259.0,733672.0,19063.0,733672.0,George Kittle,george kittle,2,3,21.0,0,0.0,0.0,24.0,5.0,1.0,-4.255786,0,0.875,0.08571429,0.10619469,0.20290771,,,,,,,,,,,,,,,,,REG,SF,TEN,George Kittle,KittGe00,0.0,0.0,0.0,47.2
2021,REG,16,00-0034830,H.Hurst,TE,TE,ATL,13680,1b125fc4-5dd9-4eb9-a42f-048e61ca42b7,17283.0,47294.0,4973.0,,3924365.0,30995.0,,2185053.0,HursHa00,hayden-hurst-1,12467.0,13098.0,8.0,30995.0,881956.0,19843.0,881956.0,Hayden Hurst,hayden hurst,2,2,21.0,1,0.0,0.0,17.0,4.0,1.0,2.452763,0,1.2352941,0.09090909,0.1030303,0.20848484,,,,,,,,,,,,,,,,,REG,ATL,DET,Hayden Hurst,HursHa00,0.0,0.0,0.0,150.0
2021,REG,16,00-0033387,J.Hollister,TE,TE,JAX,13391,ad2a1d03-020b-487a-bd5f-7ca9fbc250fe,16527.0,12051.0,4421.0,,3125404.0,30661.0,,2818962.0,HollJa03,,12271.0,12491.0,,30661.0,696882.0,19281.0,696882.0,Jacob Hollister,jacob hollister,2,2,20.0,0,0.0,0.0,1.0,19.0,1.0,1.5725149,0,20.0,0.057142857,0.0027472528,0.087637365,,,,,,,,,,,,,,,,,REG,JAX,NYJ,Jacob Hollister,HollJa03,0.0,0.0,0.0,108.3
2021,REG,16,00-0033881,E.Engram,TE,TE,NYG,13189,e21365af-8d66-416e-b0a5-8816d18fcfd9,16411.0,11778.0,4066.0,,3051876.0,30136.0,,2079887.0,EngrEv00,evan-engram-1,11805.0,12205.0,229.0,30136.0,749185.0,18912.0,749185.0,Evan Engram,evan engram,4,5,17.0,1,0.0,0.0,18.0,2.0,2.0,2.8755805,0,0.9444444,0.12195122,0.076271184,0.23631667,Evan Engram,NYG,7.765,2.3689623884309894,4.15,8.922812298430445,80.0,17.0,1.0,1.4224999999999994,1.5187788207077233,-0.09627882070772387,00-0033881,Evan,Engram,E.Engram,REG,NYG,PHI,Evan Engram,EngrEv00,0.0,0.0,0.0,120.4
2021,REG,16,00-0033455,A.Firkser,TE,TE,TEN,13919,b0719e3d-199b-46e5-a2b4-1091f6fd5c0d,16787.0,51837.0,4435.0,,3049698.0,30571.0,,2818971.0,FirkAn00,,12235.0,12691.0,,30571.0,767297.0,19296.0,767297.0,Anthony Firkser,anthony firkser,1,1,13.0,0,0.0,0.0,3.0,10.0,1.0,2.020505,0,4.3333335,0.033333335,0.0116731515,0.058171205,,,,,,,,,,,,,,,,,REG,TEN,SF,Anthony Firkser,FirkAn00,0.0,0.0,0.0,118.7
2021,REG,16,00-0036637,N.Gray,TE,TE,KC,15337,c97dfcb6-b999-476f-8487-f3848e92df17,19539.0,60878.0,7828.0,,4240472.0,33550.0,,2866903.0,GrayNo00,noah-gray-1,15459.0,,1059.0,33550.0,0.0,,1056981.0,Noah Gray,noah gray,2,2,12.0,0,0.0,0.0,10.0,2.0,1.0,0.30194223,0,1.2,0.06896552,0.04255319,0.13323551,,,,,,,,,,,,,,,,,REG,KC,PIT,Noah Gray,GrayNo00,0.0,0.0,0.0,91.7
2021,REG,16,00-0037011,T.McKitty,TE,TE,LAC,15333,2ac90a86-c585-4c12-894d-a805a0c94cc3,22807.0,60896.0,7554.0,,4240023.0,33485.0,,2804040.0,McKiTr00,tre-mckitty-1,15252.0,,,33485.0,0.0,,976252.0,Tre' McKitty,tre mckitty,1,1,12.0,0,0.0,0.0,2.0,10.0,1.0,1.5548785,0,6.0,0.029411765,0.007936508,0.049673203,,,,,,,,,,,,,,,,,REG,LAC,HOU,Tre' McKitty,McKiTr00,0.0,0.0,0.0,116.7
2021,REG,16,00-0031273,C.Brate,TE,TE,TB,12110,5afe93fd-0caf-4cca-83fc-7f405bebfa3e,13470.0,9207.0,2214.0,,17453.0,28267.0,,2132787.0,BratCa00,,10008.0,10193.0,,28267.0,552926.0,16593.0,552926.0,Cameron Brate,cameron brate,2,4,11.0,1,0.0,0.0,42.0,3.0,1.0,1.8606005,0,0.26190478,0.13793103,0.15849057,0.31783995,,,,,,,,,,,,,,,,,REG,TB,CAR,Cameron Brate,BratCa00,0.0,0.0,0.0,95.8
2021,REG,16,00-0032062,B.Bell,TE,TE,KC,12213,0cc4e449-185a-4b08-9f07-c907ad0c3e05,13966.0,9550.0,2422.0,,2514206.0,28505.0,,1737101.0,BellBl00,blake-bell-1,10248.0,10366.0,,28505.0,542871.0,16878.0,542871.0,Blake Bell,blake bell,1,1,11.0,0,0.0,0.0,10.0,1.0,1.0,0.67727774,0,1.1,0.03448276,0.04255319,0.08151137,,,,,,,,,,,,,,,,,REG,KC,PIT,Blake Bell,BellBl00,0.0,0.0,0.0,112.5
2021,REG,16,00-0035689,D.Knox,TE,TE,BUF,14143,5fb525c5-4e70-4ede-8c49-94ad0cf66b7d,18631.0,35883.0,5906.0,,3930086.0,31928.0,,2186345.0,KnoxDa00,dawson-knox-1,13466.0,13953.0,88.0,31928.0,884083.0,20850.0,884083.0,Dawson Knox,dawson knox,2,3,11.0,1,0.0,0.0,6.0,6.0,2.0,1.8839133,0,1.8333334,0.069767445,0.021201413,0.11949215,,,,,,,,,,,,,,,,,REG,BUF,NE,Dawson Knox,KnoxDa00,0.0,0.0,0.0,112.5
2021,REG,16,00-0032141,G.Swaim,TE,TE,TEN,12378,d0f9112d-2496-450a-9fc5-d2d01b4d2454,14164.0,9679.0,2545.0,geoffswaim/2553454,3046704.0,28634.0,,2174207.0,SwaiGe00,geoff-swaim-1,10507.0,10617.0,,28634.0,728021.0,17005.0,728021.0,Geoff Swaim,geoff swaim,3,3,10.0,0,0.0,0.0,6.0,4.0,0.0,-0.44529828,0,1.6666666,0.1,0.023346303,0.16634241,,,,,,,,,,,,,,,,,REG,TEN,SF,Geoff Swaim,SwaiGe00,0.0,0.0,0.0,80.6
2021,REG,16,00-0033439,P.Brown,TE,TE,HOU,13994,6733b953-de77-44e5-acbf-c2d3a0940243,16937.0,12247.0,4443.0,,2971281.0,30627.0,,2819155.0,BrowPh01,,11887.0,12737.0,,30627.0,689689.0,19304.0,689689.0,Pharaoh Brown,pharaoh brown,2,3,10.0,0,0.0,0.0,18.0,7.0,0.0,-0.41518477,0,0.5555556,0.11111111,0.086124405,0.22695374,,,,,,,,,,,,,,,,,REG,HOU,LAC,Pharaoh Brown,BrowPh01,0.0,0.0,0.0,71.5
2021,REG,16,00-0033090,H.Henry,TE,TE,NE,12676,705899da-3c20-4bc3-b5d0-2e6e40655131,15561.0,10669.0,3214.0,,3046439.0,29269.0,,2079848.0,HenrHu00,hunter-henry-1,10735.0,11299.0,212.0,29269.0,744425.0,17975.0,744425.0,Hunter Henry,hunter henry,1,6,9.0,0,0.0,0.0,75.0,0.0,0.0,-1.7426078,0,0.12,0.19354838,0.23584905,0.45541692,Hunter Henry,NE,6.715999999999999,2.0675581027101693,10.368333333333334,20.52254808168113,16.666666666666664,9.0,0.0,0.23999999999999488,1.1433340438488813,-0.9033340438488864,00-0033090,Hunter,Henry,H.Henry,REG,NE,BUF,Hunter Henry,HenrHu00,0.0,0.0,0.0,39.6
2021,REG,16,00-0035631,D.Sample,TE,TE,CIN,14146,15a4f552-ecaf-45bd-9006-aa5dda93bee6,18561.0,47259.0,6001.0,,3127310.0,31884.0,,2139646.0,SampDr00,drew-sample-1,13809.0,14111.0,435.0,31884.0,837824.0,20931.0,837824.0,Drew Sample,drew sample,2,2,9.0,0,0.0,0.0,4.0,5.0,0.0,0.2668095,0,2.25,0.04347826,0.010443864,0.072528094,,,,,,,,,,,,,,,,,REG,CIN,BAL,Drew Sample,SampDr00,0.0,0.0,0.0,85.4
2021,REG,16,00-0034672,E.Wolf,TE,TE,NO,14640,db4510bb-e692-4877-9b71-0c8d642bc16c,17486.0,47173.0,5196.0,,3115360.0,31627.0,,2131644.0,,,12743.0,,,31627.0,820736.0,20193.0,820736.0,Ethan Wolf,ethan wolf,2,2,8.0,0,0.0,0.0,2.0,6.0,0.0,-0.390935,0,4.0,0.11111111,0.02631579,0.18508773,,,,,,,,,,,,,,,,,,,,,,,,,
2021,REG,16,00-0034193,K.Rader,TE,TE,PIT,14363,1ea6e870-84ff-44ba-8302-f0f08623fa26,17802.0,30887.0,5171.0,,3049290.0,31441.0,,2925426.0,,,13119.0,13623.0,,31441.0,840531.0,20134.0,840531.0,Kevin Rader,kevin rader,1,2,7.0,0,0.0,0.0,10.0,1.0,0.0,-0.38109633,0,0.7,0.04761905,0.045454547,0.103246756,,,,,,,,,,,,,,,,,,,,,,,,,
2021,REG,16,00-0035345,C.Myarick,TE,TE,NYG,15620,002adaa8-5dc2-4b4b-95bc-53a38dce3849,19098.0,47358.0,6529.0,,3138744.0,32442.0,,3117054.0,,,14282.0,,,32442.0,0.0,21531.0,838318.0,Chris Myarick,chris myarick,1,2,6.0,0,0.0,0.0,9.0,2.0,0.0,-0.35280904,0,0.6666667,0.048780486,0.038135592,0.099865645,,,,,,,,,,,,,,,,,,,,,,,,,
2021,REG,16,00-0036876,K.Granson,TE,TE,IND,15419,bcc0167c-05fd-4b23-981e-60b8784ceb33,22841.0,40630.0,7602.0,,4039160.0,33515.0,,2247146.0,GranKy00,kylen-granson-1,15245.0,,1119.0,33515.0,0.0,,921050.0,Kylen Granson,kylen granson,1,1,6.0,0,0.0,0.0,6.0,0.0,0.0,-0.02523429,0,1.0,0.035714287,0.031578947,0.075676695,,,,,,,,,,,,,,,,,REG,IND,ARI,Kylen Granson,GranKy00,0.0,0.0,0.0,91.7
2021,REG,16,00-0036332,J.Deguara,TE,TE,GB,14876,7874d188-0fcd-4af9-9289-27c27e2bbd16,19456.0,47034.0,7050.0,,3914151.0,32764.0,,2181108.0,DeguJo00,josiah-deguara-1,14629.0,,,32764.0,0.0,21798.0,866149.0,Josiah Deguara,josiah deguara,2,3,5.0,0,0.0,0.0,10.0,9.0,0.0,-2.0935767,0,0.5,0.0882353,0.056497175,0.17190096,,,,,,,,,,,,,,,,,REG,GB,CLE,Josiah Deguara,DeguJo00,0.0,0.0,0.0,70.1
2021,REG,16,00-0034365,I.Thomas,TE,TE,CAR,13678,ed8a8fd2-df67-45e7-a34f-984afb82f6ea,17387.0,42130.0,4995.0,,4045305.0,31071.0,,2253359.0,ThomIa00,ian-thomas-3,12858.0,13163.0,323.0,31071.0,943093.0,19910.0,943093.0,Ian Thomas,ian thomas,1,1,4.0,0,0.0,0.0,3.0,1.0,0.0,-0.3357156,0,1.3333334,0.023255814,0.008287293,0.040684827,,,,,,,,,,,,,,,,,REG,CAR,TB,Ian Thomas,ThomIa00,0.0,0.0,0.0,83.3
2021,REG,16,00-0036754,B.Wright,TE,TE,DET,15626,8f182089-7730-499e-8f2e-87bda32debfb,23341.0,60994.0,7891.0,,4242392.0,33774.0,,2807423.0,WrigBr01,,15681.0,,1162.0,33774.0,0.0,,978120.0,Brock Wright,brock wright,3,3,4.0,0,0.0,0.0,0.0,4.0,1.0,-1.0227548,0,0.0,0.08571429,0.0,0.12857144,,,,,,,,,,,,,,,,,REG,DET,ATL,Brock Wright,WrigBr01,0.0,0.0,0.0,79.2
2021,REG,16,00-0030155,D.Harris,TE,TE,ARI,11448,8506c15c-15cc-4d2c-aebf-270c605fe0ec,11881.0,8524.0,1619.0,demetriusharris/2541187,16318.0,27174.0,,2060074.0,HarrDe03,,9847.0,8683.0,,27174.0,602269.0,15305.0,602269.0,Demetrius Harris,demetrius harris,1,1,3.0,0,0.0,0.0,0.0,3.0,0.0,-0.24322703,0,0.0,0.025641026,0.0,0.03846154,,,,,,,,,,,,,,,,,REG,ARI,IND,Demetrius Harris,HarrDe03,0.0,0.0,0.0,79.2
2021,REG,16,00-0024243,M.Lewis,TE,TE,GB,8269,9c21e9af-681c-41ef-9b00-fbc9e1668ed1,9413.0,2973.0,111.0,marcedeslewis/2495888,9614.0,7777.0,4007.0,415313.0,LewiMa00,marcedes-lewis-1,4891.0,3615.0,,7777.0,214197.0,3061.0,214197.0,Marcedes Lewis,marcedes lewis,2,3,2.0,0,0.0,0.0,2.0,1.0,0.0,-1.5257852,0,1.0,0.0882353,0.011299435,0.14026254,,,,,,,,,,,,,,,,,REG,GB,CLE,Marcedes Lewis,LewiMa00,0.0,0.0,0.0,70.1
2021,REG,16,00-0036232,H.Bryant,TE,TE,CLE,14875,f58a5899-8b78-46e8-a29a-ba6273b7d872,19389.0,26394.0,6850.0,,4040774.0,32785.0,,2241240.0,BryaHa00,harrison-bryant-1,14576.0,,752.0,32785.0,0.0,21783.0,916467.0,Harrison Bryant,harrison bryant,1,1,1.0,1,0.0,0.0,1.0,0.0,1.0,0.6208203,0,1.0,0.027777778,0.002994012,0.043762475,,,,,,,,,,,,,,,,,REG,CLE,GB,Harrison Bryant,BryaHa00,0.0,0.0,0.0,118.7
2021,REG,16,00-0027981,K.Rudolph,TE,TE,NYG,10312,1059e9dc-97df-4643-9116-883a0573d8b1,9906.0,6195.0,943.0,kylerudolph/2495438,14054.0,24830.0,7444.0,1633122.0,RudoKy00,kyle-rudolph-1,7246.0,6459.0,,24830.0,469472.0,13275.0,469472.0,Kyle Rudolph,kyle rudolph,0,1,0.0,0,0.0,0.0,15.0,0.0,0.0,-1.2271465,0,0.0,0.024390243,0.06355932,0.08107689,,,,,,,,,,,,,,,,,REG,NYG,PHI,Kyle Rudolph,RudoKy00,0.0,0.0,0.0,39.6
2021,REG,16,00-0032394,N.Vannett,TE,TE,NO,12680,c731aa8a-778b-4ccd-a19f-517eb66f47b7,15645.0,10728.0,3258.0,,2576399.0,29328.0,,1871322.0,VannNi00,nick-vannett-1,10949.0,11329.0,,29328.0,606488.0,18019.0,606488.0,Nick Vannett,nick vannett,0,1,0.0,0,0.0,0.0,3.0,0.0,0.0,-0.63648635,0,0.0,0.055555556,0.039473683,0.11096491,,,,,,,,,,,,,,,,,REG,NO,MIA,Nick Vannett,VannNi00,0.0,1.0,1.0,39.6
2021,REG,16,00-0033885,D.Njoku,TE,TE,CLE,13192,8f86fcea-90e8-49ea-bc78-5c7659313e57,16399.0,11784.0,4033.0,,3123076.0,30142.0,,2136474.0,NjokDa00,david-njoku-1,11734.0,12186.0,252.0,30142.0,832098.0,18876.0,832098.0,David Njoku,david njoku,0,2,0.0,0,0.0,0.0,24.0,0.0,0.0,-0.64608747,0,0.0,0.055555556,0.07185629,0.13363273,,,,,,,,,,,,,,,,,REG,CLE,GB,David Njoku,NjokDa00,0.0,0.0,0.0,39.6
2021,REG,16,00-0034364,J.Akins,TE,TE,HOU,13753,0cb5a32a-a340-4671-ba2a-93f5fa6aee8d,17415.0,47050.0,5032.0,,3128452.0,31068.0,,2142712.0,AkinJo00,jordan-akins-1,12568.0,13238.0,,31068.0,838396.0,19903.0,838396.0,Jordan Akins,jordan akins,0,1,0.0,0,0.0,0.0,2.0,0.0,0.0,-1.2936449,0,0.0,0.037037037,0.009569378,0.06225412,,,,,,,,,,,,,,,,,REG,HOU,LAC,Jordan Akins,AkinJo00,0.0,1.0,1.0,39.6
2021,REG,16,00-0035356,T.Jackson,TE,TE,PHI,14060,2fc1c9f1-9e85-449a-9a87-fa8203e8e8f9,18591.0,46481.0,6040.0,,3916564.0,32415.0,,2184377.0,,,13551.0,14047.0,,32415.0,881048.0,20823.0,881048.0,Tyree Jackson,tyree jackson,0,1,0.0,0,0.0,0.0,17.0,0.0,0.0,-0.5250515,0,0.0,0.035714287,0.08457711,0.11277541,,,,,,,,,,,,,,,,,,,,,,,,,
2021,REG,16,00-0035956,G.Ricci,TE,TE,CAR,15054,689de342-1d99-4a4d-976d-f6573ef3a8c2,19756.0,13756.0,7216.0,,3916749.0,33151.0,,2189091.0,,,14785.0,,,33151.0,0.0,21732.0,885940.0,Giovanni Ricci,giovanni ricci,0,1,0.0,0,0.0,0.0,6.0,0.0,0.0,-0.53841954,0,0.0,0.023255814,0.016574586,0.04648593,,,,,,,,,,,,,,,,,,,,,,,,,
2021,REG,16,00-0036244,C.Parkinson,TE,TE,SEA,14871,1ea7affb-e5e7-491a-aaa3-55e200b2eb48,19372.0,52266.0,6865.0,,4242557.0,32803.0,,2867522.0,ParkCo02,colby-parkinson-1,14463.0,,565.0,32803.0,0.0,21807.0,1060312.0,Colby Parkinson,colby parkinson,0,1,0.0,0,0.0,0.0,17.0,0.0,0.0,-0.40763468,0,0.0,0.037037037,0.0745614,0.10774854,,,,,,,,,,,,,,,,,REG,SEA,CHI,Colby Parkinson,ParkCo02,0.0,0.0,0.0,39.6
2021,REG,16,00-0036423,A.Okwuegbunam,TE,TE,DEN,14873,617aee8a-70be-4bdf-9a71-2e2b74e647e6,18246.0,41933.0,6843.0,,4035115.0,32788.0,,2245117.0,OkwuAl00,albert-okwuegbunam-1,14369.0,,,32788.0,0.0,21794.0,920077.0,Albert Okwuegbunam,albert okwuegbunam,0,2,0.0,0,0.0,0.0,64.0,0.0,0.0,-1.5691103,0,0.0,0.09090909,0.2601626,0.31847745,,,,,,,,,,,,,,,,,REG,DEN,LV,Albert Okwuegbunam,OkwuAl00,0.0,1.0,0.5,39.6
2021,REG,16,00-0036438,S.Sullivan,TE,TE,CAR,15026,a41b8454-0326-4c56-87a2-f2aac3814961,19641.0,40411.0,6970.0,,4035426.0,32921.0,,2223251.0,SullSt00,stephen-sullivan-1,14570.0,,,32921.0,0.0,21865.0,910808.0,Stephen Sullivan,stephen sullivan,0,1,0.0,0,0.0,0.0,-2.0,0.0,0.0,-0.375625,0,0.0,0.023255814,-0.005524862,0.031016318,,,,,,,,,,,,,,,,,REG,CAR,TB,Stephen Sullivan,SullSt00,0.0,1.0,1.0,39.6
2021,REG,16,00-0033611,R.Seals-Jones,TE,TE,WAS,13382,52735659-a294-4f64-a7f4-3591450834e5,16730.0,12020.0,4531.0,,3051806.0,30494.0,,2080003.0,SealRi00,,11876.0,12463.0,,30494.0,744568.0,19410.0,744568.0,Ricky Seals-Jones,ricky seals-jones,1,1,-4.0,0,0.0,0.0,-4.0,0.0,0.0,-1.1768183,0,0.0,0.033333335,-0.016129032,0.038709678,,,,,,,,,,,,,,,,,REG,WAS,DAL,Ricky Seals-Jones,SealRi00,0.0,0.0,0.0,79.2
2021,REG,17,00-0027656,R.Gronkowski,TE,TE,TB,9902,2142a164-48ad-47d6-bb27-0bc58c6b2e62,9721.0,5567.0,515.0,robgronkowski/497240,13229.0,24017.0,,1244303.0,GronRo00,rob-gronkowski-1,6443.0,5729.0,,24017.0,381091.0,10974.0,381091.0,Rob Gronkowski,rob gronkowski,7,10,115.0,0,0.0,0.0,94.0,62.0,5.0,3.4550955,0,1.2234043,0.20408164,0.18540435,0.4359055,Rob Gronkowski,TB,4.0200000000000005,3.3787086745193684,9.898,19.500374325229522,70.0,115.0,0.0,9.437142857142858,5.5460177540736755,3.8911251030691822,00-0027656,Robert,Gronkowski,R.Gronkowski,REG,TB,NYJ,Rob Gronkowski,GronRo00,2.0,0.0,0.0,108.3
2021,REG,17,00-0035644,N.Fant,TE,TE,DEN,14137,cdc98acc-9eb6-4b44-81bb-61d7b8a3b55f,17527.0,42388.0,5857.0,,4036131.0,31852.0,,2251095.0,FantNo00,noah-fant-1,13426.0,14050.0,243.0,31852.0,923911.0,20753.0,923911.0,Noah Fant,noah fant,6,7,92.0,1,0.0,0.0,37.0,61.0,5.0,4.798973,0,2.4864864,0.25925925,0.16591929,0.50503236,Noah Fant,DEN,4.692,5.043234767432327,5.117142857142858,16.744577412116683,85.71428571428571,92.0,1.0,10.555,4.845794369119029,5.70920563088097,00-0035644,Noah,Fant,N.Fant,REG,DEN,LAC,Noah Fant,FantNo00,0.0,0.0,0.0,158.3
2021,REG,17,00-0034753,M.Andrews,TE,TE,BAL,13671,0618f387-9b72-4270-8b8f-dec4cccc9e4a,17269.0,47436.0,5012.0,,3116365.0,31056.0,,2131121.0,AndrMa00,mark-andrews-1,12559.0,13182.0,366.0,31056.0,820699.0,19803.0,820699.0,Mark Andrews,mark andrews,6,6,89.0,0,0.0,0.0,59.0,30.0,3.0,5.971068,0,1.5084746,0.20689656,0.21851853,0.4633078,Mark Andrews,BAL,6.633333333333333,4.1429446804767815,9.216666666666667,19.805171549315954,100.0,89.0,0.0,5.616666666666667,4.748820681501759,0.8678459851649079,00-0034753,Mark,Andrews,M.Andrews,REG,BAL,LA,Mark Andrews,AndrMa00,0.0,0.0,0.0,118.7
2021,REG,17,00-0034351,D.Goedert,TE,TE,PHI,13674,e8029983-87cf-49a2-bc04-04c8233a0630,17270.0,47272.0,5022.0,,3121023.0,31019.0,,2132551.0,GoedDa00,,12860.0,13151.0,382.0,31019.0,791365.0,19863.0,791365.0,Dallas Goedert,dallas goedert,6,7,71.0,0,0.0,0.0,66.0,15.0,4.0,5.5929623,0,1.0757576,0.28,0.25384617,0.5976923,Dallas Goedert,PHI,4.411666666666666,3.6626777805274053,8.565714285714286,23.32166472189809,85.71428571428571,71.0,0.0,2.233333333333333,3.2779186847991455,-1.0445853514658126,00-0034351,Dallas,Goedert,D.Goedert,REG,PHI,WAS,Dallas Goedert,GoedDa00,0.0,0.0,0.0,108.9
2021,REG,17,00-0033110,T.Higbee,TE,TE,LA,12678,0df7912d-9e81-47ea-b4f7-d04986df4ee8,15623.0,10744.0,3271.0,,2573401.0,29344.0,,1853103.0,HigbTy00,tyler-higbee-1,10854.0,11430.0,159.0,29344.0,604176.0,18032.0,604176.0,Tyler Higbee,tyler higbee,6,9,69.0,0,0.0,0.0,55.0,24.0,3.0,-3.9343348,0,1.2545455,0.25714287,0.22088353,0.54033273,Tyler Higbee,LAR,4.205,4.0244055420877585,5.870000000000001,22.870129870129873,66.66666666666666,69.0,0.0,4.524999999999998,7.076801907040855,-2.5518019070408577,00-0033110,Tyler,Higbee,T.Higbee,REG,LA,BAL,Tyler Higbee,HigbTy00,0.0,0.0,0.0,50.0
2021,REG,17,00-0036970,K.Pitts,TE,TE,ATL,15329,1f3deb24-9ff8-4769-8f42-825eff7742f6,20164.0,83964.0,7553.0,,4360248.0,33392.0,,2964514.0,PittKy00,kyle-pitts-1,15265.0,,1051.0,33392.0,0.0,,1123026.0,Kyle Pitts,kyle pitts,2,4,69.0,0,0.0,0.0,41.0,54.0,1.0,2.0105836,0,1.6829268,0.2,0.23563218,0.4649425,,,,,,,,,,,,,,,,,REG,ATL,BUF,Kyle Pitts,PittKy00,1.0,0.0,0.0,95.8
2021,REG,17,00-0034383,D.Schultz,TE,TE,DAL,13772,8caec1b4-e0b6-4a84-b8c8-617d6e91ef6a,17349.0,47304.0,5001.0,,3117256.0,31107.0,,2136748.0,SchuDa00,dalton-schultz-1,12514.0,13198.0,487.0,31107.0,830523.0,19920.0,830523.0,Dalton Schultz,dalton schultz,6,10,54.0,0,0.0,0.0,46.0,31.0,3.0,3.1997023,0,1.173913,0.2631579,0.2513661,0.57069314,Dalton Schultz,DAL,6.41125,4.554965469271115,4.337999999999999,20.336599315550135,60.0,54.0,0.0,5.5183333333333335,5.315393981983182,0.2029393513501514,00-0034383,Dalton,Schultz,D.Schultz,REG,DAL,ARI,Dalton Schultz,SchuDa00,0.0,1.0,0.1,74.6
2021,REG,17,00-0034829,M.Gesicki,TE,TE,MIA,13672,1012cbe0-7eba-4169-bfca-183a0204e1a7,17272.0,47153.0,4993.0,,3116164.0,31012.0,,2139298.0,GesiMi00,mike-gesicki-1,12764.0,13104.0,330.0,31012.0,836152.0,19853.0,836152.0,Mike Gesicki,mike gesicki,4,7,51.0,0,0.0,0.0,92.0,8.0,3.0,-0.9869341,0,0.5543478,0.18421052,0.24146982,0.44534466,Mike Gesicki,MIA,5.565,2.3723416243125826,11.621428571428568,22.58530220161581,57.14285714285714,51.0,0.0,3.0825000000000014,2.932775924682687,0.14972407531731413,00-0034829,Michael,Gesicki,M.Gesicki,REG,MIA,TEN,Mike Gesicki,GesiMi00,0.0,1.0,0.143,40.5
2021,REG,17,00-0034270,T.Conklin,TE,TE,MIN,13675,f0d17dfa-ebf3-416c-a8d2-c6bc30675103,17598.0,47327.0,5133.0,,3915486.0,31220.0,,2165249.0,ConkTy00,tyler-conklin-1,12809.0,13220.0,489.0,31127.0,861278.0,19988.0,861278.0,Tyler Conklin,tyler conklin,5,9,47.0,0,0.0,0.0,31.0,33.0,2.0,-0.8467304,0,1.516129,0.24324325,0.14418605,0.4657951,Tyler Conklin,MIN,4.062857142857143,3.3279312725375454,4.958888888888889,19.85761957730812,55.55555555555556,47.0,0.0,6.956000000000001,5.572535014882851,1.3834649851171505,00-0034270,Tyler,Conklin,T.Conklin,REG,MIN,GB,Tyler Conklin,ConkTy00,0.0,0.0,0.0,70.1
2021,REG,17,00-0030061,Z.Ertz,TE,TE,ARI,11247,de3421f7-2147-4835-89a5-724e87bad463,11689.0,7816.0,1339.0,zachertz/2540158,15835.0,26658.0,,1685963.0,ErtzZa00,zach-ertz-1,8781.0,8409.0,305.0,26658.0,503177.0,14856.0,503177.0,Zach Ertz,zach ertz,7,9,41.0,0,0.0,0.0,48.0,18.0,1.0,-0.9331304,0,0.8541667,0.24324325,0.15141957,0.47085854,Zach Ertz,ARI,4.39875,2.3297835262898916,5.325555555555555,17.074560934772542,77.77777777777779,41.0,0.0,2.618571428571429,3.7529725405239804,-1.1344011119525512,00-0030061,Zachary,Ertz,Z.Ertz,REG,ARI,DAL,Zach Ertz,ErtzZa00,0.0,0.0,0.0,85.6
2021,REG,17,00-0033090,H.Henry,TE,TE,NE,12676,705899da-3c20-4bc3-b5d0-2e6e40655131,15561.0,10669.0,3214.0,,3046439.0,29269.0,,2079848.0,HenrHu00,hunter-henry-1,10735.0,11299.0,212.0,29269.0,744425.0,17975.0,744425.0,Hunter Henry,hunter henry,3,5,37.0,0,0.0,0.0,44.0,10.0,3.0,2.4468226,0,0.84090906,0.15151516,0.17813765,0.3519691,Hunter Henry,NE,3.646,2.1027855506076483,9.86,19.150093225605964,60.0,37.0,0.0,3.873333333333335,4.341286538509951,-0.46795320517661576,00-0033090,Hunter,Henry,H.Henry,REG,NE,JAX,Hunter Henry,HenrHu00,0.0,0.0,0.0,82.9
2021,REG,17,00-0034798,D.Smythe,TE,TE,MIA,13676,7e42a22a-c47b-4387-aeeb-2cc2e76dc1d8,17508.0,47257.0,5008.0,,3052897.0,31093.0,,2082845.0,SmytDu00,durham-smythe-1,12807.0,13249.0,,31093.0,749968.0,19943.0,749968.0,Durham Smythe,durham smythe,3,3,37.0,0,0.0,0.0,14.0,23.0,2.0,4.73366,0,2.642857,0.078947365,0.036745407,0.14414284,,,,,,,,,,,,,,,,,REG,MIA,TEN,Durham Smythe,SmytDu00,0.0,0.0,0.0,118.1
2021,REG,17,00-0033895,G.Everett,TE,TE,SEA,13236,ebeceb00-57e0-4b74-9cf7-853da2afed18,16459.0,11799.0,4089.0,,3918639.0,30157.0,,2142692.0,EverGe00,gerald-everett-1,11737.0,12284.0,55.0,30157.0,838487.0,18935.0,838487.0,Gerald Everett,gerald everett,3,5,36.0,0,0.0,0.0,46.0,13.0,2.0,2.0383434,0,0.7826087,0.17857143,0.22660099,0.42647782,Gerald Everett,SEA,6.2625,3.8468872607825397,9.32,22.31587012738244,60.0,36.0,0.0,3.9566666666666683,1.890570728679594,2.0660959379870745,00-0033895,Gerald,Everett,G.Everett,REG,SEA,DET,Gerald Everett,EverGe00,1.0,1.0,0.2,82.1
2021,REG,17,00-0036510,K.Yeboah,TE,TE,NYJ,15339,990c2825-ca25-4da9-9966-269363a9bb91,22815.0,42196.0,7597.0,,4044144.0,33705.0,,2256993.0,YeboKe00,,15339.0,,,33705.0,0.0,,943843.0,Kenny Yeboah,kenny yeboah,2,2,36.0,0,0.0,0.0,33.0,3.0,2.0,3.16052,0,1.0909091,0.06666667,0.1563981,0.20947868,,,,,,,,,,,,,,,,,REG,NYJ,TB,Kenny Yeboah,YeboKe00,0.0,0.0,0.0,118.7
2021,REG,17,00-0032062,B.Bell,TE,TE,KC,12213,0cc4e449-185a-4b08-9f07-c907ad0c3e05,13966.0,9550.0,2422.0,,2514206.0,28505.0,,1737101.0,BellBl00,blake-bell-1,10248.0,10366.0,,28505.0,542871.0,16878.0,542871.0,Blake Bell,blake bell,3,3,35.0,0,0.0,0.0,13.0,22.0,1.0,2.391341,0,2.6923077,0.0882353,0.043771043,0.16299267,,,,,,,,,,,,,,,,,REG,KC,CIN,Blake Bell,BellBl00,0.0,0.0,0.0,115.3
2021,REG,17,00-0036628,J.Bates,TE,TE,WAS,15344,3208880b-949f-4926-85eb-1940770550ea,22833.0,42275.0,7716.0,,4048228.0,33512.0,,2257291.0,BateJo00,john-bates-1,15289.0,,,33512.0,0.0,,944038.0,John Bates,john bates,3,4,35.0,0,0.0,0.0,39.0,16.0,2.0,-1.5127257,0,0.8974359,0.11764706,0.23780487,0.342934,,,,,,,,,,,,,,,,,REG,WAS,PHI,John Bates,BateJo00,0.0,0.0,0.0,61.5
2021,REG,17,00-0034365,I.Thomas,TE,TE,CAR,13678,ed8a8fd2-df67-45e7-a34f-984afb82f6ea,17387.0,42130.0,4995.0,,4045305.0,31071.0,,2253359.0,ThomIa00,ian-thomas-3,12858.0,13163.0,323.0,31071.0,943093.0,19910.0,943093.0,Ian Thomas,ian thomas,3,3,33.0,0,0.0,0.0,13.0,20.0,1.0,2.2505684,0,2.5384614,0.125,0.14772727,0.29090908,,,,,,,,,,,,,,,,,REG,CAR,NO,Ian Thomas,ThomIa00,0.0,0.0,0.0,112.5
2021,REG,17,00-0032134,C.Uzomah,TE,TE,CIN,12317,19858900-5c8e-49a7-ab02-34ef625724ca,14084.0,9590.0,2460.0,c.j.uzomah/2552559,2574576.0,28545.0,,2174118.0,UzomC.00,cj-uzomah-1,10462.0,10534.0,,28545.0,593305.0,16917.0,593305.0,C.J. Uzomah,cj uzomah,4,6,32.0,0,0.0,0.0,23.0,20.0,2.0,1.1496675,0,1.3913044,0.15789473,0.08745247,0.29805884,C.J. Uzomah,CIN,5.735,3.1260899877093515,4.6933333333333325,10.763291671444405,66.66666666666666,32.0,0.0,4.532500000000001,3.875931527471664,0.6565684725283365,00-0032134,Christopher,Uzomah,C.Uzomah,REG,CIN,KC,C.J. Uzomah,UzomC.00,0.0,0.0,0.0,79.9
2021,REG,17,00-0035572,P.Hesse,TE,TE,ATL,15564,5aab93f1-bc81-4d83-b105-d579a14eb349,19067.0,48369.0,6662.0,,3144991.0,32588.0,,3117115.0,,,14295.0,,,32588.0,0.0,21569.0,846264.0,Parker Hesse,parker hesse,3,3,31.0,0,0.0,0.0,13.0,18.0,3.0,1.8154147,0,2.3846154,0.15,0.07471264,0.27729884,,,,,,,,,,,,,,,,,,,,,,,,,
2021,REG,17,00-0032098,D.Brown,TE,TE,NYJ,12585,1b016b52-62ba-4da9-9ead-6bad689f8d33,14470.0,10144.0,2751.0,,2519013.0,29102.0,,2175305.0,BrowDa04,,10713.0,11092.0,,29102.0,561380.0,17219.0,561380.0,Daniel Brown,daniel brown,2,2,29.0,0,0.0,0.0,7.0,22.0,1.0,1.3312147,0,4.142857,0.06666667,0.033175357,0.123222746,,,,,,,,,,,,,,,,,REG,NYJ,TB,Daniel Brown,BrowDa04,0.0,0.0,0.0,118.7
2021,REG,17,00-0033288,G.Kittle,TE,TE,SF,13299,2ada91b0-036e-454f-83c3-6d939ff584a9,16499.0,11901.0,4217.0,,3040151.0,30259.0,,2818265.0,KittGe00,george-kittle-1,11892.0,12276.0,298.0,30259.0,733672.0,19063.0,733672.0,George Kittle,george kittle,1,2,29.0,0,0.0,0.0,49.0,2.0,1.0,0.122344434,0,0.59183675,0.08695652,0.1835206,0.2588992,,,,,,,,,,,,,,,,,REG,SF,HOU,George Kittle,KittGe00,0.0,0.0,0.0,56.2
2021,REG,17,00-0032392,A.Hooper,TE,TE,CLE,12677,90c2a93f-d837-4e1b-b57c-56648903a8db,15581.0,10715.0,3202.0,,3043275.0,29315.0,,2067004.0,HoopAu00,austin-hooper-1,10748.0,11301.0,384.0,29315.0,739424.0,17963.0,739424.0,Austin Hooper,austin hooper,2,5,28.0,0,0.0,0.0,38.0,18.0,1.0,-1.1610285,0,0.7368421,0.1388889,0.14615385,0.31064102,Austin Hooper,CLE,4.55,3.4488386778916498,6.392,10.810079485878573,40.0,28.0,0.0,9.530000000000001,7.830372698643259,1.6996273013567418,00-0032392,Austin,Hooper,A.Hooper,REG,CLE,PIT,Austin Hooper,HoopAu00,0.0,3.0,0.6,19.2
2021,REG,17,00-0033217,M.Alie-Cox,TE,TE,IND,13246,8809c0dd-786b-4255-a7d0-333c9498c19a,16579.0,12078.0,4054.0,moalie-cox/2558832,2998565.0,30112.0,,2815925.0,AlieMo00,,12196.0,12221.0,195.0,30112.0,712506.0,18900.0,712506.0,Mo Alie-Cox,mo alie-cox,3,5,28.0,0,1.0,0.0,35.0,6.0,2.0,-0.085907154,0,0.8,0.20833333,0.21084337,0.46009037,Mo Alie-Cox,IND,7.053333333333334,4.434275286658435,7.074000000000001,20.213738712995774,60.0,28.0,0.0,1.3833333333333317,2.5017208269012285,-1.1183874935678968,00-0033217,Mo,Alie-Cox,M.Alie-Cox,REG,IND,LV,Mo Alie-Cox,AlieMo00,0.0,0.0,0.0,75.4
2021,REG,17,00-0033885,D.Njoku,TE,TE,CLE,13192,8f86fcea-90e8-49ea-bc78-5c7659313e57,16399.0,11784.0,4033.0,,3123076.0,30142.0,,2136474.0,NjokDa00,david-njoku-1,11734.0,12186.0,252.0,30142.0,832098.0,18876.0,832098.0,David Njoku,david njoku,4,4,28.0,1,0.0,0.0,22.0,6.0,1.0,4.529641,0,1.2727273,0.11111111,0.08461539,0.22589743,,,,,,,,,,,,,,,,,REG,CLE,PIT,David Njoku,NjokDa00,0.0,0.0,0.0,135.4
2021,REG,17,00-0030506,T.Kelce,TE,TE,KC,11244,c3859e06-5f23-4302-a71b-04820a899d5f,11594.0,7844.0,1466.0,traviskelce/2540258,15847.0,26686.0,,1725130.0,KelcTr00,travis-kelce-1,8783.0,8411.0,264.0,26686.0,448240.0,15048.0,448240.0,Travis Kelce,travis kelce,5,7,25.0,1,0.0,0.0,35.0,14.0,2.0,2.6014955,0,0.71428573,0.20588236,0.11784512,0.3913151,Travis Kelce,KC,4.523999999999999,3.153414894878183,5.305714285714285,12.34830601456262,71.42857142857143,25.0,1.0,2.8040000000000007,3.9557958577645804,-1.1517958577645797,00-0030506,Travis,Kelce,T.Kelce,REG,KC,CIN,Travis Kelce,KelcTr00,0.0,0.0,0.0,116.1
2021,REG,17,00-0036290,C.Kmet,TE,TE,CHI,14867,036feeb6-9a22-43c5-a8e3-7ac611d8ff49,19229.0,60995.0,6826.0,,4258595.0,32713.0,,2868619.0,KmetCo00,cole-kmet-1,14436.0,,569.0,32713.0,0.0,21772.0,1066765.0,Cole Kmet,cole kmet,3,5,25.0,0,0.0,0.0,16.0,20.0,1.0,-4.358684,0,1.5625,0.15151516,0.05970149,0.26906377,Cole Kmet,CHI,6.0249999999999995,2.9954342291468334,3.1379999999999995,5.772839324478458,60.0,25.0,0.0,6.873333333333335,5.218211216667517,1.6551221166658179,00-0036290,Cole,Kmet,C.Kmet,REG,CHI,NYG,Cole Kmet,KmetCo00,0.0,0.0,0.0,33.3
2021,REG,17,00-0033455,A.Firkser,TE,TE,TEN,13919,b0719e3d-199b-46e5-a2b4-1091f6fd5c0d,16787.0,51837.0,4435.0,,3049698.0,30571.0,,2818971.0,FirkAn00,,12235.0,12691.0,,30571.0,767297.0,19296.0,767297.0,Anthony Firkser,anthony firkser,3,3,24.0,1,0.0,0.0,21.0,3.0,1.0,1.5528588,0,1.1428572,0.16666667,0.15671642,0.35970148,,,,,,,,,,,,,,,,,REG,TEN,MIA,Anthony Firkser,FirkAn00,0.0,0.0,0.0,139.6
2021,REG,17,00-0036894,P.Freiermuth,TE,TE,PIT,15331,04f0fefe-9d9d-44f5-94ea-6df2a42df3c6,20163.0,84085.0,7600.0,,4361411.0,33443.0,,2961270.0,FreiPa00,pat-freiermuth-1,15267.0,,1053.0,33443.0,0.0,,1116662.0,Pat Freiermuth,pat freiermuth,5,6,22.0,0,0.0,0.0,11.0,22.0,2.0,-3.1855185,0,2.0,0.13043478,0.038869258,0.22286065,Pat Freiermuth,PIT,8.33,2.7765027818481918,1.500000000000001,3.1505986137366127,83.33333333333334,22.0,0.0,4.155999999999999,1.321290319710215,2.8347096802897838,00-0036894,Pat,Freiermuth,P.Freiermuth,REG,PIT,CLE,Pat Freiermuth,FreiPa00,1.0,0.0,0.0,81.9
2021,REG,17,00-0037011,T.McKitty,TE,TE,LAC,15333,2ac90a86-c585-4c12-894d-a805a0c94cc3,22807.0,60896.0,7554.0,,4240023.0,33485.0,,2804040.0,McKiTr00,tre-mckitty-1,15252.0,,,33485.0,0.0,,976252.0,Tre' McKitty,tre mckitty,3,3,22.0,0,0.0,0.0,7.0,15.0,1.0,1.9176933,0,3.142857,0.1,0.039106146,0.1773743,,,,,,,,,,,,,,,,,REG,LAC,DEN,Tre' McKitty,McKiTr00,0.0,0.0,0.0,97.2
2021,REG,17,00-0033858,J.Smith,TE,TE,NE,13193,e4f25a37-74de-4bfb-b6c9-f50a4fab0b87,16460.0,11855.0,4144.0,,3054212.0,30213.0,,2081506.0,SmitJo01,jonnu-smith-1,11807.0,12344.0,84.0,30213.0,743749.0,18990.0,743749.0,Jonnu Smith,jonnu smith,1,1,20.0,0,0.0,0.0,-3.0,23.0,1.0,1.3049161,0,0.0,0.030303031,-0.012145749,0.03695252,,,,,,,,,,,,,,,,,REG,NE,JAX,Jonnu Smith,SmitJo01,0.0,0.0,0.0,118.7
2021,REG,17,00-0033881,E.Engram,TE,TE,NYG,13189,e21365af-8d66-416e-b0a5-8816d18fcfd9,16411.0,11778.0,4066.0,,3051876.0,30136.0,,2079887.0,EngrEv00,evan-engram-1,11805.0,12205.0,229.0,30136.0,749185.0,18912.0,749185.0,Evan Engram,evan engram,1,2,12.0,0,0.0,0.0,3.0,13.0,1.0,-0.8704638,0,4.0,0.18181819,0.054545455,0.3109091,,,,,,,,,,,,,,,,,REG,NYG,CHI,Evan Engram,EngrEv00,0.0,1.0,0.5,68.7
2021,REG,17,00-0036244,C.Parkinson,TE,TE,SEA,14871,1ea7affb-e5e7-491a-aaa3-55e200b2eb48,19372.0,52266.0,6865.0,,4242557.0,32803.0,,2867522.0,ParkCo02,colby-parkinson-1,14463.0,,565.0,32803.0,0.0,21807.0,1060312.0,Colby Parkinson,colby parkinson,1,1,12.0,0,0.0,0.0,5.0,7.0,1.0,1.9650761,0,2.4,0.035714287,0.024630541,0.07081281,,,,,,,,,,,,,,,,,REG,SEA,DET,Colby Parkinson,ParkCo02,0.0,0.0,0.0,116.7
2021,REG,17,00-0036332,J.Deguara,TE,TE,GB,14876,7874d188-0fcd-4af9-9289-27c27e2bbd16,19456.0,47034.0,7050.0,,3914151.0,32764.0,,2181108.0,DeguJo00,josiah-deguara-1,14629.0,,,32764.0,0.0,21798.0,866149.0,Josiah Deguara,josiah deguara,2,3,11.0,0,0.0,0.0,18.0,10.0,0.0,-0.514675,0,0.6111111,0.071428575,0.069767445,0.15598007,,,,,,,,,,,,,,,,,REG,GB,MIN,Josiah Deguara,DeguJo00,0.0,1.0,0.333,72.9
2021,REG,17,00-0032141,G.Swaim,TE,TE,TEN,12378,d0f9112d-2496-450a-9fc5-d2d01b4d2454,14164.0,9679.0,2545.0,geoffswaim/2553454,3046704.0,28634.0,,2174207.0,SwaiGe00,geoff-swaim-1,10507.0,10617.0,,28634.0,728021.0,17005.0,728021.0,Geoff Swaim,geoff swaim,3,3,9.0,1,0.0,0.0,-1.0,10.0,2.0,0.85711414,0,0.0,0.16666667,-0.0074626864,0.24477611,,,,,,,,,,,,,,,,,REG,TEN,MIA,Geoff Swaim,SwaiGe00,0.0,0.0,0.0,118.7
2021,REG,17,00-0033439,P.Brown,TE,TE,HOU,13994,6733b953-de77-44e5-acbf-c2d3a0940243,16937.0,12247.0,4443.0,,2971281.0,30627.0,,2819155.0,BrowPh01,,11887.0,12737.0,,30627.0,689689.0,19304.0,689689.0,Pharaoh Brown,pharaoh brown,1,1,9.0,0,0.0,0.0,4.0,5.0,0.0,0.64348173,0,2.25,0.033333335,0.023121387,0.06618497,,,,,,,,,,,,,,,,,REG,HOU,SF,Pharaoh Brown,BrowPh01,0.0,0.0,0.0,104.2
2021,REG,17,00-0034981,F.Moreau,TE,TE,LV,14239,9c3a67fd-5c6e-4689-9e08-9ff6d4db6c9a,18397.0,47043.0,5985.0,,3843945.0,31969.0,,2180634.0,MoreFo00,foster-moreau-1,13822.0,14154.0,179.0,31969.0,865573.0,20884.0,865573.0,Foster Moreau,foster moreau,1,1,9.0,0,0.0,0.0,4.0,5.0,0.0,0.6263582,0,2.25,0.03125,0.012944984,0.05593649,,,,,,,,,,,,,,,,,REG,LV,IND,Foster Moreau,MoreFo00,0.0,0.0,0.0,104.2
2021,REG,17,00-0036250,T.Davis,TE,TE,GB,14996,e7a9186e-5e19-4f70-b45c-527c888e6fc7,19811.0,47743.0,7131.0,,3914240.0,32876.0,,2182811.0,DaviTy02,tyler-davis-2,14827.0,,,32876.0,0.0,22138.0,866174.0,Tyler Davis,tyler davis,2,2,9.0,0,0.0,0.0,2.0,7.0,0.0,-0.597651,0,4.5,0.04761905,0.007751938,0.07685493,,,,,,,,,,,,,,,,,REG,GB,MIN,Tyler Davis,DaviTy02,0.0,0.0,0.0,85.4
2021,REG,17,00-0036556,B.Jordan,TE,TE,HOU,15330,8ffb5c07-4aa1-4796-b1ab-30c1ab0ccc4c,20162.0,77887.0,7568.0,,4362504.0,33535.0,,2964787.0,JordBr00,brevin-jordan-1,15369.0,,1052.0,33535.0,0.0,,1121871.0,Brevin Jordan,brevin jordan,1,1,9.0,0,0.0,0.0,3.0,6.0,0.0,-0.03602447,0,3.0,0.033333335,0.01734104,0.06213873,,,,,,,,,,,,,,,,,REG,HOU,SF,Brevin Jordan,JordBr00,0.0,0.0,0.0,104.2
2021,REG,17,00-0032725,S.Anderson,TE,TE,LAC,12859,5cb0bf9c-03b4-4201-97c5-a59c6db50841,15760.0,11160.0,3496.0,,2576854.0,29789.0,,1880821.0,AndeSt01,,10885.0,11556.0,,29789.0,607660.0,18262.0,607660.0,Stephen Anderson,stephen anderson,1,1,8.0,0,0.0,0.0,-4.0,12.0,1.0,0.6325004,0,0.0,0.033333335,-0.022346368,0.03435754,,,,,,,,,,,,,,,,,REG,LAC,DEN,Stephen Anderson,AndeSt01,0.0,0.0,0.0,100.0
2021,REG,17,00-0033611,R.Seals-Jones,TE,TE,WAS,13382,52735659-a294-4f64-a7f4-3591450834e5,16730.0,12020.0,4531.0,,3051806.0,30494.0,,2080003.0,SealRi00,,11876.0,12463.0,,30494.0,744568.0,19410.0,744568.0,Ricky Seals-Jones,ricky seals-jones,1,2,8.0,0,0.0,0.0,26.0,3.0,1.0,0.13283467,0,0.30769232,0.05882353,0.15853658,0.1992109,,,,,,,,,,,,,,,,,REG,WAS,PHI,Ricky Seals-Jones,SealRi00,0.0,0.0,0.0,60.4
2021,REG,17,00-0034159,W.Dissly,TE,TE,SEA,13763,383f4814-6836-4766-a297-fc063e8509cc,18049.0,30762.0,5010.0,,3127292.0,31090.0,,2139628.0,DissWi00,will-dissly-1,12986.0,13246.0,86.0,31090.0,837806.0,19950.0,837806.0,Will Dissly,will dissly,1,1,8.0,0,0.0,0.0,8.0,0.0,0.0,0.6057017,0,1.0,0.035714287,0.039408866,0.08115763,,,,,,,,,,,,,,,,,REG,SEA,DET,Will Dissly,DissWi00,0.0,0.0,0.0,100.0
2021,REG,17,00-0036887,L.Farrell,TE,TE,JAX,15335,8a1f0e8e-6521-4a94-9934-ad4f76a25fd9,19501.0,42353.0,7842.0,,4040612.0,33533.0,,2260977.0,FarrLu00,luke-farrell-1,15566.0,,,33533.0,0.0,,946541.0,Luke Farrell,luke farrell,1,2,7.0,0,0.0,0.0,5.0,7.0,0.0,-1.09049,0,1.4,0.07692308,0.0295858,0.13609467,,,,,,,,,,,,,,,,,REG,JAX,NE,Luke Farrell,FarrLu00,0.0,0.0,0.0,58.3
2021,REG,17,00-0036637,N.Gray,TE,TE,KC,15337,c97dfcb6-b999-476f-8487-f3848e92df17,19539.0,60878.0,7828.0,,4240472.0,33550.0,,2866903.0,GrayNo00,noah-gray-1,15459.0,,1059.0,33550.0,0.0,,1056981.0,Noah Gray,noah gray,1,1,6.0,0,0.0,0.0,4.0,2.0,0.0,-0.8058369,0,1.5,0.029411765,0.013468013,0.053545255,,,,,,,,,,,,,,,,,REG,KC,CIN,Noah Gray,GrayNo00,0.0,0.0,0.0,91.7
2021,REG,17,00-0031273,C.Brate,TE,TE,TB,12110,5afe93fd-0caf-4cca-83fc-7f405bebfa3e,13470.0,9207.0,2214.0,,17453.0,28267.0,,2132787.0,BratCa00,,10008.0,10193.0,,28267.0,552926.0,16593.0,552926.0,Cameron Brate,cameron brate,2,3,5.0,1,0.0,0.0,4.0,1.0,1.0,2.7489533,0,1.25,0.06122449,0.007889546,0.09735942,,,,,,,,,,,,,,,,,REG,TB,NYJ,Cameron Brate,BratCa00,0.0,0.0,0.0,109.7
2021,REG,17,00-0036423,A.Okwuegbunam,TE,TE,DEN,14873,617aee8a-70be-4bdf-9a71-2e2b74e647e6,18246.0,41933.0,6843.0,,4035115.0,32788.0,,2245117.0,OkwuAl00,albert-okwuegbunam-1,14369.0,,,32788.0,0.0,21794.0,920077.0,Albert Okwuegbunam,albert okwuegbunam,2,2,5.0,0,0.0,0.0,-2.0,7.0,1.0,0.31693092,0,0.0,0.074074075,-0.00896861,0.10483308,,,,,,,,,,,,,,,,,REG,DEN,LAC,Albert Okwuegbunam,OkwuAl00,0.0,0.0,0.0,79.2
2021,REG,17,00-0032135,J.James,TE,TE,CHI,12211,a37a5bfd-b48c-4d8b-817a-d8ce7ca3592d,13959.0,9593.0,2463.0,jessejames/2552633,2979590.0,28548.0,,1983808.0,JameJe00,jesse-james-1,10150.0,10403.0,,28548.0,652019.0,16920.0,652019.0,Jesse James,jesse james,1,1,4.0,0,0.0,0.0,3.0,1.0,0.0,-0.76397514,0,1.3333334,0.030303031,0.01119403,0.053290367,,,,,,,,,,,,,,,,,REG,CHI,NYG,Jesse James,JameJe00,0.0,0.0,0.0,83.3
2021,REG,17,00-0036040,J.Johnson,TE,TE,NO,14861,0226b03b-f91d-4223-9813-9fcd2e9c3acc,19562.0,28305.0,7002.0,,3929645.0,33113.0,,2186637.0,JohnJu02,,14630.0,,575.0,33113.0,0.0,21738.0,884609.0,Juwan Johnson,juwan johnson,1,2,4.0,0,0.0,0.0,6.0,1.0,0.0,-1.902604,0,0.6666667,0.08695652,0.034285713,0.15443479,,,,,,,,,,,,,,,,,REG,NO,CAR,Juwan Johnson,JohnJu02,0.0,0.0,0.0,56.2
2021,REG,17,00-0031598,N.Boyle,TE,TE,BAL,12328,9480dd9f-151f-4e6d-b5a3-35f07bda4cac,13963.0,9604.0,2474.0,,2574591.0,28559.0,,1888149.0,BoylNi00,,10252.0,10547.0,,28559.0,608753.0,16931.0,608753.0,Nick Boyle,nick boyle,1,1,2.0,0,0.0,0.0,2.0,0.0,0.0,-0.5896669,0,1.0,0.03448276,0.0074074073,0.056909323,,,,,,,,,,,,,,,,,REG,BAL,LA,Nick Boyle,BoylNi00,0.0,0.0,0.0,79.2
2021,REG,17,00-0036232,H.Bryant,TE,TE,CLE,14875,f58a5899-8b78-46e8-a29a-ba6273b7d872,19389.0,26394.0,6850.0,,4040774.0,32785.0,,2241240.0,BryaHa00,harrison-bryant-1,14576.0,,752.0,32785.0,0.0,21783.0,916467.0,Harrison Bryant,harrison bryant,1,1,1.0,1,0.0,0.0,1.0,0.0,1.0,0.86873245,0,1.0,0.027777778,0.0038461538,0.044358976,,,,,,,,,,,,,,,,,REG,CLE,PIT,Harrison Bryant,BryaHa00,0.0,0.0,0.0,118.7
2021,REG,17,00-0027696,J.Graham,TE,TE,CHI,9925,fd85786d-3900-4dc0-9b30-334ee30413ed,9712.0,5619.0,616.0,jimmygraham/497236,13232.0,24070.0,6610.0,1691166.0,GrahJi00,jimmy-graham-1,6532.0,5842.0,,24070.0,295918.0,11488.0,295918.0,Jimmy Graham,jimmy graham,0,1,0.0,0,0.0,0.0,25.0,0.0,0.0,-0.45600548,0,0.0,0.030303031,0.09328358,0.11075305,,,,,,,,,,,,,,,,,REG,CHI,NYG,Jimmy Graham,GrahJi00,0.0,0.0,0.0,39.6
2021,REG,17,00-0027981,K.Rudolph,TE,TE,NYG,10312,1059e9dc-97df-4643-9116-883a0573d8b1,9906.0,6195.0,943.0,kylerudolph/2495438,14054.0,24830.0,7444.0,1633122.0,RudoKy00,kyle-rudolph-1,7246.0,6459.0,,24830.0,469472.0,13275.0,469472.0,Kyle Rudolph,kyle rudolph,0,1,0.0,0,0.0,0.0,22.0,0.0,0.0,-2.3473923,0,0.0,0.09090909,0.4,0.41636363,,,,,,,,,,,,,,,,,REG,NYG,CHI,Kyle Rudolph,RudoKy00,0.0,0.0,0.0,39.6
2021,REG,17,00-0031484,C.Manhertz,TE,TE,JAX,12955,7c7b5515-7786-4e24-9ce0-34e6a8bd5727,14014.0,10211.0,3048.0,,2531358.0,28365.0,,2167520.0,ManhCh00,,10033.0,10295.0,,28365.0,563293.0,17762.0,563293.0,Chris Manhertz,chris manhertz,0,1,0.0,0,0.0,0.0,5.0,0.0,0.0,-0.77668685,0,0.0,0.03846154,0.0295858,0.07840237,,,,,,,,,,,,,,,,,REG,JAX,NE,Chris Manhertz,ManhCh00,0.0,0.0,0.0,39.6
2021,REG,17,00-0033576,E.Saubert,TE,TE,DEN,13315,582dc00e-e7ec-4ca7-bff0-f7b1d604017b,16706.0,11929.0,4189.0,,2975863.0,30287.0,,2001018.0,SaubEr00,,11897.0,12300.0,,30287.0,694931.0,19035.0,694931.0,Eric Saubert,eric saubert,0,1,0.0,0,0.0,0.0,9.0,0.0,0.0,-0.9411274,0,0.0,0.037037037,0.040358745,0.08380668,,,,,,,,,,,,,,,,,REG,DEN,LAC,Eric Saubert,SaubEr00,0.0,0.0,0.0,39.6
2021,REG,17,00-0035222,Z.Gentry,TE,TE,PIT,14240,58f18567-a050-49c4-aeca-b34499338b37,18690.0,36049.0,6018.0,,3929924.0,31973.0,,2185708.0,GentZa00,zach-gentry-2,13511.0,14247.0,,31973.0,883079.0,20770.0,883079.0,Zach Gentry,zach gentry,1,2,0.0,0,0.0,0.0,1.0,2.0,0.0,-2.0814664,0,0.0,0.04347826,0.003533569,0.06769089,,,,,,,,,,,,,,,,,REG,PIT,CLE,Zach Gentry,GentZa00,0.0,0.0,0.0,56.2
2021,REG,17,00-0035689,D.Knox,TE,TE,BUF,14143,5fb525c5-4e70-4ede-8c49-94ad0cf66b7d,18631.0,35883.0,5906.0,,3930086.0,31928.0,,2186345.0,KnoxDa00,dawson-knox-1,13466.0,13953.0,88.0,31928.0,884083.0,20850.0,884083.0,Dawson Knox,dawson knox,0,2,0.0,0,0.0,0.0,20.0,0.0,0.0,-1.1136354,0,0.0,0.083333336,0.08658009,0.18560606,,,,,,,,,,,,,,,,,REG,BUF,ATL,Dawson Knox,KnoxDa00,0.0,0.0,0.0,39.6
2021,REG,17,00-0036456,D.Dafney,TE,TE,GB,15214,921d49c2-64d1-4108-a3a3-0c237e17748a,22672.0,62825.0,7502.0,,4036129.0,33367.0,,3172375.0,DafnDo00,,15181.0,,,33367.0,0.0,22477.0,976393.0,Dominique Dafney,dominique dafney,0,1,0.0,0,0.0,0.0,-1.0,0.0,0.0,-0.48295507,0,0.0,0.023809524,-0.003875969,0.033001106,,,,,,,,,,,,,,,,,REG,GB,MIN,Dominique Dafney,DafnDo00,0.0,0.0,0.0,39.6
2021,REG,18,00-0027656,R.Gronkowski,TE,TE,TB,9902,2142a164-48ad-47d6-bb27-0bc58c6b2e62,9721.0,5567.0,515.0,robgronkowski/497240,13229.0,24017.0,,1244303.0,GronRo00,rob-gronkowski-1,6443.0,5729.0,,24017.0,381091.0,10974.0,381091.0,Rob Gronkowski,rob gronkowski,7,10,137.0,0,0.0,0.0,114.0,62.0,5.0,7.1281247,0,1.2017543,0.2631579,0.40140846,0.6757228,Rob Gronkowski,TB,4.380000000000001,4.274296375327359,11.155000000000003,39.174714661984204,70.0,137.0,0.0,9.329999999999998,7.673289334145742,1.6567106658542565,00-0027656,Robert,Gronkowski,R.Gronkowski,REG,TB,CAR,Rob Gronkowski,GronRo00,3.0,0.0,0.0,112.5
2021,REG,18,00-0033090,H.Henry,TE,TE,NE,12676,705899da-3c20-4bc3-b5d0-2e6e40655131,15561.0,10669.0,3214.0,,3046439.0,29269.0,,2079848.0,HenrHu00,hunter-henry-1,10735.0,11299.0,212.0,29269.0,744425.0,17975.0,744425.0,Hunter Henry,hunter henry,5,6,86.0,0,0.0,0.0,73.0,10.0,2.0,4.556987,0,1.1780822,0.2,0.30041152,0.51028806,Hunter Henry,NE,6.5424999999999995,3.3965587234776655,13.659999999999998,32.52380952380952,83.33333333333334,86.0,0.0,3.056,3.9410002588206225,-0.8850002588206225,00-0033090,Hunter,Henry,H.Henry,REG,NE,MIA,Hunter Henry,HenrHu00,0.0,0.0,0.0,118.7
2021,REG,18,00-0034753,M.Andrews,TE,TE,BAL,13671,0618f387-9b72-4270-8b8f-dec4cccc9e4a,17269.0,47436.0,5012.0,,3116365.0,31056.0,,2131121.0,AndrMa00,mark-andrews-1,12559.0,13182.0,366.0,31056.0,820699.0,19803.0,820699.0,Mark Andrews,mark andrews,8,15,85.0,0,0.0,0.0,186.0,34.0,3.0,-8.381556,0,0.45698926,0.46875,0.66906476,1.1714703,Mark Andrews,BAL,4.196,1.8065499422787634,11.792666666666666,61.526956521739116,53.333333333333336,85.0,0.0,4.458750000000002,3.978318234466883,0.48043176553311895,00-0034753,Mark,Andrews,M.Andrews,REG,BAL,PIT,Mark Andrews,AndrMa00,0.0,0.0,0.0,30.6
2021,REG,18,00-0030061,Z.Ertz,TE,TE,ARI,11247,de3421f7-2147-4835-89a5-724e87bad463,11689.0,7816.0,1339.0,zachertz/2540158,15835.0,26658.0,,1685963.0,ErtzZa00,zach-ertz-1,8781.0,8409.0,305.0,26658.0,503177.0,14856.0,503177.0,Zach Ertz,zach ertz,7,10,84.0,0,0.0,0.0,114.0,20.0,4.0,3.1714473,0,0.7368421,0.25641027,0.45238096,0.701282,Zach Ertz,ARI,6.48888888888889,3.095743212509477,13.193999999999999,52.27623915369072,70.0,84.0,0.0,2.865714285714286,2.4477238300683957,0.41799045564589044,00-0030061,Zachary,Ertz,Z.Ertz,REG,ARI,SEA,Zach Ertz,ErtzZa00,0.0,0.0,0.0,95.4
2021,REG,18,00-0027061,J.Cook,TE,TE,LAC,9474,3b7a1409-d154-4e5c-8c94-9d4a0e0993c7,9265.0,5012.0,367.0,jaredcook/71265,12537.0,9353.0,6126.0,584314.0,CookJa02,jared-cook-2,5981.0,5165.0,,9353.0,296480.0,8534.0,296480.0,Jared Cook,jared cook,4,7,80.0,0,0.0,0.0,94.0,24.0,3.0,4.1710677,0,0.85106385,0.109375,0.14944357,0.268673,Jared Cook,LAC,6.058571428571429,2.1847119077408763,12.89857142857143,14.196540880503147,57.14285714285714,80.0,0.0,6.697499999999999,5.271780497128958,1.4257195028710408,00-0027061,Jared,Cook,J.Cook,REG,LAC,LV,Jared Cook,CookJa02,0.0,0.0,0.0,97.3
2021,REG,18,00-0036332,J.Deguara,TE,TE,GB,14876,7874d188-0fcd-4af9-9289-27c27e2bbd16,19456.0,47034.0,7050.0,,3914151.0,32764.0,,2181108.0,DeguJo00,josiah-deguara-1,14629.0,,,32764.0,0.0,21798.0,866149.0,Josiah Deguara,josiah deguara,3,4,66.0,1,0.0,0.0,-2.0,67.0,1.0,-0.019904874,0,0.0,0.114285715,-0.009259259,0.16494709,,,,,,,,,,,,,,,,,REG,GB,DET,Josiah Deguara,DeguJo00,1.0,0.0,0.0,156.2
2021,REG,18,00-0033455,A.Firkser,TE,TE,TEN,13919,b0719e3d-199b-46e5-a2b4-1091f6fd5c0d,16787.0,51837.0,4435.0,,3049698.0,30571.0,,2818971.0,FirkAn00,,12235.0,12691.0,,30571.0,767297.0,19296.0,767297.0,Anthony Firkser,anthony firkser,4,4,56.0,1,0.0,0.0,42.0,14.0,3.0,7.2451587,0,1.3333334,0.125,0.12844037,0.27740824,,,,,,,,,,,,,,,,,REG,TEN,HOU,Anthony Firkser,FirkAn00,0.0,0.0,0.0,158.3
2021,REG,18,00-0033110,T.Higbee,TE,TE,LA,12678,0df7912d-9e81-47ea-b4f7-d04986df4ee8,15623.0,10744.0,3271.0,,2573401.0,29344.0,,1853103.0,HigbTy00,tyler-higbee-1,10854.0,11430.0,159.0,29344.0,604176.0,18032.0,604176.0,Tyler Higbee,tyler higbee,6,8,55.0,2,0.0,0.0,49.0,13.0,3.0,5.9013734,0,1.1224489,0.25,0.176259,0.4983813,Tyler Higbee,LAR,9.645714285714286,2.715358073134352,6.6949999999999985,18.907755851307936,75.0,55.0,2.0,2.951666666666668,4.53780728421513,-1.5861406175484616,00-0033110,Tyler,Higbee,T.Higbee,REG,LA,SF,Tyler Higbee,HigbTy00,0.0,0.0,0.0,132.8
2021,REG,18,00-0036894,P.Freiermuth,TE,TE,PIT,15331,04f0fefe-9d9d-44f5-94ea-6df2a42df3c6,20163.0,84085.0,7600.0,,4361411.0,33443.0,,2961270.0,FreiPa00,pat-freiermuth-1,15267.0,,1053.0,33443.0,0.0,,1116662.0,Pat Freiermuth,pat freiermuth,6,9,53.0,0,0.0,0.0,56.0,26.0,4.0,3.743043,0,0.9464286,0.20454545,0.19787987,0.44533408,Pat Freiermuth,PIT,4.185,2.2993231307548374,6.150000000000001,21.22478717693075,66.66666666666666,53.0,0.0,4.519999999999999,3.4583166358086523,1.0616833641913463,00-0036894,Pat,Freiermuth,P.Freiermuth,REG,PIT,BAL,Pat Freiermuth,FreiPa00,2.0,0.0,0.0,82.2
2021,REG,18,00-0036754,B.Wright,TE,TE,DET,15626,8f182089-7730-499e-8f2e-87bda32debfb,23341.0,60994.0,7891.0,,4242392.0,33774.0,,2807423.0,WrigBr01,,15681.0,,1162.0,33774.0,0.0,,978120.0,Brock Wright,brock wright,2,2,51.0,1,0.0,0.0,23.0,28.0,2.0,4.718286,0,2.2173913,0.06896552,0.1036036,0.1759708,,,,,,,,,,,,,,,,,REG,DET,GB,Brock Wright,WrigBr01,0.0,0.0,0.0,158.3
2021,REG,18,00-0034981,F.Moreau,TE,TE,LV,14239,9c3a67fd-5c6e-4689-9e08-9ff6d4db6c9a,18397.0,47043.0,5985.0,,3843945.0,31969.0,,2180634.0,MoreFo00,foster-moreau-1,13822.0,14154.0,179.0,31969.0,865573.0,20884.0,865573.0,Foster Moreau,foster moreau,2,2,50.0,0,1.0,0.0,8.0,42.0,1.0,4.4564466,0,6.25,0.060606062,0.033472802,0.11434005,,,,,,,,,,,,,,,,,REG,LV,LAC,Foster Moreau,MoreFo00,0.0,0.0,0.0,118.7
2021,REG,18,00-0035689,D.Knox,TE,TE,BUF,14143,5fb525c5-4e70-4ede-8c49-94ad0cf66b7d,18631.0,35883.0,5906.0,,3930086.0,31928.0,,2186345.0,KnoxDa00,dawson-knox-1,13466.0,13953.0,88.0,31928.0,884083.0,20850.0,884083.0,Dawson Knox,dawson knox,3,5,49.0,0,0.0,0.0,38.0,30.0,2.0,2.2287092,0,1.2894737,0.11111111,0.090692125,0.23015115,Dawson Knox,BUF,3.75,1.8378126427869776,6.905999999999999,7.9093845202373005,60.0,49.0,0.0,10.953333333333333,7.724423196389732,3.2289101369436013,00-0035689,Dawson,Knox,D.Knox,REG,BUF,NYJ,Dawson Knox,KnoxDa00,0.0,0.0,0.0,92.9
2021,REG,18,00-0036290,C.Kmet,TE,TE,CHI,14867,036feeb6-9a22-43c5-a8e3-7ac611d8ff49,19229.0,60995.0,6826.0,,4258595.0,32713.0,,2868619.0,KmetCo00,cole-kmet-1,14436.0,,569.0,32713.0,0.0,21772.0,1066765.0,Cole Kmet,cole kmet,4,5,48.0,0,0.0,0.0,48.0,19.0,2.0,2.524148,0,1.0,0.10869565,0.15286624,0.27004984,Cole Kmet,CHI,6.076666666666667,2.878485816029733,8.486,12.347942494616143,80.0,48.0,0.0,5.65,4.014765231784054,1.6352347682159465,00-0036290,Cole,Kmet,C.Kmet,REG,CHI,MIN,Cole Kmet,KmetCo00,0.0,0.0,0.0,106.7
2021,REG,18,00-0035222,Z.Gentry,TE,TE,PIT,14240,58f18567-a050-49c4-aeca-b34499338b37,18690.0,36049.0,6018.0,,3929924.0,31973.0,,2185708.0,GentZa00,zach-gentry-2,13511.0,14247.0,,31973.0,883079.0,20770.0,883079.0,Zach Gentry,zach gentry,4,5,39.0,0,0.0,0.0,14.0,26.0,2.0,1.3634591,0,2.7857144,0.11363637,0.049469966,0.20508352,Zach Gentry,PIT,4.672499999999999,3.83752910707893,2.7399999999999998,5.253470358156301,80.0,39.0,0.0,6.83,6.5801211142143075,0.24987888578569262,00-0035222,Zach,Gentry,Z.Gentry,REG,PIT,BAL,Zach Gentry,GentZa00,0.0,0.0,0.0,99.2
2021,REG,18,00-0030506,T.Kelce,TE,TE,KC,11244,c3859e06-5f23-4302-a71b-04820a899d5f,11594.0,7844.0,1466.0,traviskelce/2540258,15847.0,26686.0,,1725130.0,KelcTr00,travis-kelce-1,8783.0,8411.0,264.0,26686.0,448240.0,15048.0,448240.0,Travis Kelce,travis kelce,4,5,34.0,1,0.0,0.0,30.0,10.0,3.0,5.6251287,0,1.1333333,0.11904762,0.12295082,0.264637,Travis Kelce,KC,8.043333333333333,3.5984855090415584,6.0580000000000025,11.960041064518679,80.0,34.0,1.0,2.5599999999999987,1.9709224478753242,0.5890775521246745,00-0030506,Travis,Kelce,T.Kelce,REG,KC,DEN,Travis Kelce,KelcTr00,0.0,0.0,0.0,134.6
2021,REG,18,00-0034830,H.Hurst,TE,TE,ATL,13680,1b125fc4-5dd9-4eb9-a42f-048e61ca42b7,17283.0,47294.0,4973.0,,3924365.0,30995.0,,2185053.0,HursHa00,hayden-hurst-1,12467.0,13098.0,8.0,30995.0,881956.0,19843.0,881956.0,Hayden Hurst,hayden hurst,1,1,33.0,0,0.0,0.0,33.0,0.0,1.0,2.6347258,0,1.0,0.032258064,0.10122699,0.11924599,,,,,,,,,,,,,,,,,REG,ATL,NO,Hayden Hurst,HursHa00,0.0,0.0,0.0,118.7
2021,REG,18,00-0034798,D.Smythe,TE,TE,MIA,13676,7e42a22a-c47b-4387-aeeb-2cc2e76dc1d8,17508.0,47257.0,5008.0,,3052897.0,31093.0,,2082845.0,SmytDu00,durham-smythe-1,12807.0,13249.0,,31093.0,749968.0,19943.0,749968.0,Durham Smythe,durham smythe,2,2,32.0,0,0.0,0.0,12.0,20.0,2.0,1.9724388,0,2.6666667,0.0952381,0.10084034,0.21344538,,,,,,,,,,,,,,,,,REG,MIA,NE,Durham Smythe,SmytDu00,0.0,0.0,0.0,118.7
2021,REG,18,00-0033217,M.Alie-Cox,TE,TE,IND,13246,8809c0dd-786b-4255-a7d0-333c9498c19a,16579.0,12078.0,4054.0,moalie-cox/2558832,2998565.0,30112.0,,2815925.0,AlieMo00,,12196.0,12221.0,195.0,30112.0,712506.0,18900.0,712506.0,Mo Alie-Cox,mo alie-cox,2,3,27.0,0,0.0,0.0,36.0,8.0,1.0,-2.5153139,0,0.75,0.10344828,0.12040134,0.23945335,,,,,,,,,,,,,,,,,REG,IND,JAX,Mo Alie-Cox,AlieMo00,0.0,0.0,0.0,55.6
2021,REG,18,00-0036456,D.Dafney,TE,TE,GB,15214,921d49c2-64d1-4108-a3a3-0c237e17748a,22672.0,62825.0,7502.0,,4036129.0,33367.0,,3172375.0,DafnDo00,,15181.0,,,33367.0,0.0,22477.0,976393.0,Dominique Dafney,dominique dafney,1,1,26.0,0,0.0,0.0,-1.0,27.0,1.0,1.6633545,0,0.0,0.028571429,-0.0046296297,0.039616402,,,,,,,,,,,,,,,,,REG,GB,DET,Dominique Dafney,DafnDo00,0.0,0.0,0.0,118.7
2021,REG,18,00-0031610,D.Waller,TE,TE,LV,12263,14c97c9f-26e8-4944-9299-f90de6aeada3,14104.0,9637.0,2505.0,,2576925.0,28592.0,,1850793.0,WallDa01,darren-waller-1,10215.0,10433.0,,28592.0,600191.0,16964.0,600191.0,Darren Waller,darren waller,2,9,22.0,0,0.0,0.0,68.0,17.0,1.0,-4.8294277,0,0.32352942,0.27272728,0.28451884,0.6082541,Darren Waller,LV,7.204444444444444,1.811023350389081,9.088888888888889,33.329258851811105,22.22222222222222,22.0,0.0,9.54,8.969153276281304,0.5708467237186952,00-0031610,Darren,Waller,D.Waller,REG,LV,LAC,Darren Waller,WallDa01,0.0,1.0,0.111,39.6
2021,REG,18,00-0034829,M.Gesicki,TE,TE,MIA,13672,1012cbe0-7eba-4169-bfca-183a0204e1a7,17272.0,47153.0,4993.0,,3116164.0,31012.0,,2139298.0,GesiMi00,mike-gesicki-1,12764.0,13104.0,330.0,31012.0,836152.0,19853.0,836152.0,Mike Gesicki,mike gesicki,2,3,22.0,0,0.0,0.0,23.0,7.0,1.0,0.13839643,0,0.95652175,0.14285715,0.19327731,0.34957984,,,,,,,,,,,,,,,,,REG,MIA,NE,Mike Gesicki,GesiMi00,0.0,0.0,0.0,88.2
2021,REG,18,00-0035356,T.Jackson,TE,TE,PHI,14060,2fc1c9f1-9e85-449a-9a87-fa8203e8e8f9,18591.0,46481.0,6040.0,,3916564.0,32415.0,,2184377.0,,,13551.0,14047.0,,32415.0,881048.0,20823.0,881048.0,Tyree Jackson,tyree jackson,3,5,22.0,1,0.0,0.0,38.0,7.0,2.0,1.4693412,0,0.57894737,0.14705883,0.17272727,0.34149733,Tyree Jackson,PHI,5.1,3.4469974489466297,8.190000000000001,18.062723302897975,60.0,22.0,1.0,2.690000000000003,2.5261283719663274,0.1638716280336756,00-0035356,Tyree,Jackson,T.Jackson,,,,,,,,,
2021,REG,18,00-0034383,D.Schultz,TE,TE,DAL,13772,8caec1b4-e0b6-4a84-b8c8-617d6e91ef6a,17349.0,47304.0,5001.0,,3117256.0,31107.0,,2136748.0,SchuDa00,dalton-schultz-1,12514.0,13198.0,487.0,31107.0,830523.0,19920.0,830523.0,Dalton Schultz,dalton schultz,3,3,21.0,2,0.0,0.0,20.0,1.0,2.0,5.5266,0,1.05,0.10714286,0.08547009,0.22054334,,,,,,,,,,,,,,,,,REG,DAL,PHI,Dalton Schultz,SchuDa00,0.0,0.0,0.0,135.4
2021,REG,18,00-0033895,G.Everett,TE,TE,SEA,13236,ebeceb00-57e0-4b74-9cf7-853da2afed18,16459.0,11799.0,4089.0,,3918639.0,30157.0,,2142692.0,EverGe00,gerald-everett-1,11737.0,12284.0,55.0,30157.0,838487.0,18935.0,838487.0,Gerald Everett,gerald everett,1,3,20.0,0,0.0,0.0,34.0,12.0,1.0,0.60044426,0,0.5882353,0.115384616,0.10691824,0.2479197,,,,,,,,,,,,,,,,,REG,SEA,ARI,Gerald Everett,EverGe00,1.0,1.0,0.333,57.6
2021,REG,18,00-0036422,A.Trautman,TE,TE,NO,14870,4e14183b-f974-4745-9d7f-8f5eb2a92a7d,19423.0,109795.0,6869.0,,3911853.0,32775.0,,2182228.0,TrauAd00,,14541.0,,566.0,32775.0,0.0,21786.0,875444.0,Adam Trautman,adam trautman,1,1,18.0,1,0.0,0.0,14.0,4.0,1.0,2.255516,0,1.2857143,0.04347826,0.07650273,0.1187693,,,,,,,,,,,,,,,,,REG,NO,ATL,Adam Trautman,TrauAd00,0.0,0.0,0.0,158.3
2021,REG,18,00-0027981,K.Rudolph,TE,TE,NYG,10312,1059e9dc-97df-4643-9116-883a0573d8b1,9906.0,6195.0,943.0,kylerudolph/2495438,14054.0,24830.0,7444.0,1633122.0,RudoKy00,kyle-rudolph-1,7246.0,6459.0,,24830.0,469472.0,13275.0,469472.0,Kyle Rudolph,kyle rudolph,4,6,17.0,0,0.0,0.0,30.0,14.0,0.0,-1.4109112,0,0.56666666,0.2,0.14851485,0.4039604,Kyle Rudolph,NYG,5.744000000000001,2.4179824185624503,5.151666666666667,15.985726106743897,66.66666666666666,17.0,0.0,3.5024999999999995,2.984382661181499,0.5181173388185005,00-0027981,Kyle,Rudolph,K.Rudolph,REG,NYG,WAS,Kyle Rudolph,RudoKy00,0.0,0.0,0.0,70.1
2021,REG,18,00-0027696,J.Graham,TE,TE,CHI,9925,fd85786d-3900-4dc0-9b30-334ee30413ed,9712.0,5619.0,616.0,jimmygraham/497236,13232.0,24070.0,6610.0,1691166.0,GrahJi00,jimmy-graham-1,6532.0,5842.0,,24070.0,295918.0,11488.0,295918.0,Jimmy Graham,jimmy graham,2,2,16.0,0,0.0,0.0,12.0,4.0,1.0,1.7895985,0,1.3333334,0.04347826,0.03821656,0.09196898,,,,,,,,,,,,,,,,,REG,CHI,MIN,Jimmy Graham,GrahJi00,0.0,0.0,0.0,100.0
2021,REG,18,00-0035644,N.Fant,TE,TE,DEN,14137,cdc98acc-9eb6-4b44-81bb-61d7b8a3b55f,17527.0,42388.0,5857.0,,4036131.0,31852.0,,2251095.0,FantNo00,noah-fant-1,13426.0,14050.0,243.0,31852.0,923911.0,20753.0,923911.0,Noah Fant,noah fant,1,2,16.0,0,0.0,0.0,28.0,1.0,1.0,0.2227934,0,0.5714286,0.083333336,0.104477614,0.19813433,,,,,,,,,,,,,,,,,REG,DEN,KC,Noah Fant,FantNo00,0.0,0.0,0.0,77.1
2021,REG,18,00-0035771,M.Wilcox,TE,TE,CIN,15563,b2d98b60-b4b3-4610-81d2-2154c723fdbb,19510.0,47234.0,6894.0,,3923392.0,33171.0,,2188431.0,,,14634.0,,,33171.0,0.0,21800.0,885394.0,Mitchell Wilcox,mitchell wilcox,3,5,16.0,0,0.0,0.0,19.0,8.0,0.0,-1.8508235,0,0.84210527,0.1724138,0.11585366,0.33971825,Mitchell Wilcox,CIN,8.32,2.8125310704010893,3.2340000000000004,11.508896797153023,60.0,16.0,0.0,3.0499999999999994,2.8341034093211683,0.21589659067883105,00-0035771,Mitchell,Wilcox,M.Wilcox,,,,,,,,,
2021,REG,18,00-0033387,J.Hollister,TE,TE,JAX,13391,ad2a1d03-020b-487a-bd5f-7ca9fbc250fe,16527.0,12051.0,4421.0,,3125404.0,30661.0,,2818962.0,HollJa03,,12271.0,12491.0,,30661.0,696882.0,19281.0,696882.0,Jacob Hollister,jacob hollister,3,3,14.0,0,0.0,0.0,7.0,7.0,0.0,-0.5024941,0,2.0,0.09375,0.037837837,0.16711149,,,,,,,,,,,,,,,,,REG,JAX,IND,Jacob Hollister,HollJa03,0.0,0.0,0.0,86.1
2021,REG,18,00-0036244,C.Parkinson,TE,TE,SEA,14871,1ea7affb-e5e7-491a-aaa3-55e200b2eb48,19372.0,52266.0,6865.0,,4242557.0,32803.0,,2867522.0,ParkCo02,colby-parkinson-1,14463.0,,565.0,32803.0,0.0,21807.0,1060312.0,Colby Parkinson,colby parkinson,2,3,14.0,0,0.0,0.0,25.0,6.0,1.0,0.7304442,0,0.56,0.115384616,0.07861635,0.22810838,,,,,,,,,,,,,,,,,REG,SEA,ARI,Colby Parkinson,ParkCo02,0.0,0.0,0.0,77.1
2021,REG,18,00-0031273,C.Brate,TE,TE,TB,12110,5afe93fd-0caf-4cca-83fc-7f405bebfa3e,13470.0,9207.0,2214.0,,17453.0,28267.0,,2132787.0,BratCa00,,10008.0,10193.0,,28267.0,552926.0,16593.0,552926.0,Cameron Brate,cameron brate,2,3,12.0,0,0.0,0.0,11.0,5.0,0.0,-1.7514168,0,1.0909091,0.078947365,0.038732395,0.14553373,,,,,,,,,,,,,,,,,REG,TB,CAR,Cameron Brate,BratCa00,0.0,1.0,0.333,74.3
2021,REG,18,00-0030181,J.Doyle,TE,TE,IND,11516,bd413539-9351-454e-9d61-4e8635d7e9f5,11987.0,8520.0,1706.0,jackdoyle/2540232,16504.0,27299.0,,2041264.0,DoylJa00,,9081.0,9075.0,,27299.0,477386.0,15602.0,477386.0,Jack Doyle,jack doyle,1,2,11.0,0,0.0,0.0,0.0,12.0,1.0,-1.1650462,0,0.0,0.06896552,0.0,0.10344828,,,,,,,,,,,,,,,,,REG,IND,JAX,Jack Doyle,DoylJa00,0.0,0.0,0.0,66.7
2021,REG,18,00-0031384,R.Rodgers,TE,TE,PHI,11785,e00b3426-238b-4bdb-85c3-bbf08b7469e3,12233.0,8733.0,2146.0,richardrodgers/2550313,16786.0,27626.0,,2129433.0,RodgRi00,richard-rodgers-1,9559.0,9547.0,,27626.0,607699.0,16491.0,607699.0,Richard Rodgers,richard rodgers,2,2,11.0,0,0.0,0.0,1.0,10.0,0.0,0.06639155,0,11.0,0.05882353,0.0045454544,0.09141711,,,,,,,,,,,,,,,,,REG,PHI,DAL,Richard Rodgers,RodgRi00,0.0,0.0,0.0,89.6
2021,REG,18,00-0033885,D.Njoku,TE,TE,CLE,13192,8f86fcea-90e8-49ea-bc78-5c7659313e57,16399.0,11784.0,4033.0,,3123076.0,30142.0,,2136474.0,NjokDa00,david-njoku-1,11734.0,12186.0,252.0,30142.0,832098.0,18876.0,832098.0,David Njoku,david njoku,2,2,11.0,0,0.0,0.0,9.0,2.0,0.0,0.44394046,0,1.2222222,0.083333336,0.08490566,0.18443397,,,,,,,,,,,,,,,,,REG,CLE,CIN,David Njoku,NjokDa00,0.0,0.0,0.0,89.6
2021,REG,18,00-0032394,N.Vannett,TE,TE,NO,12680,c731aa8a-778b-4ccd-a19f-517eb66f47b7,15645.0,10728.0,3258.0,,2576399.0,29328.0,,1871322.0,VannNi00,nick-vannett-1,10949.0,11329.0,,29328.0,606488.0,18019.0,606488.0,Nick Vannett,nick vannett,1,1,10.0,0,0.0,0.0,-5.0,15.0,1.0,1.2628086,0,0.0,0.04347826,-0.027322404,0.04609171,,,,,,,,,,,,,,,,,REG,NO,ATL,Nick Vannett,VannNi00,1.0,0.0,0.0,108.3
2021,REG,18,00-0033288,G.Kittle,TE,TE,SF,13299,2ada91b0-036e-454f-83c3-6d939ff584a9,16499.0,11901.0,4217.0,,3040151.0,30259.0,,2818265.0,KittGe00,george-kittle-1,11892.0,12276.0,298.0,30259.0,733672.0,19063.0,733672.0,George Kittle,george kittle,5,7,10.0,0,0.0,0.0,30.0,8.0,0.0,-7.423149,0,0.33333334,0.21875,0.10204082,0.39955357,George Kittle,SF,5.231428571428571,2.757584240867977,2.7414285714285715,6.938067175241332,71.42857142857143,10.0,0.0,1.7300000000000004,2.306655833270793,-0.5766558332707925,00-0033288,George,Kittle,G.Kittle,REG,SF,LA,George Kittle,KittGe00,0.0,0.0,0.0,34.5
2021,REG,18,00-0033528,J.Sprinkle,TE,TE,DAL,13194,2dcc8e56-ac32-4774-a011-b1e65ca73786,16461.0,11909.0,4221.0,,2980073.0,30267.0,,1999945.0,SpriJe00,jeremy-sprinkle-1,11899.0,12368.0,,30267.0,693833.0,19067.0,693833.0,Jeremy Sprinkle,jeremy sprinkle,1,1,10.0,0,0.0,0.0,6.0,4.0,0.0,0.7347194,0,1.6666666,0.035714287,0.025641026,0.07152015,,,,,,,,,,,,,,,,,REG,DAL,PHI,Jeremy Sprinkle,SpriJe00,0.0,0.0,0.0,108.3
2021,REG,18,00-0036232,H.Bryant,TE,TE,CLE,14875,f58a5899-8b78-46e8-a29a-ba6273b7d872,19389.0,26394.0,6850.0,,4040774.0,32785.0,,2241240.0,BryaHa00,harrison-bryant-1,14576.0,,752.0,32785.0,0.0,21783.0,916467.0,Harrison Bryant,harrison bryant,1,3,9.0,0,0.0,0.0,27.0,4.0,0.0,-2.6737363,0,0.33333334,0.125,0.254717,0.3658019,,,,,,,,,,,,,,,,,REG,CLE,CIN,Harrison Bryant,BryaHa00,0.0,0.0,0.0,2.8
2021,REG,18,00-0035631,D.Sample,TE,TE,CIN,14146,15a4f552-ecaf-45bd-9006-aa5dda93bee6,18561.0,47259.0,6001.0,,3127310.0,31884.0,,2139646.0,SampDr00,drew-sample-1,13809.0,14111.0,435.0,31884.0,837824.0,20931.0,837824.0,Drew Sample,drew sample,1,1,8.0,0,0.0,0.0,-4.0,12.0,0.0,-0.13634479,0,0.0,0.03448276,-0.024390243,0.034650967,,,,,,,,,,,,,,,,,REG,CIN,CLE,Drew Sample,SampDr00,1.0,0.0,0.0,100.0
2021,REG,18,00-0036970,K.Pitts,TE,TE,ATL,15329,1f3deb24-9ff8-4769-8f42-825eff7742f6,20164.0,83964.0,7553.0,,4360248.0,33392.0,,2964514.0,PittKy00,kyle-pitts-1,15265.0,,1051.0,33392.0,0.0,,1123026.0,Kyle Pitts,kyle pitts,2,5,8.0,0,0.0,0.0,38.0,5.0,0.0,-3.0381584,0,0.21052632,0.16129032,0.116564415,0.32353058,Kyle Pitts,ATL,5.746,2.1411478967651933,7.9279999999999955,12.240234676547777,40.0,8.0,0.0,2.470000000000006,2.170267850384107,0.2997321496158989,00-0036970,Kyle,Pitts,K.Pitts,REG,ATL,NO,Kyle Pitts,PittKy00,0.0,1.0,0.2,47.9
2021,REG,18,00-0033421,A.Auclair,TE,TE,HOU,13445,d6647491-8a3c-4f9f-999c-823823bd478d,16501.0,24606.0,4468.0,,4081127.0,30468.0,,2819226.0,AuclAn00,,12230.0,12603.0,,30468.0,1050026.0,19335.0,1050026.0,Antony Auclair,antony auclair,1,1,7.0,0,0.0,0.0,0.0,7.0,0.0,0.4619443,0,0.0,0.03125,0.0,0.046875,,,,,,,,,,,,,,,,,REG,HOU,TEN,Antony Auclair,AuclAn00,1.0,0.0,0.0,95.8
2021,REG,18,00-0037005,T.Tremble,TE,TE,CAR,15332,cbee2fd3-e5f2-4316-bffd-531f1873f032,22795.0,84025.0,7694.0,,4372780.0,33471.0,,2969027.0,TremTo00,tommy-tremble-1,15371.0,,1054.0,33471.0,0.0,,1130555.0,Tommy Tremble,tommy tremble,2,5,7.0,0,0.0,0.0,27.0,5.0,0.0,-2.4850554,0,0.25925925,0.11904762,0.09540636,0.24535587,Tommy Tremble,CAR,5.3625,2.3736462899114974,5.230000000000001,11.401787660780466,40.0,7.0,0.0,2.179999999999996,2.2881844196386396,-0.10818441963864345,00-0037005,Tommy,Tremble,T.Tremble,REG,CAR,TB,Tommy Tremble,TremTo00,0.0,0.0,0.0,47.9
2021,REG,18,00-0033658,B.Jarwin,TE,TE,DAL,13722,43e8a6ac-d451-4dbd-b145-797764f91494,16638.0,12320.0,4571.0,,2991767.0,30784.0,,2819999.0,JarwBl00,,12179.0,12507.0,,30784.0,711965.0,19457.0,711965.0,Blake Jarwin,blake jarwin,1,2,6.0,0,0.0,0.0,15.0,0.0,0.0,-0.4182315,0,0.4,0.071428575,0.06410257,0.15201466,,,,,,,,,,,,,,,,,REG,DAL,PHI,Blake Jarwin,JarwBl00,0.0,0.0,0.0,56.2
2021,REG,18,00-0034270,T.Conklin,TE,TE,MIN,13675,f0d17dfa-ebf3-416c-a8d2-c6bc30675103,17598.0,47327.0,5133.0,,3915486.0,31220.0,,2165249.0,ConkTy00,tyler-conklin-1,12809.0,13220.0,489.0,31127.0,861278.0,19988.0,861278.0,Tyler Conklin,tyler conklin,2,4,6.0,0,0.0,0.0,13.0,12.0,0.0,-1.9984245,0,0.46153846,0.1904762,0.04659498,0.31833076,,,,,,,,,,,,,,,,,REG,MIN,CHI,Tyler Conklin,ConkTy00,0.0,1.0,0.25,56.2
2021,REG,18,00-0032214,T.Kroft,TE,TE,NYJ,12212,36f54823-9d51-4180-9c91-d10281deb4bf,13960.0,9518.0,2390.0,tylerkroft/2552586,2582410.0,28473.0,,1824200.0,KrofTy00,tyler-kroft-1,10247.0,10490.0,,28473.0,592268.0,16846.0,592268.0,Tyler Kroft,tyler kroft,1,3,5.0,0,0.0,0.0,10.0,0.0,0.0,-1.250903,0,0.5,0.15789473,0.08,0.29284212,,,,,,,,,,,,,,,,,REG,NYJ,BUF,Tyler Kroft,KrofTy00,0.0,2.0,0.667,42.4
2021,REG,18,00-0036040,J.Johnson,TE,TE,NO,14861,0226b03b-f91d-4223-9813-9fcd2e9c3acc,19562.0,28305.0,7002.0,,3929645.0,33113.0,,2186637.0,JohnJu02,,14630.0,,575.0,33113.0,0.0,21738.0,884609.0,Juwan Johnson,juwan johnson,1,2,5.0,1,0.0,0.0,20.0,0.0,1.0,2.1380806,0,0.25,0.08695652,0.10928962,0.20693752,,,,,,,,,,,,,,,,,REG,NO,ATL,Juwan Johnson,JohnJu02,0.0,0.0,0.0,95.8
2021,REG,18,00-0036628,J.Bates,TE,TE,WAS,15344,3208880b-949f-4926-85eb-1940770550ea,22833.0,42275.0,7716.0,,4048228.0,33512.0,,2257291.0,BateJo00,john-bates-1,15289.0,,,33512.0,0.0,,944038.0,John Bates,john bates,1,2,5.0,0,0.0,0.0,16.0,1.0,0.0,-0.34862834,0,0.3125,0.11764706,0.11111111,0.25424838,,,,,,,,,,,,,,,,,REG,WAS,NYG,John Bates,BateJo00,0.0,0.0,0.0,56.2
2021,REG,18,00-0033881,E.Engram,TE,TE,NYG,13189,e21365af-8d66-416e-b0a5-8816d18fcfd9,16411.0,11778.0,4066.0,,3051876.0,30136.0,,2079887.0,EngrEv00,evan-engram-1,11805.0,12205.0,229.0,30136.0,749185.0,18912.0,749185.0,Evan Engram,evan engram,1,5,4.0,0,0.0,0.0,6.0,2.0,0.0,-12.77143,0,0.6666667,0.16666667,0.02970297,0.27079207,Evan Engram,NYG,7.938,2.1279353057479837,2.0200000000000005,5.223417459660737,20.0,4.0,0.0,2.009999999999998,1.9902295446845528,0.01977045531544519,00-0033881,Evan,Engram,E.Engram,REG,NYG,WAS,Evan Engram,EngrEv00,0.0,1.0,0.2,0.0
2021,REG,18,00-0032141,G.Swaim,TE,TE,TEN,12378,d0f9112d-2496-450a-9fc5-d2d01b4d2454,14164.0,9679.0,2545.0,geoffswaim/2553454,3046704.0,28634.0,,2174207.0,SwaiGe00,geoff-swaim-1,10507.0,10617.0,,28634.0,728021.0,17005.0,728021.0,Geoff Swaim,geoff swaim,1,1,2.0,0,0.0,0.0,-2.0,4.0,0.0,-0.5438221,0,0.0,0.03125,-0.006116208,0.042593654,,,,,,,,,,,,,,,,,REG,TEN,HOU,Geoff Swaim,SwaiGe00,0.0,0.0,0.0,79.2
2021,REG,18,00-0035249,J.Oliver,TE,TE,BAL,14209,dc83f7af-7b30-4c4a-9c93-f67bd8db954b,18487.0,47083.0,5973.0,,3921690.0,31901.0,,2184618.0,OlivJo00,josh-oliver-1,13786.0,14127.0,7.0,31901.0,881779.0,20899.0,881779.0,Josh Oliver,josh oliver,1,1,1.0,0,0.0,0.0,0.0,1.0,0.0,-0.6034454,0,0.0,0.03125,0.0,0.046875,,,,,,,,,,,,,,,,,REG,BAL,PIT,Josh Oliver,OlivJo00,0.0,0.0,0.0,79.2
2021,REG,18,00-0024243,M.Lewis,TE,TE,GB,8269,9c21e9af-681c-41ef-9b00-fbc9e1668ed1,9413.0,2973.0,111.0,marcedeslewis/2495888,9614.0,7777.0,4007.0,415313.0,LewiMa00,marcedes-lewis-1,4891.0,3615.0,,7777.0,214197.0,3061.0,214197.0,Marcedes Lewis,marcedes lewis,0,1,0.0,0,0.0,0.0,1.0,0.0,0.0,-0.41412055,0,0.0,0.028571429,0.0046296297,0.046097882,,,,,,,,,,,,,,,,,REG,GB,DET,Marcedes Lewis,LewiMa00,0.0,0.0,0.0,39.6
2021,REG,18,00-0033858,J.Smith,TE,TE,NE,13193,e4f25a37-74de-4bfb-b6c9-f50a4fab0b87,16460.0,11855.0,4144.0,,3054212.0,30213.0,,2081506.0,SmitJo01,jonnu-smith-1,11807.0,12344.0,84.0,30213.0,743749.0,18990.0,743749.0,Jonnu Smith,jonnu smith,0,0,0.0,0,0.0,0.0,0.0,0.0,0.0,,0,,,,,,,,,,,,,,,,,,,,,,,,,,,,,
2021,REG,18,00-0036250,T.Davis,TE,TE,GB,14996,e7a9186e-5e19-4f70-b45c-527c888e6fc7,19811.0,47743.0,7131.0,,3914240.0,32876.0,,2182811.0,DaviTy02,tyler-davis-2,14827.0,,,32876.0,0.0,22138.0,866174.0,Tyler Davis,tyler davis,0,1,0.0,0,0.0,0.0,16.0,0.0,0.0,-1.5318694,0,0.0,0.028571429,0.074074075,0.094708994,,,,,,,,,,,,,,,,,REG,GB,DET,Tyler Davis,DaviTy02,0.0,1.0,1.0,39.6
2021,REG,18,00-0037011,T.McKitty,TE,TE,LAC,15333,2ac90a86-c585-4c12-894d-a805a0c94cc3,22807.0,60896.0,7554.0,,4240023.0,33485.0,,2804040.0,McKiTr00,tre-mckitty-1,15252.0,,,33485.0,0.0,,976252.0,Tre' McKitty,tre mckitty,0,1,0.0,0,0.0,0.0,2.0,0.0,0.0,-1.4469446,0,0.0,0.015625,0.0031796503,0.025663255,,,,,,,,,,,,,,,,,REG,LAC,LV,Tre' McKitty,McKiTr00,0.0,0.0,0.0,39.6
2021,POST,19,00-0030506,T.Kelce,TE,TE,KC,11244,c3859e06-5f23-4302-a71b-04820a899d5f,11594.0,7844.0,1466.0,traviskelce/2540258,15847.0,26686.0,,1725130.0,KelcTr00,travis-kelce-1,8783.0,8411.0,264.0,26686.0,448240.0,15048.0,448240.0,Travis Kelce,travis kelce,5,7,108.0,1,0.0,0.0,59.0,68.0,3.0,7.5476847,0,1.8305085,0.18421052,0.30569947,0.49030542,Travis Kelce,KC,7.224285714285714,3.043753874227778,8.95857142857143,28.479949134838094,71.42857142857143,108.0,1.0,13.211999999999998,8.070461333523053,5.141538666476945,00-0030506,Travis,Kelce,T.Kelce,WC,KC,PIT,Travis Kelce,KelcTr00,1.0,0.0,0.0,153.3
2021,POST,19,00-0034351,D.Goedert,TE,TE,PHI,13674,e8029983-87cf-49a2-bc04-04c8233a0630,17270.0,47272.0,5022.0,,3121023.0,31019.0,,2132551.0,GoedDa00,,12860.0,13151.0,382.0,31019.0,791365.0,19863.0,791365.0,Dallas Goedert,dallas goedert,6,12,92.0,0,0.0,0.0,155.0,34.0,5.0,4.996665,0,0.59354836,0.27906978,0.33333334,0.65193796,Dallas Goedert,PHI,6.5569999999999995,2.844396965961639,12.443333333333333,31.720270212856345,50.0,92.0,0.0,5.416666666666667,1.7144593768099885,3.7022072898566787,00-0034351,Dallas,Goedert,D.Goedert,WC,PHI,TB,Dallas Goedert,GoedDa00,2.0,1.0,0.083,75.7
2021,POST,19,00-0034383,D.Schultz,TE,TE,DAL,13772,8caec1b4-e0b6-4a84-b8c8-617d6e91ef6a,17349.0,47304.0,5001.0,,3117256.0,31107.0,,2136748.0,SchuDa00,dalton-schultz-1,12514.0,13198.0,487.0,31107.0,830523.0,19920.0,830523.0,Dalton Schultz,dalton schultz,7,8,89.0,0,0.0,0.0,58.0,31.0,4.0,5.515071,0,1.5344827,0.1904762,0.15675676,0.395444,Dalton Schultz,DAL,6.3933333333333335,3.6907597949001554,7.4624999999999995,16.00879545210769,87.5,89.0,0.0,4.702857142857144,2.7564485433116084,1.9464085995455354,00-0034383,Dalton,Schultz,D.Schultz,WC,DAL,SF,Dalton Schultz,SchuDa00,0.0,0.0,0.0,113.0
2021,POST,19,00-0035689,D.Knox,TE,TE,BUF,14143,5fb525c5-4e70-4ede-8c49-94ad0cf66b7d,18631.0,35883.0,5906.0,,3930086.0,31928.0,,2186345.0,KnoxDa00,dawson-knox-1,13466.0,13953.0,88.0,31928.0,884083.0,20850.0,884083.0,Dawson Knox,dawson knox,5,5,89.0,2,0.0,0.0,73.0,16.0,4.0,9.068008,0,1.2191781,0.2,0.3173913,0.52217394,Dawson Knox,BUF,5.5875,2.638834137464434,15.830000000000002,32.92566246516078,100.0,89.0,2.0,3.998000000000001,2.3801830592702564,1.6178169407297447,00-0035689,Dawson,Knox,D.Knox,WC,BUF,NE,Dawson Knox,KnoxDa00,0.0,0.0,0.0,158.3
2021,POST,19,00-0031610,D.Waller,TE,TE,LV,12263,14c97c9f-26e8-4944-9299-f90de6aeada3,14104.0,9637.0,2505.0,,2576925.0,28592.0,,1850793.0,WallDa01,darren-waller-1,10215.0,10433.0,,28592.0,600191.0,16964.0,600191.0,Darren Waller,darren waller,7,12,76.0,0,0.0,0.0,114.0,16.0,5.0,5.3395224,0,0.6666667,0.24489796,0.29081634,0.5709184,Darren Waller,LV,4.894285714285714,2.8487256637151837,7.9674999999999985,25.623090529023962,58.333333333333336,76.0,0.0,2.5914285714285725,2.6493584984643967,-0.057929927035824225,00-0031610,Darren,Waller,D.Waller,WC,LV,CIN,Darren Waller,WallDa01,1.0,0.0,0.0,77.1
2021,POST,19,00-0032134,C.Uzomah,TE,TE,CIN,12317,19858900-5c8e-49a7-ab02-34ef625724ca,14084.0,9590.0,2460.0,c.j.uzomah/2552559,2574576.0,28545.0,,2174118.0,UzomC.00,cj-uzomah-1,10462.0,10534.0,,28545.0,593305.0,16917.0,593305.0,C.J. Uzomah,cj uzomah,6,6,64.0,1,0.0,0.0,43.0,21.0,3.0,6.5696063,0,1.4883721,0.1875,0.15467626,0.3895234,C.J. Uzomah,CIN,9.3275,4.309302604640309,6.956666666666667,14.804043270083353,100.0,64.0,1.0,4.015,2.8399036954824814,1.1750963045175182,00-0032134,Christopher,Uzomah,C.Uzomah,WC,CIN,LV,C.J. Uzomah,UzomC.00,0.0,0.0,0.0,150.7
2021,POST,19,00-0033110,T.Higbee,TE,TE,LA,12678,0df7912d-9e81-47ea-b4f7-d04986df4ee8,15623.0,10744.0,3271.0,,2573401.0,29344.0,,1853103.0,HigbTy00,tyler-higbee-1,10854.0,11430.0,159.0,29344.0,604176.0,18032.0,604176.0,Tyler Higbee,tyler higbee,3,4,46.0,0,0.0,0.0,31.0,21.0,3.0,3.4725606,0,1.483871,0.22222222,0.15196079,0.43970588,,,,,,,,,,,,,,,,,WC,LA,ARI,Tyler Higbee,HigbTy00,2.0,1.0,0.25,112.5
2021,POST,19,00-0035222,Z.Gentry,TE,TE,PIT,14240,58f18567-a050-49c4-aeca-b34499338b37,18690.0,36049.0,6018.0,,3929924.0,31973.0,,2185708.0,GentZa00,zach-gentry-2,13511.0,14247.0,,31973.0,883079.0,20770.0,883079.0,Zach Gentry,zach gentry,4,4,33.0,0,0.0,0.0,14.0,19.0,1.0,-2.0256624,0,2.357143,0.09090909,0.04375,0.16698864,,,,,,,,,,,,,,,,,WC,PIT,KC,Zach Gentry,GentZa00,0.0,0.0,0.0,101.0
2021,POST,19,00-0027656,R.Gronkowski,TE,TE,TB,9902,2142a164-48ad-47d6-bb27-0bc58c6b2e62,9721.0,5567.0,515.0,robgronkowski/497240,13229.0,24017.0,,1244303.0,GronRo00,rob-gronkowski-1,6443.0,5729.0,,24017.0,381091.0,10974.0,381091.0,Rob Gronkowski,rob gronkowski,5,6,31.0,1,0.0,0.0,37.0,17.0,2.0,2.0264063,0,0.8378378,0.16666667,0.21511628,0.4005814,Rob Gronkowski,TB,5.453999999999999,4.952699534272965,6.219999999999999,22.425189280134596,83.33333333333334,31.0,1.0,3.5080000000000013,3.339618241066728,0.16838175893327323,00-0027656,Robert,Gronkowski,R.Gronkowski,WC,TB,PHI,Rob Gronkowski,GronRo00,0.0,0.0,0.0,127.8
2021,POST,19,00-0033090,H.Henry,TE,TE,NE,12676,705899da-3c20-4bc3-b5d0-2e6e40655131,15561.0,10669.0,3214.0,,3046439.0,29269.0,,2079848.0,HenrHu00,hunter-henry-1,10735.0,11299.0,212.0,29269.0,744425.0,17975.0,744425.0,Hunter Henry,hunter henry,1,4,30.0,0,0.0,0.0,57.0,7.0,1.0,-3.6631122,0,0.5263158,0.114285715,0.23849373,0.33837417,,,,,,,,,,,,,,,,,WC,NE,BUF,Hunter Henry,HenrHu00,0.0,1.0,0.25,18.7
2021,POST,19,00-0031273,C.Brate,TE,TE,TB,12110,5afe93fd-0caf-4cca-83fc-7f405bebfa3e,13470.0,9207.0,2214.0,,17453.0,28267.0,,2132787.0,BratCa00,,10008.0,10193.0,,28267.0,552926.0,16593.0,552926.0,Cameron Brate,cameron brate,3,3,29.0,0,0.0,0.0,5.0,24.0,2.0,2.413051,0,5.8,0.083333336,0.029069768,0.14534883,,,,,,,,,,,,,,,,,WC,TB,PHI,Cameron Brate,BratCa00,0.0,0.0,0.0,106.9
2021,POST,19,00-0036894,P.Freiermuth,TE,TE,PIT,15331,04f0fefe-9d9d-44f5-94ea-6df2a42df3c6,20163.0,84085.0,7600.0,,4361411.0,33443.0,,2961270.0,FreiPa00,pat-freiermuth-1,15267.0,,1053.0,33443.0,0.0,,1116662.0,Pat Freiermuth,pat freiermuth,4,5,25.0,0,0.0,0.0,14.0,21.0,1.0,0.8374065,0,1.7857143,0.11363637,0.04375,0.20107955,Pat Freiermuth,PIT,7.212000000000001,3.7890296121887275,2.467999999999999,3.713176661751872,80.0,25.0,0.0,6.127500000000001,3.6291099566591356,2.4983900433408657,00-0036894,Pat,Freiermuth,P.Freiermuth,WC,PIT,KC,Pat Freiermuth,FreiPa00,1.0,0.0,0.0,87.5
2021,POST,19,00-0030061,Z.Ertz,TE,TE,ARI,11247,de3421f7-2147-4835-89a5-724e87bad463,11689.0,7816.0,1339.0,zachertz/2540158,15835.0,26658.0,,1685963.0,ErtzZa00,zach-ertz-1,8781.0,8409.0,305.0,26658.0,503177.0,14856.0,503177.0,Zach Ertz,zach ertz,3,4,21.0,0,0.0,0.0,18.0,12.0,2.0,0.6086121,0,1.1666666,0.11764706,0.06451613,0.22163188,,,,,,,,,,,,,,,,,WC,ARI,LA,Zach Ertz,ErtzZa00,0.0,0.0,0.0,86.5
2021,POST,19,00-0033288,G.Kittle,TE,TE,SF,13299,2ada91b0-036e-454f-83c3-6d939ff584a9,16499.0,11901.0,4217.0,,3040151.0,30259.0,,2818265.0,KittGe00,george-kittle-1,11892.0,12276.0,298.0,30259.0,733672.0,19063.0,733672.0,George Kittle,george kittle,1,3,18.0,0,0.0,0.0,11.0,9.0,1.0,-0.69369155,0,1.6363636,0.12,0.071428575,0.23,,,,,,,,,,,,,,,,,WC,SF,DAL,George Kittle,KittGe00,0.0,0.0,0.0,54.9
2021,POST,19,00-0032062,B.Bell,TE,TE,KC,12213,0cc4e449-185a-4b08-9f07-c907ad0c3e05,13966.0,9550.0,2422.0,,2514206.0,28505.0,,1737101.0,BellBl00,blake-bell-1,10248.0,10366.0,,28505.0,542871.0,16878.0,542871.0,Blake Bell,blake bell,1,1,3.0,0,0.0,0.0,-1.0,4.0,0.0,-0.38162845,0,0.0,0.02631579,-0.005181347,0.03584674,,,,,,,,,,,,,,,,,WC,KC,PIT,Blake Bell,BellBl00,0.0,0.0,0.0,79.2
2021,POST,19,00-0033879,O.Howard,TE,TE,TB,13188,93ed8c6f-b676-46d3-bf82-6155e89b4a68,16380.0,11774.0,4055.0,,3043080.0,30132.0,,2061190.0,HowaO.00,oj-howard-1,11806.0,12161.0,,30132.0,732147.0,18901.0,732147.0,O.J. Howard,oj howard,1,1,3.0,0,0.0,0.0,3.0,0.0,0.0,-0.28512463,0,1.0,0.027777778,0.017441861,0.053875968,,,,,,,,,,,,,,,,,WC,TB,PHI,O.J. Howard,HowaO.00,0.0,0.0,0.0,79.2
2021,POST,19,00-0033258,D.Daniels,TE,TE,ARI,13396,7574eb56-a34a-419e-9682-c4788cfe2019,16582.0,12122.0,4323.0,,3052166.0,30523.0,,2079698.0,DaniDa02,,11890.0,12453.0,,30523.0,747895.0,19176.0,747895.0,Darrell Daniels,darrell daniels,2,3,2.0,0,0.0,0.0,-8.0,12.0,0.0,-1.7544405,0,0.0,0.0882353,-0.028673835,0.112281255,,,,,,,,,,,,,,,,,WC,ARI,LA,Darrell Daniels,DaniDa02,0.0,0.0,0.0,70.1
2021,POST,19,00-0033658,B.Jarwin,TE,TE,DAL,13722,43e8a6ac-d451-4dbd-b145-797764f91494,16638.0,12320.0,4571.0,,2991767.0,30784.0,,2819999.0,JarwBl00,,12179.0,12507.0,,30784.0,711965.0,19457.0,711965.0,Blake Jarwin,blake jarwin,0,1,0.0,0,0.0,0.0,14.0,0.0,0.0,-0.31039777,0,0.0,0.023809524,0.037837837,0.062200774,,,,,,,,,,,,,,,,,WC,DAL,SF,Blake Jarwin,JarwBl00,0.0,0.0,0.0,39.6
2021,POST,19,00-0034981,F.Moreau,TE,TE,LV,14239,9c3a67fd-5c6e-4689-9e08-9ff6d4db6c9a,18397.0,47043.0,5985.0,,3843945.0,31969.0,,2180634.0,MoreFo00,foster-moreau-1,13822.0,14154.0,179.0,31969.0,865573.0,20884.0,865573.0,Foster Moreau,foster moreau,0,3,0.0,0,0.0,0.0,21.0,0.0,0.0,-1.8628517,0,0.0,0.06122449,0.05357143,0.12933673,,,,,,,,,,,,,,,,,WC,LV,CIN,Foster Moreau,MoreFo00,0.0,0.0,0.0,39.6
2021,POST,19,00-0036637,N.Gray,TE,TE,KC,15337,c97dfcb6-b999-476f-8487-f3848e92df17,19539.0,60878.0,7828.0,,4240472.0,33550.0,,2866903.0,GrayNo00,noah-gray-1,15459.0,,1059.0,33550.0,0.0,,1056981.0,Noah Gray,noah gray,0,2,0.0,0,0.0,0.0,13.0,0.0,0.0,-0.94698,0,0.0,0.05263158,0.06735751,0.12609763,,,,,,,,,,,,,,,,,WC,KC,PIT,Noah Gray,GrayNo00,0.0,0.0,0.0,39.6
2021,POST,20,00-0030506,T.Kelce,TE,TE,KC,11244,c3859e06-5f23-4302-a71b-04820a899d5f,11594.0,7844.0,1466.0,traviskelce/2540258,15847.0,26686.0,,1725130.0,KelcTr00,travis-kelce-1,8783.0,8411.0,264.0,26686.0,448240.0,15048.0,448240.0,Travis Kelce,travis kelce,8,9,96.0,1,0.0,0.0,73.0,30.0,7.0,6.9691334,0,1.3150685,0.21428572,0.33640552,0.5569124,Travis Kelce,KC,7.998,3.615976231640409,8.843333333333334,35.932279909706544,88.88888888888889,96.0,1.0,3.67375,3.875312987282257,-0.20156298728225686,00-0030506,Travis,Kelce,T.Kelce,DIV,KC,BUF,Travis Kelce,KelcTr00,0.0,0.0,0.0,148.1
2021,POST,20,00-0027656,R.Gronkowski,TE,TE,TB,9902,2142a164-48ad-47d6-bb27-0bc58c6b2e62,9721.0,5567.0,515.0,robgronkowski/497240,13229.0,24017.0,,1244303.0,GronRo00,rob-gronkowski-1,6443.0,5729.0,,24017.0,381091.0,10974.0,381091.0,Rob Gronkowski,rob gronkowski,4,11,85.0,0,0.0,0.0,152.0,52.0,3.0,-2.996862,0,0.55921054,0.20754717,0.3627685,0.5652587,Rob Gronkowski,TB,5.260909090909091,2.070358277265053,12.757272727272728,34.57511025697884,36.36363636363637,85.0,0.0,13.7575,11.379269005641163,2.3782309943588373,00-0027656,Robert,Gronkowski,R.Gronkowski,DIV,TB,LA,Rob Gronkowski,GronRo00,0.0,0.0,0.0,26.7
2021,POST,20,00-0032134,C.Uzomah,TE,TE,CIN,12317,19858900-5c8e-49a7-ab02-34ef625724ca,14084.0,9590.0,2460.0,c.j.uzomah/2552559,2574576.0,28545.0,,2174118.0,UzomC.00,cj-uzomah-1,10462.0,10534.0,,28545.0,593305.0,16917.0,593305.0,C.J. Uzomah,cj uzomah,7,8,71.0,0,0.0,0.0,30.0,45.0,3.0,1.8258908,0,2.3666666,0.22857143,0.20689656,0.48768473,C.J. Uzomah,CIN,4.164285714285714,4.6129623122837105,3.2087499999999998,16.307731402071024,87.5,71.0,0.0,7.057142857142857,6.425582375734848,0.6315604814080089,00-0032134,Christopher,Uzomah,C.Uzomah,DIV,CIN,TEN,C.J. Uzomah,UzomC.00,2.0,0.0,0.0,103.6
2021,POST,20,00-0033288,G.Kittle,TE,TE,SF,13299,2ada91b0-036e-454f-83c3-6d939ff584a9,16499.0,11901.0,4217.0,,3040151.0,30259.0,,2818265.0,KittGe00,george-kittle-1,11892.0,12276.0,298.0,30259.0,733672.0,19063.0,733672.0,George Kittle,george kittle,4,6,63.0,0,0.0,0.0,75.0,26.0,4.0,1.0368333,0,0.84,0.33333334,0.65217394,0.95652175,George Kittle,SF,5.6816666666666675,1.5793655402176483,11.698333333333332,63.96609860566846,66.66666666666666,63.0,0.0,7.800000000000001,4.345362770275784,3.4546372297242165,00-0033288,George,Kittle,G.Kittle,DIV,SF,GB,George Kittle,KittGe00,0.0,1.0,0.167,61.8
2021,POST,20,00-0033110,T.Higbee,TE,TE,LA,12678,0df7912d-9e81-47ea-b4f7-d04986df4ee8,15623.0,10744.0,3271.0,,2573401.0,29344.0,,1853103.0,HigbTy00,tyler-higbee-1,10854.0,11430.0,159.0,29344.0,604176.0,18032.0,604176.0,Tyler Higbee,tyler higbee,4,7,51.0,0,0.0,0.0,70.0,10.0,3.0,1.3312104,0,0.7285714,0.19444445,0.24647887,0.46420187,Tyler Higbee,LAR,7.796666666666666,2.9498374464637593,8.648571428571428,21.412655183390513,57.14285714285714,51.0,0.0,3.2200000000000006,2.5197728798581807,0.70022712014182,00-0033110,Tyler,Higbee,T.Higbee,DIV,LA,TB,Tyler Higbee,HigbTy00,0.0,1.0,0.143,80.1
2021,POST,20,00-0035603,K.Blanton,TE,TE,LA,14357,b5e95ece-3b71-439b-b7b4-ae102f9e7c08,18431.0,47311.0,6081.0,,3122103.0,32125.0,,2139213.0,BlanKe01,,13711.0,14322.0,,32125.0,835674.0,21032.0,835674.0,Kendall Blanton,kendall blanton,2,2,18.0,1,0.0,0.0,13.0,5.0,2.0,2.2775028,0,1.3846154,0.055555556,0.045774646,0.115375586,,,,,,,,,,,,,,,,,DIV,LA,TB,Kendall Blanton,BlanKe01,0.0,0.0,0.0,143.7
2021,POST,20,00-0036637,N.Gray,TE,TE,KC,15337,c97dfcb6-b999-476f-8487-f3848e92df17,19539.0,60878.0,7828.0,,4240472.0,33550.0,,2866903.0,GrayNo00,noah-gray-1,15459.0,,1059.0,33550.0,0.0,,1056981.0,Noah Gray,noah gray,2,2,14.0,0,0.0,0.0,9.0,5.0,1.0,0.9650894,0,1.5555556,0.04761905,0.041474655,0.10046083,,,,,,,,,,,,,,,,,DIV,KC,BUF,Noah Gray,GrayNo00,0.0,0.0,0.0,95.8
2021,POST,20,00-0031273,C.Brate,TE,TE,TB,12110,5afe93fd-0caf-4cca-83fc-7f405bebfa3e,13470.0,9207.0,2214.0,,17453.0,28267.0,,2132787.0,BratCa00,,10008.0,10193.0,,28267.0,552926.0,16593.0,552926.0,Cameron Brate,cameron brate,1,3,9.0,0,0.0,0.0,29.0,2.0,0.0,-4.468374,0,0.31034482,0.056603774,0.06921241,0.13335435,,,,,,,,,,,,,,,,,DIV,TB,LA,Cameron Brate,BratCa00,0.0,1.0,0.333,42.4
2021,POST,20,00-0035689,D.Knox,TE,TE,BUF,14143,5fb525c5-4e70-4ede-8c49-94ad0cf66b7d,18631.0,35883.0,5906.0,,3930086.0,31928.0,,2186345.0,KnoxDa00,dawson-knox-1,13466.0,13953.0,88.0,31928.0,884083.0,20850.0,884083.0,Dawson Knox,dawson knox,2,4,9.0,0,0.0,0.0,9.0,3.0,0.0,-0.9485412,0,1.0,0.10810811,0.030201342,0.1833031,,,,,,,,,,,,,,,,,DIV,BUF,KC,Dawson Knox,KnoxDa00,0.0,1.0,0.25,56.2
2021,POST,20,00-0033879,O.Howard,TE,TE,TB,13188,93ed8c6f-b676-46d3-bf82-6155e89b4a68,16380.0,11774.0,4055.0,,3043080.0,30132.0,,2061190.0,HowaO.00,oj-howard-1,11806.0,12161.0,,30132.0,732147.0,18901.0,732147.0,O.J. Howard,oj howard,1,1,7.0,0,0.0,0.0,4.0,3.0,1.0,0.7734913,0,1.75,0.018867925,0.00954654,0.034984466,,,,,,,,,,,,,,,,,DIV,TB,LA,O.J. Howard,HowaO.00,0.0,0.0,0.0,95.8
2021,POST,20,00-0024243,M.Lewis,TE,TE,GB,8269,9c21e9af-681c-41ef-9b00-fbc9e1668ed1,9413.0,2973.0,111.0,marcedeslewis/2495888,9614.0,7777.0,4007.0,415313.0,LewiMa00,marcedes-lewis-1,4891.0,3615.0,,7777.0,214197.0,3061.0,214197.0,Marcedes Lewis,marcedes lewis,1,1,0.0,0,1.0,1.0,-1.0,1.0,0.0,-5.3412414,0,0.0,0.037037037,-0.004716981,0.052253667,,,,,,,,,,,,,,,,,DIV,GB,SF,Marcedes Lewis,LewiMa00,0.0,0.0,0.0,79.2
2021,POST,20,00-0033455,A.Firkser,TE,TE,TEN,13919,b0719e3d-199b-46e5-a2b4-1091f6fd5c0d,16787.0,51837.0,4435.0,,3049698.0,30571.0,,2818971.0,FirkAn00,,12235.0,12691.0,,30571.0,767297.0,19296.0,767297.0,Anthony Firkser,anthony firkser,0,1,0.0,0,0.0,0.0,3.0,0.0,0.0,-0.31069955,0,0.0,0.041666668,0.011494253,0.07054598,,,,,,,,,,,,,,,,,DIV,TEN,CIN,Anthony Firkser,FirkAn00,0.0,0.0,0.0,39.6
2021,POST,20,00-0036332,J.Deguara,TE,TE,GB,14876,7874d188-0fcd-4af9-9289-27c27e2bbd16,19456.0,47034.0,7050.0,,3914151.0,32764.0,,2181108.0,DeguJo00,josiah-deguara-1,14629.0,,,32764.0,0.0,21798.0,866149.0,Josiah Deguara,josiah deguara,0,1,0.0,0,0.0,0.0,18.0,0.0,0.0,-0.78466237,0,0.0,0.037037037,0.08490566,0.11498952,,,,,,,,,,,,,,,,,DIV,GB,SF,Josiah Deguara,DeguJo00,0.0,1.0,1.0,39.6
2021,POST,20,00-0036429,C.Woerner,TE,TE,SF,14984,527dfee0-a242-4dc7-830a-ab7028308259,19665.0,42257.0,7075.0,,4035020.0,32860.0,,2248629.0,WoerCh00,charlie-woerner-1,14608.0,,,32860.0,0.0,22119.0,922040.0,Charlie Woerner,charlie woerner,0,1,0.0,0,0.0,0.0,0.0,0.0,0.0,-0.5684162,0,,0.055555556,0.0,0.083333336,,,,,,,,,,,,,,,,,DIV,SF,GB,Charlie Woerner,WoerCh00,0.0,0.0,0.0,39.6
2021,POST,20,00-0036456,D.Dafney,TE,TE,GB,15214,921d49c2-64d1-4108-a3a3-0c237e17748a,22672.0,62825.0,7502.0,,4036129.0,33367.0,,3172375.0,DafnDo00,,15181.0,,,33367.0,0.0,22477.0,976393.0,Dominique Dafney,dominique dafney,0,2,0.0,0,0.0,0.0,34.0,0.0,0.0,-2.1922038,0,0.0,0.074074075,0.16037735,0.22337526,,,,,,,,,,,,,,,,,DIV,GB,SF,Dominique Dafney,DafnDo00,0.0,0.0,0.0,39.6
2021,POST,21,00-0030506,T.Kelce,TE,TE,KC,11244,c3859e06-5f23-4302-a71b-04820a899d5f,11594.0,7844.0,1466.0,traviskelce/2540258,15847.0,26686.0,,1725130.0,KelcTr00,travis-kelce-1,8783.0,8411.0,264.0,26686.0,448240.0,15048.0,448240.0,Travis Kelce,travis kelce,10,11,95.0,1,0.0,0.0,70.0,38.0,7.0,7.146432,0,1.3571428,0.2972973,0.2777778,0.6403904,Travis Kelce,KC,6.617,2.715167766105793,6.516363636363637,27.825006793214552,90.9090909090909,95.0,1.0,3.914,2.9748586470134115,0.9391413529865886,00-0030506,Travis,Kelce,T.Kelce,CON,KC,CIN,Travis Kelce,KelcTr00,2.0,0.0,0.0,133.0
2021,POST,21,00-0035603,K.Blanton,TE,TE,LA,14357,b5e95ece-3b71-439b-b7b4-ae102f9e7c08,18431.0,47311.0,6081.0,,3122103.0,32125.0,,2139213.0,BlanKe01,,13711.0,14322.0,,32125.0,835674.0,21032.0,835674.0,Kendall Blanton,kendall blanton,5,5,57.0,0,0.0,0.0,6.0,51.0,3.0,4.818187,0,9.5,0.11904762,0.015,0.18907143,Kendall Blanton,LAR,6.25,4.723820492607767,0.8620000000000004,1.0453806786485245,100.0,57.0,0.0,10.538,8.918525591191974,1.619474408808026,00-0035603,Kendall,Blanton,K.Blanton,CON,LA,SF,Kendall Blanton,BlanKe01,1.0,0.0,0.0,114.2
2021,POST,21,00-0033288,G.Kittle,TE,TE,SF,13299,2ada91b0-036e-454f-83c3-6d939ff584a9,16499.0,11901.0,4217.0,,3040151.0,30259.0,,2818265.0,KittGe00,george-kittle-1,11892.0,12276.0,298.0,30259.0,733672.0,19063.0,733672.0,George Kittle,george kittle,2,5,27.0,1,0.0,0.0,55.0,4.0,2.0,0.18327014,0,0.4909091,0.1724138,0.33742332,0.49481702,George Kittle,SF,4.432,2.6274246802000776,11.498000000000001,37.550620509470924,40.0,27.0,1.0,2.4499999999999993,2.3897642902411462,0.06023570975885306,00-0033288,George,Kittle,G.Kittle,CON,SF,LA,George Kittle,KittGe00,0.0,0.0,0.0,97.5
2021,POST,21,00-0033110,T.Higbee,TE,TE,LA,12678,0df7912d-9e81-47ea-b4f7-d04986df4ee8,15623.0,10744.0,3271.0,,2573401.0,29344.0,,1853103.0,HigbTy00,tyler-higbee-1,10854.0,11430.0,159.0,29344.0,604176.0,18032.0,604176.0,Tyler Higbee,tyler higbee,2,3,18.0,0,0.0,0.0,2.0,14.0,1.0,0.37273967,0,9.0,0.071428575,0.005,0.11064286,,,,,,,,,,,,,,,,,CON,LA,SF,Tyler Higbee,HigbTy00,0.0,0.0,0.0,82.6
2021,POST,21,00-0035631,D.Sample,TE,TE,CIN,14146,15a4f552-ecaf-45bd-9006-aa5dda93bee6,18561.0,47259.0,6001.0,,3127310.0,31884.0,,2139646.0,SampDr00,drew-sample-1,13809.0,14111.0,435.0,31884.0,837824.0,20931.0,837824.0,Drew Sample,drew sample,1,2,4.0,0,0.0,0.0,11.0,0.0,0.0,-0.83505774,0,0.36363637,0.055555556,0.04888889,0.11755556,,,,,,,,,,,,,,,,,CON,CIN,KC,Drew Sample,SampDr00,0.0,0.0,0.0,56.2
2021,POST,21,00-0032134,C.Uzomah,TE,TE,CIN,12317,19858900-5c8e-49a7-ab02-34ef625724ca,14084.0,9590.0,2460.0,c.j.uzomah/2552559,2574576.0,28545.0,,2174118.0,UzomC.00,cj-uzomah-1,10462.0,10534.0,,28545.0,593305.0,16917.0,593305.0,C.J. Uzomah,cj uzomah,0,2,0.0,0,0.0,0.0,15.0,0.0,0.0,-2.0139325,0,0.0,0.055555556,0.06666667,0.13,,,,,,,,,,,,,,,,,CON,CIN,KC,C.J. Uzomah,UzomC.00,0.0,0.0,0.0,39.6
2021,POST,22,00-0036424,B.Hopkins,TE,TE,LA,14868,39cb1520-dda8-4167-95c4-4947c8383bc4,19234.0,47338.0,6926.0,,3918003.0,32806.0,,2183906.0,HopkBr01,brycen-hopkins-1,14586.0,,,32806.0,0.0,21678.0,880294.0,Brycen Hopkins,brycen hopkins,4,4,47.0,0,0.0,0.0,25.0,22.0,3.0,5.47919,0,1.88,0.1,0.07462686,0.20223881,,,,,,,,,,,,,,,,,SB,LA,CIN,Brycen Hopkins,HopkBr01,2.0,0.0,0.0,115.6
2021,POST,22,00-0032134,C.Uzomah,TE,TE,CIN,12317,19858900-5c8e-49a7-ab02-34ef625724ca,14084.0,9590.0,2460.0,c.j.uzomah/2552559,2574576.0,28545.0,,2174118.0,UzomC.00,cj-uzomah-1,10462.0,10534.0,,28545.0,593305.0,16917.0,593305.0,C.J. Uzomah,cj uzomah,2,2,11.0,0,0.0,0.0,-3.0,14.0,1.0,0.43410638,0,0.0,0.060606062,-0.014218009,0.08095648,,,,,,,,,,,,,,,,,SB,CIN,LA,C.J. Uzomah,UzomC.00,0.0,0.0,0.0,89.6
2022,REG,1,00-0030506,T.Kelce,TE,TE,KC,11244,c3859e06-5f23-4302-a71b-04820a899d5f,11594.0,7844.0,1466.0,traviskelce/2540258,15847.0,26686.0,,1725130.0,KelcTr00,travis-kelce-1,8783.0,8411.0,264.0,26686.0,448240.0,15048.0,448240.0,Travis Kelce,travis kelce,8,9,121.0,1,0.0,0.0,95.0,34.0,7.0,11.62587,0,1.2736843,0.23076923,0.3125,0.56490386,Travis Kelce,KC,4.99375,2.6139413340980813,10.532222222222224,31.065447514174295,88.88888888888889,121.0,1.0,4.715,4.46847132395942,0.2465286760405796,00-0030506,Travis,Kelce,T.Kelce,REG,KC,ARI,Travis Kelce,KelcTr00,1.0,0.0,0.0,155.8
2022,REG,1,00-0031610,D.Waller,TE,TE,LV,12263,14c97c9f-26e8-4944-9299-f90de6aeada3,14104.0,9637.0,2505.0,,2576925.0,28592.0,,1850793.0,WallDa01,darren-waller-1,10215.0,10433.0,,28592.0,600191.0,16964.0,600191.0,Darren Waller,darren waller,4,6,79.0,0,0.0,0.0,83.0,27.0,4.0,0.025576882,0,0.9518072,0.17142858,0.25,0.43214285,Darren Waller,LV,5.618333333333333,2.271382386786946,12.798333333333332,22.283160674385535,66.66666666666666,79.0,0.0,7.227499999999999,6.584787364003205,0.6427126359967943,00-0031610,Darren,Waller,D.Waller,REG,LV,LAC,Darren Waller,WallDa01,0.0,0.0,0.0,70.1
2022,REG,1,00-0036894,P.Freiermuth,TE,TE,PIT,15331,04f0fefe-9d9d-44f5-94ea-6df2a42df3c6,20163.0,84085.0,7600.0,,4361411.0,33443.0,,2961270.0,FreiPa00,pat-freiermuth-1,15267.0,,1053.0,33443.0,0.0,,1116662.0,Pat Freiermuth,pat freiermuth,5,10,75.0,0,0.0,0.0,74.0,28.0,3.0,-0.83053267,0,1.0135136,0.27027026,0.24584718,0.57749844,Pat Freiermuth,PIT,5.4071428571428575,2.2588518100632946,6.976000000000001,23.511172525361467,50.0,75.0,0.0,6.331999999999998,3.6835227234427292,2.648477276557269,00-0036894,Pat,Freiermuth,P.Freiermuth,REG,PIT,CIN,Pat Freiermuth,FreiPa00,1.0,0.0,0.0,75.0
2022,REG,1,00-0034383,D.Schultz,TE,TE,DAL,13772,8caec1b4-e0b6-4a84-b8c8-617d6e91ef6a,17349.0,47304.0,5001.0,,3117256.0,31107.0,,2136748.0,SchuDa00,dalton-schultz-1,12514.0,13198.0,487.0,31107.0,830523.0,19920.0,830523.0,Dalton Schultz,dalton schultz,7,9,62.0,0,0.0,0.0,60.0,10.0,2.0,2.9764185,0,1.0333333,0.2195122,0.16528925,0.4449708,Dalton Schultz,DAL,6.324285714285714,2.596653285618777,5.866666666666667,14.313597918022126,77.77777777777779,62.0,0.0,1.2657142857142856,0.9664993088291567,0.2992149768851289,00-0034383,Dalton,Schultz,D.Schultz,REG,DAL,TB,Dalton Schultz,SchuDa00,0.0,0.0,0.0,95.4
2022,REG,1,00-0034351,D.Goedert,TE,TE,PHI,13674,e8029983-87cf-49a2-bc04-04c8233a0630,17270.0,47272.0,5022.0,,3121023.0,31019.0,,2132551.0,GoedDa00,,12860.0,13151.0,382.0,31019.0,791365.0,19863.0,791365.0,Dallas Goedert,dallas goedert,3,4,60.0,0,0.0,0.0,9.0,52.0,3.0,4.3371673,0,6.6666665,0.13793103,0.069767445,0.25573376,,,,,,,,,,,,,,,,,REG,PHI,DET,Dallas Goedert,GoedDa00,0.0,0.0,0.0,116.7
2022,REG,1,00-0033895,G.Everett,TE,TE,LAC,13236,ebeceb00-57e0-4b74-9cf7-853da2afed18,16459.0,11799.0,4089.0,,3918639.0,30157.0,,2142692.0,EverGe00,gerald-everett-1,11737.0,12284.0,55.0,30157.0,838487.0,18935.0,838487.0,Gerald Everett,gerald everett,3,4,54.0,1,0.0,0.0,30.0,24.0,2.0,5.889824,0,1.8,0.11764706,0.12605043,0.2647059,,,,,,,,,,,,,,,,,REG,LAC,LV,Gerald Everett,EverGe00,0.0,0.0,0.0,156.2
2022,REG,1,00-0034365,I.Thomas,TE,TE,CAR,13678,ed8a8fd2-df67-45e7-a34f-984afb82f6ea,17387.0,42130.0,4995.0,,4045305.0,31071.0,,2253359.0,ThomIa00,ian-thomas-3,12858.0,13163.0,323.0,31071.0,943093.0,19910.0,943093.0,Ian Thomas,ian thomas,2,3,53.0,0,0.0,0.0,33.0,31.0,2.0,3.987585,0,1.6060606,0.115384616,0.19298245,0.30816466,,,,,,,,,,,,,,,,,REG,CAR,CLE,Ian Thomas,ThomIa00,0.0,0.0,0.0,109.7
2022,REG,1,00-0034753,M.Andrews,TE,TE,BAL,13671,0618f387-9b72-4270-8b8f-dec4cccc9e4a,17269.0,47436.0,5012.0,,3116365.0,31056.0,,2131121.0,AndrMa00,mark-andrews-1,12559.0,13182.0,366.0,31056.0,820699.0,19803.0,820699.0,Mark Andrews,mark andrews,5,7,52.0,0,0.0,0.0,99.0,11.0,3.0,3.7785327,0,0.5252525,0.2413793,0.28125,0.558944,Mark Andrews,BAL,6.969999999999999,2.837189488030727,13.592857142857142,27.24799541809851,71.42857142857143,52.0,0.0,2.390000000000002,5.576103660851703,-3.186103660851701,00-0034753,Mark,Andrews,M.Andrews,REG,BAL,NYJ,Mark Andrews,AndrMa00,0.0,0.0,0.0,92.6
2022,REG,1,00-0034830,H.Hurst,TE,TE,CIN,13680,1b125fc4-5dd9-4eb9-a42f-048e61ca42b7,17283.0,47294.0,4973.0,,3924365.0,30995.0,,2185053.0,HursHa00,hayden-hurst-1,12467.0,13098.0,8.0,30995.0,881956.0,19843.0,881956.0,Hayden Hurst,hayden hurst,5,8,46.0,0,0.0,0.0,26.0,22.0,3.0,-3.287813,0,1.7692307,0.1509434,0.06989247,0.2753398,Hayden Hurst,CIN,3.64125,4.475871816498244,5.47625,10.872856327401783,62.5,46.0,0.0,4.333999999999998,4.1929109509337055,0.14108904906629238,00-0034830,Hayden,Hurst,H.Hurst,REG,CIN,PIT,Hayden Hurst,HursHa00,0.0,0.0,0.0,38.5
2022,REG,1,00-0031260,L.Thomas,TE,TE,WAS,11647,b24625a0-d402-4d59-a778-aa4b073bfe5e,12095.0,8755.0,2251.0,loganthomas/2543767,16813.0,27648.0,,1691193.0,ThomLo00,logan-thomas-1,9323.0,9354.0,,27648.0,507528.0,16656.0,507528.0,Logan Thomas,logan thomas,3,6,45.0,0,0.0,0.0,70.0,19.0,2.0,3.3000865,0,0.64285713,0.14634146,0.2413793,0.3884777,Logan Thomas,WAS,5.466666666666668,3.515738993344589,11.345,21.94744478478156,50.0,45.0,0.0,6.093333333333333,5.3254696672741675,0.7678636660591653,00-0031260,Logan,Thomas,L.Thomas,REG,WAS,JAX,Logan Thomas,ThomLo00,0.0,0.0,0.0,75.0
2022,REG,1,00-0034159,W.Dissly,TE,TE,SEA,13763,383f4814-6836-4766-a297-fc063e8509cc,18049.0,30762.0,5010.0,,3127292.0,31090.0,,2139628.0,DissWi00,will-dissly-1,12986.0,13246.0,86.0,31090.0,837806.0,19950.0,837806.0,Will Dissly,will dissly,3,3,43.0,1,0.0,0.0,12.0,31.0,1.0,3.0921133,0,3.5833333,0.11111111,0.08888889,0.22888888,,,,,,,,,,,,,,,,,REG,SEA,DEN,Will Dissly,DissWi00,0.0,0.0,0.0,158.3
2022,REG,1,00-0036040,J.Johnson,TE,TE,NO,14861,0226b03b-f91d-4223-9813-9fcd2e9c3acc,19562.0,28305.0,7002.0,,3929645.0,33113.0,,2186637.0,JohnJu02,,14630.0,,575.0,33113.0,0.0,21738.0,884609.0,Juwan Johnson,juwan johnson,2,5,43.0,0,0.0,0.0,56.0,10.0,1.0,0.14416686,0,0.76785713,0.15625,0.1904762,0.36770833,Juwan Johnson,NO,3.1575,2.222231937542324,12.17,20.281981201253245,40.0,43.0,0.0,5.509999999999998,5.153379454756305,0.35662054524369324,00-0036040,Juwan,Johnson,J.Johnson,REG,NO,ATL,Juwan Johnson,JohnJu02,0.0,0.0,0.0,71.2
2022,REG,1,00-0036244,C.Parkinson,TE,TE,SEA,14871,1ea7affb-e5e7-491a-aaa3-55e200b2eb48,19372.0,52266.0,6865.0,,4242557.0,32803.0,,2867522.0,ParkCo02,colby-parkinson-1,14463.0,,565.0,32803.0,0.0,21807.0,1060312.0,Colby Parkinson,colby parkinson,2,2,43.0,1,0.0,0.0,29.0,14.0,2.0,4.591134,0,1.4827586,0.074074075,0.21481481,0.2614815,,,,,,,,,,,,,,,,,REG,SEA,DEN,Colby Parkinson,ParkCo02,0.0,0.0,0.0,158.3
2022,REG,1,00-0035222,Z.Gentry,TE,TE,PIT,14240,58f18567-a050-49c4-aeca-b34499338b37,18690.0,36049.0,6018.0,,3929924.0,31973.0,,2185708.0,GentZa00,zach-gentry-2,13511.0,14247.0,,31973.0,883079.0,20770.0,883079.0,Zach Gentry,zach gentry,2,2,40.0,0,0.0,0.0,0.0,40.0,1.0,1.6097068,0,0.0,0.054054055,0.0,0.08108108,,,,,,,,,,,,,,,,,REG,PIT,CIN,Zach Gentry,GentZa00,0.0,0.0,0.0,118.7
2022,REG,1,00-0033110,T.Higbee,TE,TE,LA,12678,0df7912d-9e81-47ea-b4f7-d04986df4ee8,15623.0,10744.0,3271.0,,2573401.0,29344.0,,1853103.0,HigbTy00,tyler-higbee-1,10854.0,11430.0,159.0,29344.0,604176.0,18032.0,604176.0,Tyler Higbee,tyler higbee,5,11,39.0,0,0.0,0.0,19.0,27.0,4.0,-9.242524,0,2.0526316,0.2682927,0.07949791,0.45808756,Tyler Higbee,LAR,6.53875,4.022515348009751,2.439090909090909,11.62478336221837,45.45454545454545,39.0,0.0,5.832000000000001,6.436311814608712,-0.6043118146087112,00-0033110,Tyler,Higbee,T.Higbee,REG,LA,BUF,Tyler Higbee,HigbTy00,0.0,2.0,0.182,15.2
2022,REG,1,00-0033879,O.Howard,TE,TE,HOU,13188,93ed8c6f-b676-46d3-bf82-6155e89b4a68,16380.0,11774.0,4055.0,,3043080.0,30132.0,,2061190.0,HowaO.00,oj-howard-1,11806.0,12161.0,,30132.0,732147.0,18901.0,732147.0,O.J. Howard,oj howard,2,2,38.0,2,0.0,0.0,33.0,5.0,2.0,4.71538,0,1.1515151,0.055555556,0.12547529,0.17116603,,,,,,,,,,,,,,,,,REG,HOU,IND,O.J. Howard,HowaO.00,1.0,0.0,0.0,158.3
2022,REG,1,00-0035229,T.Hockenson,TE,TE,DET,14138,bd1120b6-38b3-4225-a4b0-20660a149d0d,18290.0,40912.0,5844.0,,4036133.0,31840.0,,2251097.0,HockTJ00,tj-hockenson-1,13610.0,14051.0,247.0,31840.0,923915.0,20805.0,923915.0,T.J. Hockenson,tj hockenson,4,7,38.0,0,0.0,0.0,42.0,23.0,3.0,-3.958439,0,0.9047619,0.1891892,0.13725491,0.37986222,T.J. Hockenson,DET,7.588571428571429,2.7725995689351284,5.97285714285714,13.830174324369022,57.14285714285714,38.0,0.0,6.150000000000004,4.739902808413364,1.4100971915866403,00-0035229,Thomas,Hockenson,T.Hockenson,REG,DET,PHI,T.J. Hockenson,HockTJ00,1.0,0.0,0.0,32.7
2022,REG,1,00-0033757,R.Tonyan,TE,TE,GB,13427,7c9c7800-69d0-459b-812b-a07ac48e9f2a,16502.0,12193.0,4602.0,,2975674.0,30777.0,,2820026.0,TonyRo00,,12389.0,12868.0,,30777.0,660151.0,19491.0,660151.0,Robert Tonyan,robert tonyan,3,5,36.0,0,0.0,0.0,23.0,26.0,1.0,-2.5077453,0,1.5652174,0.14285715,0.10952381,0.29095238,Robert Tonyan,GB,7.215000000000001,4.215901226081952,4.986000000000001,12.620867716296264,60.0,36.0,0.0,9.37333333333333,9.833169499814781,-0.45983616648145187,00-0033757,Robert,Tonyan,R.Tonyan,REG,GB,MIN,Robert Tonyan,TonyRo00,0.0,0.0,0.0,82.1
2022,REG,1,00-0033858,J.Smith,TE,TE,NE,13193,e4f25a37-74de-4bfb-b6c9-f50a4fab0b87,16460.0,11855.0,4144.0,,3054212.0,30213.0,,2081506.0,SmitJo01,jonnu-smith-1,11807.0,12344.0,84.0,30213.0,743749.0,18990.0,743749.0,Jonnu Smith,jonnu smith,3,4,33.0,0,0.0,0.0,26.0,28.0,2.0,1.9071949,0,1.2692307,0.13333334,0.09318996,0.26523298,,,,,,,,,,,,,,,,,REG,NE,MIA,Jonnu Smith,SmitJo01,4.0,0.0,0.0,99.0
2022,REG,1,00-0036423,A.Okwuegbunam,TE,TE,DEN,14873,617aee8a-70be-4bdf-9a71-2e2b74e647e6,18246.0,41933.0,6843.0,,4035115.0,32788.0,,2245117.0,OkwuAl00,albert-okwuegbunam-1,14369.0,,,32788.0,0.0,21794.0,920077.0,Albert Okwuegbunam,albert okwuegbunam,5,6,33.0,0,0.0,0.0,7.0,22.0,2.0,1.5369986,0,4.714286,0.14634146,0.025179856,0.23713809,Albert Okwuegbunam,DEN,4.961999999999999,2.9011001439194537,1.9349999999999987,3.892837982832616,83.33333333333334,33.0,0.0,3.9360000000000013,3.5776485619459892,0.35835143805401204,00-0036423,Albert,Okwuegbunam,A.Okwuegbunam,REG,DEN,SEA,Albert Okwuegbunam,OkwuAl00,1.0,0.0,0.0,89.6
2022,REG,1,00-0033881,E.Engram,TE,TE,JAX,13189,e21365af-8d66-416e-b0a5-8816d18fcfd9,16411.0,11778.0,4066.0,,3051876.0,30136.0,,2079887.0,EngrEv00,evan-engram-1,11805.0,12205.0,229.0,30136.0,749185.0,18912.0,749185.0,Evan Engram,evan engram,4,4,28.0,0,0.0,0.0,24.0,4.0,1.0,2.0929294,0,1.1666666,0.10526316,0.0661157,0.20417573,,,,,,,,,,,,,,,,,REG,JAX,WAS,Evan Engram,EngrEv00,0.0,0.0,0.0,95.8
2022,REG,1,00-0036332,J.Deguara,TE,TE,GB,14876,7874d188-0fcd-4af9-9289-27c27e2bbd16,19456.0,47034.0,7050.0,,3914151.0,32764.0,,2181108.0,DeguJo00,josiah-deguara-1,14629.0,,,32764.0,0.0,21798.0,866149.0,Josiah Deguara,josiah deguara,2,2,28.0,0,0.0,0.0,18.0,10.0,2.0,0.029387012,0,1.5555556,0.057142857,0.08571429,0.14571428,,,,,,,,,,,,,,,,,REG,GB,MIN,Josiah Deguara,DeguJo00,0.0,0.0,0.0,118.7
2022,REG,1,00-0033217,M.Alie-Cox,TE,TE,IND,13246,8809c0dd-786b-4255-a7d0-333c9498c19a,16579.0,12078.0,4054.0,moalie-cox/2558832,2998565.0,30112.0,,2815925.0,AlieMo00,,12196.0,12221.0,195.0,30112.0,712506.0,18900.0,712506.0,Mo Alie-Cox,mo alie-cox,2,2,26.0,0,0.0,0.0,13.0,13.0,2.0,2.4190707,0,2.0,0.040816326,0.041269843,0.09011338,,,,,,,,,,,,,,,,,REG,IND,HOU,Mo Alie-Cox,AlieMo00,0.0,0.0,0.0,118.7
2022,REG,1,00-0037011,T.McKitty,TE,TE,LAC,15333,2ac90a86-c585-4c12-894d-a805a0c94cc3,22807.0,60896.0,7554.0,,4240023.0,33485.0,,2804040.0,McKiTr00,tre-mckitty-1,15252.0,,,33485.0,0.0,,976252.0,Tre' McKitty,tre mckitty,3,4,24.0,0,1.0,0.0,14.0,13.0,0.0,-0.08826674,0,1.7142857,0.11764706,0.05882353,0.21764706,,,,,,,,,,,,,,,,,REG,LAC,LV,Tre' McKitty,McKiTr00,0.0,1.0,0.25,89.6
2022,REG,1,00-0037168,A.Rogers,TE,TE,WAS,15990,6a3edb00-ca63-11ec-bdda-4fe5bed84950,24242.0,,8665.0,,4056052.0,34278.0,,2258253.0,RogeAr00,,16362.0,,,34278.0,0.0,,944636.0,Armani Rogers,armani rogers,1,1,23.0,0,0.0,0.0,-4.0,27.0,1.0,1.337853,0,0.0,0.024390243,-0.013793103,0.026930194,,,,,,,,,,,,,,,,,REG,WAS,JAX,Armani Rogers,RogeAr00,0.0,0.0,0.0,118.7
2022,REG,1,00-0036876,K.Granson,TE,TE,IND,15419,bcc0167c-05fd-4b23-981e-60b8784ceb33,22841.0,40630.0,7602.0,,4039160.0,33515.0,,2247146.0,GranKy00,kylen-granson-1,15245.0,,1119.0,33515.0,0.0,,921050.0,Kylen Granson,kylen granson,3,7,22.0,0,0.0,0.0,37.0,12.0,1.0,-1.4438494,0,0.5945946,0.14285715,0.11746032,0.29650792,Kylen Granson,IND,10.303333333333333,4.666286849754036,4.871428571428571,11.001419538004905,42.857142857142854,22.0,0.0,4.476666666666667,4.47279071205612,0.0038759546105469056,00-0036876,Kylen,Granson,K.Granson,REG,IND,HOU,Kylen Granson,GranKy00,0.0,1.0,0.143,50.9
2022,REG,1,00-0033090,H.Henry,TE,TE,NE,12676,705899da-3c20-4bc3-b5d0-2e6e40655131,15561.0,10669.0,3214.0,,3046439.0,29269.0,,2079848.0,HenrHu00,hunter-henry-1,10735.0,11299.0,212.0,29269.0,744425.0,17975.0,744425.0,Hunter Henry,hunter henry,2,3,20.0,0,0.0,0.0,38.0,5.0,1.0,-2.376633,0,0.5263158,0.1,0.13620071,0.2453405,,,,,,,,,,,,,,,,,REG,NE,MIA,Hunter Henry,HenrHu00,0.0,0.0,0.0,85.4
2022,REG,1,00-0032141,G.Swaim,TE,TE,TEN,12378,d0f9112d-2496-450a-9fc5-d2d01b4d2454,14164.0,9679.0,2545.0,geoffswaim/2553454,3046704.0,28634.0,,2174207.0,SwaiGe00,geoff-swaim-1,10507.0,10617.0,,28634.0,728021.0,17005.0,728021.0,Geoff Swaim,geoff swaim,3,4,19.0,0,0.0,0.0,4.0,19.0,1.0,0.26094997,0,4.75,0.12903225,0.013793103,0.20320356,,,,,,,,,,,,,,,,,REG,TEN,NYG,Geoff Swaim,SwaiGe00,0.0,1.0,0.25,84.4
2022,REG,1,00-0036970,K.Pitts,TE,TE,ATL,15329,1f3deb24-9ff8-4769-8f42-825eff7742f6,20164.0,83964.0,7553.0,,4360248.0,33392.0,,2964514.0,PittKy00,kyle-pitts-1,15265.0,,1051.0,33392.0,0.0,,1123026.0,Kyle Pitts,kyle pitts,2,7,19.0,0,0.0,0.0,93.0,6.0,1.0,-1.5824887,0,0.20430107,0.21875,0.32978722,0.55897605,Kyle Pitts,ATL,4.236666666666667,2.2627909049542807,12.157142857142857,30.610409697492898,28.57142857142857,19.0,0.0,3.4399999999999977,5.027921371478897,-1.587921371478899,00-0036970,Kyle,Pitts,K.Pitts,REG,ATL,NO,Kyle Pitts,PittKy00,0.0,1.0,0.143,39.6
2022,REG,1,00-0036232,H.Bryant,TE,TE,CLE,14875,f58a5899-8b78-46e8-a29a-ba6273b7d872,19389.0,26394.0,6850.0,,4040774.0,32785.0,,2241240.0,BryaHa00,harrison-bryant-1,14576.0,,752.0,32785.0,0.0,21783.0,916467.0,Harrison Bryant,harrison bryant,2,4,18.0,0,0.0,0.0,54.0,3.0,1.0,0.86612976,0,0.33333334,0.13333334,0.23788546,0.36651984,,,,,,,,,,,,,,,,,REG,CLE,CAR,Harrison Bryant,BryaHa00,0.0,1.0,0.25,62.5
2022,REG,1,00-0033246,J.Mundt,TE,TE,MIN,13940,6414998b-5831-44aa-8bd8-39e42a323c2c,16743.0,12206.0,4314.0,,3052096.0,30373.0,,2818622.0,MundJo00,,12316.0,12525.0,,30373.0,740704.0,19165.0,740704.0,Johnny Mundt,johnny mundt,3,3,17.0,0,0.0,0.0,3.0,14.0,1.0,0.23987782,0,5.6666665,0.09677419,0.018518519,0.15812425,,,,,,,,,,,,,,,,,REG,MIN,GB,Johnny Mundt,MundJo00,0.0,0.0,0.0,90.3
2022,REG,1,00-0033439,P.Brown,TE,TE,HOU,13994,6733b953-de77-44e5-acbf-c2d3a0940243,16937.0,12247.0,4443.0,,2971281.0,30627.0,,2819155.0,BrowPh01,,11887.0,12737.0,,30627.0,689689.0,19304.0,689689.0,Pharaoh Brown,pharaoh brown,1,1,17.0,0,0.0,0.0,10.0,7.0,1.0,0.91947395,0,1.7,0.027777778,0.038022812,0.068282634,,,,,,,,,,,,,,,,,REG,HOU,IND,Pharaoh Brown,BrowPh01,0.0,0.0,0.0,118.7
2022,REG,1,00-0034270,T.Conklin,TE,TE,NYJ,13675,f0d17dfa-ebf3-416c-a8d2-c6bc30675103,17598.0,47327.0,5133.0,,3915486.0,31220.0,,2165249.0,ConkTy00,tyler-conklin-1,12809.0,13220.0,489.0,31127.0,861278.0,19988.0,861278.0,Tyler Conklin,tyler conklin,4,7,16.0,1,1.0,0.0,11.0,0.0,1.0,1.1606654,0,1.4545455,0.12280702,0.039285716,0.21171053,Tyler Conklin,NYJ,5.401666666666666,2.8885135788085887,3.140000000000003,7.047130490541846,57.14285714285714,16.0,1.0,1.2475000000000005,1.395743881798353,-0.14824388179835246,00-0034270,Tyler,Conklin,T.Conklin,REG,NYJ,BAL,Tyler Conklin,ConkTy00,0.0,1.0,0.143,101.8
2022,REG,1,00-0035644,N.Fant,TE,TE,SEA,14137,cdc98acc-9eb6-4b44-81bb-61d7b8a3b55f,17527.0,42388.0,5857.0,,4036131.0,31852.0,,2251095.0,FantNo00,noah-fant-1,13426.0,14050.0,243.0,31852.0,923911.0,20753.0,923911.0,Noah Fant,noah fant,3,4,16.0,0,0.0,0.0,15.0,14.0,1.0,-0.7506531,0,1.0666667,0.14814815,0.11111111,0.3,,,,,,,,,,,,,,,,,REG,SEA,DEN,Noah Fant,FantNo00,0.0,0.0,0.0,81.2
2022,REG,1,00-0030061,Z.Ertz,TE,TE,ARI,11247,de3421f7-2147-4835-89a5-724e87bad463,11689.0,7816.0,1339.0,zachertz/2540158,15835.0,26658.0,,1685963.0,ErtzZa00,zach-ertz-1,8781.0,8409.0,305.0,26658.0,503177.0,14856.0,503177.0,Zach Ertz,zach ertz,2,4,14.0,1,0.0,0.0,22.0,4.0,1.0,1.1358529,1,0.6363636,0.11111111,0.082706764,0.22456141,,,,,,,,,,,,,,,,,REG,ARI,KC,Zach Ertz,ErtzZa00,0.0,0.0,0.0,97.9
2022,REG,1,00-0034798,D.Smythe,TE,TE,MIA,13676,7e42a22a-c47b-4387-aeeb-2cc2e76dc1d8,17508.0,47257.0,5008.0,,3052897.0,31093.0,,2082845.0,SmytDu00,durham-smythe-1,12807.0,13249.0,,31093.0,749968.0,19943.0,749968.0,Durham Smythe,durham smythe,1,2,14.0,0,0.0,0.0,12.0,2.0,1.0,0.35630065,0,1.1666666,0.06451613,0.046153847,0.12908189,,,,,,,,,,,,,,,,,REG,MIA,NE,Durham Smythe,SmytDu00,0.0,0.0,0.0,72.9
2022,REG,1,00-0034073,R.Dwelley,TE,TE,SF,13988,70473218-5ae3-47b4-86fd-151e68f1e8b9,17886.0,20994.0,5285.0,,3120303.0,31329.0,,2924888.0,DwelRo00,,13030.0,13522.0,,31329.0,752665.0,20361.0,752665.0,Ross Dwelley,ross dwelley,1,2,11.0,0,0.0,0.0,15.0,0.0,1.0,1.4009165,0,0.73333335,0.07692308,0.07109005,0.16514765,,,,,,,,,,,,,,,,,REG,SF,CHI,Ross Dwelley,DwelRo00,0.0,0.0,0.0,66.7
2022,REG,1,00-0037809,C.Okonkwo,TE,TE,TEN,15889,14e11f9b-58c8-437f-abc0-a4e4df9a7c47,23982.0,,8210.0,,4360635.0,34099.0,,2965208.0,OkonCh00,chigoziem-okonkwo-1,16042.0,,1320.0,34099.0,0.0,,1106374.0,Chigoziem Okonkwo,chigoziem okonkwo,1,1,11.0,0,0.0,0.0,11.0,0.0,1.0,1.3324602,0,1.0,0.032258064,0.037931036,0.07493882,,,,,,,,,,,,,,,,,REG,TEN,NYG,Chigoziem Okonkwo,OkonCh00,0.0,0.0,0.0,112.5
2022,REG,1,00-0036637,N.Gray,TE,TE,KC,15337,c97dfcb6-b999-476f-8487-f3848e92df17,19539.0,60878.0,7828.0,,4240472.0,33550.0,,2866903.0,GrayNo00,noah-gray-1,15459.0,,1059.0,33550.0,0.0,,1056981.0,Noah Gray,noah gray,1,2,10.0,0,0.0,0.0,14.0,2.0,1.0,0.6931835,0,0.71428573,0.051282052,0.04605263,0.10915992,,,,,,,,,,,,,,,,,REG,KC,ARI,Noah Gray,GrayNo00,0.0,0.0,0.0,64.6
2022,REG,1,00-0032214,T.Kroft,TE,TE,SF,12212,36f54823-9d51-4180-9c91-d10281deb4bf,13960.0,9518.0,2390.0,tylerkroft/2552586,2582410.0,28473.0,,1824200.0,KrofTy00,tyler-kroft-1,10247.0,10490.0,,28473.0,592268.0,16846.0,592268.0,Tyler Kroft,tyler kroft,1,2,9.0,0,0.0,0.0,33.0,3.0,0.0,-0.32423255,0,0.27272728,0.07692308,0.1563981,0.22486329,,,,,,,,,,,,,,,,,REG,SF,CHI,Tyler Kroft,KrofTy00,0.0,0.0,0.0,62.5
2022,REG,1,00-0031273,C.Brate,TE,TE,TB,12110,5afe93fd-0caf-4cca-83fc-7f405bebfa3e,13470.0,9207.0,2214.0,,17453.0,28267.0,,2132787.0,BratCa00,,10008.0,10193.0,,28267.0,552926.0,16593.0,552926.0,Cameron Brate,cameron brate,1,3,7.0,0,0.0,0.0,15.0,1.0,1.0,-1.4454918,0,0.46666667,0.11111111,0.04918033,0.2010929,,,,,,,,,,,,,,,,,REG,TB,DAL,Cameron Brate,BratCa00,0.0,1.0,0.333,42.4
2022,REG,1,00-0033885,D.Njoku,TE,TE,CLE,13192,8f86fcea-90e8-49ea-bc78-5c7659313e57,16399.0,11784.0,4033.0,,3123076.0,30142.0,,2136474.0,NjokDa00,david-njoku-1,11734.0,12186.0,252.0,30142.0,832098.0,18876.0,832098.0,David Njoku,david njoku,1,1,7.0,0,0.0,0.0,2.0,5.0,0.0,-0.63589907,0,3.5,0.033333335,0.008810572,0.0561674,,,,,,,,,,,,,,,,,REG,CLE,CAR,David Njoku,NjokDa00,0.0,0.0,0.0,95.8
2022,REG,1,00-0032392,A.Hooper,TE,TE,TEN,12677,90c2a93f-d837-4e1b-b57c-56648903a8db,15581.0,10715.0,3202.0,,3043275.0,29315.0,,2067004.0,HoopAu00,austin-hooper-1,10748.0,11301.0,384.0,29315.0,739424.0,17963.0,739424.0,Austin Hooper,austin hooper,1,2,6.0,0,0.0,0.0,10.0,2.0,0.0,-0.0907715,0,0.6,0.06451613,0.03448276,0.12091213,,,,,,,,,,,,,,,,,REG,TEN,NYG,Austin Hooper,HoopAu00,0.0,0.0,0.0,56.2
2022,REG,1,00-0033455,A.Firkser,TE,TE,ATL,13919,b0719e3d-199b-46e5-a2b4-1091f6fd5c0d,16787.0,51837.0,4435.0,,3049698.0,30571.0,,2818971.0,FirkAn00,,12235.0,12691.0,,30571.0,767297.0,19296.0,767297.0,Anthony Firkser,anthony firkser,1,2,6.0,0,0.0,0.0,8.0,2.0,0.0,-1.7812285,0,0.75,0.0625,0.028368793,0.11360816,,,,,,,,,,,,,,,,,REG,ATL,NO,Anthony Firkser,FirkAn00,0.0,0.0,0.0,56.2
2022,REG,1,00-0035572,P.Hesse,TE,TE,ATL,15564,5aab93f1-bc81-4d83-b105-d579a14eb349,19067.0,48369.0,6662.0,,3144991.0,32588.0,,3117115.0,,,14295.0,,,32588.0,0.0,21569.0,846264.0,Parker Hesse,parker hesse,1,2,5.0,0,0.0,0.0,9.0,4.0,1.0,0.6789414,0,0.5555556,0.0625,0.031914894,0.116090424,,,,,,,,,,,,,,,,,,,,,,,,,
2022,REG,1,00-0035689,D.Knox,TE,TE,BUF,14143,5fb525c5-4e70-4ede-8c49-94ad0cf66b7d,18631.0,35883.0,5906.0,,3930086.0,31928.0,,2186345.0,KnoxDa00,dawson-knox-1,13466.0,13953.0,88.0,31928.0,884083.0,20850.0,884083.0,Dawson Knox,dawson knox,1,2,5.0,0,0.0,0.0,3.0,8.0,0.0,0.80285704,0,1.6666666,0.06451613,0.013215859,0.10602529,,,,,,,,,,,,,,,,,REG,BUF,LA,Dawson Knox,KnoxDa00,0.0,0.0,0.0,56.2
2022,REG,1,00-0036556,B.Jordan,TE,TE,HOU,15330,8ffb5c07-4aa1-4796-b1ab-30c1ab0ccc4c,20162.0,77887.0,7568.0,,4362504.0,33535.0,,2964787.0,JordBr00,brevin-jordan-1,15369.0,,1052.0,33535.0,0.0,,1121871.0,Brevin Jordan,brevin jordan,1,2,5.0,0,0.0,0.0,7.0,1.0,1.0,0.75380594,0,0.71428573,0.055555556,0.02661597,0.10196451,,,,,,,,,,,,,,,,,REG,HOU,IND,Brevin Jordan,JordBr00,0.0,0.0,0.0,56.2
2022,REG,1,00-0036250,T.Davis,TE,TE,GB,14996,e7a9186e-5e19-4f70-b45c-527c888e6fc7,19811.0,47743.0,7131.0,,3914240.0,32876.0,,2182811.0,DaviTy02,tyler-davis-2,14827.0,,,32876.0,0.0,22138.0,866174.0,Tyler Davis,tyler davis,1,1,3.0,0,0.0,0.0,1.0,2.0,0.0,-0.43710408,0,3.0,0.028571429,0.004761905,0.046190478,,,,,,,,,,,,,,,,,REG,GB,MIN,Tyler Davis,DaviTy02,0.0,0.0,0.0,79.2
2022,REG,1,00-0035631,D.Sample,TE,TE,CIN,14146,15a4f552-ecaf-45bd-9006-aa5dda93bee6,18561.0,47259.0,6001.0,,3127310.0,31884.0,,2139646.0,SampDr00,drew-sample-1,13809.0,14111.0,435.0,31884.0,837824.0,20931.0,837824.0,Drew Sample,drew sample,1,1,2.0,0,0.0,0.0,2.0,0.0,0.0,-1.5308197,0,1.0,0.018867925,0.005376344,0.03206533,,,,,,,,,,,,,,,,,REG,CIN,PIT,Drew Sample,SampDr00,0.0,0.0,0.0,79.2
2022,REG,1,00-0035823,B.Ellefson,TE,TE,MIN,15088,ca393469-d587-4bf7-905d-838e960de851,19698.0,27766.0,7288.0,,3930900.0,33124.0,,2190748.0,ElleBe00,,14864.0,,,33124.0,0.0,22284.0,888731.0,Ben Ellefson,ben ellefson,1,1,2.0,0,0.0,0.0,1.0,1.0,0.0,-0.79209816,0,2.0,0.032258064,0.0061728396,0.052708086,,,,,,,,,,,,,,,,,REG,MIN,GB,Ben Ellefson,ElleBe00,0.0,0.0,0.0,79.2
2022,REG,1,00-0034829,M.Gesicki,TE,TE,MIA,13672,1012cbe0-7eba-4169-bfca-183a0204e1a7,17272.0,47153.0,4993.0,,3116164.0,31012.0,,2139298.0,GesiMi00,mike-gesicki-1,12764.0,13104.0,330.0,31012.0,836152.0,19853.0,836152.0,Mike Gesicki,mike gesicki,1,1,1.0,0,0.0,0.0,0.0,1.0,0.0,-0.54931736,0,0.0,0.032258064,0.0,0.048387095,,,,,,,,,,,,,,,,,REG,MIA,NE,Mike Gesicki,GesiMi00,0.0,0.0,0.0,79.2
2022,REG,1,00-0035345,C.Myarick,TE,TE,NYG,15620,002adaa8-5dc2-4b4b-95bc-53a38dce3849,19098.0,47358.0,6529.0,,3138744.0,32442.0,,3117054.0,,,14282.0,,,32442.0,0.0,21531.0,838318.0,Chris Myarick,chris myarick,1,1,1.0,1,0.0,0.0,1.0,0.0,1.0,1.1235902,0,1.0,0.04761905,0.008333334,0.0772619,,,,,,,,,,,,,,,,,,,,,,,,,
2022,REG,1,00-0035547,J.Fortson,TE,TE,KC,15070,a01ffd42-5fdb-42f8-95ab-157025e3fba8,18831.0,94384.0,6665.0,,4408854.0,32600.0,,3117124.0,FortJo01,,14306.0,,,32600.0,0.0,21383.0,1167484.0,Jody Fortson,jody fortson,1,1,1.0,1,0.0,0.0,1.0,0.0,1.0,0.4887494,0,1.0,0.025641026,0.0032894737,0.04076417,,,,,,,,,,,,,,,,,REG,KC,ARI,Jody Fortson,FortJo01,0.0,0.0,0.0,118.7
2022,REG,1,00-0037005,T.Tremble,TE,TE,CAR,15332,cbee2fd3-e5f2-4316-bffd-531f1873f032,22795.0,84025.0,7694.0,,4372780.0,33471.0,,2969027.0,TremTo00,tommy-tremble-1,15371.0,,1054.0,33471.0,0.0,,1130555.0,Tommy Tremble,tommy tremble,1,1,1.0,0,0.0,0.0,-1.0,2.0,0.0,-0.08362061,0,0.0,0.03846154,-0.0058479533,0.05359874,,,,,,,,,,,,,,,,,REG,CAR,CLE,Tommy Tremble,TremTo00,0.0,0.0,0.0,79.2
2022,REG,1,00-0030108,R.Griffin,TE,TE,CHI,11399,cb1df42c-b59c-4e23-a9a2-fbfc2b39ef71,11830.0,7982.0,1425.0,ryangriffin/2541316,15887.0,26824.0,,2057695.0,GrifRy00,ryan-griffin-1,8911.0,8600.0,,26824.0,465129.0,14985.0,465129.0,Ryan Griffin,ryan griffin,0,2,0.0,0,0.0,0.0,29.0,0.0,0.0,-1.0381559,0,0.0,0.11764706,0.17901234,0.30177924,,,,,,,,,,,,,,,,,REG,CHI,SF,Ryan Griffin,GrifRy00,0.0,0.0,0.0,39.6
2022,REG,1,00-0031384,R.Rodgers,TE,TE,LAC,11785,e00b3426-238b-4bdb-85c3-bbf08b7469e3,12233.0,8733.0,2146.0,richardrodgers/2550313,16786.0,27626.0,,2129433.0,RodgRi00,richard-rodgers-1,9559.0,9547.0,,27626.0,607699.0,16491.0,607699.0,Richard Rodgers,richard rodgers,0,1,0.0,0,0.0,0.0,1.0,0.0,0.0,-0.22918983,0,0.0,0.029411765,0.004201681,0.047058824,,,,,,,,,,,,,,,,,REG,LAC,LV,Richard Rodgers,RodgRi00,0.0,0.0,0.0,39.6
2022,REG,1,00-0031690,E.Tomlinson,TE,TE,DEN,13065,b3d7169b-9cf6-4fea-815a-26e4fb0ec16a,14339.0,9786.0,2755.0,,2511973.0,28658.0,,1759992.0,TomlEr01,,10553.0,10747.0,,28658.0,554431.0,17223.0,554431.0,Eric Tomlinson,eric tomlinson,0,1,0.0,0,0.0,0.0,3.0,0.0,0.0,-0.40714303,0,0.0,0.024390243,0.010791367,0.044139322,,,,,,,,,,,,,,,,,REG,DEN,SEA,Eric Tomlinson,TomlEr01,0.0,0.0,0.0,39.6
2022,REG,1,00-0033576,E.Saubert,TE,TE,DEN,13315,582dc00e-e7ec-4ca7-bff0-f7b1d604017b,16706.0,11929.0,4189.0,,2975863.0,30287.0,,2001018.0,SaubEr00,,11897.0,12300.0,,30287.0,694931.0,19035.0,694931.0,Eric Saubert,eric saubert,0,1,0.0,0,0.0,0.0,16.0,0.0,0.0,-0.4407225,0,0.0,0.024390243,0.05755396,0.07687314,,,,,,,,,,,,,,,,,REG,DEN,SEA,Eric Saubert,SaubEr00,0.0,0.0,0.0,39.6
2022,REG,1,00-0034970,I.Smith,TE,TE,MIN,14141,ed0e6a30-83d5-4f4b-bf49-f7ff80e21304,18610.0,42060.0,6126.0,,4040980.0,31882.0,,2257888.0,SmitIr01,irv-smith-jr-1,13583.0,14052.0,,31882.0,944428.0,20949.0,944428.0,Irv Smith,irv smith,0,2,0.0,0,0.0,0.0,3.0,0.0,0.0,-0.6480776,0,0.0,0.06451613,0.018518519,0.10973716,,,,,,,,,,,,,,,,,REG,MIN,GB,Irv Smith Jr.,SmitIr01,0.0,0.0,0.0,39.6
2022,REG,1,00-0036005,N.Togiai,TE,TE,PHI,15080,86707c8e-fec4-4ebe-9111-4d3ad238ad43,19688.0,47282.0,7404.0,,3930298.0,32970.0,,3159160.0,TogiNo00,,14843.0,,,32970.0,0.0,21796.0,885029.0,Noah Togiai,noah togiai,0,1,0.0,0,0.0,0.0,4.0,0.0,0.0,-0.64056355,0,0.0,0.03448276,0.031007752,0.07342956,,,,,,,,,,,,,,,,,REG,PHI,DET,Noah Togiai,TogiNo00,0.0,1.0,1.0,39.6
2022,REG,1,00-0036145,L.Cager,TE,TE,NYJ,15041,2f2181f8-cb0a-42e4-9468-17f5f5a219cc,19701.0,34914.0,7106.0,,3917849.0,33329.0,,2183845.0,,,14597.0,,,33329.0,0.0,21728.0,880123.0,Lawrence Cager,lawrence cager,0,1,0.0,0,0.0,0.0,14.0,0.0,0.0,-6.817973,0,0.0,0.01754386,0.05,0.06131579,,,,,,,,,,,,,,,,,,,,,,,,,
2022,REG,1,00-0036290,C.Kmet,TE,TE,CHI,14867,036feeb6-9a22-43c5-a8e3-7ac611d8ff49,19229.0,60995.0,6826.0,,4258595.0,32713.0,,2868619.0,KmetCo00,cole-kmet-1,14436.0,,569.0,32713.0,0.0,21772.0,1066765.0,Cole Kmet,cole kmet,0,1,0.0,0,0.0,0.0,-4.0,0.0,0.0,-0.4853091,0,0.0,0.05882353,-0.024691358,0.07095134,,,,,,,,,,,,,,,,,REG,CHI,SF,Cole Kmet,KmetCo00,0.0,0.0,0.0,39.6
2022,REG,1,00-0036628,J.Bates,TE,TE,WAS,15344,3208880b-949f-4926-85eb-1940770550ea,22833.0,42275.0,7716.0,,4048228.0,33512.0,,2257291.0,BateJo00,john-bates-1,15289.0,,,33512.0,0.0,,944038.0,John Bates,john bates,0,1,0.0,0,0.0,0.0,3.0,0.0,0.0,-1.8545877,0,0.0,0.024390243,0.010344828,0.043826744,,,,,,,,,,,,,,,,,REG,WAS,JAX,John Bates,BateJo00,0.0,1.0,1.0,39.6
2022,REG,1,00-0037838,I.Likely,TE,TE,BAL,15798,f9279edb-cfa7-4f7d-91df-b81cbf3e133e,23781.0,,8131.0,,4361050.0,34095.0,,2961906.0,LikeIs00,isaiah-likely-1,16033.0,,1257.0,34095.0,0.0,,1125111.0,Isaiah Likely,isaiah likely,0,4,0.0,0,0.0,0.0,19.0,0.0,0.0,-4.4306827,0,0.0,0.13793103,0.053977273,0.24468064,,,,,,,,,,,,,,,,,REG,BAL,NYJ,Isaiah Likely,LikeIs00,0.0,1.0,0.25,39.6
2022,REG,2,00-0034753,M.Andrews,TE,TE,BAL,13671,0618f387-9b72-4270-8b8f-dec4cccc9e4a,17269.0,47436.0,5012.0,,3116365.0,31056.0,,2131121.0,AndrMa00,mark-andrews-1,12559.0,13182.0,366.0,31056.0,820699.0,19803.0,820699.0,Mark Andrews,mark andrews,9,11,104.0,1,0.0,0.0,125.0,24.0,6.0,5.184701,0,0.832,0.37931034,0.39808917,0.84762794,Mark Andrews,BAL,6.4879999999999995,2.8887582008501766,11.26909090909091,38.27698008337193,81.81818181818183,104.0,1.0,3.416666666666666,3.5473226940426787,-0.13065602737601267,00-0034753,Mark,Andrews,M.Andrews,REG,BAL,MIA,Mark Andrews,AndrMa00,1.0,1.0,0.091,136.4
2022,REG,2,00-0034351,D.Goedert,TE,TE,PHI,13674,e8029983-87cf-49a2-bc04-04c8233a0630,17270.0,47272.0,5022.0,,3121023.0,31019.0,,2132551.0,GoedDa00,,12860.0,13151.0,382.0,31019.0,791365.0,19863.0,791365.0,Dallas Goedert,dallas goedert,5,6,82.0,0,0.0,0.0,46.0,51.0,4.0,4.9599705,0,1.7826087,0.19354838,0.16027875,0.4025177,Dallas Goedert,PHI,6.672,5.300391110584942,5.894,11.501385473988213,83.33333333333334,82.0,0.0,10.506,8.603124558869762,1.902875441130238,00-0034351,Dallas,Goedert,D.Goedert,REG,PHI,MIN,Dallas Goedert,GoedDa00,0.0,0.0,0.0,118.7
2022,REG,2,00-0030061,Z.Ertz,TE,TE,ARI,11247,de3421f7-2147-4835-89a5-724e87bad463,11689.0,7816.0,1339.0,zachertz/2540158,15835.0,26658.0,,1685963.0,ErtzZa00,zach-ertz-1,8781.0,8409.0,305.0,26658.0,503177.0,14856.0,503177.0,Zach Ertz,zach ertz,8,11,75.0,0,0.0,0.0,58.0,33.0,5.0,-0.7841364,0,1.2931035,0.23404256,0.24267782,0.5209383,Zach Ertz,ARI,5.56375,3.0901159048286932,5.774545454545454,25.353237008062585,72.72727272727273,75.0,0.0,4.29,4.015117668878986,0.274882331121014,00-0030061,Zachary,Ertz,Z.Ertz,REG,ARI,LV,Zach Ertz,ErtzZa00,0.0,1.0,0.091,91.1
2022,REG,2,00-0033110,T.Higbee,TE,TE,LA,12678,0df7912d-9e81-47ea-b4f7-d04986df4ee8,15623.0,10744.0,3271.0,,2573401.0,29344.0,,1853103.0,HigbTy00,tyler-higbee-1,10854.0,11430.0,159.0,29344.0,604176.0,18032.0,604176.0,Tyler Higbee,tyler higbee,7,9,71.0,0,0.0,0.0,57.0,40.0,3.0,-0.20971742,0,1.245614,0.25714287,0.22891566,0.54595524,Tyler Higbee,LAR,6.704444444444444,2.7565406554886667,6.5777777777777775,21.74072713918472,77.77777777777779,71.0,0.0,5.968571428571429,5.2919815937918555,0.6765898347795734,00-0033110,Tyler,Higbee,T.Higbee,REG,LA,ATL,Tyler Higbee,HigbTy00,0.0,0.0,0.0,60.0
2022,REG,2,00-0033895,G.Everett,TE,TE,LAC,13236,ebeceb00-57e0-4b74-9cf7-853da2afed18,16459.0,11799.0,4089.0,,3918639.0,30157.0,,2142692.0,EverGe00,gerald-everett-1,11737.0,12284.0,55.0,30157.0,838487.0,18935.0,838487.0,Gerald Everett,gerald everett,6,10,71.0,0,0.0,0.0,36.0,49.0,2.0,-11.027481,0,1.9722222,0.2173913,0.16,0.43808696,Gerald Everett,LAC,4.264,3.0154325006449167,3.685000000000001,15.453325505325848,60.0,71.0,0.0,8.169999999999998,5.297865329281346,2.872134670718652,00-0033895,Gerald,Everett,G.Everett,REG,LAC,KC,Gerald Everett,EverGe00,1.0,0.0,0.0,42.1
2022,REG,2,00-0030506,T.Kelce,TE,TE,KC,11244,c3859e06-5f23-4302-a71b-04820a899d5f,11594.0,7844.0,1466.0,traviskelce/2540258,15847.0,26686.0,,1725130.0,KelcTr00,travis-kelce-1,8783.0,8411.0,264.0,26686.0,448240.0,15048.0,448240.0,Travis Kelce,travis kelce,5,7,51.0,0,0.0,0.0,62.0,23.0,3.0,1.2237694,0,0.82258064,0.20588236,0.25514403,0.48742434,Travis Kelce,KC,6.41,3.4276342815943233,9.467142857142857,26.965332031249993,71.42857142857143,51.0,0.0,4.712,4.021901289525829,0.6900987104741709,00-0030506,Travis,Kelce,T.Kelce,REG,KC,LAC,Travis Kelce,KelcTr00,0.0,0.0,0.0,92.0
2022,REG,2,00-0031610,D.Waller,TE,TE,LV,12263,14c97c9f-26e8-4944-9299-f90de6aeada3,14104.0,9637.0,2505.0,,2576925.0,28592.0,,1850793.0,WallDa01,darren-waller-1,10215.0,10433.0,,28592.0,600191.0,16964.0,600191.0,Darren Waller,darren waller,6,8,50.0,1,0.0,0.0,66.0,12.0,3.0,-0.7819968,0,0.75757575,0.20512821,0.2832618,0.50597554,Darren Waller,LV,7.386666666666667,2.5649343736099794,9.376249999999999,32.13933758944257,75.0,50.0,1.0,2.2116666666666673,2.2151873238566395,-0.0035206571899721872,00-0031610,Darren,Waller,D.Waller,REG,LV,ARI,Darren Waller,WallDa01,0.0,0.0,0.0,130.2
2022,REG,2,00-0033881,E.Engram,TE,TE,JAX,13189,e21365af-8d66-416e-b0a5-8816d18fcfd9,16411.0,11778.0,4066.0,,3051876.0,30136.0,,2079887.0,EngrEv00,evan-engram-1,11805.0,12205.0,229.0,30136.0,749185.0,18912.0,749185.0,Evan Engram,evan engram,7,8,46.0,0,0.0,0.0,30.0,27.0,3.0,0.29962853,0,1.5333333,0.26666668,0.15228426,0.506599,Evan Engram,JAX,5.32,2.6753666739361583,3.761249999999998,15.762179151388157,87.5,46.0,0.0,4.145714285714288,3.8565310588057207,0.289183226908567,00-0033881,Evan,Engram,E.Engram,REG,JAX,IND,Evan Engram,EngrEv00,0.0,0.0,0.0,90.6
2022,REG,2,00-0036232,H.Bryant,TE,TE,CLE,14875,f58a5899-8b78-46e8-a29a-ba6273b7d872,19389.0,26394.0,6850.0,,4040774.0,32785.0,,2241240.0,BryaHa00,harrison-bryant-1,14576.0,,752.0,32785.0,0.0,21783.0,916467.0,Harrison Bryant,harrison bryant,3,4,45.0,0,0.0,0.0,25.0,24.0,2.0,1.0212364,0,1.8,0.14814815,0.17123288,0.34208524,,,,,,,,,,,,,,,,,REG,CLE,NYJ,Harrison Bryant,BryaHa00,0.0,0.0,0.0,111.5
2022,REG,2,00-0037838,I.Likely,TE,TE,BAL,15798,f9279edb-cfa7-4f7d-91df-b81cbf3e133e,23781.0,,8131.0,,4361050.0,34095.0,,2961906.0,LikeIs00,isaiah-likely-1,16033.0,,1257.0,34095.0,0.0,,1125111.0,Isaiah Likely,isaiah likely,4,5,43.0,0,0.0,0.0,38.0,30.0,1.0,-0.7226903,0,1.1315789,0.1724138,0.12101911,0.34333408,Isaiah Likely,BAL,7.114,5.985248880051781,6.7379999999999995,10.402964335340434,80.0,43.0,0.0,8.020000000000001,6.994881201810188,1.0251187981898138,00-0037838,Isaiah,Likely,I.Likely,REG,BAL,MIA,Isaiah Likely,LikeIs00,0.0,0.0,0.0,102.5
2022,REG,2,00-0034829,M.Gesicki,TE,TE,MIA,13672,1012cbe0-7eba-4169-bfca-183a0204e1a7,17272.0,47153.0,4993.0,,3116164.0,31012.0,,2139298.0,GesiMi00,mike-gesicki-1,12764.0,13104.0,330.0,31012.0,836152.0,19853.0,836152.0,Mike Gesicki,mike gesicki,4,4,41.0,1,0.0,0.0,30.0,11.0,2.0,6.92541,0,1.3666667,0.08,0.08287293,0.17801104,,,,,,,,,,,,,,,,,REG,MIA,BAL,Mike Gesicki,GesiMi00,0.0,0.0,0.0,149.0
2022,REG,2,00-0035689,D.Knox,TE,TE,BUF,14143,5fb525c5-4e70-4ede-8c49-94ad0cf66b7d,18631.0,35883.0,5906.0,,3930086.0,31928.0,,2186345.0,KnoxDa00,dawson-knox-1,13466.0,13953.0,88.0,31928.0,884083.0,20850.0,884083.0,Dawson Knox,dawson knox,4,5,41.0,0,0.0,0.0,34.0,19.0,2.0,1.8131901,0,1.2058823,0.12820514,0.10967742,0.2690819,Dawson Knox,BUF,4.744999999999999,3.0729714598255446,6.422,9.521691427215847,80.0,41.0,0.0,5.04,4.423989297150683,0.6160107028493167,00-0035689,Dawson,Knox,D.Knox,REG,BUF,TEN,Dawson Knox,KnoxDa00,0.0,0.0,0.0,100.8
2022,REG,2,00-0034270,T.Conklin,TE,TE,NYJ,13675,f0d17dfa-ebf3-416c-a8d2-c6bc30675103,17598.0,47327.0,5133.0,,3915486.0,31220.0,,2165249.0,ConkTy00,tyler-conklin-1,12809.0,13220.0,489.0,31127.0,861278.0,19988.0,861278.0,Tyler Conklin,tyler conklin,6,9,40.0,0,1.0,0.0,28.0,30.0,1.0,-0.57665074,0,1.4285715,0.20930232,0.06845966,0.36187524,Tyler Conklin,NYJ,6.1675,4.969188686081047,5.0344444444444445,10.882670829830671,66.66666666666666,40.0,0.0,4.413333333333334,6.071368203669294,-1.6580348703359604,00-0034270,Tyler,Conklin,T.Conklin,REG,NYJ,CLE,Tyler Conklin,ConkTy00,0.0,1.0,0.111,76.2
2022,REG,2,00-0036040,J.Johnson,TE,TE,NO,14861,0226b03b-f91d-4223-9813-9fcd2e9c3acc,19562.0,28305.0,7002.0,,3929645.0,33113.0,,2186637.0,JohnJu02,,14630.0,,575.0,33113.0,0.0,21738.0,884609.0,Juwan Johnson,juwan johnson,4,7,40.0,0,0.0,0.0,70.0,5.0,2.0,-2.3637178,0,0.5714286,0.175,0.13108614,0.3542603,Juwan Johnson,NO,4.795,1.878609086260576,9.817142857142857,13.735483999920046,57.14285714285714,40.0,0.0,1.3124999999999982,1.6258293628279006,-0.31332936282790236,00-0036040,Juwan,Johnson,J.Johnson,REG,NO,TB,Juwan Johnson,JohnJu02,0.0,0.0,0.0,33.9
2022,REG,2,00-0034073,R.Dwelley,TE,TE,SF,13988,70473218-5ae3-47b4-86fd-151e68f1e8b9,17886.0,20994.0,5285.0,,3120303.0,31329.0,,2924888.0,DwelRo00,,13030.0,13522.0,,31329.0,752665.0,20361.0,752665.0,Ross Dwelley,ross dwelley,1,1,38.0,1,0.0,0.0,16.0,22.0,1.0,3.501039,0,2.375,0.041666668,0.08888889,0.12472222,,,,,,,,,,,,,,,,,REG,SF,SEA,Ross Dwelley,DwelRo00,0.0,0.0,0.0,158.3
2022,REG,2,00-0031260,L.Thomas,TE,TE,WAS,11647,b24625a0-d402-4d59-a778-aa4b073bfe5e,12095.0,8755.0,2251.0,loganthomas/2543767,16813.0,27648.0,,1691193.0,ThomLo00,logan-thomas-1,9323.0,9354.0,,27648.0,507528.0,16656.0,507528.0,Logan Thomas,logan thomas,3,5,37.0,1,0.0,0.0,69.0,12.0,1.0,-1.8326744,0,0.5362319,0.11363637,0.16829269,0.28825942,Logan Thomas,WAS,5.1450000000000005,4.334616923921955,11.742,14.301722247935498,60.0,37.0,1.0,4.126666666666665,2.851830541922709,1.2748361247439561,00-0031260,Logan,Thomas,L.Thomas,REG,WAS,DET,Logan Thomas,ThomLo00,0.0,0.0,0.0,82.9
2022,REG,2,00-0034970,I.Smith,TE,TE,MIN,14141,ed0e6a30-83d5-4f4b-bf49-f7ff80e21304,18610.0,42060.0,6126.0,,4040980.0,31882.0,,2257888.0,SmitIr01,irv-smith-jr-1,13583.0,14052.0,,31882.0,944428.0,20949.0,944428.0,Irv Smith,irv smith,5,8,36.0,1,0.0,0.0,63.0,15.0,3.0,0.58912396,0,0.5714286,0.17777778,0.24513619,0.438262,Irv Smith,MIN,4.41,4.147490279962507,7.257499999999999,22.345379671323556,62.5,36.0,1.0,3.656,2.982674443679616,0.6733255563203842,00-0034970,Irvin,Smith,I.Smith,REG,MIN,PHI,Irv Smith Jr.,SmitIr01,0.0,1.0,0.125,112.5
2022,REG,2,00-0033885,D.Njoku,TE,TE,CLE,13192,8f86fcea-90e8-49ea-bc78-5c7659313e57,16399.0,11784.0,4033.0,,3123076.0,30142.0,,2136474.0,NjokDa00,david-njoku-1,11734.0,12186.0,252.0,30142.0,832098.0,18876.0,832098.0,David Njoku,david njoku,3,5,32.0,0,0.0,0.0,15.0,26.0,3.0,0.8932976,0,2.1333334,0.18518518,0.10273973,0.3496956,David Njoku,CLE,2.7175000000000002,2.6036576749876996,3.9400000000000004,11.408385452860784,60.0,32.0,0.0,9.049999999999999,7.110262349299641,1.9397376507003576,00-0033885,David,Njoku,D.Njoku,REG,CLE,NYJ,David Njoku,NjokDa00,0.0,1.0,0.2,78.7
2022,REG,2,00-0034981,F.Moreau,TE,TE,LV,14239,9c3a67fd-5c6e-4689-9e08-9ff6d4db6c9a,18397.0,47043.0,5985.0,,3843945.0,31969.0,,2180634.0,MoreFo00,foster-moreau-1,13822.0,14154.0,179.0,31969.0,865573.0,20884.0,865573.0,Foster Moreau,foster moreau,3,4,30.0,0,0.0,0.0,13.0,17.0,2.0,-0.15942056,0,2.3076923,0.102564104,0.055793993,0.19290195,,,,,,,,,,,,,,,,,REG,LV,ARI,Foster Moreau,MoreFo00,0.0,0.0,0.0,95.8
2022,REG,2,00-0033246,J.Mundt,TE,TE,MIN,13940,6414998b-5831-44aa-8bd8-39e42a323c2c,16743.0,12206.0,4314.0,,3052096.0,30373.0,,2818622.0,MundJo00,,12316.0,12525.0,,30373.0,740704.0,19165.0,740704.0,Johnny Mundt,johnny mundt,2,3,28.0,0,0.0,0.0,17.0,16.0,1.0,2.0331597,0,1.6470588,0.06666667,0.06614786,0.1463035,,,,,,,,,,,,,,,,,REG,MIN,PHI,Johnny Mundt,MundJo00,0.0,1.0,0.333,96.5
2022,REG,2,00-0035229,T.Hockenson,TE,TE,DET,14138,bd1120b6-38b3-4225-a4b0-20660a149d0d,18290.0,40912.0,5844.0,,4036133.0,31840.0,,2251097.0,HockTJ00,tj-hockenson-1,13610.0,14051.0,247.0,31840.0,923915.0,20805.0,923915.0,T.J. Hockenson,tj hockenson,3,7,26.0,0,0.0,0.0,53.0,5.0,1.0,-2.264538,0,0.49056605,0.20588236,0.18466899,0.4380918,T.J. Hockenson,DET,8.033333333333333,2.5077770543746234,6.841428571428571,16.312419102118668,42.857142857142854,26.0,0.0,2.229999999999999,3.02293665648358,-0.7929366564835809,00-0035229,Thomas,Hockenson,T.Hockenson,REG,DET,WAS,T.J. Hockenson,HockTJ00,0.0,2.0,0.286,53.3
2022,REG,2,00-0036754,B.Wright,TE,TE,DET,15626,8f182089-7730-499e-8f2e-87bda32debfb,23341.0,60994.0,7891.0,,4242392.0,33774.0,,2807423.0,WrigBr01,,15681.0,,1162.0,33774.0,0.0,,978120.0,Brock Wright,brock wright,1,1,25.0,0,0.0,0.0,15.0,10.0,1.0,2.0654056,0,1.6666666,0.029411765,0.05226481,0.08070301,,,,,,,,,,,,,,,,,REG,DET,WAS,Brock Wright,WrigBr01,0.0,0.0,0.0,118.7
2022,REG,2,00-0033439,P.Brown,TE,TE,HOU,13994,6733b953-de77-44e5-acbf-c2d3a0940243,16937.0,12247.0,4443.0,,2971281.0,30627.0,,2819155.0,BrowPh01,,11887.0,12737.0,,30627.0,689689.0,19304.0,689689.0,Pharaoh Brown,pharaoh brown,3,5,24.0,0,0.0,0.0,24.0,20.0,1.0,0.59381044,0,1.0,0.13513513,0.07317073,0.25392222,Pharaoh Brown,HOU,6.7,6.008282264136507,3.314,5.249984158164881,60.0,24.0,0.0,7.273333333333331,8.349152471453786,-1.0758191381204556,00-0033439,Pharaoh,Brown,P.Brown,REG,HOU,DEN,Pharaoh Brown,BrowPh01,0.0,0.0,0.0,72.1
2022,REG,2,00-0034830,H.Hurst,TE,TE,CIN,13680,1b125fc4-5dd9-4eb9-a42f-048e61ca42b7,17283.0,47294.0,4973.0,,3924365.0,30995.0,,2185053.0,HursHa00,hayden-hurst-1,12467.0,13098.0,8.0,30995.0,881956.0,19843.0,881956.0,Hayden Hurst,hayden hurst,5,7,24.0,0,0.0,0.0,31.0,15.0,2.0,0.57076395,0,0.7741935,0.2,0.16062176,0.41243523,Hayden Hurst,CIN,7.5575,4.125078227395567,3.5057142857142845,12.153328050713153,71.42857142857143,24.0,0.0,3.4760000000000018,6.549971938456016,-3.0739719384560145,00-0034830,Hayden,Hurst,H.Hurst,REG,CIN,DAL,Hayden Hurst,HursHa00,1.0,0.0,0.0,75.9
2022,REG,2,00-0033576,E.Saubert,TE,TE,DEN,13315,582dc00e-e7ec-4ca7-bff0-f7b1d604017b,16706.0,11929.0,4189.0,,2975863.0,30287.0,,2001018.0,SaubEr00,,11897.0,12300.0,,30287.0,694931.0,19035.0,694931.0,Eric Saubert,eric saubert,1,2,22.0,1,0.0,0.0,25.0,0.0,1.0,1.9906471,0,0.88,0.071428575,0.094339624,0.1731806,,,,,,,,,,,,,,,,,REG,DEN,HOU,Eric Saubert,SaubEr00,0.0,0.0,0.0,129.2
2022,REG,2,00-0034613,T.Hudson,TE,TE,NYG,14370,2fa75e05-cac4-4b40-8924-dbc9ae0c959c,17826.0,66924.0,5409.0,,3050481.0,31257.0,,2926606.0,,,13286.0,,,31257.0,1115394.0,20506.0,1115394.0,Tanner Hudson,tanner hudson,2,3,22.0,0,0.0,0.0,29.0,4.0,2.0,1.2943912,0,0.7586207,0.09375,0.14646465,0.24315025,,,,,,,,,,,,,,,,,,,,,,,,,
2022,REG,2,00-0036894,P.Freiermuth,TE,TE,PIT,15331,04f0fefe-9d9d-44f5-94ea-6df2a42df3c6,20163.0,84085.0,7600.0,,4361411.0,33443.0,,2961270.0,FreiPa00,pat-freiermuth-1,15267.0,,1053.0,33443.0,0.0,,1116662.0,Pat Freiermuth,pat freiermuth,4,7,22.0,1,0.0,0.0,32.0,19.0,1.0,-1.3355836,0,0.6875,0.21875,0.14883721,0.43231106,Pat Freiermuth,PIT,5.032500000000001,3.0032097485266607,4.7357142857142875,12.881790627185827,57.14285714285714,22.0,1.0,4.5874999999999995,5.621057106385706,-1.0335571063857065,00-0036894,Pat,Freiermuth,P.Freiermuth,REG,PIT,NE,Pat Freiermuth,FreiPa00,1.0,2.0,0.286,102.4
2022,REG,2,00-0032392,A.Hooper,TE,TE,TEN,12677,90c2a93f-d837-4e1b-b57c-56648903a8db,15581.0,10715.0,3202.0,,3043275.0,29315.0,,2067004.0,HoopAu00,austin-hooper-1,10748.0,11301.0,384.0,29315.0,739424.0,17963.0,739424.0,Austin Hooper,austin hooper,1,5,19.0,0,0.0,0.0,38.0,1.0,1.0,-0.74745256,0,0.5,0.2173913,0.1928934,0.46111235,Austin Hooper,TEN,7.757499999999999,2.5269868358365555,10.043999999999997,24.495171202809477,20.0,19.0,0.0,2.5400000000000063,6.228315524918116,-3.68831552491811,00-0032392,Austin,Hooper,A.Hooper,REG,TEN,BUF,Austin Hooper,HoopAu00,0.0,0.0,0.0,42.9
2022,REG,2,00-0036970,K.Pitts,TE,TE,ATL,15329,1f3deb24-9ff8-4769-8f42-825eff7742f6,20164.0,83964.0,7553.0,,4360248.0,33392.0,,2964514.0,PittKy00,kyle-pitts-1,15265.0,,1051.0,33392.0,0.0,,1123026.0,Kyle Pitts,kyle pitts,2,3,19.0,0,0.0,0.0,25.0,2.0,1.0,0.4608095,0,0.76,0.12,0.12376238,0.26663366,,,,,,,,,,,,,,,,,REG,ATL,LA,Kyle Pitts,PittKy00,0.0,0.0,0.0,84.0
2022,REG,2,00-0030108,R.Griffin,TE,TE,CHI,11399,cb1df42c-b59c-4e23-a9a2-fbfc2b39ef71,11830.0,7982.0,1425.0,ryangriffin/2541316,15887.0,26824.0,,2057695.0,GrifRy00,ryan-griffin-1,8911.0,8600.0,,26824.0,465129.0,14985.0,465129.0,Ryan Griffin,ryan griffin,1,1,18.0,0,0.0,0.0,16.0,2.0,1.0,1.2307996,0,1.125,0.09090909,0.1322314,0.22892562,,,,,,,,,,,,,,,,,REG,CHI,GB,Ryan Griffin,GrifRy00,0.0,0.0,0.0,118.7
2022,REG,2,00-0034383,D.Schultz,TE,TE,DAL,13772,8caec1b4-e0b6-4a84-b8c8-617d6e91ef6a,17349.0,47304.0,5001.0,,3117256.0,31107.0,,2136748.0,SchuDa00,dalton-schultz-1,12514.0,13198.0,487.0,31107.0,830523.0,19920.0,830523.0,Dalton Schultz,dalton schultz,2,4,18.0,0,1.0,1.0,6.0,15.0,0.0,-4.233928,0,3.0,0.13333334,0.033707865,0.2235955,,,,,,,,,,,,,,,,,REG,DAL,CIN,Dalton Schultz,SchuDa00,0.0,0.0,0.0,62.5
2022,REG,2,00-0035956,G.Ricci,TE,TE,CAR,15054,689de342-1d99-4a4d-976d-f6573ef3a8c2,19756.0,13756.0,7216.0,,3916749.0,33151.0,,2189091.0,,,14785.0,,,33151.0,0.0,21732.0,885940.0,Giovanni Ricci,giovanni ricci,1,1,16.0,0,0.0,0.0,5.0,11.0,1.0,1.6738818,0,3.2,0.037037037,0.024038462,0.07238248,,,,,,,,,,,,,,,,,,,,,,,,,
2022,REG,2,00-0038115,D.Bellinger,TE,TE,NYG,15873,42a1c03e-790e-46ba-b0d5-d304e44c02c7,24238.0,,8225.0,,4361516.0,34068.0,,2963615.0,BellDa00,daniel-bellinger-1,16036.0,,1322.0,34068.0,0.0,,1122035.0,Daniel Bellinger,daniel bellinger,1,1,16.0,1,0.0,0.0,2.0,14.0,1.0,2.4017036,0,8.0,0.03125,0.01010101,0.053945705,,,,,,,,,,,,,,,,,REG,NYG,CAR,Daniel Bellinger,BellDa00,0.0,0.0,0.0,158.3
2022,REG,2,00-0036628,J.Bates,TE,TE,WAS,15344,3208880b-949f-4926-85eb-1940770550ea,22833.0,42275.0,7716.0,,4048228.0,33512.0,,2257291.0,BateJo00,john-bates-1,15289.0,,,33512.0,0.0,,944038.0,John Bates,john bates,2,3,15.0,0,0.0,0.0,15.0,7.0,0.0,0.06971477,0,1.0,0.06818182,0.036585364,0.12788248,,,,,,,,,,,,,,,,,REG,WAS,DET,John Bates,BateJo00,0.0,0.0,0.0,78.5
2022,REG,2,00-0036876,K.Granson,TE,TE,IND,15419,bcc0167c-05fd-4b23-981e-60b8784ceb33,22841.0,40630.0,7602.0,,4039160.0,33515.0,,2247146.0,GranKy00,kylen-granson-1,15245.0,,1119.0,33515.0,0.0,,921050.0,Kylen Granson,kylen granson,2,2,14.0,0,0.0,0.0,4.0,10.0,0.0,-0.52501583,0,3.5,0.06896552,0.015936255,0.11460365,,,,,,,,,,,,,,,,,REG,IND,JAX,Kylen Granson,GranKy00,0.0,0.0,0.0,95.8
2022,REG,2,00-0034365,I.Thomas,TE,TE,CAR,13678,ed8a8fd2-df67-45e7-a34f-984afb82f6ea,17387.0,42130.0,4995.0,,4045305.0,31071.0,,2253359.0,ThomIa00,ian-thomas-3,12858.0,13163.0,323.0,31071.0,943093.0,19910.0,943093.0,Ian Thomas,ian thomas,1,3,13.0,0,0.0,0.0,32.0,4.0,1.0,0.265174,0,0.40625,0.11111111,0.15384616,0.274359,,,,,,,,,,,,,,,,,REG,CAR,NYG,Ian Thomas,ThomIa00,0.0,0.0,0.0,47.9
2022,REG,2,00-0036438,S.Sullivan,TE,TE,CAR,15026,a41b8454-0326-4c56-87a2-f2aac3814961,19641.0,40411.0,6970.0,,4035426.0,32921.0,,2223251.0,SullSt00,stephen-sullivan-1,14570.0,,,32921.0,0.0,21865.0,910808.0,Stephen Sullivan,stephen sullivan,1,1,13.0,0,0.0,0.0,13.0,0.0,1.0,0.78127617,0,1.0,0.037037037,0.0625,0.099305555,,,,,,,,,,,,,,,,,REG,CAR,NYG,Stephen Sullivan,SullSt00,0.0,0.0,0.0,118.7
2022,REG,2,00-0036637,N.Gray,TE,TE,KC,15337,c97dfcb6-b999-476f-8487-f3848e92df17,19539.0,60878.0,7828.0,,4240472.0,33550.0,,2866903.0,GrayNo00,noah-gray-1,15459.0,,1059.0,33550.0,0.0,,1056981.0,Noah Gray,noah gray,2,3,12.0,0,0.0,0.0,16.0,5.0,1.0,0.2435272,0,0.75,0.0882353,0.06584362,0.17844348,,,,,,,,,,,,,,,,,REG,KC,LAC,Noah Gray,GrayNo00,0.0,0.0,0.0,74.3
2022,REG,2,00-0033757,R.Tonyan,TE,TE,GB,13427,7c9c7800-69d0-459b-812b-a07ac48e9f2a,16502.0,12193.0,4602.0,,2975674.0,30777.0,,2820026.0,TonyRo00,,12389.0,12868.0,,30777.0,660151.0,19491.0,660151.0,Robert Tonyan,robert tonyan,2,2,11.0,0,0.0,0.0,-1.0,12.0,0.0,0.5327192,0,0.0,0.08,-0.007194245,0.11496403,,,,,,,,,,,,,,,,,REG,GB,CHI,Robert Tonyan,TonyRo00,0.0,0.0,0.0,89.6
2022,REG,2,00-0035644,N.Fant,TE,TE,SEA,14137,cdc98acc-9eb6-4b44-81bb-61d7b8a3b55f,17527.0,42388.0,5857.0,,4036131.0,31852.0,,2251095.0,FantNo00,noah-fant-1,13426.0,14050.0,243.0,31852.0,923911.0,20753.0,923911.0,Noah Fant,noah fant,2,2,11.0,0,0.0,0.0,6.0,5.0,0.0,-0.14090088,0,1.8333334,0.06666667,0.03529412,0.12470588,,,,,,,,,,,,,,,,,REG,SEA,SF,Noah Fant,FantNo00,0.0,0.0,0.0,89.6
2022,REG,2,00-0031273,C.Brate,TE,TE,TB,12110,5afe93fd-0caf-4cca-83fc-7f405bebfa3e,13470.0,9207.0,2214.0,,17453.0,28267.0,,2132787.0,BratCa00,,10008.0,10193.0,,28267.0,552926.0,16593.0,552926.0,Cameron Brate,cameron brate,1,2,9.0,0,0.0,0.0,21.0,5.0,0.0,1.644721,0,0.42857143,0.060606062,0.068627454,0.1389483,,,,,,,,,,,,,,,,,REG,TB,NO,Cameron Brate,BratCa00,1.0,0.0,0.0,62.5
2022,REG,2,00-0033217,M.Alie-Cox,TE,TE,IND,13246,8809c0dd-786b-4255-a7d0-333c9498c19a,16579.0,12078.0,4054.0,moalie-cox/2558832,2998565.0,30112.0,,2815925.0,AlieMo00,,12196.0,12221.0,195.0,30112.0,712506.0,18900.0,712506.0,Mo Alie-Cox,mo alie-cox,1,3,9.0,0,0.0,0.0,16.0,1.0,0.0,-1.6209441,0,0.5625,0.10344828,0.06374502,0.19979393,,,,,,,,,,,,,,,,,REG,IND,JAX,Mo Alie-Cox,AlieMo00,0.0,0.0,0.0,42.4
2022,REG,2,00-0034011,D.Arnold,TE,TE,JAX,13880,d479a777-b53b-4bbf-a8e4-0c1675ac48df,17143.0,51842.0,4741.0,,4212989.0,30891.0,,2835170.0,ArnoDa00,,12276.0,12972.0,,30891.0,1053627.0,19659.0,1053627.0,Dan Arnold,dan arnold,1,1,8.0,0,0.0,0.0,-1.0,9.0,0.0,0.2563206,0,0.0,0.033333335,-0.005076142,0.0464467,,,,,,,,,,,,,,,,,REG,JAX,IND,Dan Arnold,ArnoDa00,0.0,0.0,0.0,100.0
2022,REG,2,00-0033879,O.Howard,TE,TE,HOU,13188,93ed8c6f-b676-46d3-bf82-6155e89b4a68,16380.0,11774.0,4055.0,,3043080.0,30132.0,,2061190.0,HowaO.00,oj-howard-1,11806.0,12161.0,,30132.0,732147.0,18901.0,732147.0,O.J. Howard,oj howard,1,1,7.0,0,0.0,0.0,7.0,0.0,0.0,0.30249125,0,1.0,0.027027028,0.021341464,0.055479564,,,,,,,,,,,,,,,,,REG,HOU,DEN,O.J. Howard,HowaO.00,0.0,0.0,0.0,95.8
2022,REG,2,00-0036590,Q.Morris,TE,TE,BUF,15341,eab74cbc-ed11-46b3-bd16-1d4c997adc22,22820.0,61182.0,7536.0,,4244049.0,33819.0,,2864581.0,,,15460.0,,,33819.0,0.0,,1059680.0,Quintin Morris,quintin morris,1,1,6.0,0,0.0,0.0,2.0,4.0,0.0,0.34832686,0,3.0,0.025641026,0.006451613,0.04297767,,,,,,,,,,,,,,,,,,,,,,,,,
2022,REG,2,00-0034798,D.Smythe,TE,TE,MIA,13676,7e42a22a-c47b-4387-aeeb-2cc2e76dc1d8,17508.0,47257.0,5008.0,,3052897.0,31093.0,,2082845.0,SmytDu00,durham-smythe-1,12807.0,13249.0,,31093.0,749968.0,19943.0,749968.0,Durham Smythe,durham smythe,1,1,5.0,0,0.0,0.0,4.0,1.0,0.0,0.2661306,0,1.25,0.02,0.011049724,0.037734807,,,,,,,,,,,,,,,,,REG,MIA,BAL,Durham Smythe,SmytDu00,0.0,0.0,0.0,87.5
2022,REG,2,00-0035572,P.Hesse,TE,TE,ATL,15564,5aab93f1-bc81-4d83-b105-d579a14eb349,19067.0,48369.0,6662.0,,3144991.0,32588.0,,3117115.0,,,14295.0,,,32588.0,0.0,21569.0,846264.0,Parker Hesse,parker hesse,1,1,5.0,0,0.0,0.0,4.0,1.0,1.0,1.626213,0,1.25,0.04,0.01980198,0.07386138,,,,,,,,,,,,,,,,,,,,,,,,,
2022,REG,2,00-0038129,C.Otton,TE,TE,TB,15802,f23517bd-ae85-484a-8ecb-1f7a2d851e48,23181.0,,8111.0,,4243331.0,34062.0,,2815179.0,OttoCa00,cade-otton-1,16032.0,,1261.0,34062.0,0.0,,1049263.0,Cade Otton,cade otton,1,2,4.0,0,0.0,0.0,14.0,4.0,0.0,-1.0918602,0,0.2857143,0.060606062,0.045751635,0.122935236,,,,,,,,,,,,,,,,,REG,TB,NO,Cade Otton,OttoCa00,0.0,0.0,0.0,56.2
2022,REG,2,00-0035771,M.Wilcox,TE,TE,CIN,15563,b2d98b60-b4b3-4610-81d2-2154c723fdbb,19510.0,47234.0,6894.0,,3923392.0,33171.0,,2188431.0,,,14634.0,,,33171.0,0.0,21800.0,885394.0,Mitchell Wilcox,mitchell wilcox,1,1,3.0,0,0.0,0.0,1.0,2.0,0.0,-0.33854306,0,3.0,0.028571429,0.005181347,0.046484087,,,,,,,,,,,,,,,,,,,,,,,,,
2022,REG,2,00-0036556,B.Jordan,TE,TE,HOU,15330,8ffb5c07-4aa1-4796-b1ab-30c1ab0ccc4c,20162.0,77887.0,7568.0,,4362504.0,33535.0,,2964787.0,JordBr00,brevin-jordan-1,15369.0,,1052.0,33535.0,0.0,,1121871.0,Brevin Jordan,brevin jordan,2,4,3.0,0,0.0,0.0,36.0,4.0,0.0,-1.4503759,0,0.083333336,0.10810811,0.1097561,0.23899142,,,,,,,,,,,,,,,,,REG,HOU,DEN,Brevin Jordan,JordBr00,0.0,0.0,0.0,56.2
2022,REG,2,00-0032725,S.Anderson,TE,TE,ARI,12859,5cb0bf9c-03b4-4201-97c5-a59c6db50841,15760.0,11160.0,3496.0,,2576854.0,29789.0,,1880821.0,AndeSt01,,10885.0,11556.0,,29789.0,607660.0,18262.0,607660.0,Stephen Anderson,stephen anderson,1,1,2.0,0,0.0,0.0,2.0,0.0,0.0,-0.47038847,0,1.0,0.021276595,0.008368201,0.037772633,,,,,,,,,,,,,,,,,REG,ARI,LV,Stephen Anderson,AndeSt01,0.0,0.0,0.0,79.2
2022,REG,2,00-0033090,H.Henry,TE,TE,NE,12676,705899da-3c20-4bc3-b5d0-2e6e40655131,15561.0,10669.0,3214.0,,3046439.0,29269.0,,2079848.0,HenrHu00,hunter-henry-1,10735.0,11299.0,212.0,29269.0,744425.0,17975.0,744425.0,Hunter Henry,hunter henry,0,1,0.0,0,0.0,0.0,5.0,0.0,0.0,-0.7515708,0,0.0,0.029411765,0.015723271,0.055123936,,,,,,,,,,,,,,,,,REG,NE,PIT,Hunter Henry,HenrHu00,0.0,1.0,1.0,39.6
2022,REG,2,00-0033858,J.Smith,TE,TE,NE,13193,e4f25a37-74de-4bfb-b6c9-f50a4fab0b87,16460.0,11855.0,4144.0,,3054212.0,30213.0,,2081506.0,SmitJo01,jonnu-smith-1,11807.0,12344.0,84.0,30213.0,743749.0,18990.0,743749.0,Jonnu Smith,jonnu smith,0,3,0.0,0,0.0,0.0,19.0,0.0,0.0,-2.8897913,0,0.0,0.0882353,0.059748426,0.17417684,,,,,,,,,,,,,,,,,REG,NE,PIT,Jonnu Smith,SmitJo01,0.0,1.0,0.333,39.6
2022,REG,2,00-0034159,W.Dissly,TE,TE,SEA,13763,383f4814-6836-4766-a297-fc063e8509cc,18049.0,30762.0,5010.0,,3127292.0,31090.0,,2139628.0,DissWi00,will-dissly-1,12986.0,13246.0,86.0,31090.0,837806.0,19950.0,837806.0,Will Dissly,will dissly,2,2,0.0,0,0.0,0.0,-2.0,2.0,0.0,-1.2524028,0,0.0,0.06666667,-0.011764706,0.0917647,,,,,,,,,,,,,,,,,REG,SEA,SF,Will Dissly,DissWi00,0.0,0.0,0.0,79.2
2022,REG,2,00-0035547,J.Fortson,TE,TE,KC,15070,a01ffd42-5fdb-42f8-95ab-157025e3fba8,18831.0,94384.0,6665.0,,4408854.0,32600.0,,3117124.0,FortJo01,,14306.0,,,32600.0,0.0,21383.0,1167484.0,Jody Fortson,jody fortson,0,1,0.0,0,0.0,0.0,1.0,0.0,0.0,-0.3987823,0,0.0,0.029411765,0.004115226,0.046998307,,,,,,,,,,,,,,,,,REG,KC,LAC,Jody Fortson,FortJo01,0.0,0.0,0.0,39.6
2022,REG,2,00-0036250,T.Davis,TE,TE,GB,14996,e7a9186e-5e19-4f70-b45c-527c888e6fc7,19811.0,47743.0,7131.0,,3914240.0,32876.0,,2182811.0,DaviTy02,tyler-davis-2,14827.0,,,32876.0,0.0,22138.0,866174.0,Tyler Davis,tyler davis,0,1,0.0,0,0.0,0.0,-3.0,0.0,0.0,-0.79961985,0,0.0,0.04,-0.021582734,0.044892088,,,,,,,,,,,,,,,,,REG,GB,CHI,Tyler Davis,DaviTy02,0.0,0.0,0.0,39.6
2022,REG,2,00-0036290,C.Kmet,TE,TE,CHI,14867,036feeb6-9a22-43c5-a8e3-7ac611d8ff49,19229.0,60995.0,6826.0,,4258595.0,32713.0,,2868619.0,KmetCo00,cole-kmet-1,14436.0,,569.0,32713.0,0.0,21772.0,1066765.0,Cole Kmet,cole kmet,0,1,0.0,0,0.0,0.0,5.0,0.0,0.0,-0.40643597,0,0.0,0.09090909,0.041322313,0.16528925,,,,,,,,,,,,,,,,,REG,CHI,GB,Cole Kmet,KmetCo00,0.0,1.0,1.0,39.6
2022,REG,2,00-0036423,A.Okwuegbunam,TE,TE,DEN,14873,617aee8a-70be-4bdf-9a71-2e2b74e647e6,18246.0,41933.0,6843.0,,4035115.0,32788.0,,2245117.0,OkwuAl00,albert-okwuegbunam-1,14369.0,,,32788.0,0.0,21794.0,920077.0,Albert Okwuegbunam,albert okwuegbunam,0,2,0.0,0,0.0,0.0,12.0,0.0,0.0,-2.6489425,0,0.0,0.071428575,0.04528302,0.13884097,,,,,,,,,,,,,,,,,REG,DEN,HOU,Albert Okwuegbunam,OkwuAl00,0.0,1.0,0.5,39.6
2022,REG,2,00-0037805,J.Ruckert,TE,TE,NYJ,15796,28f3732b-0910-4d09-9fd4-e43b821dc5bb,23742.0,,8145.0,,4361372.0,34057.0,,2965446.0,RuckJe00,jeremy-ruckert-1,15996.0,,1255.0,34057.0,0.0,,1122596.0,Jeremy Ruckert,jeremy ruckert,0,1,0.0,0,0.0,0.0,0.0,0.0,0.0,-0.5085544,0,,0.023255814,0.0,0.034883723,,,,,,,,,,,,,,,,,REG,NYJ,CLE,Jeremy Ruckert,RuckJe00,0.0,1.0,1.0,39.6
2022,REG,2,00-0035631,D.Sample,TE,TE,CIN,14146,15a4f552-ecaf-45bd-9006-aa5dda93bee6,18561.0,47259.0,6001.0,,3127310.0,31884.0,,2139646.0,SampDr00,drew-sample-1,13809.0,14111.0,435.0,31884.0,837824.0,20931.0,837824.0,Drew Sample,drew sample,1,1,-4.0,0,0.0,0.0,-4.0,0.0,0.0,-1.4851447,0,0.0,0.028571429,-0.020725388,0.028349372,,,,,,,,,,,,,,,,,REG,CIN,DAL,Drew Sample,SampDr00,0.0,0.0,0.0,79.2
2022,REG,3,00-0033885,D.Njoku,TE,TE,CLE,13192,8f86fcea-90e8-49ea-bc78-5c7659313e57,16399.0,11784.0,4033.0,,3123076.0,30142.0,,2136474.0,NjokDa00,david-njoku-1,11734.0,12186.0,252.0,30142.0,832098.0,18876.0,832098.0,David Njoku,david njoku,9,10,89.0,1,0.0,0.0,46.0,57.0,6.0,6.426769,0,1.9347826,0.32258064,0.22885571,0.64406997,David Njoku,CLE,4.92,2.643157068710736,5.117000000000001,24.57969065232011,90.0,89.0,1.0,6.256666666666666,3.983095578940164,2.273571087726502,00-0033885,David,Njoku,D.Njoku,REG,CLE,PIT,David Njoku,NjokDa00,2.0,0.0,0.0,137.1
2022,REG,3,00-0034753,M.Andrews,TE,TE,BAL,13671,0618f387-9b72-4270-8b8f-dec4cccc9e4a,17269.0,47436.0,5012.0,,3116365.0,31056.0,,2131121.0,AndrMa00,mark-andrews-1,12559.0,13182.0,366.0,31056.0,820699.0,19803.0,820699.0,Mark Andrews,mark andrews,8,13,89.0,2,0.0,0.0,152.0,36.0,6.0,5.962149,0,0.5855263,0.4814815,0.58237547,1.1298851,Mark Andrews,BAL,5.691,3.8030056820225417,11.01923076923077,53.68989168322028,61.53846153846154,89.0,2.0,5.0425,4.32859508484127,0.7139049151587304,00-0034753,Mark,Andrews,M.Andrews,REG,BAL,NE,Mark Andrews,AndrMa00,0.0,1.0,0.077,121.5
2022,REG,3,00-0036970,K.Pitts,TE,TE,ATL,15329,1f3deb24-9ff8-4769-8f42-825eff7742f6,20164.0,83964.0,7553.0,,4360248.0,33392.0,,2964514.0,PittKy00,kyle-pitts-1,15265.0,,1051.0,33392.0,0.0,,1123026.0,Kyle Pitts,kyle pitts,5,8,87.0,0,0.0,0.0,161.0,39.0,5.0,6.361791,0,0.54037267,0.42105263,0.52272725,0.997488,Kyle Pitts,ATL,6.778571428571428,1.8451035295225613,18.93875,50.78604230214863,62.5,87.0,0.0,7.7,4.706791403312399,2.9932085966876008,00-0036970,Kyle,Pitts,K.Pitts,REG,ATL,SEA,Kyle Pitts,PittKy00,0.0,0.0,0.0,99.5
2022,REG,3,00-0034270,T.Conklin,TE,TE,NYJ,13675,f0d17dfa-ebf3-416c-a8d2-c6bc30675103,17598.0,47327.0,5133.0,,3915486.0,31220.0,,2165249.0,ConkTy00,tyler-conklin-1,12809.0,13220.0,489.0,31127.0,861278.0,19988.0,861278.0,Tyler Conklin,tyler conklin,8,8,84.0,0,0.0,0.0,26.0,58.0,3.0,6.0794177,0,3.2307692,0.16666667,0.05427975,0.28799582,Tyler Conklin,NYJ,12.53,5.871403205850449,3.2524999999999977,5.476050172573446,100.0,84.0,0.0,7.247500000000002,5.646286614486684,1.6012133855133186,00-0034270,Tyler,Conklin,T.Conklin,REG,NYJ,CIN,Tyler Conklin,ConkTy00,0.0,0.0,0.0,110.4
2022,REG,3,00-0033110,T.Higbee,TE,TE,LA,12678,0df7912d-9e81-47ea-b4f7-d04986df4ee8,15623.0,10744.0,3271.0,,2573401.0,29344.0,,1853103.0,HigbTy00,tyler-higbee-1,10854.0,11430.0,159.0,29344.0,604176.0,18032.0,604176.0,Tyler Higbee,tyler higbee,4,4,61.0,0,0.0,0.0,0.0,61.0,2.0,3.0586119,0,0.0,0.16,0.0,0.24,,,,,,,,,,,,,,,,,REG,LA,ARI,Tyler Higbee,HigbTy00,0.0,0.0,0.0,118.7
2022,REG,3,00-0030506,T.Kelce,TE,TE,KC,11244,c3859e06-5f23-4302-a71b-04820a899d5f,11594.0,7844.0,1466.0,traviskelce/2540258,15847.0,26686.0,,1725130.0,KelcTr00,travis-kelce-1,8783.0,8411.0,264.0,26686.0,448240.0,15048.0,448240.0,Travis Kelce,travis kelce,4,8,58.0,1,0.0,0.0,56.0,30.0,3.0,1.5482115,1,1.0357143,0.24242425,0.19649123,0.50118023,Travis Kelce,KC,4.371666666666667,1.6648224118922175,9.6525,26.41264194828294,50.0,58.0,1.0,7.5825,5.235938505959439,2.346561494040561,00-0030506,Travis,Kelce,T.Kelce,REG,KC,IND,Travis Kelce,KelcTr00,2.0,1.0,0.125,113.5
2022,REG,3,00-0031273,C.Brate,TE,TE,TB,12110,5afe93fd-0caf-4cca-83fc-7f405bebfa3e,13470.0,9207.0,2214.0,,17453.0,28267.0,,2132787.0,BratCa00,,10008.0,10193.0,,28267.0,552926.0,16593.0,552926.0,Cameron Brate,cameron brate,5,6,52.0,0,0.0,0.0,39.0,14.0,3.0,1.3446407,0,1.3333334,0.15,0.17030568,0.34421396,Cameron Brate,TB,4.095999999999999,3.960091019953969,6.050000000000001,15.605519969046908,83.33333333333334,52.0,0.0,3.2059999999999986,5.627945900779864,-2.421945900779865,00-0031273,Cameron,Brate,C.Brate,REG,TB,GB,Cameron Brate,BratCa00,0.0,0.0,0.0,102.8
2022,REG,3,00-0030061,Z.Ertz,TE,TE,ARI,11247,de3421f7-2147-4835-89a5-724e87bad463,11689.0,7816.0,1339.0,zachertz/2540158,15835.0,26658.0,,1685963.0,ErtzZa00,zach-ertz-1,8781.0,8409.0,305.0,26658.0,503177.0,14856.0,503177.0,Zach Ertz,zach ertz,6,10,45.0,0,0.0,0.0,59.0,21.0,2.0,-0.87422293,0,0.7627119,0.18181819,0.17771085,0.39712486,Zach Ertz,ARI,5.494,4.0587768196441605,6.424000000000001,20.554826736633288,60.0,45.0,0.0,3.5099999999999985,4.664228726468347,-1.1542287264683488,00-0030061,Zachary,Ertz,Z.Ertz,REG,ARI,LA,Zach Ertz,ErtzZa00,0.0,2.0,0.2,70.8
2022,REG,3,00-0034981,F.Moreau,TE,TE,LV,14239,9c3a67fd-5c6e-4689-9e08-9ff6d4db6c9a,18397.0,47043.0,5985.0,,3843945.0,31969.0,,2180634.0,MoreFo00,foster-moreau-1,13822.0,14154.0,179.0,31969.0,865573.0,20884.0,865573.0,Foster Moreau,foster moreau,3,4,44.0,0,0.0,0.0,37.0,9.0,3.0,3.1030526,0,1.1891892,0.09756097,0.098143235,0.21504173,,,,,,,,,,,,,,,,,REG,LV,TEN,Foster Moreau,MoreFo00,1.0,0.0,0.0,110.4
2022,REG,3,00-0036244,C.Parkinson,TE,TE,SEA,14871,1ea7affb-e5e7-491a-aaa3-55e200b2eb48,19372.0,52266.0,6865.0,,4242557.0,32803.0,,2867522.0,ParkCo02,colby-parkinson-1,14463.0,,565.0,32803.0,0.0,21807.0,1060312.0,Colby Parkinson,colby parkinson,2,2,44.0,0,0.0,0.0,25.0,19.0,2.0,3.9046001,0,1.76,0.045454547,0.06067961,0.11065754,,,,,,,,,,,,,,,,,REG,SEA,ATL,Colby Parkinson,ParkCo02,0.0,0.0,0.0,118.7
2022,REG,3,00-0037569,P.Hendershot,TE,TE,DAL,16000,944893b0-d30e-11ec-8b77-45b1765fd110,22971.0,,8197.0,,4258248.0,34607.0,,2867545.0,HendPe01,,16041.0,,,34607.0,0.0,,1065138.0,Peyton Hendershot,peyton hendershot,3,3,43.0,0,0.0,0.0,17.0,26.0,2.0,1.4248124,0,2.5294118,0.1,0.06692913,0.19685039,,,,,,,,,,,,,,,,,REG,DAL,NYG,Peyton Hendershot,HendPe01,0.0,0.0,0.0,118.7
2022,REG,3,00-0036894,P.Freiermuth,TE,TE,PIT,15331,04f0fefe-9d9d-44f5-94ea-6df2a42df3c6,20163.0,84085.0,7600.0,,4361411.0,33443.0,,2961270.0,FreiPa00,pat-freiermuth-1,15267.0,,1053.0,33443.0,0.0,,1116662.0,Pat Freiermuth,pat freiermuth,2,4,41.0,0,0.0,0.0,67.0,4.0,2.0,0.10264313,0,0.6119403,0.125,0.17091836,0.30714285,,,,,,,,,,,,,,,,,REG,PIT,CLE,Pat Freiermuth,FreiPa00,0.0,0.0,0.0,86.5
2022,REG,3,00-0036290,C.Kmet,TE,TE,CHI,14867,036feeb6-9a22-43c5-a8e3-7ac611d8ff49,19229.0,60995.0,6826.0,,4258595.0,32713.0,,2868619.0,KmetCo00,cole-kmet-1,14436.0,,569.0,32713.0,0.0,21772.0,1066765.0,Cole Kmet,cole kmet,2,3,40.0,0,0.0,0.0,52.0,12.0,2.0,1.325835,0,0.7692308,0.1875,0.36363637,0.53579545,,,,,,,,,,,,,,,,,REG,CHI,HOU,Cole Kmet,KmetCo00,0.0,0.0,0.0,70.1
2022,REG,3,00-0037086,G.Calcaterra,TE,TE,PHI,15804,f6988cfa-2dcf-490b-ac80-9af8e4292efa,24180.0,,8177.0,,4241374.0,34154.0,,2804129.0,CalcGr00,grant-calcaterra-1,16039.0,,,34154.0,0.0,,976221.0,Grant Calcaterra,grant calcaterra,1,1,40.0,0,0.0,0.0,18.0,22.0,1.0,2.7800963,0,2.2222223,0.029411765,0.04699739,0.07701582,,,,,,,,,,,,,,,,,REG,PHI,WAS,Grant Calcaterra,CalcGr00,1.0,0.0,0.0,118.7
2022,REG,3,00-0038115,D.Bellinger,TE,TE,NYG,15873,42a1c03e-790e-46ba-b0d5-d304e44c02c7,24238.0,,8225.0,,4361516.0,34068.0,,2963615.0,BellDa00,daniel-bellinger-1,16036.0,,1322.0,34068.0,0.0,,1122035.0,Daniel Bellinger,daniel bellinger,4,5,40.0,0,0.0,0.0,7.0,37.0,2.0,1.7894922,0,5.714286,0.15625,0.03271028,0.25727218,Daniel Bellinger,NYG,5.41,5.617810659502098,1.361999999999999,3.226417776093237,80.0,40.0,0.0,9.2025,8.126528222392949,1.0759717776070516,00-0038115,Daniel,Bellinger,D.Bellinger,REG,NYG,DAL,Daniel Bellinger,BellDa00,0.0,0.0,0.0,100.0
2022,REG,3,00-0033757,R.Tonyan,TE,TE,GB,13427,7c9c7800-69d0-459b-812b-a07ac48e9f2a,16502.0,12193.0,4602.0,,2975674.0,30777.0,,2820026.0,TonyRo00,,12389.0,12868.0,,30777.0,660151.0,19491.0,660151.0,Robert Tonyan,robert tonyan,6,7,37.0,0,0.0,0.0,13.0,31.0,1.0,-2.1889708,0,2.8461537,0.20588236,0.073446326,0.36023596,Robert Tonyan,GB,4.944285714285714,4.668706377266146,1.567142857142856,6.855393075865511,85.71428571428571,37.0,0.0,6.033333333333335,7.964963523710897,-1.931630190377562,00-0033757,Robert,Tonyan,R.Tonyan,REG,GB,TB,Robert Tonyan,TonyRo00,0.0,0.0,0.0,49.1
2022,REG,3,00-0034159,W.Dissly,TE,TE,SEA,13763,383f4814-6836-4766-a297-fc063e8509cc,18049.0,30762.0,5010.0,,3127292.0,31090.0,,2139628.0,DissWi00,will-dissly-1,12986.0,13246.0,86.0,31090.0,837806.0,19950.0,837806.0,Will Dissly,will dissly,3,3,34.0,1,0.0,0.0,27.0,7.0,2.0,3.9202244,0,1.2592592,0.06818182,0.06553398,0.14814651,,,,,,,,,,,,,,,,,REG,SEA,ATL,Will Dissly,DissWi00,0.0,0.0,0.0,153.5
2022,REG,3,00-0034970,I.Smith,TE,TE,MIN,14141,ed0e6a30-83d5-4f4b-bf49-f7ff80e21304,18610.0,42060.0,6126.0,,4040980.0,31882.0,,2257888.0,SmitIr01,irv-smith-jr-1,13583.0,14052.0,,31882.0,944428.0,20949.0,944428.0,Irv Smith,irv smith,2,6,32.0,0,0.0,0.0,31.0,18.0,2.0,-2.3952675,0,1.032258,0.16216215,0.09967846,0.31301817,Irv Smith,MIN,6.418000000000001,2.070999333290905,4.838333333333331,9.693468679043672,33.33333333333333,32.0,0.0,9.425000000000004,8.711011384714176,0.7139886152858281,00-0034970,Irvin,Smith,I.Smith,REG,MIN,DET,Irv Smith Jr.,SmitIr01,0.0,1.0,0.167,52.1
2022,REG,3,00-0033439,P.Brown,TE,TE,HOU,13994,6733b953-de77-44e5-acbf-c2d3a0940243,16937.0,12247.0,4443.0,,2971281.0,30627.0,,2819155.0,BrowPh01,,11887.0,12737.0,,30627.0,689689.0,19304.0,689689.0,Pharaoh Brown,pharaoh brown,3,4,31.0,0,0.0,0.0,26.0,24.0,1.0,-0.87799454,0,1.1923077,0.12903225,0.115555555,0.27443728,,,,,,,,,,,,,,,,,REG,HOU,CHI,Pharaoh Brown,BrowPh01,0.0,0.0,0.0,96.9
2022,REG,3,00-0034364,J.Akins,TE,TE,HOU,13753,0cb5a32a-a340-4671-ba2a-93f5fa6aee8d,17415.0,47050.0,5032.0,,3128452.0,31068.0,,2142712.0,AkinJo00,jordan-akins-1,12568.0,13238.0,,31068.0,838396.0,19903.0,838396.0,Jordan Akins,jordan akins,3,4,31.0,1,0.0,0.0,18.0,18.0,2.0,1.6065346,0,1.7222222,0.12903225,0.08,0.24954839,,,,,,,,,,,,,,,,,REG,HOU,CHI,Jordan Akins,AkinJo00,0.0,0.0,0.0,136.5
2022,REG,3,00-0033288,G.Kittle,TE,TE,SF,13299,2ada91b0-036e-454f-83c3-6d939ff584a9,16499.0,11901.0,4217.0,,3040151.0,30259.0,,2818265.0,KittGe00,george-kittle-1,11892.0,12276.0,298.0,30259.0,733672.0,19063.0,733672.0,George Kittle,george kittle,4,5,28.0,0,0.0,0.0,11.0,12.0,0.0,-0.6262157,0,2.5454545,0.1724138,0.045454547,0.29043886,George Kittle,SF,6.2475000000000005,2.4973998444342347,4.944,9.934493429248887,80.0,28.0,0.0,3.1950000000000003,2.9765282578312053,0.21847174216879495,00-0033288,George,Kittle,G.Kittle,REG,SF,DEN,George Kittle,KittGe00,0.0,0.0,0.0,90.0
2022,REG,3,00-0035603,K.Blanton,TE,TE,LA,14357,b5e95ece-3b71-439b-b7b4-ae102f9e7c08,18431.0,47311.0,6081.0,,3122103.0,32125.0,,2139213.0,BlanKe01,,13711.0,14322.0,,32125.0,835674.0,21032.0,835674.0,Kendall Blanton,kendall blanton,1,1,28.0,0,0.0,0.0,6.0,22.0,1.0,1.8326966,0,4.6666665,0.04,0.027272727,0.07909091,,,,,,,,,,,,,,,,,REG,LA,ARI,Kendall Blanton,BlanKe01,0.0,0.0,0.0,118.7
2022,REG,3,00-0035644,N.Fant,TE,TE,SEA,14137,cdc98acc-9eb6-4b44-81bb-61d7b8a3b55f,17527.0,42388.0,5857.0,,4036131.0,31852.0,,2251095.0,FantNo00,noah-fant-1,13426.0,14050.0,243.0,31852.0,923911.0,20753.0,923911.0,Noah Fant,noah fant,4,4,27.0,0,0.0,0.0,21.0,6.0,1.0,0.11453183,0,1.2857143,0.09090909,0.050970875,0.17204325,,,,,,,,,,,,,,,,,REG,SEA,ATL,Noah Fant,FantNo00,0.0,0.0,0.0,94.8
2022,REG,3,00-0034351,D.Goedert,TE,TE,PHI,13674,e8029983-87cf-49a2-bc04-04c8233a0630,17270.0,47272.0,5022.0,,3121023.0,31019.0,,2132551.0,GoedDa00,,12860.0,13151.0,382.0,31019.0,791365.0,19863.0,791365.0,Dallas Goedert,dallas goedert,3,4,26.0,1,0.0,0.0,-1.0,31.0,1.0,1.7761642,0,0.0,0.11764706,-0.002610966,0.1746429,,,,,,,,,,,,,,,,,REG,PHI,WAS,Dallas Goedert,GoedDa00,0.0,0.0,0.0,131.2
2022,REG,3,00-0036250,T.Davis,TE,TE,GB,14996,e7a9186e-5e19-4f70-b45c-527c888e6fc7,19811.0,47743.0,7131.0,,3914240.0,32876.0,,2182811.0,DaviTy02,tyler-davis-2,14827.0,,,32876.0,0.0,22138.0,866174.0,Tyler Davis,tyler davis,2,2,26.0,0,0.0,0.0,3.0,23.0,1.0,1.0046664,0,8.666667,0.05882353,0.016949153,0.1000997,,,,,,,,,,,,,,,,,REG,GB,TB,Tyler Davis,DaviTy02,0.0,0.0,0.0,118.7
2022,REG,3,00-0036637,N.Gray,TE,TE,KC,15337,c97dfcb6-b999-476f-8487-f3848e92df17,19539.0,60878.0,7828.0,,4240472.0,33550.0,,2866903.0,GrayNo00,noah-gray-1,15459.0,,1059.0,33550.0,0.0,,1056981.0,Noah Gray,noah gray,1,2,26.0,0,0.0,0.0,9.0,18.0,1.0,-1.8474991,0,2.8888888,0.060606062,0.031578947,0.113014355,,,,,,,,,,,,,,,,,REG,KC,IND,Noah Gray,GrayNo00,0.0,0.0,0.0,95.8
2022,REG,3,00-0033858,J.Smith,TE,TE,NE,13193,e4f25a37-74de-4bfb-b6c9-f50a4fab0b87,16460.0,11855.0,4144.0,,3054212.0,30213.0,,2081506.0,SmitJo01,jonnu-smith-1,11807.0,12344.0,84.0,30213.0,743749.0,18990.0,743749.0,Jonnu Smith,jonnu smith,4,4,25.0,0,0.0,0.0,2.0,23.0,1.0,2.5241573,0,12.5,0.125,0.005181347,0.19112694,,,,,,,,,,,,,,,,,REG,NE,BAL,Jonnu Smith,SmitJo01,0.0,0.0,0.0,92.7
2022,REG,3,00-0033895,G.Everett,TE,TE,LAC,13236,ebeceb00-57e0-4b74-9cf7-853da2afed18,16459.0,11799.0,4089.0,,3918639.0,30157.0,,2142692.0,EverGe00,gerald-everett-1,11737.0,12284.0,55.0,30157.0,838487.0,18935.0,838487.0,Gerald Everett,gerald everett,2,6,25.0,0,0.0,0.0,74.0,10.0,1.0,-0.36801785,0,0.33783785,0.14634146,0.21203439,0.36793625,Gerald Everett,LAC,5.538333333333334,2.7166720367656887,12.695,21.808967531352003,33.33333333333333,25.0,0.0,5.664999999999999,5.575262301042585,0.08973769895741412,00-0033895,Gerald,Everett,G.Everett,REG,LAC,JAX,Gerald Everett,EverGe00,0.0,0.0,0.0,47.2
2022,REG,3,00-0035689,D.Knox,TE,TE,BUF,14143,5fb525c5-4e70-4ede-8c49-94ad0cf66b7d,18631.0,35883.0,5906.0,,3930086.0,31928.0,,2186345.0,KnoxDa00,dawson-knox-1,13466.0,13953.0,88.0,31928.0,884083.0,20850.0,884083.0,Dawson Knox,dawson knox,4,4,25.0,0,0.0,0.0,5.0,20.0,1.0,0.17208524,0,5.0,0.07017544,0.01510574,0.11583718,,,,,,,,,,,,,,,,,REG,BUF,MIA,Dawson Knox,KnoxDa00,1.0,0.0,0.0,92.7
2022,REG,3,00-0035823,B.Ellefson,TE,TE,MIN,15088,ca393469-d587-4bf7-905d-838e960de851,19698.0,27766.0,7288.0,,3930900.0,33124.0,,2190748.0,ElleBe00,,14864.0,,,33124.0,0.0,22284.0,888731.0,Ben Ellefson,ben ellefson,2,2,24.0,0,0.0,0.0,14.0,10.0,2.0,1.5374856,0,1.7142857,0.054054055,0.045016076,0.11259233,,,,,,,,,,,,,,,,,REG,MIN,DET,Ben Ellefson,ElleBe00,0.0,0.0,0.0,116.7
2022,REG,3,00-0033246,J.Mundt,TE,TE,MIN,13940,6414998b-5831-44aa-8bd8-39e42a323c2c,16743.0,12206.0,4314.0,,3052096.0,30373.0,,2818622.0,MundJo00,,12316.0,12525.0,,30373.0,740704.0,19165.0,740704.0,Johnny Mundt,johnny mundt,2,2,23.0,0,0.0,0.0,0.0,23.0,2.0,1.362533,0,0.0,0.054054055,0.0,0.08108108,,,,,,,,,,,,,,,,,REG,MIN,DET,Johnny Mundt,MundJo00,2.0,0.0,0.0,114.6
2022,REG,3,00-0034798,D.Smythe,TE,TE,MIA,13676,7e42a22a-c47b-4387-aeeb-2cc2e76dc1d8,17508.0,47257.0,5008.0,,3052897.0,31093.0,,2082845.0,SmytDu00,durham-smythe-1,12807.0,13249.0,,31093.0,749968.0,19943.0,749968.0,Durham Smythe,durham smythe,3,3,23.0,0,0.0,0.0,8.0,15.0,1.0,-0.37881017,0,2.875,0.15,0.044692736,0.25628492,,,,,,,,,,,,,,,,,REG,MIA,BUF,Durham Smythe,SmytDu00,0.0,0.0,0.0,98.6
2022,REG,3,00-0031610,D.Waller,TE,TE,LV,12263,14c97c9f-26e8-4944-9299-f90de6aeada3,14104.0,9637.0,2505.0,,2576925.0,28592.0,,1850793.0,WallDa01,darren-waller-1,10215.0,10433.0,,28592.0,600191.0,16964.0,600191.0,Darren Waller,darren waller,3,5,22.0,0,0.0,0.0,49.0,5.0,1.0,-4.746756,0,0.4489796,0.12195122,0.12997347,0.27390826,Darren Waller,LV,6.117500000000001,3.0303063286910623,8.572,10.354407750102672,60.0,22.0,0.0,2.4499999999999997,2.3677806500811442,0.08221934991885549,00-0031610,Darren,Waller,D.Waller,REG,LV,TEN,Darren Waller,WallDa01,0.0,1.0,0.2,30.8
2022,REG,3,00-0033455,A.Firkser,TE,TE,ATL,13919,b0719e3d-199b-46e5-a2b4-1091f6fd5c0d,16787.0,51837.0,4435.0,,3049698.0,30571.0,,2818971.0,FirkAn00,,12235.0,12691.0,,30571.0,767297.0,19296.0,767297.0,Anthony Firkser,anthony firkser,1,1,22.0,0,0.0,0.0,14.0,8.0,1.0,1.527961,0,1.5714285,0.05263158,0.045454547,0.11076555,,,,,,,,,,,,,,,,,REG,ATL,SEA,Anthony Firkser,FirkAn00,0.0,0.0,0.0,118.7
2022,REG,3,00-0036590,Q.Morris,TE,TE,BUF,15341,eab74cbc-ed11-46b3-bd16-1d4c997adc22,22820.0,61182.0,7536.0,,4244049.0,33819.0,,2864581.0,,,15460.0,,,33819.0,0.0,,1059680.0,Quintin Morris,quintin morris,2,2,22.0,0,0.0,0.0,17.0,5.0,2.0,2.4543636,0,1.2941177,0.03508772,0.051359516,0.08858324,,,,,,,,,,,,,,,,,,,,,,,,,
2022,REG,3,00-0032141,G.Swaim,TE,TE,TEN,12378,d0f9112d-2496-450a-9fc5-d2d01b4d2454,14164.0,9679.0,2545.0,geoffswaim/2553454,3046704.0,28634.0,,2174207.0,SwaiGe00,geoff-swaim-1,10507.0,10617.0,,28634.0,728021.0,17005.0,728021.0,Geoff Swaim,geoff swaim,3,3,19.0,1,0.0,0.0,12.0,7.0,2.0,1.5450867,0,1.5833334,0.115384616,0.06593407,0.21923077,,,,,,,,,,,,,,,,,REG,TEN,LV,Geoff Swaim,SwaiGe00,0.0,0.0,0.0,132.6
2022,REG,3,00-0032392,A.Hooper,TE,TE,TEN,12677,90c2a93f-d837-4e1b-b57c-56648903a8db,15581.0,10715.0,3202.0,,3043275.0,29315.0,,2067004.0,HoopAu00,austin-hooper-1,10748.0,11301.0,384.0,29315.0,739424.0,17963.0,739424.0,Austin Hooper,austin hooper,2,2,19.0,0,0.0,0.0,10.0,9.0,1.0,1.6403931,0,1.9,0.07692308,0.054945055,0.15384616,,,,,,,,,,,,,,,,,REG,TEN,LV,Austin Hooper,HoopAu00,0.0,0.0,0.0,106.2
2022,REG,3,00-0035229,T.Hockenson,TE,TE,DET,14138,bd1120b6-38b3-4225-a4b0-20660a149d0d,18290.0,40912.0,5844.0,,4036133.0,31840.0,,2251097.0,HockTJ00,tj-hockenson-1,13610.0,14051.0,247.0,31840.0,923915.0,20805.0,923915.0,T.J. Hockenson,tj hockenson,3,4,18.0,1,0.0,0.0,14.0,3.0,1.0,-2.4815056,0,1.2857143,0.10810811,0.039660055,0.1899242,,,,,,,,,,,,,,,,,REG,DET,MIN,T.J. Hockenson,HockTJ00,0.0,0.0,0.0,122.9
2022,REG,3,00-0035956,G.Ricci,TE,TE,CAR,15054,689de342-1d99-4a4d-976d-f6573ef3a8c2,19756.0,13756.0,7216.0,,3916749.0,33151.0,,2189091.0,,,14785.0,,,33151.0,0.0,21732.0,885940.0,Giovanni Ricci,giovanni ricci,1,2,15.0,0,0.0,0.0,5.0,17.0,1.0,-1.6064675,0,3.0,0.083333336,0.032051284,0.1474359,,,,,,,,,,,,,,,,,,,,,,,,,
2022,REG,3,00-0034365,I.Thomas,TE,TE,CAR,13678,ed8a8fd2-df67-45e7-a34f-984afb82f6ea,17387.0,42130.0,4995.0,,4045305.0,31071.0,,2253359.0,ThomIa00,ian-thomas-3,12858.0,13163.0,323.0,31071.0,943093.0,19910.0,943093.0,Ian Thomas,ian thomas,2,3,13.0,0,0.0,0.0,2.0,15.0,0.0,0.115933225,0,6.5,0.125,0.012820513,0.19647436,,,,,,,,,,,,,,,,,REG,CAR,NO,Ian Thomas,ThomIa00,1.0,0.0,0.0,75.7
2022,REG,3,00-0037755,J.Woods,TE,TE,IND,15840,321af8f8-b4de-4ed2-a86f-7f97a85a13d4,23829.0,,8219.0,,4241410.0,34029.0,,2787078.0,WoodJe01,jelani-woods-1,15821.0,,1305.0,34029.0,0.0,,975503.0,Jelani Woods,jelani woods,2,3,13.0,2,0.0,0.0,32.0,0.0,2.0,2.7344477,0,0.40625,0.083333336,0.19631901,0.2624233,,,,,,,,,,,,,,,,,REG,IND,KC,Jelani Woods,WoodJe01,0.0,0.0,0.0,115.3
2022,REG,3,00-0038041,J.Ferguson,TE,TE,DAL,15799,f46eab3d-d7dd-4420-b3f9-6da9ac1308ab,22718.0,,8110.0,,4242355.0,34085.0,,2867159.0,FergJa00,jake-ferguson-1,15947.0,,1258.0,34085.0,0.0,,1065361.0,Jake Ferguson,jake ferguson,2,3,13.0,0,0.0,0.0,7.0,7.0,0.0,-1.5871445,0,1.8571428,0.1,0.027559055,0.16929133,,,,,,,,,,,,,,,,,REG,DAL,NYG,Jake Ferguson,FergJa00,0.0,0.0,0.0,75.7
2022,REG,3,00-0027981,K.Rudolph,TE,TE,TB,10312,1059e9dc-97df-4643-9116-883a0573d8b1,9906.0,6195.0,943.0,kylerudolph/2495438,14054.0,24830.0,7444.0,1633122.0,RudoKy00,kyle-rudolph-1,7246.0,6459.0,,24830.0,469472.0,13275.0,469472.0,Kyle Rudolph,kyle rudolph,1,1,12.0,0,0.0,0.0,12.0,0.0,1.0,0.76786715,0,1.0,0.025,0.052401748,0.07418122,,,,,,,,,,,,,,,,,REG,TB,GB,Kyle Rudolph,RudoKy00,0.0,0.0,0.0,116.7
2022,REG,3,00-0036423,A.Okwuegbunam,TE,TE,DEN,14873,617aee8a-70be-4bdf-9a71-2e2b74e647e6,18246.0,41933.0,6843.0,,4035115.0,32788.0,,2245117.0,OkwuAl00,albert-okwuegbunam-1,14369.0,,,32788.0,0.0,21794.0,920077.0,Albert Okwuegbunam,albert okwuegbunam,1,2,12.0,0,0.0,0.0,8.0,10.0,0.0,-1.8454821,0,1.5,0.0625,0.0349345,0.11820415,,,,,,,,,,,,,,,,,REG,DEN,SF,Albert Okwuegbunam,OkwuAl00,0.0,0.0,0.0,68.7
2022,REG,3,00-0033217,M.Alie-Cox,TE,TE,IND,13246,8809c0dd-786b-4255-a7d0-333c9498c19a,16579.0,12078.0,4054.0,moalie-cox/2558832,2998565.0,30112.0,,2815925.0,AlieMo00,,12196.0,12221.0,195.0,30112.0,712506.0,18900.0,712506.0,Mo Alie-Cox,mo alie-cox,1,3,9.0,0,0.0,0.0,6.0,4.0,0.0,-0.2883946,0,1.5,0.083333336,0.036809817,0.15076686,,,,,,,,,,,,,,,,,REG,IND,KC,Mo Alie-Cox,AlieMo00,0.0,1.0,0.333,42.4
2022,REG,3,00-0033881,E.Engram,TE,TE,JAX,13189,e21365af-8d66-416e-b0a5-8816d18fcfd9,16411.0,11778.0,4066.0,,3051876.0,30136.0,,2079887.0,EngrEv00,evan-engram-1,11805.0,12205.0,229.0,30136.0,749185.0,18912.0,749185.0,Evan Engram,evan engram,1,3,9.0,0,0.0,0.0,18.0,6.0,1.0,0.47719973,1,0.5,0.078947365,0.09944751,0.18803431,,,,,,,,,,,,,,,,,REG,JAX,LAC,Evan Engram,EngrEv00,0.0,0.0,0.0,42.4
2022,REG,3,00-0035771,M.Wilcox,TE,TE,CIN,15563,b2d98b60-b4b3-4610-81d2-2154c723fdbb,19510.0,47234.0,6894.0,,3923392.0,33171.0,,2188431.0,,,14634.0,,,33171.0,0.0,21800.0,885394.0,Mitchell Wilcox,mitchell wilcox,1,1,9.0,0,0.0,0.0,0.0,9.0,0.0,0.47632772,0,0.0,0.028571429,0.0,0.042857144,,,,,,,,,,,,,,,,,,,,,,,,,
2022,REG,3,00-0036422,A.Trautman,TE,TE,NO,14870,4e14183b-f974-4745-9d7f-8f5eb2a92a7d,19423.0,109795.0,6869.0,,3911853.0,32775.0,,2182228.0,TrauAd00,,14541.0,,566.0,32775.0,0.0,21786.0,875444.0,Adam Trautman,adam trautman,1,1,9.0,0,0.0,0.0,9.0,0.0,0.0,0.7177269,0,1.0,0.025641026,0.019480519,0.0520979,,,,,,,,,,,,,,,,,REG,NO,CAR,Adam Trautman,TrauAd00,0.0,0.0,0.0,104.2
2022,REG,3,00-0033090,H.Henry,TE,TE,NE,12676,705899da-3c20-4bc3-b5d0-2e6e40655131,15561.0,10669.0,3214.0,,3046439.0,29269.0,,2079848.0,HenrHu00,hunter-henry-1,10735.0,11299.0,212.0,29269.0,744425.0,17975.0,744425.0,Hunter Henry,hunter henry,1,1,8.0,0,0.0,0.0,7.0,1.0,1.0,0.95258856,0,1.1428572,0.03125,0.018134715,0.0595693,,,,,,,,,,,,,,,,,REG,NE,BAL,Hunter Henry,HenrHu00,0.0,0.0,0.0,100.0
2022,REG,3,00-0035249,J.Oliver,TE,TE,BAL,14209,dc83f7af-7b30-4c4a-9c93-f67bd8db954b,18487.0,47083.0,5973.0,,3921690.0,31901.0,,2184618.0,OlivJo00,josh-oliver-1,13786.0,14127.0,7.0,31901.0,881779.0,20899.0,881779.0,Josh Oliver,josh oliver,2,2,8.0,1,0.0,0.0,-3.0,11.0,1.0,1.4974877,0,0.0,0.074074075,-0.011494253,0.10306513,,,,,,,,,,,,,,,,,REG,BAL,NE,Josh Oliver,OlivJo00,0.0,0.0,0.0,122.9
2022,REG,3,00-0037838,I.Likely,TE,TE,BAL,15798,f9279edb-cfa7-4f7d-91df-b81cbf3e133e,23781.0,,8131.0,,4361050.0,34095.0,,2961906.0,LikeIs00,isaiah-likely-1,16033.0,,1257.0,34095.0,0.0,,1125111.0,Isaiah Likely,isaiah likely,1,2,8.0,0,0.0,0.0,-6.0,10.0,0.0,-1.0657597,0,0.0,0.074074075,-0.022988506,0.095019154,,,,,,,,,,,,,,,,,REG,BAL,NE,Isaiah Likely,LikeIs00,1.0,0.0,0.0,60.4
2022,REG,3,00-0034830,H.Hurst,TE,TE,CIN,13680,1b125fc4-5dd9-4eb9-a42f-048e61ca42b7,17283.0,47294.0,4973.0,,3924365.0,30995.0,,2185053.0,HursHa00,hayden-hurst-1,12467.0,13098.0,8.0,30995.0,881956.0,19843.0,881956.0,Hayden Hurst,hayden hurst,1,2,7.0,0,0.0,0.0,8.0,2.0,1.0,0.4820421,0,0.875,0.057142857,0.028169014,0.10543259,,,,,,,,,,,,,,,,,REG,CIN,NYJ,Hayden Hurst,HursHa00,0.0,1.0,0.5,58.3
2022,REG,3,00-0036876,K.Granson,TE,TE,IND,15419,bcc0167c-05fd-4b23-981e-60b8784ceb33,22841.0,40630.0,7602.0,,4039160.0,33515.0,,2247146.0,GranKy00,kylen-granson-1,15245.0,,1119.0,33515.0,0.0,,921050.0,Kylen Granson,kylen granson,2,2,7.0,0,0.0,0.0,7.0,0.0,0.0,-0.4702712,0,1.0,0.055555556,0.042944785,0.113394685,,,,,,,,,,,,,,,,,REG,IND,KC,Kylen Granson,GranKy00,0.0,0.0,0.0,81.2
2022,REG,3,00-0037005,T.Tremble,TE,TE,CAR,15332,cbee2fd3-e5f2-4316-bffd-531f1873f032,22795.0,84025.0,7694.0,,4372780.0,33471.0,,2969027.0,TremTo00,tommy-tremble-1,15371.0,,1054.0,33471.0,0.0,,1130555.0,Tommy Tremble,tommy tremble,1,1,7.0,0,0.0,0.0,6.0,1.0,0.0,-0.17246248,0,1.1666666,0.041666668,0.03846154,0.089423075,,,,,,,,,,,,,,,,,REG,CAR,NO,Tommy Tremble,TremTo00,0.0,0.0,0.0,95.8
2022,REG,3,00-0034829,M.Gesicki,TE,TE,MIA,13672,1012cbe0-7eba-4169-bfca-183a0204e1a7,17272.0,47153.0,4993.0,,3116164.0,31012.0,,2139298.0,GesiMi00,mike-gesicki-1,12764.0,13104.0,330.0,31012.0,836152.0,19853.0,836152.0,Mike Gesicki,mike gesicki,1,1,6.0,0,0.0,0.0,0.0,6.0,0.0,0.13801776,0,0.0,0.05,0.0,0.075,,,,,,,,,,,,,,,,,REG,MIA,BUF,Mike Gesicki,GesiMi00,0.0,0.0,0.0,91.7
2022,REG,3,00-0035345,C.Myarick,TE,TE,NYG,15620,002adaa8-5dc2-4b4b-95bc-53a38dce3849,19098.0,47358.0,6529.0,,3138744.0,32442.0,,3117054.0,,,14282.0,,,32442.0,0.0,21531.0,838318.0,Chris Myarick,chris myarick,1,1,6.0,0,0.0,0.0,4.0,2.0,0.0,1.3747196,0,1.5,0.03125,0.018691588,0.059959114,,,,,,,,,,,,,,,,,,,,,,,,,
2022,REG,3,00-0031260,L.Thomas,TE,TE,WAS,11647,b24625a0-d402-4d59-a778-aa4b073bfe5e,12095.0,8755.0,2251.0,loganthomas/2543767,16813.0,27648.0,,1691193.0,ThomLo00,logan-thomas-1,9323.0,9354.0,,27648.0,507528.0,16656.0,507528.0,Logan Thomas,logan thomas,2,3,5.0,0,0.0,0.0,12.0,0.0,1.0,-4.2935176,0,0.41666666,0.071428575,0.036144577,0.13244407,,,,,,,,,,,,,,,,,REG,WAS,PHI,Logan Thomas,ThomLo00,0.0,0.0,0.0,70.1
2022,REG,3,00-0032134,C.Uzomah,TE,TE,NYJ,12317,19858900-5c8e-49a7-ab02-34ef625724ca,14084.0,9590.0,2460.0,c.j.uzomah/2552559,2574576.0,28545.0,,2174118.0,UzomC.00,cj-uzomah-1,10462.0,10534.0,,28545.0,593305.0,16917.0,593305.0,C.J. Uzomah,cj uzomah,1,1,5.0,0,0.0,0.0,5.0,0.0,0.0,-0.2545008,0,1.0,0.020833334,0.010438413,0.03855689,,,,,,,,,,,,,,,,,REG,NYJ,CIN,C.J. Uzomah,UzomC.00,0.0,0.0,0.0,87.5
2022,REG,3,00-0032394,N.Vannett,TE,TE,NO,12680,c731aa8a-778b-4ccd-a19f-517eb66f47b7,15645.0,10728.0,3258.0,,2576399.0,29328.0,,1871322.0,VannNi00,nick-vannett-1,10949.0,11329.0,,29328.0,606488.0,18019.0,606488.0,Nick Vannett,nick vannett,1,1,5.0,0,0.0,0.0,3.0,2.0,0.0,0.0254393,0,1.6666666,0.025641026,0.0064935065,0.043006994,,,,,,,,,,,,,,,,,REG,NO,CAR,Nick Vannett,VannNi00,0.0,0.0,0.0,87.5
2022,REG,3,00-0036741,J.Stoll,TE,TE,PHI,15541,0560d134-d316-4cda-9d48-34d32267af68,23193.0,42058.0,7946.0,,4034862.0,33891.0,,2239684.0,StolJa00,,15510.0,,,33891.0,0.0,,911985.0,Jack Stoll,jack stoll,1,2,4.0,0,0.0,0.0,1.0,2.0,0.0,-0.7235367,0,4.0,0.05882353,0.002610966,0.09006297,,,,,,,,,,,,,,,,,REG,PHI,WAS,Jack Stoll,StolJa00,0.0,0.0,0.0,56.2
2022,REG,3,00-0033576,E.Saubert,TE,TE,DEN,13315,582dc00e-e7ec-4ca7-bff0-f7b1d604017b,16706.0,11929.0,4189.0,,2975863.0,30287.0,,2001018.0,SaubEr00,,11897.0,12300.0,,30287.0,694931.0,19035.0,694931.0,Eric Saubert,eric saubert,0,1,0.0,0,0.0,0.0,27.0,0.0,0.0,-0.7201804,0,0.0,0.03125,0.11790393,0.12940775,,,,,,,,,,,,,,,,,REG,DEN,SF,Eric Saubert,SaubEr00,0.0,0.0,0.0,39.6
2022,REG,3,00-0033879,O.Howard,TE,TE,HOU,13188,93ed8c6f-b676-46d3-bf82-6155e89b4a68,16380.0,11774.0,4055.0,,3043080.0,30132.0,,2061190.0,HowaO.00,oj-howard-1,11806.0,12161.0,,30132.0,732147.0,18901.0,732147.0,O.J. Howard,oj howard,0,1,0.0,0,0.0,0.0,19.0,0.0,0.0,-0.57138604,0,0.0,0.032258064,0.08444444,0.107498206,,,,,,,,,,,,,,,,,REG,HOU,CHI,O.J. Howard,HowaO.00,0.0,0.0,0.0,39.6
2022,REG,3,00-0036040,J.Johnson,TE,TE,NO,14861,0226b03b-f91d-4223-9813-9fcd2e9c3acc,19562.0,28305.0,7002.0,,3929645.0,33113.0,,2186637.0,JohnJu02,,14630.0,,575.0,33113.0,0.0,21738.0,884609.0,Juwan Johnson,juwan johnson,0,1,0.0,0,0.0,0.0,13.0,0.0,0.0,-1.268063,0,0.0,0.025641026,0.028138528,0.05815851,,,,,,,,,,,,,,,,,REG,NO,CAR,Juwan Johnson,JohnJu02,0.0,0.0,0.0,39.6
2022,REG,3,00-0036628,J.Bates,TE,TE,WAS,15344,3208880b-949f-4926-85eb-1940770550ea,22833.0,42275.0,7716.0,,4048228.0,33512.0,,2257291.0,BateJo00,john-bates-1,15289.0,,,33512.0,0.0,,944038.0,John Bates,john bates,0,1,0.0,0,0.0,0.0,4.0,0.0,0.0,-0.4756901,0,0.0,0.023809524,0.012048192,0.04414802,,,,,,,,,,,,,,,,,REG,WAS,PHI,John Bates,BateJo00,0.0,0.0,0.0,39.6
2022,REG,3,00-0036692,M.Forristall,TE,TE,CLE,15534,ab6618ed-8500-40ed-993b-7d3507dc52dd,22831.0,47378.0,7854.0,,4040714.0,33836.0,,2240245.0,ForrMi00,,15539.0,,,33836.0,0.0,,913368.0,Miller Forristall,miller forristall,0,1,0.0,0,0.0,0.0,5.0,0.0,0.0,-0.5086182,0,0.0,0.032258064,0.024875622,0.06580003,,,,,,,,,,,,,,,,,REG,CLE,PIT,Miller Forristall,ForrMi00,0.0,0.0,0.0,39.6
2022,REG,3,00-0037112,J.Tonges,TE,TE,CHI,16036,8d9236c0-ce09-11ec-9598-03840dd5f387,24778.0,,8698.0,,4259147.0,34374.0,,2870660.0,TongJa00,,16418.0,,,34374.0,0.0,,1068872.0,Jake Tonges,jake tonges,0,1,0.0,0,0.0,0.0,13.0,0.0,0.0,-0.56882393,0,0.0,0.0625,0.09090909,0.15738636,,,,,,,,,,,,,,,,,REG,CHI,HOU,Jake Tonges,TongJa00,0.0,0.0,0.0,39.6
2022,REG,4,00-0035229,T.Hockenson,TE,TE,DET,14138,bd1120b6-38b3-4225-a4b0-20660a149d0d,18290.0,40912.0,5844.0,,4036133.0,31840.0,,2251097.0,HockTJ00,tj-hockenson-1,13610.0,14051.0,247.0,31840.0,923915.0,20805.0,923915.0,T.J. Hockenson,tj hockenson,8,12,179.0,2,0.0,0.0,111.0,109.0,7.0,5.5530605,1,1.6126126,0.30769232,0.28388748,0.66025966,T.J. Hockenson,DET,6.173,3.048974656223482,10.291666666666666,31.11301456139467,66.66666666666666,179.0,2.0,13.85875,4.734103434694317,9.124646565305683,00-0035229,Thomas,Hockenson,T.Hockenson,REG,DET,SEA,T.J. Hockenson,HockTJ00,1.0,1.0,0.083,114.6
2022,REG,4,00-0030506,T.Kelce,TE,TE,KC,11244,c3859e06-5f23-4302-a71b-04820a899d5f,11594.0,7844.0,1466.0,traviskelce/2540258,15847.0,26686.0,,1725130.0,KelcTr00,travis-kelce-1,8783.0,8411.0,264.0,26686.0,448240.0,15048.0,448240.0,Travis Kelce,travis kelce,9,10,92.0,1,0.0,0.0,56.0,40.0,8.0,10.929118,0,1.6428572,0.29411766,0.22047244,0.5955072,Travis Kelce,KC,6.932857142857143,2.464470049494993,5.4399999999999995,19.974297778593726,90.0,92.0,1.0,4.684444444444445,4.071261573838354,0.6131828706060904,00-0030506,Travis,Kelce,T.Kelce,REG,KC,TB,Travis Kelce,KelcTr00,0.0,0.0,0.0,138.3
2022,REG,4,00-0033217,M.Alie-Cox,TE,TE,IND,13246,8809c0dd-786b-4255-a7d0-333c9498c19a,16579.0,12078.0,4054.0,moalie-cox/2558832,2998565.0,30112.0,,2815925.0,AlieMo00,,12196.0,12221.0,195.0,30112.0,712506.0,18900.0,712506.0,Mo Alie-Cox,mo alie-cox,6,6,85.0,2,0.0,0.0,32.0,53.0,4.0,7.0339313,0,2.65625,0.16666667,0.13617021,0.34531915,Mo Alie-Cox,IND,5.532,4.1990639301256225,5.261666666666667,12.635581348809286,100.0,85.0,2.0,8.905,4.32623654340163,4.578763456598369,00-0033217,Mo,Alie-Cox,M.Alie-Cox,REG,IND,TEN,Mo Alie-Cox,AlieMo00,1.0,0.0,0.0,158.3
2022,REG,4,00-0036894,P.Freiermuth,TE,TE,PIT,15331,04f0fefe-9d9d-44f5-94ea-6df2a42df3c6,20163.0,84085.0,7600.0,,4361411.0,33443.0,,2961270.0,FreiPa00,pat-freiermuth-1,15267.0,,1053.0,33443.0,0.0,,1116662.0,Pat Freiermuth,pat freiermuth,7,9,85.0,0,0.0,0.0,73.0,24.0,6.0,3.1179993,0,1.1643835,0.36,0.22256097,0.6957927,Pat Freiermuth,PIT,6.862499999999999,2.8103214518321558,7.524444444444445,17.901136664023262,77.77777777777779,85.0,0.0,4.271428571428572,3.6135965238045236,0.6578320476240487,00-0036894,Pat,Freiermuth,P.Freiermuth,REG,PIT,NYJ,Pat Freiermuth,FreiPa00,0.0,1.0,0.111,66.4
2022,REG,4,00-0033110,T.Higbee,TE,TE,LA,12678,0df7912d-9e81-47ea-b4f7-d04986df4ee8,15623.0,10744.0,3271.0,,2573401.0,29344.0,,1853103.0,HigbTy00,tyler-higbee-1,10854.0,11430.0,159.0,29344.0,604176.0,18032.0,604176.0,Tyler Higbee,tyler higbee,10,14,73.0,0,0.0,0.0,52.0,44.0,4.0,2.7583122,0,1.4038461,0.29166666,0.2055336,0.5813735,Tyler Higbee,LAR,4.89,3.467311466760912,3.3771428571428586,18.40619768754624,71.42857142857143,73.0,0.0,4.454999999999997,5.80033219453972,-1.345332194539723,00-0033110,Tyler,Higbee,T.Higbee,REG,LA,SF,Tyler Higbee,HigbTy00,1.0,0.0,0.0,83.3
2022,REG,4,00-0033885,D.Njoku,TE,TE,CLE,13192,8f86fcea-90e8-49ea-bc78-5c7659313e57,16399.0,11784.0,4033.0,,3123076.0,30142.0,,2136474.0,NjokDa00,david-njoku-1,11734.0,12186.0,252.0,30142.0,832098.0,18876.0,832098.0,David Njoku,david njoku,5,7,73.0,0,1.0,1.0,46.0,29.0,3.0,-2.9502122,0,1.5869565,0.2,0.16370107,0.41459075,David Njoku,CLE,4.976,3.5094048767923316,7.25142857142857,16.66447800393959,71.42857142857143,73.0,0.0,6.512000000000002,6.254812854743432,0.2571871452565704,00-0033885,David,Njoku,D.Njoku,REG,CLE,ATL,David Njoku,NjokDa00,0.0,0.0,0.0,105.1
2022,REG,4,00-0034351,D.Goedert,TE,TE,PHI,13674,e8029983-87cf-49a2-bc04-04c8233a0630,17270.0,47272.0,5022.0,,3121023.0,31019.0,,2132551.0,GoedDa00,,12860.0,13151.0,382.0,31019.0,791365.0,19863.0,791365.0,Dallas Goedert,dallas goedert,5,6,72.0,0,0.0,0.0,9.0,70.0,2.0,3.596346,0,8.0,0.25,0.055555556,0.4138889,Dallas Goedert,PHI,4.6575,5.2664527154773735,1.0,4.169851970255056,83.33333333333334,72.0,0.0,14.456,11.992689393412821,2.4633106065871786,00-0034351,Dallas,Goedert,D.Goedert,REG,PHI,JAX,Dallas Goedert,GoedDa00,0.0,1.0,0.167,116.7
2022,REG,4,00-0036876,K.Granson,TE,TE,IND,15419,bcc0167c-05fd-4b23-981e-60b8784ceb33,22841.0,40630.0,7602.0,,4039160.0,33515.0,,2247146.0,GranKy00,kylen-granson-1,15245.0,,1119.0,33515.0,0.0,,921050.0,Kylen Granson,kylen granson,4,4,62.0,0,0.0,0.0,32.0,30.0,4.0,6.020712,0,1.9375,0.11111111,0.13617021,0.2619858,,,,,,,,,,,,,,,,,REG,IND,TEN,Kylen Granson,GranKy00,0.0,0.0,0.0,118.7
2022,REG,4,00-0033895,G.Everett,TE,TE,LAC,13236,ebeceb00-57e0-4b74-9cf7-853da2afed18,16459.0,11799.0,4089.0,,3918639.0,30157.0,,2142692.0,EverGe00,gerald-everett-1,11737.0,12284.0,55.0,30157.0,838487.0,18935.0,838487.0,Gerald Everett,gerald everett,5,6,61.0,1,0.0,0.0,61.0,8.0,3.0,3.678528,0,1.0,0.16216215,0.2202166,0.39739487,Gerald Everett,LAC,2.8,2.9633947019605755,10.16666666666667,22.475221988872924,83.33333333333334,61.0,1.0,1.6619999999999977,3.1513729019384753,-1.4893729019384776,00-0033895,Gerald,Everett,G.Everett,REG,LAC,HOU,Gerald Everett,EverGe00,0.0,1.0,0.167,148.6
2022,REG,4,00-0034270,T.Conklin,TE,TE,NYJ,13675,f0d17dfa-ebf3-416c-a8d2-c6bc30675103,17598.0,47327.0,5133.0,,3915486.0,31220.0,,2165249.0,ConkTy00,tyler-conklin-1,12809.0,13220.0,489.0,31127.0,861278.0,19988.0,861278.0,Tyler Conklin,tyler conklin,3,5,52.0,0,0.0,0.0,40.0,24.0,3.0,-1.2312874,0,1.3,0.15151516,0.13513513,0.32186732,Tyler Conklin,NYJ,4.673333333333334,5.214959085827069,6.846000000000002,12.267937782237835,60.0,52.0,0.0,8.483333333333329,8.220324127720309,0.2630092056130202,00-0034270,Tyler,Conklin,T.Conklin,REG,NYJ,PIT,Tyler Conklin,ConkTy00,0.0,1.0,0.2,55.8
2022,REG,4,00-0030061,Z.Ertz,TE,TE,ARI,11247,de3421f7-2147-4835-89a5-724e87bad463,11689.0,7816.0,1339.0,zachertz/2540158,15835.0,26658.0,,1685963.0,ErtzZa00,zach-ertz-1,8781.0,8409.0,305.0,26658.0,503177.0,14856.0,503177.0,Zach Ertz,zach ertz,6,6,47.0,1,0.0,0.0,36.0,11.0,2.0,3.297264,0,1.3055556,0.19354838,0.1978022,0.42878413,Zach Ertz,ARI,5.9239999999999995,3.810700638040348,6.076666666666665,19.881127651453184,100.0,47.0,1.0,1.756666666666668,2.476700428033458,-0.7200337613667902,00-0030061,Zachary,Ertz,Z.Ertz,REG,ARI,CAR,Zach Ertz,ErtzZa00,0.0,0.0,0.0,138.9
2022,REG,4,00-0035689,D.Knox,TE,TE,BUF,14143,5fb525c5-4e70-4ede-8c49-94ad0cf66b7d,18631.0,35883.0,5906.0,,3930086.0,31928.0,,2186345.0,KnoxDa00,dawson-knox-1,13466.0,13953.0,88.0,31928.0,884083.0,20850.0,884083.0,Dawson Knox,dawson knox,3,6,40.0,0,0.0,0.0,62.0,7.0,3.0,-2.7440145,0,0.6451613,0.1764706,0.25514403,0.4433067,Dawson Knox,BUF,6.165,1.6337294661465958,9.876666666666667,25.09847105162848,50.0,40.0,0.0,2.846666666666664,2.4580221936978908,0.38864447296877325,00-0035689,Dawson,Knox,D.Knox,REG,BUF,BAL,Dawson Knox,KnoxDa00,0.0,0.0,0.0,31.9
2022,REG,4,00-0034159,W.Dissly,TE,TE,SEA,13763,383f4814-6836-4766-a297-fc063e8509cc,18049.0,30762.0,5010.0,,3127292.0,31090.0,,2139628.0,DissWi00,will-dissly-1,12986.0,13246.0,86.0,31090.0,837806.0,19950.0,837806.0,Will Dissly,will dissly,4,4,39.0,1,0.0,0.0,22.0,17.0,1.0,3.8328333,0,1.7727273,0.13793103,0.06896552,0.2551724,,,,,,,,,,,,,,,,,REG,SEA,DET,Will Dissly,DissWi00,0.0,0.0,0.0,146.9
2022,REG,4,00-0037809,C.Okonkwo,TE,TE,TEN,15889,14e11f9b-58c8-437f-abc0-a4e4df9a7c47,23982.0,,8210.0,,4360635.0,34099.0,,2965208.0,OkonCh00,chigoziem-okonkwo-1,16042.0,,1320.0,34099.0,0.0,,1106374.0,Chigoziem Okonkwo,chigoziem okonkwo,3,3,38.0,1,0.0,0.0,28.0,10.0,3.0,3.759039,0,1.3571428,0.14285715,0.31111112,0.4320635,,,,,,,,,,,,,,,,,REG,TEN,IND,Chigoziem Okonkwo,OkonCh00,0.0,0.0,0.0,158.3
2022,REG,4,00-0036422,A.Trautman,TE,TE,NO,14870,4e14183b-f974-4745-9d7f-8f5eb2a92a7d,19423.0,109795.0,6869.0,,3911853.0,32775.0,,2182228.0,TrauAd00,,14541.0,,566.0,32775.0,0.0,21786.0,875444.0,Adam Trautman,adam trautman,3,3,37.0,0,0.0,0.0,14.0,23.0,2.0,2.5297117,0,2.642857,0.10714286,0.045016076,0.19222555,,,,,,,,,,,,,,,,,REG,NO,MIN,Adam Trautman,TrauAd00,0.0,0.0,0.0,118.1
2022,REG,4,00-0037005,T.Tremble,TE,TE,CAR,15332,cbee2fd3-e5f2-4316-bffd-531f1873f032,22795.0,84025.0,7694.0,,4372780.0,33471.0,,2969027.0,TremTo00,tommy-tremble-1,15371.0,,1054.0,33471.0,0.0,,1130555.0,Tommy Tremble,tommy tremble,3,6,34.0,0,0.0,0.0,46.0,18.0,1.0,-2.1097906,0,0.73913044,0.16666667,0.21495327,0.40046728,Tommy Tremble,CAR,5.675,4.210331896929799,8.691666666666665,23.27501562081585,50.0,34.0,0.0,6.163333333333337,6.999204179109256,-0.8358708457759194,00-0037005,Tommy,Tremble,T.Tremble,REG,CAR,ARI,Tommy Tremble,TremTo00,0.0,1.0,0.167,67.4
2022,REG,4,00-0034364,J.Akins,TE,TE,HOU,13753,0cb5a32a-a340-4671-ba2a-93f5fa6aee8d,17415.0,47050.0,5032.0,,3128452.0,31068.0,,2142712.0,AkinJo00,jordan-akins-1,12568.0,13238.0,,31068.0,838396.0,19903.0,838396.0,Jordan Akins,jordan akins,2,2,33.0,0,0.0,0.0,13.0,20.0,1.0,1.5102602,0,2.5384614,0.057142857,0.05078125,0.12126116,,,,,,,,,,,,,,,,,REG,HOU,LAC,Jordan Akins,AkinJo00,1.0,0.0,0.0,118.7
2022,REG,4,00-0036040,J.Johnson,TE,TE,NO,14861,0226b03b-f91d-4223-9813-9fcd2e9c3acc,19562.0,28305.0,7002.0,,3929645.0,33113.0,,2186637.0,JohnJu02,,14630.0,,575.0,33113.0,0.0,21738.0,884609.0,Juwan Johnson,juwan johnson,3,4,33.0,0,0.0,0.0,42.0,5.0,1.0,1.3962591,0,0.78571427,0.14285715,0.13504823,0.30881947,,,,,,,,,,,,,,,,,REG,NO,MIN,Juwan Johnson,JohnJu02,0.0,0.0,0.0,99.0
2022,REG,4,00-0037755,J.Woods,TE,TE,IND,15840,321af8f8-b4de-4ed2-a86f-7f97a85a13d4,23829.0,,8219.0,,4241410.0,34029.0,,2787078.0,WoodJe01,jelani-woods-1,15821.0,,1305.0,34029.0,0.0,,975503.0,Jelani Woods,jelani woods,1,1,33.0,0,0.0,0.0,15.0,18.0,1.0,2.3816755,0,2.2,0.027777778,0.06382979,0.08634752,,,,,,,,,,,,,,,,,REG,IND,TEN,Jelani Woods,WoodJe01,1.0,0.0,0.0,118.7
2022,REG,4,00-0031273,C.Brate,TE,TE,TB,12110,5afe93fd-0caf-4cca-83fc-7f405bebfa3e,13470.0,9207.0,2214.0,,17453.0,28267.0,,2132787.0,BratCa00,,10008.0,10193.0,,28267.0,552926.0,16593.0,552926.0,Cameron Brate,cameron brate,4,8,32.0,0,0.0,0.0,39.0,7.0,3.0,0.06813639,0,0.82051283,0.15384616,0.1196319,0.31451157,Cameron Brate,TB,5.843999999999999,3.5208344791854524,7.5375,17.35052080336077,50.0,32.0,0.0,1.8575,2.2776787599588033,-0.4201787599588034,00-0031273,Cameron,Brate,C.Brate,REG,TB,KC,Cameron Brate,BratCa00,0.0,0.0,0.0,60.4
2022,REG,4,00-0038129,C.Otton,TE,TE,TB,15802,f23517bd-ae85-484a-8ecb-1f7a2d851e48,23181.0,,8111.0,,4243331.0,34062.0,,2815179.0,OttoCa00,cade-otton-1,16032.0,,1261.0,34062.0,0.0,,1049263.0,Cade Otton,cade otton,3,4,29.0,0,0.0,0.0,21.0,15.0,2.0,0.56259036,0,1.3809524,0.07692308,0.064417176,0.16047664,,,,,,,,,,,,,,,,,REG,TB,KC,Cade Otton,OttoCa00,0.0,0.0,0.0,94.8
2022,REG,4,00-0036244,C.Parkinson,TE,TE,SEA,14871,1ea7affb-e5e7-491a-aaa3-55e200b2eb48,19372.0,52266.0,6865.0,,4242557.0,32803.0,,2867522.0,ParkCo02,colby-parkinson-1,14463.0,,565.0,32803.0,0.0,21807.0,1060312.0,Colby Parkinson,colby parkinson,2,3,28.0,0,0.0,0.0,17.0,26.0,2.0,1.8074046,0,1.6470588,0.10344828,0.053291537,0.1924765,,,,,,,,,,,,,,,,,REG,SEA,DET,Colby Parkinson,ParkCo02,0.0,0.0,0.0,96.5
2022,REG,4,00-0033879,O.Howard,TE,TE,HOU,13188,93ed8c6f-b676-46d3-bf82-6155e89b4a68,16380.0,11774.0,4055.0,,3043080.0,30132.0,,2061190.0,HowaO.00,oj-howard-1,11806.0,12161.0,,30132.0,732147.0,18901.0,732147.0,O.J. Howard,oj howard,2,5,27.0,0,0.0,0.0,80.0,2.0,1.0,-2.4308069,0,0.3375,0.14285715,0.3125,0.4330357,O.J. Howard,HOU,4.705,1.2798015505473113,14.808000000000002,30.12450158678493,40.0,27.0,0.0,1.2800000000000011,2.44858254265705,-1.1685825426570489,00-0033879,O'Terrius,Howard,O.Howard,REG,HOU,LAC,O.J. Howard,HowaO.00,0.0,0.0,0.0,18.3
2022,REG,4,00-0034830,H.Hurst,TE,TE,CIN,13680,1b125fc4-5dd9-4eb9-a42f-048e61ca42b7,17283.0,47294.0,4973.0,,3924365.0,30995.0,,2185053.0,HursHa00,hayden-hurst-1,12467.0,13098.0,8.0,30995.0,881956.0,19843.0,881956.0,Hayden Hurst,hayden hurst,3,4,27.0,1,0.0,0.0,8.0,20.0,2.0,4.8594656,0,3.375,0.125,0.024615385,0.20473076,,,,,,,,,,,,,,,,,REG,CIN,MIA,Hayden Hurst,HursHa00,1.0,0.0,0.0,132.3
2022,REG,4,00-0034011,D.Arnold,TE,TE,JAX,13880,d479a777-b53b-4bbf-a8e4-0c1675ac48df,17143.0,51842.0,4741.0,,4212989.0,30891.0,,2835170.0,ArnoDa00,,12276.0,12972.0,,30891.0,1053627.0,19659.0,1053627.0,Dan Arnold,dan arnold,1,1,26.0,0,0.0,0.0,4.0,22.0,1.0,1.766671,0,6.5,0.04347826,0.021857923,0.08051794,,,,,,,,,,,,,,,,,REG,JAX,PHI,Dan Arnold,ArnoDa00,0.0,0.0,0.0,118.7
2022,REG,4,00-0033576,E.Saubert,TE,TE,DEN,13315,582dc00e-e7ec-4ca7-bff0-f7b1d604017b,16706.0,11929.0,4189.0,,2975863.0,30287.0,,2001018.0,SaubEr00,,11897.0,12300.0,,30287.0,694931.0,19035.0,694931.0,Eric Saubert,eric saubert,1,2,25.0,0,0.0,0.0,38.0,7.0,1.0,0.435314,0,0.65789473,0.08,0.13380282,0.21366197,,,,,,,,,,,,,,,,,REG,DEN,LV,Eric Saubert,SaubEr00,0.0,0.0,0.0,95.8
2022,REG,4,00-0036970,K.Pitts,TE,TE,ATL,15329,1f3deb24-9ff8-4769-8f42-825eff7742f6,20164.0,83964.0,7553.0,,4360248.0,33392.0,,2964514.0,PittKy00,kyle-pitts-1,15265.0,,1051.0,33392.0,0.0,,1123026.0,Kyle Pitts,kyle pitts,1,4,25.0,0,0.0,0.0,63.0,5.0,1.0,-0.982903,0,0.3968254,0.22222222,0.2625,0.51708335,,,,,,,,,,,,,,,,,REG,ATL,CLE,Kyle Pitts,PittKy00,0.0,0.0,0.0,53.1
2022,REG,4,00-0031610,D.Waller,TE,TE,LV,12263,14c97c9f-26e8-4944-9299-f90de6aeada3,14104.0,9637.0,2505.0,,2576925.0,28592.0,,1850793.0,WallDa01,darren-waller-1,10215.0,10433.0,,28592.0,600191.0,16964.0,600191.0,Darren Waller,darren waller,3,5,24.0,0,0.0,0.0,75.0,3.0,1.0,1.0242318,0,0.32,0.16666667,0.29296875,0.45507812,Darren Waller,LV,5.989999999999999,1.632821078366718,14.426000000000002,29.258102462175,60.0,24.0,0.0,0.9133333333333328,0.545659272152875,0.36767406118045776,00-0031610,Darren,Waller,D.Waller,REG,LV,DEN,Darren Waller,WallDa01,0.0,1.0,0.2,72.1
2022,REG,4,00-0033288,G.Kittle,TE,TE,SF,13299,2ada91b0-036e-454f-83c3-6d939ff584a9,16499.0,11901.0,4217.0,,3040151.0,30259.0,,2818265.0,KittGe00,george-kittle-1,11892.0,12276.0,298.0,30259.0,733672.0,19063.0,733672.0,George Kittle,george kittle,2,4,24.0,0,0.0,0.0,22.0,8.0,1.0,-0.41909587,0,1.0909091,0.16,0.171875,0.3603125,,,,,,,,,,,,,,,,,REG,SF,LA,George Kittle,KittGe00,0.0,0.0,0.0,68.7
2022,REG,4,00-0037744,T.McBride,TE,TE,ARI,15794,734d54cc-c869-4e2f-a60f-c59c493f5110,22936.0,,8130.0,,4361307.0,34010.0,,2963385.0,McBrTr01,trey-mcbride-1,15902.0,,1253.0,34010.0,0.0,,1108161.0,Trey McBride,trey mcbride,3,3,24.0,0,0.0,0.0,12.0,12.0,1.0,1.6585804,0,2.0,0.09677419,0.06593407,0.19131513,,,,,,,,,,,,,,,,,REG,ARI,CAR,Trey McBride,McBrTr01,0.0,0.0,0.0,100.0
2022,REG,4,00-0034829,M.Gesicki,TE,TE,MIA,13672,1012cbe0-7eba-4169-bfca-183a0204e1a7,17272.0,47153.0,4993.0,,3116164.0,31012.0,,2139298.0,GesiMi00,mike-gesicki-1,12764.0,13104.0,330.0,31012.0,836152.0,19853.0,836152.0,Mike Gesicki,mike gesicki,2,4,23.0,0,0.0,0.0,38.0,4.0,1.0,-5.2255445,0,0.6052632,0.11111111,0.098958336,0.2359375,,,,,,,,,,,,,,,,,REG,MIA,CIN,Mike Gesicki,GesiMi00,0.0,0.0,0.0,28.1
2022,REG,4,00-0034970,I.Smith,TE,TE,MIN,14141,ed0e6a30-83d5-4f4b-bf49-f7ff80e21304,18610.0,42060.0,6126.0,,4040980.0,31882.0,,2257888.0,SmitIr01,irv-smith-jr-1,13583.0,14052.0,,31882.0,944428.0,20949.0,944428.0,Irv Smith,irv smith,3,4,23.0,0,0.0,0.0,25.0,14.0,1.0,-0.92842263,0,0.92,0.114285715,0.091240875,0.23529719,,,,,,,,,,,,,,,,,REG,MIN,NO,Irv Smith Jr.,SmitIr01,0.0,0.0,0.0,49.0
2022,REG,4,00-0035259,T.Wesco,TE,TE,CHI,14231,f6c34178-e063-444b-96b3-df6b3cf66419,18567.0,42018.0,6181.0,,4039253.0,31953.0,,2243366.0,WescTr00,trevon-wesco-1,13828.0,14224.0,,31953.0,919456.0,20977.0,919456.0,Trevon Wesco,trevon wesco,1,2,23.0,0,0.0,0.0,15.0,10.0,1.0,0.84132296,0,1.5333333,0.1,0.078125,0.2046875,,,,,,,,,,,,,,,,,REG,CHI,NYG,Trevon Wesco,WescTr00,0.0,1.0,0.5,91.7
2022,REG,4,00-0038115,D.Bellinger,TE,TE,NYG,15873,42a1c03e-790e-46ba-b0d5-d304e44c02c7,24238.0,,8225.0,,4361516.0,34068.0,,2963615.0,BellDa00,daniel-bellinger-1,16036.0,,1322.0,34068.0,0.0,,1122035.0,Daniel Bellinger,daniel bellinger,3,3,23.0,0,0.0,0.0,13.0,10.0,1.0,1.335782,0,1.7692307,0.2,0.08783784,0.3614865,,,,,,,,,,,,,,,,,REG,NYG,CHI,Daniel Bellinger,BellDa00,0.0,0.0,0.0,98.6
2022,REG,4,00-0033757,R.Tonyan,TE,TE,GB,13427,7c9c7800-69d0-459b-812b-a07ac48e9f2a,16502.0,12193.0,4602.0,,2975674.0,30777.0,,2820026.0,TonyRo00,,12389.0,12868.0,,30777.0,660151.0,19491.0,660151.0,Robert Tonyan,robert tonyan,2,2,22.0,1,0.0,0.0,18.0,4.0,1.0,3.1040366,0,1.2222222,0.0625,0.06,0.13575,,,,,,,,,,,,,,,,,REG,GB,NE,Robert Tonyan,TonyRo00,0.0,0.0,0.0,152.1
2022,REG,4,00-0035572,P.Hesse,TE,TE,ATL,15564,5aab93f1-bc81-4d83-b105-d579a14eb349,19067.0,48369.0,6662.0,,3144991.0,32588.0,,3117115.0,,,14295.0,,,32588.0,0.0,21569.0,846264.0,Parker Hesse,parker hesse,1,1,22.0,0,0.0,0.0,17.0,5.0,1.0,2.3536317,0,1.2941177,0.055555556,0.07083333,0.13291667,,,,,,,,,,,,,,,,,,,,,,,,,
2022,REG,4,00-0031260,L.Thomas,TE,TE,WAS,11647,b24625a0-d402-4d59-a778-aa4b073bfe5e,12095.0,8755.0,2251.0,loganthomas/2543767,16813.0,27648.0,,1691193.0,ThomLo00,logan-thomas-1,9323.0,9354.0,,27648.0,507528.0,16656.0,507528.0,Logan Thomas,logan thomas,5,6,19.0,0,0.0,0.0,16.0,8.0,2.0,-0.34154403,0,1.1875,0.15,0.053691275,0.26258388,Logan Thomas,WAS,5.734,2.0115402000974947,2.9150000000000005,5.574146667941487,83.33333333333334,19.0,0.0,1.3059999999999987,1.47064660029097,-0.16464660029097122,00-0031260,Logan,Thomas,L.Thomas,REG,WAS,DAL,Logan Thomas,ThomLo00,0.0,0.0,0.0,79.9
2022,REG,4,00-0036628,J.Bates,TE,TE,WAS,15344,3208880b-949f-4926-85eb-1940770550ea,22833.0,42275.0,7716.0,,4048228.0,33512.0,,2257291.0,BateJo00,john-bates-1,15289.0,,,33512.0,0.0,,944038.0,John Bates,john bates,4,6,19.0,0,1.0,0.0,7.0,14.0,1.0,-2.770423,0,2.7142856,0.15,0.023489933,0.24144295,John Bates,WAS,6.3525,6.06005261668074,1.3583333333333318,2.597443987634252,66.66666666666666,19.0,0.0,3.6800000000000033,5.014727323531957,-1.3347273235319541,00-0036628,John,Bates,J.Bates,REG,WAS,DAL,John Bates,BateJo00,1.0,1.0,0.167,70.8
2022,REG,4,00-0037311,K.Kieft,TE,TE,TB,15929,f96b8338-4ffb-4612-8c29-58dc3b12db69,24568.0,,8484.0,,4034779.0,34174.0,,2239763.0,KiefKo00,ko-kieft-1,16282.0,,,34174.0,0.0,,911239.0,Ko Kieft,ko kieft,1,1,19.0,0,0.0,0.0,16.0,3.0,1.0,1.2106942,0,1.1875,0.01923077,0.049079753,0.06320198,,,,,,,,,,,,,,,,,REG,TB,KC,Ko Kieft,KiefKo00,0.0,0.0,0.0,118.7
2022,REG,4,00-0034613,T.Hudson,TE,TE,NYG,14370,2fa75e05-cac4-4b40-8924-dbc9ae0c959c,17826.0,66924.0,5409.0,,3050481.0,31257.0,,2926606.0,,,13286.0,,,31257.0,1115394.0,20506.0,1115394.0,Tanner Hudson,tanner hudson,1,2,18.0,0,0.0,0.0,23.0,8.0,1.0,0.96700037,0,0.7826087,0.13333334,0.1554054,0.30878377,,,,,,,,,,,,,,,,,,,,,,,,,
2022,REG,4,00-0035771,M.Wilcox,TE,TE,CIN,15563,b2d98b60-b4b3-4610-81d2-2154c723fdbb,19510.0,47234.0,6894.0,,3923392.0,33171.0,,2188431.0,,,14634.0,,,33171.0,0.0,21800.0,885394.0,Mitchell Wilcox,mitchell wilcox,1,1,18.0,0,0.0,0.0,3.0,15.0,1.0,1.2026454,0,6.0,0.03125,0.009230769,0.05333654,,,,,,,,,,,,,,,,,,,,,,,,,
2022,REG,4,00-0036232,H.Bryant,TE,TE,CLE,14875,f58a5899-8b78-46e8-a29a-ba6273b7d872,19389.0,26394.0,6850.0,,4040774.0,32785.0,,2241240.0,BryaHa00,harrison-bryant-1,14576.0,,752.0,32785.0,0.0,21783.0,916467.0,Harrison Bryant,harrison bryant,4,6,18.0,0,0.0,0.0,27.0,4.0,0.0,-2.9718595,0,0.6666667,0.17142858,0.09608541,0.32440263,Harrison Bryant,CLE,7.044999999999999,2.5268894124821872,4.691666666666666,9.241628365068943,66.66666666666666,18.0,0.0,0.7950000000000021,1.6869553151593095,-0.8919553151593074,00-0036232,Harrison,Bryant,H.Bryant,REG,CLE,ATL,Harrison Bryant,BryaHa00,0.0,0.0,0.0,70.1
2022,REG,4,00-0033881,E.Engram,TE,TE,JAX,13189,e21365af-8d66-416e-b0a5-8816d18fcfd9,16411.0,11778.0,4066.0,,3051876.0,30136.0,,2079887.0,EngrEv00,evan-engram-1,11805.0,12205.0,229.0,30136.0,749185.0,18912.0,749185.0,Evan Engram,evan engram,1,1,16.0,0,0.0,0.0,14.0,2.0,1.0,1.8666247,0,1.1428572,0.04347826,0.07650273,0.1187693,,,,,,,,,,,,,,,,,REG,JAX,PHI,Evan Engram,EngrEv00,0.0,0.0,0.0,118.7
2022,REG,4,00-0036290,C.Kmet,TE,TE,CHI,14867,036feeb6-9a22-43c5-a8e3-7ac611d8ff49,19229.0,60995.0,6826.0,,4258595.0,32713.0,,2868619.0,KmetCo00,cole-kmet-1,14436.0,,569.0,32713.0,0.0,21772.0,1066765.0,Cole Kmet,cole kmet,3,3,16.0,0,0.0,0.0,-7.0,23.0,1.0,0.16021705,0,0.0,0.15,-0.036458332,0.19947916,,,,,,,,,,,,,,,,,REG,CHI,NYG,Cole Kmet,KmetCo00,0.0,0.0,0.0,88.9
2022,REG,4,00-0034753,M.Andrews,TE,TE,BAL,13671,0618f387-9b72-4270-8b8f-dec4cccc9e4a,17269.0,47436.0,5012.0,,3116365.0,31056.0,,2131121.0,AndrMa00,mark-andrews-1,12559.0,13182.0,366.0,31056.0,820699.0,19803.0,820699.0,Mark Andrews,mark andrews,2,5,15.0,0,0.0,0.0,38.0,4.0,1.0,-4.585193,0,0.39473686,0.17857143,0.304,0.48065713,Mark Andrews,BAL,2.1825,2.5786988293477777,10.120000000000001,37.62641284949434,40.0,15.0,0.0,1.8199999999999967,2.371322893790307,-0.5513228937903101,00-0034753,Mark,Andrews,M.Andrews,REG,BAL,BUF,Mark Andrews,AndrMa00,0.0,0.0,0.0,8.3
2022,REG,4,00-0033090,H.Henry,TE,TE,NE,12676,705899da-3c20-4bc3-b5d0-2e6e40655131,15561.0,10669.0,3214.0,,3046439.0,29269.0,,2079848.0,HenrHu00,hunter-henry-1,10735.0,11299.0,212.0,29269.0,744425.0,17975.0,744425.0,Hunter Henry,hunter henry,2,4,13.0,0,0.0,0.0,32.0,0.0,0.0,-2.564042,0,0.40625,0.2,0.29090908,0.50363636,,,,,,,,,,,,,,,,,REG,NE,GB,Hunter Henry,HenrHu00,0.0,0.0,0.0,57.3
2022,REG,4,00-0035547,J.Fortson,TE,TE,KC,15070,a01ffd42-5fdb-42f8-95ab-157025e3fba8,18831.0,94384.0,6665.0,,4408854.0,32600.0,,3117124.0,FortJo01,,14306.0,,,32600.0,0.0,21383.0,1167484.0,Jody Fortson,jody fortson,1,1,10.0,1,0.0,0.0,7.0,3.0,1.0,2.4484968,0,1.4285715,0.029411765,0.027559055,0.063408986,,,,,,,,,,,,,,,,,REG,KC,TB,Jody Fortson,FortJo01,0.0,0.0,0.0,147.9
2022,REG,4,00-0035603,K.Blanton,TE,TE,LA,14357,b5e95ece-3b71-439b-b7b4-ae102f9e7c08,18431.0,47311.0,6081.0,,3122103.0,32125.0,,2139213.0,BlanKe01,,13711.0,14322.0,,32125.0,835674.0,21032.0,835674.0,Kendall Blanton,kendall blanton,1,1,7.0,0,0.0,0.0,6.0,1.0,0.0,0.112832196,0,1.1666666,0.020833334,0.023715414,0.04785079,,,,,,,,,,,,,,,,,REG,LA,SF,Kendall Blanton,BlanKe01,0.0,0.0,0.0,95.8
2022,REG,4,00-0038041,J.Ferguson,TE,TE,DAL,15799,f46eab3d-d7dd-4420-b3f9-6da9ac1308ab,22718.0,,8110.0,,4242355.0,34085.0,,2867159.0,FergJa00,jake-ferguson-1,15947.0,,1258.0,34085.0,0.0,,1065361.0,Jake Ferguson,jake ferguson,1,1,7.0,0,0.0,0.0,7.0,0.0,0.0,-0.7736434,0,1.0,0.03846154,0.031111112,0.07947008,,,,,,,,,,,,,,,,,REG,DAL,WAS,Jake Ferguson,FergJa00,0.0,0.0,0.0,95.8
2022,REG,4,00-0034365,I.Thomas,TE,TE,CAR,13678,ed8a8fd2-df67-45e7-a34f-984afb82f6ea,17387.0,42130.0,4995.0,,4045305.0,31071.0,,2253359.0,ThomIa00,ian-thomas-3,12858.0,13163.0,323.0,31071.0,943093.0,19910.0,943093.0,Ian Thomas,ian thomas,1,3,6.0,0,0.0,0.0,9.0,2.0,0.0,-2.1283405,0,0.6666667,0.083333336,0.042056076,0.15443926,,,,,,,,,,,,,,,,,REG,CAR,ARI,Ian Thomas,ThomIa00,0.0,2.0,0.667,42.4
2022,REG,4,00-0032392,A.Hooper,TE,TE,TEN,12677,90c2a93f-d837-4e1b-b57c-56648903a8db,15581.0,10715.0,3202.0,,3043275.0,29315.0,,2067004.0,HoopAu00,austin-hooper-1,10748.0,11301.0,384.0,29315.0,739424.0,17963.0,739424.0,Austin Hooper,austin hooper,1,1,4.0,0,0.0,0.0,3.0,1.0,1.0,1.1471288,0,1.3333334,0.04761905,0.033333335,0.09476191,,,,,,,,,,,,,,,,,REG,TEN,IND,Austin Hooper,HoopAu00,0.0,0.0,0.0,83.3
2022,REG,4,00-0037011,T.McKitty,TE,TE,LAC,15333,2ac90a86-c585-4c12-894d-a805a0c94cc3,22807.0,60896.0,7554.0,,4240023.0,33485.0,,2804040.0,McKiTr00,tre-mckitty-1,15252.0,,,33485.0,0.0,,976252.0,Tre' McKitty,tre mckitty,1,1,4.0,0,0.0,0.0,2.0,2.0,0.0,-0.5115961,0,2.0,0.027027028,0.0072202166,0.045594692,,,,,,,,,,,,,,,,,REG,LAC,HOU,Tre' McKitty,McKiTr00,0.0,0.0,0.0,83.3
2022,REG,4,00-0035222,Z.Gentry,TE,TE,PIT,14240,58f18567-a050-49c4-aeca-b34499338b37,18690.0,36049.0,6018.0,,3929924.0,31973.0,,2185708.0,GentZa00,zach-gentry-2,13511.0,14247.0,,31973.0,883079.0,20770.0,883079.0,Zach Gentry,zach gentry,1,1,2.0,0,0.0,0.0,-2.0,4.0,0.0,-0.06439846,0,0.0,0.04,-0.0060975607,0.055731706,,,,,,,,,,,,,,,,,REG,PIT,NYJ,Zach Gentry,GentZa00,0.0,0.0,0.0,79.2
2022,REG,4,00-0035644,N.Fant,TE,TE,SEA,14137,cdc98acc-9eb6-4b44-81bb-61d7b8a3b55f,17527.0,42388.0,5857.0,,4036131.0,31852.0,,2251095.0,FantNo00,noah-fant-1,13426.0,14050.0,243.0,31852.0,923911.0,20753.0,923911.0,Noah Fant,noah fant,1,1,2.0,1,0.0,0.0,1.0,1.0,1.0,0.80501026,0,2.0,0.03448276,0.0031347962,0.053918496,,,,,,,,,,,,,,,,,REG,SEA,DET,Noah Fant,FantNo00,0.0,0.0,0.0,118.7
2022,REG,4,00-0031484,C.Manhertz,TE,TE,JAX,12955,7c7b5515-7786-4e24-9ce0-34e6a8bd5727,14014.0,10211.0,3048.0,,2531358.0,28365.0,,2167520.0,ManhCh00,,10033.0,10295.0,,28365.0,563293.0,17762.0,563293.0,Chris Manhertz,chris manhertz,1,1,0.0,0,0.0,0.0,-3.0,3.0,0.0,-0.47543156,0,0.0,0.04347826,-0.016393442,0.05374198,,,,,,,,,,,,,,,,,REG,JAX,PHI,Chris Manhertz,ManhCh00,0.0,0.0,0.0,79.2
2022,REG,4,00-0033246,J.Mundt,TE,TE,MIN,13940,6414998b-5831-44aa-8bd8-39e42a323c2c,16743.0,12206.0,4314.0,,3052096.0,30373.0,,2818622.0,MundJo00,,12316.0,12525.0,,30373.0,740704.0,19165.0,740704.0,Johnny Mundt,johnny mundt,0,1,0.0,0,0.0,0.0,1.0,0.0,0.0,-1.8295215,0,0.0,0.028571429,0.003649635,0.04541189,,,,,,,,,,,,,,,,,REG,MIN,NO,Johnny Mundt,MundJo00,0.0,1.0,1.0,39.6
2022,REG,4,00-0033798,M.Schreck,TE,TE,HOU,13366,ca6c7b35-6ae1-4ba7-ae98-1f26174e407d,16541.0,12007.0,4229.0,,2972331.0,30364.0,,2818374.0,SchrMa00,mason-schreck-1,12224.0,12447.0,,30364.0,694088.0,19075.0,694088.0,Mason Schreck,mason schreck,1,1,0.0,0,0.0,0.0,2.0,-2.0,0.0,-0.99252915,0,0.0,0.028571429,0.0078125,0.048325893,,,,,,,,,,,,,,,,,REG,HOU,LAC,Mason Schreck,SchrMa00,0.0,0.0,0.0,79.2
2022,REG,4,00-0034073,R.Dwelley,TE,TE,SF,13988,70473218-5ae3-47b4-86fd-151e68f1e8b9,17886.0,20994.0,5285.0,,3120303.0,31329.0,,2924888.0,DwelRo00,,13030.0,13522.0,,31329.0,752665.0,20361.0,752665.0,Ross Dwelley,ross dwelley,0,1,0.0,0,0.0,0.0,3.0,0.0,0.0,-0.53140795,0,0.0,0.04,0.0234375,0.07640625,,,,,,,,,,,,,,,,,REG,SF,LA,Ross Dwelley,DwelRo00,0.0,0.0,0.0,39.6
2022,REG,4,00-0034383,D.Schultz,TE,TE,DAL,13772,8caec1b4-e0b6-4a84-b8c8-617d6e91ef6a,17349.0,47304.0,5001.0,,3117256.0,31107.0,,2136748.0,SchuDa00,dalton-schultz-1,12514.0,13198.0,487.0,31107.0,830523.0,19920.0,830523.0,Dalton Schultz,dalton schultz,0,3,0.0,0,0.0,0.0,17.0,0.0,0.0,-2.3309774,0,0.0,0.115384616,0.075555556,0.22596581,,,,,,,,,,,,,,,,,REG,DAL,WAS,Dalton Schultz,SchuDa00,0.0,1.0,0.333,39.6
2022,REG,4,00-0036194,D.Asiasi,TE,TE,CIN,14936,05e15d81-6bb1-49f7-b677-63475d073961,19435.0,40294.0,6956.0,,4046522.0,32761.0,,2260483.0,AsiaDe00,devin-asiasi-1,14425.0,,,32761.0,0.0,21771.0,946008.0,Devin Asiasi,devin asiasi,0,1,0.0,0,0.0,0.0,24.0,0.0,0.0,-0.38904122,0,0.0,0.03125,0.073846154,0.09856731,,,,,,,,,,,,,,,,,REG,CIN,MIA,Devin Asiasi,AsiaDe00,0.0,0.0,0.0,39.6
2022,REG,4,00-0036332,J.Deguara,TE,TE,GB,14876,7874d188-0fcd-4af9-9289-27c27e2bbd16,19456.0,47034.0,7050.0,,3914151.0,32764.0,,2181108.0,DeguJo00,josiah-deguara-1,14629.0,,,32764.0,0.0,21798.0,866149.0,Josiah Deguara,josiah deguara,0,1,0.0,0,0.0,0.0,-7.0,0.0,0.0,-0.31023338,0,0.0,0.03125,-0.023333333,0.030541666,,,,,,,,,,,,,,,,,REG,GB,NE,Josiah Deguara,DeguJo00,0.0,1.0,1.0,39.6
2022,REG,4,00-0036429,C.Woerner,TE,TE,SF,14984,527dfee0-a242-4dc7-830a-ab7028308259,19665.0,42257.0,7075.0,,4035020.0,32860.0,,2248629.0,WoerCh00,charlie-woerner-1,14608.0,,,32860.0,0.0,22119.0,922040.0,Charlie Woerner,charlie woerner,0,1,0.0,0,0.0,0.0,20.0,0.0,0.0,-0.5211981,0,0.0,0.04,0.15625,0.169375,,,,,,,,,,,,,,,,,REG,SF,LA,Charlie Woerner,WoerCh00,0.0,1.0,1.0,39.6
2022,REG,4,00-0036590,Q.Morris,TE,TE,BUF,15341,eab74cbc-ed11-46b3-bd16-1d4c997adc22,22820.0,61182.0,7536.0,,4244049.0,33819.0,,2864581.0,,,15460.0,,,33819.0,0.0,,1059680.0,Quintin Morris,quintin morris,0,1,0.0,0,0.0,0.0,6.0,0.0,0.0,-0.9678878,0,0.0,0.029411765,0.024691358,0.0614016,,,,,,,,,,,,,,,,,,,,,,,,,
2022,REG,4,00-0036637,N.Gray,TE,TE,KC,15337,c97dfcb6-b999-476f-8487-f3848e92df17,19539.0,60878.0,7828.0,,4240472.0,33550.0,,2866903.0,GrayNo00,noah-gray-1,15459.0,,1059.0,33550.0,0.0,,1056981.0,Noah Gray,noah gray,0,1,0.0,0,0.0,0.0,13.0,0.0,0.0,-0.4568446,0,0.0,0.029411765,0.051181104,0.07994442,,,,,,,,,,,,,,,,,REG,KC,TB,Noah Gray,GrayNo00,0.0,1.0,1.0,39.6
2022,REG,5,00-0034351,D.Goedert,TE,TE,PHI,13674,e8029983-87cf-49a2-bc04-04c8233a0630,17270.0,47272.0,5022.0,,3121023.0,31019.0,,2132551.0,GoedDa00,,12860.0,13151.0,382.0,31019.0,791365.0,19863.0,791365.0,Dallas Goedert,dallas goedert,8,9,95.0,0,0.0,0.0,37.0,68.0,5.0,7.844209,0,2.5675676,0.2647059,0.2983871,0.6059298,Dallas Goedert,PHI,8.08,3.683339341996854,3.9566666666666666,27.31875719217492,88.88888888888889,95.0,0.0,8.75,5.986220422313366,2.763779577686634,00-0034351,Dallas,Goedert,D.Goedert,REG,PHI,ARI,Dallas Goedert,GoedDa00,1.0,0.0,0.0,110.6
2022,REG,5,00-0034753,M.Andrews,TE,TE,BAL,13671,0618f387-9b72-4270-8b8f-dec4cccc9e4a,17269.0,47436.0,5012.0,,3116365.0,31056.0,,2131121.0,AndrMa00,mark-andrews-1,12559.0,13182.0,366.0,31056.0,820699.0,19803.0,820699.0,Mark Andrews,mark andrews,8,10,89.0,1,0.0,0.0,64.0,37.0,5.0,6.9322186,0,1.390625,0.37037036,0.2509804,0.7312418,Mark Andrews,BAL,7.256250000000001,3.6466523564557476,6.098,24.588709677419352,80.0,89.0,1.0,5.187500000000001,4.706709494934272,0.4807905050657286,00-0034753,Mark,Andrews,M.Andrews,REG,BAL,CIN,Mark Andrews,AndrMa00,0.0,0.0,0.0,137.1
2022,REG,5,00-0033885,D.Njoku,TE,TE,CLE,13192,8f86fcea-90e8-49ea-bc78-5c7659313e57,16399.0,11784.0,4033.0,,3123076.0,30142.0,,2136474.0,NjokDa00,david-njoku-1,11734.0,12186.0,252.0,30142.0,832098.0,18876.0,832098.0,David Njoku,david njoku,6,6,88.0,0,0.0,0.0,52.0,36.0,5.0,7.7264767,0,1.6923077,0.1875,0.16883117,0.39943182,David Njoku,CLE,6.121666666666667,2.195879083571984,8.135,14.975608259442213,100.0,88.0,0.0,6.531666666666666,4.165577178688248,2.3660894879784182,00-0033885,David,Njoku,D.Njoku,REG,CLE,LAC,David Njoku,NjokDa00,0.0,0.0,0.0,118.7
2022,REG,5,00-0033881,E.Engram,TE,TE,JAX,13189,e21365af-8d66-416e-b0a5-8816d18fcfd9,16411.0,11778.0,4066.0,,3051876.0,30136.0,,2079887.0,EngrEv00,evan-engram-1,11805.0,12205.0,229.0,30136.0,749185.0,18912.0,749185.0,Evan Engram,evan engram,6,10,69.0,0,0.0,0.0,116.0,19.0,2.0,-1.2668763,0,0.5948276,0.22727273,0.27884614,0.5361014,Evan Engram,JAX,8.4825,3.412595495418766,12.123000000000001,25.96765556388563,60.0,69.0,0.0,3.9083333333333328,3.611722910818154,0.29661042251517866,00-0033881,Evan,Engram,E.Engram,REG,JAX,HOU,Evan Engram,EngrEv00,0.0,1.0,0.1,80.8
2022,REG,5,00-0033090,H.Henry,TE,TE,NE,12676,705899da-3c20-4bc3-b5d0-2e6e40655131,15561.0,10669.0,3214.0,,3046439.0,29269.0,,2079848.0,HenrHu00,hunter-henry-1,10735.0,11299.0,212.0,29269.0,744425.0,17975.0,744425.0,Hunter Henry,hunter henry,4,5,54.0,0,0.0,0.0,35.0,25.0,4.0,4.174316,0,1.5428572,0.23809524,0.19125684,0.49102265,Hunter Henry,NE,2.9975,3.87057152235809,6.503999999999998,20.294558162755862,80.0,54.0,0.0,6.917500000000002,9.262556922666686,-2.345056922666684,00-0033090,Hunter,Henry,H.Henry,REG,NE,DET,Hunter Henry,HenrHu00,0.0,0.0,0.0,111.7
2022,REG,5,00-0034830,H.Hurst,TE,TE,CIN,13680,1b125fc4-5dd9-4eb9-a42f-048e61ca42b7,17283.0,47294.0,4973.0,,3924365.0,30995.0,,2185053.0,HursHa00,hayden-hurst-1,12467.0,13098.0,8.0,30995.0,881956.0,19843.0,881956.0,Hayden Hurst,hayden hurst,6,7,53.0,1,0.0,0.0,36.0,18.0,2.0,2.5894756,0,1.4722222,0.20588236,0.31304348,0.527954,Hayden Hurst,CIN,3.844,6.325963286659799,4.765714285714284,24.86583184257603,85.71428571428571,53.0,1.0,3.531666666666668,5.235267780989944,-1.703601114323276,00-0034830,Hayden,Hurst,H.Hurst,REG,CIN,BAL,Hayden Hurst,HursHa00,1.0,0.0,0.0,137.8
2022,REG,5,00-0035644,N.Fant,TE,TE,SEA,14137,cdc98acc-9eb6-4b44-81bb-61d7b8a3b55f,17527.0,42388.0,5857.0,,4036131.0,31852.0,,2251095.0,FantNo00,noah-fant-1,13426.0,14050.0,243.0,31852.0,923911.0,20753.0,923911.0,Noah Fant,noah fant,3,5,49.0,0,0.0,0.0,52.0,11.0,2.0,0.7355972,0,0.9423077,0.20833333,0.16993465,0.43145424,Noah Fant,SEA,8.136,2.064641576024457,10.218,16.530235868897016,60.0,49.0,0.0,4.0,5.003497634373313,-1.0034976343733133,00-0035644,Noah,Fant,N.Fant,REG,SEA,NO,Noah Fant,FantNo00,0.0,0.0,0.0,92.9
2022,REG,5,00-0030061,Z.Ertz,TE,TE,ARI,11247,de3421f7-2147-4835-89a5-724e87bad463,11689.0,7816.0,1339.0,zachertz/2540158,15835.0,26658.0,,1685963.0,ErtzZa00,zach-ertz-1,8781.0,8409.0,305.0,26658.0,503177.0,14856.0,503177.0,Zach Ertz,zach ertz,6,10,48.0,0,0.0,0.0,98.0,16.0,4.0,0.12513617,0,0.48979592,0.2631579,0.334471,0.62886655,Zach Ertz,ARI,5.8066666666666675,3.278108989228488,8.080000000000002,31.202934929523085,60.0,48.0,0.0,2.988333333333332,4.543068908752541,-1.5547355754192087,00-0030061,Zachary,Ertz,Z.Ertz,REG,ARI,PHI,Zach Ertz,ErtzZa00,0.0,0.0,0.0,72.1
2022,REG,5,00-0033288,G.Kittle,TE,TE,SF,13299,2ada91b0-036e-454f-83c3-6d939ff584a9,16499.0,11901.0,4217.0,,3040151.0,30259.0,,2818265.0,KittGe00,george-kittle-1,11892.0,12276.0,298.0,30259.0,733672.0,19063.0,733672.0,George Kittle,george kittle,5,6,47.0,0,1.0,1.0,35.0,16.0,2.0,-0.8340172,0,1.3428571,0.2,0.1521739,0.40652174,George Kittle,SF,3.855,1.6260175062446969,5.659999999999999,14.626582823671288,83.33333333333334,47.0,0.0,2.9560000000000004,3.49338106033897,-0.5373810603389697,00-0033288,George,Kittle,G.Kittle,REG,SF,CAR,George Kittle,KittGe00,0.0,0.0,0.0,99.3
2022,REG,5,00-0033110,T.Higbee,TE,TE,LA,12678,0df7912d-9e81-47ea-b4f7-d04986df4ee8,15623.0,10744.0,3271.0,,2573401.0,29344.0,,1853103.0,HigbTy00,tyler-higbee-1,10854.0,11430.0,159.0,29344.0,604176.0,18032.0,604176.0,Tyler Higbee,tyler higbee,7,10,46.0,0,0.0,0.0,37.0,17.0,3.0,2.5378156,0,1.2432432,0.23809524,0.10882353,0.43331933,Tyler Higbee,LAR,5.7225,2.287827438684391,3.3870000000000005,11.98683465458664,70.0,46.0,0.0,2.538571428571429,2.3266174451496062,0.21195398342182292,00-0033110,Tyler,Higbee,T.Higbee,REG,LA,DAL,Tyler Higbee,HigbTy00,1.0,1.0,0.1,79.6
2022,REG,5,00-0036290,C.Kmet,TE,TE,CHI,14867,036feeb6-9a22-43c5-a8e3-7ac611d8ff49,19229.0,60995.0,6826.0,,4258595.0,32713.0,,2868619.0,KmetCo00,cole-kmet-1,14436.0,,569.0,32713.0,0.0,21772.0,1066765.0,Cole Kmet,cole kmet,4,4,45.0,0,0.0,0.0,24.0,21.0,2.0,3.596575,0,1.875,0.1904762,0.13872832,0.38282412,,,,,,,,,,,,,,,,,REG,CHI,MIN,Cole Kmet,KmetCo00,0.0,0.0,0.0,113.5
2022,REG,5,00-0035222,Z.Gentry,TE,TE,PIT,14240,58f18567-a050-49c4-aeca-b34499338b37,18690.0,36049.0,6018.0,,3929924.0,31973.0,,2185708.0,GentZa00,zach-gentry-2,13511.0,14247.0,,31973.0,883079.0,20770.0,883079.0,Zach Gentry,zach gentry,5,6,43.0,0,0.0,0.0,20.0,26.0,4.0,2.7902496,0,2.15,0.11764706,0.055096418,0.21503808,Zach Gentry,PIT,5.678,3.860486465188482,3.0666666666666664,4.896872920825016,83.33333333333334,43.0,0.0,5.864,5.369740215450429,0.49425978454957065,00-0035222,Zach,Gentry,Z.Gentry,REG,PIT,BUF,Zach Gentry,GentZa00,0.0,0.0,0.0,96.5
2022,REG,5,00-0038129,C.Otton,TE,TE,TB,15802,f23517bd-ae85-484a-8ecb-1f7a2d851e48,23181.0,,8111.0,,4243331.0,34062.0,,2815179.0,OttoCa00,cade-otton-1,16032.0,,1261.0,34062.0,0.0,,1049263.0,Cade Otton,cade otton,6,7,43.0,0,0.0,0.0,25.0,15.0,2.0,1.8505951,0,1.72,0.14,0.07225434,0.26057804,Cade Otton,TB,7.4383333333333335,3.163917753913374,3.3299999999999983,7.136078371345472,85.71428571428571,43.0,0.0,2.693333333333335,2.729224812771065,-0.035891479437729856,00-0038129,Cade,Otton,C.Otton,REG,TB,ATL,Cade Otton,OttoCa00,0.0,1.0,0.143,92.3
2022,REG,5,00-0034970,I.Smith,TE,TE,MIN,14141,ed0e6a30-83d5-4f4b-bf49-f7ff80e21304,18610.0,42060.0,6126.0,,4040980.0,31882.0,,2257888.0,SmitIr01,irv-smith-jr-1,13583.0,14052.0,,31882.0,944428.0,20949.0,944428.0,Irv Smith,irv smith,4,5,42.0,0,0.0,0.0,21.0,19.0,2.0,0.39207405,0,2.0,0.12820514,0.13043478,0.28361204,Irv Smith,MIN,6.8774999999999995,6.900076531000154,4.4159999999999995,13.0450194966324,80.0,42.0,0.0,4.925000000000001,4.808953378314982,0.11604662168501889,00-0034970,Irvin,Smith,I.Smith,REG,MIN,CHI,Irv Smith Jr.,SmitIr01,0.0,0.0,0.0,101.7
2022,REG,5,00-0036590,Q.Morris,TE,TE,BUF,15341,eab74cbc-ed11-46b3-bd16-1d4c997adc22,22820.0,61182.0,7536.0,,4244049.0,33819.0,,2864581.0,,,15460.0,,,33819.0,0.0,,1059680.0,Quintin Morris,quintin morris,3,5,39.0,0,1.0,1.0,36.0,28.0,2.0,-3.9863777,0,1.0833334,0.1388889,0.07964602,0.26408553,Quintin Morris,BUF,9.33,5.058011012969016,8.146,9.33339444075254,60.0,39.0,0.0,9.606666666666667,9.575847228531984,0.030819438134683352,00-0036590,Quintin,Morris,Q.Morris,,,,,,,,,
2022,REG,5,00-0036628,J.Bates,TE,TE,WAS,15344,3208880b-949f-4926-85eb-1940770550ea,22833.0,42275.0,7716.0,,4048228.0,33512.0,,2257291.0,BateJo00,john-bates-1,15289.0,,,33512.0,0.0,,944038.0,John Bates,john bates,3,3,39.0,0,0.0,0.0,25.0,14.0,1.0,2.3022509,0,1.56,0.08108108,0.071633235,0.1717649,,,,,,,,,,,,,,,,,REG,WAS,TEN,John Bates,BateJo00,0.0,0.0,0.0,118.7
2022,REG,5,00-0033576,E.Saubert,TE,TE,DEN,13315,582dc00e-e7ec-4ca7-bff0-f7b1d604017b,16706.0,11929.0,4189.0,,2975863.0,30287.0,,2001018.0,SaubEr00,,11897.0,12300.0,,30287.0,694931.0,19035.0,694931.0,Eric Saubert,eric saubert,5,7,36.0,0,0.0,0.0,33.0,20.0,2.0,0.32800132,0,1.0909091,0.18421052,0.088709675,0.33841255,Eric Saubert,DEN,4.746666666666667,3.9983065443224923,5.752857142857144,10.567334942794163,71.42857142857143,36.0,0.0,4.324,3.4509029057249334,0.8730970942750664,00-0033576,Eric,Saubert,E.Saubert,REG,DEN,IND,Eric Saubert,SaubEr00,0.0,1.0,0.143,83.0
2022,REG,5,00-0036422,A.Trautman,TE,TE,NO,14870,4e14183b-f974-4745-9d7f-8f5eb2a92a7d,19423.0,109795.0,6869.0,,3911853.0,32775.0,,2182228.0,TrauAd00,,14541.0,,566.0,32775.0,0.0,21786.0,875444.0,Adam Trautman,adam trautman,2,3,32.0,1,0.0,0.0,40.0,7.0,1.0,1.683217,0,0.8,0.12,0.2,0.32,,,,,,,,,,,,,,,,,REG,NO,SEA,Adam Trautman,TrauAd00,0.0,1.0,0.333,141.7
2022,REG,5,00-0034829,M.Gesicki,TE,TE,MIA,13672,1012cbe0-7eba-4169-bfca-183a0204e1a7,17272.0,47153.0,4993.0,,3116164.0,31012.0,,2139298.0,GesiMi00,mike-gesicki-1,12764.0,13104.0,330.0,31012.0,836152.0,19853.0,836152.0,Mike Gesicki,mike gesicki,1,2,30.0,0,0.0,0.0,31.0,4.0,1.0,0.5270649,0,0.9677419,0.0625,0.13963965,0.19149774,,,,,,,,,,,,,,,,,REG,MIA,NYJ,Mike Gesicki,GesiMi00,0.0,1.0,0.5,95.8
2022,REG,5,00-0035956,G.Ricci,TE,TE,CAR,15054,689de342-1d99-4a4d-976d-f6573ef3a8c2,19756.0,13756.0,7216.0,,3916749.0,33151.0,,2189091.0,,,14785.0,,,33151.0,0.0,21732.0,885940.0,Giovanni Ricci,giovanni ricci,3,3,27.0,0,0.0,0.0,17.0,10.0,0.0,0.58139604,0,1.5882353,0.075,0.05,0.1475,,,,,,,,,,,,,,,,,,,,,,,,,
2022,REG,5,00-0030506,T.Kelce,TE,TE,KC,11244,c3859e06-5f23-4302-a71b-04820a899d5f,11594.0,7844.0,1466.0,traviskelce/2540258,15847.0,26686.0,,1725130.0,KelcTr00,travis-kelce-1,8783.0,8411.0,264.0,26686.0,448240.0,15048.0,448240.0,Travis Kelce,travis kelce,7,8,25.0,4,0.0,0.0,52.0,12.0,5.0,6.1534414,0,0.48076922,0.1904762,0.18978103,0.418561,Travis Kelce,KC,4.4816666666666665,2.0627812913035304,7.67625,21.457772808274207,87.5,25.0,4.0,1.8785714285714283,1.4028746074116367,0.4756968211597916,00-0030506,Travis,Kelce,T.Kelce,REG,KC,LV,Travis Kelce,KelcTr00,3.0,0.0,0.0,119.3
2022,REG,5,00-0033757,R.Tonyan,TE,TE,GB,13427,7c9c7800-69d0-459b-812b-a07ac48e9f2a,16502.0,12193.0,4602.0,,2975674.0,30777.0,,2820026.0,TonyRo00,,12389.0,12868.0,,30777.0,660151.0,19491.0,660151.0,Robert Tonyan,robert tonyan,4,4,23.0,0,0.0,0.0,-6.0,29.0,3.0,1.8769375,0,0.0,0.102564104,-0.020618556,0.13941316,,,,,,,,,,,,,,,,,REG,GB,NYG,Robert Tonyan,TonyRo00,0.0,0.0,0.0,90.6
2022,REG,5,00-0034364,J.Akins,TE,TE,HOU,13753,0cb5a32a-a340-4671-ba2a-93f5fa6aee8d,17415.0,47050.0,5032.0,,3128452.0,31068.0,,2142712.0,AkinJo00,jordan-akins-1,12568.0,13238.0,,31068.0,838396.0,19903.0,838396.0,Jordan Akins,jordan akins,2,2,22.0,0,0.0,0.0,13.0,9.0,2.0,3.587127,0,1.6923077,0.083333336,0.09848485,0.19393939,,,,,,,,,,,,,,,,,REG,HOU,JAX,Jordan Akins,AkinJo00,0.0,0.0,0.0,112.5
2022,REG,5,00-0038115,D.Bellinger,TE,TE,NYG,15873,42a1c03e-790e-46ba-b0d5-d304e44c02c7,24238.0,,8225.0,,4361516.0,34068.0,,2963615.0,BellDa00,daniel-bellinger-1,16036.0,,1322.0,34068.0,0.0,,1122035.0,Daniel Bellinger,daniel bellinger,2,3,22.0,0,0.0,0.0,8.0,10.0,2.0,1.6884176,0,2.75,0.115384616,0.05839416,0.21395284,,,,,,,,,,,,,,,,,REG,NYG,GB,Daniel Bellinger,BellDa00,0.0,0.0,0.0,88.2
2022,REG,5,00-0034159,W.Dissly,TE,TE,SEA,13763,383f4814-6836-4766-a297-fc063e8509cc,18049.0,30762.0,5010.0,,3127292.0,31090.0,,2139628.0,DissWi00,will-dissly-1,12986.0,13246.0,86.0,31090.0,837806.0,19950.0,837806.0,Will Dissly,will dissly,2,3,21.0,0,0.0,0.0,14.0,12.0,1.0,0.77077675,0,1.5,0.125,0.045751635,0.21952614,,,,,,,,,,,,,,,,,REG,SEA,NO,Will Dissly,DissWi00,0.0,1.0,0.333,86.8
2022,REG,5,00-0034011,D.Arnold,TE,TE,JAX,13880,d479a777-b53b-4bbf-a8e4-0c1675ac48df,17143.0,51842.0,4741.0,,4212989.0,30891.0,,2835170.0,ArnoDa00,,12276.0,12972.0,,30891.0,1053627.0,19659.0,1053627.0,Dan Arnold,dan arnold,1,2,20.0,0,0.0,0.0,20.0,4.0,1.0,0.80484676,0,1.0,0.045454547,0.048076924,0.10183566,,,,,,,,,,,,,,,,,REG,JAX,HOU,Dan Arnold,ArnoDa00,0.0,1.0,0.5,85.4
2022,REG,5,00-0035562,J.Horsted,TE,TE,LV,14752,48c56733-6644-42ee-9020-07bd2deba1ad,18482.0,91465.0,6075.0,,3940587.0,32576.0,,3117107.0,,,13639.0,,,32576.0,0.0,20812.0,881708.0,Jesper Horsted,jesper horsted,3,3,19.0,0,0.0,0.0,13.0,6.0,0.0,0.61172116,0,1.4615384,0.11111111,0.043771043,0.1973064,,,,,,,,,,,,,,,,,,,,,,,,,
2022,REG,5,00-0036332,J.Deguara,TE,TE,GB,14876,7874d188-0fcd-4af9-9289-27c27e2bbd16,19456.0,47034.0,7050.0,,3914151.0,32764.0,,2181108.0,DeguJo00,josiah-deguara-1,14629.0,,,32764.0,0.0,21798.0,866149.0,Josiah Deguara,josiah deguara,2,2,19.0,0,0.0,0.0,2.0,17.0,1.0,1.6286786,0,9.5,0.051282052,0.0068728523,0.081734076,,,,,,,,,,,,,,,,,REG,GB,NYG,Josiah Deguara,DeguJo00,0.0,0.0,0.0,106.2
2022,REG,5,00-0036876,K.Granson,TE,TE,IND,15419,bcc0167c-05fd-4b23-981e-60b8784ceb33,22841.0,40630.0,7602.0,,4039160.0,33515.0,,2247146.0,GranKy00,kylen-granson-1,15245.0,,1119.0,33515.0,0.0,,921050.0,Kylen Granson,kylen granson,1,3,16.0,0,0.0,0.0,19.0,11.0,1.0,-5.439525,0,0.84210527,0.083333336,0.07630522,0.17841366,,,,,,,,,,,,,,,,,REG,IND,DEN,Kylen Granson,GranKy00,0.0,0.0,0.0,12.5
2022,REG,5,00-0031484,C.Manhertz,TE,TE,JAX,12955,7c7b5515-7786-4e24-9ce0-34e6a8bd5727,14014.0,10211.0,3048.0,,2531358.0,28365.0,,2167520.0,ManhCh00,,10033.0,10295.0,,28365.0,563293.0,17762.0,563293.0,Chris Manhertz,chris manhertz,2,2,15.0,0,0.0,0.0,6.0,9.0,1.0,0.9477768,0,2.5,0.045454547,0.014423077,0.078277975,,,,,,,,,,,,,,,,,REG,JAX,HOU,Chris Manhertz,ManhCh00,0.0,0.0,0.0,97.9
2022,REG,5,00-0036040,J.Johnson,TE,TE,NO,14861,0226b03b-f91d-4223-9813-9fcd2e9c3acc,19562.0,28305.0,7002.0,,3929645.0,33113.0,,2186637.0,JohnJu02,,14630.0,,575.0,33113.0,0.0,21738.0,884609.0,Juwan Johnson,juwan johnson,1,2,13.0,0,0.0,0.0,12.0,8.0,1.0,-0.005696611,0,1.0833334,0.08,0.06,0.162,,,,,,,,,,,,,,,,,REG,NO,SEA,Juwan Johnson,JohnJu02,0.0,0.0,0.0,70.8
2022,REG,5,00-0032134,C.Uzomah,TE,TE,NYJ,12317,19858900-5c8e-49a7-ab02-34ef625724ca,14084.0,9590.0,2460.0,c.j.uzomah/2552559,2574576.0,28545.0,,2174118.0,UzomC.00,cj-uzomah-1,10462.0,10534.0,,28545.0,593305.0,16917.0,593305.0,C.J. Uzomah,cj uzomah,2,2,12.0,0,0.0,0.0,5.0,7.0,0.0,-0.38727373,0,2.4,0.0952381,0.02538071,0.16062364,,,,,,,,,,,,,,,,,REG,NYJ,MIA,C.J. Uzomah,UzomC.00,0.0,0.0,0.0,91.7
2022,REG,5,00-0036894,P.Freiermuth,TE,TE,PIT,15331,04f0fefe-9d9d-44f5-94ea-6df2a42df3c6,20163.0,84085.0,7600.0,,4361411.0,33443.0,,2961270.0,FreiPa00,pat-freiermuth-1,15267.0,,1053.0,33443.0,0.0,,1116662.0,Pat Freiermuth,pat freiermuth,2,2,12.0,0,0.0,0.0,8.0,4.0,0.0,-0.43509385,0,1.5,0.039215688,0.022038568,0.07425053,,,,,,,,,,,,,,,,,REG,PIT,BUF,Pat Freiermuth,FreiPa00,0.0,0.0,0.0,91.7
2022,REG,5,00-0037304,C.Heyward,TE,TE,PIT,15800,62e96d7c-e4dd-4a90-8c3a-8017eb69120d,24562.0,,8181.0,,4241961.0,34163.0,,2867599.0,HeywCo00,connor-heyward-1,15916.0,,,34163.0,0.0,,1057457.0,Connor Heyward,connor heyward,2,2,12.0,0,0.0,0.0,10.0,2.0,1.0,1.1280141,0,1.2,0.039215688,0.027548209,0.078107275,,,,,,,,,,,,,,,,,REG,PIT,BUF,Connor Heyward,HeywCo00,0.0,0.0,0.0,91.7
2022,REG,5,00-0033455,A.Firkser,TE,TE,ATL,13919,b0719e3d-199b-46e5-a2b4-1091f6fd5c0d,16787.0,51837.0,4435.0,,3049698.0,30571.0,,2818971.0,FirkAn00,,12235.0,12691.0,,30571.0,767297.0,19296.0,767297.0,Anthony Firkser,anthony firkser,1,1,11.0,0,0.0,0.0,11.0,0.0,1.0,2.260065,0,1.0,0.041666668,0.051643193,0.09865023,,,,,,,,,,,,,,,,,REG,ATL,TB,Anthony Firkser,FirkAn00,0.0,0.0,0.0,112.5
2022,REG,5,00-0035572,P.Hesse,TE,TE,ATL,15564,5aab93f1-bc81-4d83-b105-d579a14eb349,19067.0,48369.0,6662.0,,3144991.0,32588.0,,3117115.0,,,14295.0,,,32588.0,0.0,21569.0,846264.0,Parker Hesse,parker hesse,1,1,9.0,0,0.0,0.0,6.0,3.0,0.0,0.78442353,0,1.5,0.041666668,0.028169014,0.08221831,,,,,,,,,,,,,,,,,,,,,,,,,
2022,REG,5,00-0034365,I.Thomas,TE,TE,CAR,13678,ed8a8fd2-df67-45e7-a34f-984afb82f6ea,17387.0,42130.0,4995.0,,4045305.0,31071.0,,2253359.0,ThomIa00,ian-thomas-3,12858.0,13163.0,323.0,31071.0,943093.0,19910.0,943093.0,Ian Thomas,ian thomas,2,2,8.0,0,0.0,0.0,-4.0,12.0,0.0,-0.2272122,0,0.0,0.05,-0.011764706,0.066764705,,,,,,,,,,,,,,,,,REG,CAR,SF,Ian Thomas,ThomIa00,0.0,0.0,0.0,83.3
2022,REG,5,00-0034798,D.Smythe,TE,TE,MIA,13676,7e42a22a-c47b-4387-aeeb-2cc2e76dc1d8,17508.0,47257.0,5008.0,,3052897.0,31093.0,,2082845.0,SmytDu00,durham-smythe-1,12807.0,13249.0,,31093.0,749968.0,19943.0,749968.0,Durham Smythe,durham smythe,1,1,8.0,0,0.0,0.0,6.0,2.0,1.0,0.45066187,0,1.3333334,0.03125,0.027027028,0.06579392,,,,,,,,,,,,,,,,,REG,MIA,NYJ,Durham Smythe,SmytDu00,0.0,0.0,0.0,100.0
2022,REG,5,00-0032392,A.Hooper,TE,TE,TEN,12677,90c2a93f-d837-4e1b-b57c-56648903a8db,15581.0,10715.0,3202.0,,3043275.0,29315.0,,2067004.0,HoopAu00,austin-hooper-1,10748.0,11301.0,384.0,29315.0,739424.0,17963.0,739424.0,Austin Hooper,austin hooper,1,1,7.0,0,0.0,0.0,7.0,0.0,1.0,2.284654,0,1.0,0.04347826,0.035,0.08971739,,,,,,,,,,,,,,,,,REG,TEN,WAS,Austin Hooper,HoopAu00,0.0,0.0,0.0,95.8
2022,REG,5,00-0033217,M.Alie-Cox,TE,TE,IND,13246,8809c0dd-786b-4255-a7d0-333c9498c19a,16579.0,12078.0,4054.0,moalie-cox/2558832,2998565.0,30112.0,,2815925.0,AlieMo00,,12196.0,12221.0,195.0,30112.0,712506.0,18900.0,712506.0,Mo Alie-Cox,mo alie-cox,1,1,7.0,0,0.0,0.0,3.0,4.0,0.0,-0.4361932,0,2.3333333,0.027777778,0.012048192,0.0501004,,,,,,,,,,,,,,,,,REG,IND,DEN,Mo Alie-Cox,AlieMo00,0.0,0.0,0.0,95.8
2022,REG,5,00-0036637,N.Gray,TE,TE,KC,15337,c97dfcb6-b999-476f-8487-f3848e92df17,19539.0,60878.0,7828.0,,4240472.0,33550.0,,2866903.0,GrayNo00,noah-gray-1,15459.0,,1059.0,33550.0,0.0,,1056981.0,Noah Gray,noah gray,1,2,7.0,0,0.0,0.0,4.0,10.0,0.0,-0.3732747,0,1.75,0.04761905,0.01459854,0.08164755,,,,,,,,,,,,,,,,,REG,KC,LV,Noah Gray,GrayNo00,0.0,0.0,0.0,58.3
2022,REG,5,00-0037838,I.Likely,TE,TE,BAL,15798,f9279edb-cfa7-4f7d-91df-b81cbf3e133e,23781.0,,8131.0,,4361050.0,34095.0,,2961906.0,LikeIs00,isaiah-likely-1,16033.0,,1257.0,34095.0,0.0,,1125111.0,Isaiah Likely,isaiah likely,2,2,7.0,0,0.0,0.0,-1.0,8.0,0.0,-1.2255611,0,0.0,0.074074075,-0.003921569,0.10836601,,,,,,,,,,,,,,,,,REG,BAL,CIN,Isaiah Likely,LikeIs00,0.0,0.0,0.0,81.2
2022,REG,5,00-0033246,J.Mundt,TE,TE,MIN,13940,6414998b-5831-44aa-8bd8-39e42a323c2c,16743.0,12206.0,4314.0,,3052096.0,30373.0,,2818622.0,MundJo00,,12316.0,12525.0,,30373.0,740704.0,19165.0,740704.0,Johnny Mundt,johnny mundt,2,2,6.0,0,0.0,0.0,-4.0,10.0,0.0,-0.8821333,0,0.0,0.051282052,-0.024844721,0.059531774,,,,,,,,,,,,,,,,,REG,MIN,CHI,Johnny Mundt,MundJo00,0.0,0.0,0.0,79.2
2022,REG,5,00-0033798,M.Schreck,TE,TE,HOU,13366,ca6c7b35-6ae1-4ba7-ae98-1f26174e407d,16541.0,12007.0,4229.0,,2972331.0,30364.0,,2818374.0,SchrMa00,mason-schreck-1,12224.0,12447.0,,30364.0,694088.0,19075.0,694088.0,Mason Schreck,mason schreck,1,1,6.0,0,0.0,0.0,4.0,2.0,0.0,0.3370281,0,1.5,0.041666668,0.030303031,0.08371212,,,,,,,,,,,,,,,,,REG,HOU,JAX,Mason Schreck,SchrMa00,0.0,0.0,0.0,91.7
2022,REG,5,00-0035229,T.Hockenson,TE,TE,DET,14138,bd1120b6-38b3-4225-a4b0-20660a149d0d,18290.0,40912.0,5844.0,,4036133.0,31840.0,,2251097.0,HockTJ00,tj-hockenson-1,13610.0,14051.0,247.0,31840.0,923915.0,20805.0,923915.0,T.J. Hockenson,tj hockenson,1,4,6.0,0,0.0,0.0,46.0,1.0,0.0,-5.6626563,0,0.13043478,0.12903225,0.16911764,0.31193075,,,,,,,,,,,,,,,,,REG,DET,NE,T.J. Hockenson,HockTJ00,0.0,0.0,0.0,0.0
2022,REG,5,00-0032141,G.Swaim,TE,TE,TEN,12378,d0f9112d-2496-450a-9fc5-d2d01b4d2454,14164.0,9679.0,2545.0,geoffswaim/2553454,3046704.0,28634.0,,2174207.0,SwaiGe00,geoff-swaim-1,10507.0,10617.0,,28634.0,728021.0,17005.0,728021.0,Geoff Swaim,geoff swaim,1,1,5.0,0,0.0,0.0,5.0,0.0,0.0,0.21616876,0,1.0,0.04347826,0.025,0.08271739,,,,,,,,,,,,,,,,,REG,TEN,WAS,Geoff Swaim,SwaiGe00,0.0,0.0,0.0,87.5
2022,REG,5,00-0036423,A.Okwuegbunam,TE,TE,DEN,14873,617aee8a-70be-4bdf-9a71-2e2b74e647e6,18246.0,41933.0,6843.0,,4035115.0,32788.0,,2245117.0,OkwuAl00,albert-okwuegbunam-1,14369.0,,,32788.0,0.0,21794.0,920077.0,Albert Okwuegbunam,albert okwuegbunam,1,1,5.0,0,0.0,0.0,-2.0,7.0,0.0,0.122464575,0,0.0,0.02631579,-0.005376344,0.03571024,,,,,,,,,,,,,,,,,REG,DEN,IND,Albert Okwuegbunam,OkwuAl00,0.0,0.0,0.0,87.5
2022,REG,5,00-0035345,C.Myarick,TE,TE,NYG,15620,002adaa8-5dc2-4b4b-95bc-53a38dce3849,19098.0,47358.0,6529.0,,3138744.0,32442.0,,3117054.0,,,14282.0,,,32442.0,0.0,21531.0,838318.0,Chris Myarick,chris myarick,1,1,4.0,0,0.0,0.0,-2.0,6.0,0.0,-0.147686,0,0.0,0.03846154,-0.01459854,0.04747333,,,,,,,,,,,,,,,,,,,,,,,,,
2022,REG,5,00-0024243,M.Lewis,TE,TE,GB,8269,9c21e9af-681c-41ef-9b00-fbc9e1668ed1,9413.0,2973.0,111.0,marcedeslewis/2495888,9614.0,7777.0,4007.0,415313.0,LewiMa00,marcedes-lewis-1,4891.0,3615.0,,7777.0,214197.0,3061.0,214197.0,Marcedes Lewis,marcedes lewis,1,1,2.0,1,0.0,0.0,2.0,0.0,1.0,1.0439267,0,1.0,0.025641026,0.0068728523,0.043272536,,,,,,,,,,,,,,,,,REG,GB,NYG,Marcedes Lewis,LewiMa00,0.0,0.0,0.0,118.7
2022,REG,5,00-0033895,G.Everett,TE,TE,LAC,13236,ebeceb00-57e0-4b74-9cf7-853da2afed18,16459.0,11799.0,4089.0,,3918639.0,30157.0,,2142692.0,EverGe00,gerald-everett-1,11737.0,12284.0,55.0,30157.0,838487.0,18935.0,838487.0,Gerald Everett,gerald everett,1,3,2.0,0,0.0,0.0,24.0,0.0,0.0,-1.6249218,0,0.083333336,0.09090909,0.13559322,0.2312789,,,,,,,,,,,,,,,,,REG,LAC,CLE,Gerald Everett,EverGe00,0.0,2.0,0.667,42.4
2022,REG,5,00-0030108,R.Griffin,TE,TE,CHI,11399,cb1df42c-b59c-4e23-a9a2-fbfc2b39ef71,11830.0,7982.0,1425.0,ryangriffin/2541316,15887.0,26824.0,,2057695.0,GrifRy00,ryan-griffin-1,8911.0,8600.0,,26824.0,465129.0,14985.0,465129.0,Ryan Griffin,ryan griffin,1,1,1.0,0,0.0,0.0,0.0,1.0,0.0,-0.61684525,0,0.0,0.04761905,0.0,0.071428575,,,,,,,,,,,,,,,,,REG,CHI,MIN,Ryan Griffin,GrifRy00,0.0,0.0,0.0,79.2
2022,REG,5,00-0027981,K.Rudolph,TE,TE,TB,10312,1059e9dc-97df-4643-9116-883a0573d8b1,9906.0,6195.0,943.0,kylerudolph/2495438,14054.0,24830.0,7444.0,1633122.0,RudoKy00,kyle-rudolph-1,7246.0,6459.0,,24830.0,469472.0,13275.0,469472.0,Kyle Rudolph,kyle rudolph,0,1,0.0,0,0.0,0.0,6.0,0.0,0.0,-0.7902157,0,0.0,0.02,0.01734104,0.04213873,,,,,,,,,,,,,,,,,REG,TB,ATL,Kyle Rudolph,RudoKy00,0.0,0.0,0.0,39.6
2022,REG,5,00-0031690,E.Tomlinson,TE,TE,DEN,13065,b3d7169b-9cf6-4fea-815a-26e4fb0ec16a,14339.0,9786.0,2755.0,,2511973.0,28658.0,,1759992.0,TomlEr01,,10553.0,10747.0,,28658.0,554431.0,17223.0,554431.0,Eric Tomlinson,eric tomlinson,0,1,0.0,0,0.0,0.0,14.0,0.0,0.0,-0.55429226,0,0.0,0.02631579,0.03763441,0.06581777,,,,,,,,,,,,,,,,,REG,DEN,IND,Eric Tomlinson,TomlEr01,0.0,0.0,0.0,39.6
2022,REG,5,00-0033879,O.Howard,TE,TE,HOU,13188,93ed8c6f-b676-46d3-bf82-6155e89b4a68,16380.0,11774.0,4055.0,,3043080.0,30132.0,,2061190.0,HowaO.00,oj-howard-1,11806.0,12161.0,,30132.0,732147.0,18901.0,732147.0,O.J. Howard,oj howard,0,1,0.0,0,0.0,0.0,8.0,0.0,0.0,-0.5584287,0,0.0,0.041666668,0.060606062,0.10492424,,,,,,,,,,,,,,,,,REG,HOU,JAX,O.J. Howard,HowaO.00,0.0,0.0,0.0,39.6
2022,REG,5,00-0034270,T.Conklin,TE,TE,NYJ,13675,f0d17dfa-ebf3-416c-a8d2-c6bc30675103,17598.0,47327.0,5133.0,,3915486.0,31220.0,,2165249.0,ConkTy00,tyler-conklin-1,12809.0,13220.0,489.0,31127.0,861278.0,19988.0,861278.0,Tyler Conklin,tyler conklin,0,1,0.0,0,0.0,0.0,39.0,0.0,0.0,-0.55483294,0,0.0,0.04761905,0.19796954,0.21000725,,,,,,,,,,,,,,,,,REG,NYJ,MIA,Tyler Conklin,ConkTy00,0.0,0.0,0.0,39.6
2022,REG,5,00-0034383,D.Schultz,TE,TE,DAL,13772,8caec1b4-e0b6-4a84-b8c8-617d6e91ef6a,17349.0,47304.0,5001.0,,3117256.0,31107.0,,2136748.0,SchuDa00,dalton-schultz-1,12514.0,13198.0,487.0,31107.0,830523.0,19920.0,830523.0,Dalton Schultz,dalton schultz,0,1,0.0,0,0.0,0.0,5.0,0.0,0.0,-1.2600517,0,0.0,0.0625,0.042735044,0.12366453,,,,,,,,,,,,,,,,,REG,DAL,LA,Dalton Schultz,SchuDa00,0.0,0.0,0.0,39.6
2022,REG,5,00-0035249,J.Oliver,TE,TE,BAL,14209,dc83f7af-7b30-4c4a-9c93-f67bd8db954b,18487.0,47083.0,5973.0,,3921690.0,31901.0,,2184618.0,OlivJo00,josh-oliver-1,13786.0,14127.0,7.0,31901.0,881779.0,20899.0,881779.0,Josh Oliver,josh oliver,0,1,0.0,0,0.0,0.0,-4.0,0.0,0.0,-0.45282796,0,0.0,0.037037037,-0.015686275,0.044575162,,,,,,,,,,,,,,,,,REG,BAL,CIN,Josh Oliver,OlivJo00,0.0,0.0,0.0,39.6
2022,REG,5,00-0035329,D.Parham,TE,TE,LAC,14341,4f246e92-3d21-450f-977a-dc16892c7238,18835.0,91014.0,6074.0,,3912092.0,32456.0,,2183713.0,ParhDo00,,13602.0,14320.0,,32456.0,875649.0,20905.0,875649.0,Donald Parham,donald parham,0,1,0.0,0,0.0,0.0,9.0,0.0,0.0,-0.89634144,0,0.0,0.030303031,0.050847456,0.081047766,,,,,,,,,,,,,,,,,REG,LAC,CLE,Donald Parham,ParhDo00,0.0,0.0,0.0,39.6
2022,REG,5,00-0036232,H.Bryant,TE,TE,CLE,14875,f58a5899-8b78-46e8-a29a-ba6273b7d872,19389.0,26394.0,6850.0,,4040774.0,32785.0,,2241240.0,BryaHa00,harrison-bryant-1,14576.0,,752.0,32785.0,0.0,21783.0,916467.0,Harrison Bryant,harrison bryant,0,1,0.0,0,0.0,0.0,5.0,0.0,0.0,-0.47313234,0,0.0,0.03125,0.016233766,0.058238637,,,,,,,,,,,,,,,,,REG,CLE,LAC,Harrison Bryant,BryaHa00,0.0,1.0,1.0,39.6
2022,REG,5,00-0036825,F.Franks,TE,TE,ATL,15244,79a849be-0552-4da9-89ff-11d20a7a764a,20081.0,40217.0,7531.0,,4034948.0,33729.0,,2221829.0,,,15324.0,,,33729.0,0.0,,910377.0,Feleipe Franks,feleipe franks,0,2,0.0,0,0.0,0.0,56.0,0.0,0.0,-1.0948471,0,0.0,0.083333336,0.26291078,0.30903757,,,,,,,,,,,,,,,,,,,,,,,,,
2022,REG,5,00-0037005,T.Tremble,TE,TE,CAR,15332,cbee2fd3-e5f2-4316-bffd-531f1873f032,22795.0,84025.0,7694.0,,4372780.0,33471.0,,2969027.0,TremTo00,tommy-tremble-1,15371.0,,1054.0,33471.0,0.0,,1130555.0,Tommy Tremble,tommy tremble,0,1,0.0,0,0.0,0.0,8.0,0.0,0.0,-0.12392439,0,0.0,0.025,0.023529412,0.053970587,,,,,,,,,,,,,,,,,REG,CAR,SF,Tommy Tremble,TremTo00,0.0,0.0,0.0,39.6
2022,REG,5,00-0037011,T.McKitty,TE,TE,LAC,15333,2ac90a86-c585-4c12-894d-a805a0c94cc3,22807.0,60896.0,7554.0,,4240023.0,33485.0,,2804040.0,McKiTr00,tre-mckitty-1,15252.0,,,33485.0,0.0,,976252.0,Tre' McKitty,tre mckitty,0,2,0.0,0,0.0,0.0,0.0,0.0,0.0,-1.5455863,0,,0.060606062,0.0,0.09090909,,,,,,,,,,,,,,,,,REG,LAC,CLE,Tre' McKitty,McKiTr00,0.0,0.0,0.0,39.6
2022,REG,5,00-0037078,C.Turner,TE,TE,WAS,15803,fc78ba73-7ef3-4dda-9a06-b5101f7ff7b1,23727.0,,8214.0,,4361438.0,34105.0,,2961855.0,TurnCo00,cole-turner-2,15923.0,,,34105.0,0.0,,1122692.0,Cole Turner,cole turner,0,3,0.0,0,0.0,0.0,21.0,0.0,0.0,-2.9305246,0,0.0,0.08108108,0.06017192,0.16374196,,,,,,,,,,,,,,,,,REG,WAS,TEN,Cole Turner,TurnCo00,0.0,0.0,0.0,39.6
2022,REG,5,00-0037755,J.Woods,TE,TE,IND,15840,321af8f8-b4de-4ed2-a86f-7f97a85a13d4,23829.0,,8219.0,,4241410.0,34029.0,,2787078.0,WoodJe01,jelani-woods-1,15821.0,,1305.0,34029.0,0.0,,975503.0,Jelani Woods,jelani woods,0,1,0.0,0,0.0,0.0,36.0,0.0,0.0,-0.7198322,0,0.0,0.027777778,0.14457831,0.14287148,,,,,,,,,,,,,,,,,REG,IND,DEN,Jelani Woods,WoodJe01,0.0,0.0,0.0,39.6
2022,REG,5,00-0037809,C.Okonkwo,TE,TE,TEN,15889,14e11f9b-58c8-437f-abc0-a4e4df9a7c47,23982.0,,8210.0,,4360635.0,34099.0,,2965208.0,OkonCh00,chigoziem-okonkwo-1,16042.0,,1320.0,34099.0,0.0,,1106374.0,Chigoziem Okonkwo,chigoziem okonkwo,0,1,0.0,0,0.0,0.0,12.0,0.0,0.0,-0.44928622,0,0.0,0.04347826,0.06,0.107217394,,,,,,,,,,,,,,,,,REG,TEN,WAS,Chigoziem Okonkwo,OkonCh00,0.0,1.0,1.0,39.6
2022,REG,5,00-0036250,T.Davis,TE,TE,GB,14996,e7a9186e-5e19-4f70-b45c-527c888e6fc7,19811.0,47743.0,7131.0,,3914240.0,32876.0,,2182811.0,DaviTy02,tyler-davis-2,14827.0,,,32876.0,0.0,22138.0,866174.0,Tyler Davis,tyler davis,1,2,-3.0,0,0.0,0.0,16.0,2.0,0.0,-1.4791563,0,-0.1875,0.051282052,0.05498282,0.11541105,,,,,,,,,,,,,,,,,REG,GB,NYG,Tyler Davis,DaviTy02,0.0,0.0,0.0,56.2
2022,REG,6,00-0030506,T.Kelce,TE,TE,KC,11244,c3859e06-5f23-4302-a71b-04820a899d5f,11594.0,7844.0,1466.0,traviskelce/2540258,15847.0,26686.0,,1725130.0,KelcTr00,travis-kelce-1,8783.0,8411.0,264.0,26686.0,448240.0,15048.0,448240.0,Travis Kelce,travis kelce,8,10,108.0,0,0.0,0.0,83.0,43.0,6.0,8.566824,0,1.3012048,0.2857143,0.43229166,0.7311756,Travis Kelce,KC,4.88375,3.845806564448476,8.741000000000001,43.24016819193669,80.0,108.0,0.0,5.73875,4.952585283567885,0.7861647164321148,00-0030506,Travis,Kelce,T.Kelce,REG,KC,BUF,Travis Kelce,KelcTr00,1.0,0.0,0.0,111.7
2022,REG,6,00-0034753,M.Andrews,TE,TE,BAL,13671,0618f387-9b72-4270-8b8f-dec4cccc9e4a,17269.0,47436.0,5012.0,,3116365.0,31056.0,,2131121.0,AndrMa00,mark-andrews-1,12559.0,13182.0,366.0,31056.0,820699.0,19803.0,820699.0,Mark Andrews,mark andrews,7,11,106.0,1,0.0,0.0,152.0,17.0,7.0,7.9529343,0,0.69736844,0.34375,0.4903226,0.8588508,Mark Andrews,BAL,3.592727272727273,2.5312454076968347,14.546363636363635,48.84757456421529,63.63636363636363,106.0,1.0,2.797142857142858,2.2022228821566125,0.5949199749862455,00-0034753,Mark,Andrews,M.Andrews,REG,BAL,NYG,Mark Andrews,AndrMa00,0.0,3.0,0.273,125.6
2022,REG,6,00-0033757,R.Tonyan,TE,TE,GB,13427,7c9c7800-69d0-459b-812b-a07ac48e9f2a,16502.0,12193.0,4602.0,,2975674.0,30777.0,,2820026.0,TonyRo00,,12389.0,12868.0,,30777.0,660151.0,19491.0,660151.0,Robert Tonyan,robert tonyan,10,12,90.0,0,0.0,0.0,94.0,27.0,4.0,-0.1018456,0,0.9574468,0.27272728,0.25066668,0.5845576,Robert Tonyan,GB,8.345454545454546,3.6628288593331466,7.926666666666665,26.279872910623002,83.33333333333334,90.0,0.0,2.5730000000000013,3.136864897080102,-0.5638648970801006,00-0033757,Robert,Tonyan,R.Tonyan,REG,GB,NYJ,Robert Tonyan,TonyRo00,0.0,0.0,0.0,97.9
2022,REG,6,00-0033288,G.Kittle,TE,TE,SF,13299,2ada91b0-036e-454f-83c3-6d939ff584a9,16499.0,11901.0,4217.0,,3040151.0,30259.0,,2818265.0,KittGe00,george-kittle-1,11892.0,12276.0,298.0,30259.0,733672.0,19063.0,733672.0,George Kittle,george kittle,8,10,83.0,0,0.0,0.0,30.0,71.0,4.0,2.8477287,0,2.7666667,0.24390244,0.097087376,0.43381482,George Kittle,SF,8.515,4.326305485485788,3.6260000000000012,12.336270540604907,80.0,83.0,0.0,9.1875,6.054505158523682,3.132994841476318,00-0033288,George,Kittle,G.Kittle,REG,SF,ATL,George Kittle,KittGe00,1.0,0.0,0.0,101.2
2022,REG,6,00-0030061,Z.Ertz,TE,TE,ARI,11247,de3421f7-2147-4835-89a5-724e87bad463,11689.0,7816.0,1339.0,zachertz/2540158,15835.0,26658.0,,1685963.0,ErtzZa00,zach-ertz-1,8781.0,8409.0,305.0,26658.0,503177.0,14856.0,503177.0,Zach Ertz,zach ertz,7,10,70.0,0,0.0,0.0,117.0,11.0,3.0,3.2448738,0,0.5982906,0.2777778,0.34411764,0.657549,Zach Ertz,ARI,5.390000000000001,3.2638672346196698,11.227999999999998,35.03932093371615,70.0,70.0,0.0,2.615714285714286,3.5789677387329966,-0.9632534530187105,00-0030061,Zachary,Ertz,Z.Ertz,REG,ARI,SEA,Zach Ertz,ErtzZa00,1.0,0.0,0.0,89.6
2022,REG,6,00-0034829,M.Gesicki,TE,TE,MIA,13672,1012cbe0-7eba-4169-bfca-183a0204e1a7,17272.0,47153.0,4993.0,,3116164.0,31012.0,,2139298.0,GesiMi00,mike-gesicki-1,12764.0,13104.0,330.0,31012.0,836152.0,19853.0,836152.0,Mike Gesicki,mike gesicki,6,7,69.0,2,0.0,0.0,76.0,22.0,6.0,8.328335,0,0.90789473,0.15555556,0.17882353,0.3585098,Mike Gesicki,MIA,4.132857142857143,3.8220098019350273,12.02,20.04956393270743,85.71428571428571,69.0,2.0,3.885,5.181111141009846,-1.2961111410098463,00-0034829,Michael,Gesicki,M.Gesicki,REG,MIA,MIN,Mike Gesicki,GesiMi00,0.0,0.0,0.0,147.3
2022,REG,6,00-0033090,H.Henry,TE,TE,NE,12676,705899da-3c20-4bc3-b5d0-2e6e40655131,15561.0,10669.0,3214.0,,3046439.0,29269.0,,2079848.0,HenrHu00,hunter-henry-1,10735.0,11299.0,212.0,29269.0,744425.0,17975.0,744425.0,Hunter Henry,hunter henry,4,7,61.0,1,0.0,0.0,42.0,28.0,3.0,0.6520409,0,1.4523809,0.22580644,0.22950819,0.49936542,Hunter Henry,NE,6.328333333333334,4.045709836518049,7.148571428571429,27.422183252959226,57.14285714285714,61.0,1.0,6.897500000000001,7.300302584259384,-0.4028025842593834,00-0033090,Hunter,Henry,H.Henry,REG,NE,CLE,Hunter Henry,HenrHu00,0.0,0.0,0.0,125.6
2022,REG,6,00-0033858,J.Smith,TE,TE,NE,13193,e4f25a37-74de-4bfb-b6c9-f50a4fab0b87,16460.0,11855.0,4144.0,,3054212.0,30213.0,,2081506.0,SmitJo01,jonnu-smith-1,11807.0,12344.0,84.0,30213.0,743749.0,18990.0,743749.0,Jonnu Smith,jonnu smith,2,2,61.0,0,0.0,0.0,9.0,52.0,1.0,5.0716715,0,6.7777777,0.06451613,0.04918033,0.13120042,,,,,,,,,,,,,,,,,REG,NE,CLE,Jonnu Smith,SmitJo01,3.0,0.0,0.0,118.7
2022,REG,6,00-0033885,D.Njoku,TE,TE,CLE,13192,8f86fcea-90e8-49ea-bc78-5c7659313e57,16399.0,11784.0,4033.0,,3123076.0,30142.0,,2136474.0,NjokDa00,david-njoku-1,11734.0,12186.0,252.0,30142.0,832098.0,18876.0,832098.0,David Njoku,david njoku,3,6,58.0,0,0.0,0.0,102.0,13.0,2.0,0.44820464,0,0.5686275,0.14285715,0.19767442,0.3526578,David Njoku,CLE,4.846666666666667,2.0401962987567206,16.873333333333335,18.576828507468164,50.0,58.0,0.0,4.370000000000002,3.6431614784395756,0.7268385215604263,00-0033885,David,Njoku,D.Njoku,REG,CLE,NE,David Njoku,NjokDa00,0.0,1.0,0.167,44.4
2022,REG,6,00-0035329,D.Parham,TE,TE,LAC,14341,4f246e92-3d21-450f-977a-dc16892c7238,18835.0,91014.0,6074.0,,3912092.0,32456.0,,2183713.0,ParhDo00,,13602.0,14320.0,,32456.0,875649.0,20905.0,875649.0,Donald Parham,donald parham,3,3,53.0,0,0.0,0.0,42.0,11.0,2.0,3.1804287,0,1.2619047,0.054545455,0.14840989,0.18570511,,,,,,,,,,,,,,,,,REG,LAC,DEN,Donald Parham,ParhDo00,0.0,0.0,0.0,118.7
2022,REG,6,00-0037304,C.Heyward,TE,TE,PIT,15800,62e96d7c-e4dd-4a90-8c3a-8017eb69120d,24562.0,,8181.0,,4241961.0,34163.0,,2867599.0,HeywCo00,connor-heyward-1,15916.0,,,34163.0,0.0,,1057457.0,Connor Heyward,connor heyward,2,3,49.0,0,0.0,0.0,19.0,32.0,1.0,2.0511997,0,2.5789473,0.11111111,0.10982659,0.24354528,,,,,,,,,,,,,,,,,REG,PIT,TB,Connor Heyward,HeywCo00,0.0,0.0,0.0,109.7
2022,REG,6,00-0035644,N.Fant,TE,TE,SEA,14137,cdc98acc-9eb6-4b44-81bb-61d7b8a3b55f,17527.0,42388.0,5857.0,,4036131.0,31852.0,,2251095.0,FantNo00,noah-fant-1,13426.0,14050.0,243.0,31852.0,923911.0,20753.0,923911.0,Noah Fant,noah fant,6,7,45.0,0,0.0,0.0,24.0,28.0,1.0,1.1560817,0,1.875,0.23333333,0.11764706,0.43235293,Noah Fant,SEA,8.445714285714285,4.220199596731677,3.754285714285714,10.783750512925728,85.71428571428571,45.0,0.0,4.7683333333333335,4.877972744136642,-0.1096394108033083,00-0035644,Noah,Fant,N.Fant,REG,SEA,ARI,Noah Fant,FantNo00,0.0,0.0,0.0,93.5
2022,REG,6,00-0037252,G.Dulcich,TE,TE,DEN,15797,b9e4a022-d15c-4cef-9879-170277f17207,23153.0,,8172.0,,4367209.0,34036.0,,2964274.0,DulcGr00,greg-dulcich-1,15891.0,,,34036.0,0.0,,1128085.0,Greg Dulcich,greg dulcich,2,3,44.0,1,0.0,0.0,34.0,19.0,2.0,4.799803,0,1.2941177,0.12,0.15111111,0.28577778,,,,,,,,,,,,,,,,,REG,DEN,LAC,Greg Dulcich,DulcGr00,0.0,0.0,0.0,149.3
2022,REG,6,00-0036040,J.Johnson,TE,TE,NO,14861,0226b03b-f91d-4223-9813-9fcd2e9c3acc,19562.0,28305.0,7002.0,,3929645.0,33113.0,,2186637.0,JohnJu02,,14630.0,,575.0,33113.0,0.0,21738.0,884609.0,Juwan Johnson,juwan johnson,4,6,41.0,0,0.0,0.0,33.0,4.0,3.0,4.1827717,0,1.2424242,0.19354838,0.12643678,0.37882832,Juwan Johnson,NO,7.256,2.1501292848068543,7.591666666666668,17.179603228483067,66.66666666666666,41.0,0.0,1.0299999999999976,0.9808083114124599,0.04919168858753764,00-0036040,Juwan,Johnson,J.Johnson,REG,NO,CIN,Juwan Johnson,JohnJu02,0.0,0.0,0.0,86.1
2022,REG,6,00-0033881,E.Engram,TE,TE,JAX,13189,e21365af-8d66-416e-b0a5-8816d18fcfd9,16411.0,11778.0,4066.0,,3051876.0,30136.0,,2079887.0,EngrEv00,evan-engram-1,11805.0,12205.0,229.0,30136.0,749185.0,18912.0,749185.0,Evan Engram,evan engram,5,6,40.0,0,0.0,0.0,29.0,37.0,1.0,0.8392359,0,1.3793104,0.27272728,0.33333334,0.6424242,Evan Engram,JAX,7.6825,5.181715550391087,5.315,33.57902495524902,83.33333333333334,40.0,0.0,7.667999999999999,6.598206532177573,1.069793467822426,00-0033881,Evan,Engram,E.Engram,REG,JAX,IND,Evan Engram,EngrEv00,0.0,0.0,0.0,94.4
2022,REG,6,00-0038041,J.Ferguson,TE,TE,DAL,15799,f46eab3d-d7dd-4420-b3f9-6da9ac1308ab,22718.0,,8110.0,,4242355.0,34085.0,,2867159.0,FergJa00,jake-ferguson-1,15947.0,,1258.0,34085.0,0.0,,1065361.0,Jake Ferguson,jake ferguson,4,6,40.0,1,0.0,0.0,49.0,17.0,3.0,2.659693,0,0.81632656,0.16216215,0.1661017,0.35951442,Jake Ferguson,DAL,6.288,3.097668690608954,5.359999999999999,10.181081423325317,66.66666666666666,40.0,1.0,5.2775,6.502271675504971,-1.2247716755049716,00-0038041,Jake,Ferguson,J.Ferguson,REG,DAL,PHI,Jake Ferguson,FergJa00,0.0,0.0,0.0,125.0
2022,REG,6,00-0036876,K.Granson,TE,TE,IND,15419,bcc0167c-05fd-4b23-981e-60b8784ceb33,22841.0,40630.0,7602.0,,4039160.0,33515.0,,2247146.0,GranKy00,kylen-granson-1,15245.0,,1119.0,33515.0,0.0,,921050.0,Kylen Granson,kylen granson,4,4,38.0,0,1.0,0.0,25.0,16.0,3.0,3.7962406,0,1.52,0.071428575,0.08169935,0.1643324,,,,,,,,,,,,,,,,,REG,IND,JAX,Kylen Granson,GranKy00,0.0,0.0,0.0,106.2
2022,REG,6,00-0038115,D.Bellinger,TE,TE,NYG,15873,42a1c03e-790e-46ba-b0d5-d304e44c02c7,24238.0,,8225.0,,4361516.0,34068.0,,2963615.0,BellDa00,daniel-bellinger-1,16036.0,,1322.0,34068.0,0.0,,1122035.0,Daniel Bellinger,daniel bellinger,5,5,38.0,1,0.0,0.0,15.0,23.0,3.0,4.5547395,0,2.5333333,0.2,0.08928572,0.3625,Daniel Bellinger,NYG,4.318,3.3787914838550948,2.9979999999999976,8.253950773635808,100.0,38.0,1.0,5.016000000000001,4.667441887007226,0.34855811299277484,00-0038115,Daniel,Bellinger,D.Bellinger,REG,NYG,BAL,Daniel Bellinger,BellDa00,0.0,0.0,0.0,137.9
2022,REG,6,00-0035689,D.Knox,TE,TE,BUF,14143,5fb525c5-4e70-4ede-8c49-94ad0cf66b7d,18631.0,35883.0,5906.0,,3930086.0,31928.0,,2186345.0,KnoxDa00,dawson-knox-1,13466.0,13953.0,88.0,31928.0,884083.0,20850.0,884083.0,Dawson Knox,dawson knox,3,3,37.0,1,0.0,0.0,35.0,2.0,2.0,4.836069,0,1.0571429,0.078947365,0.125,0.20592105,,,,,,,,,,,,,,,,,REG,BUF,KC,Dawson Knox,KnoxDa00,0.0,0.0,0.0,157.6
2022,REG,6,00-0037838,I.Likely,TE,TE,BAL,15798,f9279edb-cfa7-4f7d-91df-b81cbf3e133e,23781.0,,8131.0,,4361050.0,34095.0,,2961906.0,LikeIs00,isaiah-likely-1,16033.0,,1257.0,34095.0,0.0,,1125111.0,Isaiah Likely,isaiah likely,2,4,30.0,0,0.0,0.0,26.0,13.0,2.0,0.36195248,0,1.1538461,0.125,0.08387097,0.24620968,,,,,,,,,,,,,,,,,REG,BAL,NYG,Isaiah Likely,LikeIs00,0.0,0.0,0.0,75.0
2022,REG,6,00-0033895,G.Everett,TE,TE,LAC,13236,ebeceb00-57e0-4b74-9cf7-853da2afed18,16459.0,11799.0,4089.0,,3918639.0,30157.0,,2142692.0,EverGe00,gerald-everett-1,11737.0,12284.0,55.0,30157.0,838487.0,18935.0,838487.0,Gerald Everett,gerald everett,5,7,29.0,0,0.0,0.0,18.0,24.0,2.0,-2.8054965,0,1.6111112,0.12727273,0.06360424,0.23543206,Gerald Everett,LAC,6.659999999999999,3.9073804822438127,2.250000000000002,4.620394273644688,71.42857142857143,29.0,0.0,5.013999999999998,5.280093608125571,-0.2660936081255736,00-0033895,Gerald,Everett,G.Everett,REG,LAC,DEN,Gerald Everett,EverGe00,3.0,1.0,0.143,39.3
2022,REG,6,00-0037755,J.Woods,TE,TE,IND,15840,321af8f8-b4de-4ed2-a86f-7f97a85a13d4,23829.0,,8219.0,,4241410.0,34029.0,,2787078.0,WoodJe01,jelani-woods-1,15821.0,,1305.0,34029.0,0.0,,975503.0,Jelani Woods,jelani woods,2,3,27.0,1,0.0,0.0,39.0,3.0,2.0,2.6200292,0,0.6923077,0.05357143,0.12745099,0.16957283,,,,,,,,,,,,,,,,,REG,IND,JAX,Jelani Woods,WoodJe01,0.0,1.0,0.333,134.7
2022,REG,6,00-0037078,C.Turner,TE,TE,WAS,15803,fc78ba73-7ef3-4dda-9a06-b5101f7ff7b1,23727.0,,8214.0,,4361438.0,34105.0,,2961855.0,TurnCo00,cole-turner-2,15923.0,,,34105.0,0.0,,1122692.0,Cole Turner,cole turner,2,2,23.0,0,0.0,0.0,16.0,7.0,1.0,1.3864877,0,1.4375,0.09090909,0.11678832,0.21811546,,,,,,,,,,,,,,,,,REG,WAS,CHI,Cole Turner,TurnCo00,0.0,0.0,0.0,114.6
2022,REG,6,00-0038129,C.Otton,TE,TE,TB,15802,f23517bd-ae85-484a-8ecb-1f7a2d851e48,23181.0,,8111.0,,4243331.0,34062.0,,2815179.0,OttoCa00,cade-otton-1,16032.0,,1261.0,34062.0,0.0,,1049263.0,Cade Otton,cade otton,2,3,23.0,0,0.0,0.0,36.0,1.0,1.0,2.1383247,0,0.6388889,0.08108108,0.12903225,0.21194421,,,,,,,,,,,,,,,,,REG,TB,PIT,Cade Otton,OttoCa00,0.0,0.0,0.0,89.6
2022,REG,6,00-0034351,D.Goedert,TE,TE,PHI,13674,e8029983-87cf-49a2-bc04-04c8233a0630,17270.0,47272.0,5022.0,,3121023.0,31019.0,,2132551.0,GoedDa00,,12860.0,13151.0,382.0,31019.0,791365.0,19863.0,791365.0,Dallas Goedert,dallas goedert,2,6,22.0,0,0.0,0.0,46.0,12.0,2.0,1.4953122,0,0.47826087,0.27272728,0.42592594,0.70723903,Dallas Goedert,PHI,4.956666666666666,2.515503854403701,7.588333333333332,41.22227252150294,33.33333333333333,22.0,0.0,6.380000000000003,4.933587362678054,1.4464126373219486,00-0034351,Dallas,Goedert,D.Goedert,REG,PHI,DAL,Dallas Goedert,GoedDa00,0.0,0.0,0.0,45.1
2022,REG,6,00-0034365,I.Thomas,TE,TE,CAR,13678,ed8a8fd2-df67-45e7-a34f-984afb82f6ea,17387.0,42130.0,4995.0,,4045305.0,31071.0,,2253359.0,ThomIa00,ian-thomas-3,12858.0,13163.0,323.0,31071.0,943093.0,19910.0,943093.0,Ian Thomas,ian thomas,2,2,22.0,0,0.0,0.0,-6.0,28.0,1.0,1.0493374,0,0.0,0.0952381,-0.31578946,-0.07819549,,,,,,,,,,,,,,,,,REG,CAR,LA,Ian Thomas,ThomIa00,1.0,0.0,0.0,112.5
2022,REG,6,00-0037569,P.Hendershot,TE,TE,DAL,16000,944893b0-d30e-11ec-8b77-45b1765fd110,22971.0,,8197.0,,4258248.0,34607.0,,2867545.0,HendPe01,,16041.0,,,34607.0,0.0,,1065138.0,Peyton Hendershot,peyton hendershot,2,5,22.0,0,0.0,0.0,51.0,0.0,2.0,-3.3949945,0,0.43137255,0.13513513,0.17288135,0.32371965,Peyton Hendershot,DAL,8.697999999999999,1.5092758708760354,10.577999999999998,16.743700139293406,40.0,22.0,0.0,-0.18999999999999773,0.3164240665522584,-0.5064240665522561,00-0037569,Peyton,Hendershot,P.Hendershot,REG,DAL,PHI,Peyton Hendershot,HendPe01,0.0,0.0,0.0,53.7
2022,REG,6,00-0033439,P.Brown,TE,TE,CLE,13994,6733b953-de77-44e5-acbf-c2d3a0940243,16937.0,12247.0,4443.0,,2971281.0,30627.0,,2819155.0,BrowPh01,,11887.0,12737.0,,30627.0,689689.0,19304.0,689689.0,Pharaoh Brown,pharaoh brown,2,3,21.0,0,0.0,0.0,36.0,18.0,2.0,-2.0072756,0,0.5833333,0.071428575,0.069767445,0.15598007,,,,,,,,,,,,,,,,,REG,CLE,NE,Pharaoh Brown,BrowPh01,0.0,0.0,0.0,47.2
2022,REG,6,00-0034830,H.Hurst,TE,TE,CIN,13680,1b125fc4-5dd9-4eb9-a42f-048e61ca42b7,17283.0,47294.0,4973.0,,3924365.0,30995.0,,2185053.0,HursHa00,hayden-hurst-1,12467.0,13098.0,8.0,30995.0,881956.0,19843.0,881956.0,Hayden Hurst,hayden hurst,3,3,21.0,0,0.0,0.0,14.0,7.0,0.0,1.3203424,0,1.5,0.083333336,0.06392694,0.16974886,,,,,,,,,,,,,,,,,REG,CIN,NO,Hayden Hurst,HursHa00,0.0,0.0,0.0,95.8
2022,REG,6,00-0035249,J.Oliver,TE,TE,BAL,14209,dc83f7af-7b30-4c4a-9c93-f67bd8db954b,18487.0,47083.0,5973.0,,3921690.0,31901.0,,2184618.0,OlivJo00,josh-oliver-1,13786.0,14127.0,7.0,31901.0,881779.0,20899.0,881779.0,Josh Oliver,josh oliver,2,3,21.0,0,0.0,0.0,25.0,0.0,1.0,1.0614256,0,0.84,0.09375,0.08064516,0.19707662,,,,,,,,,,,,,,,,,REG,BAL,NYG,Josh Oliver,OlivJo00,0.0,1.0,0.333,86.8
2022,REG,6,00-0036741,J.Stoll,TE,TE,PHI,15541,0560d134-d316-4cda-9d48-34d32267af68,23193.0,42058.0,7946.0,,4034862.0,33891.0,,2239684.0,StolJa00,,15510.0,,,33891.0,0.0,,911985.0,Jack Stoll,jack stoll,1,1,21.0,0,0.0,0.0,4.0,17.0,1.0,2.2089748,0,5.25,0.045454547,0.037037037,0.09410775,,,,,,,,,,,,,,,,,REG,PHI,DAL,Jack Stoll,StolJa00,0.0,0.0,0.0,118.7
2022,REG,6,00-0036970,K.Pitts,TE,TE,ATL,15329,1f3deb24-9ff8-4769-8f42-825eff7742f6,20164.0,83964.0,7553.0,,4360248.0,33392.0,,2964514.0,PittKy00,kyle-pitts-1,15265.0,,1051.0,33392.0,0.0,,1123026.0,Kyle Pitts,kyle pitts,3,3,19.0,1,0.0,0.0,18.0,1.0,1.0,2.2201679,0,1.0555556,0.21428572,0.23376623,0.48506492,,,,,,,,,,,,,,,,,REG,ATL,SF,Kyle Pitts,PittKy00,0.0,0.0,0.0,132.6
2022,REG,6,00-0036232,H.Bryant,TE,TE,CLE,14875,f58a5899-8b78-46e8-a29a-ba6273b7d872,19389.0,26394.0,6850.0,,4040774.0,32785.0,,2241240.0,BryaHa00,harrison-bryant-1,14576.0,,752.0,32785.0,0.0,21783.0,916467.0,Harrison Bryant,harrison bryant,3,4,18.0,0,0.0,0.0,31.0,4.0,0.0,-0.59470844,0,0.58064514,0.0952381,0.06007752,0.1849114,,,,,,,,,,,,,,,,,REG,CLE,NE,Harrison Bryant,BryaHa00,0.0,1.0,0.25,83.3
2022,REG,6,00-0032134,C.Uzomah,TE,TE,NYJ,12317,19858900-5c8e-49a7-ab02-34ef625724ca,14084.0,9590.0,2460.0,c.j.uzomah/2552559,2574576.0,28545.0,,2174118.0,UzomC.00,cj-uzomah-1,10462.0,10534.0,,28545.0,593305.0,16917.0,593305.0,C.J. Uzomah,cj uzomah,2,2,17.0,0,0.0,0.0,-2.0,19.0,1.0,1.2391206,0,0.0,0.11764706,-0.01904762,0.16313726,,,,,,,,,,,,,,,,,REG,NYJ,GB,C.J. Uzomah,UzomC.00,0.0,0.0,0.0,102.1
2022,REG,6,00-0031690,E.Tomlinson,TE,TE,DEN,13065,b3d7169b-9cf6-4fea-815a-26e4fb0ec16a,14339.0,9786.0,2755.0,,2511973.0,28658.0,,1759992.0,TomlEr01,,10553.0,10747.0,,28658.0,554431.0,17223.0,554431.0,Eric Tomlinson,eric tomlinson,1,1,16.0,0,0.0,0.0,16.0,0.0,1.0,1.0025319,0,1.0,0.04,0.07111111,0.10977778,,,,,,,,,,,,,,,,,REG,DEN,LAC,Eric Tomlinson,TomlEr01,0.0,0.0,0.0,118.7
2022,REG,6,00-0034270,T.Conklin,TE,TE,NYJ,13675,f0d17dfa-ebf3-416c-a8d2-c6bc30675103,17598.0,47327.0,5133.0,,3915486.0,31220.0,,2165249.0,ConkTy00,tyler-conklin-1,12809.0,13220.0,489.0,31127.0,861278.0,19988.0,861278.0,Tyler Conklin,tyler conklin,1,2,16.0,0,0.0,0.0,14.0,8.0,1.0,0.74650955,0,1.1428572,0.11764706,0.13333334,0.2698039,,,,,,,,,,,,,,,,,REG,NYJ,GB,Tyler Conklin,ConkTy00,0.0,0.0,0.0,77.1
2022,REG,6,00-0036290,C.Kmet,TE,TE,CHI,14867,036feeb6-9a22-43c5-a8e3-7ac611d8ff49,19229.0,60995.0,6826.0,,4258595.0,32713.0,,2868619.0,KmetCo00,cole-kmet-1,14436.0,,569.0,32713.0,0.0,21772.0,1066765.0,Cole Kmet,cole kmet,1,3,15.0,0,0.0,0.0,15.0,1.0,1.0,-4.7525625,0,1.0,0.115384616,0.06521739,0.2187291,,,,,,,,,,,,,,,,,REG,CHI,WAS,Cole Kmet,KmetCo00,0.0,0.0,0.0,11.1
2022,REG,6,00-0031273,C.Brate,TE,TE,TB,12110,5afe93fd-0caf-4cca-83fc-7f405bebfa3e,13470.0,9207.0,2214.0,,17453.0,28267.0,,2132787.0,BratCa00,,10008.0,10193.0,,28267.0,552926.0,16593.0,552926.0,Cameron Brate,cameron brate,2,3,14.0,0,0.0,0.0,27.0,4.0,0.0,-0.26913548,0,0.5185185,0.08108108,0.09677419,0.18936355,,,,,,,,,,,,,,,,,REG,TB,PIT,Cameron Brate,BratCa00,0.0,0.0,0.0,77.1
2022,REG,6,00-0036637,N.Gray,TE,TE,KC,15337,c97dfcb6-b999-476f-8487-f3848e92df17,19539.0,60878.0,7828.0,,4240472.0,33550.0,,2866903.0,GrayNo00,noah-gray-1,15459.0,,1059.0,33550.0,0.0,,1056981.0,Noah Gray,noah gray,3,3,13.0,0,0.0,0.0,6.0,7.0,0.0,-0.7098047,0,2.1666667,0.08571429,0.03125,0.15044643,,,,,,,,,,,,,,,,,REG,KC,BUF,Noah Gray,GrayNo00,0.0,0.0,0.0,84.7
2022,REG,6,00-0034159,W.Dissly,TE,TE,SEA,13763,383f4814-6836-4766-a297-fc063e8509cc,18049.0,30762.0,5010.0,,3127292.0,31090.0,,2139628.0,DissWi00,will-dissly-1,12986.0,13246.0,86.0,31090.0,837806.0,19950.0,837806.0,Will Dissly,will dissly,1,1,12.0,0,0.0,0.0,3.0,9.0,1.0,1.1014334,0,4.0,0.033333335,0.014705882,0.060294118,,,,,,,,,,,,,,,,,REG,SEA,ARI,Will Dissly,DissWi00,0.0,0.0,0.0,116.7
2022,REG,6,00-0036244,C.Parkinson,TE,TE,SEA,14871,1ea7affb-e5e7-491a-aaa3-55e200b2eb48,19372.0,52266.0,6865.0,,4242557.0,32803.0,,2867522.0,ParkCo02,colby-parkinson-1,14463.0,,565.0,32803.0,0.0,21807.0,1060312.0,Colby Parkinson,colby parkinson,2,2,11.0,0,0.0,0.0,10.0,1.0,0.0,0.35510957,0,1.1,0.06666667,0.04901961,0.13431373,,,,,,,,,,,,,,,,,REG,SEA,ARI,Colby Parkinson,ParkCo02,0.0,0.0,0.0,89.6
2022,REG,6,00-0036887,L.Farrell,TE,TE,JAX,15335,8a1f0e8e-6521-4a94-9934-ad4f76a25fd9,19501.0,42353.0,7842.0,,4040612.0,33533.0,,2260977.0,FarrLu00,luke-farrell-1,15566.0,,,33533.0,0.0,,946541.0,Luke Farrell,luke farrell,1,1,11.0,0,0.0,0.0,-2.0,13.0,1.0,0.85859543,0,0.0,0.045454547,-0.022988506,0.052089863,,,,,,,,,,,,,,,,,REG,JAX,IND,Luke Farrell,FarrLu00,0.0,0.0,0.0,112.5
2022,REG,6,00-0036032,S.McKeon,TE,TE,DAL,15097,0f369885-8ecd-4ca0-a3dc-df8530a0db6e,19726.0,42266.0,6964.0,,4036275.0,33101.0,,2239736.0,McKeSe01,,14478.0,,,33101.0,0.0,21781.0,911020.0,Sean McKeon,sean mckeon,1,1,10.0,0,0.0,0.0,3.0,7.0,1.0,0.70822924,0,3.3333333,0.027027028,0.010169491,0.047659185,,,,,,,,,,,,,,,,,REG,DAL,PHI,Sean McKeon,McKeSe01,0.0,0.0,0.0,108.3
2022,REG,6,00-0036332,J.Deguara,TE,TE,GB,14876,7874d188-0fcd-4af9-9289-27c27e2bbd16,19456.0,47034.0,7050.0,,3914151.0,32764.0,,2181108.0,DeguJo00,josiah-deguara-1,14629.0,,,32764.0,0.0,21798.0,866149.0,Josiah Deguara,josiah deguara,1,1,9.0,0,0.0,0.0,4.0,5.0,0.0,0.87031645,0,2.25,0.022727273,0.010666667,0.041557577,,,,,,,,,,,,,,,,,REG,GB,NYJ,Josiah Deguara,DeguJo00,0.0,0.0,0.0,104.2
2022,REG,6,00-0036422,A.Trautman,TE,TE,NO,14870,4e14183b-f974-4745-9d7f-8f5eb2a92a7d,19423.0,109795.0,6869.0,,3911853.0,32775.0,,2182228.0,TrauAd00,,14541.0,,566.0,32775.0,0.0,21786.0,875444.0,Adam Trautman,adam trautman,1,1,8.0,0,0.0,0.0,3.0,5.0,0.0,0.45629823,0,2.6666667,0.032258064,0.011494253,0.056433074,,,,,,,,,,,,,,,,,REG,NO,CIN,Adam Trautman,TrauAd00,0.0,0.0,0.0,100.0
2022,REG,6,00-0033110,T.Higbee,TE,TE,LA,12678,0df7912d-9e81-47ea-b4f7-d04986df4ee8,15623.0,10744.0,3271.0,,2573401.0,29344.0,,1853103.0,HigbTy00,tyler-higbee-1,10854.0,11430.0,159.0,29344.0,604176.0,18032.0,604176.0,Tyler Higbee,tyler higbee,1,2,7.0,0,0.0,0.0,12.0,5.0,0.0,-0.042765003,0,0.5833333,0.06451613,0.08219178,0.15430844,,,,,,,,,,,,,,,,,REG,LA,CAR,Tyler Higbee,HigbTy00,0.0,0.0,0.0,58.3
2022,REG,6,00-0034970,I.Smith,TE,TE,MIN,14141,ed0e6a30-83d5-4f4b-bf49-f7ff80e21304,18610.0,42060.0,6126.0,,4040980.0,31882.0,,2257888.0,SmitIr01,irv-smith-jr-1,13583.0,14052.0,,31882.0,944428.0,20949.0,944428.0,Irv Smith,irv smith,4,4,7.0,1,1.0,0.0,-2.0,6.0,1.0,-2.1292958,0,0.0,0.14285715,-0.013245033,0.20501418,,,,,,,,,,,,,,,,,REG,MIN,MIA,Irv Smith Jr.,SmitIr01,0.0,0.0,0.0,118.7
2022,REG,6,00-0035308,T.Sweeney,TE,TE,BUF,14294,ec63ee49-3a03-44ca-a083-3916f0bccd76,18325.0,47216.0,6137.0,,3122818.0,32060.0,,2139106.0,SweeTo00,tommy-sweeney-1,13667.0,14287.0,,32060.0,836094.0,20957.0,836094.0,Tommy Sweeney,tommy sweeney,1,1,7.0,0,0.0,0.0,-1.0,8.0,1.0,0.80107677,0,0.0,0.02631579,-0.0035714286,0.036973685,,,,,,,,,,,,,,,,,REG,BUF,KC,Tommy Sweeney,SweeTo00,0.0,0.0,0.0,95.8
2022,REG,6,00-0035222,Z.Gentry,TE,TE,PIT,14240,58f18567-a050-49c4-aeca-b34499338b37,18690.0,36049.0,6018.0,,3929924.0,31973.0,,2185708.0,GentZa00,zach-gentry-2,13511.0,14247.0,,31973.0,883079.0,20770.0,883079.0,Zach Gentry,zach gentry,1,1,4.0,0,0.0,0.0,0.0,4.0,0.0,-0.70617807,0,0.0,0.037037037,0.0,0.055555556,,,,,,,,,,,,,,,,,REG,PIT,TB,Zach Gentry,GentZa00,0.0,0.0,0.0,83.3
2022,REG,6,00-0031585,M.Pruitt,TE,TE,ATL,12309,f22b34cf-6ecf-4522-9c77-1da275dfda7d,13964.0,9576.0,2446.0,,2508256.0,28531.0,,1760327.0,PruiMy00,,10251.0,10522.0,,28531.0,552586.0,16903.0,552586.0,MyCole Pruitt,mycole pruitt,1,1,2.0,1,0.0,0.0,2.0,0.0,1.0,0.88012177,0,1.0,0.071428575,0.025974026,0.12532468,,,,,,,,,,,,,,,,,REG,ATL,SF,MyCole Pruitt,PruiMy00,0.0,0.0,0.0,118.7
2022,REG,6,00-0033246,J.Mundt,TE,TE,MIN,13940,6414998b-5831-44aa-8bd8-39e42a323c2c,16743.0,12206.0,4314.0,,3052096.0,30373.0,,2818622.0,MundJo00,,12316.0,12525.0,,30373.0,740704.0,19165.0,740704.0,Johnny Mundt,johnny mundt,2,2,1.0,0,0.0,0.0,-2.0,3.0,0.0,-0.97789925,0,0.0,0.071428575,-0.013245033,0.09787133,,,,,,,,,,,,,,,,,REG,MIN,MIA,Johnny Mundt,MundJo00,0.0,0.0,0.0,79.2
2022,REG,6,00-0030108,R.Griffin,TE,TE,CHI,11399,cb1df42c-b59c-4e23-a9a2-fbfc2b39ef71,11830.0,7982.0,1425.0,ryangriffin/2541316,15887.0,26824.0,,2057695.0,GrifRy00,ryan-griffin-1,8911.0,8600.0,,26824.0,465129.0,14985.0,465129.0,Ryan Griffin,ryan griffin,0,1,0.0,0,0.0,0.0,3.0,0.0,0.0,-0.96753424,0,0.0,0.03846154,0.013043478,0.066822745,,,,,,,,,,,,,,,,,REG,CHI,WAS,Ryan Griffin,GrifRy00,0.0,0.0,0.0,39.6
2022,REG,6,00-0036429,C.Woerner,TE,TE,SF,14984,527dfee0-a242-4dc7-830a-ab7028308259,19665.0,42257.0,7075.0,,4035020.0,32860.0,,2248629.0,WoerCh00,charlie-woerner-1,14608.0,,,32860.0,0.0,22119.0,922040.0,Charlie Woerner,charlie woerner,0,1,0.0,0,0.0,0.0,23.0,0.0,0.0,-0.8949599,0,0.0,0.024390243,0.074433655,0.088688925,,,,,,,,,,,,,,,,,REG,SF,ATL,Charlie Woerner,WoerCh00,0.0,1.0,1.0,39.6
2022,REG,7,00-0030506,T.Kelce,TE,TE,KC,11244,c3859e06-5f23-4302-a71b-04820a899d5f,11594.0,7844.0,1466.0,traviskelce/2540258,15847.0,26686.0,,1725130.0,KelcTr00,travis-kelce-1,8783.0,8411.0,264.0,26686.0,448240.0,15048.0,448240.0,Travis Kelce,travis kelce,6,8,98.0,0,0.0,0.0,45.0,49.0,4.0,4.630042,0,2.1777778,0.23529412,0.17307693,0.47409502,Travis Kelce,KC,6.326,3.511549409162625,6.509999999999999,19.293176261391416,75.0,98.0,0.0,8.338333333333336,5.936511592111827,2.401821741221509,00-0030506,Travis,Kelce,T.Kelce,REG,KC,SF,Travis Kelce,KelcTr00,3.0,1.0,0.125,115.6
2022,REG,7,00-0033288,G.Kittle,TE,TE,SF,13299,2ada91b0-036e-454f-83c3-6d939ff584a9,16499.0,11901.0,4217.0,,3040151.0,30259.0,,2818265.0,KittGe00,george-kittle-1,11892.0,12276.0,298.0,30259.0,733672.0,19063.0,733672.0,George Kittle,george kittle,6,9,98.0,1,0.0,0.0,96.0,34.0,5.0,2.895032,0,1.0208334,0.19565217,0.28152493,0.49054572,George Kittle,SF,5.641428571428572,2.5856437631672615,10.97888888888889,29.169864793056615,66.66666666666666,98.0,1.0,6.14,6.450391865742556,-0.31039186574255595,00-0033288,George,Kittle,G.Kittle,REG,SF,KC,George Kittle,KittGe00,0.0,0.0,0.0,100.5
2022,REG,7,00-0036894,P.Freiermuth,TE,TE,PIT,15331,04f0fefe-9d9d-44f5-94ea-6df2a42df3c6,20163.0,84085.0,7600.0,,4361411.0,33443.0,,2961270.0,FreiPa00,pat-freiermuth-1,15267.0,,1053.0,33443.0,0.0,,1116662.0,Pat Freiermuth,pat freiermuth,8,9,75.0,0,0.0,0.0,73.0,17.0,4.0,4.0763206,0,1.0273973,0.21428572,0.24829932,0.4952381,Pat Freiermuth,PIT,4.728571428571429,3.1962907968652394,8.05777777777778,25.120371332571274,88.88888888888889,75.0,0.0,2.414999999999999,2.6953154849130243,-0.28031548491302516,00-0036894,Pat,Freiermuth,P.Freiermuth,REG,PIT,MIA,Pat Freiermuth,FreiPa00,0.0,0.0,0.0,101.4
2022,REG,7,00-0033885,D.Njoku,TE,TE,CLE,13192,8f86fcea-90e8-49ea-bc78-5c7659313e57,16399.0,11784.0,4033.0,,3123076.0,30142.0,,2136474.0,NjokDa00,david-njoku-1,11734.0,12186.0,252.0,30142.0,832098.0,18876.0,832098.0,David Njoku,david njoku,7,7,71.0,0,0.0,0.0,21.0,50.0,3.0,3.4081266,0,3.3809524,0.28,0.12727273,0.5090909,David Njoku,CLE,2.9379999999999997,4.2504922165272765,3.029999999999999,12.917960898958524,100.0,71.0,0.0,7.112857142857144,5.021975466195864,2.0908816766612794,00-0033885,David,Njoku,D.Njoku,REG,CLE,BAL,David Njoku,NjokDa00,0.0,0.0,0.0,108.9
2022,REG,7,00-0034364,J.Akins,TE,TE,HOU,13753,0cb5a32a-a340-4671-ba2a-93f5fa6aee8d,17415.0,47050.0,5032.0,,3128452.0,31068.0,,2142712.0,AkinJo00,jordan-akins-1,12568.0,13238.0,,31068.0,838396.0,19903.0,838396.0,Jordan Akins,jordan akins,3,4,68.0,0,0.0,0.0,31.0,44.0,3.0,7.8418603,0,2.1935484,0.1,0.13716814,0.2460177,,,,,,,,,,,,,,,,,REG,HOU,LV,Jordan Akins,AkinJo00,0.0,0.0,0.0,116.7
2022,REG,7,00-0033881,E.Engram,TE,TE,JAX,13189,e21365af-8d66-416e-b0a5-8816d18fcfd9,16411.0,11778.0,4066.0,,3051876.0,30136.0,,2079887.0,EngrEv00,evan-engram-1,11805.0,12205.0,229.0,30136.0,749185.0,18912.0,749185.0,Evan Engram,evan engram,4,7,67.0,0,0.0,0.0,63.0,32.0,3.0,3.6478796,0,1.0634921,0.1627907,0.1485849,0.3481955,Evan Engram,JAX,6.051428571428572,3.310471295739506,8.505714285714287,14.334898278560251,57.14285714285714,67.0,0.0,9.575,10.466601670046593,-0.8916016700465939,00-0033881,Evan,Engram,E.Engram,REG,JAX,NYG,Evan Engram,EngrEv00,1.0,0.0,0.0,89.6
2022,REG,7,00-0038129,C.Otton,TE,TE,TB,15802,f23517bd-ae85-484a-8ecb-1f7a2d851e48,23181.0,,8111.0,,4243331.0,34062.0,,2815179.0,OttoCa00,cade-otton-1,16032.0,,1261.0,34062.0,0.0,,1049263.0,Cade Otton,cade otton,4,5,64.0,0,0.0,0.0,35.0,39.0,2.0,1.1870309,0,1.8285714,0.104166664,0.09749304,0.22449513,Cade Otton,TB,8.08,3.4086929763994895,6.754,9.436651204381599,80.0,64.0,0.0,10.41,9.447018433639641,0.9629815663603587,00-0038129,Cade,Otton,C.Otton,REG,TB,CAR,Cade Otton,OttoCa00,0.0,0.0,0.0,118.7
2022,REG,7,00-0033895,G.Everett,TE,TE,LAC,13236,ebeceb00-57e0-4b74-9cf7-853da2afed18,16459.0,11799.0,4089.0,,3918639.0,30157.0,,2142692.0,EverGe00,gerald-everett-1,11737.0,12284.0,55.0,30157.0,838487.0,18935.0,838487.0,Gerald Everett,gerald everett,5,9,63.0,0,0.0,0.0,80.0,30.0,3.0,0.06972118,0,0.7875,0.1764706,0.24922119,0.4391607,Gerald Everett,LAC,7.3,2.100371412667504,10.301111111111112,24.574563961193874,55.55555555555556,63.0,0.0,5.783999999999999,6.0752218635532245,-0.29122186355322555,00-0033895,Gerald,Everett,G.Everett,REG,LAC,SEA,Gerald Everett,EverGe00,0.0,1.0,0.111,77.5
2022,REG,7,00-0036754,B.Wright,TE,TE,DET,15626,8f182089-7730-499e-8f2e-87bda32debfb,23341.0,60994.0,7891.0,,4242392.0,33774.0,,2807423.0,WrigBr01,,15681.0,,1162.0,33774.0,0.0,,978120.0,Brock Wright,brock wright,4,4,57.0,0,0.0,0.0,9.0,48.0,3.0,4.217664,0,6.3333335,0.16,0.059602648,0.28172186,,,,,,,,,,,,,,,,,REG,DET,DAL,Brock Wright,WrigBr01,0.0,0.0,0.0,118.7
2022,REG,7,00-0032392,A.Hooper,TE,TE,TEN,12677,90c2a93f-d837-4e1b-b57c-56648903a8db,15581.0,10715.0,3202.0,,3043275.0,29315.0,,2067004.0,HoopAu00,austin-hooper-1,10748.0,11301.0,384.0,29315.0,739424.0,17963.0,739424.0,Austin Hooper,austin hooper,3,3,56.0,0,0.0,0.0,43.0,13.0,3.0,6.0008955,0,1.3023256,0.15,0.2986111,0.4340278,,,,,,,,,,,,,,,,,REG,TEN,IND,Austin Hooper,HoopAu00,1.0,0.0,0.0,118.7
2022,REG,7,00-0037252,G.Dulcich,TE,TE,DEN,15797,b9e4a022-d15c-4cef-9879-170277f17207,23153.0,,8172.0,,4367209.0,34036.0,,2964274.0,DulcGr00,greg-dulcich-1,15891.0,,,34036.0,0.0,,1128085.0,Greg Dulcich,greg dulcich,6,9,51.0,0,0.0,0.0,76.0,22.0,2.0,-2.4587104,0,0.67105263,0.2,0.16101696,0.41271186,Greg Dulcich,DEN,6.941428571428572,3.174706643422975,8.09222222222222,16.480358435916,66.66666666666666,51.0,0.0,3.5933333333333337,2.7334348512692372,0.8598984820640965,00-0037252,Greg,Dulcich,G.Dulcich,REG,DEN,NYJ,Greg Dulcich,DulcGr00,0.0,1.0,0.111,41.7
2022,REG,7,00-0034383,D.Schultz,TE,TE,DAL,13772,8caec1b4-e0b6-4a84-b8c8-617d6e91ef6a,17349.0,47304.0,5001.0,,3117256.0,31107.0,,2136748.0,SchuDa00,dalton-schultz-1,12514.0,13198.0,487.0,31107.0,830523.0,19920.0,830523.0,Dalton Schultz,dalton schultz,5,5,49.0,0,0.0,0.0,25.0,24.0,3.0,3.8690479,0,1.96,0.2,0.09259259,0.36481482,Dalton Schultz,DAL,4.0225,4.561650406715257,4.636000000000001,8.699894910674077,100.0,49.0,0.0,5.163999999999999,4.234018799102887,0.929981200897112,00-0034383,Dalton,Schultz,D.Schultz,REG,DAL,DET,Dalton Schultz,SchuDa00,0.0,0.0,0.0,107.5
2022,REG,7,00-0034830,H.Hurst,TE,TE,CIN,13680,1b125fc4-5dd9-4eb9-a42f-048e61ca42b7,17283.0,47294.0,4973.0,,3924365.0,30995.0,,2185053.0,HursHa00,hayden-hurst-1,12467.0,13098.0,8.0,30995.0,881956.0,19843.0,881956.0,Hayden Hurst,hayden hurst,6,8,48.0,0,0.0,0.0,51.0,15.0,4.0,3.206167,0,0.9411765,0.1904762,0.14049587,0.3840614,Hayden Hurst,CIN,6.3825,3.6344470233653086,7.725,16.173776498298867,75.0,48.0,0.0,2.683333333333335,3.1152252714588635,-0.4318919381255286,00-0034830,Hayden,Hurst,H.Hurst,REG,CIN,ATL,Hayden Hurst,HursHa00,0.0,0.0,0.0,89.6
2022,REG,7,00-0035229,T.Hockenson,TE,TE,DET,14138,bd1120b6-38b3-4225-a4b0-20660a149d0d,18290.0,40912.0,5844.0,,4036133.0,31840.0,,2251097.0,HockTJ00,tj-hockenson-1,13610.0,14051.0,247.0,31840.0,923915.0,20805.0,923915.0,T.J. Hockenson,tj hockenson,4,5,48.0,0,0.0,0.0,39.0,15.0,3.0,2.8257174,0,1.2307693,0.2,0.25827813,0.4807947,T.J. Hockenson,DET,6.640000000000001,1.5621599867835834,7.408000000000001,24.957886934842666,80.0,48.0,0.0,4.052499999999998,3.4591311647913834,0.593368835208615,00-0035229,Thomas,Hockenson,T.Hockenson,REG,DET,DAL,T.J. Hockenson,HockTJ00,0.0,0.0,0.0,106.7
2022,REG,7,00-0034159,W.Dissly,TE,TE,SEA,13763,383f4814-6836-4766-a297-fc063e8509cc,18049.0,30762.0,5010.0,,3127292.0,31090.0,,2139628.0,DissWi00,will-dissly-1,12986.0,13246.0,86.0,31090.0,837806.0,19950.0,837806.0,Will Dissly,will dissly,4,4,45.0,0,0.0,0.0,23.0,22.0,3.0,3.7366648,0,1.9565217,0.15384616,0.11004785,0.30780274,,,,,,,,,,,,,,,,,REG,SEA,LAC,Will Dissly,DissWi00,0.0,0.0,0.0,113.5
2022,REG,7,00-0033757,R.Tonyan,TE,TE,GB,13427,7c9c7800-69d0-459b-812b-a07ac48e9f2a,16502.0,12193.0,4602.0,,2975674.0,30777.0,,2820026.0,TonyRo00,,12389.0,12868.0,,30777.0,660151.0,19491.0,660151.0,Robert Tonyan,robert tonyan,3,4,32.0,0,0.0,0.0,21.0,16.0,0.0,-0.62245446,0,1.5238096,0.121212125,0.11170213,0.26000968,,,,,,,,,,,,,,,,,REG,GB,WAS,Robert Tonyan,TonyRo00,0.0,1.0,0.25,97.9
2022,REG,7,00-0036040,J.Johnson,TE,TE,NO,14861,0226b03b-f91d-4223-9813-9fcd2e9c3acc,19562.0,28305.0,7002.0,,3929645.0,33113.0,,2186637.0,JohnJu02,,14630.0,,575.0,33113.0,0.0,21738.0,884609.0,Juwan Johnson,juwan johnson,5,5,32.0,2,0.0,0.0,7.0,25.0,2.0,2.8513699,0,4.571429,0.10869565,0.018918918,0.17628673,Juwan Johnson,NO,3.4433333333333334,3.8331471907234453,2.3499999999999996,3.0428589926194465,100.0,32.0,2.0,5.03,2.650104735465584,2.3798952645344165,00-0036040,Juwan,Johnson,J.Johnson,REG,NO,ARI,Juwan Johnson,JohnJu02,0.0,0.0,0.0,132.9
2022,REG,7,00-0036290,C.Kmet,TE,TE,CHI,14867,036feeb6-9a22-43c5-a8e3-7ac611d8ff49,19229.0,60995.0,6826.0,,4258595.0,32713.0,,2868619.0,KmetCo00,cole-kmet-1,14436.0,,569.0,32713.0,0.0,21772.0,1066765.0,Cole Kmet,cole kmet,2,3,32.0,0,0.0,0.0,36.0,9.0,1.0,2.693471,0,0.8888889,0.14285715,0.17560975,0.33721253,,,,,,,,,,,,,,,,,REG,CHI,NE,Cole Kmet,KmetCo00,0.0,0.0,0.0,102.1
2022,REG,7,00-0037005,T.Tremble,TE,TE,CAR,15332,cbee2fd3-e5f2-4316-bffd-531f1873f032,22795.0,84025.0,7694.0,,4372780.0,33471.0,,2969027.0,TremTo00,tommy-tremble-1,15371.0,,1054.0,33471.0,0.0,,1130555.0,Tommy Tremble,tommy tremble,1,1,29.0,1,0.0,0.0,29.0,0.0,1.0,4.4994974,0,1.0,0.04761905,0.16860466,0.18945183,,,,,,,,,,,,,,,,,REG,CAR,TB,Tommy Tremble,TremTo00,0.0,0.0,0.0,158.3
2022,REG,7,00-0034981,F.Moreau,TE,TE,LV,14239,9c3a67fd-5c6e-4689-9e08-9ff6d4db6c9a,18397.0,47043.0,5985.0,,3843945.0,31969.0,,2180634.0,MoreFo00,foster-moreau-1,13822.0,14154.0,179.0,31969.0,865573.0,20884.0,865573.0,Foster Moreau,foster moreau,3,5,28.0,0,0.0,0.0,29.0,16.0,2.0,-0.27312472,0,0.9655172,0.1923077,0.1576087,0.39878762,Foster Moreau,LV,6.415000000000001,2.347940609096408,6.746000000000002,18.424646310154593,60.0,28.0,0.0,6.026666666666664,4.649070866122808,1.3775958005438556,00-0034981,Foster,Moreau,F.Moreau,REG,LV,HOU,Foster Moreau,MoreFo00,1.0,0.0,0.0,75.4
2022,REG,7,00-0036244,C.Parkinson,TE,TE,SEA,14871,1ea7affb-e5e7-491a-aaa3-55e200b2eb48,19372.0,52266.0,6865.0,,4242557.0,32803.0,,2867522.0,ParkCo02,colby-parkinson-1,14463.0,,565.0,32803.0,0.0,21807.0,1060312.0,Colby Parkinson,colby parkinson,1,1,28.0,0,0.0,0.0,2.0,26.0,1.0,1.4941432,0,14.0,0.03846154,0.009569378,0.064390875,,,,,,,,,,,,,,,,,REG,SEA,LAC,Colby Parkinson,ParkCo02,0.0,0.0,0.0,118.7
2022,REG,7,00-0037168,A.Rogers,TE,TE,WAS,15990,6a3edb00-ca63-11ec-bdda-4fe5bed84950,24242.0,,8665.0,,4056052.0,34278.0,,2258253.0,RogeAr00,,16362.0,,,34278.0,0.0,,944636.0,Armani Rogers,armani rogers,3,3,28.0,0,0.0,0.0,12.0,16.0,2.0,2.2368255,0,2.3333333,0.09375,0.0625,0.184375,,,,,,,,,,,,,,,,,REG,WAS,GB,Armani Rogers,RogeAr00,0.0,0.0,0.0,105.6
2022,REG,7,00-0034829,M.Gesicki,TE,TE,MIA,13672,1012cbe0-7eba-4169-bfca-183a0204e1a7,17272.0,47153.0,4993.0,,3116164.0,31012.0,,2139298.0,GesiMi00,mike-gesicki-1,12764.0,13104.0,330.0,31012.0,836152.0,19853.0,836152.0,Mike Gesicki,mike gesicki,3,7,27.0,0,0.0,0.0,64.0,12.0,1.0,-2.8600314,0,0.421875,0.2,0.18550725,0.42985508,Mike Gesicki,MIA,5.698571428571428,2.2563702135344883,8.534285714285712,18.19178415907914,42.857142857142854,27.0,0.0,4.420000000000002,4.325922469058621,0.09407753094138105,00-0034829,Michael,Gesicki,M.Gesicki,REG,MIA,PIT,Mike Gesicki,GesiMi00,1.0,1.0,0.143,53.9
2022,REG,7,00-0034011,D.Arnold,TE,TE,JAX,13880,d479a777-b53b-4bbf-a8e4-0c1675ac48df,17143.0,51842.0,4741.0,,4212989.0,30891.0,,2835170.0,ArnoDa00,,12276.0,12972.0,,30891.0,1053627.0,19659.0,1053627.0,Dan Arnold,dan arnold,1,1,24.0,0,0.0,0.0,0.0,24.0,1.0,1.533221,0,0.0,0.023255814,0.0,0.034883723,,,,,,,,,,,,,,,,,REG,JAX,NYG,Dan Arnold,ArnoDa00,0.0,0.0,0.0,118.7
2022,REG,7,00-0034270,T.Conklin,TE,TE,NYJ,13675,f0d17dfa-ebf3-416c-a8d2-c6bc30675103,17598.0,47327.0,5133.0,,3915486.0,31220.0,,2165249.0,ConkTy00,tyler-conklin-1,12809.0,13220.0,489.0,31127.0,861278.0,19988.0,861278.0,Tyler Conklin,tyler conklin,4,6,22.0,0,0.0,0.0,54.0,13.0,1.0,-2.989505,0,0.4074074,0.26086956,0.43548387,0.69614303,Tyler Conklin,NYJ,5.906,2.938124082227718,7.755,43.94182642364719,66.66666666666666,22.0,0.0,2.8450000000000006,3.2469024766462553,-0.40190247664625467,00-0034270,Tyler,Conklin,T.Conklin,REG,NYJ,DEN,Tyler Conklin,ConkTy00,0.0,0.0,0.0,72.9
2022,REG,7,00-0030061,Z.Ertz,TE,TE,ARI,11247,de3421f7-2147-4835-89a5-724e87bad463,11689.0,7816.0,1339.0,zachertz/2540158,15835.0,26658.0,,1685963.0,ErtzZa00,zach-ertz-1,8781.0,8409.0,305.0,26658.0,503177.0,14856.0,503177.0,Zach Ertz,zach ertz,2,4,21.0,0,0.0,0.0,28.0,0.0,1.0,0.727655,1,0.75,0.13793103,0.12962963,0.29763728,,,,,,,,,,,,,,,,,REG,ARI,NO,Zach Ertz,ErtzZa00,0.0,0.0,0.0,65.6
2022,REG,7,00-0031690,E.Tomlinson,TE,TE,DEN,13065,b3d7169b-9cf6-4fea-815a-26e4fb0ec16a,14339.0,9786.0,2755.0,,2511973.0,28658.0,,1759992.0,TomlEr01,,10553.0,10747.0,,28658.0,554431.0,17223.0,554431.0,Eric Tomlinson,eric tomlinson,2,2,21.0,0,0.0,0.0,4.0,17.0,1.0,2.278859,0,5.25,0.044444446,0.008474576,0.07259887,,,,,,,,,,,,,,,,,REG,DEN,NYJ,Eric Tomlinson,TomlEr01,0.0,0.0,0.0,110.4
2022,REG,7,00-0035345,C.Myarick,TE,TE,NYG,15620,002adaa8-5dc2-4b4b-95bc-53a38dce3849,19098.0,47358.0,6529.0,,3138744.0,32442.0,,3117054.0,,,14282.0,,,32442.0,0.0,21531.0,838318.0,Chris Myarick,chris myarick,2,2,21.0,0,0.0,0.0,12.0,9.0,2.0,1.7100663,0,1.75,0.06896552,0.062176164,0.1469716,,,,,,,,,,,,,,,,,,,,,,,,,
2022,REG,7,00-0037311,K.Kieft,TE,TE,TB,15929,f96b8338-4ffb-4612-8c29-58dc3b12db69,24568.0,,8484.0,,4034779.0,34174.0,,2239763.0,KiefKo00,ko-kieft-1,16282.0,,,34174.0,0.0,,911239.0,Ko Kieft,ko kieft,1,1,18.0,0,0.0,0.0,12.0,6.0,1.0,1.124674,0,1.5,0.020833334,0.033426184,0.05464833,,,,,,,,,,,,,,,,,REG,TB,CAR,Ko Kieft,KiefKo00,0.0,0.0,0.0,118.7
2022,REG,7,00-0037838,I.Likely,TE,TE,BAL,15798,f9279edb-cfa7-4f7d-91df-b81cbf3e133e,23781.0,,8131.0,,4361050.0,34095.0,,2961906.0,LikeIs00,isaiah-likely-1,16033.0,,1257.0,34095.0,0.0,,1125111.0,Isaiah Likely,isaiah likely,1,1,16.0,0,0.0,0.0,10.0,6.0,1.0,1.3537182,0,1.6,0.0625,0.11764706,0.17610294,,,,,,,,,,,,,,,,,REG,BAL,CLE,Isaiah Likely,LikeIs00,0.0,0.0,0.0,118.7
2022,REG,7,00-0036232,H.Bryant,TE,TE,CLE,14875,f58a5899-8b78-46e8-a29a-ba6273b7d872,19389.0,26394.0,6850.0,,4040774.0,32785.0,,2241240.0,BryaHa00,harrison-bryant-1,14576.0,,752.0,32785.0,0.0,21783.0,916467.0,Harrison Bryant,harrison bryant,2,2,15.0,0,0.0,0.0,10.0,5.0,1.0,1.1793336,0,1.5,0.08,0.060606062,0.16242424,,,,,,,,,,,,,,,,,REG,CLE,BAL,Harrison Bryant,BryaHa00,0.0,0.0,0.0,97.9
2022,REG,7,00-0035771,M.Wilcox,TE,TE,CIN,15563,b2d98b60-b4b3-4610-81d2-2154c723fdbb,19510.0,47234.0,6894.0,,3923392.0,33171.0,,2188431.0,,,14634.0,,,33171.0,0.0,21800.0,885394.0,Mitchell Wilcox,mitchell wilcox,2,2,14.0,0,0.0,0.0,6.0,8.0,0.0,-0.2912154,0,2.3333333,0.04761905,0.016528925,0.08299882,,,,,,,,,,,,,,,,,,,,,,,,,
2022,REG,7,00-0038115,D.Bellinger,TE,TE,NYG,15873,42a1c03e-790e-46ba-b0d5-d304e44c02c7,24238.0,,8225.0,,4361516.0,34068.0,,2963615.0,BellDa00,daniel-bellinger-1,16036.0,,1322.0,34068.0,0.0,,1122035.0,Daniel Bellinger,daniel bellinger,1,1,13.0,0,0.0,0.0,10.0,3.0,1.0,0.9999451,0,1.3,0.03448276,0.051813472,0.08799357,,,,,,,,,,,,,,,,,REG,NYG,JAX,Daniel Bellinger,BellDa00,0.0,0.0,0.0,118.7
2022,REG,7,00-0033090,H.Henry,TE,TE,NE,12676,705899da-3c20-4bc3-b5d0-2e6e40655131,15561.0,10669.0,3214.0,,3046439.0,29269.0,,2079848.0,HenrHu00,hunter-henry-1,10735.0,11299.0,212.0,29269.0,744425.0,17975.0,744425.0,Hunter Henry,hunter henry,1,2,12.0,0,0.0,0.0,12.0,0.0,1.0,0.27766055,0,1.0,0.071428575,0.04918033,0.1415691,,,,,,,,,,,,,,,,,REG,NE,CHI,Hunter Henry,HenrHu00,0.0,0.0,0.0,68.7
2022,REG,7,00-0036637,N.Gray,TE,TE,KC,15337,c97dfcb6-b999-476f-8487-f3848e92df17,19539.0,60878.0,7828.0,,4240472.0,33550.0,,2866903.0,GrayNo00,noah-gray-1,15459.0,,1059.0,33550.0,0.0,,1056981.0,Noah Gray,noah gray,1,1,10.0,0,0.0,0.0,7.0,3.0,1.0,1.1918262,0,1.4285715,0.029411765,0.026923077,0.0629638,,,,,,,,,,,,,,,,,REG,KC,SF,Noah Gray,GrayNo00,0.0,0.0,0.0,108.3
2022,REG,7,00-0036970,K.Pitts,TE,TE,ATL,15329,1f3deb24-9ff8-4769-8f42-825eff7742f6,20164.0,83964.0,7553.0,,4360248.0,33392.0,,2964514.0,PittKy00,kyle-pitts-1,15265.0,,1051.0,33392.0,0.0,,1123026.0,Kyle Pitts,kyle pitts,3,5,9.0,0,0.0,0.0,20.0,3.0,1.0,-2.6341832,0,0.45,0.41666666,0.2,0.765,Kyle Pitts,ATL,7.76,2.0030454608783312,4.789999999999998,22.55391279781523,60.0,9.0,0.0,0.8766666666666664,1.3724865740161214,-0.495819907349455,00-0036970,Kyle,Pitts,K.Pitts,REG,ATL,CIN,Kyle Pitts,PittKy00,0.0,0.0,0.0,64.6
2022,REG,7,00-0027981,K.Rudolph,TE,TE,TB,10312,1059e9dc-97df-4643-9116-883a0573d8b1,9906.0,6195.0,943.0,kylerudolph/2495438,14054.0,24830.0,7444.0,1633122.0,RudoKy00,kyle-rudolph-1,7246.0,6459.0,,24830.0,469472.0,13275.0,469472.0,Kyle Rudolph,kyle rudolph,1,1,8.0,0,0.0,0.0,5.0,3.0,0.0,0.41304606,0,1.6,0.020833334,0.013927577,0.040999305,,,,,,,,,,,,,,,,,REG,TB,CAR,Kyle Rudolph,RudoKy00,0.0,0.0,0.0,100.0
2022,REG,7,00-0035547,J.Fortson,TE,TE,KC,15070,a01ffd42-5fdb-42f8-95ab-157025e3fba8,18831.0,94384.0,6665.0,,4408854.0,32600.0,,3117124.0,FortJo01,,14306.0,,,32600.0,0.0,21383.0,1167484.0,Jody Fortson,jody fortson,1,2,8.0,0,0.0,0.0,12.0,2.0,1.0,0.090656325,0,0.6666667,0.05882353,0.046153847,0.12054299,,,,,,,,,,,,,,,,,REG,KC,SF,Jody Fortson,FortJo01,0.0,0.0,0.0,60.4
2022,REG,7,00-0035644,N.Fant,TE,TE,SEA,14137,cdc98acc-9eb6-4b44-81bb-61d7b8a3b55f,17527.0,42388.0,5857.0,,4036131.0,31852.0,,2251095.0,FantNo00,noah-fant-1,13426.0,14050.0,243.0,31852.0,923911.0,20753.0,923911.0,Noah Fant,noah fant,1,3,7.0,0,0.0,0.0,39.0,6.0,0.0,-0.9357776,0,0.17948718,0.115384616,0.18660288,0.30369893,,,,,,,,,,,,,,,,,REG,SEA,LAC,Noah Fant,FantNo00,0.0,0.0,0.0,42.4
2022,REG,7,00-0038041,J.Ferguson,TE,TE,DAL,15799,f46eab3d-d7dd-4420-b3f9-6da9ac1308ab,22718.0,,8110.0,,4242355.0,34085.0,,2867159.0,FergJa00,jake-ferguson-1,15947.0,,1258.0,34085.0,0.0,,1065361.0,Jake Ferguson,jake ferguson,1,1,7.0,0,0.0,0.0,5.0,2.0,0.0,1.0255972,0,1.4,0.04,0.018518519,0.07296296,,,,,,,,,,,,,,,,,REG,DAL,DET,Jake Ferguson,FergJa00,0.0,0.0,0.0,95.8
2022,REG,7,00-0036876,K.Granson,TE,TE,IND,15419,bcc0167c-05fd-4b23-981e-60b8784ceb33,22841.0,40630.0,7602.0,,4039160.0,33515.0,,2247146.0,GranKy00,kylen-granson-1,15245.0,,1119.0,33515.0,0.0,,921050.0,Kylen Granson,kylen granson,1,1,6.0,0,0.0,0.0,5.0,1.0,0.0,0.32438704,0,1.2,0.024390243,0.030487806,0.05792683,,,,,,,,,,,,,,,,,REG,IND,TEN,Kylen Granson,GranKy00,0.0,0.0,0.0,91.7
2022,REG,7,00-0037304,C.Heyward,TE,TE,PIT,15800,62e96d7c-e4dd-4a90-8c3a-8017eb69120d,24562.0,,8181.0,,4241961.0,34163.0,,2867599.0,HeywCo00,connor-heyward-1,15916.0,,,34163.0,0.0,,1057457.0,Connor Heyward,connor heyward,1,1,6.0,0,0.0,0.0,-2.0,8.0,0.0,0.49666974,0,0.0,0.023809524,-0.006802721,0.030952381,,,,,,,,,,,,,,,,,REG,PIT,MIA,Connor Heyward,HeywCo00,0.0,0.0,0.0,91.7
2022,REG,7,00-0030108,R.Griffin,TE,TE,CHI,11399,cb1df42c-b59c-4e23-a9a2-fbfc2b39ef71,11830.0,7982.0,1425.0,ryangriffin/2541316,15887.0,26824.0,,2057695.0,GrifRy00,ryan-griffin-1,8911.0,8600.0,,26824.0,465129.0,14985.0,465129.0,Ryan Griffin,ryan griffin,1,1,5.0,0,0.0,0.0,-1.0,6.0,0.0,0.048179988,0,0.0,0.04761905,-0.004878049,0.06801394,,,,,,,,,,,,,,,,,REG,CHI,NE,Ryan Griffin,GrifRy00,0.0,0.0,0.0,87.5
2022,REG,7,00-0032134,C.Uzomah,TE,TE,NYJ,12317,19858900-5c8e-49a7-ab02-34ef625724ca,14084.0,9590.0,2460.0,c.j.uzomah/2552559,2574576.0,28545.0,,2174118.0,UzomC.00,cj-uzomah-1,10462.0,10534.0,,28545.0,593305.0,16917.0,593305.0,C.J. Uzomah,cj uzomah,1,2,5.0,0,0.0,0.0,8.0,7.0,0.0,-1.4955857,0,0.625,0.08695652,0.06451613,0.17559607,,,,,,,,,,,,,,,,,REG,NYJ,DEN,C.J. Uzomah,UzomC.00,1.0,0.0,0.0,56.2
2022,REG,7,00-0037569,P.Hendershot,TE,TE,DAL,16000,944893b0-d30e-11ec-8b77-45b1765fd110,22971.0,,8197.0,,4258248.0,34607.0,,2867545.0,HendPe01,,16041.0,,,34607.0,0.0,,1065138.0,Peyton Hendershot,peyton hendershot,2,2,5.0,1,0.0,0.0,0.0,5.0,1.0,0.79148674,0,0.0,0.08,0.0,0.12,,,,,,,,,,,,,,,,,REG,DAL,DET,Peyton Hendershot,HendPe01,0.0,0.0,0.0,118.7
2022,REG,7,00-0033858,J.Smith,TE,TE,NE,13193,e4f25a37-74de-4bfb-b6c9-f50a4fab0b87,16460.0,11855.0,4144.0,,3054212.0,30213.0,,2081506.0,SmitJo01,jonnu-smith-1,11807.0,12344.0,84.0,30213.0,743749.0,18990.0,743749.0,Jonnu Smith,jonnu smith,1,3,4.0,0,0.0,0.0,26.0,1.0,0.0,-4.7506213,0,0.15384616,0.10714286,0.10655738,0.23530445,,,,,,,,,,,,,,,,,REG,NE,CHI,Jonnu Smith,SmitJo01,0.0,0.0,0.0,2.8
2022,REG,7,00-0037755,J.Woods,TE,TE,IND,15840,321af8f8-b4de-4ed2-a86f-7f97a85a13d4,23829.0,,8219.0,,4241410.0,34029.0,,2787078.0,WoodJe01,jelani-woods-1,15821.0,,1305.0,34029.0,0.0,,975503.0,Jelani Woods,jelani woods,1,2,4.0,0,0.0,0.0,4.0,0.0,1.0,-0.55250406,0,1.0,0.048780486,0.024390243,0.090243906,,,,,,,,,,,,,,,,,REG,IND,TEN,Jelani Woods,WoodJe01,0.0,0.0,0.0,56.2
2022,REG,7,00-0034365,I.Thomas,TE,TE,CAR,13678,ed8a8fd2-df67-45e7-a34f-984afb82f6ea,17387.0,42130.0,4995.0,,4045305.0,31071.0,,2253359.0,ThomIa00,ian-thomas-3,12858.0,13163.0,323.0,31071.0,943093.0,19910.0,943093.0,Ian Thomas,ian thomas,1,1,3.0,0,0.0,0.0,-6.0,9.0,0.0,-0.38318464,0,0.0,0.04761905,-0.034883723,0.047009967,,,,,,,,,,,,,,,,,REG,CAR,TB,Ian Thomas,ThomIa00,0.0,0.0,0.0,79.2
2022,REG,7,00-0032141,G.Swaim,TE,TE,TEN,12378,d0f9112d-2496-450a-9fc5-d2d01b4d2454,14164.0,9679.0,2545.0,geoffswaim/2553454,3046704.0,28634.0,,2174207.0,SwaiGe00,geoff-swaim-1,10507.0,10617.0,,28634.0,728021.0,17005.0,728021.0,Geoff Swaim,geoff swaim,0,1,0.0,0,0.0,0.0,13.0,0.0,0.0,-0.45663053,0,0.0,0.05,0.090277776,0.13819444,,,,,,,,,,,,,,,,,REG,TEN,IND,Geoff Swaim,SwaiGe00,0.0,0.0,0.0,39.6
2022,REG,7,00-0033576,E.Saubert,TE,TE,DEN,13315,582dc00e-e7ec-4ca7-bff0-f7b1d604017b,16706.0,11929.0,4189.0,,2975863.0,30287.0,,2001018.0,SaubEr00,,11897.0,12300.0,,30287.0,694931.0,19035.0,694931.0,Eric Saubert,eric saubert,0,1,0.0,0,0.0,0.0,19.0,0.0,0.0,-1.6273738,0,0.0,0.022222223,0.04025424,0.0615113,,,,,,,,,,,,,,,,,REG,DEN,NYJ,Eric Saubert,SaubEr00,0.0,0.0,0.0,39.6
2022,REG,7,00-0034613,T.Hudson,TE,TE,NYG,14370,2fa75e05-cac4-4b40-8924-dbc9ae0c959c,17826.0,66924.0,5409.0,,3050481.0,31257.0,,2926606.0,,,13286.0,,,31257.0,1115394.0,20506.0,1115394.0,Tanner Hudson,tanner hudson,0,1,0.0,0,0.0,0.0,2.0,0.0,0.0,-1.7738092,0,0.0,0.03448276,0.010362694,0.058978025,,,,,,,,,,,,,,,,,,,,,,,,,
2022,REG,7,00-0034753,M.Andrews,TE,TE,BAL,13671,0618f387-9b72-4270-8b8f-dec4cccc9e4a,17269.0,47436.0,5012.0,,3116365.0,31056.0,,2131121.0,AndrMa00,mark-andrews-1,12559.0,13182.0,366.0,31056.0,820699.0,19803.0,820699.0,Mark Andrews,mark andrews,0,2,0.0,0,0.0,0.0,21.0,0.0,0.0,-2.5059094,0,0.0,0.125,0.24705882,0.36044118,,,,,,,,,,,,,,,,,REG,BAL,CLE,Mark Andrews,AndrMa00,0.0,0.0,0.0,39.6
2022,REG,7,00-0035222,Z.Gentry,TE,TE,PIT,14240,58f18567-a050-49c4-aeca-b34499338b37,18690.0,36049.0,6018.0,,3929924.0,31973.0,,2185708.0,GentZa00,zach-gentry-2,13511.0,14247.0,,31973.0,883079.0,20770.0,883079.0,Zach Gentry,zach gentry,2,2,0.0,0,0.0,0.0,-6.0,6.0,0.0,-1.0883541,0,0.0,0.04761905,-0.020408163,0.057142857,,,,,,,,,,,,,,,,,REG,PIT,MIA,Zach Gentry,GentZa00,0.0,0.0,0.0,79.2
2022,REG,7,00-0035249,J.Oliver,TE,TE,BAL,14209,dc83f7af-7b30-4c4a-9c93-f67bd8db954b,18487.0,47083.0,5973.0,,3921690.0,31901.0,,2184618.0,OlivJo00,josh-oliver-1,13786.0,14127.0,7.0,31901.0,881779.0,20899.0,881779.0,Josh Oliver,josh oliver,0,1,0.0,0,0.0,0.0,5.0,0.0,0.0,-0.976073,0,0.0,0.0625,0.05882353,0.13492647,,,,,,,,,,,,,,,,,REG,BAL,CLE,Josh Oliver,OlivJo00,0.0,0.0,0.0,39.6
2022,REG,7,00-0036556,B.Jordan,TE,TE,HOU,15330,8ffb5c07-4aa1-4796-b1ab-30c1ab0ccc4c,20162.0,77887.0,7568.0,,4362504.0,33535.0,,2964787.0,JordBr00,brevin-jordan-1,15369.0,,1052.0,33535.0,0.0,,1121871.0,Brevin Jordan,brevin jordan,0,4,0.0,0,0.0,0.0,51.0,0.0,0.0,-12.396136,0,0.0,0.1,0.22566372,0.3079646,,,,,,,,,,,,,,,,,REG,HOU,LV,Brevin Jordan,JordBr00,0.0,1.0,0.25,0.0
2022,REG,7,00-0037078,C.Turner,TE,TE,WAS,15803,fc78ba73-7ef3-4dda-9a06-b5101f7ff7b1,23727.0,,8214.0,,4361438.0,34105.0,,2961855.0,TurnCo00,cole-turner-2,15923.0,,,34105.0,0.0,,1122692.0,Cole Turner,cole turner,0,2,0.0,0,0.0,0.0,19.0,0.0,0.0,-2.2844813,0,0.0,0.0625,0.098958336,0.16302083,,,,,,,,,,,,,,,,,REG,WAS,GB,Cole Turner,TurnCo00,0.0,0.0,0.0,39.6
2022,REG,7,00-0037809,C.Okonkwo,TE,TE,TEN,15889,14e11f9b-58c8-437f-abc0-a4e4df9a7c47,23982.0,,8210.0,,4360635.0,34099.0,,2965208.0,OkonCh00,chigoziem-okonkwo-1,16042.0,,1320.0,34099.0,0.0,,1106374.0,Chigoziem Okonkwo,chigoziem okonkwo,0,1,0.0,0,0.0,0.0,-1.0,0.0,0.0,-0.57449293,0,0.0,0.05,-0.0069444445,0.07013889,,,,,,,,,,,,,,,,,REG,TEN,IND,Chigoziem Okonkwo,OkonCh00,0.0,0.0,0.0,39.6
2022,REG,8,00-0037252,G.Dulcich,TE,TE,DEN,15797,b9e4a022-d15c-4cef-9879-170277f17207,23153.0,,8172.0,,4367209.0,34036.0,,2964274.0,DulcGr00,greg-dulcich-1,15891.0,,,34036.0,0.0,,1128085.0,Greg Dulcich,greg dulcich,4,5,87.0,0,0.0,0.0,114.0,31.0,3.0,5.936529,0,0.7631579,0.1923077,0.39310345,0.563634,Greg Dulcich,DEN,6.2575,4.064491836905484,21.664,39.892461238168906,80.0,87.0,0.0,8.204999999999998,7.397826141044561,0.8071738589554371,00-0037252,Greg,Dulcich,G.Dulcich,REG,DEN,JAX,Greg Dulcich,DulcGr00,0.0,0.0,0.0,118.7
2022,REG,8,00-0035229,T.Hockenson,TE,TE,DET,14138,bd1120b6-38b3-4225-a4b0-20660a149d0d,18290.0,40912.0,5844.0,,4036133.0,31840.0,,2251097.0,HockTJ00,tj-hockenson-1,13610.0,14051.0,247.0,31840.0,923915.0,20805.0,923915.0,T.J. Hockenson,tj hockenson,3,4,80.0,0,0.0,0.0,34.0,53.0,2.0,4.161058,0,2.3529413,0.10810811,0.12734082,0.25130075,,,,,,,,,,,,,,,,,REG,DET,MIA,T.J. Hockenson,HockTJ00,1.0,0.0,0.0,116.7
2022,REG,8,00-0036970,K.Pitts,TE,TE,ATL,15329,1f3deb24-9ff8-4769-8f42-825eff7742f6,20164.0,83964.0,7553.0,,4360248.0,33392.0,,2964514.0,PittKy00,kyle-pitts-1,15265.0,,1051.0,33392.0,0.0,,1123026.0,Kyle Pitts,kyle pitts,5,9,80.0,1,0.0,0.0,57.0,44.0,4.0,3.2309399,0,1.4035088,0.32142857,0.18688525,0.61296254,Kyle Pitts,ATL,7.736250000000001,4.951716022006142,6.873333333333333,21.98997547189933,55.55555555555556,80.0,1.0,8.968,5.833199399310979,3.1348006006890206,00-0036970,Kyle,Pitts,K.Pitts,REG,ATL,CAR,Kyle Pitts,PittKy00,0.0,1.0,0.111,122.5
2022,REG,8,00-0034270,T.Conklin,TE,TE,NYJ,13675,f0d17dfa-ebf3-416c-a8d2-c6bc30675103,17598.0,47327.0,5133.0,,3915486.0,31220.0,,2165249.0,ConkTy00,tyler-conklin-1,12809.0,13220.0,489.0,31127.0,861278.0,19988.0,861278.0,Tyler Conklin,tyler conklin,6,10,79.0,2,0.0,0.0,149.0,28.0,5.0,2.083492,0,0.5302013,0.29411766,0.471519,0.77123976,Tyler Conklin,NYJ,3.703333333333333,3.0512798655012845,15.342000000000002,44.22472687440546,60.0,79.0,2.0,4.948333333333333,3.408488444106903,1.5398448892264303,00-0034270,Tyler,Conklin,T.Conklin,REG,NYJ,NE,Tyler Conklin,ConkTy00,1.0,0.0,0.0,85.0
2022,REG,8,00-0037838,I.Likely,TE,TE,BAL,15798,f9279edb-cfa7-4f7d-91df-b81cbf3e133e,23781.0,,8131.0,,4361050.0,34095.0,,2961906.0,LikeIs00,isaiah-likely-1,16033.0,,1257.0,34095.0,0.0,,1125111.0,Isaiah Likely,isaiah likely,6,7,77.0,1,0.0,0.0,64.0,25.0,5.0,6.092241,0,1.203125,0.20588236,0.30917874,0.52524865,Isaiah Likely,BAL,7.1971428571428575,2.8385971718268226,10.224285714285713,35.21799035527998,85.71428571428571,77.0,1.0,4.6400000000000015,2.6151970255745596,2.024802974425442,00-0037838,Isaiah,Likely,I.Likely,REG,BAL,TB,Isaiah Likely,LikeIs00,1.0,0.0,0.0,152.1
2022,REG,8,00-0034383,D.Schultz,TE,TE,DAL,13772,8caec1b4-e0b6-4a84-b8c8-617d6e91ef6a,17349.0,47304.0,5001.0,,3117256.0,31107.0,,2136748.0,SchuDa00,dalton-schultz-1,12514.0,13198.0,487.0,31107.0,830523.0,19920.0,830523.0,Dalton Schultz,dalton schultz,6,7,74.0,0,0.0,0.0,56.0,22.0,2.0,4.8761334,0,1.3214285,0.26923078,0.28865978,0.60590804,Dalton Schultz,DAL,8.978000000000002,3.191616812559217,8.272857142857143,29.618453355155488,85.71428571428571,74.0,0.0,3.9466666666666668,2.692236671166711,1.2544299954999558,00-0034383,Dalton,Schultz,D.Schultz,REG,DAL,CHI,Dalton Schultz,SchuDa00,0.0,0.0,0.0,110.7
2022,REG,8,00-0034351,D.Goedert,TE,TE,PHI,13674,e8029983-87cf-49a2-bc04-04c8233a0630,17270.0,47272.0,5022.0,,3121023.0,31019.0,,2132551.0,GoedDa00,,12860.0,13151.0,382.0,31019.0,791365.0,19863.0,791365.0,Dallas Goedert,dallas goedert,6,6,64.0,0,0.0,0.0,35.0,29.0,5.0,6.6548386,0,1.8285714,0.2,0.110410094,0.37728706,Dallas Goedert,PHI,6.5075,4.244733550804613,5.773333333333333,10.488388288370121,100.0,64.0,0.0,4.8933333333333335,4.961894971382965,-0.06856163804963167,00-0034351,Dallas,Goedert,D.Goedert,REG,PHI,PIT,Dallas Goedert,GoedDa00,0.0,0.0,0.0,111.1
2022,REG,8,00-0034613,T.Hudson,TE,TE,NYG,14370,2fa75e05-cac4-4b40-8924-dbc9ae0c959c,17826.0,66924.0,5409.0,,3050481.0,31257.0,,2926606.0,,,13286.0,,,31257.0,1115394.0,20506.0,1115394.0,Tanner Hudson,tanner hudson,3,5,58.0,0,0.0,0.0,32.0,37.0,3.0,2.501608,0,1.8125,0.16129032,0.13114753,0.33373877,Tanner Hudson,NYG,5.119999999999999,4.505685316053343,5.733999999999997,11.151302994943602,60.0,58.0,0.0,13.023333333333335,12.403452366371615,0.6198809669617198,00-0034613,Tanner,Hudson,T.Hudson,,,,,,,,,
2022,REG,8,00-0036894,P.Freiermuth,TE,TE,PIT,15331,04f0fefe-9d9d-44f5-94ea-6df2a42df3c6,20163.0,84085.0,7600.0,,4361411.0,33443.0,,2961270.0,FreiPa00,pat-freiermuth-1,15267.0,,1053.0,33443.0,0.0,,1116662.0,Pat Freiermuth,pat freiermuth,4,7,57.0,0,0.0,0.0,67.0,27.0,3.0,-0.17021799,0,0.8507463,0.175,0.2863248,0.46292734,Pat Freiermuth,PIT,4.283333333333333,3.3297706811604972,8.827142857142858,25.663496282759485,57.14285714285714,57.0,0.0,6.912499999999998,3.056976713246229,3.855523286753769,00-0036894,Pat,Freiermuth,P.Freiermuth,REG,PIT,PHI,Pat Freiermuth,FreiPa00,0.0,0.0,0.0,44.0
2022,REG,8,00-0034073,R.Dwelley,TE,TE,SF,13988,70473218-5ae3-47b4-86fd-151e68f1e8b9,17886.0,20994.0,5285.0,,3120303.0,31329.0,,2924888.0,DwelRo00,,13030.0,13522.0,,31329.0,752665.0,20361.0,752665.0,Ross Dwelley,ross dwelley,1,1,56.0,0,0.0,0.0,35.0,21.0,1.0,3.9723017,0,1.6,0.03846154,0.18134715,0.18463531,,,,,,,,,,,,,,,,,REG,SF,LA,Ross Dwelley,DwelRo00,0.0,0.0,0.0,118.7
2022,REG,8,00-0033881,E.Engram,TE,TE,JAX,13189,e21365af-8d66-416e-b0a5-8816d18fcfd9,16411.0,11778.0,4066.0,,3051876.0,30136.0,,2079887.0,EngrEv00,evan-engram-1,11805.0,12205.0,229.0,30136.0,749185.0,18912.0,749185.0,Evan Engram,evan engram,4,6,55.0,1,0.0,0.0,62.0,26.0,2.0,3.9239686,0,0.88709676,0.21428572,0.44285715,0.6314286,Evan Engram,JAX,9.648,2.821870488926296,10.176666666666668,43.17635412247207,66.66666666666666,55.0,1.0,6.354999999999999,4.559948340150413,1.7950516598495856,00-0033881,Evan,Engram,E.Engram,REG,JAX,DEN,Evan Engram,EngrEv00,1.0,1.0,0.167,135.4
2022,REG,8,00-0034830,H.Hurst,TE,TE,CIN,13680,1b125fc4-5dd9-4eb9-a42f-048e61ca42b7,17283.0,47294.0,4973.0,,3924365.0,30995.0,,2185053.0,HursHa00,hayden-hurst-1,12467.0,13098.0,8.0,30995.0,881956.0,19843.0,881956.0,Hayden Hurst,hayden hurst,4,4,42.0,0,0.0,0.0,29.0,13.0,2.0,5.028295,0,1.4482758,0.11764706,0.14720812,0.27951628,,,,,,,,,,,,,,,,,REG,CIN,CLE,Hayden Hurst,HursHa00,1.0,0.0,0.0,110.4
2022,REG,8,00-0033288,G.Kittle,TE,TE,SF,13299,2ada91b0-036e-454f-83c3-6d939ff584a9,16499.0,11901.0,4217.0,,3040151.0,30259.0,,2818265.0,KittGe00,george-kittle-1,11892.0,12276.0,298.0,30259.0,733672.0,19063.0,733672.0,George Kittle,george kittle,3,5,39.0,1,0.0,0.0,25.0,22.0,2.0,1.7683084,0,1.56,0.1923077,0.12953368,0.3791351,George Kittle,SF,6.458,4.210923212141537,7.798,19.68893601979498,60.0,39.0,1.0,8.036666666666669,5.629896258297474,2.406770408369195,00-0033288,George,Kittle,G.Kittle,REG,SF,LA,George Kittle,KittGe00,1.0,0.0,0.0,124.2
2022,REG,8,00-0034829,M.Gesicki,TE,TE,MIA,13672,1012cbe0-7eba-4169-bfca-183a0204e1a7,17272.0,47153.0,4993.0,,3116164.0,31012.0,,2139298.0,GesiMi00,mike-gesicki-1,12764.0,13104.0,330.0,31012.0,836152.0,19853.0,836152.0,Mike Gesicki,mike gesicki,3,4,38.0,1,0.0,0.0,40.0,12.0,2.0,3.607165,0,0.95,0.11764706,0.10309278,0.24863553,,,,,,,,,,,,,,,,,REG,MIA,DET,Mike Gesicki,GesiMi00,0.0,0.0,0.0,143.7
2022,REG,8,00-0033757,R.Tonyan,TE,TE,GB,13427,7c9c7800-69d0-459b-812b-a07ac48e9f2a,16502.0,12193.0,4602.0,,2975674.0,30777.0,,2820026.0,TonyRo00,,12389.0,12868.0,,30777.0,660151.0,19491.0,660151.0,Robert Tonyan,robert tonyan,5,6,35.0,0,0.0,0.0,35.0,23.0,1.0,1.0378836,0,1.0,0.20689656,0.15086207,0.41594827,Robert Tonyan,GB,10.407499999999999,4.751930018862564,5.046666666666666,12.877434719741432,83.33333333333334,35.0,0.0,5.41,7.438561083891682,-2.028561083891682,00-0033757,Robert,Tonyan,R.Tonyan,REG,GB,BUF,Robert Tonyan,TonyRo00,1.0,0.0,0.0,91.0
2022,REG,8,00-0030061,Z.Ertz,TE,TE,ARI,11247,de3421f7-2147-4835-89a5-724e87bad463,11689.0,7816.0,1339.0,zachertz/2540158,15835.0,26658.0,,1685963.0,ErtzZa00,zach-ertz-1,8781.0,8409.0,305.0,26658.0,503177.0,14856.0,503177.0,Zach Ertz,zach ertz,4,5,34.0,1,0.0,0.0,27.0,27.0,3.0,-2.15878,0,1.2592592,0.11627907,0.09375,0.24004361,Zach Ertz,ARI,5.457999999999999,3.123677238346165,4.331999999999999,7.6299845004931655,80.0,34.0,1.0,6.822500000000002,5.029280835428551,1.7932191645714504,00-0030061,Zachary,Ertz,Z.Ertz,REG,ARI,MIN,Zach Ertz,ErtzZa00,1.0,0.0,0.0,95.0
2022,REG,8,00-0034753,M.Andrews,TE,TE,BAL,13671,0618f387-9b72-4270-8b8f-dec4cccc9e4a,17269.0,47436.0,5012.0,,3116365.0,31056.0,,2131121.0,AndrMa00,mark-andrews-1,12559.0,13182.0,366.0,31056.0,820699.0,19803.0,820699.0,Mark Andrews,mark andrews,3,5,33.0,0,0.0,0.0,30.0,16.0,1.0,-1.2343996,0,1.1,0.14705883,0.14492753,0.32203752,Mark Andrews,BAL,5.748,2.29296609034209,5.836000000000003,14.358822950497002,60.0,33.0,0.0,6.036666666666664,5.886726977792326,0.14993968887433873,00-0034753,Mark,Andrews,M.Andrews,REG,BAL,TB,Mark Andrews,AndrMa00,0.0,0.0,0.0,79.6
2022,REG,8,00-0036438,S.Sullivan,TE,TE,CAR,15026,a41b8454-0326-4c56-87a2-f2aac3814961,19641.0,40411.0,6970.0,,4035426.0,32921.0,,2223251.0,SullSt00,stephen-sullivan-1,14570.0,,,32921.0,0.0,21865.0,910808.0,Stephen Sullivan,stephen sullivan,1,2,33.0,0,0.0,0.0,11.0,21.0,1.0,2.7194016,0,3.0,0.055555556,0.026004728,0.10153665,,,,,,,,,,,,,,,,,REG,CAR,ATL,Stephen Sullivan,SullSt00,0.0,0.0,0.0,95.8
2022,REG,8,00-0034981,F.Moreau,TE,TE,LV,14239,9c3a67fd-5c6e-4689-9e08-9ff6d4db6c9a,18397.0,47043.0,5985.0,,3843945.0,31969.0,,2180634.0,MoreFo00,foster-moreau-1,13822.0,14154.0,179.0,31969.0,865573.0,20884.0,865573.0,Foster Moreau,foster moreau,6,9,31.0,0,0.0,0.0,26.0,46.0,3.0,-1.3260813,0,1.1923077,0.23076923,0.0797546,0.40198207,Foster Moreau,LV,6.043333333333334,3.865672623483327,1.0033333333333334,2.940697560816752,66.66666666666666,31.0,0.0,7.328333333333333,7.452519326139736,-0.12418599280640308,00-0034981,Foster,Moreau,F.Moreau,REG,LV,NO,Foster Moreau,MoreFo00,0.0,1.0,0.111,72.0
2022,REG,8,00-0034970,I.Smith,TE,TE,MIN,14141,ed0e6a30-83d5-4f4b-bf49-f7ff80e21304,18610.0,42060.0,6126.0,,4040980.0,31882.0,,2257888.0,SmitIr01,irv-smith-jr-1,13583.0,14052.0,,31882.0,944428.0,20949.0,944428.0,Irv Smith,irv smith,4,4,28.0,0,0.0,0.0,14.0,14.0,0.0,0.74605215,0,2.0,0.12903225,0.06930693,0.24206324,,,,,,,,,,,,,,,,,REG,MIN,ARI,Irv Smith Jr.,SmitIr01,0.0,0.0,0.0,95.8
2022,REG,8,00-0032134,C.Uzomah,TE,TE,NYJ,12317,19858900-5c8e-49a7-ab02-34ef625724ca,14084.0,9590.0,2460.0,c.j.uzomah/2552559,2574576.0,28545.0,,2174118.0,UzomC.00,cj-uzomah-1,10462.0,10534.0,,28545.0,593305.0,16917.0,593305.0,C.J. Uzomah,cj uzomah,1,1,27.0,0,0.0,0.0,13.0,14.0,1.0,1.65633,0,2.0769231,0.029411765,0.04113924,0.072915114,,,,,,,,,,,,,,,,,REG,NYJ,NE,C.J. Uzomah,UzomC.00,0.0,0.0,0.0,118.7
2022,REG,8,00-0033879,O.Howard,TE,TE,HOU,13188,93ed8c6f-b676-46d3-bf82-6155e89b4a68,16380.0,11774.0,4055.0,,3043080.0,30132.0,,2061190.0,HowaO.00,oj-howard-1,11806.0,12161.0,,30132.0,732147.0,18901.0,732147.0,O.J. Howard,oj howard,2,3,24.0,0,0.0,0.0,24.0,11.0,1.0,0.13655598,0,1.0,0.1,0.10169491,0.22118644,,,,,,,,,,,,,,,,,REG,HOU,TEN,O.J. Howard,HowaO.00,0.0,0.0,0.0,91.0
2022,REG,8,00-0033090,H.Henry,TE,TE,NE,12676,705899da-3c20-4bc3-b5d0-2e6e40655131,15561.0,10669.0,3214.0,,3046439.0,29269.0,,2079848.0,HenrHu00,hunter-henry-1,10735.0,11299.0,212.0,29269.0,744425.0,17975.0,744425.0,Hunter Henry,hunter henry,1,1,22.0,0,0.0,0.0,20.0,2.0,1.0,1.6717168,0,1.1,0.03125,0.13422818,0.14083473,,,,,,,,,,,,,,,,,REG,NE,NYJ,Hunter Henry,HenrHu00,0.0,0.0,0.0,118.7
2022,REG,8,00-0035644,N.Fant,TE,TE,SEA,14137,cdc98acc-9eb6-4b44-81bb-61d7b8a3b55f,17527.0,42388.0,5857.0,,4036131.0,31852.0,,2251095.0,FantNo00,noah-fant-1,13426.0,14050.0,243.0,31852.0,923911.0,20753.0,923911.0,Noah Fant,noah fant,2,2,19.0,0,0.0,0.0,1.0,18.0,1.0,0.6973675,0,19.0,0.060606062,0.0038314175,0.09359109,,,,,,,,,,,,,,,,,REG,SEA,NYG,Noah Fant,FantNo00,0.0,0.0,0.0,106.2
2022,REG,8,00-0036556,B.Jordan,TE,TE,HOU,15330,8ffb5c07-4aa1-4796-b1ab-30c1ab0ccc4c,20162.0,77887.0,7568.0,,4362504.0,33535.0,,2964787.0,JordBr00,brevin-jordan-1,15369.0,,1052.0,33535.0,0.0,,1121871.0,Brevin Jordan,brevin jordan,2,5,19.0,0,0.0,0.0,6.0,19.0,1.0,-5.115875,0,3.1666667,0.16666667,0.025423728,0.2677966,Brevin Jordan,HOU,8.985,4.068416487613591,1.15,2.4524439136739744,40.0,19.0,0.0,9.54,8.155916401215336,1.3840835987846631,00-0036556,Brevin,Jordan,B.Jordan,REG,HOU,TEN,Brevin Jordan,JordBr00,0.0,0.0,0.0,11.7
2022,REG,8,00-0037005,T.Tremble,TE,TE,CAR,15332,cbee2fd3-e5f2-4316-bffd-531f1873f032,22795.0,84025.0,7694.0,,4372780.0,33471.0,,2969027.0,TremTo00,tommy-tremble-1,15371.0,,1054.0,33471.0,0.0,,1130555.0,Tommy Tremble,tommy tremble,2,4,17.0,0,0.0,0.0,49.0,4.0,1.0,-0.9786812,0,0.3469388,0.11111111,0.11583924,0.24775414,,,,,,,,,,,,,,,,,REG,CAR,ATL,Tommy Tremble,TremTo00,0.0,0.0,0.0,61.5
2022,REG,8,00-0033110,T.Higbee,TE,TE,LA,12678,0df7912d-9e81-47ea-b4f7-d04986df4ee8,15623.0,10744.0,3271.0,,2573401.0,29344.0,,1853103.0,HigbTy00,tyler-higbee-1,10854.0,11430.0,159.0,29344.0,604176.0,18032.0,604176.0,Tyler Higbee,tyler higbee,2,6,15.0,0,0.0,0.0,-1.0,15.0,1.0,-2.8096983,0,0.0,0.1875,-0.007246377,0.27617753,Tyler Higbee,LAR,5.046,3.367094409345008,-0.00833333333333286,-0.034059945504085254,33.33333333333333,15.0,0.0,7.439999999999998,8.310300158812652,-0.870300158812654,00-0033110,Tyler,Higbee,T.Higbee,REG,LA,SF,Tyler Higbee,HigbTy00,0.0,1.0,0.167,42.4
2022,REG,8,00-0037569,P.Hendershot,TE,TE,DAL,16000,944893b0-d30e-11ec-8b77-45b1765fd110,22971.0,,8197.0,,4258248.0,34607.0,,2867545.0,HendPe01,,16041.0,,,34607.0,0.0,,1065138.0,Peyton Hendershot,peyton hendershot,2,2,15.0,0,0.0,0.0,0.0,15.0,2.0,0.791856,0,0.0,0.07692308,0.0,0.115384616,,,,,,,,,,,,,,,,,REG,DAL,CHI,Peyton Hendershot,HendPe01,0.0,0.0,0.0,97.9
2022,REG,8,00-0038129,C.Otton,TE,TE,TB,15802,f23517bd-ae85-484a-8ecb-1f7a2d851e48,23181.0,,8111.0,,4243331.0,34062.0,,2815179.0,OttoCa00,cade-otton-1,16032.0,,1261.0,34062.0,0.0,,1049263.0,Cade Otton,cade otton,2,5,15.0,0,0.0,0.0,42.0,5.0,1.0,-0.33422384,0,0.35714287,0.11904762,0.14334472,0.27891272,Cade Otton,TB,9.454,2.5854276676183443,8.969999999999999,13.980237523767968,40.0,15.0,0.0,2.825000000000001,2.3791054403122303,0.4458945596877708,00-0038129,Cade,Otton,C.Otton,REG,TB,BAL,Cade Otton,OttoCa00,0.0,0.0,0.0,47.9
2022,REG,8,00-0036040,J.Johnson,TE,TE,NO,14861,0226b03b-f91d-4223-9813-9fcd2e9c3acc,19562.0,28305.0,7002.0,,3929645.0,33113.0,,2186637.0,JohnJu02,,14630.0,,575.0,33113.0,0.0,21738.0,884609.0,Juwan Johnson,juwan johnson,2,4,14.0,0,0.0,0.0,43.0,0.0,0.0,-4.1568694,0,0.3255814,0.13333334,0.27044025,0.38930818,,,,,,,,,,,,,,,,,REG,NO,LV,Juwan Johnson,JohnJu02,0.0,0.0,0.0,58.3
2022,REG,8,00-0037282,J.Mitchell,TE,TE,DET,15909,f461da0c-f764-414c-9e0d-2f02e22a68d8,23174.0,,8170.0,,4361988.0,34133.0,,2963242.0,MitcJa00,james-mitchell-2,16035.0,,,34133.0,0.0,,1123712.0,James Mitchell,james mitchell,1,1,14.0,0,0.0,0.0,0.0,14.0,1.0,0.6661759,0,0.0,0.027027028,0.0,0.04054054,,,,,,,,,,,,,,,,,REG,DET,MIA,James Mitchell,MitcJa00,0.0,0.0,0.0,118.7
2022,REG,8,00-0037168,A.Rogers,TE,TE,WAS,15990,6a3edb00-ca63-11ec-bdda-4fe5bed84950,24242.0,,8665.0,,4056052.0,34278.0,,2258253.0,RogeAr00,,16362.0,,,34278.0,0.0,,944636.0,Armani Rogers,armani rogers,1,2,13.0,0,0.0,0.0,5.0,14.0,1.0,0.04617724,0,2.6,0.06666667,0.0295858,0.12071006,,,,,,,,,,,,,,,,,REG,WAS,IND,Armani Rogers,RogeAr00,0.0,0.0,0.0,70.8
2022,REG,8,00-0034159,W.Dissly,TE,TE,SEA,13763,383f4814-6836-4766-a297-fc063e8509cc,18049.0,30762.0,5010.0,,3127292.0,31090.0,,2139628.0,DissWi00,will-dissly-1,12986.0,13246.0,86.0,31090.0,837806.0,19950.0,837806.0,Will Dissly,will dissly,2,2,12.0,0,0.0,0.0,1.0,11.0,2.0,4.1806965,0,12.0,0.060606062,0.0038314175,0.09359109,,,,,,,,,,,,,,,,,REG,SEA,NYG,Will Dissly,DissWi00,0.0,0.0,0.0,91.7
2022,REG,8,00-0036290,C.Kmet,TE,TE,CHI,14867,036feeb6-9a22-43c5-a8e3-7ac611d8ff49,19229.0,60995.0,6826.0,,4258595.0,32713.0,,2868619.0,KmetCo00,cole-kmet-1,14436.0,,569.0,32713.0,0.0,21772.0,1066765.0,Cole Kmet,cole kmet,2,2,11.0,1,0.0,0.0,8.0,3.0,1.0,1.4267962,0,1.375,0.08695652,0.039215688,0.15788576,,,,,,,,,,,,,,,,,REG,CHI,DAL,Cole Kmet,KmetCo00,0.0,0.0,0.0,129.2
2022,REG,8,00-0036876,K.Granson,TE,TE,IND,15419,bcc0167c-05fd-4b23-981e-60b8784ceb33,22841.0,40630.0,7602.0,,4039160.0,33515.0,,2247146.0,GranKy00,kylen-granson-1,15245.0,,1119.0,33515.0,0.0,,921050.0,Kylen Granson,kylen granson,3,3,11.0,0,0.0,0.0,0.0,11.0,1.0,-1.2234368,0,0.0,0.13043478,0.0,0.19565217,,,,,,,,,,,,,,,,,REG,IND,WAS,Kylen Granson,GranKy00,0.0,0.0,0.0,81.9
2022,REG,8,00-0033858,J.Smith,TE,TE,NE,13193,e4f25a37-74de-4bfb-b6c9-f50a4fab0b87,16460.0,11855.0,4144.0,,3054212.0,30213.0,,2081506.0,SmitJo01,jonnu-smith-1,11807.0,12344.0,84.0,30213.0,743749.0,18990.0,743749.0,Jonnu Smith,jonnu smith,3,4,10.0,0,0.0,0.0,10.0,9.0,1.0,0.22509885,0,1.0,0.125,0.06711409,0.23447986,,,,,,,,,,,,,,,,,REG,NE,NYJ,Jonnu Smith,SmitJo01,0.0,0.0,0.0,77.1
2022,REG,8,00-0035345,C.Myarick,TE,TE,NYG,15620,002adaa8-5dc2-4b4b-95bc-53a38dce3849,19098.0,47358.0,6529.0,,3138744.0,32442.0,,3117054.0,,,14282.0,,,32442.0,0.0,21531.0,838318.0,Chris Myarick,chris myarick,1,1,10.0,0,0.0,0.0,2.0,8.0,1.0,2.0667562,0,5.0,0.032258064,0.008196721,0.054124802,,,,,,,,,,,,,,,,,,,,,,,,,
2022,REG,8,00-0035689,D.Knox,TE,TE,BUF,14143,5fb525c5-4e70-4ede-8c49-94ad0cf66b7d,18631.0,35883.0,5906.0,,3930086.0,31928.0,,2186345.0,KnoxDa00,dawson-knox-1,13466.0,13953.0,88.0,31928.0,884083.0,20850.0,884083.0,Dawson Knox,dawson knox,2,3,10.0,1,0.0,0.0,26.0,1.0,1.0,0.84841985,0,0.3846154,0.12,0.080996886,0.23669782,,,,,,,,,,,,,,,,,REG,BUF,GB,Dawson Knox,KnoxDa00,0.0,0.0,0.0,111.1
2022,REG,8,00-0035572,P.Hesse,TE,TE,ATL,15564,5aab93f1-bc81-4d83-b105-d579a14eb349,19067.0,48369.0,6662.0,,3144991.0,32588.0,,3117115.0,,,14295.0,,,32588.0,0.0,21569.0,846264.0,Parker Hesse,parker hesse,1,1,9.0,0,0.0,0.0,8.0,1.0,1.0,0.93217987,0,1.125,0.035714287,0.026229508,0.071932085,,,,,,,,,,,,,,,,,,,,,,,,,
2022,REG,8,00-0036332,J.Deguara,TE,TE,GB,14876,7874d188-0fcd-4af9-9289-27c27e2bbd16,19456.0,47034.0,7050.0,,3914151.0,32764.0,,2181108.0,DeguJo00,josiah-deguara-1,14629.0,,,32764.0,0.0,21798.0,866149.0,Josiah Deguara,josiah deguara,1,1,9.0,0,0.0,0.0,-6.0,15.0,0.0,0.5286316,0,0.0,0.03448276,-0.02586207,0.03362069,,,,,,,,,,,,,,,,,REG,GB,BUF,Josiah Deguara,DeguJo00,0.0,0.0,0.0,104.2
2022,REG,8,00-0037311,K.Kieft,TE,TE,TB,15929,f96b8338-4ffb-4612-8c29-58dc3b12db69,24568.0,,8484.0,,4034779.0,34174.0,,2239763.0,KiefKo00,ko-kieft-1,16282.0,,,34174.0,0.0,,911239.0,Ko Kieft,ko kieft,1,1,9.0,0,0.0,0.0,6.0,3.0,0.0,0.8275572,0,1.5,0.023809524,0.020477816,0.050048757,,,,,,,,,,,,,,,,,REG,TB,BAL,Ko Kieft,KiefKo00,0.0,0.0,0.0,104.2
2022,REG,8,00-0032394,N.Vannett,TE,TE,NO,12680,c731aa8a-778b-4ccd-a19f-517eb66f47b7,15645.0,10728.0,3258.0,,2576399.0,29328.0,,1871322.0,VannNi00,nick-vannett-1,10949.0,11329.0,,29328.0,606488.0,18019.0,606488.0,Nick Vannett,nick vannett,1,1,8.0,0,0.0,0.0,7.0,1.0,0.0,0.18646803,0,1.1428572,0.033333335,0.044025157,0.08081761,,,,,,,,,,,,,,,,,REG,NO,LV,Nick Vannett,VannNi00,0.0,0.0,0.0,100.0
2022,REG,8,00-0034011,D.Arnold,TE,TE,JAX,13880,d479a777-b53b-4bbf-a8e4-0c1675ac48df,17143.0,51842.0,4741.0,,4212989.0,30891.0,,2835170.0,ArnoDa00,,12276.0,12972.0,,30891.0,1053627.0,19659.0,1053627.0,Dan Arnold,dan arnold,1,1,8.0,0,0.0,0.0,3.0,5.0,0.0,0.58048934,0,2.6666667,0.035714287,0.021428572,0.068571426,,,,,,,,,,,,,,,,,REG,JAX,DEN,Dan Arnold,ArnoDa00,0.0,0.0,0.0,100.0
2022,REG,8,00-0032214,T.Kroft,TE,TE,SF,12212,36f54823-9d51-4180-9c91-d10281deb4bf,13960.0,9518.0,2390.0,tylerkroft/2552586,2582410.0,28473.0,,1824200.0,KrofTy00,tyler-kroft-1,10247.0,10490.0,,28473.0,592268.0,16846.0,592268.0,Tyler Kroft,tyler kroft,1,1,6.0,0,0.0,0.0,6.0,0.0,0.0,0.15256037,0,1.0,0.03846154,0.031088082,0.07945397,,,,,,,,,,,,,,,,,REG,SF,LA,Tyler Kroft,KrofTy00,0.0,0.0,0.0,91.7
2022,REG,8,00-0036628,J.Bates,TE,TE,WAS,15344,3208880b-949f-4926-85eb-1940770550ea,22833.0,42275.0,7716.0,,4048228.0,33512.0,,2257291.0,BateJo00,john-bates-1,15289.0,,,33512.0,0.0,,944038.0,John Bates,john bates,1,1,6.0,0,0.0,0.0,1.0,5.0,0.0,0.23028815,0,6.0,0.033333335,0.00591716,0.054142013,,,,,,,,,,,,,,,,,REG,WAS,IND,John Bates,BateJo00,0.0,0.0,0.0,91.7
2022,REG,8,00-0036754,B.Wright,TE,TE,DET,15626,8f182089-7730-499e-8f2e-87bda32debfb,23341.0,60994.0,7891.0,,4242392.0,33774.0,,2807423.0,WrigBr01,,15681.0,,1162.0,33774.0,0.0,,978120.0,Brock Wright,brock wright,1,1,6.0,0,0.0,0.0,4.0,2.0,0.0,0.002916397,0,1.5,0.027027028,0.014981274,0.051027432,,,,,,,,,,,,,,,,,REG,DET,MIA,Brock Wright,WrigBr01,0.0,0.0,0.0,91.7
2022,REG,8,00-0032392,A.Hooper,TE,TE,TEN,12677,90c2a93f-d837-4e1b-b57c-56648903a8db,15581.0,10715.0,3202.0,,3043275.0,29315.0,,2067004.0,HoopAu00,austin-hooper-1,10748.0,11301.0,384.0,29315.0,739424.0,17963.0,739424.0,Austin Hooper,austin hooper,1,1,5.0,0,0.0,0.0,1.0,4.0,0.0,-0.88680315,0,5.0,0.125,0.021276595,0.20239362,,,,,,,,,,,,,,,,,REG,TEN,HOU,Austin Hooper,HoopAu00,0.0,0.0,0.0,87.5
2022,REG,8,00-0034364,J.Akins,TE,TE,HOU,13753,0cb5a32a-a340-4671-ba2a-93f5fa6aee8d,17415.0,47050.0,5032.0,,3128452.0,31068.0,,2142712.0,AkinJo00,jordan-akins-1,12568.0,13238.0,,31068.0,838396.0,19903.0,838396.0,Jordan Akins,jordan akins,1,2,5.0,0,0.0,0.0,12.0,0.0,0.0,-1.0822197,0,0.41666666,0.06666667,0.050847456,0.13559322,,,,,,,,,,,,,,,,,REG,HOU,TEN,Jordan Akins,AkinJo00,0.0,0.0,0.0,56.2
2022,REG,8,00-0036244,C.Parkinson,TE,TE,SEA,14871,1ea7affb-e5e7-491a-aaa3-55e200b2eb48,19372.0,52266.0,6865.0,,4242557.0,32803.0,,2867522.0,ParkCo02,colby-parkinson-1,14463.0,,565.0,32803.0,0.0,21807.0,1060312.0,Colby Parkinson,colby parkinson,1,1,5.0,0,0.0,0.0,3.0,2.0,0.0,-0.044163126,0,1.6666666,0.030303031,0.011494253,0.053500522,,,,,,,,,,,,,,,,,REG,SEA,NYG,Colby Parkinson,ParkCo02,0.0,0.0,0.0,87.5
2022,REG,8,00-0035249,J.Oliver,TE,TE,BAL,14209,dc83f7af-7b30-4c4a-9c93-f67bd8db954b,18487.0,47083.0,5973.0,,3921690.0,31901.0,,2184618.0,OlivJo00,josh-oliver-1,13786.0,14127.0,7.0,31901.0,881779.0,20899.0,881779.0,Josh Oliver,josh oliver,1,1,4.0,0,0.0,0.0,4.0,0.0,0.0,-0.03330245,0,1.0,0.029411765,0.019323671,0.05764422,,,,,,,,,,,,,,,,,REG,BAL,TB,Josh Oliver,OlivJo00,0.0,0.0,0.0,83.3
2022,REG,8,00-0035222,Z.Gentry,TE,TE,PIT,14240,58f18567-a050-49c4-aeca-b34499338b37,18690.0,36049.0,6018.0,,3929924.0,31973.0,,2185708.0,GentZa00,zach-gentry-2,13511.0,14247.0,,31973.0,883079.0,20770.0,883079.0,Zach Gentry,zach gentry,1,1,3.0,0,0.0,0.0,0.0,3.0,0.0,-0.28258923,0,0.0,0.025,0.0,0.0375,,,,,,,,,,,,,,,,,REG,PIT,PHI,Zach Gentry,GentZa00,0.0,0.0,0.0,79.2
2022,REG,8,00-0035771,M.Wilcox,TE,TE,CIN,15563,b2d98b60-b4b3-4610-81d2-2154c723fdbb,19510.0,47234.0,6894.0,,3923392.0,33171.0,,2188431.0,,,14634.0,,,33171.0,0.0,21800.0,885394.0,Mitchell Wilcox,mitchell wilcox,1,1,3.0,0,0.0,0.0,3.0,0.0,0.0,-0.5603825,0,1.0,0.029411765,0.015228426,0.054777544,,,,,,,,,,,,,,,,,,,,,,,,,
2022,REG,8,00-0037809,C.Okonkwo,TE,TE,TEN,15889,14e11f9b-58c8-437f-abc0-a4e4df9a7c47,23982.0,,8210.0,,4360635.0,34099.0,,2965208.0,OkonCh00,chigoziem-okonkwo-1,16042.0,,1320.0,34099.0,0.0,,1106374.0,Chigoziem Okonkwo,chigoziem okonkwo,1,2,3.0,0,0.0,0.0,22.0,0.0,0.0,-1.4699922,0,0.13636364,0.25,0.4680851,0.70265955,,,,,,,,,,,,,,,,,REG,TEN,HOU,Chigoziem Okonkwo,OkonCh00,0.0,0.0,0.0,56.2
2022,REG,8,00-0034365,I.Thomas,TE,TE,CAR,13678,ed8a8fd2-df67-45e7-a34f-984afb82f6ea,17387.0,42130.0,4995.0,,4045305.0,31071.0,,2253359.0,ThomIa00,ian-thomas-3,12858.0,13163.0,323.0,31071.0,943093.0,19910.0,943093.0,Ian Thomas,ian thomas,1,1,2.0,0,0.0,0.0,-5.0,7.0,0.0,-0.4896326,0,0.0,0.027777778,-0.011820331,0.033392437,,,,,,,,,,,,,,,,,REG,CAR,ATL,Ian Thomas,ThomIa00,0.0,0.0,0.0,79.2
2022,REG,8,00-0033246,J.Mundt,TE,TE,MIN,13940,6414998b-5831-44aa-8bd8-39e42a323c2c,16743.0,12206.0,4314.0,,3052096.0,30373.0,,2818622.0,MundJo00,,12316.0,12525.0,,30373.0,740704.0,19165.0,740704.0,Johnny Mundt,johnny mundt,1,1,1.0,1,0.0,0.0,1.0,0.0,1.0,1.2374899,0,1.0,0.032258064,0.004950495,0.051852442,,,,,,,,,,,,,,,,,REG,MIN,ARI,Johnny Mundt,MundJo00,0.0,0.0,0.0,118.7
2022,REG,8,00-0038041,J.Ferguson,TE,TE,DAL,15799,f46eab3d-d7dd-4420-b3f9-6da9ac1308ab,22718.0,,8110.0,,4242355.0,34085.0,,2867159.0,FergJa00,jake-ferguson-1,15947.0,,1258.0,34085.0,0.0,,1065361.0,Jake Ferguson,jake ferguson,1,1,1.0,1,0.0,0.0,1.0,0.0,1.0,0.54577494,0,1.0,0.03846154,0.005154639,0.061300553,,,,,,,,,,,,,,,,,REG,DAL,CHI,Jake Ferguson,FergJa00,0.0,0.0,0.0,118.7
2022,REG,8,00-0027981,K.Rudolph,TE,TE,TB,10312,1059e9dc-97df-4643-9116-883a0573d8b1,9906.0,6195.0,943.0,kylerudolph/2495438,14054.0,24830.0,7444.0,1633122.0,RudoKy00,kyle-rudolph-1,7246.0,6459.0,,24830.0,469472.0,13275.0,469472.0,Kyle Rudolph,kyle rudolph,0,1,0.0,0,0.0,0.0,13.0,0.0,0.0,-0.4612882,0,0.0,0.023809524,0.044368602,0.066772304,,,,,,,,,,,,,,,,,REG,TB,BAL,Kyle Rudolph,RudoKy00,0.0,0.0,0.0,39.6
2022,REG,8,00-0033217,M.Alie-Cox,TE,TE,IND,13246,8809c0dd-786b-4255-a7d0-333c9498c19a,16579.0,12078.0,4054.0,moalie-cox/2558832,2998565.0,30112.0,,2815925.0,AlieMo00,,12196.0,12221.0,195.0,30112.0,712506.0,18900.0,712506.0,Mo Alie-Cox,mo alie-cox,0,1,0.0,0,0.0,0.0,4.0,0.0,0.0,-0.5786768,0,0.0,0.04347826,0.020833334,0.079800725,,,,,,,,,,,,,,,,,REG,IND,WAS,Mo Alie-Cox,AlieMo00,0.0,0.0,0.0,39.6
2022,REG,8,00-0035562,J.Horsted,TE,TE,LV,14752,48c56733-6644-42ee-9020-07bd2deba1ad,18482.0,91465.0,6075.0,,3940587.0,32576.0,,3117107.0,,,13639.0,,,32576.0,0.0,20812.0,881708.0,Jesper Horsted,jesper horsted,0,1,0.0,0,0.0,0.0,13.0,0.0,0.0,-0.5850374,0,0.0,0.025641026,0.0398773,0.06637565,,,,,,,,,,,,,,,,,,,,,,,,,
2022,REG,8,00-0036145,L.Cager,TE,TE,NYG,15041,2f2181f8-cb0a-42e4-9468-17f5f5a219cc,19701.0,34914.0,7106.0,,3917849.0,33329.0,,2183845.0,,,14597.0,,,33329.0,0.0,21728.0,880123.0,Lawrence Cager,lawrence cager,0,1,0.0,0,0.0,0.0,22.0,0.0,0.0,-0.7549501,0,0.0,0.032258064,0.09016393,0.11150185,,,,,,,,,,,,,,,,,,,,,,,,,
2022,REG,8,00-0036741,J.Stoll,TE,TE,PHI,15541,0560d134-d316-4cda-9d48-34d32267af68,23193.0,42058.0,7946.0,,4034862.0,33891.0,,2239684.0,StolJa00,,15510.0,,,33891.0,0.0,,911985.0,Jack Stoll,jack stoll,0,1,0.0,0,0.0,0.0,13.0,0.0,0.0,-0.6671479,0,0.0,0.033333335,0.041009463,0.07870662,,,,,,,,,,,,,,,,,REG,PHI,PIT,Jack Stoll,StolJa00,0.0,0.0,0.0,39.6
2022,REG,8,00-0031484,C.Manhertz,TE,TE,JAX,12955,7c7b5515-7786-4e24-9ce0-34e6a8bd5727,14014.0,10211.0,3048.0,,2531358.0,28365.0,,2167520.0,ManhCh00,,10033.0,10295.0,,28365.0,563293.0,17762.0,563293.0,Chris Manhertz,chris manhertz,1,1,-1.0,0,0.0,0.0,-4.0,3.0,0.0,-0.96845543,0,0.0,0.035714287,-0.028571429,0.03357143,,,,,,,,,,,,,,,,,REG,JAX,DEN,Chris Manhertz,ManhCh00,0.0,0.0,0.0,79.2
2022,REG,9,00-0030506,T.Kelce,TE,TE,KC,11244,c3859e06-5f23-4302-a71b-04820a899d5f,11594.0,7844.0,1466.0,traviskelce/2540258,15847.0,26686.0,,1725130.0,KelcTr00,travis-kelce-1,8783.0,8411.0,264.0,26686.0,448240.0,15048.0,448240.0,Travis Kelce,travis kelce,10,17,106.0,0,0.0,0.0,111.0,48.0,7.0,-0.07093056,0,0.954955,0.27419356,0.25458714,0.5895013,Travis Kelce,KC,7.373076923076923,2.887210397845741,5.971764705882352,24.49984313536211,58.82352941176471,106.0,0.0,5.048,4.010600265146155,1.037399734853845,00-0030506,Travis,Kelce,T.Kelce,REG,KC,TEN,Travis Kelce,KelcTr00,1.0,4.0,0.235,52.6
2022,REG,9,00-0034351,D.Goedert,TE,TE,PHI,13674,e8029983-87cf-49a2-bc04-04c8233a0630,17270.0,47272.0,5022.0,,3121023.0,31019.0,,2132551.0,GoedDa00,,12860.0,13151.0,382.0,31019.0,791365.0,19863.0,791365.0,Dallas Goedert,dallas goedert,8,9,100.0,1,0.0,0.0,85.0,35.0,7.0,8.939074,0,1.1764706,0.36,0.46195653,0.8633696,Dallas Goedert,PHI,4.00375,3.9859108227907285,9.484444444444447,47.54901960784314,88.88888888888889,100.0,1.0,4.3862499999999995,5.062265613242314,-0.6760156132423143,00-0034351,Dallas,Goedert,D.Goedert,REG,PHI,HOU,Dallas Goedert,GoedDa00,0.0,0.0,0.0,150.0
2022,REG,9,00-0035644,N.Fant,TE,TE,SEA,14137,cdc98acc-9eb6-4b44-81bb-61d7b8a3b55f,17527.0,42388.0,5857.0,,4036131.0,31852.0,,2251095.0,FantNo00,noah-fant-1,13426.0,14050.0,243.0,31852.0,923911.0,20753.0,923911.0,Noah Fant,noah fant,5,6,96.0,0,0.0,0.0,34.0,72.0,4.0,7.513903,0,2.8235295,0.1875,0.45333335,0.59858334,Noah Fant,SEA,5.695,2.451981540633868,5.178333333333335,37.57861635220128,83.33333333333334,96.0,0.0,14.799999999999997,8.382311590762129,6.4176884092378685,00-0035644,Noah,Fant,N.Fant,REG,SEA,ARI,Noah Fant,FantNo00,0.0,1.0,0.167,118.7
2022,REG,9,00-0035229,T.Hockenson,TE,TE,MIN,14138,bd1120b6-38b3-4225-a4b0-20660a149d0d,18290.0,40912.0,5844.0,,4036133.0,31840.0,,2251097.0,HockTJ00,tj-hockenson-1,13610.0,14051.0,247.0,31840.0,923915.0,20805.0,923915.0,T.J. Hockenson,tj hockenson,9,9,70.0,0,0.0,0.0,50.0,20.0,5.0,4.372547,0,1.4,0.23076923,0.13227513,0.43874645,T.J. Hockenson,MIN,7.291428571428571,3.234174535752316,5.076666666666665,12.071653148035612,100.0,70.0,0.0,2.7011111111111124,3.0747214755588934,-0.37361036444778106,00-0035229,Thomas,Hockenson,T.Hockenson,REG,MIN,WAS,T.J. Hockenson,HockTJ00,0.0,0.0,0.0,99.1
2022,REG,9,00-0038129,C.Otton,TE,TE,TB,15802,f23517bd-ae85-484a-8ecb-1f7a2d851e48,23181.0,,8111.0,,4243331.0,34062.0,,2815179.0,OttoCa00,cade-otton-1,16032.0,,1261.0,34062.0,0.0,,1049263.0,Cade Otton,cade otton,5,6,68.0,1,0.0,0.0,40.0,34.0,4.0,6.0506825,0,1.7,0.10909091,0.14545454,0.26545453,Cade Otton,TB,4.9783333333333335,4.246771486922313,6.050000000000002,12.330581881178034,83.33333333333334,68.0,1.0,7.447999999999999,5.032230368861261,2.4157696311387378,00-0038129,Cade,Otton,C.Otton,REG,TB,LA,Cade Otton,OttoCa00,1.0,0.0,0.0,153.5
2022,REG,9,00-0033090,H.Henry,TE,TE,NE,12676,705899da-3c20-4bc3-b5d0-2e6e40655131,15561.0,10669.0,3214.0,,3046439.0,29269.0,,2079848.0,HenrHu00,hunter-henry-1,10735.0,11299.0,212.0,29269.0,744425.0,17975.0,744425.0,Hunter Henry,hunter henry,4,4,50.0,0,0.0,0.0,37.0,13.0,2.0,5.3619623,0,1.3513514,0.13793103,0.21637426,0.35835853,,,,,,,,,,,,,,,,,REG,NE,IND,Hunter Henry,HenrHu00,0.0,0.0,0.0,118.7
2022,REG,9,00-0037809,C.Okonkwo,TE,TE,TEN,15889,14e11f9b-58c8-437f-abc0-a4e4df9a7c47,23982.0,,8210.0,,4360635.0,34099.0,,2965208.0,OkonCh00,chigoziem-okonkwo-1,16042.0,,1320.0,34099.0,0.0,,1106374.0,Chigoziem Okonkwo,chigoziem okonkwo,1,3,48.0,0,0.0,0.0,16.0,52.0,1.0,2.5488434,0,3.0,0.23076923,0.10062893,0.4165941,,,,,,,,,,,,,,,,,REG,TEN,KC,Chigoziem Okonkwo,OkonCh00,2.0,0.0,0.0,81.9
2022,REG,9,00-0036637,N.Gray,TE,TE,KC,15337,c97dfcb6-b999-476f-8487-f3848e92df17,19539.0,60878.0,7828.0,,4240472.0,33550.0,,2866903.0,GrayNo00,noah-gray-1,15459.0,,1059.0,33550.0,0.0,,1056981.0,Noah Gray,noah gray,3,3,45.0,0,0.0,0.0,39.0,6.0,2.0,2.8163676,0,1.1538461,0.048387095,0.08944954,0.13519533,,,,,,,,,,,,,,,,,REG,KC,TEN,Noah Gray,GrayNo00,0.0,0.0,0.0,118.7
2022,REG,9,00-0034981,F.Moreau,TE,TE,LV,14239,9c3a67fd-5c6e-4689-9e08-9ff6d4db6c9a,18397.0,47043.0,5985.0,,3843945.0,31969.0,,2180634.0,MoreFo00,foster-moreau-1,13822.0,14154.0,179.0,31969.0,865573.0,20884.0,865573.0,Foster Moreau,foster moreau,2,5,42.0,0,0.0,0.0,61.0,21.0,2.0,2.356906,0,0.6885246,0.1388889,0.17183098,0.328615,Foster Moreau,LV,6.226000000000001,3.2556567002427848,12.134000000000002,17.353622608048973,40.0,42.0,0.0,10.925,5.707185565856207,5.2178144341437935,00-0034981,Foster,Moreau,F.Moreau,REG,LV,JAX,Foster Moreau,MoreFo00,0.0,0.0,0.0,70.4
2022,REG,9,00-0036040,J.Johnson,TE,TE,NO,14861,0226b03b-f91d-4223-9813-9fcd2e9c3acc,19562.0,28305.0,7002.0,,3929645.0,33113.0,,2186637.0,JohnJu02,,14630.0,,575.0,33113.0,0.0,21738.0,884609.0,Juwan Johnson,juwan johnson,2,2,42.0,1,0.0,0.0,11.0,31.0,1.0,2.896684,0,3.8181818,0.071428575,0.05670103,0.14683358,,,,,,,,,,,,,,,,,REG,NO,BAL,Juwan Johnson,JohnJu02,1.0,0.0,0.0,158.3
2022,REG,9,00-0036290,C.Kmet,TE,TE,CHI,14867,036feeb6-9a22-43c5-a8e3-7ac611d8ff49,19229.0,60995.0,6826.0,,4258595.0,32713.0,,2868619.0,KmetCo00,cole-kmet-1,14436.0,,569.0,32713.0,0.0,21772.0,1066765.0,Cole Kmet,cole kmet,5,6,41.0,2,0.0,0.0,51.0,22.0,3.0,3.315498,0,0.8039216,0.22222222,0.23394495,0.4970948,Cole Kmet,CHI,4.024,3.7848379124790763,7.303333333333337,21.691995445770022,83.33333333333334,41.0,2.0,4.915999999999998,4.398134825884517,0.5178651741154807,00-0036290,Cole,Kmet,C.Kmet,REG,CHI,MIA,Cole Kmet,KmetCo00,1.0,0.0,0.0,134.7
2022,REG,9,00-0036332,J.Deguara,TE,TE,GB,14876,7874d188-0fcd-4af9-9289-27c27e2bbd16,19456.0,47034.0,7050.0,,3914151.0,32764.0,,2181108.0,DeguJo00,josiah-deguara-1,14629.0,,,32764.0,0.0,21798.0,866149.0,Josiah Deguara,josiah deguara,5,5,41.0,0,0.0,0.0,28.0,13.0,1.0,1.693335,0,1.4642857,0.125,0.06763285,0.234843,Josiah Deguara,GB,4.8525,4.035066981277302,5.801999999999998,6.771550617399219,100.0,41.0,0.0,2.398000000000002,3.321494321223909,-0.9234943212239073,00-0036332,Josiah,Deguara,J.Deguara,REG,GB,DET,Josiah Deguara,DeguJo00,0.0,0.0,0.0,100.8
2022,REG,9,00-0030061,Z.Ertz,TE,TE,ARI,11247,de3421f7-2147-4835-89a5-724e87bad463,11689.0,7816.0,1339.0,zachertz/2540158,15835.0,26658.0,,1685963.0,ErtzZa00,zach-ertz-1,8781.0,8409.0,305.0,26658.0,503177.0,14856.0,503177.0,Zach Ertz,zach ertz,5,8,40.0,1,0.0,0.0,95.0,3.0,2.0,-0.27616686,0,0.42105263,0.24242425,0.5107527,0.7211633,Zach Ertz,ARI,4.3725000000000005,1.5557887575360265,11.29875,52.360539882986735,62.5,40.0,1.0,0.4500000000000014,0.871861417427499,-0.4218614174274976,00-0030061,Zachary,Ertz,Z.Ertz,REG,ARI,SEA,Zach Ertz,ErtzZa00,0.0,0.0,0.0,114.6
2022,REG,9,00-0033895,G.Everett,TE,TE,LAC,13236,ebeceb00-57e0-4b74-9cf7-853da2afed18,16459.0,11799.0,4089.0,,3918639.0,30157.0,,2142692.0,EverGe00,gerald-everett-1,11737.0,12284.0,55.0,30157.0,838487.0,18935.0,838487.0,Gerald Everett,gerald everett,5,8,36.0,0,0.0,0.0,40.0,24.0,2.0,0.5262425,0,0.9,0.18604651,0.16597511,0.39525235,Gerald Everett,LAC,5.672499999999999,4.376875197108869,6.321250000000002,18.061359334261944,62.5,36.0,0.0,5.487999999999997,3.7679470358677007,1.7200529641322961,00-0033895,Gerald,Everett,G.Everett,REG,LAC,ATL,Gerald Everett,EverGe00,0.0,1.0,0.125,72.9
2022,REG,9,00-0034830,H.Hurst,TE,TE,CIN,13680,1b125fc4-5dd9-4eb9-a42f-048e61ca42b7,17283.0,47294.0,4973.0,,3924365.0,30995.0,,2185053.0,HursHa00,hayden-hurst-1,12467.0,13098.0,8.0,30995.0,881956.0,19843.0,881956.0,Hayden Hurst,hayden hurst,5,5,35.0,0,0.0,0.0,24.0,11.0,2.0,3.0762715,0,1.4583334,0.16666667,0.13714285,0.346,Hayden Hurst,CIN,5.9325,2.235438720411625,4.660000000000001,12.151238591916561,100.0,35.0,0.0,2.339999999999999,2.622405800238357,-0.28240580023835804,00-0034830,Hayden,Hurst,H.Hurst,REG,CIN,CAR,Hayden Hurst,HursHa00,0.0,0.0,0.0,95.8
2022,REG,9,00-0032392,A.Hooper,TE,TE,TEN,12677,90c2a93f-d837-4e1b-b57c-56648903a8db,15581.0,10715.0,3202.0,,3043275.0,29315.0,,2067004.0,HoopAu00,austin-hooper-1,10748.0,11301.0,384.0,29315.0,739424.0,17963.0,739424.0,Austin Hooper,austin hooper,2,3,34.0,0,0.0,0.0,52.0,4.0,2.0,1.8228073,0,0.65384614,0.23076923,0.32704404,0.5750847,,,,,,,,,,,,,,,,,REG,TEN,KC,Austin Hooper,HoopAu00,0.0,0.0,0.0,104.9
2022,REG,9,00-0033757,R.Tonyan,TE,TE,GB,13427,7c9c7800-69d0-459b-812b-a07ac48e9f2a,16502.0,12193.0,4602.0,,2975674.0,30777.0,,2820026.0,TonyRo00,,12389.0,12868.0,,30777.0,660151.0,19491.0,660151.0,Robert Tonyan,robert tonyan,3,4,29.0,0,0.0,0.0,45.0,3.0,1.0,-3.0524561,0,0.64444447,0.1,0.10869565,0.22608696,,,,,,,,,,,,,,,,,REG,GB,DET,Robert Tonyan,TonyRo00,0.0,0.0,0.0,55.2
2022,REG,9,00-0036970,K.Pitts,TE,TE,ATL,15329,1f3deb24-9ff8-4769-8f42-825eff7742f6,20164.0,83964.0,7553.0,,4360248.0,33392.0,,2964514.0,PittKy00,kyle-pitts-1,15265.0,,1051.0,33392.0,0.0,,1123026.0,Kyle Pitts,kyle pitts,2,7,27.0,0,0.0,0.0,208.0,10.0,2.0,-0.7051659,0,0.1298077,0.3043478,0.606414,0.88101155,Kyle Pitts,ATL,6.328,3.2675273982329136,28.16714285714286,58.99584093833219,28.57142857142857,27.0,0.0,5.864999999999995,6.621008044711061,-0.7560080447110664,00-0036970,Kyle,Pitts,K.Pitts,REG,ATL,LAC,Kyle Pitts,PittKy00,0.0,1.0,0.143,43.2
2022,REG,9,00-0035689,D.Knox,TE,TE,BUF,14143,5fb525c5-4e70-4ede-8c49-94ad0cf66b7d,18631.0,35883.0,5906.0,,3930086.0,31928.0,,2186345.0,KnoxDa00,dawson-knox-1,13466.0,13953.0,88.0,31928.0,884083.0,20850.0,884083.0,Dawson Knox,dawson knox,3,4,25.0,0,0.0,0.0,21.0,8.0,1.0,-4.503211,0,1.1904762,0.121212125,0.05357143,0.21931818,,,,,,,,,,,,,,,,,REG,BUF,NYJ,Dawson Knox,KnoxDa00,0.0,0.0,0.0,51.0
2022,REG,9,00-0034159,W.Dissly,TE,TE,SEA,13763,383f4814-6836-4766-a297-fc063e8509cc,18049.0,30762.0,5010.0,,3127292.0,31090.0,,2139628.0,DissWi00,will-dissly-1,12986.0,13246.0,86.0,31090.0,837806.0,19950.0,837806.0,Will Dissly,will dissly,3,4,24.0,0,0.0,0.0,4.0,21.0,2.0,1.5154952,0,6.0,0.125,0.053333335,0.22483334,,,,,,,,,,,,,,,,,REG,SEA,ARI,Will Dissly,DissWi00,0.0,0.0,0.0,89.6
2022,REG,9,00-0037838,I.Likely,TE,TE,BAL,15798,f9279edb-cfa7-4f7d-91df-b81cbf3e133e,23781.0,,8131.0,,4361050.0,34095.0,,2961906.0,LikeIs00,isaiah-likely-1,16033.0,,1257.0,34095.0,0.0,,1125111.0,Isaiah Likely,isaiah likely,1,5,24.0,1,0.0,0.0,71.0,2.0,1.0,-1.4539397,0,0.33802816,0.22727273,0.3198198,0.564783,Isaiah Likely,BAL,5.536666666666666,2.61116232430465,13.23,29.315311322845112,20.0,24.0,1.0,3.280000000000001,1.0400009155273438,2.2399990844726574,00-0037838,Isaiah,Likely,I.Likely,REG,BAL,NO,Isaiah Likely,LikeIs00,0.0,2.0,0.4,86.7
2022,REG,9,00-0033858,J.Smith,TE,TE,NE,13193,e4f25a37-74de-4bfb-b6c9-f50a4fab0b87,16460.0,11855.0,4144.0,,3054212.0,30213.0,,2081506.0,SmitJo01,jonnu-smith-1,11807.0,12344.0,84.0,30213.0,743749.0,18990.0,743749.0,Jonnu Smith,jonnu smith,3,3,21.0,0,0.0,0.0,-9.0,30.0,1.0,-0.51175576,0,0.0,0.10344828,-0.05263158,0.11833031,,,,,,,,,,,,,,,,,REG,NE,IND,Jonnu Smith,SmitJo01,1.0,0.0,0.0,95.8
2022,REG,9,00-0024243,M.Lewis,TE,TE,GB,8269,9c21e9af-681c-41ef-9b00-fbc9e1668ed1,9413.0,2973.0,111.0,marcedeslewis/2495888,9614.0,7777.0,4007.0,415313.0,LewiMa00,marcedes-lewis-1,4891.0,3615.0,,7777.0,214197.0,3061.0,214197.0,Marcedes Lewis,marcedes lewis,1,1,19.0,0,0.0,0.0,14.0,5.0,1.0,1.6992688,0,1.3571428,0.025,0.033816423,0.0611715,,,,,,,,,,,,,,,,,REG,GB,DET,Marcedes Lewis,LewiMa00,0.0,0.0,0.0,118.7
2022,REG,9,00-0034011,D.Arnold,TE,TE,JAX,13880,d479a777-b53b-4bbf-a8e4-0c1675ac48df,17143.0,51842.0,4741.0,,4212989.0,30891.0,,2835170.0,ArnoDa00,,12276.0,12972.0,,30891.0,1053627.0,19659.0,1053627.0,Dan Arnold,dan arnold,1,1,19.0,0,0.0,0.0,17.0,2.0,1.0,1.7482097,0,1.117647,0.03448276,0.09550562,0.11857807,,,,,,,,,,,,,,,,,REG,JAX,LV,Dan Arnold,ArnoDa00,0.0,0.0,0.0,118.7
2022,REG,9,00-0035249,J.Oliver,TE,TE,BAL,14209,dc83f7af-7b30-4c4a-9c93-f67bd8db954b,18487.0,47083.0,5973.0,,3921690.0,31901.0,,2184618.0,OlivJo00,josh-oliver-1,13786.0,14127.0,7.0,31901.0,881779.0,20899.0,881779.0,Josh Oliver,josh oliver,1,3,19.0,0,0.0,0.0,9.0,18.0,1.0,1.270749,0,2.1111112,0.13636364,0.04054054,0.23292384,,,,,,,,,,,,,,,,,REG,BAL,NO,Josh Oliver,OlivJo00,0.0,1.0,0.333,56.2
2022,REG,9,00-0032134,C.Uzomah,TE,TE,NYJ,12317,19858900-5c8e-49a7-ab02-34ef625724ca,14084.0,9590.0,2460.0,c.j.uzomah/2552559,2574576.0,28545.0,,2174118.0,UzomC.00,cj-uzomah-1,10462.0,10534.0,,28545.0,593305.0,16917.0,593305.0,C.J. Uzomah,cj uzomah,3,3,16.0,0,0.0,0.0,4.0,12.0,1.0,1.7744975,0,4.0,0.125,0.02739726,0.20667808,,,,,,,,,,,,,,,,,REG,NYJ,BUF,C.J. Uzomah,UzomC.00,0.0,0.0,0.0,88.9
2022,REG,9,00-0036887,L.Farrell,TE,TE,JAX,15335,8a1f0e8e-6521-4a94-9934-ad4f76a25fd9,19501.0,42353.0,7842.0,,4040612.0,33533.0,,2260977.0,FarrLu00,luke-farrell-1,15566.0,,,33533.0,0.0,,946541.0,Luke Farrell,luke farrell,1,1,15.0,0,0.0,0.0,2.0,13.0,1.0,1.1148529,0,7.5,0.03448276,0.011235955,0.059589308,,,,,,,,,,,,,,,,,REG,JAX,LV,Luke Farrell,FarrLu00,0.0,0.0,0.0,118.7
2022,REG,9,00-0033879,O.Howard,TE,TE,HOU,13188,93ed8c6f-b676-46d3-bf82-6155e89b4a68,16380.0,11774.0,4055.0,,3043080.0,30132.0,,2061190.0,HowaO.00,oj-howard-1,11806.0,12161.0,,30132.0,732147.0,18901.0,732147.0,O.J. Howard,oj howard,1,2,14.0,0,0.0,0.0,16.0,11.0,1.0,0.40202355,0,0.875,0.0952381,0.10191083,0.21419473,,,,,,,,,,,,,,,,,REG,HOU,PHI,O.J. Howard,HowaO.00,0.0,0.0,0.0,72.9
2022,REG,9,00-0033217,M.Alie-Cox,TE,TE,IND,13246,8809c0dd-786b-4255-a7d0-333c9498c19a,16579.0,12078.0,4054.0,moalie-cox/2558832,2998565.0,30112.0,,2815925.0,AlieMo00,,12196.0,12221.0,195.0,30112.0,712506.0,18900.0,712506.0,Mo Alie-Cox,mo alie-cox,2,2,13.0,0,0.0,0.0,11.0,2.0,0.0,0.6635255,0,1.1818181,0.071428575,0.06077348,0.1496843,,,,,,,,,,,,,,,,,REG,IND,NE,Mo Alie-Cox,AlieMo00,0.0,0.0,0.0,93.7
2022,REG,9,00-0036741,J.Stoll,TE,TE,PHI,15541,0560d134-d316-4cda-9d48-34d32267af68,23193.0,42058.0,7946.0,,4034862.0,33891.0,,2239684.0,StolJa00,,15510.0,,,33891.0,0.0,,911985.0,Jack Stoll,jack stoll,1,2,13.0,0,0.0,0.0,13.0,4.0,1.0,1.0355414,0,1.0,0.08,0.07065217,0.16945653,,,,,,,,,,,,,,,,,REG,PHI,HOU,Jack Stoll,StolJa00,0.0,0.0,0.0,70.8
2022,REG,9,00-0037005,T.Tremble,TE,TE,CAR,15332,cbee2fd3-e5f2-4316-bffd-531f1873f032,22795.0,84025.0,7694.0,,4372780.0,33471.0,,2969027.0,TremTo00,tommy-tremble-1,15371.0,,1054.0,33471.0,0.0,,1130555.0,Tommy Tremble,tommy tremble,2,4,11.0,1,0.0,0.0,40.0,3.0,1.0,-1.0166003,0,0.275,0.13333334,0.21621622,0.35135135,,,,,,,,,,,,,,,,,REG,CAR,CIN,Tommy Tremble,TremTo00,0.0,0.0,0.0,56.2
2022,REG,9,00-0033881,E.Engram,TE,TE,JAX,13189,e21365af-8d66-416e-b0a5-8816d18fcfd9,16411.0,11778.0,4066.0,,3051876.0,30136.0,,2079887.0,EngrEv00,evan-engram-1,11805.0,12205.0,229.0,30136.0,749185.0,18912.0,749185.0,Evan Engram,evan engram,1,2,8.0,0,0.0,0.0,3.0,11.0,0.0,-0.9177486,0,2.6666667,0.06896552,0.016853932,0.11524603,,,,,,,,,,,,,,,,,REG,JAX,LV,Evan Engram,EngrEv00,0.0,1.0,0.5,60.4
2022,REG,9,00-0035956,G.Ricci,TE,TE,CAR,15054,689de342-1d99-4a4d-976d-f6573ef3a8c2,19756.0,13756.0,7216.0,,3916749.0,33151.0,,2189091.0,,,14785.0,,,33151.0,0.0,21732.0,885940.0,Giovanni Ricci,giovanni ricci,1,1,8.0,0,0.0,0.0,6.0,2.0,0.0,0.67024785,0,1.3333334,0.033333335,0.032432433,0.072702706,,,,,,,,,,,,,,,,,,,,,,,,,
2022,REG,9,00-0036422,A.Trautman,TE,TE,NO,14870,4e14183b-f974-4745-9d7f-8f5eb2a92a7d,19423.0,109795.0,6869.0,,3911853.0,32775.0,,2182228.0,TrauAd00,,14541.0,,566.0,32775.0,0.0,21786.0,875444.0,Adam Trautman,adam trautman,1,1,8.0,0,0.0,0.0,2.0,6.0,0.0,0.67059666,0,4.0,0.035714287,0.010309278,0.060787924,,,,,,,,,,,,,,,,,REG,NO,BAL,Adam Trautman,TrauAd00,0.0,0.0,0.0,100.0
2022,REG,9,00-0037282,J.Mitchell,TE,TE,DET,15909,f461da0c-f764-414c-9e0d-2f02e22a68d8,23174.0,,8170.0,,4361988.0,34133.0,,2963242.0,MitcJa00,james-mitchell-2,16035.0,,,34133.0,0.0,,1123712.0,James Mitchell,james mitchell,2,2,8.0,1,0.0,0.0,5.0,3.0,2.0,2.8206067,0,1.6,0.083333336,0.05154639,0.16108248,,,,,,,,,,,,,,,,,REG,DET,GB,James Mitchell,MitcJa00,0.0,0.0,0.0,122.9
2022,REG,9,00-0031484,C.Manhertz,TE,TE,JAX,12955,7c7b5515-7786-4e24-9ce0-34e6a8bd5727,14014.0,10211.0,3048.0,,2531358.0,28365.0,,2167520.0,ManhCh00,,10033.0,10295.0,,28365.0,563293.0,17762.0,563293.0,Chris Manhertz,chris manhertz,1,2,7.0,0,0.0,0.0,8.0,0.0,0.0,-0.1659857,0,0.875,0.06896552,0.04494382,0.13490894,,,,,,,,,,,,,,,,,REG,JAX,LV,Chris Manhertz,ManhCh00,0.0,1.0,0.5,58.3
2022,REG,9,00-0034270,T.Conklin,TE,TE,NYJ,13675,f0d17dfa-ebf3-416c-a8d2-c6bc30675103,17598.0,47327.0,5133.0,,3915486.0,31220.0,,2165249.0,ConkTy00,tyler-conklin-1,12809.0,13220.0,489.0,31127.0,861278.0,19988.0,861278.0,Tyler Conklin,tyler conklin,1,2,7.0,0,0.0,0.0,12.0,3.0,1.0,-0.74449456,0,0.5833333,0.083333336,0.08219178,0.18253425,,,,,,,,,,,,,,,,,REG,NYJ,BUF,Tyler Conklin,ConkTy00,0.0,0.0,0.0,58.3
2022,REG,9,00-0031585,M.Pruitt,TE,TE,ATL,12309,f22b34cf-6ecf-4522-9c77-1da275dfda7d,13964.0,9576.0,2446.0,,2508256.0,28531.0,,1760327.0,PruiMy00,,10251.0,10522.0,,28531.0,552586.0,16903.0,552586.0,MyCole Pruitt,mycole pruitt,1,1,6.0,0,0.0,0.0,5.0,1.0,1.0,0.95969284,0,1.2,0.04347826,0.014577259,0.075421475,,,,,,,,,,,,,,,,,REG,ATL,LAC,MyCole Pruitt,PruiMy00,0.0,0.0,0.0,91.7
2022,REG,9,00-0036244,C.Parkinson,TE,TE,SEA,14871,1ea7affb-e5e7-491a-aaa3-55e200b2eb48,19372.0,52266.0,6865.0,,4242557.0,32803.0,,2867522.0,ParkCo02,colby-parkinson-1,14463.0,,565.0,32803.0,0.0,21807.0,1060312.0,Colby Parkinson,colby parkinson,2,2,6.0,0,0.0,0.0,-5.0,11.0,1.0,-2.6478994,0,0.0,0.0625,-0.06666667,0.047083333,,,,,,,,,,,,,,,,,REG,SEA,ARI,Colby Parkinson,ParkCo02,0.0,0.0,0.0,79.2
2022,REG,9,00-0037311,K.Kieft,TE,TE,TB,15929,f96b8338-4ffb-4612-8c29-58dc3b12db69,24568.0,,8484.0,,4034779.0,34174.0,,2239763.0,KiefKo00,ko-kieft-1,16282.0,,,34174.0,0.0,,911239.0,Ko Kieft,ko kieft,1,2,6.0,0,0.0,0.0,6.0,1.0,0.0,-0.6908903,0,1.0,0.036363635,0.021818181,0.069818184,,,,,,,,,,,,,,,,,REG,TB,LA,Ko Kieft,KiefKo00,0.0,1.0,0.5,56.2
2022,REG,9,00-0036556,B.Jordan,TE,TE,HOU,15330,8ffb5c07-4aa1-4796-b1ab-30c1ab0ccc4c,20162.0,77887.0,7568.0,,4362504.0,33535.0,,2964787.0,JordBr00,brevin-jordan-1,15369.0,,1052.0,33535.0,0.0,,1121871.0,Brevin Jordan,brevin jordan,1,2,5.0,0,0.0,0.0,15.0,9.0,0.0,-1.053839,0,0.33333334,0.0952381,0.0955414,0.20973612,,,,,,,,,,,,,,,,,REG,HOU,PHI,Brevin Jordan,JordBr00,0.0,0.0,0.0,56.2
2022,REG,9,00-0036628,J.Bates,TE,TE,WAS,15344,3208880b-949f-4926-85eb-1940770550ea,22833.0,42275.0,7716.0,,4048228.0,33512.0,,2257291.0,BateJo00,john-bates-1,15289.0,,,33512.0,0.0,,944038.0,John Bates,john bates,1,2,5.0,0,0.0,0.0,18.0,10.0,1.0,0.23048168,0,0.2777778,0.07692308,0.08490566,0.17481858,,,,,,,,,,,,,,,,,REG,WAS,MIN,John Bates,BateJo00,0.0,0.0,0.0,56.2
2022,REG,9,00-0034829,M.Gesicki,TE,TE,MIA,13672,1012cbe0-7eba-4169-bfca-183a0204e1a7,17272.0,47153.0,4993.0,,3116164.0,31012.0,,2139298.0,GesiMi00,mike-gesicki-1,12764.0,13104.0,330.0,31012.0,836152.0,19853.0,836152.0,Mike Gesicki,mike gesicki,1,2,3.0,0,0.0,0.0,8.0,2.0,0.0,-3.2700794,0,0.375,0.06896552,0.03018868,0.12458035,,,,,,,,,,,,,,,,,REG,MIA,CHI,Mike Gesicki,GesiMi00,0.0,0.0,0.0,56.2
2022,REG,9,00-0037277,T.Quitoriano,TE,TE,HOU,15905,06cb6aff-c81e-4553-95ba-467187f408d4,24182.0,,8227.0,,4374045.0,34126.0,,2965963.0,QuitTe00,teagan-quitoriano-1,16034.0,,,34126.0,0.0,,1128538.0,Teagan Quitoriano,teagan quitoriano,1,1,2.0,1,0.0,0.0,2.0,0.0,1.0,0.87269413,0,1.0,0.04761905,0.012738854,0.08034577,,,,,,,,,,,,,,,,,REG,HOU,PHI,Teagan Quitoriano,QuitTe00,0.0,0.0,0.0,118.7
2022,REG,9,00-0037755,J.Woods,TE,TE,IND,15840,321af8f8-b4de-4ed2-a86f-7f97a85a13d4,23829.0,,8219.0,,4241410.0,34029.0,,2787078.0,WoodJe01,jelani-woods-1,15821.0,,1305.0,34029.0,0.0,,975503.0,Jelani Woods,jelani woods,1,3,2.0,0,0.0,0.0,47.0,0.0,0.0,-2.3772898,0,0.04255319,0.10714286,0.2596685,0.34248224,,,,,,,,,,,,,,,,,REG,IND,NE,Jelani Woods,WoodJe01,0.0,1.0,0.333,42.4
2022,REG,9,00-0033246,J.Mundt,TE,TE,MIN,13940,6414998b-5831-44aa-8bd8-39e42a323c2c,16743.0,12206.0,4314.0,,3052096.0,30373.0,,2818622.0,MundJo00,,12316.0,12525.0,,30373.0,740704.0,19165.0,740704.0,Johnny Mundt,johnny mundt,1,1,1.0,0,0.0,0.0,1.0,0.0,0.0,-0.5877477,0,1.0,0.025641026,0.0026455026,0.04031339,,,,,,,,,,,,,,,,,REG,MIN,WAS,Johnny Mundt,MundJo00,0.0,0.0,0.0,79.2
2022,REG,9,00-0036534,S.Zylstra,TE,TE,DET,15604,0cafaac9-20fb-4e5a-9362-158d8a4e7904,23461.0,,8041.0,,4608362.0,33803.0,,2668830.0,ZylsSh00,,15701.0,,,33803.0,0.0,,1284247.0,Shane Zylstra,shane zylstra,1,1,1.0,1,0.0,0.0,1.0,0.0,1.0,1.8442427,0,1.0,0.041666668,0.010309278,0.0697165,,,,,,,,,,,,,,,,,REG,DET,GB,Shane Zylstra,ZylsSh00,0.0,0.0,0.0,118.7
2022,REG,9,00-0031260,L.Thomas,TE,TE,WAS,11647,b24625a0-d402-4d59-a778-aa4b073bfe5e,12095.0,8755.0,2251.0,loganthomas/2543767,16813.0,27648.0,,1691193.0,ThomLo00,logan-thomas-1,9323.0,9354.0,,27648.0,507528.0,16656.0,507528.0,Logan Thomas,logan thomas,0,3,0.0,0,0.0,0.0,44.0,0.0,0.0,-7.3816934,0,0.0,0.115384616,0.20754717,0.31835994,,,,,,,,,,,,,,,,,REG,WAS,MIN,Logan Thomas,ThomLo00,0.0,0.0,0.0,0.0
2022,REG,9,00-0031384,R.Rodgers,TE,TE,LAC,11785,e00b3426-238b-4bdb-85c3-bbf08b7469e3,12233.0,8733.0,2146.0,richardrodgers/2550313,16786.0,27626.0,,2129433.0,RodgRi00,richard-rodgers-1,9559.0,9547.0,,27626.0,607699.0,16491.0,607699.0,Richard Rodgers,richard rodgers,0,2,0.0,0,0.0,0.0,-6.0,0.0,0.0,-1.7412453,0,0.0,0.046511628,-0.024896266,0.052340057,,,,,,,,,,,,,,,,,REG,LAC,ATL,Richard Rodgers,RodgRi00,0.0,0.0,0.0,39.6
2022,REG,9,00-0033110,T.Higbee,TE,TE,LA,12678,0df7912d-9e81-47ea-b4f7-d04986df4ee8,15623.0,10744.0,3271.0,,2573401.0,29344.0,,1853103.0,HigbTy00,tyler-higbee-1,10854.0,11430.0,159.0,29344.0,604176.0,18032.0,604176.0,Tyler Higbee,tyler higbee,0,1,0.0,0,0.0,0.0,3.0,0.0,0.0,-1.4821627,0,0.0,0.03846154,0.012295082,0.066298865,,,,,,,,,,,,,,,,,REG,LA,TB,Tyler Higbee,HigbTy00,0.0,1.0,1.0,39.6
2022,REG,9,00-0034364,J.Akins,TE,TE,HOU,13753,0cb5a32a-a340-4671-ba2a-93f5fa6aee8d,17415.0,47050.0,5032.0,,3128452.0,31068.0,,2142712.0,AkinJo00,jordan-akins-1,12568.0,13238.0,,31068.0,838396.0,19903.0,838396.0,Jordan Akins,jordan akins,0,1,0.0,0,0.0,0.0,9.0,0.0,0.0,-0.46312553,0,0.0,0.04761905,0.05732484,0.11155596,,,,,,,,,,,,,,,,,REG,HOU,PHI,Jordan Akins,AkinJo00,0.0,0.0,0.0,39.6
2022,REG,9,00-0034798,D.Smythe,TE,TE,MIA,13676,7e42a22a-c47b-4387-aeeb-2cc2e76dc1d8,17508.0,47257.0,5008.0,,3052897.0,31093.0,,2082845.0,SmytDu00,durham-smythe-1,12807.0,13249.0,,31093.0,749968.0,19943.0,749968.0,Durham Smythe,durham smythe,0,2,0.0,0,0.0,0.0,-3.0,0.0,0.0,-4.6483645,0,0.0,0.06896552,-0.011320755,0.095523745,,,,,,,,,,,,,,,,,REG,MIA,CHI,Durham Smythe,SmytDu00,0.0,0.0,0.0,39.6
2022,REG,9,00-0035259,T.Wesco,TE,TE,CHI,14231,f6c34178-e063-444b-96b3-df6b3cf66419,18567.0,42018.0,6181.0,,4039253.0,31953.0,,2243366.0,WescTr00,trevon-wesco-1,13828.0,14224.0,,31953.0,919456.0,20977.0,919456.0,Trevon Wesco,trevon wesco,0,0,0.0,0,0.0,0.0,0.0,0.0,0.0,,1,,,,,,,,,,,,,,,,,,,,,,,,,,,,,
2022,REG,9,00-0036194,D.Asiasi,TE,TE,CIN,14936,05e15d81-6bb1-49f7-b677-63475d073961,19435.0,40294.0,6956.0,,4046522.0,32761.0,,2260483.0,AsiaDe00,devin-asiasi-1,14425.0,,,32761.0,0.0,21771.0,946008.0,Devin Asiasi,devin asiasi,0,1,0.0,0,0.0,0.0,30.0,0.0,0.0,-0.5532322,0,0.0,0.033333335,0.17142858,0.17,,,,,,,,,,,,,,,,,REG,CIN,CAR,Devin Asiasi,AsiaDe00,0.0,0.0,0.0,39.6
2022,REG,9,00-0036424,B.Hopkins,TE,TE,LA,14868,39cb1520-dda8-4167-95c4-4947c8383bc4,19234.0,47338.0,6926.0,,3918003.0,32806.0,,2183906.0,HopkBr01,brycen-hopkins-1,14586.0,,,32806.0,0.0,21678.0,880294.0,Brycen Hopkins,brycen hopkins,0,1,0.0,0,0.0,0.0,2.0,0.0,0.0,-0.8968274,0,0.0,0.03846154,0.008196721,0.06343001,,,,,,,,,,,,,,,,,REG,LA,TB,Brycen Hopkins,HopkBr01,0.0,1.0,1.0,39.6
2022,REG,9,00-0036754,B.Wright,TE,TE,DET,15626,8f182089-7730-499e-8f2e-87bda32debfb,23341.0,60994.0,7891.0,,4242392.0,33774.0,,2807423.0,WrigBr01,,15681.0,,1162.0,33774.0,0.0,,978120.0,Brock Wright,brock wright,0,1,0.0,0,0.0,0.0,-5.0,0.0,0.0,-1.0491059,0,0.0,0.041666668,-0.05154639,0.026417525,,,,,,,,,,,,,,,,,REG,DET,GB,Brock Wright,WrigBr01,0.0,0.0,0.0,39.6
2022,REG,9,00-0036876,K.Granson,TE,TE,IND,15419,bcc0167c-05fd-4b23-981e-60b8784ceb33,22841.0,40630.0,7602.0,,4039160.0,33515.0,,2247146.0,GranKy00,kylen-granson-1,15245.0,,1119.0,33515.0,0.0,,921050.0,Kylen Granson,kylen granson,0,1,0.0,0,0.0,0.0,11.0,0.0,0.0,-5.323355,0,0.0,0.035714287,0.06077348,0.09611286,,,,,,,,,,,,,,,,,REG,IND,NE,Kylen Granson,GranKy00,0.0,1.0,1.0,0.0
2022,REG,9,00-0037168,A.Rogers,TE,TE,WAS,15990,6a3edb00-ca63-11ec-bdda-4fe5bed84950,24242.0,,8665.0,,4056052.0,34278.0,,2258253.0,RogeAr00,,16362.0,,,34278.0,0.0,,944636.0,Armani Rogers,armani rogers,0,0,0.0,0,0.0,0.0,0.0,0.0,0.0,,0,,,,,,,,,,,,,,,,,,,,,,,,,,,,,
2022,REG,10,00-0030506,T.Kelce,TE,TE,KC,11244,c3859e06-5f23-4302-a71b-04820a899d5f,11594.0,7844.0,1466.0,traviskelce/2540258,15847.0,26686.0,,1725130.0,KelcTr00,travis-kelce-1,8783.0,8411.0,264.0,26686.0,448240.0,15048.0,448240.0,Travis Kelce,travis kelce,6,7,81.0,1,0.0,0.0,48.0,39.0,5.0,8.10097,0,1.6875,0.2,0.18604651,0.43023255,Travis Kelce,KC,7.287999999999999,3.670412606906809,6.57,18.138434233878918,85.71428571428571,81.0,1.0,6.78,5.857170230354616,0.922829769645384,00-0030506,Travis,Kelce,T.Kelce,REG,KC,JAX,Travis Kelce,KelcTr00,0.0,0.0,0.0,154.5
2022,REG,10,00-0036290,C.Kmet,TE,TE,CHI,14867,036feeb6-9a22-43c5-a8e3-7ac611d8ff49,19229.0,60995.0,6826.0,,4258595.0,32713.0,,2868619.0,KmetCo00,cole-kmet-1,14436.0,,569.0,32713.0,0.0,21772.0,1066765.0,Cole Kmet,cole kmet,4,7,74.0,2,0.0,0.0,79.0,33.0,2.0,-2.0969636,0,0.93670887,0.3888889,0.4293478,0.8838768,Cole Kmet,CHI,6.03,4.9500180483050045,12.555714285714286,47.3060982830077,57.14285714285714,74.0,2.0,9.0325,7.340676778237025,1.6918232217629754,00-0036290,Cole,Kmet,C.Kmet,REG,CHI,DET,Cole Kmet,KmetCo00,1.0,0.0,0.0,93.7
2022,REG,10,00-0033110,T.Higbee,TE,TE,LA,12678,0df7912d-9e81-47ea-b4f7-d04986df4ee8,15623.0,10744.0,3271.0,,2573401.0,29344.0,,1853103.0,HigbTy00,tyler-higbee-1,10854.0,11430.0,159.0,29344.0,604176.0,18032.0,604176.0,Tyler Higbee,tyler higbee,8,8,73.0,0,0.0,0.0,23.0,50.0,2.0,2.5095255,0,3.173913,0.21621622,0.094262294,0.39030793,Tyler Higbee,LAR,6.75,4.441197579653113,2.8612499999999983,9.296941635189468,100.0,73.0,0.0,6.263750000000002,5.235372350891463,1.0283776491085383,00-0033110,Tyler,Higbee,T.Higbee,REG,LA,ARI,Tyler Higbee,HigbTy00,0.0,0.0,0.0,104.7
2022,REG,10,00-0034364,J.Akins,TE,TE,HOU,13753,0cb5a32a-a340-4671-ba2a-93f5fa6aee8d,17415.0,47050.0,5032.0,,3128452.0,31068.0,,2142712.0,AkinJo00,jordan-akins-1,12568.0,13238.0,,31068.0,838396.0,19903.0,838396.0,Jordan Akins,jordan akins,3,3,72.0,0,0.0,0.0,11.0,61.0,2.0,6.6111693,0,6.5454545,0.08108108,0.04263566,0.15146658,,,,,,,,,,,,,,,,,REG,HOU,NYG,Jordan Akins,AkinJo00,0.0,0.0,0.0,118.7
2022,REG,10,00-0035689,D.Knox,TE,TE,BUF,14143,5fb525c5-4e70-4ede-8c49-94ad0cf66b7d,18631.0,35883.0,5906.0,,3930086.0,31928.0,,2186345.0,KnoxDa00,dawson-knox-1,13466.0,13953.0,88.0,31928.0,884083.0,20850.0,884083.0,Dawson Knox,dawson knox,4,6,57.0,0,0.0,0.0,58.0,26.0,3.0,-2.4338274,0,0.98275864,0.14634146,0.15934066,0.33105066,Dawson Knox,BUF,4.862,5.52357148466677,11.438333333333333,18.141206946683933,66.66666666666666,57.0,0.0,6.7675,8.609271302431921,-1.8417713024319209,00-0035689,Dawson,Knox,D.Knox,REG,BUF,MIN,Dawson Knox,KnoxDa00,0.0,0.0,0.0,57.6
2022,REG,10,00-0036876,K.Granson,TE,TE,IND,15419,bcc0167c-05fd-4b23-981e-60b8784ceb33,22841.0,40630.0,7602.0,,4039160.0,33515.0,,2247146.0,GranKy00,kylen-granson-1,15245.0,,1119.0,33515.0,0.0,,921050.0,Kylen Granson,kylen granson,4,4,57.0,0,0.0,0.0,28.0,29.0,3.0,3.65578,0,2.0357144,0.14814815,0.16470589,0.33751634,,,,,,,,,,,,,,,,,REG,IND,LV,Kylen Granson,GranKy00,0.0,0.0,0.0,118.7
2022,REG,10,00-0034383,D.Schultz,TE,TE,DAL,13772,8caec1b4-e0b6-4a84-b8c8-617d6e91ef6a,17349.0,47304.0,5001.0,,3117256.0,31107.0,,2136748.0,SchuDa00,dalton-schultz-1,12514.0,13198.0,487.0,31107.0,830523.0,19920.0,830523.0,Dalton Schultz,dalton schultz,6,8,54.0,1,0.0,0.0,56.0,13.0,2.0,-0.6457378,0,0.96428573,0.18181819,0.17891374,0.3979669,Dalton Schultz,DAL,6.757142857142857,2.357734142124879,7.232499999999999,18.638062105398784,75.0,54.0,1.0,2.391666666666667,2.1479309303133314,0.24373573635333567,00-0034383,Dalton,Schultz,D.Schultz,REG,DAL,GB,Dalton Schultz,SchuDa00,1.0,1.0,0.125,92.7
2022,REG,10,00-0035229,T.Hockenson,TE,TE,MIN,14138,bd1120b6-38b3-4225-a4b0-20660a149d0d,18290.0,40912.0,5844.0,,4036133.0,31840.0,,2251097.0,HockTJ00,tj-hockenson-1,13610.0,14051.0,247.0,31840.0,923915.0,20805.0,923915.0,T.J. Hockenson,tj hockenson,7,10,45.0,0,0.0,0.0,51.0,15.0,2.0,2.3240407,0,0.88235295,0.2,0.11860465,0.38302326,T.J. Hockenson,MIN,5.954444444444444,2.0224355396771396,5.990999999999999,13.102528212754788,70.0,45.0,0.0,2.1328571428571435,2.2462456180750388,-0.1133884752178953,00-0035229,Thomas,Hockenson,T.Hockenson,REG,MIN,BUF,T.J. Hockenson,HockTJ00,1.0,1.0,0.1,79.2
2022,REG,10,00-0036040,J.Johnson,TE,TE,NO,14861,0226b03b-f91d-4223-9813-9fcd2e9c3acc,19562.0,28305.0,7002.0,,3929645.0,33113.0,,2186637.0,JohnJu02,,14630.0,,575.0,33113.0,0.0,21738.0,884609.0,Juwan Johnson,juwan johnson,5,7,44.0,1,0.0,0.0,69.0,12.0,2.0,2.2993443,0,0.6376812,0.25,0.25555557,0.5538889,Juwan Johnson,NO,5.217142857142856,2.809715085051668,9.172857142857142,25.047786229763997,71.42857142857143,44.0,1.0,2.8380000000000014,2.59415649048733,0.2438435095126712,00-0036040,Juwan,Johnson,J.Johnson,REG,NO,PIT,Juwan Johnson,JohnJu02,0.0,1.0,0.143,127.4
2022,REG,10,00-0034981,F.Moreau,TE,TE,LV,14239,9c3a67fd-5c6e-4689-9e08-9ff6d4db6c9a,18397.0,47043.0,5985.0,,3843945.0,31969.0,,2180634.0,MoreFo00,foster-moreau-1,13822.0,14154.0,179.0,31969.0,865573.0,20884.0,865573.0,Foster Moreau,foster moreau,3,4,43.0,1,0.0,0.0,32.0,27.0,2.0,3.6592627,0,1.34375,0.10526316,0.102564104,0.22968961,,,,,,,,,,,,,,,,,REG,LV,IND,Foster Moreau,MoreFo00,0.0,1.0,0.25,149.0
2022,REG,10,00-0032392,A.Hooper,TE,TE,TEN,12677,90c2a93f-d837-4e1b-b57c-56648903a8db,15581.0,10715.0,3202.0,,3043275.0,29315.0,,2067004.0,HoopAu00,austin-hooper-1,10748.0,11301.0,384.0,29315.0,739424.0,17963.0,739424.0,Austin Hooper,austin hooper,5,7,41.0,0,0.0,0.0,51.0,16.0,2.0,2.4199266,0,0.8039216,0.19444445,0.20647773,0.43620107,Austin Hooper,TEN,6.36,1.4394032942976516,7.0157142857142825,19.052607076350082,71.42857142857143,41.0,0.0,3.128000000000003,1.6200709968194134,1.5079290031805894,00-0032392,Austin,Hooper,A.Hooper,REG,TEN,DEN,Austin Hooper,HoopAu00,0.0,0.0,0.0,86.0
2022,REG,10,00-0037809,C.Okonkwo,TE,TE,TEN,15889,14e11f9b-58c8-437f-abc0-a4e4df9a7c47,23982.0,,8210.0,,4360635.0,34099.0,,2965208.0,OkonCh00,chigoziem-okonkwo-1,16042.0,,1320.0,34099.0,0.0,,1106374.0,Chigoziem Okonkwo,chigoziem okonkwo,1,2,41.0,0,0.0,0.0,33.0,25.0,1.0,3.1215668,0,1.2424242,0.055555556,0.13360325,0.1768556,,,,,,,,,,,,,,,,,REG,TEN,DEN,Chigoziem Okonkwo,OkonCh00,0.0,0.0,0.0,95.8
2022,REG,10,00-0036894,P.Freiermuth,TE,TE,PIT,15331,04f0fefe-9d9d-44f5-94ea-6df2a42df3c6,20163.0,84085.0,7600.0,,4361411.0,33443.0,,2961270.0,FreiPa00,pat-freiermuth-1,15267.0,,1053.0,33443.0,0.0,,1116662.0,Pat Freiermuth,pat freiermuth,4,7,36.0,0,0.0,0.0,65.0,11.0,1.0,-2.4809608,0,0.5538462,0.26923078,0.32663316,0.6324894,Pat Freiermuth,PIT,5.675,2.1988848027436703,8.461428571428572,31.274090501082423,57.14285714285714,36.0,0.0,2.869999999999999,3.7635368761105124,-0.8935368761105131,00-0036894,Pat,Freiermuth,P.Freiermuth,REG,PIT,NO,Pat Freiermuth,FreiPa00,0.0,0.0,0.0,71.1
2022,REG,10,00-0038129,C.Otton,TE,TE,TB,15802,f23517bd-ae85-484a-8ecb-1f7a2d851e48,23181.0,,8111.0,,4243331.0,34062.0,,2815179.0,OttoCa00,cade-otton-1,16032.0,,1261.0,34062.0,0.0,,1049263.0,Cade Otton,cade otton,3,3,35.0,0,0.0,0.0,30.0,5.0,1.0,2.411759,0,1.1666666,0.10344828,0.11494253,0.23563218,,,,,,,,,,,,,,,,,REG,TB,SEA,Cade Otton,OttoCa00,0.0,0.0,0.0,115.3
2022,REG,10,00-0035644,N.Fant,TE,TE,SEA,14137,cdc98acc-9eb6-4b44-81bb-61d7b8a3b55f,17527.0,42388.0,5857.0,,4036131.0,31852.0,,2251095.0,FantNo00,noah-fant-1,13426.0,14050.0,243.0,31852.0,923911.0,20753.0,923911.0,Noah Fant,noah fant,3,4,34.0,0,0.0,0.0,39.0,14.0,2.0,0.59440976,0,0.8717949,0.121212125,0.15354331,0.2892985,,,,,,,,,,,,,,,,,REG,SEA,TB,Noah Fant,FantNo00,0.0,0.0,0.0,100.0
2022,REG,10,00-0034829,M.Gesicki,TE,TE,MIA,13672,1012cbe0-7eba-4169-bfca-183a0204e1a7,17272.0,47153.0,4993.0,,3116164.0,31012.0,,2139298.0,GesiMi00,mike-gesicki-1,12764.0,13104.0,330.0,31012.0,836152.0,19853.0,836152.0,Mike Gesicki,mike gesicki,2,3,31.0,0,0.0,0.0,27.0,6.0,2.0,2.010149,0,1.1481482,0.09090909,0.11111111,0.21414141,,,,,,,,,,,,,,,,,REG,MIA,CLE,Mike Gesicki,GesiMi00,0.0,0.0,0.0,100.7
2022,REG,10,00-0034159,W.Dissly,TE,TE,SEA,13763,383f4814-6836-4766-a297-fc063e8509cc,18049.0,30762.0,5010.0,,3127292.0,31090.0,,2139628.0,DissWi00,will-dissly-1,12986.0,13246.0,86.0,31090.0,837806.0,19950.0,837806.0,Will Dissly,will dissly,2,2,28.0,0,0.0,0.0,10.0,18.0,2.0,1.9815881,0,2.8,0.060606062,0.03937008,0.11846814,,,,,,,,,,,,,,,,,REG,SEA,TB,Will Dissly,DissWi00,1.0,0.0,0.0,118.7
2022,REG,10,00-0036970,K.Pitts,TE,TE,ATL,15329,1f3deb24-9ff8-4769-8f42-825eff7742f6,20164.0,83964.0,7553.0,,4360248.0,33392.0,,2964514.0,PittKy00,kyle-pitts-1,15265.0,,1051.0,33392.0,0.0,,1123026.0,Kyle Pitts,kyle pitts,2,8,28.0,0,0.0,0.0,135.0,1.0,2.0,-3.5451663,0,0.2074074,0.27586207,0.3857143,0.6837931,Kyle Pitts,ATL,9.087142857142856,2.753034950658753,15.5175,35.88172384888863,25.0,28.0,0.0,1.6550000000000011,1.6901984745380219,-0.03519847453802072,00-0036970,Kyle,Pitts,K.Pitts,REG,ATL,CAR,Kyle Pitts,PittKy00,0.0,0.0,0.0,2.1
2022,REG,10,00-0034613,T.Hudson,TE,TE,NYG,14370,2fa75e05-cac4-4b40-8924-dbc9ae0c959c,17826.0,66924.0,5409.0,,3050481.0,31257.0,,2926606.0,,,13286.0,,,31257.0,1115394.0,20506.0,1115394.0,Tanner Hudson,tanner hudson,3,3,24.0,0,0.0,0.0,14.0,10.0,1.0,-0.41909036,0,1.7142857,0.1764706,0.14583333,0.36678922,,,,,,,,,,,,,,,,,,,,,,,,,
2022,REG,10,00-0033895,G.Everett,TE,TE,LAC,13236,ebeceb00-57e0-4b74-9cf7-853da2afed18,16459.0,11799.0,4089.0,,3918639.0,30157.0,,2142692.0,EverGe00,gerald-everett-1,11737.0,12284.0,55.0,30157.0,838487.0,18935.0,838487.0,Gerald Everett,gerald everett,2,2,23.0,0,0.0,0.0,13.0,10.0,1.0,2.1437862,0,1.7692307,0.057142857,0.065989845,0.13190718,,,,,,,,,,,,,,,,,REG,LAC,SF,Gerald Everett,EverGe00,0.0,0.0,0.0,114.6
2022,REG,10,00-0034351,D.Goedert,TE,TE,PHI,13674,e8029983-87cf-49a2-bc04-04c8233a0630,17270.0,47272.0,5022.0,,3121023.0,31019.0,,2132551.0,GoedDa00,,12860.0,13151.0,382.0,31019.0,791365.0,19863.0,791365.0,Dallas Goedert,dallas goedert,3,3,23.0,1,1.0,1.0,10.0,13.0,2.0,-2.8957906,0,2.3,0.12,0.04950495,0.21465346,,,,,,,,,,,,,,,,,REG,PHI,WAS,Dallas Goedert,GoedDa00,0.0,0.0,0.0,138.2
2022,REG,10,00-0036422,A.Trautman,TE,TE,NO,14870,4e14183b-f974-4745-9d7f-8f5eb2a92a7d,19423.0,109795.0,6869.0,,3911853.0,32775.0,,2182228.0,TrauAd00,,14541.0,,566.0,32775.0,0.0,21786.0,875444.0,Adam Trautman,adam trautman,2,3,22.0,0,0.0,0.0,14.0,10.0,1.0,0.33110932,0,1.5714285,0.10714286,0.05185185,0.19701058,,,,,,,,,,,,,,,,,REG,NO,PIT,Adam Trautman,TrauAd00,0.0,0.0,0.0,88.2
2022,REG,10,00-0033288,G.Kittle,TE,TE,SF,13299,2ada91b0-036e-454f-83c3-6d939ff584a9,16499.0,11901.0,4217.0,,3040151.0,30259.0,,2818265.0,KittGe00,george-kittle-1,11892.0,12276.0,298.0,30259.0,733672.0,19063.0,733672.0,George Kittle,george kittle,1,2,21.0,0,0.0,0.0,23.0,9.0,1.0,2.067157,0,0.9130435,0.071428575,0.12637363,0.1956044,,,,,,,,,,,,,,,,,REG,SF,LAC,George Kittle,KittGe00,0.0,0.0,0.0,87.5
2022,REG,10,00-0037011,T.McKitty,TE,TE,LAC,15333,2ac90a86-c585-4c12-894d-a805a0c94cc3,22807.0,60896.0,7554.0,,4240023.0,33485.0,,2804040.0,McKiTr00,tre-mckitty-1,15252.0,,,33485.0,0.0,,976252.0,Tre' McKitty,tre mckitty,3,6,21.0,0,0.0,0.0,32.0,15.0,0.0,-1.8762536,0,0.65625,0.17142858,0.16243654,0.37084845,Tre' McKitty,LAC,6.6625,5.257511071776098,6.433333333333333,20.127229116696213,50.0,21.0,0.0,5.293333333333332,7.407843509913316,-2.1145101765799836,00-0037011,Tre',McKitty,T.McKitty,REG,LAC,SF,Tre' McKitty,McKiTr00,0.0,1.0,0.167,58.3
2022,REG,10,00-0036637,N.Gray,TE,TE,KC,15337,c97dfcb6-b999-476f-8487-f3848e92df17,19539.0,60878.0,7828.0,,4240472.0,33550.0,,2866903.0,GrayNo00,noah-gray-1,15459.0,,1059.0,33550.0,0.0,,1056981.0,Noah Gray,noah gray,2,2,20.0,1,0.0,0.0,15.0,5.0,1.0,2.7620027,0,1.3333334,0.057142857,0.058139537,0.12641196,,,,,,,,,,,,,,,,,REG,KC,JAX,Noah Gray,GrayNo00,0.0,0.0,0.0,147.9
2022,REG,10,00-0036232,H.Bryant,TE,TE,CLE,14875,f58a5899-8b78-46e8-a29a-ba6273b7d872,19389.0,26394.0,6850.0,,4040774.0,32785.0,,2241240.0,BryaHa00,harrison-bryant-1,14576.0,,752.0,32785.0,0.0,21783.0,916467.0,Harrison Bryant,harrison bryant,3,3,15.0,1,0.0,0.0,4.0,11.0,2.0,0.60206527,0,3.75,0.0882353,0.012461059,0.14107569,,,,,,,,,,,,,,,,,REG,CLE,MIA,Harrison Bryant,BryaHa00,1.0,0.0,0.0,127.1
2022,REG,10,00-0033881,E.Engram,TE,TE,JAX,13189,e21365af-8d66-416e-b0a5-8816d18fcfd9,16411.0,11778.0,4066.0,,3051876.0,30136.0,,2079887.0,EngrEv00,evan-engram-1,11805.0,12205.0,229.0,30136.0,749185.0,18912.0,749185.0,Evan Engram,evan engram,3,4,14.0,0,0.0,0.0,30.0,12.0,1.0,-1.2152146,0,0.46666667,0.102564104,0.10752688,0.22911496,,,,,,,,,,,,,,,,,REG,JAX,KC,Evan Engram,EngrEv00,0.0,0.0,0.0,79.2
2022,REG,10,00-0033439,P.Brown,TE,TE,CLE,13994,6733b953-de77-44e5-acbf-c2d3a0940243,16937.0,12247.0,4443.0,,2971281.0,30627.0,,2819155.0,BrowPh01,,11887.0,12737.0,,30627.0,689689.0,19304.0,689689.0,Pharaoh Brown,pharaoh brown,2,5,13.0,0,0.0,0.0,19.0,2.0,0.0,-1.3116229,0,0.68421054,0.14705883,0.05919003,0.26202124,Pharaoh Brown,CLE,5.712000000000001,1.831050981701522,3.5920000000000014,6.199088775369326,40.0,13.0,0.0,1.5649999999999977,0.7178339116497341,0.8471660883502636,00-0033439,Pharaoh,Brown,P.Brown,REG,CLE,MIA,Pharaoh Brown,BrowPh01,0.0,0.0,0.0,47.9
2022,REG,10,00-0030061,Z.Ertz,TE,TE,ARI,11247,de3421f7-2147-4835-89a5-724e87bad463,11689.0,7816.0,1339.0,zachertz/2540158,15835.0,26658.0,,1685963.0,ErtzZa00,zach-ertz-1,8781.0,8409.0,305.0,26658.0,503177.0,14856.0,503177.0,Zach Ertz,zach ertz,1,1,12.0,0,0.0,0.0,8.0,4.0,1.0,1.8374527,0,1.5,0.028571429,0.03587444,0.06796925,,,,,,,,,,,,,,,,,REG,ARI,LA,Zach Ertz,ErtzZa00,0.0,0.0,0.0,116.7
2022,REG,10,00-0031260,L.Thomas,TE,TE,WAS,11647,b24625a0-d402-4d59-a778-aa4b073bfe5e,12095.0,8755.0,2251.0,loganthomas/2543767,16813.0,27648.0,,1691193.0,ThomLo00,logan-thomas-1,9323.0,9354.0,,27648.0,507528.0,16656.0,507528.0,Logan Thomas,logan thomas,2,4,12.0,0,0.0,0.0,19.0,1.0,0.0,-1.1382304,0,0.6315789,0.16,0.06713781,0.28699645,,,,,,,,,,,,,,,,,REG,WAS,PHI,Logan Thomas,ThomLo00,0.0,0.0,0.0,56.2
2022,REG,10,00-0033576,E.Saubert,TE,TE,DEN,13315,582dc00e-e7ec-4ca7-bff0-f7b1d604017b,16706.0,11929.0,4189.0,,2975863.0,30287.0,,2001018.0,SaubEr00,,11897.0,12300.0,,30287.0,694931.0,19035.0,694931.0,Eric Saubert,eric saubert,1,1,12.0,0,0.0,0.0,-1.0,13.0,0.0,-0.19628544,0,0.0,0.025641026,-0.0025252525,0.03669386,,,,,,,,,,,,,,,,,REG,DEN,TEN,Eric Saubert,SaubEr00,0.0,0.0,0.0,116.7
2022,REG,10,00-0036424,B.Hopkins,TE,TE,LA,14868,39cb1520-dda8-4167-95c4-4947c8383bc4,19234.0,47338.0,6926.0,,3918003.0,32806.0,,2183906.0,HopkBr01,brycen-hopkins-1,14586.0,,,32806.0,0.0,21678.0,880294.0,Brycen Hopkins,brycen hopkins,1,2,11.0,0,0.0,0.0,16.0,7.0,0.0,-0.92102814,0,0.6875,0.054054055,0.06557377,0.12698272,,,,,,,,,,,,,,,,,REG,LA,ARI,Brycen Hopkins,HopkBr01,0.0,0.0,0.0,66.7
2022,REG,10,00-0036741,J.Stoll,TE,TE,PHI,15541,0560d134-d316-4cda-9d48-34d32267af68,23193.0,42058.0,7946.0,,4034862.0,33891.0,,2239684.0,StolJa00,,15510.0,,,33891.0,0.0,,911985.0,Jack Stoll,jack stoll,1,1,11.0,0,0.0,0.0,11.0,0.0,1.0,0.77103055,0,1.0,0.04,0.054455444,0.09811881,,,,,,,,,,,,,,,,,REG,PHI,WAS,Jack Stoll,StolJa00,0.0,0.0,0.0,112.5
2022,REG,10,00-0037252,G.Dulcich,TE,TE,DEN,15797,b9e4a022-d15c-4cef-9879-170277f17207,23153.0,,8172.0,,4367209.0,34036.0,,2964274.0,DulcGr00,greg-dulcich-1,15891.0,,,34036.0,0.0,,1128085.0,Greg Dulcich,greg dulcich,1,4,11.0,0,0.0,0.0,59.0,5.0,1.0,-2.0569398,0,0.18644068,0.102564104,0.1489899,0.25813907,,,,,,,,,,,,,,,,,REG,DEN,TEN,Greg Dulcich,DulcGr00,0.0,0.0,0.0,39.6
2022,REG,10,00-0036145,L.Cager,TE,TE,NYG,15041,2f2181f8-cb0a-42e4-9468-17f5f5a219cc,19701.0,34914.0,7106.0,,3917849.0,33329.0,,2183845.0,,,14597.0,,,33329.0,0.0,21728.0,880123.0,Lawrence Cager,lawrence cager,2,2,9.0,1,0.0,0.0,-2.0,11.0,1.0,1.4289919,0,0.0,0.11764706,-0.020833334,0.16188726,,,,,,,,,,,,,,,,,,,,,,,,,
2022,REG,10,00-0037304,C.Heyward,TE,TE,PIT,15800,62e96d7c-e4dd-4a90-8c3a-8017eb69120d,24562.0,,8181.0,,4241961.0,34163.0,,2867599.0,HeywCo00,connor-heyward-1,15916.0,,,34163.0,0.0,,1057457.0,Connor Heyward,connor heyward,2,2,9.0,0,0.0,0.0,2.0,7.0,0.0,-0.52142787,0,4.5,0.07692308,0.010050251,0.12241979,,,,,,,,,,,,,,,,,REG,PIT,NO,Connor Heyward,HeywCo00,0.0,0.0,0.0,85.4
2022,REG,10,00-0031273,C.Brate,TE,TE,TB,12110,5afe93fd-0caf-4cca-83fc-7f405bebfa3e,13470.0,9207.0,2214.0,,17453.0,28267.0,,2132787.0,BratCa00,,10008.0,10193.0,,28267.0,552926.0,16593.0,552926.0,Cameron Brate,cameron brate,1,2,8.0,0,0.0,0.0,-1.0,13.0,0.0,0.20033155,0,0.0,0.06896552,-0.0038314175,0.100766286,,,,,,,,,,,,,,,,,REG,TB,SEA,Cameron Brate,BratCa00,0.0,0.0,0.0,60.4
2022,REG,10,00-0033757,R.Tonyan,TE,TE,GB,13427,7c9c7800-69d0-459b-812b-a07ac48e9f2a,16502.0,12193.0,4602.0,,2975674.0,30777.0,,2820026.0,TonyRo00,,12389.0,12868.0,,30777.0,660151.0,19491.0,660151.0,Robert Tonyan,robert tonyan,1,1,8.0,0,0.0,0.0,7.0,1.0,0.0,0.5027319,0,1.1428572,0.05263158,0.031390134,0.10092046,,,,,,,,,,,,,,,,,REG,GB,DAL,Robert Tonyan,TonyRo00,0.0,0.0,0.0,100.0
2022,REG,10,00-0034011,D.Arnold,TE,TE,JAX,13880,d479a777-b53b-4bbf-a8e4-0c1675ac48df,17143.0,51842.0,4741.0,,4212989.0,30891.0,,2835170.0,ArnoDa00,,12276.0,12972.0,,30891.0,1053627.0,19659.0,1053627.0,Dan Arnold,dan arnold,1,1,8.0,0,0.0,0.0,5.0,3.0,0.0,0.26915297,0,1.6,0.025641026,0.017921148,0.05100634,,,,,,,,,,,,,,,,,REG,JAX,KC,Dan Arnold,ArnoDa00,0.0,0.0,0.0,100.0
2022,REG,10,00-0036244,C.Parkinson,TE,TE,SEA,14871,1ea7affb-e5e7-491a-aaa3-55e200b2eb48,19372.0,52266.0,6865.0,,4242557.0,32803.0,,2867522.0,ParkCo02,colby-parkinson-1,14463.0,,565.0,32803.0,0.0,21807.0,1060312.0,Colby Parkinson,colby parkinson,1,3,7.0,0,0.0,0.0,29.0,3.0,0.0,-2.1757998,0,0.2413793,0.09090909,0.114173226,0.2162849,,,,,,,,,,,,,,,,,REG,SEA,TB,Colby Parkinson,ParkCo02,0.0,0.0,0.0,42.4
2022,REG,10,00-0037744,T.McBride,TE,TE,ARI,15794,734d54cc-c869-4e2f-a60f-c59c493f5110,22936.0,,8130.0,,4361307.0,34010.0,,2963385.0,McBrTr01,trey-mcbride-1,15902.0,,1253.0,34010.0,0.0,,1108161.0,Trey McBride,trey mcbride,1,1,7.0,0,1.0,0.0,5.0,2.0,0.0,0.31567168,0,1.4,0.028571429,0.022421524,0.05855221,,,,,,,,,,,,,,,,,REG,ARI,LA,Trey McBride,McBrTr01,0.0,0.0,0.0,95.8
2022,REG,10,00-0031585,M.Pruitt,TE,TE,ATL,12309,f22b34cf-6ecf-4522-9c77-1da275dfda7d,13964.0,9576.0,2446.0,,2508256.0,28531.0,,1760327.0,PruiMy00,,10251.0,10522.0,,28531.0,552586.0,16903.0,552586.0,MyCole Pruitt,mycole pruitt,1,1,6.0,0,0.0,0.0,4.0,2.0,0.0,0.20989892,0,1.5,0.03448276,0.011428571,0.059724137,,,,,,,,,,,,,,,,,REG,ATL,CAR,MyCole Pruitt,PruiMy00,0.0,0.0,0.0,91.7
2022,REG,10,00-0035547,J.Fortson,TE,TE,KC,15070,a01ffd42-5fdb-42f8-95ab-157025e3fba8,18831.0,94384.0,6665.0,,4408854.0,32600.0,,3117124.0,FortJo01,,14306.0,,,32600.0,0.0,21383.0,1167484.0,Jody Fortson,jody fortson,1,1,6.0,0,0.0,0.0,1.0,5.0,0.0,0.22858183,0,6.0,0.028571429,0.003875969,0.04557032,,,,,,,,,,,,,,,,,REG,KC,JAX,Jody Fortson,FortJo01,0.0,0.0,0.0,91.7
2022,REG,10,00-0031384,R.Rodgers,TE,TE,LAC,11785,e00b3426-238b-4bdb-85c3-bbf08b7469e3,12233.0,8733.0,2146.0,richardrodgers/2550313,16786.0,27626.0,,2129433.0,RodgRi00,richard-rodgers-1,9559.0,9547.0,,27626.0,607699.0,16491.0,607699.0,Richard Rodgers,richard rodgers,1,1,4.0,0,0.0,0.0,1.0,3.0,0.0,-0.9197219,0,4.0,0.028571429,0.005076142,0.04641044,,,,,,,,,,,,,,,,,REG,LAC,SF,Richard Rodgers,RodgRi00,1.0,0.0,0.0,83.3
2022,REG,10,00-0037282,J.Mitchell,TE,TE,DET,15909,f461da0c-f764-414c-9e0d-2f02e22a68d8,23174.0,,8170.0,,4361988.0,34133.0,,2963242.0,MitcJa00,james-mitchell-2,16035.0,,,34133.0,0.0,,1123712.0,James Mitchell,james mitchell,1,1,4.0,0,0.0,0.0,4.0,0.0,0.0,-0.09116159,0,1.0,0.04,0.031007752,0.08170543,,,,,,,,,,,,,,,,,REG,DET,CHI,James Mitchell,MitcJa00,0.0,0.0,0.0,83.3
2022,REG,10,00-0035956,G.Ricci,TE,TE,CAR,15054,689de342-1d99-4a4d-976d-f6573ef3a8c2,19756.0,13756.0,7216.0,,3916749.0,33151.0,,2189091.0,,,14785.0,,,33151.0,0.0,21732.0,885940.0,Giovanni Ricci,giovanni ricci,1,1,2.0,0,0.0,0.0,0.0,2.0,0.0,-0.35081017,0,0.0,0.0625,0.0,0.09375,,,,,,,,,,,,,,,,,,,,,,,,,
2022,REG,10,00-0036754,B.Wright,TE,TE,DET,15626,8f182089-7730-499e-8f2e-87bda32debfb,23341.0,60994.0,7891.0,,4242392.0,33774.0,,2807423.0,WrigBr01,,15681.0,,1162.0,33774.0,0.0,,978120.0,Brock Wright,brock wright,1,1,2.0,1,0.0,0.0,2.0,0.0,1.0,3.8798945,0,1.0,0.04,0.015503876,0.07085271,,,,,,,,,,,,,,,,,REG,DET,CHI,Brock Wright,WrigBr01,0.0,0.0,0.0,118.7
2022,REG,10,00-0036032,S.McKeon,TE,TE,DAL,15097,0f369885-8ecd-4ca0-a3dc-df8530a0db6e,19726.0,42266.0,6964.0,,4036275.0,33101.0,,2239736.0,McKeSe01,,14478.0,,,33101.0,0.0,21781.0,911020.0,Sean McKeon,sean mckeon,1,2,1.0,0,0.0,0.0,-2.0,0.0,0.0,-0.55799127,0,0.0,0.045454547,-0.0063897762,0.063708976,,,,,,,,,,,,,,,,,REG,DAL,GB,Sean McKeon,McKeSe01,0.0,0.0,0.0,56.2
2022,REG,10,00-0031690,E.Tomlinson,TE,TE,DEN,13065,b3d7169b-9cf6-4fea-815a-26e4fb0ec16a,14339.0,9786.0,2755.0,,2511973.0,28658.0,,1759992.0,TomlEr01,,10553.0,10747.0,,28658.0,554431.0,17223.0,554431.0,Eric Tomlinson,eric tomlinson,0,1,0.0,0,0.0,0.0,5.0,0.0,0.0,-0.66591984,0,0.0,0.025641026,0.012626262,0.04729992,,,,,,,,,,,,,,,,,REG,DEN,TEN,Eric Tomlinson,TomlEr01,0.0,0.0,0.0,39.6
2022,REG,10,00-0032141,G.Swaim,TE,TE,TEN,12378,d0f9112d-2496-450a-9fc5-d2d01b4d2454,14164.0,9679.0,2545.0,geoffswaim/2553454,3046704.0,28634.0,,2174207.0,SwaiGe00,geoff-swaim-1,10507.0,10617.0,,28634.0,728021.0,17005.0,728021.0,Geoff Swaim,geoff swaim,0,1,0.0,0,0.0,0.0,1.0,0.0,0.0,-1.7152344,0,0.0,0.027777778,0.004048583,0.044500675,,,,,,,,,,,,,,,,,REG,TEN,DEN,Geoff Swaim,SwaiGe00,0.0,1.0,1.0,39.6
2022,REG,10,00-0032725,S.Anderson,TE,TE,ARI,12859,5cb0bf9c-03b4-4201-97c5-a59c6db50841,15760.0,11160.0,3496.0,,2576854.0,29789.0,,1880821.0,AndeSt01,,10885.0,11556.0,,29789.0,607660.0,18262.0,607660.0,Stephen Anderson,stephen anderson,0,1,0.0,0,0.0,0.0,0.0,0.0,0.0,-0.73182595,0,,0.028571429,0.0,0.042857144,,,,,,,,,,,,,,,,,REG,ARI,LA,Stephen Anderson,AndeSt01,0.0,1.0,1.0,39.6
2022,REG,10,00-0033879,O.Howard,TE,TE,HOU,13188,93ed8c6f-b676-46d3-bf82-6155e89b4a68,16380.0,11774.0,4055.0,,3043080.0,30132.0,,2061190.0,HowaO.00,oj-howard-1,11806.0,12161.0,,30132.0,732147.0,18901.0,732147.0,O.J. Howard,oj howard,0,1,0.0,0,0.0,0.0,2.0,0.0,0.0,-0.5133086,0,0.0,0.027027028,0.007751938,0.045966897,,,,,,,,,,,,,,,,,REG,HOU,NYG,O.J. Howard,HowaO.00,0.0,0.0,0.0,39.6
2022,REG,10,00-0034798,D.Smythe,TE,TE,MIA,13676,7e42a22a-c47b-4387-aeeb-2cc2e76dc1d8,17508.0,47257.0,5008.0,,3052897.0,31093.0,,2082845.0,SmytDu00,durham-smythe-1,12807.0,13249.0,,31093.0,749968.0,19943.0,749968.0,Durham Smythe,durham smythe,0,0,0.0,0,0.0,0.0,0.0,0.0,0.0,,0,,,,,,,,,,,,,,,,,,,,,,,,,,,,,
2022,REG,10,00-0035222,Z.Gentry,TE,TE,PIT,14240,58f18567-a050-49c4-aeca-b34499338b37,18690.0,36049.0,6018.0,,3929924.0,31973.0,,2185708.0,GentZa00,zach-gentry-2,13511.0,14247.0,,31973.0,883079.0,20770.0,883079.0,Zach Gentry,zach gentry,0,1,0.0,0,0.0,0.0,0.0,0.0,0.0,-0.99595535,0,,0.03846154,0.0,0.057692308,,,,,,,,,,,,,,,,,REG,PIT,NO,Zach Gentry,GentZa00,0.0,0.0,0.0,39.6
2022,REG,10,00-0035259,T.Wesco,TE,TE,CHI,14231,f6c34178-e063-444b-96b3-df6b3cf66419,18567.0,42018.0,6181.0,,4039253.0,31953.0,,2243366.0,WescTr00,trevon-wesco-1,13828.0,14224.0,,31953.0,919456.0,20977.0,919456.0,Trevon Wesco,trevon wesco,0,1,0.0,0,0.0,0.0,7.0,0.0,0.0,-0.7044008,0,0.0,0.055555556,0.038043477,0.10996377,,,,,,,,,,,,,,,,,REG,CHI,DET,Trevon Wesco,WescTr00,0.0,0.0,0.0,39.6
2022,REG,10,00-0035345,C.Myarick,TE,TE,NYG,15620,002adaa8-5dc2-4b4b-95bc-53a38dce3849,19098.0,47358.0,6529.0,,3138744.0,32442.0,,3117054.0,,,14282.0,,,32442.0,0.0,21531.0,838318.0,Chris Myarick,chris myarick,0,1,0.0,0,0.0,0.0,-4.0,0.0,0.0,-0.5317764,0,0.0,0.05882353,-0.041666668,0.059068628,,,,,,,,,,,,,,,,,,,,,,,,,
2022,REG,10,00-0036534,S.Zylstra,TE,TE,DET,15604,0cafaac9-20fb-4e5a-9362-158d8a4e7904,23461.0,,8041.0,,4608362.0,33803.0,,2668830.0,ZylsSh00,,15701.0,,,33803.0,0.0,,1284247.0,Shane Zylstra,shane zylstra,0,1,0.0,0,0.0,0.0,18.0,0.0,0.0,-1.3565863,0,0.0,0.04,0.13953489,0.15767442,,,,,,,,,,,,,,,,,REG,DET,CHI,Shane Zylstra,ZylsSh00,0.0,0.0,0.0,39.6
2022,REG,10,00-0037005,T.Tremble,TE,TE,CAR,15332,cbee2fd3-e5f2-4316-bffd-531f1873f032,22795.0,84025.0,7694.0,,4372780.0,33471.0,,2969027.0,TremTo00,tommy-tremble-1,15371.0,,1054.0,33471.0,0.0,,1130555.0,Tommy Tremble,tommy tremble,0,1,0.0,0,0.0,0.0,5.0,0.0,0.0,-1.5778708,0,0.0,0.0625,0.056179777,0.13307585,,,,,,,,,,,,,,,,,REG,CAR,ATL,Tommy Tremble,TremTo00,0.0,0.0,0.0,39.6
2022,REG,10,00-0037569,P.Hendershot,TE,TE,DAL,16000,944893b0-d30e-11ec-8b77-45b1765fd110,22971.0,,8197.0,,4258248.0,34607.0,,2867545.0,HendPe01,,16041.0,,,34607.0,0.0,,1065138.0,Peyton Hendershot,peyton hendershot,0,1,0.0,0,0.0,0.0,6.0,0.0,0.0,-1.204824,0,0.0,0.022727273,0.019169329,0.04750944,,,,,,,,,,,,,,,,,REG,DAL,GB,Peyton Hendershot,HendPe01,0.0,0.0,0.0,39.6
2022,REG,10,00-0024243,M.Lewis,TE,TE,GB,8269,9c21e9af-681c-41ef-9b00-fbc9e1668ed1,9413.0,2973.0,111.0,marcedeslewis/2495888,9614.0,7777.0,4007.0,415313.0,LewiMa00,marcedes-lewis-1,4891.0,3615.0,,7777.0,214197.0,3061.0,214197.0,Marcedes Lewis,marcedes lewis,1,1,-1.0,0,0.0,0.0,-1.0,0.0,0.0,-0.94953483,0,0.0,0.05263158,-0.004484305,0.07580835,,,,,,,,,,,,,,,,,REG,GB,DAL,Marcedes Lewis,LewiMa00,0.0,0.0,0.0,79.2
2022,REG,11,00-0030506,T.Kelce,TE,TE,KC,11244,c3859e06-5f23-4302-a71b-04820a899d5f,11594.0,7844.0,1466.0,traviskelce/2540258,15847.0,26686.0,,1725130.0,KelcTr00,travis-kelce-1,8783.0,8411.0,264.0,26686.0,448240.0,15048.0,448240.0,Travis Kelce,travis kelce,6,10,115.0,3,0.0,0.0,57.0,88.0,5.0,7.6632633,0,2.0175438,0.32258064,0.1764706,0.60740036,Travis Kelce,KC,5.426,2.309694366948337,4.872999999999999,15.28832277091046,60.0,115.0,3.0,15.075000000000001,6.885507637193541,8.18949236280646,00-0030506,Travis,Kelce,T.Kelce,REG,KC,LAC,Travis Kelce,KelcTr00,0.0,0.0,0.0,139.6
2022,REG,11,00-0033288,G.Kittle,TE,TE,SF,13299,2ada91b0-036e-454f-83c3-6d939ff584a9,16499.0,11901.0,4217.0,,3040151.0,30259.0,,2818265.0,KittGe00,george-kittle-1,11892.0,12276.0,298.0,30259.0,733672.0,19063.0,733672.0,George Kittle,george kittle,4,6,84.0,2,0.0,0.0,40.0,54.0,3.0,8.936462,0,2.1,0.20689656,0.22727273,0.46943575,George Kittle,SF,3.0749999999999997,4.774574472062008,6.156666666666667,22.270452764212934,66.66666666666666,84.0,2.0,14.129999999999999,7.889849862051868,6.240150137948131,00-0033288,George,Kittle,G.Kittle,REG,SF,ARI,George Kittle,KittGe00,1.0,0.0,0.0,149.3
2022,REG,11,00-0036894,P.Freiermuth,TE,TE,PIT,15331,04f0fefe-9d9d-44f5-94ea-6df2a42df3c6,20163.0,84085.0,7600.0,,4361411.0,33443.0,,2961270.0,FreiPa00,pat-freiermuth-1,15267.0,,1053.0,33443.0,0.0,,1116662.0,Pat Freiermuth,pat freiermuth,8,12,79.0,0,0.0,0.0,119.0,25.0,4.0,-0.87602264,0,0.66386557,0.31578946,0.31648937,0.6952268,Pat Freiermuth,PIT,7.571428571428571,3.013437209734818,9.461666666666668,31.790564188716218,66.66666666666666,79.0,0.0,2.721249999999998,3.1050064618734723,-0.3837564618734741,00-0036894,Pat,Freiermuth,P.Freiermuth,REG,PIT,CIN,Pat Freiermuth,FreiPa00,2.0,0.0,0.0,85.1
2022,REG,11,00-0035689,D.Knox,TE,TE,BUF,14143,5fb525c5-4e70-4ede-8c49-94ad0cf66b7d,18631.0,35883.0,5906.0,,3930086.0,31928.0,,2186345.0,KnoxDa00,dawson-knox-1,13466.0,13953.0,88.0,31928.0,884083.0,20850.0,884083.0,Dawson Knox,dawson knox,7,7,70.0,0,0.0,0.0,40.0,30.0,3.0,5.4173098,0,1.75,0.29166666,0.20833333,0.5833333,Dawson Knox,BUF,7.293333333333333,6.455418874798041,5.36,18.152789201219218,100.0,70.0,0.0,4.64,5.183915850473828,-0.5439158504738284,00-0035689,Dawson,Knox,D.Knox,REG,BUF,CLE,Dawson Knox,KnoxDa00,0.0,0.0,0.0,108.3
2022,REG,11,00-0031260,L.Thomas,TE,TE,WAS,11647,b24625a0-d402-4d59-a778-aa4b073bfe5e,12095.0,8755.0,2251.0,loganthomas/2543767,16813.0,27648.0,,1691193.0,ThomLo00,logan-thomas-1,9323.0,9354.0,,27648.0,507528.0,16656.0,507528.0,Logan Thomas,logan thomas,5,6,65.0,0,0.0,0.0,46.0,26.0,3.0,2.807772,0,1.4130435,0.26086956,0.22222222,0.5468599,Logan Thomas,WAS,5.66,2.2382649839716393,8.813333333333334,24.928110121152123,83.33333333333334,65.0,0.0,5.3260000000000005,6.037969992344711,-0.7119699923447103,00-0031260,Logan,Thomas,L.Thomas,REG,WAS,HOU,Logan Thomas,ThomLo00,0.0,0.0,0.0,111.8
2022,REG,11,00-0034753,M.Andrews,TE,TE,BAL,13671,0618f387-9b72-4270-8b8f-dec4cccc9e4a,17269.0,47436.0,5012.0,,3116365.0,31056.0,,2131121.0,AndrMa00,mark-andrews-1,12559.0,13182.0,366.0,31056.0,820699.0,19803.0,820699.0,Mark Andrews,mark andrews,6,8,63.0,0,0.0,0.0,60.0,12.0,3.0,-0.9105424,0,1.05,0.25,0.4477612,0.6884328,Mark Andrews,BAL,6.97125,3.3697763910156753,8.17625,42.52649372602562,75.0,63.0,0.0,2.0000000000000013,2.2305541569226457,-0.23055415692264436,00-0034753,Mark,Andrews,M.Andrews,REG,BAL,CAR,Mark Andrews,AndrMa00,0.0,1.0,0.125,57.8
2022,REG,11,00-0035547,J.Fortson,TE,TE,KC,15070,a01ffd42-5fdb-42f8-95ab-157025e3fba8,18831.0,94384.0,6665.0,,4408854.0,32600.0,,3117124.0,FortJo01,,14306.0,,,32600.0,0.0,21383.0,1167484.0,Jody Fortson,jody fortson,2,2,51.0,0,0.0,0.0,39.0,12.0,2.0,5.442613,0,1.3076923,0.06451613,0.120743036,0.18129432,,,,,,,,,,,,,,,,,REG,KC,LAC,Jody Fortson,FortJo01,0.0,0.0,0.0,118.7
2022,REG,11,00-0036040,J.Johnson,TE,TE,NO,14861,0226b03b-f91d-4223-9813-9fcd2e9c3acc,19562.0,28305.0,7002.0,,3929645.0,33113.0,,2186637.0,JohnJu02,,14630.0,,575.0,33113.0,0.0,21738.0,884609.0,Juwan Johnson,juwan johnson,3,4,47.0,1,0.0,0.0,57.0,13.0,2.0,4.668862,0,0.8245614,0.14814815,0.25560537,0.401146,,,,,,,,,,,,,,,,,REG,NO,LA,Juwan Johnson,JohnJu02,0.0,0.0,0.0,153.1
2022,REG,11,00-0033110,T.Higbee,TE,TE,LA,12678,0df7912d-9e81-47ea-b4f7-d04986df4ee8,15623.0,10744.0,3271.0,,2573401.0,29344.0,,1853103.0,HigbTy00,tyler-higbee-1,10854.0,11430.0,159.0,29344.0,604176.0,18032.0,604176.0,Tyler Higbee,tyler higbee,4,8,45.0,0,0.0,0.0,52.0,11.0,2.0,-0.6027013,0,0.86538464,0.2962963,0.18705036,0.57537967,Tyler Higbee,LAR,5.220000000000001,1.6232326383330897,6.515000000000001,18.83968913789988,50.0,45.0,0.0,2.0375000000000005,1.684557316852362,0.35294268314763855,00-0033110,Tyler,Higbee,T.Higbee,REG,LA,NO,Tyler Higbee,HigbTy00,0.0,1.0,0.125,67.2
2022,REG,11,00-0036970,K.Pitts,TE,TE,ATL,15329,1f3deb24-9ff8-4769-8f42-825eff7742f6,20164.0,83964.0,7553.0,,4360248.0,33392.0,,2964514.0,PittKy00,kyle-pitts-1,15265.0,,1051.0,33392.0,0.0,,1123026.0,Kyle Pitts,kyle pitts,3,5,43.0,0,0.0,0.0,32.0,19.0,2.0,0.553793,0,1.34375,0.2777778,0.30769232,0.6320513,Kyle Pitts,ATL,5.108,3.6998472464318546,6.211999999999999,28.427603880651652,60.0,43.0,0.0,6.6066666666666665,5.462499358461476,1.1441673082051906,00-0036970,Kyle,Pitts,K.Pitts,REG,ATL,CHI,Kyle Pitts,PittKy00,0.0,0.0,0.0,87.9
2022,REG,11,00-0036232,H.Bryant,TE,TE,CLE,14875,f58a5899-8b78-46e8-a29a-ba6273b7d872,19389.0,26394.0,6850.0,,4040774.0,32785.0,,2241240.0,BryaHa00,harrison-bryant-1,14576.0,,752.0,32785.0,0.0,21783.0,916467.0,Harrison Bryant,harrison bryant,4,7,41.0,0,0.0,0.0,48.0,26.0,3.0,1.746768,0,0.8541667,0.17948718,0.15434083,0.37726936,Harrison Bryant,CLE,5.167999999999999,3.8186666908288984,8.484285714285713,17.823059840345714,57.14285714285714,41.0,0.0,6.5150000000000015,9.395710222471735,-2.880710222471733,00-0036232,Harrison,Bryant,H.Bryant,REG,CLE,BUF,Harrison Bryant,BryaHa00,0.0,1.0,0.143,74.1
2022,REG,11,00-0033858,J.Smith,TE,TE,NE,13193,e4f25a37-74de-4bfb-b6c9-f50a4fab0b87,16460.0,11855.0,4144.0,,3054212.0,30213.0,,2081506.0,SmitJo01,jonnu-smith-1,11807.0,12344.0,84.0,30213.0,743749.0,18990.0,743749.0,Jonnu Smith,jonnu smith,4,4,40.0,0,0.0,0.0,7.0,33.0,1.0,1.3439279,0,5.714286,0.14814815,0.05511811,0.2608049,,,,,,,,,,,,,,,,,REG,NE,NYJ,Jonnu Smith,SmitJo01,1.0,0.0,0.0,108.3
2022,REG,11,00-0032392,A.Hooper,TE,TE,TEN,12677,90c2a93f-d837-4e1b-b57c-56648903a8db,15581.0,10715.0,3202.0,,3043275.0,29315.0,,2067004.0,HoopAu00,austin-hooper-1,10748.0,11301.0,384.0,29315.0,739424.0,17963.0,739424.0,Austin Hooper,austin hooper,4,4,36.0,2,0.0,0.0,32.0,4.0,3.0,4.2512813,0,1.125,0.14814815,0.13733906,0.31835955,,,,,,,,,,,,,,,,,REG,TEN,GB,Austin Hooper,HoopAu00,0.0,0.0,0.0,143.7
2022,REG,11,00-0036290,C.Kmet,TE,TE,CHI,14867,036feeb6-9a22-43c5-a8e3-7ac611d8ff49,19229.0,60995.0,6826.0,,4258595.0,32713.0,,2868619.0,KmetCo00,cole-kmet-1,14436.0,,569.0,32713.0,0.0,21772.0,1066765.0,Cole Kmet,cole kmet,3,4,35.0,0,0.0,0.0,34.0,4.0,2.0,1.5695513,0,1.0294118,0.21052632,0.22222222,0.47134504,,,,,,,,,,,,,,,,,REG,CHI,ATL,Cole Kmet,KmetCo00,0.0,0.0,0.0,101.0
2022,REG,11,00-0035229,T.Hockenson,TE,TE,MIN,14138,bd1120b6-38b3-4225-a4b0-20660a149d0d,18290.0,40912.0,5844.0,,4036133.0,31840.0,,2251097.0,HockTJ00,tj-hockenson-1,13610.0,14051.0,247.0,31840.0,923915.0,20805.0,923915.0,T.J. Hockenson,tj hockenson,5,9,34.0,0,0.0,0.0,50.0,21.0,1.0,-4.378235,0,0.68,0.32142857,0.23696682,0.6480196,T.J. Hockenson,MIN,7.248571428571429,4.14882144754916,6.923333333333333,26.801152737752155,55.55555555555556,34.0,0.0,4.337999999999999,4.50407139291683,-0.16607139291683115,00-0035229,Thomas,Hockenson,T.Hockenson,REG,MIN,DAL,T.J. Hockenson,HockTJ00,0.0,1.0,0.111,64.1
2022,REG,11,00-0034981,F.Moreau,TE,TE,LV,14239,9c3a67fd-5c6e-4689-9e08-9ff6d4db6c9a,18397.0,47043.0,5985.0,,3843945.0,31969.0,,2180634.0,MoreFo00,foster-moreau-1,13822.0,14154.0,179.0,31969.0,865573.0,20884.0,865573.0,Foster Moreau,foster moreau,1,3,33.0,0,0.0,0.0,34.0,18.0,1.0,1.5817168,0,0.9705882,0.08108108,0.09659091,0.18923526,,,,,,,,,,,,,,,,,REG,LV,DEN,Foster Moreau,MoreFo00,0.0,0.0,0.0,75.7
2022,REG,11,00-0037809,C.Okonkwo,TE,TE,TEN,15889,14e11f9b-58c8-437f-abc0-a4e4df9a7c47,23982.0,,8210.0,,4360635.0,34099.0,,2965208.0,OkonCh00,chigoziem-okonkwo-1,16042.0,,1320.0,34099.0,0.0,,1106374.0,Chigoziem Okonkwo,chigoziem okonkwo,1,2,31.0,0,0.0,0.0,37.0,3.0,1.0,2.01171,0,0.8378378,0.074074075,0.15879828,0.22226991,,,,,,,,,,,,,,,,,REG,TEN,GB,Chigoziem Okonkwo,OkonCh00,0.0,0.0,0.0,95.8
2022,REG,11,00-0037252,G.Dulcich,TE,TE,DEN,15797,b9e4a022-d15c-4cef-9879-170277f17207,23153.0,,8172.0,,4367209.0,34036.0,,2964274.0,DulcGr00,greg-dulcich-1,15891.0,,,34036.0,0.0,,1128085.0,Greg Dulcich,greg dulcich,4,5,30.0,0,0.0,0.0,42.0,12.0,2.0,-1.4009858,0,0.71428573,0.17857143,0.24277456,0.43779933,Greg Dulcich,DEN,8.184999999999999,3.79584597590931,8.223999999999998,23.50520178346861,80.0,30.0,0.0,2.7725000000000017,1.9794324674708683,0.7930675325291334,00-0037252,Greg,Dulcich,G.Dulcich,REG,DEN,LV,Greg Dulcich,DulcGr00,0.0,0.0,0.0,91.7
2022,REG,11,00-0034830,H.Hurst,TE,TE,CIN,13680,1b125fc4-5dd9-4eb9-a42f-048e61ca42b7,17283.0,47294.0,4973.0,,3924365.0,30995.0,,2185053.0,HursHa00,hayden-hurst-1,12467.0,13098.0,8.0,30995.0,881956.0,19843.0,881956.0,Hayden Hurst,hayden hurst,2,3,28.0,0,0.0,0.0,28.0,18.0,2.0,1.5206091,0,1.0,0.08108108,0.0945946,0.18783784,,,,,,,,,,,,,,,,,REG,CIN,PIT,Hayden Hurst,HursHa00,0.0,0.0,0.0,96.5
2022,REG,11,00-0034365,I.Thomas,TE,TE,CAR,13678,ed8a8fd2-df67-45e7-a34f-984afb82f6ea,17387.0,42130.0,4995.0,,4045305.0,31071.0,,2253359.0,ThomIa00,ian-thomas-3,12858.0,13163.0,323.0,31071.0,943093.0,19910.0,943093.0,Ian Thomas,ian thomas,3,4,24.0,0,0.0,0.0,7.0,21.0,0.0,-0.5710833,0,3.4285715,0.12903225,0.045161292,0.22516128,,,,,,,,,,,,,,,,,REG,CAR,BAL,Ian Thomas,ThomIa00,0.0,0.0,0.0,89.6
2022,REG,11,00-0034383,D.Schultz,TE,TE,DAL,13772,8caec1b4-e0b6-4a84-b8c8-617d6e91ef6a,17349.0,47304.0,5001.0,,3117256.0,31107.0,,2136748.0,SchuDa00,dalton-schultz-1,12514.0,13198.0,487.0,31107.0,830523.0,19920.0,830523.0,Dalton Schultz,dalton schultz,3,5,22.0,0,0.0,0.0,30.0,2.0,1.0,-1.5007734,0,0.73333335,0.16666667,0.2189781,0.40328467,Dalton Schultz,DAL,5.206666666666667,3.263404365457329,8.426,28.069824771803585,60.0,22.0,0.0,1.1233333333333324,2.1007182319723747,-0.9773848986390423,00-0034383,Dalton,Schultz,D.Schultz,REG,DAL,MIN,Dalton Schultz,SchuDa00,0.0,0.0,0.0,70.4
2022,REG,11,00-0033090,H.Henry,TE,TE,NE,12676,705899da-3c20-4bc3-b5d0-2e6e40655131,15561.0,10669.0,3214.0,,3046439.0,29269.0,,2079848.0,HenrHu00,hunter-henry-1,10735.0,11299.0,212.0,29269.0,744425.0,17975.0,744425.0,Hunter Henry,hunter henry,1,1,20.0,0,0.0,0.0,4.0,16.0,1.0,1.29548,0,5.0,0.037037037,0.031496063,0.077602796,,,,,,,,,,,,,,,,,REG,NE,NYJ,Hunter Henry,HenrHu00,0.0,0.0,0.0,118.7
2022,REG,11,00-0036145,L.Cager,TE,TE,NYG,15041,2f2181f8-cb0a-42e4-9468-17f5f5a219cc,19701.0,34914.0,7106.0,,3917849.0,33329.0,,2183845.0,,,14597.0,,,33329.0,0.0,21728.0,880123.0,Lawrence Cager,lawrence cager,2,3,20.0,0,0.0,0.0,35.0,4.0,1.0,-2.5191138,0,0.5714286,0.075,0.104166664,0.18541667,,,,,,,,,,,,,,,,,,,,,,,,,
2022,REG,11,00-0036754,B.Wright,TE,TE,DET,15626,8f182089-7730-499e-8f2e-87bda32debfb,23341.0,60994.0,7891.0,,4242392.0,33774.0,,2807423.0,WrigBr01,,15681.0,,1162.0,33774.0,0.0,,978120.0,Brock Wright,brock wright,2,2,20.0,0,0.0,0.0,5.0,15.0,2.0,2.4499433,0,4.0,0.08,0.034722224,0.14430556,,,,,,,,,,,,,,,,,REG,DET,NYG,Brock Wright,WrigBr01,0.0,0.0,0.0,108.3
2022,REG,11,00-0033757,R.Tonyan,TE,TE,GB,13427,7c9c7800-69d0-459b-812b-a07ac48e9f2a,16502.0,12193.0,4602.0,,2975674.0,30777.0,,2820026.0,TonyRo00,,12389.0,12868.0,,30777.0,660151.0,19491.0,660151.0,Robert Tonyan,robert tonyan,2,4,19.0,0,0.0,0.0,22.0,14.0,1.0,-1.7349588,0,0.8636364,0.10810811,0.061452515,0.20517892,,,,,,,,,,,,,,,,,REG,GB,TEN,Robert Tonyan,TonyRo00,0.0,0.0,0.0,63.5
2022,REG,11,00-0031585,M.Pruitt,TE,TE,ATL,12309,f22b34cf-6ecf-4522-9c77-1da275dfda7d,13964.0,9576.0,2446.0,,2508256.0,28531.0,,1760327.0,PruiMy00,,10251.0,10522.0,,28531.0,552586.0,16903.0,552586.0,MyCole Pruitt,mycole pruitt,1,1,17.0,0,0.0,0.0,4.0,13.0,1.0,0.96387756,0,4.25,0.055555556,0.03846154,0.11025641,,,,,,,,,,,,,,,,,REG,ATL,CHI,MyCole Pruitt,PruiMy00,0.0,0.0,0.0,118.7
2022,REG,11,00-0033885,D.Njoku,TE,TE,CLE,13192,8f86fcea-90e8-49ea-bc78-5c7659313e57,16399.0,11784.0,4033.0,,3123076.0,30142.0,,2136474.0,NjokDa00,david-njoku-1,11734.0,12186.0,252.0,30142.0,832098.0,18876.0,832098.0,David Njoku,david njoku,2,3,17.0,0,0.0,0.0,24.0,17.0,1.0,-0.496794,0,0.7083333,0.07692308,0.07717042,0.16940391,,,,,,,,,,,,,,,,,REG,CLE,BUF,David Njoku,NjokDa00,0.0,0.0,0.0,81.2
2022,REG,11,00-0033576,E.Saubert,TE,TE,DEN,13315,582dc00e-e7ec-4ca7-bff0-f7b1d604017b,16706.0,11929.0,4189.0,,2975863.0,30287.0,,2001018.0,SaubEr00,,11897.0,12300.0,,30287.0,694931.0,19035.0,694931.0,Eric Saubert,eric saubert,2,2,16.0,0,0.0,0.0,3.0,13.0,0.0,1.1017445,0,5.3333335,0.071428575,0.01734104,0.11928158,,,,,,,,,,,,,,,,,REG,DEN,LV,Eric Saubert,SaubEr00,2.0,0.0,0.0,100.0
2022,REG,11,00-0036876,K.Granson,TE,TE,IND,15419,bcc0167c-05fd-4b23-981e-60b8784ceb33,22841.0,40630.0,7602.0,,4039160.0,33515.0,,2247146.0,GranKy00,kylen-granson-1,15245.0,,1119.0,33515.0,0.0,,921050.0,Kylen Granson,kylen granson,1,1,16.0,0,0.0,0.0,16.0,0.0,1.0,1.6923645,0,1.0,0.032258064,0.08465608,0.10764635,,,,,,,,,,,,,,,,,REG,IND,PHI,Kylen Granson,GranKy00,0.0,0.0,0.0,118.7
2022,REG,11,00-0034270,T.Conklin,TE,TE,NYJ,13675,f0d17dfa-ebf3-416c-a8d2-c6bc30675103,17598.0,47327.0,5133.0,,3915486.0,31220.0,,2165249.0,ConkTy00,tyler-conklin-1,12809.0,13220.0,489.0,31127.0,861278.0,19988.0,861278.0,Tyler Conklin,tyler conklin,2,3,15.0,0,0.0,0.0,19.0,9.0,0.0,-2.483264,0,0.7894737,0.15,0.11046512,0.30232558,,,,,,,,,,,,,,,,,REG,NYJ,NE,Tyler Conklin,ConkTy00,0.0,0.0,0.0,78.5
2022,REG,11,00-0036637,N.Gray,TE,TE,KC,15337,c97dfcb6-b999-476f-8487-f3848e92df17,19539.0,60878.0,7828.0,,4240472.0,33550.0,,2866903.0,GrayNo00,noah-gray-1,15459.0,,1059.0,33550.0,0.0,,1056981.0,Noah Gray,noah gray,2,3,15.0,0,0.0,0.0,16.0,16.0,1.0,-0.41556257,0,0.9375,0.09677419,0.049535602,0.17983621,,,,,,,,,,,,,,,,,REG,KC,LAC,Noah Gray,GrayNo00,0.0,0.0,0.0,78.5
2022,REG,11,00-0038041,J.Ferguson,TE,TE,DAL,15799,f46eab3d-d7dd-4420-b3f9-6da9ac1308ab,22718.0,,8110.0,,4242355.0,34085.0,,2867159.0,FergJa00,jake-ferguson-1,15947.0,,1258.0,34085.0,0.0,,1065361.0,Jake Ferguson,jake ferguson,2,2,15.0,0,0.0,0.0,3.0,12.0,1.0,1.1666495,0,5.0,0.06666667,0.02189781,0.11532847,,,,,,,,,,,,,,,,,REG,DAL,MIN,Jake Ferguson,FergJa00,0.0,0.0,0.0,97.9
2022,REG,11,00-0033217,M.Alie-Cox,TE,TE,IND,13246,8809c0dd-786b-4255-a7d0-333c9498c19a,16579.0,12078.0,4054.0,moalie-cox/2558832,2998565.0,30112.0,,2815925.0,AlieMo00,,12196.0,12221.0,195.0,30112.0,712506.0,18900.0,712506.0,Mo Alie-Cox,mo alie-cox,1,1,14.0,0,0.0,0.0,2.0,12.0,1.0,1.4747205,0,7.0,0.032258064,0.01058201,0.055794504,,,,,,,,,,,,,,,,,REG,IND,PHI,Mo Alie-Cox,AlieMo00,1.0,0.0,0.0,118.7
2022,REG,11,00-0037744,T.McBride,TE,TE,ARI,15794,734d54cc-c869-4e2f-a60f-c59c493f5110,22936.0,,8130.0,,4361307.0,34010.0,,2963385.0,McBrTr01,trey-mcbride-1,15902.0,,1253.0,34010.0,0.0,,1108161.0,Trey McBride,trey mcbride,4,4,14.0,0,0.0,0.0,4.0,10.0,0.0,-1.0836757,0,3.5,0.0952381,0.016064256,0.15410212,,,,,,,,,,,,,,,,,REG,ARI,SF,Trey McBride,McBrTr01,0.0,0.0,0.0,81.2
2022,REG,11,00-0036422,A.Trautman,TE,TE,NO,14870,4e14183b-f974-4745-9d7f-8f5eb2a92a7d,19423.0,109795.0,6869.0,,3911853.0,32775.0,,2182228.0,TrauAd00,,14541.0,,566.0,32775.0,0.0,21786.0,875444.0,Adam Trautman,adam trautman,3,3,12.0,0,0.0,0.0,7.0,5.0,0.0,-2.0332043,0,1.7142857,0.11111111,0.031390134,0.18863976,,,,,,,,,,,,,,,,,REG,NO,LA,Adam Trautman,TrauAd00,0.0,0.0,0.0,83.3
2022,REG,11,00-0033879,O.Howard,TE,TE,HOU,13188,93ed8c6f-b676-46d3-bf82-6155e89b4a68,16380.0,11774.0,4055.0,,3043080.0,30132.0,,2061190.0,HowaO.00,oj-howard-1,11806.0,12161.0,,30132.0,732147.0,18901.0,732147.0,O.J. Howard,oj howard,1,3,9.0,0,0.0,0.0,23.0,8.0,0.0,-1.770811,0,0.39130434,0.09375,0.09090909,0.20426136,,,,,,,,,,,,,,,,,REG,HOU,WAS,O.J. Howard,HowaO.00,0.0,0.0,0.0,42.4
2022,REG,11,00-0033246,J.Mundt,TE,TE,MIN,13940,6414998b-5831-44aa-8bd8-39e42a323c2c,16743.0,12206.0,4314.0,,3052096.0,30373.0,,2818622.0,MundJo00,,12316.0,12525.0,,30373.0,740704.0,19165.0,740704.0,Johnny Mundt,johnny mundt,1,1,8.0,0,0.0,0.0,7.0,1.0,1.0,0.84567726,0,1.1428572,0.035714287,0.033175357,0.07679418,,,,,,,,,,,,,,,,,REG,MIN,DAL,Johnny Mundt,MundJo00,0.0,0.0,0.0,100.0
2022,REG,11,00-0034364,J.Akins,TE,TE,HOU,13753,0cb5a32a-a340-4671-ba2a-93f5fa6aee8d,17415.0,47050.0,5032.0,,3128452.0,31068.0,,2142712.0,AkinJo00,jordan-akins-1,12568.0,13238.0,,31068.0,838396.0,19903.0,838396.0,Jordan Akins,jordan akins,2,3,8.0,0,0.0,0.0,14.0,3.0,1.0,0.42028245,0,0.5714286,0.09375,0.05533597,0.17936018,,,,,,,,,,,,,,,,,REG,HOU,WAS,Jordan Akins,AkinJo00,0.0,0.0,0.0,70.1
2022,REG,11,00-0035222,Z.Gentry,TE,TE,PIT,14240,58f18567-a050-49c4-aeca-b34499338b37,18690.0,36049.0,6018.0,,3929924.0,31973.0,,2185708.0,GentZa00,zach-gentry-2,13511.0,14247.0,,31973.0,883079.0,20770.0,883079.0,Zach Gentry,zach gentry,2,3,8.0,0,0.0,0.0,27.0,2.0,0.0,-1.2965547,0,0.2962963,0.078947365,0.07180851,0.16868702,,,,,,,,,,,,,,,,,REG,PIT,CIN,Zach Gentry,GentZa00,0.0,0.0,0.0,70.1
2022,REG,11,00-0031558,M.Williams,TE,TE,ARI,12206,52f4a43a-64a9-4d69-a9e2-28bd60f68e49,13919.0,9488.0,2360.0,,2970726.0,28443.0,,1983769.0,WillMa04,maxx-williams-1,10128.0,10298.0,,28443.0,651658.0,16816.0,651658.0,Maxx Williams,maxx williams,1,1,7.0,0,0.0,0.0,3.0,4.0,0.0,0.3759145,0,2.3333333,0.023809524,0.012048192,0.04414802,,,,,,,,,,,,,,,,,REG,ARI,SF,Maxx Williams,WillMa04,0.0,0.0,0.0,95.8
2022,REG,11,00-0036741,J.Stoll,TE,TE,PHI,15541,0560d134-d316-4cda-9d48-34d32267af68,23193.0,42058.0,7946.0,,4034862.0,33891.0,,2239684.0,StolJa00,,15510.0,,,33891.0,0.0,,911985.0,Jack Stoll,jack stoll,1,1,7.0,0,0.0,0.0,5.0,2.0,0.0,0.19963172,0,1.4,0.04347826,0.02688172,0.08403459,,,,,,,,,,,,,,,,,REG,PHI,IND,Jack Stoll,StolJa00,0.0,0.0,0.0,95.8
2022,REG,11,00-0037475,S.Smartt,TE,TE,LAC,16113,6ee105f0-ca2e-11ec-be96-e90abdfa0fef,24621.0,,8583.0,,4250764.0,34637.0,,2864800.0,SmarSt00,,16321.0,,,34637.0,0.0,,1056865.0,Stone Smartt,stone smartt,1,1,6.0,0,0.0,0.0,4.0,2.0,1.0,1.2418815,0,1.5,0.03448276,0.01746725,0.06395121,,,,,,,,,,,,,,,,,REG,LAC,KC,Stone Smartt,SmarSt00,0.0,0.0,0.0,91.7
2022,REG,11,00-0032141,G.Swaim,TE,TE,TEN,12378,d0f9112d-2496-450a-9fc5-d2d01b4d2454,14164.0,9679.0,2545.0,geoffswaim/2553454,3046704.0,28634.0,,2174207.0,SwaiGe00,geoff-swaim-1,10507.0,10617.0,,28634.0,728021.0,17005.0,728021.0,Geoff Swaim,geoff swaim,1,1,3.0,0,0.0,0.0,-4.0,7.0,0.0,-0.1518962,0,0.0,0.037037037,-0.017167382,0.043538388,,,,,,,,,,,,,,,,,REG,TEN,GB,Geoff Swaim,SwaiGe00,0.0,0.0,0.0,79.2
2022,REG,11,00-0035249,J.Oliver,TE,TE,BAL,14209,dc83f7af-7b30-4c4a-9c93-f67bd8db954b,18487.0,47083.0,5973.0,,3921690.0,31901.0,,2184618.0,OlivJo00,josh-oliver-1,13786.0,14127.0,7.0,31901.0,881779.0,20899.0,881779.0,Josh Oliver,josh oliver,1,1,2.0,0,0.0,0.0,1.0,1.0,0.0,-0.5830212,0,2.0,0.03125,0.0074626864,0.05209888,,,,,,,,,,,,,,,,,REG,BAL,CAR,Josh Oliver,OlivJo00,0.0,0.0,0.0,79.2
2022,REG,11,00-0037838,I.Likely,TE,TE,BAL,15798,f9279edb-cfa7-4f7d-91df-b81cbf3e133e,23781.0,,8131.0,,4361050.0,34095.0,,2961906.0,LikeIs00,isaiah-likely-1,16033.0,,1257.0,34095.0,0.0,,1125111.0,Isaiah Likely,isaiah likely,1,3,1.0,0,0.0,0.0,15.0,3.0,0.0,-1.435407,0,0.06666667,0.09375,0.1119403,0.2189832,,,,,,,,,,,,,,,,,REG,BAL,CAR,Isaiah Likely,LikeIs00,0.0,1.0,0.333,42.4
2022,REG,11,00-0032725,S.Anderson,TE,TE,ARI,12859,5cb0bf9c-03b4-4201-97c5-a59c6db50841,15760.0,11160.0,3496.0,,2576854.0,29789.0,,1880821.0,AndeSt01,,10885.0,11556.0,,29789.0,607660.0,18262.0,607660.0,Stephen Anderson,stephen anderson,0,1,0.0,0,0.0,0.0,22.0,0.0,0.0,-0.5945148,0,0.0,0.023809524,0.08835341,0.09756167,,,,,,,,,,,,,,,,,REG,ARI,SF,Stephen Anderson,AndeSt01,0.0,1.0,1.0,39.6
2022,REG,11,00-0033439,P.Brown,TE,TE,CLE,13994,6733b953-de77-44e5-acbf-c2d3a0940243,16937.0,12247.0,4443.0,,2971281.0,30627.0,,2819155.0,BrowPh01,,11887.0,12737.0,,30627.0,689689.0,19304.0,689689.0,Pharaoh Brown,pharaoh brown,0,1,0.0,0,0.0,0.0,14.0,0.0,0.0,-0.5310174,0,0.0,0.025641026,0.045016076,0.06997279,,,,,,,,,,,,,,,,,REG,CLE,BUF,Pharaoh Brown,BrowPh01,0.0,1.0,1.0,39.6
2022,REG,11,00-0036628,J.Bates,TE,TE,WAS,15344,3208880b-949f-4926-85eb-1940770550ea,22833.0,42275.0,7716.0,,4048228.0,33512.0,,2257291.0,BateJo00,john-bates-1,15289.0,,,33512.0,0.0,,944038.0,John Bates,john bates,0,1,0.0,0,0.0,0.0,7.0,0.0,0.0,-1.8636624,0,0.0,0.04347826,0.033816423,0.08888889,,,,,,,,,,,,,,,,,REG,WAS,HOU,John Bates,BateJo00,0.0,0.0,0.0,39.6
2022,REG,11,00-0037078,C.Turner,TE,TE,WAS,15803,fc78ba73-7ef3-4dda-9a06-b5101f7ff7b1,23727.0,,8214.0,,4361438.0,34105.0,,2961855.0,TurnCo00,cole-turner-2,15923.0,,,34105.0,0.0,,1122692.0,Cole Turner,cole turner,0,1,0.0,0,0.0,0.0,2.0,0.0,0.0,-1.2357337,0,0.0,0.04347826,0.009661836,0.07198068,,,,,,,,,,,,,,,,,REG,WAS,HOU,Cole Turner,TurnCo00,0.0,0.0,0.0,39.6
2022,REG,11,00-0037277,T.Quitoriano,TE,TE,HOU,15905,06cb6aff-c81e-4553-95ba-467187f408d4,24182.0,,8227.0,,4374045.0,34126.0,,2965963.0,QuitTe00,teagan-quitoriano-1,16034.0,,,34126.0,0.0,,1128538.0,Teagan Quitoriano,teagan quitoriano,0,1,0.0,0,0.0,0.0,16.0,0.0,0.0,-0.4602239,0,0.0,0.03125,0.06324111,0.09114377,,,,,,,,,,,,,,,,,REG,HOU,WAS,Teagan Quitoriano,QuitTe00,0.0,0.0,0.0,39.6
2022,REG,11,00-0037569,P.Hendershot,TE,TE,DAL,16000,944893b0-d30e-11ec-8b77-45b1765fd110,22971.0,,8197.0,,4258248.0,34607.0,,2867545.0,HendPe01,,16041.0,,,34607.0,0.0,,1065138.0,Peyton Hendershot,peyton hendershot,1,1,-2.0,0,0.0,0.0,-3.0,1.0,0.0,-1.0827457,0,0.0,0.033333335,-0.02189781,0.034671534,,,,,,,,,,,,,,,,,REG,DAL,MIN,Peyton Hendershot,HendPe01,0.0,0.0,0.0,79.2
2022,REG,12,00-0037755,J.Woods,TE,TE,IND,15840,321af8f8-b4de-4ed2-a86f-7f97a85a13d4,23829.0,,8219.0,,4241410.0,34029.0,,2787078.0,WoodJe01,jelani-woods-1,15821.0,,1305.0,34029.0,0.0,,975503.0,Jelani Woods,jelani woods,8,9,98.0,0,1.0,0.0,72.0,32.0,5.0,7.4696283,0,1.3611112,0.28125,0.3529412,0.6689338,Jelani Woods,IND,5.9875,3.8570704633657806,7.607777777777778,33.11248670084147,88.88888888888889,98.0,0.0,4.35125,4.7941374230185545,-0.4428874230185542,00-0037755,Jelani,Woods,J.Woods,REG,IND,PIT,Jelani Woods,WoodJe01,0.0,1.0,0.111,112.0
2022,REG,12,00-0035249,J.Oliver,TE,TE,BAL,14209,dc83f7af-7b30-4c4a-9c93-f67bd8db954b,18487.0,47083.0,5973.0,,3921690.0,31901.0,,2184618.0,OlivJo00,josh-oliver-1,13786.0,14127.0,7.0,31901.0,881779.0,20899.0,881779.0,Josh Oliver,josh oliver,4,6,76.0,1,0.0,0.0,74.0,30.0,4.0,6.504105,0,1.027027,0.2,0.2084507,0.4459155,Josh Oliver,BAL,4.866666666666666,4.4511278702516455,11.868333333333332,19.977556459531492,66.66666666666666,76.0,1.0,8.095000000000002,6.854181212603294,1.2408187873967087,00-0035249,Josh,Oliver,J.Oliver,REG,BAL,JAX,Josh Oliver,OlivJo00,0.0,0.0,0.0,149.3
2022,REG,12,00-0033090,H.Henry,TE,TE,NE,12676,705899da-3c20-4bc3-b5d0-2e6e40655131,15561.0,10669.0,3214.0,,3046439.0,29269.0,,2079848.0,HenrHu00,hunter-henry-1,10735.0,11299.0,212.0,29269.0,744425.0,17975.0,744425.0,Hunter Henry,hunter henry,3,5,63.0,1,0.0,0.0,44.0,43.0,2.0,2.387747,0,1.4318181,0.14285715,0.14915255,0.3186925,Hunter Henry,NE,5.702500000000001,4.96064557556617,7.941999999999998,14.177585776000573,60.0,63.0,1.0,14.876666666666667,9.540433549884861,5.336233116781806,00-0033090,Hunter,Henry,H.Henry,REG,NE,MIN,Hunter Henry,HenrHu00,0.0,0.0,0.0,143.7
2022,REG,12,00-0034364,J.Akins,TE,TE,HOU,13753,0cb5a32a-a340-4671-ba2a-93f5fa6aee8d,17415.0,47050.0,5032.0,,3128452.0,31068.0,,2142712.0,AkinJo00,jordan-akins-1,12568.0,13238.0,,31068.0,838396.0,19903.0,838396.0,Jordan Akins,jordan akins,5,5,61.0,1,1.0,1.0,15.0,46.0,4.0,0.6337267,0,4.0666666,0.13157895,0.07853403,0.25234225,Jordan Akins,HOU,5.52,6.385211310216033,1.9240000000000017,5.451969396429587,100.0,61.0,1.0,10.607999999999999,9.21507090666446,1.392929093335539,00-0034364,Jordan,Akins,J.Akins,REG,HOU,MIA,Jordan Akins,AkinJo00,0.0,0.0,0.0,157.1
2022,REG,12,00-0030506,T.Kelce,TE,TE,KC,11244,c3859e06-5f23-4302-a71b-04820a899d5f,11594.0,7844.0,1466.0,traviskelce/2540258,15847.0,26686.0,,1725130.0,KelcTr00,travis-kelce-1,8783.0,8411.0,264.0,26686.0,448240.0,15048.0,448240.0,Travis Kelce,travis kelce,4,8,57.0,1,0.0,0.0,49.0,25.0,3.0,-1.9280958,0,1.1632653,0.21621622,0.23222749,0.48688358,Travis Kelce,KC,5.01125,2.866261874671608,6.876250000000001,25.2826546557588,50.0,57.0,1.0,7.14,5.490186336780283,1.6498136632197165,00-0030506,Travis,Kelce,T.Kelce,REG,KC,LA,Travis Kelce,KelcTr00,0.0,0.0,0.0,73.4
2022,REG,12,00-0034830,H.Hurst,TE,TE,CIN,13680,1b125fc4-5dd9-4eb9-a42f-048e61ca42b7,17283.0,47294.0,4973.0,,3924365.0,30995.0,,2185053.0,HursHa00,hayden-hurst-1,12467.0,13098.0,8.0,30995.0,881956.0,19843.0,881956.0,Hayden Hurst,hayden hurst,6,9,57.0,0,0.0,0.0,41.0,29.0,2.0,0.30577835,0,1.3902439,0.25,0.16078432,0.487549,Hayden Hurst,CIN,8.244285714285715,2.962558938924077,4.428888888888889,16.389128736482878,66.66666666666666,57.0,0.0,5.003333333333333,3.8766377983907887,1.1266955349425443,00-0034830,Hayden,Hurst,H.Hurst,REG,CIN,TEN,Hayden Hurst,HursHa00,1.0,0.0,0.0,84.0
2022,REG,12,00-0038041,J.Ferguson,TE,TE,DAL,15799,f46eab3d-d7dd-4420-b3f9-6da9ac1308ab,22718.0,,8110.0,,4242355.0,34085.0,,2867159.0,FergJa00,jake-ferguson-1,15947.0,,1258.0,34085.0,0.0,,1065361.0,Jake Ferguson,jake ferguson,3,3,57.0,0,0.0,0.0,14.0,43.0,2.0,4.3873653,0,4.071429,0.10344828,0.04034582,0.18341449,,,,,,,,,,,,,,,,,REG,DAL,NYG,Jake Ferguson,FergJa00,1.0,0.0,0.0,118.7
2022,REG,12,00-0034270,T.Conklin,TE,TE,NYJ,13675,f0d17dfa-ebf3-416c-a8d2-c6bc30675103,17598.0,47327.0,5133.0,,3915486.0,31220.0,,2165249.0,ConkTy00,tyler-conklin-1,12809.0,13220.0,489.0,31127.0,861278.0,19988.0,861278.0,Tyler Conklin,tyler conklin,3,3,50.0,0,0.0,0.0,28.0,22.0,2.0,3.4827802,0,1.7857143,0.10714286,0.17391305,0.28245342,,,,,,,,,,,,,,,,,REG,NYJ,CHI,Tyler Conklin,ConkTy00,0.0,0.0,0.0,118.7
2022,REG,12,00-0034753,M.Andrews,TE,TE,BAL,13671,0618f387-9b72-4270-8b8f-dec4cccc9e4a,17269.0,47436.0,5012.0,,3116365.0,31056.0,,2131121.0,AndrMa00,mark-andrews-1,12559.0,13182.0,366.0,31056.0,820699.0,19803.0,820699.0,Mark Andrews,mark andrews,4,7,50.0,0,1.0,0.0,92.0,15.0,2.0,0.7486601,1,0.54347825,0.23333333,0.25915492,0.5314084,Mark Andrews,BAL,6.030000000000001,2.9766811967218394,13.991428571428571,27.476504418572034,57.14285714285714,50.0,0.0,4.4375,2.7319816058968627,1.7055183941031373,00-0034753,Mark,Andrews,M.Andrews,REG,BAL,JAX,Mark Andrews,AndrMa00,0.0,1.0,0.143,79.5
2022,REG,12,00-0035229,T.Hockenson,TE,TE,MIN,14138,bd1120b6-38b3-4225-a4b0-20660a149d0d,18290.0,40912.0,5844.0,,4036133.0,31840.0,,2251097.0,HockTJ00,tj-hockenson-1,13610.0,14051.0,247.0,31840.0,923915.0,20805.0,923915.0,T.J. Hockenson,tj hockenson,5,6,43.0,1,0.0,0.0,25.0,20.0,3.0,4.07996,0,1.72,0.16216215,0.11848341,0.32618162,T.J. Hockenson,MIN,4.208,4.508024211425743,4.3450000000000015,12.339076107535027,83.33333333333334,43.0,1.0,3.853999999999999,3.622455473416187,0.23154452658381208,00-0035229,Thomas,Hockenson,T.Hockenson,REG,MIN,NE,T.J. Hockenson,HockTJ00,0.0,0.0,0.0,136.1
2022,REG,12,00-0036894,P.Freiermuth,TE,TE,PIT,15331,04f0fefe-9d9d-44f5-94ea-6df2a42df3c6,20163.0,84085.0,7600.0,,4361411.0,33443.0,,2961270.0,FreiPa00,pat-freiermuth-1,15267.0,,1053.0,33443.0,0.0,,1116662.0,Pat Freiermuth,pat freiermuth,3,4,39.0,0,0.0,0.0,28.0,21.0,2.0,4.0957932,0,1.3928572,0.14285715,0.17177914,0.3345311,,,,,,,,,,,,,,,,,REG,PIT,IND,Pat Freiermuth,FreiPa00,0.0,0.0,0.0,105.2
2022,REG,12,00-0037809,C.Okonkwo,TE,TE,TEN,15889,14e11f9b-58c8-437f-abc0-a4e4df9a7c47,23982.0,,8210.0,,4360635.0,34099.0,,2965208.0,OkonCh00,chigoziem-okonkwo-1,16042.0,,1320.0,34099.0,0.0,,1106374.0,Chigoziem Okonkwo,chigoziem okonkwo,3,5,35.0,0,0.0,0.0,47.0,22.0,2.0,-0.3475593,0,0.7446808,0.14705883,0.16491228,0.33602682,Chigoziem Okonkwo,TEN,7.540000000000001,4.643764638162606,9.075999999999999,15.871572467823167,60.0,35.0,0.0,7.486666666666669,7.322553591072804,0.1641130755938649,00-0037809,Chigoziem,Okonkwo,C.Okonkwo,REG,TEN,CIN,Chigoziem Okonkwo,OkonCh00,0.0,1.0,0.2,81.2
2022,REG,12,00-0035644,N.Fant,TE,TE,SEA,14137,cdc98acc-9eb6-4b44-81bb-61d7b8a3b55f,17527.0,42388.0,5857.0,,4036131.0,31852.0,,2251095.0,FantNo00,noah-fant-1,13426.0,14050.0,243.0,31852.0,923911.0,20753.0,923911.0,Noah Fant,noah fant,3,3,34.0,0,0.0,0.0,33.0,1.0,1.0,1.8397095,0,1.030303,0.08108108,0.11418685,0.20155242,,,,,,,,,,,,,,,,,REG,SEA,LV,Noah Fant,FantNo00,0.0,0.0,0.0,113.9
2022,REG,12,00-0034981,F.Moreau,TE,TE,LV,14239,9c3a67fd-5c6e-4689-9e08-9ff6d4db6c9a,18397.0,47043.0,5985.0,,3843945.0,31969.0,,2180634.0,MoreFo00,foster-moreau-1,13822.0,14154.0,179.0,31969.0,865573.0,20884.0,865573.0,Foster Moreau,foster moreau,3,7,33.0,1,0.0,0.0,94.0,11.0,3.0,-1.9212841,0,0.35106382,0.19444445,0.30420712,0.5046117,Foster Moreau,LV,3.912,3.1889013168782845,13.232857142857142,30.875637478750694,42.857142857142854,33.0,1.0,3.990000000000004,7.011735689759614,-3.0217356897596095,00-0034981,Foster,Moreau,F.Moreau,REG,LV,SEA,Foster Moreau,MoreFo00,0.0,1.0,0.143,57.4
2022,REG,12,00-0034383,D.Schultz,TE,TE,DAL,13772,8caec1b4-e0b6-4a84-b8c8-617d6e91ef6a,17349.0,47304.0,5001.0,,3117256.0,31107.0,,2136748.0,SchuDa00,dalton-schultz-1,12514.0,13198.0,487.0,31107.0,830523.0,19920.0,830523.0,Dalton Schultz,dalton schultz,4,4,31.0,2,0.0,0.0,27.0,4.0,2.0,5.018289,0,1.1481482,0.13793103,0.077809796,0.26136342,,,,,,,,,,,,,,,,,REG,DAL,NYG,Dalton Schultz,SchuDa00,0.0,0.0,0.0,138.5
2022,REG,12,00-0032392,A.Hooper,TE,TE,TEN,12677,90c2a93f-d837-4e1b-b57c-56648903a8db,15581.0,10715.0,3202.0,,3043275.0,29315.0,,2067004.0,HoopAu00,austin-hooper-1,10748.0,11301.0,384.0,29315.0,739424.0,17963.0,739424.0,Austin Hooper,austin hooper,3,4,30.0,0,0.0,0.0,20.0,18.0,2.0,2.3899028,0,1.5,0.11764706,0.07017544,0.22559339,,,,,,,,,,,,,,,,,REG,TEN,CIN,Austin Hooper,HoopAu00,0.0,1.0,0.25,95.8
2022,REG,12,00-0033885,D.Njoku,TE,TE,CLE,13192,8f86fcea-90e8-49ea-bc78-5c7659313e57,16399.0,11784.0,4033.0,,3123076.0,30142.0,,2136474.0,NjokDa00,david-njoku-1,11734.0,12186.0,252.0,30142.0,832098.0,18876.0,832098.0,David Njoku,david njoku,5,7,29.0,1,0.0,0.0,57.0,16.0,2.0,2.977308,0,0.50877196,0.19444445,0.15531336,0.400386,David Njoku,CLE,5.579999999999999,2.9195368016528596,8.237142857142858,13.851919473406046,71.42857142857143,29.0,1.0,3.435999999999999,4.135617432178469,-0.6996174321784698,00-0033885,David,Njoku,D.Njoku,REG,CLE,TB,David Njoku,NjokDa00,0.0,1.0,0.143,118.5
2022,REG,12,00-0036290,C.Kmet,TE,TE,CHI,14867,036feeb6-9a22-43c5-a8e3-7ac611d8ff49,19229.0,60995.0,6826.0,,4258595.0,32713.0,,2868619.0,KmetCo00,cole-kmet-1,14436.0,,569.0,32713.0,0.0,21772.0,1066765.0,Cole Kmet,cole kmet,3,6,27.0,0,1.0,0.0,42.0,19.0,1.0,-6.0988216,0,0.64285713,0.25,0.24418604,0.5459302,Cole Kmet,CHI,7.822,3.365927304163799,6.585000000000002,22.087432915921294,50.0,27.0,0.0,6.710000000000001,6.999210588621584,-0.2892105886215832,00-0036290,Cole,Kmet,C.Kmet,REG,CHI,NYJ,Cole Kmet,KmetCo00,0.0,0.0,0.0,22.9
2022,REG,12,00-0033288,G.Kittle,TE,TE,SF,13299,2ada91b0-036e-454f-83c3-6d939ff584a9,16499.0,11901.0,4217.0,,3040151.0,30259.0,,2818265.0,KittGe00,george-kittle-1,11892.0,12276.0,298.0,30259.0,733672.0,19063.0,733672.0,George Kittle,george kittle,3,4,26.0,0,0.0,0.0,20.0,11.0,2.0,0.55893064,0,1.3,0.10810811,0.09615385,0.22946985,,,,,,,,,,,,,,,,,REG,SF,NO,George Kittle,KittGe00,0.0,0.0,0.0,91.7
2022,REG,12,00-0035547,J.Fortson,TE,TE,KC,15070,a01ffd42-5fdb-42f8-95ab-157025e3fba8,18831.0,94384.0,6665.0,,4408854.0,32600.0,,3117124.0,FortJo01,,14306.0,,,32600.0,0.0,21383.0,1167484.0,Jody Fortson,jody fortson,2,3,26.0,0,0.0,0.0,26.0,9.0,1.0,0.8604854,0,1.0,0.08108108,0.123222746,0.20787755,,,,,,,,,,,,,,,,,REG,KC,LA,Jody Fortson,FortJo01,0.0,0.0,0.0,93.7
2022,REG,12,00-0036628,J.Bates,TE,TE,WAS,15344,3208880b-949f-4926-85eb-1940770550ea,22833.0,42275.0,7716.0,,4048228.0,33512.0,,2257291.0,BateJo00,john-bates-1,15289.0,,,33512.0,0.0,,944038.0,John Bates,john bates,3,4,24.0,1,0.0,0.0,34.0,4.0,1.0,1.278262,0,0.7058824,0.18181819,0.2236842,0.4293062,,,,,,,,,,,,,,,,,REG,WAS,ATL,John Bates,BateJo00,0.0,0.0,0.0,129.2
2022,REG,12,00-0035345,C.Myarick,TE,TE,NYG,15620,002adaa8-5dc2-4b4b-95bc-53a38dce3849,19098.0,47358.0,6529.0,,3138744.0,32442.0,,3117054.0,,,14282.0,,,32442.0,0.0,21531.0,838318.0,Chris Myarick,chris myarick,1,1,23.0,0,0.0,0.0,10.0,13.0,1.0,1.647005,0,2.3,0.03448276,0.048780486,0.08587048,,,,,,,,,,,,,,,,,,,,,,,,,
2022,REG,12,00-0037282,J.Mitchell,TE,TE,DET,15909,f461da0c-f764-414c-9e0d-2f02e22a68d8,23174.0,,8170.0,,4361988.0,34133.0,,2963242.0,MitcJa00,james-mitchell-2,16035.0,,,34133.0,0.0,,1123712.0,James Mitchell,james mitchell,1,1,22.0,0,0.0,0.0,3.0,19.0,1.0,1.408094,0,7.3333335,0.028571429,0.012345679,0.051499117,,,,,,,,,,,,,,,,,REG,DET,BUF,James Mitchell,MitcJa00,0.0,0.0,0.0,118.7
2022,REG,12,00-0034365,I.Thomas,TE,TE,CAR,13678,ed8a8fd2-df67-45e7-a34f-984afb82f6ea,17387.0,42130.0,4995.0,,4045305.0,31071.0,,2253359.0,ThomIa00,ian-thomas-3,12858.0,13163.0,323.0,31071.0,943093.0,19910.0,943093.0,Ian Thomas,ian thomas,2,2,21.0,0,0.0,0.0,0.0,21.0,2.0,1.7176182,0,0.0,0.11764706,0.0,0.1764706,,,,,,,,,,,,,,,,,REG,CAR,DEN,Ian Thomas,ThomIa00,0.0,0.0,0.0,110.4
2022,REG,12,00-0033246,J.Mundt,TE,TE,MIN,13940,6414998b-5831-44aa-8bd8-39e42a323c2c,16743.0,12206.0,4314.0,,3052096.0,30373.0,,2818622.0,MundJo00,,12316.0,12525.0,,30373.0,740704.0,19165.0,740704.0,Johnny Mundt,johnny mundt,2,2,20.0,0,0.0,0.0,6.0,14.0,1.0,1.7467407,0,3.3333333,0.054054055,0.028436018,0.100986294,,,,,,,,,,,,,,,,,REG,MIN,NE,Johnny Mundt,MundJo00,0.0,0.0,0.0,108.3
2022,REG,12,00-0033757,R.Tonyan,TE,TE,GB,13427,7c9c7800-69d0-459b-812b-a07ac48e9f2a,16502.0,12193.0,4602.0,,2975674.0,30777.0,,2820026.0,TonyRo00,,12389.0,12868.0,,30777.0,660151.0,19491.0,660151.0,Robert Tonyan,robert tonyan,3,3,20.0,0,0.0,0.0,14.0,6.0,1.0,0.78861123,0,1.4285715,0.12,0.07526882,0.23268817,,,,,,,,,,,,,,,,,REG,GB,PHI,Robert Tonyan,TonyRo00,0.0,0.0,0.0,94.4
2022,REG,12,00-0036145,L.Cager,TE,TE,NYG,15041,2f2181f8-cb0a-42e4-9468-17f5f5a219cc,19701.0,34914.0,7106.0,,3917849.0,33329.0,,2183845.0,,,14597.0,,,33329.0,0.0,21728.0,880123.0,Lawrence Cager,lawrence cager,1,2,20.0,0,0.0,0.0,-1.0,21.0,1.0,-0.093735486,0,0.0,0.06896552,-0.004878049,0.10003364,,,,,,,,,,,,,,,,,,,,,,,,,
2022,REG,12,00-0037277,T.Quitoriano,TE,TE,HOU,15905,06cb6aff-c81e-4553-95ba-467187f408d4,24182.0,,8227.0,,4374045.0,34126.0,,2965963.0,QuitTe00,teagan-quitoriano-1,16034.0,,,34126.0,0.0,,1128538.0,Teagan Quitoriano,teagan quitoriano,2,2,20.0,0,0.0,0.0,7.0,13.0,0.0,0.9106798,0,2.857143,0.05263158,0.036649216,0.104601815,,,,,,,,,,,,,,,,,REG,HOU,MIA,Teagan Quitoriano,QuitTe00,0.0,0.0,0.0,108.3
2022,REG,12,00-0033895,G.Everett,TE,TE,LAC,13236,ebeceb00-57e0-4b74-9cf7-853da2afed18,16459.0,11799.0,4089.0,,3918639.0,30157.0,,2142692.0,EverGe00,gerald-everett-1,11737.0,12284.0,55.0,30157.0,838487.0,18935.0,838487.0,Gerald Everett,gerald everett,4,4,18.0,0,0.0,0.0,7.0,11.0,1.0,-1.4435863,1,2.5714285,0.08510638,0.039772727,0.15550049,,,,,,,,,,,,,,,,,REG,LAC,ARI,Gerald Everett,EverGe00,1.0,0.0,0.0,85.4
2022,REG,12,00-0032134,C.Uzomah,TE,TE,NYJ,12317,19858900-5c8e-49a7-ab02-34ef625724ca,14084.0,9590.0,2460.0,c.j.uzomah/2552559,2574576.0,28545.0,,2174118.0,UzomC.00,cj-uzomah-1,10462.0,10534.0,,28545.0,593305.0,16917.0,593305.0,C.J. Uzomah,cj uzomah,3,3,17.0,0,0.0,0.0,7.0,10.0,1.0,1.1770152,0,2.4285715,0.10714286,0.04347826,0.19114907,,,,,,,,,,,,,,,,,REG,NYJ,CHI,C.J. Uzomah,UzomC.00,0.0,0.0,0.0,90.3
2022,REG,12,00-0034159,W.Dissly,TE,TE,SEA,13763,383f4814-6836-4766-a297-fc063e8509cc,18049.0,30762.0,5010.0,,3127292.0,31090.0,,2139628.0,DissWi00,will-dissly-1,12986.0,13246.0,86.0,31090.0,837806.0,19950.0,837806.0,Will Dissly,will dissly,2,3,17.0,0,0.0,0.0,27.0,0.0,1.0,-0.28398815,0,0.6296296,0.08108108,0.09342561,0.18701954,,,,,,,,,,,,,,,,,REG,SEA,LV,Will Dissly,DissWi00,0.0,1.0,0.333,81.2
2022,REG,12,00-0035689,D.Knox,TE,TE,BUF,14143,5fb525c5-4e70-4ede-8c49-94ad0cf66b7d,18631.0,35883.0,5906.0,,3930086.0,31928.0,,2186345.0,KnoxDa00,dawson-knox-1,13466.0,13953.0,88.0,31928.0,884083.0,20850.0,884083.0,Dawson Knox,dawson knox,2,2,17.0,0,0.0,0.0,15.0,2.0,1.0,1.021005,0,1.1333333,0.051282052,0.04178273,0.10617099,,,,,,,,,,,,,,,,,REG,BUF,DET,Dawson Knox,KnoxDa00,0.0,0.0,0.0,102.1
2022,REG,12,00-0036422,A.Trautman,TE,TE,NO,14870,4e14183b-f974-4745-9d7f-8f5eb2a92a7d,19423.0,109795.0,6869.0,,3911853.0,32775.0,,2182228.0,TrauAd00,,14541.0,,566.0,32775.0,0.0,21786.0,875444.0,Adam Trautman,adam trautman,1,1,17.0,0,0.0,0.0,4.0,13.0,1.0,1.2433385,0,4.25,0.033333335,0.016260162,0.061382115,,,,,,,,,,,,,,,,,REG,NO,SF,Adam Trautman,TrauAd00,0.0,0.0,0.0,118.7
2022,REG,12,00-0033455,A.Firkser,TE,TE,ATL,13919,b0719e3d-199b-46e5-a2b4-1091f6fd5c0d,16787.0,51837.0,4435.0,,3049698.0,30571.0,,2818971.0,FirkAn00,,12235.0,12691.0,,30571.0,767297.0,19296.0,767297.0,Anthony Firkser,anthony firkser,1,1,16.0,0,0.0,0.0,11.0,5.0,1.0,1.0658942,0,1.4545455,0.041666668,0.07857143,0.1175,,,,,,,,,,,,,,,,,REG,ATL,WAS,Anthony Firkser,FirkAn00,0.0,0.0,0.0,118.7
2022,REG,12,00-0036637,N.Gray,TE,TE,KC,15337,c97dfcb6-b999-476f-8487-f3848e92df17,19539.0,60878.0,7828.0,,4240472.0,33550.0,,2866903.0,GrayNo00,noah-gray-1,15459.0,,1059.0,33550.0,0.0,,1056981.0,Noah Gray,noah gray,2,2,16.0,0,0.0,0.0,3.0,13.0,0.0,1.0903814,0,5.3333335,0.054054055,0.014218009,0.09103369,,,,,,,,,,,,,,,,,REG,KC,LA,Noah Gray,GrayNo00,0.0,0.0,0.0,100.0
2022,REG,12,00-0031273,C.Brate,TE,TE,TB,12110,5afe93fd-0caf-4cca-83fc-7f405bebfa3e,13470.0,9207.0,2214.0,,17453.0,28267.0,,2132787.0,BratCa00,,10008.0,10193.0,,28267.0,552926.0,16593.0,552926.0,Cameron Brate,cameron brate,2,5,15.0,0,0.0,0.0,23.0,12.0,0.0,-2.903393,0,0.65217394,0.11904762,0.06686047,0.22537376,Cameron Brate,TB,5.345000000000001,4.439560919553083,4.637999999999996,6.2570827262425075,40.0,15.0,0.0,6.155000000000005,5.5298063840991745,0.6251936159008302,00-0031273,Cameron,Brate,C.Brate,REG,TB,CLE,Cameron Brate,BratCa00,1.0,0.0,0.0,47.9
2022,REG,12,00-0033217,M.Alie-Cox,TE,TE,IND,13246,8809c0dd-786b-4255-a7d0-333c9498c19a,16579.0,12078.0,4054.0,moalie-cox/2558832,2998565.0,30112.0,,2815925.0,AlieMo00,,12196.0,12221.0,195.0,30112.0,712506.0,18900.0,712506.0,Mo Alie-Cox,mo alie-cox,2,3,14.0,0,0.0,0.0,16.0,1.0,1.0,-1.057715,0,0.875,0.09375,0.078431375,0.19552696,,,,,,,,,,,,,,,,,REG,IND,PIT,Mo Alie-Cox,AlieMo00,0.0,0.0,0.0,77.1
2022,REG,12,00-0036424,B.Hopkins,TE,TE,LA,14868,39cb1520-dda8-4167-95c4-4947c8383bc4,19234.0,47338.0,6926.0,,3918003.0,32806.0,,2183906.0,HopkBr01,brycen-hopkins-1,14586.0,,,32806.0,0.0,21678.0,880294.0,Brycen Hopkins,brycen hopkins,1,2,12.0,0,0.0,0.0,12.0,8.0,1.0,-0.38633445,0,1.0,0.083333336,0.08391608,0.18374126,,,,,,,,,,,,,,,,,REG,LA,KC,Brycen Hopkins,HopkBr01,0.0,0.0,0.0,68.7
2022,REG,12,00-0037252,G.Dulcich,TE,TE,DEN,15797,b9e4a022-d15c-4cef-9879-170277f17207,23153.0,,8172.0,,4367209.0,34036.0,,2964274.0,DulcGr00,greg-dulcich-1,15891.0,,,34036.0,0.0,,1128085.0,Greg Dulcich,greg dulcich,2,3,11.0,0,0.0,0.0,31.0,10.0,1.0,-0.5145912,0,0.3548387,0.09375,0.09538461,0.20739423,,,,,,,,,,,,,,,,,REG,DEN,CAR,Greg Dulcich,DulcGr00,0.0,0.0,0.0,72.9
2022,REG,12,00-0034613,T.Hudson,TE,TE,NYG,14370,2fa75e05-cac4-4b40-8924-dbc9ae0c959c,17826.0,66924.0,5409.0,,3050481.0,31257.0,,2926606.0,,,13286.0,,,31257.0,1115394.0,20506.0,1115394.0,Tanner Hudson,tanner hudson,1,1,10.0,0,0.0,0.0,10.0,0.0,1.0,0.2753408,0,1.0,0.03448276,0.048780486,0.08587048,,,,,,,,,,,,,,,,,,,,,,,,,
2022,REG,12,00-0031585,M.Pruitt,TE,TE,ATL,12309,f22b34cf-6ecf-4522-9c77-1da275dfda7d,13964.0,9576.0,2446.0,,2508256.0,28531.0,,1760327.0,PruiMy00,,10251.0,10522.0,,28531.0,552586.0,16903.0,552586.0,MyCole Pruitt,mycole pruitt,2,3,9.0,1,0.0,0.0,11.0,8.0,1.0,0.4200383,0,0.8181818,0.125,0.07857143,0.2425,,,,,,,,,,,,,,,,,REG,ATL,WAS,MyCole Pruitt,PruiMy00,0.0,0.0,0.0,109.7
2022,REG,12,00-0035572,P.Hesse,TE,TE,ATL,15564,5aab93f1-bc81-4d83-b105-d579a14eb349,19067.0,48369.0,6662.0,,3144991.0,32588.0,,3117115.0,,,14295.0,,,32588.0,0.0,21569.0,846264.0,Parker Hesse,parker hesse,1,2,9.0,0,0.0,0.0,11.0,2.0,0.0,-0.014287726,0,0.8181818,0.083333336,0.07857143,0.18,,,,,,,,,,,,,,,,,,,,,,,,,
2022,REG,12,00-0036232,H.Bryant,TE,TE,CLE,14875,f58a5899-8b78-46e8-a29a-ba6273b7d872,19389.0,26394.0,6850.0,,4040774.0,32785.0,,2241240.0,BryaHa00,harrison-bryant-1,14576.0,,752.0,32785.0,0.0,21783.0,916467.0,Harrison Bryant,harrison bryant,2,2,9.0,0,0.0,0.0,9.0,0.0,1.0,0.18098676,0,1.0,0.055555556,0.024523161,0.10049955,,,,,,,,,,,,,,,,,REG,CLE,TB,Harrison Bryant,BryaHa00,0.0,0.0,0.0,85.4
2022,REG,12,00-0031260,L.Thomas,TE,TE,WAS,11647,b24625a0-d402-4d59-a778-aa4b073bfe5e,12095.0,8755.0,2251.0,loganthomas/2543767,16813.0,27648.0,,1691193.0,ThomLo00,logan-thomas-1,9323.0,9354.0,,27648.0,507528.0,16656.0,507528.0,Logan Thomas,logan thomas,1,3,7.0,0,0.0,0.0,-2.0,4.0,0.0,-1.0654627,0,0.0,0.13636364,-0.013157895,0.19533493,,,,,,,,,,,,,,,,,REG,WAS,ATL,Logan Thomas,ThomLo00,0.0,0.0,0.0,42.4
2022,REG,12,00-0036754,B.Wright,TE,TE,DET,15626,8f182089-7730-499e-8f2e-87bda32debfb,23341.0,60994.0,7891.0,,4242392.0,33774.0,,2807423.0,WrigBr01,,15681.0,,1162.0,33774.0,0.0,,978120.0,Brock Wright,brock wright,2,3,6.0,0,0.0,0.0,4.0,3.0,0.0,-1.5191436,0,1.5,0.08571429,0.016460905,0.14009406,,,,,,,,,,,,,,,,,REG,DET,BUF,Brock Wright,WrigBr01,0.0,1.0,0.333,70.1
2022,REG,12,00-0037311,K.Kieft,TE,TE,TB,15929,f96b8338-4ffb-4612-8c29-58dc3b12db69,24568.0,,8484.0,,4034779.0,34174.0,,2239763.0,KiefKo00,ko-kieft-1,16282.0,,,34174.0,0.0,,911239.0,Ko Kieft,ko kieft,1,1,5.0,1,0.0,0.0,2.0,3.0,1.0,1.8258091,0,2.5,0.023809524,0.0058139535,0.03978405,,,,,,,,,,,,,,,,,REG,TB,CLE,Ko Kieft,KiefKo00,0.0,0.0,0.0,127.1
2022,REG,12,00-0033881,E.Engram,TE,TE,JAX,13189,e21365af-8d66-416e-b0a5-8816d18fcfd9,16411.0,11778.0,4066.0,,3051876.0,30136.0,,2079887.0,EngrEv00,evan-engram-1,11805.0,12205.0,229.0,30136.0,749185.0,18912.0,749185.0,Evan Engram,evan engram,1,1,4.0,0,0.0,0.0,4.0,0.0,0.0,-0.61723614,0,1.0,0.027027028,0.016194332,0.051876575,,,,,,,,,,,,,,,,,REG,JAX,BAL,Evan Engram,EngrEv00,0.0,0.0,0.0,83.3
2022,REG,12,00-0034798,D.Smythe,TE,TE,MIA,13676,7e42a22a-c47b-4387-aeeb-2cc2e76dc1d8,17508.0,47257.0,5008.0,,3052897.0,31093.0,,2082845.0,SmytDu00,durham-smythe-1,12807.0,13249.0,,31093.0,749968.0,19943.0,749968.0,Durham Smythe,durham smythe,1,1,4.0,1,0.0,0.0,4.0,0.0,1.0,1.3247538,0,1.0,0.02631579,0.0088691795,0.04568211,,,,,,,,,,,,,,,,,REG,MIA,HOU,Durham Smythe,SmytDu00,0.0,0.0,0.0,122.9
2022,REG,12,00-0035259,T.Wesco,TE,TE,CHI,14231,f6c34178-e063-444b-96b3-df6b3cf66419,18567.0,42018.0,6181.0,,4039253.0,31953.0,,2243366.0,WescTr00,trevon-wesco-1,13828.0,14224.0,,31953.0,919456.0,20977.0,919456.0,Trevon Wesco,trevon wesco,1,1,3.0,0,0.0,0.0,1.0,2.0,0.0,-0.46326867,0,3.0,0.041666668,0.0058139535,0.06656977,,,,,,,,,,,,,,,,,REG,CHI,NYJ,Trevon Wesco,WescTr00,0.0,0.0,0.0,79.2
2022,REG,12,00-0036590,Q.Morris,TE,TE,BUF,15341,eab74cbc-ed11-46b3-bd16-1d4c997adc22,22820.0,61182.0,7536.0,,4244049.0,33819.0,,2864581.0,,,15460.0,,,33819.0,0.0,,1059680.0,Quintin Morris,quintin morris,1,1,3.0,0,0.0,0.0,2.0,1.0,1.0,0.15018314,0,1.5,0.025641026,0.0055710305,0.04236126,,,,,,,,,,,,,,,,,,,,,,,,,
2022,REG,12,00-0037005,T.Tremble,TE,TE,CAR,15332,cbee2fd3-e5f2-4316-bffd-531f1873f032,22795.0,84025.0,7694.0,,4372780.0,33471.0,,2969027.0,TremTo00,tommy-tremble-1,15371.0,,1054.0,33471.0,0.0,,1130555.0,Tommy Tremble,tommy tremble,1,2,2.0,0,0.0,0.0,9.0,1.0,0.0,-1.4629145,0,0.22222222,0.11764706,0.04945055,0.21108598,,,,,,,,,,,,,,,,,REG,CAR,DEN,Tommy Tremble,TremTo00,0.0,0.0,0.0,56.2
2022,REG,12,00-0037744,T.McBride,TE,TE,ARI,15794,734d54cc-c869-4e2f-a60f-c59c493f5110,22936.0,,8130.0,,4361307.0,34010.0,,2963385.0,McBrTr01,trey-mcbride-1,15902.0,,1253.0,34010.0,0.0,,1108161.0,Trey McBride,trey mcbride,1,3,1.0,0,0.0,0.0,15.0,0.0,0.0,-2.4351826,0,0.06666667,0.11111111,0.053956833,0.20443645,,,,,,,,,,,,,,,,,REG,ARI,LAC,Trey McBride,McBrTr01,0.0,0.0,0.0,42.4
2022,REG,12,00-0032141,G.Swaim,TE,TE,TEN,12378,d0f9112d-2496-450a-9fc5-d2d01b4d2454,14164.0,9679.0,2545.0,geoffswaim/2553454,3046704.0,28634.0,,2174207.0,SwaiGe00,geoff-swaim-1,10507.0,10617.0,,28634.0,728021.0,17005.0,728021.0,Geoff Swaim,geoff swaim,0,1,0.0,0,0.0,0.0,1.0,0.0,0.0,-0.46323535,0,0.0,0.029411765,0.003508772,0.046573788,,,,,,,,,,,,,,,,,REG,TEN,CIN,Geoff Swaim,SwaiGe00,0.0,1.0,1.0,39.6
2022,REG,12,00-0033879,O.Howard,TE,TE,HOU,13188,93ed8c6f-b676-46d3-bf82-6155e89b4a68,16380.0,11774.0,4055.0,,3043080.0,30132.0,,2061190.0,HowaO.00,oj-howard-1,11806.0,12161.0,,30132.0,732147.0,18901.0,732147.0,O.J. Howard,oj howard,0,2,0.0,0,0.0,0.0,34.0,0.0,0.0,-2.8984528,0,0.0,0.05263158,0.17801048,0.2035547,,,,,,,,,,,,,,,,,REG,HOU,MIA,O.J. Howard,HowaO.00,0.0,0.0,0.0,39.6
2022,REG,12,00-0034829,M.Gesicki,TE,TE,MIA,13672,1012cbe0-7eba-4169-bfca-183a0204e1a7,17272.0,47153.0,4993.0,,3116164.0,31012.0,,2139298.0,GesiMi00,mike-gesicki-1,12764.0,13104.0,330.0,31012.0,836152.0,19853.0,836152.0,Mike Gesicki,mike gesicki,0,1,0.0,0,0.0,0.0,5.0,0.0,0.0,-1.2325848,0,0.0,0.02631579,0.011086474,0.047234215,,,,,,,,,,,,,,,,,REG,MIA,HOU,Mike Gesicki,GesiMi00,0.0,0.0,0.0,39.6
2022,REG,12,00-0036040,J.Johnson,TE,TE,NO,14861,0226b03b-f91d-4223-9813-9fcd2e9c3acc,19562.0,28305.0,7002.0,,3929645.0,33113.0,,2186637.0,JohnJu02,,14630.0,,575.0,33113.0,0.0,21738.0,884609.0,Juwan Johnson,juwan johnson,0,2,0.0,0,0.0,0.0,18.0,0.0,0.0,-1.2234726,0,0.0,0.06666667,0.07317073,0.15121952,,,,,,,,,,,,,,,,,REG,NO,SF,Juwan Johnson,JohnJu02,0.0,0.0,0.0,39.6
2022,REG,12,00-0036250,T.Davis,TE,TE,GB,14996,e7a9186e-5e19-4f70-b45c-527c888e6fc7,19811.0,47743.0,7131.0,,3914240.0,32876.0,,2182811.0,DaviTy02,tyler-davis-2,14827.0,,,32876.0,0.0,22138.0,866174.0,Tyler Davis,tyler davis,0,1,0.0,0,0.0,0.0,10.0,0.0,0.0,-4.7338185,0,0.0,0.04,0.05376344,0.097634405,,,,,,,,,,,,,,,,,REG,GB,PHI,Tyler Davis,DaviTy02,0.0,0.0,0.0,0.0
2022,REG,12,00-0037078,C.Turner,TE,TE,WAS,15803,fc78ba73-7ef3-4dda-9a06-b5101f7ff7b1,23727.0,,8214.0,,4361438.0,34105.0,,2961855.0,TurnCo00,cole-turner-2,15923.0,,,34105.0,0.0,,1122692.0,Cole Turner,cole turner,0,1,0.0,0,0.0,0.0,10.0,0.0,0.0,-1.6851306,0,0.0,0.045454547,0.065789476,0.11423445,,,,,,,,,,,,,,,,,REG,WAS,ATL,Cole Turner,TurnCo00,0.0,0.0,0.0,39.6
2022,REG,12,00-0037569,P.Hendershot,TE,TE,DAL,16000,944893b0-d30e-11ec-8b77-45b1765fd110,22971.0,,8197.0,,4258248.0,34607.0,,2867545.0,HendPe01,,16041.0,,,34607.0,0.0,,1065138.0,Peyton Hendershot,peyton hendershot,0,0,0.0,0,0.0,0.0,0.0,0.0,0.0,,0,,,,,,,,,,,,,,,,,,,,,,,,,,,,,
2022,REG,12,00-0037086,G.Calcaterra,TE,TE,PHI,15804,f6988cfa-2dcf-490b-ac80-9af8e4292efa,24180.0,,8177.0,,4241374.0,34154.0,,2804129.0,CalcGr00,grant-calcaterra-1,16039.0,,,34154.0,0.0,,976221.0,Grant Calcaterra,grant calcaterra,1,1,-2.0,0,0.0,0.0,-9.0,7.0,0.0,-0.99438024,0,0.0,0.04,-0.05,0.025,,,,,,,,,,,,,,,,,REG,PHI,GB,Grant Calcaterra,CalcGr00,0.0,0.0,0.0,79.2
2022,REG,12,00-0035222,Z.Gentry,TE,TE,PIT,14240,58f18567-a050-49c4-aeca-b34499338b37,18690.0,36049.0,6018.0,,3929924.0,31973.0,,2185708.0,GentZa00,zach-gentry-2,13511.0,14247.0,,31973.0,883079.0,20770.0,883079.0,Zach Gentry,zach gentry,1,1,-4.0,0,0.0,0.0,-4.0,0.0,0.0,-1.143649,0,0.0,0.035714287,-0.024539877,0.036393516,,,,,,,,,,,,,,,,,REG,PIT,IND,Zach Gentry,GentZa00,0.0,0.0,0.0,79.2
2022,REG,13,00-0037252,G.Dulcich,TE,TE,DEN,15797,b9e4a022-d15c-4cef-9879-170277f17207,23153.0,,8172.0,,4367209.0,34036.0,,2964274.0,DulcGr00,greg-dulcich-1,15891.0,,,34036.0,0.0,,1128085.0,Greg Dulcich,greg dulcich,6,8,85.0,0,0.0,0.0,91.0,19.0,4.0,4.353754,0,0.93406594,0.3809524,0.4212963,0.866336,Greg Dulcich,DEN,6.597142857142856,3.037491681239443,10.306249999999999,42.526304930885075,75.0,85.0,0.0,3.4033333333333338,4.021137941151551,-0.6178046078182171,00-0037252,Greg,Dulcich,G.Dulcich,REG,DEN,BAL,Greg Dulcich,DulcGr00,1.0,0.0,0.0,108.9
2022,REG,13,00-0033895,G.Everett,TE,TE,LAC,13236,ebeceb00-57e0-4b74-9cf7-853da2afed18,16459.0,11799.0,4089.0,,3918639.0,30157.0,,2142692.0,EverGe00,gerald-everett-1,11737.0,12284.0,55.0,30157.0,838487.0,18935.0,838487.0,Gerald Everett,gerald everett,5,6,80.0,0,0.0,0.0,37.0,63.0,4.0,4.818413,0,2.162162,0.13333334,0.101369865,0.2709589,Gerald Everett,LAC,7.5840000000000005,4.089323966966206,7.16,13.183980359060918,83.33333333333334,80.0,0.0,13.169999999999998,9.875130694620566,3.2948693053794322,00-0033895,Gerald,Everett,G.Everett,REG,LAC,LV,Gerald Everett,EverGe00,0.0,0.0,0.0,118.7
2022,REG,13,00-0036894,P.Freiermuth,TE,TE,PIT,15331,04f0fefe-9d9d-44f5-94ea-6df2a42df3c6,20163.0,84085.0,7600.0,,4361411.0,33443.0,,2961270.0,FreiPa00,pat-freiermuth-1,15267.0,,1053.0,33443.0,0.0,,1116662.0,Pat Freiermuth,pat freiermuth,3,5,76.0,0,0.0,0.0,62.0,53.0,3.0,6.9010944,0,1.2258065,0.18518518,0.24899599,0.45207497,Pat Freiermuth,PIT,6.1075,1.7773598744667265,11.695999999999998,22.350468182686797,60.0,76.0,0.0,17.60666666666667,3.1777096272752865,14.428957039391383,00-0036894,Pat,Freiermuth,P.Freiermuth,REG,PIT,ATL,Pat Freiermuth,FreiPa00,2.0,0.0,0.0,104.2
2022,REG,13,00-0036290,C.Kmet,TE,TE,CHI,14867,036feeb6-9a22-43c5-a8e3-7ac611d8ff49,19229.0,60995.0,6826.0,,4258595.0,32713.0,,2868619.0,KmetCo00,cole-kmet-1,14436.0,,569.0,32713.0,0.0,21772.0,1066765.0,Cole Kmet,cole kmet,6,7,72.0,0,0.0,0.0,59.0,27.0,4.0,6.380225,0,1.220339,0.28,0.22692308,0.57884616,Cole Kmet,CHI,3.4899999999999998,6.054473755424678,8.052857142857144,22.270949389593458,85.71428571428571,72.0,0.0,5.188333333333333,5.462391676003068,-0.2740583426697354,00-0036290,Cole,Kmet,C.Kmet,REG,CHI,GB,Cole Kmet,KmetCo00,0.0,0.0,0.0,109.5
2022,REG,13,00-0037809,C.Okonkwo,TE,TE,TEN,15889,14e11f9b-58c8-437f-abc0-a4e4df9a7c47,23982.0,,8210.0,,4360635.0,34099.0,,2965208.0,OkonCh00,chigoziem-okonkwo-1,16042.0,,1320.0,34099.0,0.0,,1106374.0,Chigoziem Okonkwo,chigoziem okonkwo,4,5,68.0,0,0.0,0.0,22.0,43.0,3.0,2.981512,0,3.090909,0.2,0.13414635,0.39390245,Chigoziem Okonkwo,TEN,6.766666666666667,2.777844790151024,3.631999999999998,11.434328170255629,80.0,68.0,0.0,11.580000000000002,7.191625785480241,4.388374214519761,00-0037809,Chigoziem,Okonkwo,C.Okonkwo,REG,TEN,PHI,Chigoziem Okonkwo,OkonCh00,0.0,0.0,0.0,118.7
2022,REG,13,00-0030506,T.Kelce,TE,TE,KC,11244,c3859e06-5f23-4302-a71b-04820a899d5f,11594.0,7844.0,1466.0,traviskelce/2540258,15847.0,26686.0,,1725130.0,KelcTr00,travis-kelce-1,8783.0,8411.0,264.0,26686.0,448240.0,15048.0,448240.0,Travis Kelce,travis kelce,4,6,56.0,0,1.0,1.0,30.0,46.0,2.0,-4.1000323,0,1.8666667,0.26086956,0.12605043,0.47953963,Travis Kelce,KC,7.84,2.948200405694106,5.640000000000001,14.498714652956298,66.66666666666666,56.0,0.0,11.334999999999999,5.850235230019848,5.484764769980151,00-0030506,Travis,Kelce,T.Kelce,REG,KC,CIN,Travis Kelce,KelcTr00,1.0,0.0,0.0,96.5
2022,REG,13,00-0034753,M.Andrews,TE,TE,BAL,13671,0618f387-9b72-4270-8b8f-dec4cccc9e4a,17269.0,47436.0,5012.0,,3116365.0,31056.0,,2131121.0,AndrMa00,mark-andrews-1,12559.0,13182.0,366.0,31056.0,820699.0,19803.0,820699.0,Mark Andrews,mark andrews,4,7,53.0,0,0.0,0.0,73.0,14.0,2.0,-3.53658,0,0.72602737,0.19444445,0.31601733,0.5128788,Mark Andrews,BAL,6.661666666666668,4.2946348073493175,10.875714285714285,32.96527236511649,57.14285714285714,53.0,0.0,3.137500000000001,2.5072792940931095,0.6302207059068916,00-0034753,Mark,Andrews,M.Andrews,REG,BAL,DEN,Mark Andrews,AndrMa00,0.0,1.0,0.143,41.7
2022,REG,13,00-0036556,B.Jordan,TE,TE,HOU,15330,8ffb5c07-4aa1-4796-b1ab-30c1ab0ccc4c,20162.0,77887.0,7568.0,,4362504.0,33535.0,,2964787.0,JordBr00,brevin-jordan-1,15369.0,,1052.0,33535.0,0.0,,1121871.0,Brevin Jordan,brevin jordan,4,5,46.0,0,0.0,0.0,32.0,15.0,2.0,2.2786517,0,1.4375,0.13513513,0.10810811,0.27837837,Brevin Jordan,HOU,6.146000000000001,5.241289479360356,5.331999999999999,9.098976109215016,80.0,46.0,0.0,4.7925,5.647088201259294,-0.8545882012592934,00-0036556,Brevin,Jordan,B.Jordan,REG,HOU,CLE,Brevin Jordan,JordBr00,0.0,1.0,0.2,105.0
2022,REG,13,00-0035644,N.Fant,TE,TE,SEA,14137,cdc98acc-9eb6-4b44-81bb-61d7b8a3b55f,17527.0,42388.0,5857.0,,4036131.0,31852.0,,2251095.0,FantNo00,noah-fant-1,13426.0,14050.0,243.0,31852.0,923911.0,20753.0,923911.0,Noah Fant,noah fant,4,5,42.0,1,0.0,0.0,31.0,19.0,4.0,3.9271474,0,1.3548387,0.13513513,0.11923077,0.28616425,Noah Fant,SEA,4.9975000000000005,5.088663749570651,8.796000000000001,16.225189994835095,80.0,42.0,1.0,5.3774999999999995,5.72184181679404,-0.3443418167940404,00-0035644,Noah,Fant,N.Fant,REG,SEA,LA,Noah Fant,FantNo00,0.0,0.0,0.0,141.2
2022,REG,13,00-0036741,J.Stoll,TE,TE,PHI,15541,0560d134-d316-4cda-9d48-34d32267af68,23193.0,42058.0,7946.0,,4034862.0,33891.0,,2239684.0,StolJa00,,15510.0,,,33891.0,0.0,,911985.0,Jack Stoll,jack stoll,3,3,41.0,0,0.0,0.0,29.0,12.0,1.0,3.3573327,0,1.4137931,0.078947365,0.07692308,0.17226721,,,,,,,,,,,,,,,,,REG,PHI,TEN,Jack Stoll,StolJa00,0.0,0.0,0.0,118.7
2022,REG,13,00-0034383,D.Schultz,TE,TE,DAL,13772,8caec1b4-e0b6-4a84-b8c8-617d6e91ef6a,17349.0,47304.0,5001.0,,3117256.0,31107.0,,2136748.0,SchuDa00,dalton-schultz-1,12514.0,13198.0,487.0,31107.0,830523.0,19920.0,830523.0,Dalton Schultz,dalton schultz,2,6,33.0,0,0.0,0.0,70.0,15.0,2.0,-0.88128656,0,0.47142857,0.2,0.33816424,0.536715,Dalton Schultz,DAL,8.565,1.286943526309464,12.674999999999999,36.18327148158721,33.33333333333333,33.0,0.0,8.195,5.958765155684887,2.2362348443151134,00-0034383,Dalton,Schultz,D.Schultz,REG,DAL,IND,Dalton Schultz,SchuDa00,1.0,1.0,0.167,52.8
2022,REG,13,00-0035229,T.Hockenson,TE,TE,MIN,14138,bd1120b6-38b3-4225-a4b0-20660a149d0d,18290.0,40912.0,5844.0,,4036133.0,31840.0,,2251097.0,HockTJ00,tj-hockenson-1,13610.0,14051.0,247.0,31840.0,923915.0,20805.0,923915.0,T.J. Hockenson,tj hockenson,4,6,33.0,0,0.0,0.0,52.0,10.0,3.0,0.8212906,0,0.63461536,0.18181819,0.16613418,0.3890212,T.J. Hockenson,MIN,9.095,2.2439925832114573,7.991666666666666,15.633660461021812,66.66666666666666,33.0,0.0,2.825000000000001,1.87718150121907,0.947818498780931,00-0035229,Thomas,Hockenson,T.Hockenson,REG,MIN,NYJ,T.J. Hockenson,HockTJ00,1.0,0.0,0.0,80.6
2022,REG,13,00-0034981,F.Moreau,TE,TE,LV,14239,9c3a67fd-5c6e-4689-9e08-9ff6d4db6c9a,18397.0,47043.0,5985.0,,3843945.0,31969.0,,2180634.0,MoreFo00,foster-moreau-1,13822.0,14154.0,179.0,31969.0,865573.0,20884.0,865573.0,Foster Moreau,foster moreau,1,3,32.0,0,0.0,0.0,57.0,8.0,1.0,1.38273,0,0.5614035,0.11111111,0.1764706,0.2901961,,,,,,,,,,,,,,,,,REG,LV,LAC,Foster Moreau,MoreFo00,0.0,1.0,0.333,74.3
2022,REG,13,00-0032134,C.Uzomah,TE,TE,NYJ,12317,19858900-5c8e-49a7-ab02-34ef625724ca,14084.0,9590.0,2460.0,c.j.uzomah/2552559,2574576.0,28545.0,,2174118.0,UzomC.00,cj-uzomah-1,10462.0,10534.0,,28545.0,593305.0,16917.0,593305.0,C.J. Uzomah,cj uzomah,1,1,31.0,0,0.0,0.0,17.0,14.0,1.0,2.8163488,0,1.8235294,0.018181818,0.036876354,0.053086177,,,,,,,,,,,,,,,,,REG,NYJ,MIN,C.J. Uzomah,UzomC.00,0.0,0.0,0.0,118.7
2022,REG,13,00-0033881,E.Engram,TE,TE,JAX,13189,e21365af-8d66-416e-b0a5-8816d18fcfd9,16411.0,11778.0,4066.0,,3051876.0,30136.0,,2079887.0,EngrEv00,evan-engram-1,11805.0,12205.0,229.0,30136.0,749185.0,18912.0,749185.0,Evan Engram,evan engram,5,7,30.0,1,0.0,0.0,31.0,14.0,2.0,1.162901,0,0.9677419,0.21212122,0.11742424,0.4003788,Evan Engram,JAX,7.578333333333333,2.8841768950425846,4.3414285714285725,11.56480706294239,71.42857142857143,30.0,1.0,2.781999999999998,3.5002403637274027,-0.7182403637274049,00-0033881,Evan,Engram,E.Engram,REG,JAX,DET,Evan Engram,EngrEv00,0.0,1.0,0.143,119.0
2022,REG,13,00-0037838,I.Likely,TE,TE,BAL,15798,f9279edb-cfa7-4f7d-91df-b81cbf3e133e,23781.0,,8131.0,,4361050.0,34095.0,,2961906.0,LikeIs00,isaiah-likely-1,16033.0,,1257.0,34095.0,0.0,,1125111.0,Isaiah Likely,isaiah likely,4,4,30.0,0,0.0,0.0,20.0,10.0,2.0,1.4657272,0,1.5,0.11111111,0.08658009,0.22727273,,,,,,,,,,,,,,,,,REG,BAL,DEN,Isaiah Likely,LikeIs00,2.0,0.0,0.0,97.9
2022,REG,13,00-0036422,A.Trautman,TE,TE,NO,14870,4e14183b-f974-4745-9d7f-8f5eb2a92a7d,19423.0,109795.0,6869.0,,3911853.0,32775.0,,2182228.0,TrauAd00,,14541.0,,566.0,32775.0,0.0,21786.0,875444.0,Adam Trautman,adam trautman,2,3,28.0,0,0.0,0.0,8.0,29.0,2.0,1.5017018,0,3.5,0.10714286,0.03883495,0.18789876,,,,,,,,,,,,,,,,,REG,NO,TB,Adam Trautman,TrauAd00,1.0,0.0,0.0,96.5
2022,REG,13,00-0037755,J.Woods,TE,TE,IND,15840,321af8f8-b4de-4ed2-a86f-7f97a85a13d4,23829.0,,8219.0,,4241410.0,34029.0,,2787078.0,WoodJe01,jelani-woods-1,15821.0,,1305.0,34029.0,0.0,,975503.0,Jelani Woods,jelani woods,2,4,28.0,0,0.0,0.0,28.0,14.0,1.0,0.22430402,0,1.0,0.114285715,0.12785389,0.26092628,,,,,,,,,,,,,,,,,REG,IND,DAL,Jelani Woods,WoodJe01,0.0,0.0,0.0,72.9
2022,REG,13,00-0038129,C.Otton,TE,TE,TB,15802,f23517bd-ae85-484a-8ecb-1f7a2d851e48,23181.0,,8111.0,,4243331.0,34062.0,,2815179.0,OttoCa00,cade-otton-1,16032.0,,1261.0,34062.0,0.0,,1049263.0,Cade Otton,cade otton,6,10,28.0,1,0.0,0.0,42.0,17.0,2.0,-2.2341762,0,0.6666667,0.18867925,0.13592233,0.3781645,Cade Otton,TB,4.293333333333334,3.3814679098548828,4.8629999999999995,16.00776852430955,60.0,28.0,1.0,2.9633333333333347,3.4849581520810866,-0.5216248187477519,00-0038129,Cade,Otton,C.Otton,REG,TB,NO,Cade Otton,OttoCa00,0.0,1.0,0.1,97.9
2022,REG,13,00-0036754,B.Wright,TE,TE,DET,15626,8f182089-7730-499e-8f2e-87bda32debfb,23341.0,60994.0,7891.0,,4242392.0,33774.0,,2807423.0,WrigBr01,,15681.0,,1162.0,33774.0,0.0,,978120.0,Brock Wright,brock wright,2,2,25.0,0,0.0,0.0,2.0,23.0,2.0,1.4088734,0,12.5,0.051282052,0.00877193,0.08306343,,,,,,,,,,,,,,,,,REG,DET,JAX,Brock Wright,WrigBr01,0.0,0.0,0.0,118.7
2022,REG,13,00-0033455,A.Firkser,TE,TE,ATL,13919,b0719e3d-199b-46e5-a2b4-1091f6fd5c0d,16787.0,51837.0,4435.0,,3049698.0,30571.0,,2818971.0,FirkAn00,,12235.0,12691.0,,30571.0,767297.0,19296.0,767297.0,Anthony Firkser,anthony firkser,2,2,24.0,0,0.0,0.0,19.0,5.0,1.0,1.201899,0,1.2631578,0.083333336,0.050802138,0.1605615,,,,,,,,,,,,,,,,,REG,ATL,PIT,Anthony Firkser,FirkAn00,0.0,0.0,0.0,116.7
2022,REG,13,00-0038115,D.Bellinger,TE,TE,NYG,15873,42a1c03e-790e-46ba-b0d5-d304e44c02c7,24238.0,,8225.0,,4361516.0,34068.0,,2963615.0,BellDa00,daniel-bellinger-1,16036.0,,1322.0,34068.0,0.0,,1122035.0,Daniel Bellinger,daniel bellinger,5,5,24.0,0,0.0,0.0,5.0,19.0,0.0,-0.44211078,0,4.8,0.17857143,0.028248588,0.28763115,Daniel Bellinger,NYG,8.59,5.278031520829682,0.6939999999999997,2.019555348620649,100.0,24.0,0.0,4.106,4.880630387887232,-0.7746303878872318,00-0038115,Daniel,Bellinger,D.Bellinger,REG,NYG,WAS,Daniel Bellinger,BellDa00,0.0,0.0,0.0,86.7
2022,REG,13,00-0032392,A.Hooper,TE,TE,TEN,12677,90c2a93f-d837-4e1b-b57c-56648903a8db,15581.0,10715.0,3202.0,,3043275.0,29315.0,,2067004.0,HoopAu00,austin-hooper-1,10748.0,11301.0,384.0,29315.0,739424.0,17963.0,739424.0,Austin Hooper,austin hooper,3,5,22.0,0,0.0,0.0,51.0,1.0,1.0,-0.26522622,0,0.43137255,0.2,0.3109756,0.5176829,Austin Hooper,TEN,4.985,1.5727776965349103,9.043999999999999,28.472484573731265,60.0,22.0,0.0,0.8033333333333369,0.7253139654053106,0.07801936792802633,00-0032392,Austin,Hooper,A.Hooper,REG,TEN,PHI,Austin Hooper,HoopAu00,0.0,0.0,0.0,70.4
2022,REG,13,00-0033288,G.Kittle,TE,TE,SF,13299,2ada91b0-036e-454f-83c3-6d939ff584a9,16499.0,11901.0,4217.0,,3040151.0,30259.0,,2818265.0,KittGe00,george-kittle-1,11892.0,12276.0,298.0,30259.0,733672.0,19063.0,733672.0,George Kittle,george kittle,2,3,22.0,0,0.0,0.0,19.0,9.0,2.0,1.5351292,0,1.1578947,0.075,0.07786885,0.16700819,,,,,,,,,,,,,,,,,REG,SF,MIA,George Kittle,KittGe00,0.0,1.0,0.333,88.2
2022,REG,13,00-0034159,W.Dissly,TE,TE,SEA,13763,383f4814-6836-4766-a297-fc063e8509cc,18049.0,30762.0,5010.0,,3127292.0,31090.0,,2139628.0,DissWi00,will-dissly-1,12986.0,13246.0,86.0,31090.0,837806.0,19950.0,837806.0,Will Dissly,will dissly,2,2,22.0,0,0.0,0.0,7.0,15.0,1.0,1.1755742,0,3.142857,0.054054055,0.026923077,0.09992723,,,,,,,,,,,,,,,,,REG,SEA,LA,Will Dissly,DissWi00,0.0,0.0,0.0,112.5
2022,REG,13,00-0034364,J.Akins,TE,TE,HOU,13753,0cb5a32a-a340-4671-ba2a-93f5fa6aee8d,17415.0,47050.0,5032.0,,3128452.0,31068.0,,2142712.0,AkinJo00,jordan-akins-1,12568.0,13238.0,,31068.0,838396.0,19903.0,838396.0,Jordan Akins,jordan akins,3,6,21.0,0,0.0,0.0,12.0,18.0,1.0,-4.13263,0,1.75,0.16216215,0.04054054,0.2716216,Jordan Akins,HOU,7.136,4.176574611331777,2.226666666666668,4.55972696245734,50.0,21.0,0.0,5.699999999999998,5.039976050926839,0.6600239490731594,00-0034364,Jordan,Akins,J.Akins,REG,HOU,CLE,Jordan Akins,AkinJo00,0.0,1.0,0.167,58.3
2022,REG,13,00-0034798,D.Smythe,TE,TE,MIA,13676,7e42a22a-c47b-4387-aeeb-2cc2e76dc1d8,17508.0,47257.0,5008.0,,3052897.0,31093.0,,2082845.0,SmytDu00,durham-smythe-1,12807.0,13249.0,,31093.0,749968.0,19943.0,749968.0,Durham Smythe,durham smythe,2,2,21.0,0,0.0,0.0,18.0,3.0,1.0,1.7506717,0,1.1666666,0.05882353,0.045801528,0.12029637,,,,,,,,,,,,,,,,,REG,MIA,SF,Durham Smythe,SmytDu00,0.0,0.0,0.0,110.4
2022,REG,13,00-0031260,L.Thomas,TE,TE,WAS,11647,b24625a0-d402-4d59-a778-aa4b073bfe5e,12095.0,8755.0,2251.0,loganthomas/2543767,16813.0,27648.0,,1691193.0,ThomLo00,logan-thomas-1,9323.0,9354.0,,27648.0,507528.0,16656.0,507528.0,Logan Thomas,logan thomas,3,4,20.0,0,0.0,0.0,27.0,9.0,1.0,0.48477504,0,0.7407407,0.1,0.085443035,0.20981012,,,,,,,,,,,,,,,,,REG,WAS,NYG,Logan Thomas,ThomLo00,0.0,0.0,0.0,85.4
2022,REG,13,00-0036876,K.Granson,TE,TE,IND,15419,bcc0167c-05fd-4b23-981e-60b8784ceb33,22841.0,40630.0,7602.0,,4039160.0,33515.0,,2247146.0,GranKy00,kylen-granson-1,15245.0,,1119.0,33515.0,0.0,,921050.0,Kylen Granson,kylen granson,4,6,19.0,0,0.0,0.0,43.0,5.0,2.0,-3.2487001,0,0.44186047,0.17142858,0.19634703,0.3945858,Kylen Granson,IND,9.6375,2.522394893410471,7.361666666666667,19.33380022761096,66.66666666666666,19.0,0.0,1.5599999999999987,3.053856836694763,-1.4938568366947642,00-0036876,Kylen,Granson,K.Granson,REG,IND,DAL,Kylen Granson,GranKy00,0.0,0.0,0.0,31.2
2022,REG,13,00-0037086,G.Calcaterra,TE,TE,PHI,15804,f6988cfa-2dcf-490b-ac80-9af8e4292efa,24180.0,,8177.0,,4241374.0,34154.0,,2804129.0,CalcGr00,grant-calcaterra-1,16039.0,,,34154.0,0.0,,976221.0,Grant Calcaterra,grant calcaterra,1,1,19.0,0,0.0,0.0,16.0,3.0,0.0,1.5318928,0,1.1875,0.02631579,0.042440318,0.069181904,,,,,,,,,,,,,,,,,REG,PHI,TEN,Grant Calcaterra,CalcGr00,0.0,0.0,0.0,118.7
2022,REG,13,00-0037304,C.Heyward,TE,TE,PIT,15800,62e96d7c-e4dd-4a90-8c3a-8017eb69120d,24562.0,,8181.0,,4241961.0,34163.0,,2867599.0,HeywCo00,connor-heyward-1,15916.0,,,34163.0,0.0,,1057457.0,Connor Heyward,connor heyward,1,1,17.0,1,0.0,0.0,17.0,0.0,1.0,2.5883474,0,1.0,0.037037037,0.06827309,0.10334672,,,,,,,,,,,,,,,,,REG,PIT,ATL,Connor Heyward,HeywCo00,0.0,0.0,0.0,158.3
2022,REG,13,00-0035572,P.Hesse,TE,TE,ATL,15564,5aab93f1-bc81-4d83-b105-d579a14eb349,19067.0,48369.0,6662.0,,3144991.0,32588.0,,3117115.0,,,14295.0,,,32588.0,0.0,21569.0,846264.0,Parker Hesse,parker hesse,1,1,16.0,0,0.0,0.0,5.0,11.0,1.0,1.3994559,0,3.2,0.041666668,0.013368984,0.07185829,,,,,,,,,,,,,,,,,,,,,,,,,
2022,REG,13,00-0036637,N.Gray,TE,TE,KC,15337,c97dfcb6-b999-476f-8487-f3848e92df17,19539.0,60878.0,7828.0,,4240472.0,33550.0,,2866903.0,GrayNo00,noah-gray-1,15459.0,,1059.0,33550.0,0.0,,1056981.0,Noah Gray,noah gray,1,1,15.0,0,0.0,0.0,13.0,2.0,1.0,0.8681377,0,1.1538461,0.04347826,0.05462185,0.10345268,,,,,,,,,,,,,,,,,REG,KC,CIN,Noah Gray,GrayNo00,0.0,0.0,0.0,118.7
2022,REG,13,00-0032214,T.Kroft,TE,TE,SF,12212,36f54823-9d51-4180-9c91-d10281deb4bf,13960.0,9518.0,2390.0,tylerkroft/2552586,2582410.0,28473.0,,1824200.0,KrofTy00,tyler-kroft-1,10247.0,10490.0,,28473.0,592268.0,16846.0,592268.0,Tyler Kroft,tyler kroft,1,1,14.0,0,0.0,0.0,14.0,0.0,1.0,1.04171,0,1.0,0.025,0.057377048,0.077663936,,,,,,,,,,,,,,,,,REG,SF,MIA,Tyler Kroft,KrofTy00,0.0,0.0,0.0,118.7
2022,REG,13,00-0033110,T.Higbee,TE,TE,LA,12678,0df7912d-9e81-47ea-b4f7-d04986df4ee8,15623.0,10744.0,3271.0,,2573401.0,29344.0,,1853103.0,HigbTy00,tyler-higbee-1,10854.0,11430.0,159.0,29344.0,604176.0,18032.0,604176.0,Tyler Higbee,tyler higbee,2,5,14.0,0,0.0,0.0,18.0,7.0,0.0,-1.1571442,0,0.7777778,0.2,0.07003891,0.34902725,Tyler Higbee,LAR,2.703333333333333,3.1641317876719497,5.023999999999999,9.395220106967871,40.0,14.0,0.0,3.7650000000000006,3.7249623094044964,0.040037690595504216,00-0033110,Tyler,Higbee,T.Higbee,REG,LA,SEA,Tyler Higbee,HigbTy00,0.0,0.0,0.0,47.9
2022,REG,13,00-0033090,H.Henry,TE,TE,NE,12676,705899da-3c20-4bc3-b5d0-2e6e40655131,15561.0,10669.0,3214.0,,3046439.0,29269.0,,2079848.0,HenrHu00,hunter-henry-1,10735.0,11299.0,212.0,29269.0,744425.0,17975.0,744425.0,Hunter Henry,hunter henry,2,5,13.0,0,0.0,0.0,31.0,6.0,0.0,-1.7888602,0,0.41935483,0.14705883,0.14761905,0.32392156,Hunter Henry,NE,6.79,2.7202625176225235,6.453999999999999,15.698579490173186,40.0,13.0,0.0,3.215,2.5211762374057543,0.6938237625942456,00-0033090,Hunter,Henry,H.Henry,REG,NE,BUF,Hunter Henry,HenrHu00,0.0,1.0,0.2,47.9
2022,REG,13,00-0035771,M.Wilcox,TE,TE,CIN,15563,b2d98b60-b4b3-4610-81d2-2154c723fdbb,19510.0,47234.0,6894.0,,3923392.0,33171.0,,2188431.0,,,14634.0,,,33171.0,0.0,21800.0,885394.0,Mitchell Wilcox,mitchell wilcox,1,1,13.0,0,0.0,0.0,13.0,0.0,1.0,0.9243975,0,1.0,0.032258064,0.056277055,0.087781034,,,,,,,,,,,,,,,,,,,,,,,,,
2022,REG,13,00-0033246,J.Mundt,TE,TE,MIN,13940,6414998b-5831-44aa-8bd8-39e42a323c2c,16743.0,12206.0,4314.0,,3052096.0,30373.0,,2818622.0,MundJo00,,12316.0,12525.0,,30373.0,740704.0,19165.0,740704.0,Johnny Mundt,johnny mundt,1,1,12.0,0,0.0,0.0,0.0,12.0,1.0,0.6734722,0,0.0,0.030303031,0.0,0.045454547,,,,,,,,,,,,,,,,,REG,MIN,NYJ,Johnny Mundt,MundJo00,0.0,0.0,0.0,116.7
2022,REG,13,00-0034830,H.Hurst,TE,TE,CIN,13680,1b125fc4-5dd9-4eb9-a42f-048e61ca42b7,17283.0,47294.0,4973.0,,3924365.0,30995.0,,2185053.0,HursHa00,hayden-hurst-1,12467.0,13098.0,8.0,30995.0,881956.0,19843.0,881956.0,Hayden Hurst,hayden hurst,2,3,12.0,0,0.0,0.0,43.0,0.0,0.0,-0.23116851,0,0.27906978,0.09677419,0.18614718,0.27546433,,,,,,,,,,,,,,,,,REG,CIN,KC,Hayden Hurst,HursHa00,0.0,0.0,0.0,74.3
2022,REG,13,00-0036244,C.Parkinson,TE,TE,SEA,14871,1ea7affb-e5e7-491a-aaa3-55e200b2eb48,19372.0,52266.0,6865.0,,4242557.0,32803.0,,2867522.0,ParkCo02,colby-parkinson-1,14463.0,,565.0,32803.0,0.0,21807.0,1060312.0,Colby Parkinson,colby parkinson,1,1,12.0,0,0.0,0.0,10.0,2.0,1.0,0.7542088,0,1.2,0.027027028,0.03846154,0.067463614,,,,,,,,,,,,,,,,,REG,SEA,LA,Colby Parkinson,ParkCo02,0.0,0.0,0.0,116.7
2022,REG,13,00-0037311,K.Kieft,TE,TE,TB,15929,f96b8338-4ffb-4612-8c29-58dc3b12db69,24568.0,,8484.0,,4034779.0,34174.0,,2239763.0,KiefKo00,ko-kieft-1,16282.0,,,34174.0,0.0,,911239.0,Ko Kieft,ko kieft,1,2,12.0,0,0.0,0.0,8.0,9.0,1.0,0.39770335,0,1.5,0.03773585,0.025889968,0.07472675,,,,,,,,,,,,,,,,,REG,TB,NO,Ko Kieft,KiefKo00,0.0,1.0,0.5,68.7
2022,REG,13,00-0033439,P.Brown,TE,TE,CLE,13994,6733b953-de77-44e5-acbf-c2d3a0940243,16937.0,12247.0,4443.0,,2971281.0,30627.0,,2819155.0,BrowPh01,,11887.0,12737.0,,30627.0,689689.0,19304.0,689689.0,Pharaoh Brown,pharaoh brown,1,1,11.0,0,0.0,0.0,-1.0,12.0,1.0,0.7258803,0,0.0,0.04761905,-0.0069444445,0.06656746,,,,,,,,,,,,,,,,,REG,CLE,HOU,Pharaoh Brown,BrowPh01,0.0,0.0,0.0,112.5
2022,REG,13,00-0033757,R.Tonyan,TE,TE,GB,13427,7c9c7800-69d0-459b-812b-a07ac48e9f2a,16502.0,12193.0,4602.0,,2975674.0,30777.0,,2820026.0,TonyRo00,,12389.0,12868.0,,30777.0,660151.0,19491.0,660151.0,Robert Tonyan,robert tonyan,1,2,10.0,0,0.0,0.0,18.0,6.0,0.0,-1.2860951,0,0.5555556,0.06666667,0.056603774,0.13962264,,,,,,,,,,,,,,,,,REG,GB,CHI,Robert Tonyan,TonyRo00,0.0,0.0,0.0,64.6
2022,REG,13,00-0034270,T.Conklin,TE,TE,NYJ,13675,f0d17dfa-ebf3-416c-a8d2-c6bc30675103,17598.0,47327.0,5133.0,,3915486.0,31220.0,,2165249.0,ConkTy00,tyler-conklin-1,12809.0,13220.0,489.0,31127.0,861278.0,19988.0,861278.0,Tyler Conklin,tyler conklin,2,7,9.0,0,0.0,0.0,44.0,7.0,0.0,-7.0827694,0,0.20454545,0.12727273,0.09544469,0.25772038,Tyler Conklin,NYJ,4.087999999999999,2.8528001337715314,5.942857142857143,9.344954623056875,28.57142857142857,9.0,0.0,3.460000000000001,4.372230841762075,-0.9122308417620744,00-0034270,Tyler,Conklin,T.Conklin,REG,NYJ,MIN,Tyler Conklin,ConkTy00,0.0,0.0,0.0,39.6
2022,REG,13,00-0035222,Z.Gentry,TE,TE,PIT,14240,58f18567-a050-49c4-aeca-b34499338b37,18690.0,36049.0,6018.0,,3929924.0,31973.0,,2185708.0,GentZa00,zach-gentry-2,13511.0,14247.0,,31973.0,883079.0,20770.0,883079.0,Zach Gentry,zach gentry,1,1,8.0,0,0.0,0.0,5.0,3.0,0.0,0.50706065,0,1.6,0.037037037,0.02008032,0.06961178,,,,,,,,,,,,,,,,,REG,PIT,ATL,Zach Gentry,GentZa00,0.0,0.0,0.0,100.0
2022,REG,13,00-0037011,T.McKitty,TE,TE,LAC,15333,2ac90a86-c585-4c12-894d-a805a0c94cc3,22807.0,60896.0,7554.0,,4240023.0,33485.0,,2804040.0,McKiTr00,tre-mckitty-1,15252.0,,,33485.0,0.0,,976252.0,Tre' McKitty,tre mckitty,1,1,8.0,0,0.0,0.0,-5.0,13.0,0.0,0.53436655,0,0.0,0.022222223,-0.01369863,0.023744293,,,,,,,,,,,,,,,,,REG,LAC,LV,Tre' McKitty,McKiTr00,0.0,0.0,0.0,100.0
2022,REG,13,00-0031585,M.Pruitt,TE,TE,ATL,12309,f22b34cf-6ecf-4522-9c77-1da275dfda7d,13964.0,9576.0,2446.0,,2508256.0,28531.0,,1760327.0,PruiMy00,,10251.0,10522.0,,28531.0,552586.0,16903.0,552586.0,MyCole Pruitt,mycole pruitt,1,1,7.0,1,0.0,0.0,2.0,5.0,1.0,1.5902795,0,3.5,0.041666668,0.0053475937,0.06624331,,,,,,,,,,,,,,,,,REG,ATL,PIT,MyCole Pruitt,PruiMy00,0.0,0.0,0.0,135.4
2022,REG,13,00-0033217,M.Alie-Cox,TE,TE,IND,13246,8809c0dd-786b-4255-a7d0-333c9498c19a,16579.0,12078.0,4054.0,moalie-cox/2558832,2998565.0,30112.0,,2815925.0,AlieMo00,,12196.0,12221.0,195.0,30112.0,712506.0,18900.0,712506.0,Mo Alie-Cox,mo alie-cox,1,1,6.0,0,1.0,1.0,-3.0,9.0,0.0,-8.171397,0,0.0,0.028571429,-0.01369863,0.0332681,,,,,,,,,,,,,,,,,REG,IND,DAL,Mo Alie-Cox,AlieMo00,0.0,0.0,0.0,91.7
2022,REG,13,00-0033858,J.Smith,TE,TE,NE,13193,e4f25a37-74de-4bfb-b6c9-f50a4fab0b87,16460.0,11855.0,4144.0,,3054212.0,30213.0,,2081506.0,SmitJo01,jonnu-smith-1,11807.0,12344.0,84.0,30213.0,743749.0,18990.0,743749.0,Jonnu Smith,jonnu smith,2,2,6.0,0,0.0,0.0,0.0,6.0,0.0,-0.7301562,0,0.0,0.05882353,0.0,0.0882353,,,,,,,,,,,,,,,,,REG,NE,BUF,Jonnu Smith,SmitJo01,0.0,0.0,0.0,79.2
2022,REG,13,00-0035547,J.Fortson,TE,TE,KC,15070,a01ffd42-5fdb-42f8-95ab-157025e3fba8,18831.0,94384.0,6665.0,,4408854.0,32600.0,,3117124.0,FortJo01,,14306.0,,,32600.0,0.0,21383.0,1167484.0,Jody Fortson,jody fortson,1,1,6.0,0,0.0,0.0,-3.0,9.0,0.0,-0.06062116,0,0.0,0.04347826,-0.012605042,0.05639386,,,,,,,,,,,,,,,,,REG,KC,CIN,Jody Fortson,FortJo01,0.0,0.0,0.0,91.7
2022,REG,13,00-0036232,H.Bryant,TE,TE,CLE,14875,f58a5899-8b78-46e8-a29a-ba6273b7d872,19389.0,26394.0,6850.0,,4040774.0,32785.0,,2241240.0,BryaHa00,harrison-bryant-1,14576.0,,752.0,32785.0,0.0,21783.0,916467.0,Harrison Bryant,harrison bryant,1,1,6.0,0,0.0,0.0,0.0,6.0,0.0,-0.03750098,0,0.0,0.04761905,0.0,0.071428575,,,,,,,,,,,,,,,,,REG,CLE,HOU,Harrison Bryant,BryaHa00,0.0,0.0,0.0,91.7
2022,REG,13,00-0032141,G.Swaim,TE,TE,TEN,12378,d0f9112d-2496-450a-9fc5-d2d01b4d2454,14164.0,9679.0,2545.0,geoffswaim/2553454,3046704.0,28634.0,,2174207.0,SwaiGe00,geoff-swaim-1,10507.0,10617.0,,28634.0,728021.0,17005.0,728021.0,Geoff Swaim,geoff swaim,1,1,4.0,0,0.0,0.0,0.0,4.0,0.0,-0.22667547,0,0.0,0.04,0.0,0.06,,,,,,,,,,,,,,,,,REG,TEN,PHI,Geoff Swaim,SwaiGe00,0.0,0.0,0.0,83.3
2022,REG,13,00-0036534,S.Zylstra,TE,TE,DET,15604,0cafaac9-20fb-4e5a-9362-158d8a4e7904,23461.0,,8041.0,,4608362.0,33803.0,,2668830.0,ZylsSh00,,15701.0,,,33803.0,0.0,,1284247.0,Shane Zylstra,shane zylstra,1,1,4.0,0,0.0,0.0,4.0,0.0,0.0,-0.20169272,0,1.0,0.025641026,0.01754386,0.05074224,,,,,,,,,,,,,,,,,REG,DET,JAX,Shane Zylstra,ZylsSh00,0.0,0.0,0.0,83.3
2022,REG,13,00-0036887,L.Farrell,TE,TE,JAX,15335,8a1f0e8e-6521-4a94-9934-ad4f76a25fd9,19501.0,42353.0,7842.0,,4040612.0,33533.0,,2260977.0,FarrLu00,luke-farrell-1,15566.0,,,33533.0,0.0,,946541.0,Luke Farrell,luke farrell,1,1,3.0,0,0.0,0.0,3.0,0.0,0.0,-3.3204396,0,1.0,0.030303031,0.011363637,0.053409092,,,,,,,,,,,,,,,,,REG,JAX,DET,Luke Farrell,FarrLu00,0.0,0.0,0.0,79.2
2022,REG,13,00-0037475,S.Smartt,TE,TE,LAC,16113,6ee105f0-ca2e-11ec-be96-e90abdfa0fef,24621.0,,8583.0,,4250764.0,34637.0,,2864800.0,SmarSt00,,16321.0,,,34637.0,0.0,,1056865.0,Stone Smartt,stone smartt,2,3,3.0,0,0.0,0.0,15.0,1.0,0.0,-1.4670602,0,0.2,0.06666667,0.04109589,0.12876712,,,,,,,,,,,,,,,,,REG,LAC,LV,Stone Smartt,SmarSt00,0.0,0.0,0.0,70.1
2022,REG,13,00-0024243,M.Lewis,TE,TE,GB,8269,9c21e9af-681c-41ef-9b00-fbc9e1668ed1,9413.0,2973.0,111.0,marcedeslewis/2495888,9614.0,7777.0,4007.0,415313.0,LewiMa00,marcedes-lewis-1,4891.0,3615.0,,7777.0,214197.0,3061.0,214197.0,Marcedes Lewis,marcedes lewis,0,1,0.0,0,0.0,0.0,6.0,0.0,0.0,-0.6211583,1,0.0,0.033333335,0.018867925,0.063207544,,,,,,,,,,,,,,,,,REG,GB,CHI,Marcedes Lewis,LewiMa00,0.0,1.0,1.0,39.6
2022,REG,13,00-0031484,C.Manhertz,TE,TE,JAX,12955,7c7b5515-7786-4e24-9ce0-34e6a8bd5727,14014.0,10211.0,3048.0,,2531358.0,28365.0,,2167520.0,ManhCh00,,10033.0,10295.0,,28365.0,563293.0,17762.0,563293.0,Chris Manhertz,chris manhertz,0,1,0.0,0,0.0,0.0,13.0,0.0,0.0,-1.2298938,0,0.0,0.030303031,0.049242426,0.07992424,,,,,,,,,,,,,,,,,REG,JAX,DET,Chris Manhertz,ManhCh00,0.0,0.0,0.0,39.6
2022,REG,13,00-0034829,M.Gesicki,TE,TE,MIA,13672,1012cbe0-7eba-4169-bfca-183a0204e1a7,17272.0,47153.0,4993.0,,3116164.0,31012.0,,2139298.0,GesiMi00,mike-gesicki-1,12764.0,13104.0,330.0,31012.0,836152.0,19853.0,836152.0,Mike Gesicki,mike gesicki,0,1,0.0,0,0.0,0.0,3.0,0.0,0.0,-3.1119769,0,0.0,0.029411765,0.007633588,0.04946116,,,,,,,,,,,,,,,,,REG,MIA,SF,Mike Gesicki,GesiMi00,0.0,0.0,0.0,39.6
2022,REG,13,00-0035689,D.Knox,TE,TE,BUF,14143,5fb525c5-4e70-4ede-8c49-94ad0cf66b7d,18631.0,35883.0,5906.0,,3930086.0,31928.0,,2186345.0,KnoxDa00,dawson-knox-1,13466.0,13953.0,88.0,31928.0,884083.0,20850.0,884083.0,Dawson Knox,dawson knox,0,1,0.0,0,0.0,0.0,-2.0,0.0,0.0,-0.53182006,0,0.0,0.030303031,-0.007490637,0.0402111,,,,,,,,,,,,,,,,,REG,BUF,NE,Dawson Knox,KnoxDa00,0.0,1.0,1.0,39.6
2022,REG,13,00-0036332,J.Deguara,TE,TE,GB,14876,7874d188-0fcd-4af9-9289-27c27e2bbd16,19456.0,47034.0,7050.0,,3914151.0,32764.0,,2181108.0,DeguJo00,josiah-deguara-1,14629.0,,,32764.0,0.0,21798.0,866149.0,Josiah Deguara,josiah deguara,0,1,0.0,0,0.0,0.0,5.0,0.0,0.0,-0.81216836,0,0.0,0.033333335,0.015723271,0.06100629,,,,,,,,,,,,,,,,,REG,GB,CHI,Josiah Deguara,DeguJo00,0.0,1.0,1.0,39.6
2022,REG,13,00-0037277,T.Quitoriano,TE,TE,HOU,15905,06cb6aff-c81e-4553-95ba-467187f408d4,24182.0,,8227.0,,4374045.0,34126.0,,2965963.0,QuitTe00,teagan-quitoriano-1,16034.0,,,34126.0,0.0,,1128538.0,Teagan Quitoriano,teagan quitoriano,0,3,0.0,0,0.0,0.0,50.0,0.0,0.0,-4.7981195,0,0.0,0.08108108,0.16891892,0.23986487,,,,,,,,,,,,,,,,,REG,HOU,CLE,Teagan Quitoriano,QuitTe00,0.0,1.0,0.333,0.0
2022,REG,13,00-0038041,J.Ferguson,TE,TE,DAL,15799,f46eab3d-d7dd-4420-b3f9-6da9ac1308ab,22718.0,,8110.0,,4242355.0,34085.0,,2867159.0,FergJa00,jake-ferguson-1,15947.0,,1258.0,34085.0,0.0,,1065361.0,Jake Ferguson,jake ferguson,2,2,-1.0,0,0.0,0.0,-6.0,5.0,0.0,-1.2176694,0,0.0,0.06666667,-0.028985508,0.07971015,,,,,,,,,,,,,,,,,REG,DAL,IND,Jake Ferguson,FergJa00,0.0,0.0,0.0,79.2
2022,REG,14,00-0033881,E.Engram,TE,TE,JAX,13189,e21365af-8d66-416e-b0a5-8816d18fcfd9,16411.0,11778.0,4066.0,,3051876.0,30136.0,,2079887.0,EngrEv00,evan-engram-1,11805.0,12205.0,229.0,30136.0,749185.0,18912.0,749185.0,Evan Engram,evan engram,11,15,162.0,2,0.0,0.0,86.0,102.0,8.0,11.988004,0,1.8837209,0.35714287,0.28956228,0.7384079,Evan Engram,JAX,5.6066666666666665,2.9869458711677117,5.548,26.91897137311985,73.33333333333333,162.0,2.0,9.53,8.401598144773475,1.1284018552265245,00-0033881,Evan,Engram,E.Engram,REG,JAX,TEN,Evan Engram,EngrEv00,0.0,0.0,0.0,147.8
2022,REG,14,00-0034383,D.Schultz,TE,TE,DAL,13772,8caec1b4-e0b6-4a84-b8c8-617d6e91ef6a,17349.0,47304.0,5001.0,,3117256.0,31107.0,,2136748.0,SchuDa00,dalton-schultz-1,12514.0,13198.0,487.0,31107.0,830523.0,19920.0,830523.0,Dalton Schultz,dalton schultz,6,10,87.0,0,0.0,0.0,106.0,39.0,5.0,-0.3230121,0,0.8207547,0.25641027,0.32415903,0.6115267,Dalton Schultz,DAL,5.456666666666667,4.579321897180716,9.014999999999997,27.980384245321076,60.0,87.0,0.0,7.688333333333335,6.495008522705518,1.193324810627817,00-0034383,Dalton,Schultz,D.Schultz,REG,DAL,HOU,Dalton Schultz,SchuDa00,0.0,2.0,0.2,48.7
2022,REG,14,00-0035229,T.Hockenson,TE,TE,MIN,14138,bd1120b6-38b3-4225-a4b0-20660a149d0d,18290.0,40912.0,5844.0,,4036133.0,31840.0,,2251097.0,HockTJ00,tj-hockenson-1,13610.0,14051.0,247.0,31840.0,923915.0,20805.0,923915.0,T.J. Hockenson,tj hockenson,6,8,77.0,0,1.0,1.0,65.0,26.0,3.0,3.006746,0,1.1846154,0.2,0.14285715,0.4,T.J. Hockenson,MIN,4.922499999999999,2.979668627518161,7.9925000000000015,14.164506767683479,75.0,67.0,0.0,2.901666666666665,2.752825883766144,0.14884078290052116,00-0035229,Thomas,Hockenson,T.Hockenson,REG,MIN,DET,T.J. Hockenson,HockTJ00,1.0,1.0,0.125,104.7
2022,REG,14,00-0030506,T.Kelce,TE,TE,KC,11244,c3859e06-5f23-4302-a71b-04820a899d5f,11594.0,7844.0,1466.0,traviskelce/2540258,15847.0,26686.0,,1725130.0,KelcTr00,travis-kelce-1,8783.0,8411.0,264.0,26686.0,448240.0,15048.0,448240.0,Travis Kelce,travis kelce,4,9,71.0,0,0.0,0.0,101.0,46.0,3.0,-0.59095436,0,0.7029703,0.21428572,0.34353742,0.5619048,Travis Kelce,KC,8.6425,3.5703780258371527,11.19,32.53012048192771,44.44444444444444,71.0,0.0,11.4875,7.7907378327540755,3.696762167245925,00-0030506,Travis,Kelce,T.Kelce,REG,KC,DEN,Travis Kelce,KelcTr00,0.0,2.0,0.222,32.4
2022,REG,14,00-0033090,H.Henry,TE,TE,NE,12676,705899da-3c20-4bc3-b5d0-2e6e40655131,15561.0,10669.0,3214.0,,3046439.0,29269.0,,2079848.0,HenrHu00,hunter-henry-1,10735.0,11299.0,212.0,29269.0,744425.0,17975.0,744425.0,Hunter Henry,hunter henry,3,3,70.0,0,0.0,0.0,46.0,24.0,3.0,4.6017604,0,1.5217391,0.09090909,0.27878788,0.33151516,,,,,,,,,,,,,,,,,REG,NE,ARI,Hunter Henry,HenrHu00,0.0,0.0,0.0,118.7
2022,REG,14,00-0032392,A.Hooper,TE,TE,TEN,12677,90c2a93f-d837-4e1b-b57c-56648903a8db,15581.0,10715.0,3202.0,,3043275.0,29315.0,,2067004.0,HoopAu00,austin-hooper-1,10748.0,11301.0,384.0,29315.0,739424.0,17963.0,739424.0,Austin Hooper,austin hooper,5,5,68.0,0,0.0,0.0,33.0,35.0,4.0,4.2857985,0,2.060606,0.13157895,0.095375724,0.26413143,Austin Hooper,TEN,6.28,3.2173915881232675,6.638000000000001,9.160916367651119,100.0,68.0,0.0,6.961999999999999,6.523965393806793,0.4380346061932059,00-0032392,Austin,Hooper,A.Hooper,REG,TEN,JAX,Austin Hooper,HoopAu00,0.0,0.0,0.0,118.7
2022,REG,14,00-0033885,D.Njoku,TE,TE,CLE,13192,8f86fcea-90e8-49ea-bc78-5c7659313e57,16399.0,11784.0,4033.0,,3123076.0,30142.0,,2136474.0,NjokDa00,david-njoku-1,11734.0,12186.0,252.0,30142.0,832098.0,18876.0,832098.0,David Njoku,david njoku,7,9,59.0,1,0.0,0.0,32.0,35.0,4.0,5.0594583,0,1.84375,0.23076923,0.10958904,0.42286617,David Njoku,CLE,9.1175,2.577626864040987,3.23,7.928974715653384,77.77777777777779,59.0,1.0,5.371428571428572,4.62607490700047,0.7453536644281016,00-0033885,David,Njoku,D.Njoku,REG,CLE,CIN,David Njoku,NjokDa00,0.0,0.0,0.0,131.0
2022,REG,14,00-0036637,N.Gray,TE,TE,KC,15337,c97dfcb6-b999-476f-8487-f3848e92df17,19539.0,60878.0,7828.0,,4240472.0,33550.0,,2866903.0,GrayNo00,noah-gray-1,15459.0,,1059.0,33550.0,0.0,,1056981.0,Noah Gray,noah gray,3,3,45.0,0,0.0,0.0,16.0,29.0,2.0,2.9418564,0,2.8125,0.071428575,0.054421768,0.1452381,,,,,,,,,,,,,,,,,REG,KC,DEN,Noah Gray,GrayNo00,0.0,0.0,0.0,118.7
2022,REG,14,00-0037809,C.Okonkwo,TE,TE,TEN,15889,14e11f9b-58c8-437f-abc0-a4e4df9a7c47,23982.0,,8210.0,,4360635.0,34099.0,,2965208.0,OkonCh00,chigoziem-okonkwo-1,16042.0,,1320.0,34099.0,0.0,,1106374.0,Chigoziem Okonkwo,chigoziem okonkwo,6,6,45.0,1,0.0,0.0,27.0,18.0,3.0,3.9924595,1,1.6666666,0.15789473,0.078034684,0.2914664,Chigoziem Okonkwo,TEN,7.753333333333334,3.5361301641691427,4.666666666666669,7.7284018768976015,100.0,45.0,1.0,2.833333333333331,2.0580752711399555,0.7752580621933753,00-0037809,Chigoziem,Okonkwo,C.Okonkwo,REG,TEN,JAX,Chigoziem Okonkwo,OkonCh00,1.0,0.0,0.0,137.5
2022,REG,14,00-0037252,G.Dulcich,TE,TE,DEN,15797,b9e4a022-d15c-4cef-9879-170277f17207,23153.0,,8172.0,,4367209.0,34036.0,,2964274.0,DulcGr00,greg-dulcich-1,15891.0,,,34036.0,0.0,,1128085.0,Greg Dulcich,greg dulcich,3,8,42.0,0,0.0,0.0,85.0,20.0,0.0,-1.7467464,0,0.49411765,0.18604651,0.3761062,0.5423441,Greg Dulcich,DEN,5.821666666666666,3.312567910751809,11.445,32.64403879064461,37.5,42.0,0.0,6.806666666666666,6.1844023973065605,0.6222642693601053,00-0037252,Greg,Dulcich,G.Dulcich,REG,DEN,KC,Greg Dulcich,DulcGr00,0.0,1.0,0.125,55.2
2022,REG,14,00-0035689,D.Knox,TE,TE,BUF,14143,5fb525c5-4e70-4ede-8c49-94ad0cf66b7d,18631.0,35883.0,5906.0,,3930086.0,31928.0,,2186345.0,KnoxDa00,dawson-knox-1,13466.0,13953.0,88.0,31928.0,884083.0,20850.0,884083.0,Dawson Knox,dawson knox,4,7,41.0,1,0.0,0.0,65.0,19.0,1.0,1.3657415,0,0.63076925,0.25925925,0.29017857,0.5920139,Dawson Knox,BUF,6.639999999999999,3.472669420725903,8.224285714285715,26.69108442672353,57.14285714285714,41.0,1.0,5.382499999999999,4.951607701381249,0.4308922986187502,00-0035689,Dawson,Knox,D.Knox,REG,BUF,NYJ,Dawson Knox,KnoxDa00,0.0,1.0,0.143,113.7
2022,REG,14,00-0036894,P.Freiermuth,TE,TE,PIT,15331,04f0fefe-9d9d-44f5-94ea-6df2a42df3c6,20163.0,84085.0,7600.0,,4361411.0,33443.0,,2961270.0,FreiPa00,pat-freiermuth-1,15267.0,,1053.0,33443.0,0.0,,1116662.0,Pat Freiermuth,pat freiermuth,3,6,33.0,1,0.0,0.0,50.0,9.0,3.0,-4.0371933,0,0.66,0.19354838,0.15060242,0.39574426,Pat Freiermuth,PIT,4.65,1.5447461385525436,8.623333333333335,15.742233851583656,50.0,33.0,1.0,2.936666666666665,1.6939036257766322,1.242763040890033,00-0036894,Pat,Freiermuth,P.Freiermuth,REG,PIT,BAL,Pat Freiermuth,FreiPa00,0.0,0.0,0.0,66.7
2022,REG,14,00-0033288,G.Kittle,TE,TE,SF,13299,2ada91b0-036e-454f-83c3-6d939ff584a9,16499.0,11901.0,4217.0,,3040151.0,30259.0,,2818265.0,KittGe00,george-kittle-1,11892.0,12276.0,298.0,30259.0,733672.0,19063.0,733672.0,George Kittle,george kittle,4,5,28.0,0,0.0,0.0,15.0,9.0,2.0,-0.2386447,0,1.8666667,0.22727273,0.13274336,0.43382946,George Kittle,SF,3.71,4.463410542340386,2.0460000000000007,9.308462238398548,80.0,28.0,0.0,3.4375,3.678793202442421,-0.2412932024424208,00-0033288,George,Kittle,G.Kittle,REG,SF,TB,George Kittle,KittGe00,0.0,0.0,0.0,90.0
2022,REG,14,00-0033895,G.Everett,TE,TE,LAC,13236,ebeceb00-57e0-4b74-9cf7-853da2afed18,16459.0,11799.0,4089.0,,3918639.0,30157.0,,2142692.0,EverGe00,gerald-everett-1,11737.0,12284.0,55.0,30157.0,838487.0,18935.0,838487.0,Gerald Everett,gerald everett,5,8,28.0,0,0.0,0.0,30.0,29.0,2.0,-0.96540326,0,0.93333334,0.16666667,0.12,0.334,Gerald Everett,LAC,4.7475,3.909212922753738,4.312499999999998,13.282513282513273,62.5,28.0,0.0,5.746,4.401071441848581,1.3449285581514197,00-0033895,Gerald,Everett,G.Everett,REG,LAC,MIA,Gerald Everett,EverGe00,0.0,1.0,0.125,68.7
2022,REG,14,00-0034270,T.Conklin,TE,TE,NYJ,13675,f0d17dfa-ebf3-416c-a8d2-c6bc30675103,17598.0,47327.0,5133.0,,3915486.0,31220.0,,2165249.0,ConkTy00,tyler-conklin-1,12809.0,13220.0,489.0,31127.0,861278.0,19988.0,861278.0,Tyler Conklin,tyler conklin,5,8,28.0,0,0.0,0.0,49.0,15.0,0.0,-2.290333,0,0.5714286,0.18181819,0.1368715,0.36853734,Tyler Conklin,NYJ,6.05,4.924018259363562,5.695000000000002,13.818622990597518,62.5,28.0,0.0,3.5259999999999985,4.117223357040393,-0.5912233570403944,00-0034270,Tyler,Conklin,T.Conklin,REG,NYJ,BUF,Tyler Conklin,ConkTy00,0.0,1.0,0.125,68.7
2022,REG,14,00-0037744,T.McBride,TE,TE,ARI,15794,734d54cc-c869-4e2f-a60f-c59c493f5110,22936.0,,8130.0,,4361307.0,34010.0,,2963385.0,McBrTr01,trey-mcbride-1,15902.0,,1253.0,34010.0,0.0,,1108161.0,Trey McBride,trey mcbride,3,6,28.0,0,0.0,0.0,50.0,6.0,1.0,-3.3488967,0,0.56,0.14634146,0.1650165,0.33502376,Trey McBride,ARI,4.012,4.625559646277163,7.668333333333333,15.474388726331014,50.0,28.0,0.0,2.263333333333333,2.6680413002378978,-0.40470796690456456,00-0037744,Trey,McBride,T.McBride,REG,ARI,NE,Trey McBride,McBrTr01,0.0,2.0,0.333,63.2
2022,REG,14,00-0038129,C.Otton,TE,TE,TB,15802,f23517bd-ae85-484a-8ecb-1f7a2d851e48,23181.0,,8111.0,,4243331.0,34062.0,,2815179.0,OttoCa00,cade-otton-1,16032.0,,1261.0,34062.0,0.0,,1049263.0,Cade Otton,cade otton,4,5,28.0,0,0.0,0.0,31.0,15.0,1.0,0.46946964,0,0.9032258,0.09803922,0.0922619,0.21164216,Cade Otton,TB,8.225999999999999,4.432882532643345,6.186000000000002,9.19550481626829,80.0,28.0,0.0,3.5599999999999987,3.9798004866067913,-0.4198004866067926,00-0038129,Cade,Otton,C.Otton,REG,TB,SF,Cade Otton,OttoCa00,0.0,0.0,0.0,90.0
2022,REG,14,00-0037086,G.Calcaterra,TE,TE,PHI,15804,f6988cfa-2dcf-490b-ac80-9af8e4292efa,24180.0,,8177.0,,4241374.0,34154.0,,2804129.0,CalcGr00,grant-calcaterra-1,16039.0,,,34154.0,0.0,,976221.0,Grant Calcaterra,grant calcaterra,2,4,24.0,0,0.0,0.0,32.0,9.0,2.0,-0.10907674,0,0.75,0.12903225,0.107744105,0.26896927,,,,,,,,,,,,,,,,,REG,PHI,NYG,Grant Calcaterra,CalcGr00,0.0,1.0,0.25,68.7
2022,REG,14,00-0031484,C.Manhertz,TE,TE,JAX,12955,7c7b5515-7786-4e24-9ce0-34e6a8bd5727,14014.0,10211.0,3048.0,,2531358.0,28365.0,,2167520.0,ManhCh00,,10033.0,10295.0,,28365.0,563293.0,17762.0,563293.0,Chris Manhertz,chris manhertz,1,1,21.0,0,0.0,0.0,1.0,20.0,1.0,1.1990135,0,21.0,0.023809524,0.0033670033,0.03807119,,,,,,,,,,,,,,,,,REG,JAX,TEN,Chris Manhertz,ManhCh00,0.0,0.0,0.0,118.7
2022,REG,14,00-0034159,W.Dissly,TE,TE,SEA,13763,383f4814-6836-4766-a297-fc063e8509cc,18049.0,30762.0,5010.0,,3127292.0,31090.0,,2139628.0,DissWi00,will-dissly-1,12986.0,13246.0,86.0,31090.0,837806.0,19950.0,837806.0,Will Dissly,will dissly,2,3,20.0,0,0.0,0.0,43.0,2.0,1.0,0.62197644,0,0.4651163,0.083333336,0.10913706,0.20139594,,,,,,,,,,,,,,,,,REG,SEA,CAR,Will Dissly,DissWi00,0.0,0.0,0.0,85.4
2022,REG,14,00-0036741,J.Stoll,TE,TE,PHI,15541,0560d134-d316-4cda-9d48-34d32267af68,23193.0,42058.0,7946.0,,4034862.0,33891.0,,2239684.0,StolJa00,,15510.0,,,33891.0,0.0,,911985.0,Jack Stoll,jack stoll,2,2,20.0,0,0.0,0.0,9.0,11.0,1.0,1.483886,0,2.2222223,0.06451613,0.030303031,0.117986314,,,,,,,,,,,,,,,,,REG,PHI,NYG,Jack Stoll,StolJa00,0.0,0.0,0.0,108.3
2022,REG,14,00-0038115,D.Bellinger,TE,TE,NYG,15873,42a1c03e-790e-46ba-b0d5-d304e44c02c7,24238.0,,8225.0,,4361516.0,34068.0,,2963615.0,BellDa00,daniel-bellinger-1,16036.0,,1322.0,34068.0,0.0,,1122035.0,Daniel Bellinger,daniel bellinger,3,3,19.0,0,0.0,0.0,10.0,9.0,2.0,1.0787691,0,1.9,0.09375,0.05154639,0.17670748,,,,,,,,,,,,,,,,,REG,NYG,PHI,Daniel Bellinger,BellDa00,0.0,0.0,0.0,93.1
2022,REG,14,00-0036534,S.Zylstra,TE,TE,DET,15604,0cafaac9-20fb-4e5a-9362-158d8a4e7904,23461.0,,8041.0,,4608362.0,33803.0,,2668830.0,ZylsSh00,,15701.0,,,33803.0,0.0,,1284247.0,Shane Zylstra,shane zylstra,2,2,18.0,0,0.0,0.0,17.0,1.0,1.0,1.0641906,0,1.0588236,0.055555556,0.0648855,0.12875319,,,,,,,,,,,,,,,,,REG,DET,MIN,Shane Zylstra,ZylsSh00,0.0,0.0,0.0,104.2
2022,REG,14,00-0034753,M.Andrews,TE,TE,BAL,13671,0618f387-9b72-4270-8b8f-dec4cccc9e4a,17269.0,47436.0,5012.0,,3116365.0,31056.0,,2131121.0,AndrMa00,mark-andrews-1,12559.0,13182.0,366.0,31056.0,820699.0,19803.0,820699.0,Mark Andrews,mark andrews,2,6,17.0,0,0.0,0.0,34.0,4.0,2.0,-1.0744886,0,0.5,0.3529412,0.25373134,0.7070237,Mark Andrews,BAL,5.8183333333333325,2.306163493598742,8.29,37.61343012704174,33.33333333333333,17.0,0.0,1.4600000000000009,1.2801037473191172,0.1798962526808836,00-0034753,Mark,Andrews,M.Andrews,REG,BAL,PIT,Mark Andrews,AndrMa00,0.0,0.0,0.0,42.4
2022,REG,14,00-0037304,C.Heyward,TE,TE,PIT,15800,62e96d7c-e4dd-4a90-8c3a-8017eb69120d,24562.0,,8181.0,,4241961.0,34163.0,,2867599.0,HeywCo00,connor-heyward-1,15916.0,,,34163.0,0.0,,1057457.0,Connor Heyward,connor heyward,1,1,13.0,0,0.0,0.0,14.0,-1.0,1.0,0.7401812,0,0.9285714,0.032258064,0.042168673,0.07790517,,,,,,,,,,,,,,,,,REG,PIT,BAL,Connor Heyward,HeywCo00,0.0,0.0,0.0,118.7
2022,REG,14,00-0031273,C.Brate,TE,TE,TB,12110,5afe93fd-0caf-4cca-83fc-7f405bebfa3e,13470.0,9207.0,2214.0,,17453.0,28267.0,,2132787.0,BratCa00,,10008.0,10193.0,,28267.0,552926.0,16593.0,552926.0,Cameron Brate,cameron brate,2,4,12.0,0,0.0,0.0,35.0,0.0,0.0,-2.383121,0,0.34285715,0.078431375,0.104166664,0.19056372,,,,,,,,,,,,,,,,,REG,TB,SF,Cameron Brate,BratCa00,0.0,0.0,0.0,56.2
2022,REG,14,00-0031690,E.Tomlinson,TE,TE,DEN,13065,b3d7169b-9cf6-4fea-815a-26e4fb0ec16a,14339.0,9786.0,2755.0,,2511973.0,28658.0,,1759992.0,TomlEr01,,10553.0,10747.0,,28658.0,554431.0,17223.0,554431.0,Eric Tomlinson,eric tomlinson,2,3,11.0,0,0.0,0.0,6.0,7.0,0.0,-0.23862025,0,1.8333334,0.069767445,0.026548672,0.12323523,,,,,,,,,,,,,,,,,REG,DEN,KC,Eric Tomlinson,TomlEr01,0.0,0.0,0.0,72.9
2022,REG,14,00-0033110,T.Higbee,TE,TE,LA,12678,0df7912d-9e81-47ea-b4f7-d04986df4ee8,15623.0,10744.0,3271.0,,2573401.0,29344.0,,1853103.0,HigbTy00,tyler-higbee-1,10854.0,11430.0,159.0,29344.0,604176.0,18032.0,604176.0,Tyler Higbee,tyler higbee,2,3,11.0,0,0.0,0.0,6.0,7.0,1.0,0.30848435,0,1.8333334,0.0882353,0.020905923,0.14698708,,,,,,,,,,,,,,,,,REG,LA,LV,Tyler Higbee,HigbTy00,0.0,1.0,0.333,72.9
2022,REG,14,00-0034365,I.Thomas,TE,TE,CAR,13678,ed8a8fd2-df67-45e7-a34f-984afb82f6ea,17387.0,42130.0,4995.0,,4045305.0,31071.0,,2253359.0,ThomIa00,ian-thomas-3,12858.0,13163.0,323.0,31071.0,943093.0,19910.0,943093.0,Ian Thomas,ian thomas,2,2,11.0,0,0.0,0.0,-1.0,12.0,1.0,0.587112,0,0.0,0.1,-0.011494253,0.14195402,,,,,,,,,,,,,,,,,REG,CAR,SEA,Ian Thomas,ThomIa00,0.0,0.0,0.0,89.6
2022,REG,14,00-0037311,K.Kieft,TE,TE,TB,15929,f96b8338-4ffb-4612-8c29-58dc3b12db69,24568.0,,8484.0,,4034779.0,34174.0,,2239763.0,KiefKo00,ko-kieft-1,16282.0,,,34174.0,0.0,,911239.0,Ko Kieft,ko kieft,1,1,11.0,0,0.0,0.0,5.0,6.0,1.0,0.7589181,0,2.2,0.019607844,0.014880952,0.03982843,,,,,,,,,,,,,,,,,REG,TB,SF,Ko Kieft,KiefKo00,0.0,0.0,0.0,112.5
2022,REG,14,00-0035771,M.Wilcox,TE,TE,CIN,15563,b2d98b60-b4b3-4610-81d2-2154c723fdbb,19510.0,47234.0,6894.0,,3923392.0,33171.0,,2188431.0,,,14634.0,,,33171.0,0.0,21800.0,885394.0,Mitchell Wilcox,mitchell wilcox,1,2,10.0,0,0.0,0.0,19.0,7.0,1.0,0.22102389,0,0.5263158,0.0625,0.08370044,0.15234031,,,,,,,,,,,,,,,,,,,,,,,,,
2022,REG,14,00-0036244,C.Parkinson,TE,TE,SEA,14871,1ea7affb-e5e7-491a-aaa3-55e200b2eb48,19372.0,52266.0,6865.0,,4242557.0,32803.0,,2867522.0,ParkCo02,colby-parkinson-1,14463.0,,565.0,32803.0,0.0,21807.0,1060312.0,Colby Parkinson,colby parkinson,1,2,10.0,0,0.0,0.0,15.0,7.0,0.0,-0.32017487,0,0.6666667,0.055555556,0.038071066,0.10998308,,,,,,,,,,,,,,,,,REG,SEA,CAR,Colby Parkinson,ParkCo02,0.0,0.0,0.0,64.6
2022,REG,14,00-0032394,N.Vannett,TE,TE,NYG,12680,c731aa8a-778b-4ccd-a19f-517eb66f47b7,15645.0,10728.0,3258.0,,2576399.0,29328.0,,1871322.0,VannNi00,nick-vannett-1,10949.0,11329.0,,29328.0,606488.0,18019.0,606488.0,Nick Vannett,nick vannett,1,2,9.0,0,0.0,0.0,4.0,9.0,0.0,-0.327351,0,2.25,0.0625,0.020618556,0.10818299,,,,,,,,,,,,,,,,,REG,NYG,PHI,Nick Vannett,VannNi00,0.0,0.0,0.0,62.5
2022,REG,14,00-0036232,H.Bryant,TE,TE,CLE,14875,f58a5899-8b78-46e8-a29a-ba6273b7d872,19389.0,26394.0,6850.0,,4040774.0,32785.0,,2241240.0,BryaHa00,harrison-bryant-1,14576.0,,752.0,32785.0,0.0,21783.0,916467.0,Harrison Bryant,harrison bryant,1,1,8.0,0,0.0,0.0,2.0,6.0,0.0,0.5701432,0,4.0,0.025641026,0.006849315,0.04325606,,,,,,,,,,,,,,,,,REG,CLE,CIN,Harrison Bryant,BryaHa00,0.0,0.0,0.0,100.0
2022,REG,14,00-0036424,B.Hopkins,TE,TE,LA,14868,39cb1520-dda8-4167-95c4-4947c8383bc4,19234.0,47338.0,6926.0,,3918003.0,32806.0,,2183906.0,HopkBr01,brycen-hopkins-1,14586.0,,,32806.0,0.0,21678.0,880294.0,Brycen Hopkins,brycen hopkins,1,1,8.0,0,0.0,0.0,6.0,2.0,0.0,-2.2830293,0,1.3333334,0.029411765,0.020905923,0.05875179,,,,,,,,,,,,,,,,,REG,LA,LV,Brycen Hopkins,HopkBr01,0.0,0.0,0.0,100.0
2022,REG,14,00-0037475,S.Smartt,TE,TE,LAC,16113,6ee105f0-ca2e-11ec-be96-e90abdfa0fef,24621.0,,8583.0,,4250764.0,34637.0,,2864800.0,SmarSt00,,16321.0,,,34637.0,0.0,,1056865.0,Stone Smartt,stone smartt,1,1,8.0,0,0.0,0.0,4.0,4.0,0.0,-0.17565288,0,2.0,0.020833334,0.016,0.04245,,,,,,,,,,,,,,,,,REG,LAC,MIA,Stone Smartt,SmarSt00,0.0,0.0,0.0,100.0
2022,REG,14,00-0032134,C.Uzomah,TE,TE,NYJ,12317,19858900-5c8e-49a7-ab02-34ef625724ca,14084.0,9590.0,2460.0,c.j.uzomah/2552559,2574576.0,28545.0,,2174118.0,UzomC.00,cj-uzomah-1,10462.0,10534.0,,28545.0,593305.0,16917.0,593305.0,C.J. Uzomah,cj uzomah,1,2,7.0,0,0.0,0.0,18.0,2.0,0.0,-1.2412727,0,0.3888889,0.045454547,0.05027933,0.10337735,,,,,,,,,,,,,,,,,REG,NYJ,BUF,C.J. Uzomah,UzomC.00,0.0,0.0,0.0,58.3
2022,REG,14,00-0032725,S.Anderson,TE,TE,ARI,12859,5cb0bf9c-03b4-4201-97c5-a59c6db50841,15760.0,11160.0,3496.0,,2576854.0,29789.0,,1880821.0,AndeSt01,,10885.0,11556.0,,29789.0,607660.0,18262.0,607660.0,Stephen Anderson,stephen anderson,2,2,7.0,0,0.0,0.0,1.0,6.0,0.0,-0.15191959,0,7.0,0.048780486,0.0033003301,0.07548096,,,,,,,,,,,,,,,,,REG,ARI,NE,Stephen Anderson,AndeSt01,0.0,0.0,0.0,81.2
2022,REG,14,00-0034011,D.Arnold,TE,TE,JAX,13880,d479a777-b53b-4bbf-a8e4-0c1675ac48df,17143.0,51842.0,4741.0,,4212989.0,30891.0,,2835170.0,ArnoDa00,,12276.0,12972.0,,30891.0,1053627.0,19659.0,1053627.0,Dan Arnold,dan arnold,1,3,5.0,0,0.0,0.0,2.0,0.0,0.0,-1.7723187,0,2.5,0.071428575,0.0067340066,0.11185666,,,,,,,,,,,,,,,,,REG,JAX,TEN,Dan Arnold,ArnoDa00,0.0,0.0,0.0,42.4
2022,REG,14,00-0034364,J.Akins,TE,TE,HOU,13753,0cb5a32a-a340-4671-ba2a-93f5fa6aee8d,17415.0,47050.0,5032.0,,3128452.0,31068.0,,2142712.0,AkinJo00,jordan-akins-1,12568.0,13238.0,,31068.0,838396.0,19903.0,838396.0,Jordan Akins,jordan akins,1,2,5.0,0,0.0,0.0,11.0,1.0,0.0,-0.7688957,0,0.45454547,0.083333336,0.07333333,0.17633334,,,,,,,,,,,,,,,,,REG,HOU,DAL,Jordan Akins,AkinJo00,0.0,0.0,0.0,56.2
2022,REG,14,00-0037011,T.McKitty,TE,TE,LAC,15333,2ac90a86-c585-4c12-894d-a805a0c94cc3,22807.0,60896.0,7554.0,,4240023.0,33485.0,,2804040.0,McKiTr00,tre-mckitty-1,15252.0,,,33485.0,0.0,,976252.0,Tre' McKitty,tre mckitty,1,1,5.0,0,0.0,0.0,5.0,0.0,0.0,-0.028201807,0,1.0,0.020833334,0.02,0.04525,,,,,,,,,,,,,,,,,REG,LAC,MIA,Tre' McKitty,McKiTr00,0.0,0.0,0.0,87.5
2022,REG,14,00-0033576,E.Saubert,TE,TE,DEN,13315,582dc00e-e7ec-4ca7-bff0-f7b1d604017b,16706.0,11929.0,4189.0,,2975863.0,30287.0,,2001018.0,SaubEr00,,11897.0,12300.0,,30287.0,694931.0,19035.0,694931.0,Eric Saubert,eric saubert,1,2,2.0,0,0.0,0.0,2.0,3.0,0.0,-1.095717,0,1.0,0.046511628,0.0088495575,0.07596213,,,,,,,,,,,,,,,,,REG,DEN,KC,Eric Saubert,SaubEr00,0.0,1.0,0.5,56.2
2022,REG,14,00-0033858,J.Smith,TE,TE,NE,13193,e4f25a37-74de-4bfb-b6c9-f50a4fab0b87,16460.0,11855.0,4144.0,,3054212.0,30213.0,,2081506.0,SmitJo01,jonnu-smith-1,11807.0,12344.0,84.0,30213.0,743749.0,18990.0,743749.0,Jonnu Smith,jonnu smith,0,2,0.0,0,0.0,0.0,-7.0,0.0,0.0,-2.2657375,0,0.0,0.060606062,-0.042424243,0.061212122,,,,,,,,,,,,,,,,,REG,NE,ARI,Jonnu Smith,SmitJo01,0.0,1.0,0.5,39.6
2022,REG,14,00-0034829,M.Gesicki,TE,TE,MIA,13672,1012cbe0-7eba-4169-bfca-183a0204e1a7,17272.0,47153.0,4993.0,,3116164.0,31012.0,,2139298.0,GesiMi00,mike-gesicki-1,12764.0,13104.0,330.0,31012.0,836152.0,19853.0,836152.0,Mike Gesicki,mike gesicki,0,2,0.0,0,0.0,0.0,37.0,0.0,0.0,-2.1028032,0,0.0,0.083333336,0.121710524,0.21019737,,,,,,,,,,,,,,,,,REG,MIA,LAC,Mike Gesicki,GesiMi00,0.0,0.0,0.0,39.6
2022,REG,14,00-0034981,F.Moreau,TE,TE,LV,14239,9c3a67fd-5c6e-4689-9e08-9ff6d4db6c9a,18397.0,47043.0,5985.0,,3843945.0,31969.0,,2180634.0,MoreFo00,foster-moreau-1,13822.0,14154.0,179.0,31969.0,865573.0,20884.0,865573.0,Foster Moreau,foster moreau,0,1,0.0,0,0.0,0.0,13.0,0.0,0.0,-0.7345153,0,0.0,0.05263158,0.06842105,0.12684211,,,,,,,,,,,,,,,,,REG,LV,LA,Foster Moreau,MoreFo00,0.0,1.0,1.0,39.6
2022,REG,14,00-0035222,Z.Gentry,TE,TE,PIT,14240,58f18567-a050-49c4-aeca-b34499338b37,18690.0,36049.0,6018.0,,3929924.0,31973.0,,2185708.0,GentZa00,zach-gentry-2,13511.0,14247.0,,31973.0,883079.0,20770.0,883079.0,Zach Gentry,zach gentry,0,1,0.0,0,0.0,0.0,10.0,0.0,0.0,-0.47942272,0,0.0,0.032258064,0.030120483,0.069471434,,,,,,,,,,,,,,,,,REG,PIT,BAL,Zach Gentry,GentZa00,0.0,1.0,1.0,39.6
2022,REG,14,00-0035644,N.Fant,TE,TE,SEA,14137,cdc98acc-9eb6-4b44-81bb-61d7b8a3b55f,17527.0,42388.0,5857.0,,4036131.0,31852.0,,2251095.0,FantNo00,noah-fant-1,13426.0,14050.0,243.0,31852.0,923911.0,20753.0,923911.0,Noah Fant,noah fant,0,1,0.0,0,0.0,0.0,-5.0,0.0,0.0,-0.8399609,0,0.0,0.027777778,-0.012690355,0.03278342,,,,,,,,,,,,,,,,,REG,SEA,CAR,Noah Fant,FantNo00,0.0,0.0,0.0,39.6
2022,REG,14,00-0036438,S.Sullivan,TE,TE,CAR,15026,a41b8454-0326-4c56-87a2-f2aac3814961,19641.0,40411.0,6970.0,,4035426.0,32921.0,,2223251.0,SullSt00,stephen-sullivan-1,14570.0,,,32921.0,0.0,21865.0,910808.0,Stephen Sullivan,stephen sullivan,0,1,0.0,0,0.0,0.0,24.0,0.0,0.0,-1.6273979,0,0.0,0.05,0.27586207,0.26810345,,,,,,,,,,,,,,,,,REG,CAR,SEA,Stephen Sullivan,SullSt00,0.0,0.0,0.0,39.6
2022,REG,14,00-0036754,B.Wright,TE,TE,DET,15626,8f182089-7730-499e-8f2e-87bda32debfb,23341.0,60994.0,7891.0,,4242392.0,33774.0,,2807423.0,WrigBr01,,15681.0,,1162.0,33774.0,0.0,,978120.0,Brock Wright,brock wright,0,1,0.0,0,0.0,0.0,-1.0,0.0,0.0,-0.574587,0,0.0,0.027777778,-0.003816794,0.038994912,,,,,,,,,,,,,,,,,REG,DET,MIN,Brock Wright,WrigBr01,0.0,1.0,1.0,39.6
2022,REG,14,00-0037005,T.Tremble,TE,TE,CAR,15332,cbee2fd3-e5f2-4316-bffd-531f1873f032,22795.0,84025.0,7694.0,,4372780.0,33471.0,,2969027.0,TremTo00,tommy-tremble-1,15371.0,,1054.0,33471.0,0.0,,1130555.0,Tommy Tremble,tommy tremble,0,2,0.0,0,0.0,0.0,6.0,0.0,0.0,-4.4800363,0,0.0,0.1,0.06896552,0.19827586,,,,,,,,,,,,,,,,,REG,CAR,SEA,Tommy Tremble,TremTo00,0.0,0.0,0.0,39.6
2022,REG,15,00-0030506,T.Kelce,TE,TE,KC,11244,c3859e06-5f23-4302-a71b-04820a899d5f,11594.0,7844.0,1466.0,traviskelce/2540258,15847.0,26686.0,,1725130.0,KelcTr00,travis-kelce-1,8783.0,8411.0,264.0,26686.0,448240.0,15048.0,448240.0,Travis Kelce,travis kelce,10,10,105.0,0,0.0,0.0,55.0,50.0,7.0,7.968246,0,1.9090909,0.24390244,0.24229075,0.5354572,Travis Kelce,KC,6.565714285714285,3.5572067060576105,5.484999999999999,24.50848972296693,100.0,105.0,0.0,5.015000000000001,4.488911384130165,0.5260886158698357,00-0030506,Travis,Kelce,T.Kelce,REG,KC,HOU,Travis Kelce,KelcTr00,1.0,0.0,0.0,110.4
2022,REG,15,00-0035689,D.Knox,TE,TE,BUF,14143,5fb525c5-4e70-4ede-8c49-94ad0cf66b7d,18631.0,35883.0,5906.0,,3930086.0,31928.0,,2186345.0,KnoxDa00,dawson-knox-1,13466.0,13953.0,88.0,31928.0,884083.0,20850.0,884083.0,Dawson Knox,dawson knox,6,8,98.0,1,0.0,0.0,86.0,38.0,4.0,7.9254017,0,1.1395348,0.21052632,0.20574163,0.45980862,Dawson Knox,BUF,3.835,4.019554858685325,11.001250000000002,20.527113702623907,75.0,98.0,1.0,6.691666666666666,3.192506141230569,3.4991605254360976,00-0035689,Dawson,Knox,D.Knox,REG,BUF,MIA,Dawson Knox,KnoxDa00,2.0,2.0,0.25,155.2
2022,REG,15,00-0033288,G.Kittle,TE,TE,SF,13299,2ada91b0-036e-454f-83c3-6d939ff584a9,16499.0,11901.0,4217.0,,3040151.0,30259.0,,2818265.0,KittGe00,george-kittle-1,11892.0,12276.0,298.0,30259.0,733672.0,19063.0,733672.0,George Kittle,george kittle,4,5,93.0,2,0.0,0.0,51.0,60.0,2.0,7.7566676,0,1.8235294,0.1923077,0.33552632,0.52333,George Kittle,SF,4.3675,4.437316378201615,9.558000000000003,31.345926800472263,80.0,93.0,2.0,15.534999999999997,13.368622293722638,2.166377706277359,00-0033288,George,Kittle,G.Kittle,REG,SF,SEA,George Kittle,KittGe00,1.0,0.0,0.0,158.3
2022,REG,15,00-0036040,J.Johnson,TE,TE,NO,14861,0226b03b-f91d-4223-9813-9fcd2e9c3acc,19562.0,28305.0,7002.0,,3929645.0,33113.0,,2186637.0,JohnJu02,,14630.0,,575.0,33113.0,0.0,21738.0,884609.0,Juwan Johnson,juwan johnson,4,6,67.0,2,0.0,0.0,70.0,29.0,4.0,6.84572,0,0.95714283,0.31578946,0.34653464,0.71625847,Juwan Johnson,NO,4.284999999999999,4.165076006991831,11.448333333333332,34.32269025133663,66.66666666666666,67.0,2.0,7.022500000000002,5.2073404867207955,1.8151595132792062,00-0036040,Juwan,Johnson,J.Johnson,REG,NO,ATL,Juwan Johnson,JohnJu02,0.0,0.0,0.0,143.7
2022,REG,15,00-0033881,E.Engram,TE,TE,JAX,13189,e21365af-8d66-416e-b0a5-8816d18fcfd9,16411.0,11778.0,4066.0,,3051876.0,30136.0,,2079887.0,EngrEv00,evan-engram-1,11805.0,12205.0,229.0,30136.0,749185.0,18912.0,749185.0,Evan Engram,evan engram,8,10,62.0,0,0.0,0.0,46.0,46.0,1.0,2.2252033,0,1.3478261,0.24390244,0.122994654,0.45194992,Evan Engram,JAX,6.510000000000001,3.5204323814795595,4.795999999999999,12.708338853705717,80.0,62.0,0.0,6.455,6.0971959304594066,0.3578040695405935,00-0033881,Evan,Engram,E.Engram,REG,JAX,DAL,Evan Engram,EngrEv00,1.0,1.0,0.1,92.5
2022,REG,15,00-0037744,T.McBride,TE,TE,ARI,15794,734d54cc-c869-4e2f-a60f-c59c493f5110,22936.0,,8130.0,,4361307.0,34010.0,,2963385.0,McBrTr01,trey-mcbride-1,15902.0,,1253.0,34010.0,0.0,,1108161.0,Trey McBride,trey mcbride,4,5,55.0,0,0.0,0.0,30.0,32.0,3.0,3.7556174,0,1.8333334,0.14285715,0.12295082,0.3003513,Trey McBride,ARI,5.298,4.251489477186607,5.878000000000003,11.530011769321307,80.0,55.0,0.0,7.909999999999997,4.278985354802131,3.6310146451978653,00-0037744,Trey,McBride,T.McBride,REG,ARI,DEN,Trey McBride,McBrTr01,0.0,0.0,0.0,112.5
2022,REG,15,00-0037809,C.Okonkwo,TE,TE,TEN,15889,14e11f9b-58c8-437f-abc0-a4e4df9a7c47,23982.0,,8210.0,,4360635.0,34099.0,,2965208.0,OkonCh00,chigoziem-okonkwo-1,16042.0,,1320.0,34099.0,0.0,,1106374.0,Chigoziem Okonkwo,chigoziem okonkwo,4,5,54.0,0,0.0,0.0,38.0,25.0,2.0,0.6097352,0,1.4210526,0.1923077,0.23602484,0.45367894,Chigoziem Okonkwo,TEN,8.22,2.297545118607795,7.677999999999999,24.075003135582595,80.0,54.0,0.0,6.520000000000001,4.4247354122825975,2.095264587717404,00-0037809,Chigoziem,Okonkwo,C.Okonkwo,REG,TEN,LAC,Chigoziem Okonkwo,OkonCh00,0.0,0.0,0.0,111.7
2022,REG,15,00-0036754,B.Wright,TE,TE,DET,15626,8f182089-7730-499e-8f2e-87bda32debfb,23341.0,60994.0,7891.0,,4242392.0,33774.0,,2807423.0,WrigBr01,,15681.0,,1162.0,33774.0,0.0,,978120.0,Brock Wright,brock wright,1,2,51.0,1,0.0,0.0,16.0,47.0,1.0,6.025834,0,3.1875,0.055555556,0.083769634,0.14197208,,,,,,,,,,,,,,,,,REG,DET,NYJ,Brock Wright,WrigBr01,0.0,1.0,0.5,135.4
2022,REG,15,00-0031610,D.Waller,TE,TE,LV,12263,14c97c9f-26e8-4944-9299-f90de6aeada3,14104.0,9637.0,2505.0,,2576925.0,28592.0,,1850793.0,WallDa01,darren-waller-1,10215.0,10433.0,,28592.0,600191.0,16964.0,600191.0,Darren Waller,darren waller,3,3,48.0,1,0.0,0.0,40.0,8.0,2.0,4.748224,0,1.2,0.09375,0.08869179,0.20270926,,,,,,,,,,,,,,,,,REG,LV,NE,Darren Waller,WallDa01,0.0,0.0,0.0,158.3
2022,REG,15,00-0033895,G.Everett,TE,TE,LAC,13236,ebeceb00-57e0-4b74-9cf7-853da2afed18,16459.0,11799.0,4089.0,,3918639.0,30157.0,,2142692.0,EverGe00,gerald-everett-1,11737.0,12284.0,55.0,30157.0,838487.0,18935.0,838487.0,Gerald Everett,gerald everett,4,6,42.0,0,0.0,0.0,23.0,31.0,2.0,0.6486438,0,1.826087,0.15789473,0.07666667,0.29050878,Gerald Everett,LAC,8.303333333333333,5.138806005812172,3.655000000000001,7.53556456600921,66.66666666666666,42.0,0.0,7.7849999999999975,5.77874944617912,2.0062505538208777,00-0033895,Gerald,Everett,G.Everett,REG,LAC,TEN,Gerald Everett,EverGe00,0.0,0.0,0.0,86.8
2022,REG,15,00-0032134,C.Uzomah,TE,TE,NYJ,12317,19858900-5c8e-49a7-ab02-34ef625724ca,14084.0,9590.0,2460.0,c.j.uzomah/2552559,2574576.0,28545.0,,2174118.0,UzomC.00,cj-uzomah-1,10462.0,10534.0,,28545.0,593305.0,16917.0,593305.0,C.J. Uzomah,cj uzomah,2,2,41.0,2,0.0,0.0,31.0,10.0,2.0,4.8201804,0,1.3225807,0.05882353,0.06288032,0.13225152,,,,,,,,,,,,,,,,,REG,NYJ,DET,C.J. Uzomah,UzomC.00,1.0,0.0,0.0,158.3
2022,REG,15,00-0037755,J.Woods,TE,TE,IND,15840,321af8f8-b4de-4ed2-a86f-7f97a85a13d4,23829.0,,8219.0,,4241410.0,34029.0,,2787078.0,WoodJe01,jelani-woods-1,15821.0,,1305.0,34029.0,0.0,,975503.0,Jelani Woods,jelani woods,1,1,36.0,0,0.0,0.0,10.0,26.0,1.0,2.6386182,0,3.6,0.032258064,0.03984064,0.07627554,,,,,,,,,,,,,,,,,REG,IND,MIN,Jelani Woods,WoodJe01,0.0,0.0,0.0,118.7
2022,REG,15,00-0035329,D.Parham,TE,TE,LAC,14341,4f246e92-3d21-450f-977a-dc16892c7238,18835.0,91014.0,6074.0,,3912092.0,32456.0,,2183713.0,ParhDo00,,13602.0,14320.0,,32456.0,875649.0,20905.0,875649.0,Donald Parham,donald parham,3,3,35.0,0,0.0,0.0,17.0,18.0,1.0,1.9202908,0,2.0588236,0.078947365,0.05666667,0.15808772,,,,,,,,,,,,,,,,,REG,LAC,TEN,Donald Parham,ParhDo00,0.0,0.0,0.0,115.3
2022,REG,15,00-0035771,M.Wilcox,TE,TE,CIN,15563,b2d98b60-b4b3-4610-81d2-2154c723fdbb,19510.0,47234.0,6894.0,,3923392.0,33171.0,,2188431.0,,,14634.0,,,33171.0,0.0,21800.0,885394.0,Mitchell Wilcox,mitchell wilcox,3,3,34.0,1,0.0,0.0,17.0,17.0,2.0,4.669237,0,2.0,0.078947365,0.08133971,0.17535885,,,,,,,,,,,,,,,,,,,,,,,,,
2022,REG,15,00-0036876,K.Granson,TE,TE,IND,15419,bcc0167c-05fd-4b23-981e-60b8784ceb33,22841.0,40630.0,7602.0,,4039160.0,33515.0,,2247146.0,GranKy00,kylen-granson-1,15245.0,,1119.0,33515.0,0.0,,921050.0,Kylen Granson,kylen granson,2,2,34.0,0,0.0,0.0,32.0,2.0,1.0,1.4607579,0,1.0625,0.06451613,0.12749004,0.18601722,,,,,,,,,,,,,,,,,REG,IND,MIN,Kylen Granson,GranKy00,0.0,0.0,0.0,118.7
2022,REG,15,00-0032392,A.Hooper,TE,TE,TEN,12677,90c2a93f-d837-4e1b-b57c-56648903a8db,15581.0,10715.0,3202.0,,3043275.0,29315.0,,2067004.0,HoopAu00,austin-hooper-1,10748.0,11301.0,384.0,29315.0,739424.0,17963.0,739424.0,Austin Hooper,austin hooper,2,4,33.0,0,0.0,0.0,34.0,10.0,2.0,0.85270536,0,0.9705882,0.15384616,0.21118012,0.37859532,,,,,,,,,,,,,,,,,REG,TEN,LAC,Austin Hooper,HoopAu00,0.0,0.0,0.0,78.1
2022,REG,15,00-0035229,T.Hockenson,TE,TE,MIN,14138,bd1120b6-38b3-4225-a4b0-20660a149d0d,18290.0,40912.0,5844.0,,4036133.0,31840.0,,2251097.0,HockTJ00,tj-hockenson-1,13610.0,14051.0,247.0,31840.0,923915.0,20805.0,923915.0,T.J. Hockenson,tj hockenson,3,9,33.0,0,0.0,0.0,110.0,21.0,0.0,-2.958701,1,0.3,0.16666667,0.25345623,0.42741936,T.J. Hockenson,MIN,8.340000000000002,3.687121115849445,11.244444444444447,22.98902796392632,33.33333333333333,33.0,0.0,6.716666666666666,7.149702067519684,-0.4330354008530177,00-0035229,Thomas,Hockenson,T.Hockenson,REG,MIN,IND,T.J. Hockenson,HockTJ00,0.0,0.0,0.0,45.1
2022,REG,15,00-0035644,N.Fant,TE,TE,SEA,14137,cdc98acc-9eb6-4b44-81bb-61d7b8a3b55f,17527.0,42388.0,5857.0,,4036131.0,31852.0,,2251095.0,FantNo00,noah-fant-1,13426.0,14050.0,243.0,31852.0,923911.0,20753.0,923911.0,Noah Fant,noah fant,5,6,32.0,1,0.0,0.0,24.0,16.0,3.0,1.2695618,0,1.3333334,0.14634146,0.12972973,0.310323,Noah Fant,SEA,8.322,4.239047884217638,5.174999999999998,15.718335526981878,83.33333333333334,32.0,1.0,3.0640000000000014,4.108260264306203,-1.0442602643062018,00-0035644,Noah,Fant,N.Fant,REG,SEA,SF,Noah Fant,FantNo00,0.0,0.0,0.0,128.5
2022,REG,15,00-0034753,M.Andrews,TE,TE,BAL,13671,0618f387-9b72-4270-8b8f-dec4cccc9e4a,17269.0,47436.0,5012.0,,3116365.0,31056.0,,2131121.0,AndrMa00,mark-andrews-1,12559.0,13182.0,366.0,31056.0,820699.0,19803.0,820699.0,Mark Andrews,mark andrews,3,7,31.0,0,0.0,0.0,59.0,6.0,2.0,-2.2067876,0,0.5254237,0.25,0.32960895,0.60572624,Mark Andrews,BAL,7.961428571428572,2.4304744004268355,8.095714285714285,31.69285834125608,42.857142857142854,31.0,0.0,1.4899999999999995,2.1569596459872478,-0.6669596459872482,00-0034753,Mark,Andrews,M.Andrews,REG,BAL,CLE,Mark Andrews,AndrMa00,0.0,0.0,0.0,56.2
2022,REG,15,00-0036637,N.Gray,TE,TE,KC,15337,c97dfcb6-b999-476f-8487-f3848e92df17,19539.0,60878.0,7828.0,,4240472.0,33550.0,,2866903.0,GrayNo00,noah-gray-1,15459.0,,1059.0,33550.0,0.0,,1056981.0,Noah Gray,noah gray,3,3,31.0,0,0.0,0.0,2.0,29.0,2.0,1.6185731,0,15.5,0.07317073,0.008810572,0.1159235,,,,,,,,,,,,,,,,,REG,KC,HOU,Noah Gray,GrayNo00,1.0,0.0,0.0,109.7
2022,REG,15,00-0031690,E.Tomlinson,TE,TE,DEN,13065,b3d7169b-9cf6-4fea-815a-26e4fb0ec16a,14339.0,9786.0,2755.0,,2511973.0,28658.0,,1759992.0,TomlEr01,,10553.0,10747.0,,28658.0,554431.0,17223.0,554431.0,Eric Tomlinson,eric tomlinson,3,3,28.0,1,0.0,0.0,8.0,20.0,2.0,3.1716537,0,3.5,0.115384616,0.06896552,0.22135279,,,,,,,,,,,,,,,,,REG,DEN,ARI,Eric Tomlinson,TomlEr01,0.0,0.0,0.0,145.1
2022,REG,15,00-0032214,T.Kroft,TE,TE,SF,12212,36f54823-9d51-4180-9c91-d10281deb4bf,13960.0,9518.0,2390.0,tylerkroft/2552586,2582410.0,28473.0,,1824200.0,KrofTy00,tyler-kroft-1,10247.0,10490.0,,28473.0,592268.0,16846.0,592268.0,Tyler Kroft,tyler kroft,1,1,28.0,0,0.0,0.0,17.0,11.0,1.0,1.8524938,0,1.6470588,0.03846154,0.1118421,0.13598178,,,,,,,,,,,,,,,,,REG,SF,SEA,Tyler Kroft,KrofTy00,0.0,0.0,0.0,118.7
2022,REG,15,00-0033885,D.Njoku,TE,TE,CLE,13192,8f86fcea-90e8-49ea-bc78-5c7659313e57,16399.0,11784.0,4033.0,,3123076.0,30142.0,,2136474.0,NjokDa00,david-njoku-1,11734.0,12186.0,252.0,30142.0,832098.0,18876.0,832098.0,David Njoku,david njoku,3,6,28.0,0,0.0,0.0,13.0,28.0,2.0,-0.13163672,0,2.1538463,0.23076923,0.116071425,0.42740384,David Njoku,CLE,4.25,3.7555802997720416,3.3050000000000015,17.315752706950757,50.0,28.0,0.0,9.179999999999998,8.08385761231267,1.096142387687328,00-0033885,David,Njoku,D.Njoku,REG,CLE,BAL,David Njoku,NjokDa00,0.0,0.0,0.0,63.2
2022,REG,15,00-0033110,T.Higbee,TE,TE,LA,12678,0df7912d-9e81-47ea-b4f7-d04986df4ee8,15623.0,10744.0,3271.0,,2573401.0,29344.0,,1853103.0,HigbTy00,tyler-higbee-1,10854.0,11430.0,159.0,29344.0,604176.0,18032.0,604176.0,Tyler Higbee,tyler higbee,4,5,27.0,1,0.0,0.0,10.0,12.0,1.0,2.427226,0,2.7,0.25,0.11111111,0.45277777,Tyler Higbee,LAR,6.5280000000000005,4.488137032566405,2.480000000000004,12.668573763792418,80.0,27.0,1.0,3.207499999999996,2.9392767495933,0.26822325040669615,00-0033110,Tyler,Higbee,T.Higbee,REG,LA,GB,Tyler Higbee,HigbTy00,0.0,0.0,0.0,128.7
2022,REG,15,00-0031273,C.Brate,TE,TE,TB,12110,5afe93fd-0caf-4cca-83fc-7f405bebfa3e,13470.0,9207.0,2214.0,,17453.0,28267.0,,2132787.0,BratCa00,,10008.0,10193.0,,28267.0,552926.0,16593.0,552926.0,Cameron Brate,cameron brate,2,5,25.0,0,0.0,0.0,53.0,9.0,1.0,-7.999051,0,0.4716981,0.11904762,0.17096774,0.29824886,Cameron Brate,TB,4.170000000000001,2.3591542645247356,10.526000000000002,16.752610134963078,40.0,25.0,0.0,6.100000000000001,5.49935631506014,0.6006436849398611,00-0031273,Cameron,Brate,C.Brate,REG,TB,CIN,Cameron Brate,BratCa00,0.0,0.0,0.0,16.7
2022,REG,15,00-0036290,C.Kmet,TE,TE,CHI,14867,036feeb6-9a22-43c5-a8e3-7ac611d8ff49,19229.0,60995.0,6826.0,,4258595.0,32713.0,,2868619.0,KmetCo00,cole-kmet-1,14436.0,,569.0,32713.0,0.0,21772.0,1066765.0,Cole Kmet,cole kmet,4,5,25.0,0,0.0,0.0,18.0,25.0,1.0,0.05592693,0,1.3888888,0.23809524,0.11392405,0.43688968,Cole Kmet,CHI,7.969999999999999,4.006292438919488,3.7580000000000013,12.47344662772172,80.0,25.0,0.0,5.992499999999998,6.670365533548921,-0.677865533548923,00-0036290,Cole,Kmet,C.Kmet,REG,CHI,PHI,Cole Kmet,KmetCo00,0.0,0.0,0.0,87.5
2022,REG,15,00-0033858,J.Smith,TE,TE,NE,13193,e4f25a37-74de-4bfb-b6c9-f50a4fab0b87,16460.0,11855.0,4144.0,,3054212.0,30213.0,,2081506.0,SmitJo01,jonnu-smith-1,11807.0,12344.0,84.0,30213.0,743749.0,18990.0,743749.0,Jonnu Smith,jonnu smith,2,3,24.0,0,0.0,0.0,19.0,6.0,2.0,1.2273042,0,1.2631578,0.1,0.065743946,0.19602077,,,,,,,,,,,,,,,,,REG,NE,LV,Jonnu Smith,SmitJo01,0.0,0.0,0.0,91.0
2022,REG,15,00-0034364,J.Akins,TE,TE,HOU,13753,0cb5a32a-a340-4671-ba2a-93f5fa6aee8d,17415.0,47050.0,5032.0,,3128452.0,31068.0,,2142712.0,AkinJo00,jordan-akins-1,12568.0,13238.0,,31068.0,838396.0,19903.0,838396.0,Jordan Akins,jordan akins,3,6,22.0,1,0.0,0.0,40.0,7.0,1.0,0.8544787,0,0.55,0.22222222,0.16806723,0.4509804,Jordan Akins,HOU,7.25,2.138498011697133,7.643333333333334,19.153823664536606,50.0,22.0,1.0,1.4133333333333316,3.6332423166744214,-2.2199089833410897,00-0034364,Jordan,Akins,J.Akins,REG,HOU,KC,Jordan Akins,AkinJo00,0.0,1.0,0.167,98.6
2022,REG,15,00-0031585,M.Pruitt,TE,TE,ATL,12309,f22b34cf-6ecf-4522-9c77-1da275dfda7d,13964.0,9576.0,2446.0,,2508256.0,28531.0,,1760327.0,PruiMy00,,10251.0,10522.0,,28531.0,552586.0,16903.0,552586.0,MyCole Pruitt,mycole pruitt,2,3,20.0,0,0.0,0.0,17.0,13.0,1.0,-0.5418599,0,1.1764706,0.115384616,0.07172996,0.2232879,,,,,,,,,,,,,,,,,REG,ATL,NO,MyCole Pruitt,PruiMy00,0.0,1.0,0.333,85.4
2022,REG,15,00-0034981,F.Moreau,TE,TE,LV,14239,9c3a67fd-5c6e-4689-9e08-9ff6d4db6c9a,18397.0,47043.0,5985.0,,3843945.0,31969.0,,2180634.0,MoreFo00,foster-moreau-1,13822.0,14154.0,179.0,31969.0,865573.0,20884.0,865573.0,Foster Moreau,foster moreau,2,2,20.0,0,0.0,0.0,12.0,8.0,0.0,0.271046,0,1.6666666,0.0625,0.02660754,0.112375274,,,,,,,,,,,,,,,,,REG,LV,NE,Foster Moreau,MoreFo00,0.0,0.0,0.0,108.3
2022,REG,15,00-0037005,T.Tremble,TE,TE,CAR,15332,cbee2fd3-e5f2-4316-bffd-531f1873f032,22795.0,84025.0,7694.0,,4372780.0,33471.0,,2969027.0,TremTo00,tommy-tremble-1,15371.0,,1054.0,33471.0,0.0,,1130555.0,Tommy Tremble,tommy tremble,2,3,20.0,0,0.0,0.0,18.0,10.0,1.0,0.8789608,0,1.1111112,0.15789473,0.08411215,0.2957206,,,,,,,,,,,,,,,,,REG,CAR,PIT,Tommy Tremble,TremTo00,0.0,0.0,0.0,85.4
2022,REG,15,00-0037569,P.Hendershot,TE,TE,DAL,16000,944893b0-d30e-11ec-8b77-45b1765fd110,22971.0,,8197.0,,4258248.0,34607.0,,2867545.0,HendPe01,,16041.0,,,34607.0,0.0,,1065138.0,Peyton Hendershot,peyton hendershot,1,1,20.0,1,0.0,0.0,20.0,0.0,1.0,3.038826,0,1.0,0.033333335,0.077220075,0.104054056,,,,,,,,,,,,,,,,,REG,DAL,JAX,Peyton Hendershot,HendPe01,0.0,0.0,0.0,158.3
2022,REG,15,00-0038129,C.Otton,TE,TE,TB,15802,f23517bd-ae85-484a-8ecb-1f7a2d851e48,23181.0,,8111.0,,4243331.0,34062.0,,2815179.0,OttoCa00,cade-otton-1,16032.0,,1261.0,34062.0,0.0,,1049263.0,Cade Otton,cade otton,1,1,20.0,0,0.0,0.0,3.0,17.0,1.0,1.2553908,0,6.6666665,0.023809524,0.009677419,0.042488478,,,,,,,,,,,,,,,,,REG,TB,CIN,Cade Otton,OttoCa00,1.0,0.0,0.0,118.7
2022,REG,15,00-0037838,I.Likely,TE,TE,BAL,15798,f9279edb-cfa7-4f7d-91df-b81cbf3e133e,23781.0,,8131.0,,4361050.0,34095.0,,2961906.0,LikeIs00,isaiah-likely-1,16033.0,,1257.0,34095.0,0.0,,1125111.0,Isaiah Likely,isaiah likely,2,3,18.0,0,0.0,0.0,15.0,8.0,1.0,0.83356375,0,1.2,0.10714286,0.083798885,0.21937351,,,,,,,,,,,,,,,,,REG,BAL,CLE,Isaiah Likely,LikeIs00,0.0,1.0,0.333,82.6
2022,REG,15,00-0032394,N.Vannett,TE,TE,NYG,12680,c731aa8a-778b-4ccd-a19f-517eb66f47b7,15645.0,10728.0,3258.0,,2576399.0,29328.0,,1871322.0,VannNi00,nick-vannett-1,10949.0,11329.0,,29328.0,606488.0,18019.0,606488.0,Nick Vannett,nick vannett,1,1,15.0,0,0.0,0.0,2.0,13.0,1.0,1.4321978,0,7.5,0.033333335,0.018018018,0.062612616,,,,,,,,,,,,,,,,,REG,NYG,WAS,Nick Vannett,VannNi00,0.0,0.0,0.0,118.7
2022,REG,15,00-0034383,D.Schultz,TE,TE,DAL,13772,8caec1b4-e0b6-4a84-b8c8-617d6e91ef6a,17349.0,47304.0,5001.0,,3117256.0,31107.0,,2136748.0,SchuDa00,dalton-schultz-1,12514.0,13198.0,487.0,31107.0,830523.0,19920.0,830523.0,Dalton Schultz,dalton schultz,2,4,15.0,0,0.0,0.0,32.0,9.0,1.0,-1.6438175,0,0.46875,0.13333334,0.12355212,0.28648648,,,,,,,,,,,,,,,,,REG,DAL,JAX,Dalton Schultz,SchuDa00,1.0,0.0,0.0,19.8
2022,REG,15,00-0024243,M.Lewis,TE,TE,GB,8269,9c21e9af-681c-41ef-9b00-fbc9e1668ed1,9413.0,2973.0,111.0,marcedeslewis/2495888,9614.0,7777.0,4007.0,415313.0,LewiMa00,marcedes-lewis-1,4891.0,3615.0,,7777.0,214197.0,3061.0,214197.0,Marcedes Lewis,marcedes lewis,1,1,14.0,0,0.0,0.0,7.0,7.0,1.0,1.2386492,0,2.0,0.035714287,0.050724637,0.08907867,,,,,,,,,,,,,,,,,REG,GB,LA,Marcedes Lewis,LewiMa00,0.0,0.0,0.0,118.7
2022,REG,15,00-0036590,Q.Morris,TE,TE,BUF,15341,eab74cbc-ed11-46b3-bd16-1d4c997adc22,22820.0,61182.0,7536.0,,4244049.0,33819.0,,2864581.0,,,15460.0,,,33819.0,0.0,,1059680.0,Quintin Morris,quintin morris,1,1,14.0,1,0.0,0.0,14.0,0.0,1.0,1.8455529,0,1.0,0.02631579,0.033492822,0.06291866,,,,,,,,,,,,,,,,,,,,,,,,,
2022,REG,15,00-0034159,W.Dissly,TE,TE,SEA,13763,383f4814-6836-4766-a297-fc063e8509cc,18049.0,30762.0,5010.0,,3127292.0,31090.0,,2139628.0,DissWi00,will-dissly-1,12986.0,13246.0,86.0,31090.0,837806.0,19950.0,837806.0,Will Dissly,will dissly,1,1,13.0,0,0.0,0.0,7.0,6.0,1.0,0.6071294,0,1.8571428,0.024390243,0.037837837,0.063071854,,,,,,,,,,,,,,,,,REG,SEA,SF,Will Dissly,DissWi00,1.0,0.0,0.0,118.7
2022,REG,15,00-0035249,J.Oliver,TE,TE,BAL,14209,dc83f7af-7b30-4c4a-9c93-f67bd8db954b,18487.0,47083.0,5973.0,,3921690.0,31901.0,,2184618.0,OlivJo00,josh-oliver-1,13786.0,14127.0,7.0,31901.0,881779.0,20899.0,881779.0,Josh Oliver,josh oliver,2,2,13.0,0,0.0,0.0,2.0,11.0,0.0,0.18120857,0,6.5,0.071428575,0.011173184,0.11496408,,,,,,,,,,,,,,,,,REG,BAL,CLE,Josh Oliver,OlivJo00,1.0,0.0,0.0,93.7
2022,REG,15,00-0037282,J.Mitchell,TE,TE,DET,15909,f461da0c-f764-414c-9e0d-2f02e22a68d8,23174.0,,8170.0,,4361988.0,34133.0,,2963242.0,MitcJa00,james-mitchell-2,16035.0,,,34133.0,0.0,,1123712.0,James Mitchell,james mitchell,2,2,12.0,0,0.0,0.0,6.0,6.0,1.0,0.50536317,0,2.0,0.055555556,0.03141361,0.10532286,,,,,,,,,,,,,,,,,REG,DET,NYJ,James Mitchell,MitcJa00,0.0,0.0,0.0,91.7
2022,REG,15,00-0031558,M.Williams,TE,TE,ARI,12206,52f4a43a-64a9-4d69-a9e2-28bd60f68e49,13919.0,9488.0,2360.0,,2970726.0,28443.0,,1983769.0,WillMa04,maxx-williams-1,10128.0,10298.0,,28443.0,651658.0,16816.0,651658.0,Maxx Williams,maxx williams,2,2,11.0,0,0.0,0.0,9.0,2.0,0.0,0.35472098,0,1.2222222,0.057142857,0.036885247,0.111533955,,,,,,,,,,,,,,,,,REG,ARI,DEN,Maxx Williams,WillMa04,0.0,0.0,0.0,89.6
2022,REG,15,00-0037252,G.Dulcich,TE,TE,DEN,15797,b9e4a022-d15c-4cef-9879-170277f17207,23153.0,,8172.0,,4367209.0,34036.0,,2964274.0,DulcGr00,greg-dulcich-1,15891.0,,,34036.0,0.0,,1128085.0,Greg Dulcich,greg dulcich,1,2,11.0,0,0.0,0.0,3.0,4.0,1.0,0.37813476,0,3.6666667,0.07692308,0.02586207,0.13348806,,,,,,,,,,,,,,,,,REG,DEN,ARI,Greg Dulcich,DulcGr00,0.0,0.0,0.0,66.7
2022,REG,15,00-0033090,H.Henry,TE,TE,NE,12676,705899da-3c20-4bc3-b5d0-2e6e40655131,15561.0,10669.0,3214.0,,3046439.0,29269.0,,2079848.0,HenrHu00,hunter-henry-1,10735.0,11299.0,212.0,29269.0,744425.0,17975.0,744425.0,Hunter Henry,hunter henry,2,4,9.0,0,0.0,0.0,3.0,16.0,0.0,-3.1856172,0,3.0,0.13333334,0.010380623,0.20726644,,,,,,,,,,,,,,,,,REG,NE,LV,Hunter Henry,HenrHu00,0.0,1.0,0.25,56.2
2022,REG,15,00-0036556,B.Jordan,TE,TE,HOU,15330,8ffb5c07-4aa1-4796-b1ab-30c1ab0ccc4c,20162.0,77887.0,7568.0,,4362504.0,33535.0,,2964787.0,JordBr00,brevin-jordan-1,15369.0,,1052.0,33535.0,0.0,,1121871.0,Brevin Jordan,brevin jordan,1,1,9.0,0,0.0,0.0,9.0,0.0,1.0,1.8831587,0,1.0,0.037037037,0.037815128,0.08202615,,,,,,,,,,,,,,,,,REG,HOU,KC,Brevin Jordan,JordBr00,0.0,0.0,0.0,104.2
2022,REG,15,00-0037277,T.Quitoriano,TE,TE,HOU,15905,06cb6aff-c81e-4553-95ba-467187f408d4,24182.0,,8227.0,,4374045.0,34126.0,,2965963.0,QuitTe00,teagan-quitoriano-1,16034.0,,,34126.0,0.0,,1128538.0,Teagan Quitoriano,teagan quitoriano,1,2,8.0,1,0.0,0.0,12.0,0.0,1.0,1.5156244,0,0.6666667,0.074074075,0.05042017,0.14640523,,,,,,,,,,,,,,,,,REG,HOU,KC,Teagan Quitoriano,QuitTe00,0.0,0.0,0.0,100.0
2022,REG,15,00-0033246,J.Mundt,TE,TE,MIN,13940,6414998b-5831-44aa-8bd8-39e42a323c2c,16743.0,12206.0,4314.0,,3052096.0,30373.0,,2818622.0,MundJo00,,12316.0,12525.0,,30373.0,740704.0,19165.0,740704.0,Johnny Mundt,johnny mundt,1,1,7.0,0,0.0,0.0,0.0,7.0,0.0,0.27236933,0,0.0,0.018518519,0.0,0.027777778,,,,,,,,,,,,,,,,,REG,MIN,IND,Johnny Mundt,MundJo00,0.0,0.0,0.0,95.8
2022,REG,15,00-0034270,T.Conklin,TE,TE,NYJ,13675,f0d17dfa-ebf3-416c-a8d2-c6bc30675103,17598.0,47327.0,5133.0,,3915486.0,31220.0,,2165249.0,ConkTy00,tyler-conklin-1,12809.0,13220.0,489.0,31127.0,861278.0,19988.0,861278.0,Tyler Conklin,tyler conklin,1,2,7.0,0,0.0,0.0,12.0,1.0,1.0,0.6447423,0,0.5833333,0.05882353,0.024340771,0.105273835,,,,,,,,,,,,,,,,,REG,NYJ,DET,Tyler Conklin,ConkTy00,0.0,0.0,0.0,58.3
2022,REG,15,00-0036232,H.Bryant,TE,TE,CLE,14875,f58a5899-8b78-46e8-a29a-ba6273b7d872,19389.0,26394.0,6850.0,,4040774.0,32785.0,,2241240.0,BryaHa00,harrison-bryant-1,14576.0,,752.0,32785.0,0.0,21783.0,916467.0,Harrison Bryant,harrison bryant,2,2,7.0,0,0.0,0.0,6.0,1.0,0.0,-0.6444583,0,1.1666666,0.07692308,0.05357143,0.15288462,,,,,,,,,,,,,,,,,REG,CLE,BAL,Harrison Bryant,BryaHa00,0.0,0.0,0.0,81.2
2022,REG,15,00-0031260,L.Thomas,TE,TE,WAS,11647,b24625a0-d402-4d59-a778-aa4b073bfe5e,12095.0,8755.0,2251.0,loganthomas/2543767,16813.0,27648.0,,1691193.0,ThomLo00,logan-thomas-1,9323.0,9354.0,,27648.0,507528.0,16656.0,507528.0,Logan Thomas,logan thomas,1,3,6.0,0,0.0,0.0,32.0,6.0,0.0,-0.652314,0,0.1875,0.11111111,0.09667674,0.23434038,,,,,,,,,,,,,,,,,REG,WAS,NYG,Logan Thomas,ThomLo00,0.0,0.0,0.0,42.4
2022,REG,15,00-0036741,J.Stoll,TE,TE,PHI,15541,0560d134-d316-4cda-9d48-34d32267af68,23193.0,42058.0,7946.0,,4034862.0,33891.0,,2239684.0,StolJa00,,15510.0,,,33891.0,0.0,,911985.0,Jack Stoll,jack stoll,1,1,6.0,0,0.0,0.0,5.0,1.0,0.0,0.24661633,0,1.2,0.027027028,0.010729614,0.04805127,,,,,,,,,,,,,,,,,REG,PHI,CHI,Jack Stoll,StolJa00,0.0,0.0,0.0,91.7
2022,REG,15,00-0033576,E.Saubert,TE,TE,DEN,13315,582dc00e-e7ec-4ca7-bff0-f7b1d604017b,16706.0,11929.0,4189.0,,2975863.0,30287.0,,2001018.0,SaubEr00,,11897.0,12300.0,,30287.0,694931.0,19035.0,694931.0,Eric Saubert,eric saubert,1,2,5.0,0,0.0,0.0,26.0,3.0,0.0,-4.196225,0,0.1923077,0.07692308,0.22413793,0.27228117,,,,,,,,,,,,,,,,,REG,DEN,ARI,Eric Saubert,SaubEr00,0.0,0.0,0.0,16.7
2022,REG,15,00-0034829,M.Gesicki,TE,TE,MIA,13672,1012cbe0-7eba-4169-bfca-183a0204e1a7,17272.0,47153.0,4993.0,,3116164.0,31012.0,,2139298.0,GesiMi00,mike-gesicki-1,12764.0,13104.0,330.0,31012.0,836152.0,19853.0,836152.0,Mike Gesicki,mike gesicki,1,1,5.0,0,0.0,0.0,3.0,2.0,0.0,-0.22787683,0,1.6666666,0.033333335,0.012096774,0.058467742,,,,,,,,,,,,,,,,,REG,MIA,BUF,Mike Gesicki,GesiMi00,0.0,0.0,0.0,87.5
2022,REG,15,00-0033757,R.Tonyan,TE,TE,GB,13427,7c9c7800-69d0-459b-812b-a07ac48e9f2a,16502.0,12193.0,4602.0,,2975674.0,30777.0,,2820026.0,TonyRo00,,12389.0,12868.0,,30777.0,660151.0,19491.0,660151.0,Robert Tonyan,robert tonyan,1,2,4.0,0,0.0,0.0,11.0,4.0,1.0,0.76893175,0,0.36363637,0.071428575,0.07971015,0.16293997,,,,,,,,,,,,,,,,,REG,GB,LA,Robert Tonyan,TonyRo00,1.0,0.0,0.0,56.2
2022,REG,15,00-0035222,Z.Gentry,TE,TE,PIT,14240,58f18567-a050-49c4-aeca-b34499338b37,18690.0,36049.0,6018.0,,3929924.0,31973.0,,2185708.0,GentZa00,zach-gentry-2,13511.0,14247.0,,31973.0,883079.0,20770.0,883079.0,Zach Gentry,zach gentry,1,1,4.0,0,0.0,0.0,-2.0,6.0,0.0,-0.03179459,0,0.0,0.04761905,-0.0124223605,0.06273292,,,,,,,,,,,,,,,,,REG,PIT,CAR,Zach Gentry,GentZa00,0.0,0.0,0.0,83.3
2022,REG,15,00-0036534,S.Zylstra,TE,TE,DET,15604,0cafaac9-20fb-4e5a-9362-158d8a4e7904,23461.0,,8041.0,,4608362.0,33803.0,,2668830.0,ZylsSh00,,15701.0,,,33803.0,0.0,,1284247.0,Shane Zylstra,shane zylstra,1,1,4.0,0,0.0,0.0,4.0,0.0,0.0,-0.34948027,0,1.0,0.027777778,0.020942409,0.056326352,,,,,,,,,,,,,,,,,REG,DET,NYJ,Shane Zylstra,ZylsSh00,0.0,0.0,0.0,83.3
2022,REG,15,00-0038115,D.Bellinger,TE,TE,NYG,15873,42a1c03e-790e-46ba-b0d5-d304e44c02c7,24238.0,,8225.0,,4361516.0,34068.0,,2963615.0,BellDa00,daniel-bellinger-1,16036.0,,1322.0,34068.0,0.0,,1122035.0,Daniel Bellinger,daniel bellinger,1,4,4.0,0,0.0,0.0,19.0,1.0,0.0,-2.1320887,0,0.21052632,0.13333334,0.17117117,0.3198198,,,,,,,,,,,,,,,,,REG,NYG,WAS,Daniel Bellinger,BellDa00,0.0,1.0,0.25,39.6
2022,REG,15,00-0033217,M.Alie-Cox,TE,TE,IND,13246,8809c0dd-786b-4255-a7d0-333c9498c19a,16579.0,12078.0,4054.0,moalie-cox/2558832,2998565.0,30112.0,,2815925.0,AlieMo00,,12196.0,12221.0,195.0,30112.0,712506.0,18900.0,712506.0,Mo Alie-Cox,mo alie-cox,0,1,0.0,0,0.0,0.0,7.0,0.0,0.0,-0.45256802,0,0.0,0.032258064,0.027888447,0.06790901,,,,,,,,,,,,,,,,,REG,IND,MIN,Mo Alie-Cox,AlieMo00,0.0,0.0,0.0,39.6
2022,REG,15,00-0033455,A.Firkser,TE,TE,ATL,13919,b0719e3d-199b-46e5-a2b4-1091f6fd5c0d,16787.0,51837.0,4435.0,,3049698.0,30571.0,,2818971.0,FirkAn00,,12235.0,12691.0,,30571.0,767297.0,19296.0,767297.0,Anthony Firkser,anthony firkser,0,2,0.0,0,0.0,0.0,22.0,0.0,0.0,-2.9986403,0,0.0,0.07692308,0.09282701,0.18036352,,,,,,,,,,,,,,,,,REG,ATL,NO,Anthony Firkser,FirkAn00,0.0,0.0,0.0,39.6
2022,REG,15,00-0035547,J.Fortson,TE,TE,KC,15070,a01ffd42-5fdb-42f8-95ab-157025e3fba8,18831.0,94384.0,6665.0,,4408854.0,32600.0,,3117124.0,FortJo01,,14306.0,,,32600.0,0.0,21383.0,1167484.0,Jody Fortson,jody fortson,0,1,0.0,0,0.0,0.0,4.0,0.0,0.0,-0.8698154,0,0.0,0.024390243,0.017621145,0.04892017,,,,,,,,,,,,,,,,,REG,KC,HOU,Jody Fortson,FortJo01,0.0,0.0,0.0,39.6
2022,REG,15,00-0036244,C.Parkinson,TE,TE,SEA,14871,1ea7affb-e5e7-491a-aaa3-55e200b2eb48,19372.0,52266.0,6865.0,,4242557.0,32803.0,,2867522.0,ParkCo02,colby-parkinson-1,14463.0,,565.0,32803.0,0.0,21807.0,1060312.0,Colby Parkinson,colby parkinson,0,1,0.0,0,0.0,0.0,19.0,0.0,0.0,-0.60887235,0,0.0,0.024390243,0.1027027,0.10847726,,,,,,,,,,,,,,,,,REG,SEA,SF,Colby Parkinson,ParkCo02,0.0,0.0,0.0,39.6
2022,REG,15,00-0036422,A.Trautman,TE,TE,NO,14870,4e14183b-f974-4745-9d7f-8f5eb2a92a7d,19423.0,109795.0,6869.0,,3911853.0,32775.0,,2182228.0,TrauAd00,,14541.0,,566.0,32775.0,0.0,21786.0,875444.0,Adam Trautman,adam trautman,0,1,0.0,0,0.0,0.0,8.0,0.0,0.0,-0.5557278,0,0.0,0.05263158,0.03960396,0.10667014,,,,,,,,,,,,,,,,,REG,NO,ATL,Adam Trautman,TrauAd00,0.0,0.0,0.0,39.6
2022,REG,15,00-0036825,F.Franks,TE,TE,ATL,15244,79a849be-0552-4da9-89ff-11d20a7a764a,20081.0,40217.0,7531.0,,4034948.0,33729.0,,2221829.0,,,15324.0,,,33729.0,0.0,,910377.0,Feleipe Franks,feleipe franks,0,0,0.0,0,0.0,0.0,0.0,0.0,0.0,,0,,,,,,,,,,,,,,,,,,,,,,,,,,,,,
2022,REG,15,00-0037086,G.Calcaterra,TE,TE,PHI,15804,f6988cfa-2dcf-490b-ac80-9af8e4292efa,24180.0,,8177.0,,4241374.0,34154.0,,2804129.0,CalcGr00,grant-calcaterra-1,16039.0,,,34154.0,0.0,,976221.0,Grant Calcaterra,grant calcaterra,0,2,0.0,0,0.0,0.0,24.0,0.0,0.0,-1.1305355,0,0.0,0.054054055,0.051502146,0.11713258,,,,,,,,,,,,,,,,,REG,PHI,CHI,Grant Calcaterra,CalcGr00,0.0,0.0,0.0,39.6
2022,REG,15,00-0034798,D.Smythe,TE,TE,MIA,13676,7e42a22a-c47b-4387-aeeb-2cc2e76dc1d8,17508.0,47257.0,5008.0,,3052897.0,31093.0,,2082845.0,SmytDu00,durham-smythe-1,12807.0,13249.0,,31093.0,749968.0,19943.0,749968.0,Durham Smythe,durham smythe,1,1,-2.0,0,0.0,0.0,-2.0,0.0,0.0,-1.9111958,0,0.0,0.033333335,-0.008064516,0.044354837,,,,,,,,,,,,,,,,,REG,MIA,BUF,Durham Smythe,SmytDu00,0.0,0.0,0.0,79.2
2022,REG,16,00-0033288,G.Kittle,TE,TE,SF,13299,2ada91b0-036e-454f-83c3-6d939ff584a9,16499.0,11901.0,4217.0,,3040151.0,30259.0,,2818265.0,KittGe00,george-kittle-1,11892.0,12276.0,298.0,30259.0,733672.0,19063.0,733672.0,George Kittle,george kittle,6,8,120.0,2,0.0,0.0,65.0,49.0,5.0,13.262532,0,1.8461539,0.3809524,0.39156628,0.84552497,George Kittle,SF,6.098333333333333,3.84561158886489,11.012499999999998,47.25887780281085,75.0,120.0,2.0,8.371666666666666,5.08346049422111,3.2882061724455562,00-0033288,George,Kittle,G.Kittle,REG,SF,WAS,George Kittle,KittGe00,0.0,0.0,0.0,156.2
2022,REG,16,00-0030506,T.Kelce,TE,TE,KC,11244,c3859e06-5f23-4302-a71b-04820a899d5f,11594.0,7844.0,1466.0,traviskelce/2540258,15847.0,26686.0,,1725130.0,KelcTr00,travis-kelce-1,8783.0,8411.0,264.0,26686.0,448240.0,15048.0,448240.0,Travis Kelce,travis kelce,6,8,113.0,0,0.0,0.0,83.0,52.0,4.0,3.9520721,0,1.3614458,0.2962963,0.41919193,0.7378788,Travis Kelce,KC,4.9719999999999995,2.1996634918870344,10.341249999999999,43.544397073530185,75.0,113.0,0.0,8.906666666666668,5.765322482157899,3.1413441845087693,00-0030506,Travis,Kelce,T.Kelce,REG,KC,SEA,Travis Kelce,KelcTr00,0.0,0.0,0.0,116.7
2022,REG,16,00-0033881,E.Engram,TE,TE,JAX,13189,e21365af-8d66-416e-b0a5-8816d18fcfd9,16411.0,11778.0,4066.0,,3051876.0,30136.0,,2079887.0,EngrEv00,evan-engram-1,11805.0,12205.0,229.0,30136.0,749185.0,18912.0,749185.0,Evan Engram,evan engram,7,8,113.0,0,0.0,0.0,32.0,95.0,4.0,7.669661,0,3.53125,0.26666668,0.20779221,0.54545456,Evan Engram,JAX,8.123333333333333,3.1309073722397387,3.473749999999999,19.865608692544136,87.5,113.0,0.0,14.02714285714286,7.851180104250618,6.175962752892241,00-0033881,Evan,Engram,E.Engram,REG,JAX,NYJ,Evan Engram,EngrEv00,0.0,0.0,0.0,118.7
2022,REG,16,00-0035229,T.Hockenson,TE,TE,MIN,14138,bd1120b6-38b3-4225-a4b0-20660a149d0d,18290.0,40912.0,5844.0,,4036133.0,31840.0,,2251097.0,HockTJ00,tj-hockenson-1,13610.0,14051.0,247.0,31840.0,923915.0,20805.0,923915.0,T.J. Hockenson,tj hockenson,13,16,109.0,2,0.0,0.0,135.0,47.0,6.0,3.0586054,0,0.8074074,0.34042552,0.41925466,0.80411655,T.J. Hockenson,MIN,5.522142857142859,2.933070479204477,8.811875,42.01382680731867,81.25,109.0,2.0,3.599230769230769,3.2862198106305196,0.3130109586002492,00-0035229,Thomas,Hockenson,T.Hockenson,REG,MIN,NYG,T.J. Hockenson,HockTJ00,0.0,0.0,0.0,134.6
2022,REG,16,00-0033110,T.Higbee,TE,TE,LA,12678,0df7912d-9e81-47ea-b4f7-d04986df4ee8,15623.0,10744.0,3271.0,,2573401.0,29344.0,,1853103.0,HigbTy00,tyler-higbee-1,10854.0,11430.0,159.0,29344.0,604176.0,18032.0,604176.0,Tyler Higbee,tyler higbee,9,11,94.0,2,0.0,0.0,23.0,72.0,6.0,7.86627,0,4.0869565,0.39285713,0.24210526,0.7587594,Tyler Higbee,LAR,5.164,5.202300716212931,2.4954545454545456,25.5610392029053,81.81818181818183,94.0,2.0,8.192222222222222,6.291640570597739,1.9005816516244831,00-0033110,Tyler,Higbee,T.Higbee,REG,LA,DEN,Tyler Higbee,HigbTy00,1.0,0.0,0.0,141.9
2022,REG,16,00-0034351,D.Goedert,TE,TE,PHI,13674,e8029983-87cf-49a2-bc04-04c8233a0630,17270.0,47272.0,5022.0,,3121023.0,31019.0,,2132551.0,GoedDa00,,12860.0,13151.0,382.0,31019.0,791365.0,19863.0,791365.0,Dallas Goedert,dallas goedert,3,3,67.0,0,0.0,0.0,50.0,17.0,3.0,4.8975797,0,1.34,0.0882353,0.13774104,0.22877167,,,,,,,,,,,,,,,,,REG,PHI,DAL,Dallas Goedert,GoedDa00,1.0,0.0,0.0,118.7
2022,REG,16,00-0036894,P.Freiermuth,TE,TE,PIT,15331,04f0fefe-9d9d-44f5-94ea-6df2a42df3c6,20163.0,84085.0,7600.0,,4361411.0,33443.0,,2961270.0,FreiPa00,pat-freiermuth-1,15267.0,,1053.0,33443.0,0.0,,1116662.0,Pat Freiermuth,pat freiermuth,7,8,66.0,0,0.0,0.0,46.0,33.0,3.0,1.5942427,0,1.4347826,0.22222222,0.24468085,0.50460994,Pat Freiermuth,PIT,7.4925,4.131969228754872,5.548749999999999,22.248396150761835,87.5,66.0,0.0,4.815714285714287,4.406077243256618,0.4096370424576685,00-0036894,Pat,Freiermuth,P.Freiermuth,REG,PIT,LV,Pat Freiermuth,FreiPa00,0.0,1.0,0.125,101.0
2022,REG,16,00-0031610,D.Waller,TE,TE,LV,12263,14c97c9f-26e8-4944-9299-f90de6aeada3,14104.0,9637.0,2505.0,,2576925.0,28592.0,,1850793.0,WallDa01,darren-waller-1,10215.0,10433.0,,28592.0,600191.0,16964.0,600191.0,Darren Waller,darren waller,4,5,58.0,0,0.0,0.0,76.0,4.0,2.0,2.7995024,0,0.7631579,0.16666667,0.26950353,0.4386525,Darren Waller,LV,6.858,2.8659462764227177,16.16,29.074160699507047,80.0,58.0,0.0,1.7725000000000009,2.038403191327916,-0.26590319132791507,00-0031610,Darren,Waller,D.Waller,REG,LV,PIT,Darren Waller,WallDa01,0.0,0.0,0.0,115.0
2022,REG,16,00-0036424,B.Hopkins,TE,TE,LA,14868,39cb1520-dda8-4167-95c4-4947c8383bc4,19234.0,47338.0,6926.0,,3918003.0,32806.0,,2183906.0,HopkBr01,brycen-hopkins-1,14586.0,,,32806.0,0.0,21678.0,880294.0,Brycen Hopkins,brycen hopkins,3,3,57.0,0,0.0,0.0,43.0,14.0,3.0,4.612281,0,1.3255814,0.10714286,0.4526316,0.47755638,,,,,,,,,,,,,,,,,REG,LA,DEN,Brycen Hopkins,HopkBr01,2.0,0.0,0.0,118.7
2022,REG,16,00-0034753,M.Andrews,TE,TE,BAL,13671,0618f387-9b72-4270-8b8f-dec4cccc9e4a,17269.0,47436.0,5012.0,,3116365.0,31056.0,,2131121.0,AndrMa00,mark-andrews-1,12559.0,13182.0,366.0,31056.0,820699.0,19803.0,820699.0,Mark Andrews,mark andrews,3,5,45.0,0,0.0,0.0,39.0,14.0,2.0,2.0404136,0,1.1538461,0.3125,0.19897959,0.60803574,Mark Andrews,BAL,7.136,2.0253463581755873,7.688,20.290314067036157,60.0,45.0,0.0,4.810000000000001,4.681341960306933,0.1286580396930681,00-0034753,Mark,Andrews,M.Andrews,REG,BAL,ATL,Mark Andrews,AndrMa00,0.0,0.0,0.0,89.6
2022,REG,16,00-0036244,C.Parkinson,TE,TE,SEA,14871,1ea7affb-e5e7-491a-aaa3-55e200b2eb48,19372.0,52266.0,6865.0,,4242557.0,32803.0,,2867522.0,ParkCo02,colby-parkinson-1,14463.0,,565.0,32803.0,0.0,21807.0,1060312.0,Colby Parkinson,colby parkinson,3,4,45.0,0,0.0,0.0,37.0,11.0,1.0,-2.3932803,0,1.2162162,0.10526316,0.14068441,0.25637382,,,,,,,,,,,,,,,,,REG,SEA,KC,Colby Parkinson,ParkCo02,0.0,0.0,0.0,111.5
2022,REG,16,00-0034383,D.Schultz,TE,TE,DAL,13772,8caec1b4-e0b6-4a84-b8c8-617d6e91ef6a,17349.0,47304.0,5001.0,,3117256.0,31107.0,,2136748.0,SchuDa00,dalton-schultz-1,12514.0,13198.0,487.0,31107.0,830523.0,19920.0,830523.0,Dalton Schultz,dalton schultz,3,4,43.0,0,0.0,0.0,20.0,18.0,2.0,-7.351988,0,2.15,0.114285715,0.07905138,0.22676454,,,,,,,,,,,,,,,,,REG,DAL,PHI,Dalton Schultz,SchuDa00,1.0,0.0,0.0,69.8
2022,REG,16,00-0037755,J.Woods,TE,TE,IND,15840,321af8f8-b4de-4ed2-a86f-7f97a85a13d4,23829.0,,8219.0,,4241410.0,34029.0,,2787078.0,WoodJe01,jelani-woods-1,15821.0,,1305.0,34029.0,0.0,,975503.0,Jelani Woods,jelani woods,3,5,43.0,0,0.0,0.0,84.0,14.0,2.0,-4.4608283,0,0.5119048,0.17857143,0.36051503,0.52021766,Jelani Woods,IND,4.732,3.04633246752869,15.546000000000001,34.23475005505395,60.0,43.0,0.0,4.713333333333334,4.070473852601633,0.6428594807317012,00-0037755,Jelani,Woods,J.Woods,REG,IND,LAC,Jelani Woods,WoodJe01,0.0,0.0,0.0,48.3
2022,REG,16,00-0034364,J.Akins,TE,TE,HOU,13753,0cb5a32a-a340-4671-ba2a-93f5fa6aee8d,17415.0,47050.0,5032.0,,3128452.0,31068.0,,2142712.0,AkinJo00,jordan-akins-1,12568.0,13238.0,,31068.0,838396.0,19903.0,838396.0,Jordan Akins,jordan akins,3,3,39.0,0,0.0,0.0,27.0,12.0,1.0,2.002728,0,1.4444444,0.10344828,0.09375,0.22079742,,,,,,,,,,,,,,,,,REG,HOU,TEN,Jordan Akins,AkinJo00,0.0,0.0,0.0,118.7
2022,REG,16,00-0037252,G.Dulcich,TE,TE,DEN,15797,b9e4a022-d15c-4cef-9879-170277f17207,23153.0,,8172.0,,4367209.0,34036.0,,2964274.0,DulcGr00,greg-dulcich-1,15891.0,,,34036.0,0.0,,1128085.0,Greg Dulcich,greg dulcich,4,8,39.0,1,0.0,0.0,89.0,13.0,2.0,-6.8219385,0,0.43820226,0.23529412,0.24119242,0.52177584,Greg Dulcich,DEN,6.25375,3.664603867884076,12.318750000000001,26.747910107480187,50.0,39.0,1.0,3.554999999999998,3.6198621495559564,-0.06486214955595848,00-0037252,Greg,Dulcich,G.Dulcich,REG,DEN,LA,Greg Dulcich,DulcGr00,0.0,0.0,0.0,64.1
2022,REG,16,00-0035689,D.Knox,TE,TE,BUF,14143,5fb525c5-4e70-4ede-8c49-94ad0cf66b7d,18631.0,35883.0,5906.0,,3930086.0,31928.0,,2186345.0,KnoxDa00,dawson-knox-1,13466.0,13953.0,88.0,31928.0,884083.0,20850.0,884083.0,Dawson Knox,dawson knox,3,5,38.0,1,0.0,0.0,56.0,3.0,2.0,4.1188955,0,0.6785714,0.2,0.19444445,0.43611112,Dawson Knox,BUF,5.772499999999999,2.497741434746119,9.677999999999999,17.294496068620443,60.0,38.0,1.0,2.5366666666666666,2.9013328483767205,-0.3646661817100538,00-0035689,Dawson,Knox,D.Knox,REG,BUF,CHI,Dawson Knox,KnoxDa00,0.0,0.0,0.0,123.3
2022,REG,16,00-0031260,L.Thomas,TE,TE,WAS,11647,b24625a0-d402-4d59-a778-aa4b073bfe5e,12095.0,8755.0,2251.0,loganthomas/2543767,16813.0,27648.0,,1691193.0,ThomLo00,logan-thomas-1,9323.0,9354.0,,27648.0,507528.0,16656.0,507528.0,Logan Thomas,logan thomas,6,8,35.0,0,0.0,0.0,54.0,10.0,2.0,-2.2359474,0,0.6481481,0.23529412,0.17088607,0.47256142,Logan Thomas,WAS,6.566,2.900562670080629,6.197500000000002,16.057259448780645,75.0,35.0,0.0,1.634999999999998,1.994825556166892,-0.35982555616689393,00-0031260,Logan,Thomas,L.Thomas,REG,WAS,SF,Logan Thomas,ThomLo00,0.0,0.0,0.0,82.8
2022,REG,16,00-0035771,M.Wilcox,TE,TE,CIN,15563,b2d98b60-b4b3-4610-81d2-2154c723fdbb,19510.0,47234.0,6894.0,,3923392.0,33171.0,,2188431.0,,,14634.0,,,33171.0,0.0,21800.0,885394.0,Mitchell Wilcox,mitchell wilcox,6,6,35.0,0,0.0,0.0,19.0,16.0,1.0,2.968623,0,1.8421053,0.12244898,0.057057057,0.22361341,Mitchell Wilcox,CIN,6.17,4.956591616562213,2.4716666666666653,4.353314154875827,100.0,35.0,0.0,3.361666666666668,2.975891564683252,0.38577510198341614,00-0035771,Mitchell,Wilcox,M.Wilcox,,,,,,,,,
2022,REG,16,00-0034270,T.Conklin,TE,TE,NYJ,13675,f0d17dfa-ebf3-416c-a8d2-c6bc30675103,17598.0,47327.0,5133.0,,3915486.0,31220.0,,2165249.0,ConkTy00,tyler-conklin-1,12809.0,13220.0,489.0,31127.0,861278.0,19988.0,861278.0,Tyler Conklin,tyler conklin,4,4,34.0,0,0.0,0.0,5.0,29.0,1.0,2.3101275,0,6.8,0.13333334,0.018382354,0.21286765,,,,,,,,,,,,,,,,,REG,NYJ,JAX,Tyler Conklin,ConkTy00,0.0,0.0,0.0,102.1
2022,REG,16,00-0024243,M.Lewis,TE,TE,GB,8269,9c21e9af-681c-41ef-9b00-fbc9e1668ed1,9413.0,2973.0,111.0,marcedeslewis/2495888,9614.0,7777.0,4007.0,415313.0,LewiMa00,marcedes-lewis-1,4891.0,3615.0,,7777.0,214197.0,3061.0,214197.0,Marcedes Lewis,marcedes lewis,2,2,32.0,1,0.0,0.0,30.0,2.0,2.0,4.5564456,0,1.0666667,0.05263158,0.09118541,0.14277716,,,,,,,,,,,,,,,,,REG,GB,MIA,Marcedes Lewis,LewiMa00,0.0,0.0,0.0,158.3
2022,REG,16,00-0037282,J.Mitchell,TE,TE,DET,15909,f461da0c-f764-414c-9e0d-2f02e22a68d8,23174.0,,8170.0,,4361988.0,34133.0,,2963242.0,MitcJa00,james-mitchell-2,16035.0,,,34133.0,0.0,,1123712.0,James Mitchell,james mitchell,2,2,31.0,0,0.0,0.0,15.0,16.0,1.0,2.9304836,0,2.0666666,0.048780486,0.048076924,0.10682458,,,,,,,,,,,,,,,,,REG,DET,CAR,James Mitchell,MitcJa00,0.0,0.0,0.0,118.7
2022,REG,16,00-0032134,C.Uzomah,TE,TE,NYJ,12317,19858900-5c8e-49a7-ab02-34ef625724ca,14084.0,9590.0,2460.0,c.j.uzomah/2552559,2574576.0,28545.0,,2174118.0,UzomC.00,cj-uzomah-1,10462.0,10534.0,,28545.0,593305.0,16917.0,593305.0,C.J. Uzomah,cj uzomah,1,1,30.0,0,0.0,0.0,29.0,1.0,1.0,2.3659084,0,1.0344827,0.033333335,0.106617644,0.12463235,,,,,,,,,,,,,,,,,REG,NYJ,JAX,C.J. Uzomah,UzomC.00,0.0,0.0,0.0,118.7
2022,REG,16,00-0036290,C.Kmet,TE,TE,CHI,14867,036feeb6-9a22-43c5-a8e3-7ac611d8ff49,19229.0,60995.0,6826.0,,4258595.0,32713.0,,2868619.0,KmetCo00,cole-kmet-1,14436.0,,569.0,32713.0,0.0,21772.0,1066765.0,Cole Kmet,cole kmet,5,6,27.0,0,0.0,0.0,15.0,17.0,1.0,-0.6800587,0,1.8,0.24,0.10344828,0.4324138,Cole Kmet,CHI,7.914,4.967682729312434,2.0700000000000003,6.49140228923849,83.33333333333334,27.0,0.0,3.5739999999999994,4.920361173670335,-1.3463611736703354,00-0036290,Cole,Kmet,C.Kmet,REG,CHI,BUF,Cole Kmet,KmetCo00,0.0,1.0,0.167,85.4
2022,REG,16,00-0038115,D.Bellinger,TE,TE,NYG,15873,42a1c03e-790e-46ba-b0d5-d304e44c02c7,24238.0,,8225.0,,4361516.0,34068.0,,2963615.0,BellDa00,daniel-bellinger-1,16036.0,,1322.0,34068.0,0.0,,1122035.0,Daniel Bellinger,daniel bellinger,2,2,27.0,0,1.0,1.0,18.0,9.0,0.0,-5.215238,1,1.5,0.048780486,0.06844106,0.121079475,,,,,,,,,,,,,,,,,REG,NYG,MIN,Daniel Bellinger,BellDa00,0.0,0.0,0.0,118.7
2022,REG,16,00-0036534,S.Zylstra,TE,TE,DET,15604,0cafaac9-20fb-4e5a-9362-158d8a4e7904,23461.0,,8041.0,,4608362.0,33803.0,,2668830.0,ZylsSh00,,15701.0,,,33803.0,0.0,,1284247.0,Shane Zylstra,shane zylstra,5,6,26.0,3,0.0,0.0,27.0,4.0,4.0,6.350305,0,0.962963,0.14634146,0.086538464,0.2800891,Shane Zylstra,DET,4.68,2.793365803127145,8.481666666666664,14.88882387361029,83.33333333333334,26.0,3.0,0.6780000000000015,0.6976745351933005,-0.01967453519329898,00-0036534,Shane,Zylstra,S.Zylstra,REG,DET,CAR,Shane Zylstra,ZylsSh00,0.0,0.0,0.0,124.3
2022,REG,16,00-0034829,M.Gesicki,TE,TE,MIA,13672,1012cbe0-7eba-4169-bfca-183a0204e1a7,17272.0,47153.0,4993.0,,3116164.0,31012.0,,2139298.0,GesiMi00,mike-gesicki-1,12764.0,13104.0,330.0,31012.0,836152.0,19853.0,836152.0,Mike Gesicki,mike gesicki,1,2,24.0,0,0.0,0.0,35.0,2.0,1.0,-0.7568221,0,0.6857143,0.083333336,0.13257575,0.21780303,,,,,,,,,,,,,,,,,REG,MIA,GB,Mike Gesicki,GesiMi00,0.0,0.0,0.0,54.2
2022,REG,16,00-0038041,J.Ferguson,TE,TE,DAL,15799,f46eab3d-d7dd-4420-b3f9-6da9ac1308ab,22718.0,,8110.0,,4242355.0,34085.0,,2867159.0,FergJa00,jake-ferguson-1,15947.0,,1258.0,34085.0,0.0,,1065361.0,Jake Ferguson,jake ferguson,1,1,24.0,0,0.0,0.0,-1.0,25.0,1.0,1.3155453,0,0.0,0.028571429,-0.0039525693,0.040090345,,,,,,,,,,,,,,,,,REG,DAL,PHI,Jake Ferguson,FergJa00,1.0,0.0,0.0,118.7
2022,REG,16,00-0033858,J.Smith,TE,TE,NE,13193,e4f25a37-74de-4bfb-b6c9-f50a4fab0b87,16460.0,11855.0,4144.0,,3054212.0,30213.0,,2081506.0,SmitJo01,jonnu-smith-1,11807.0,12344.0,84.0,30213.0,743749.0,18990.0,743749.0,Jonnu Smith,jonnu smith,3,4,21.0,0,0.0,0.0,14.0,12.0,0.0,-0.61044866,0,1.5,0.12903225,0.035714287,0.21854839,,,,,,,,,,,,,,,,,REG,NE,CIN,Jonnu Smith,SmitJo01,0.0,0.0,0.0,86.5
2022,REG,16,00-0036556,B.Jordan,TE,TE,HOU,15330,8ffb5c07-4aa1-4796-b1ab-30c1ab0ccc4c,20162.0,77887.0,7568.0,,4362504.0,33535.0,,2964787.0,JordBr00,brevin-jordan-1,15369.0,,1052.0,33535.0,0.0,,1121871.0,Brevin Jordan,brevin jordan,2,2,21.0,0,0.0,0.0,5.0,16.0,1.0,1.7847012,0,4.2,0.06896552,0.017361112,0.115601055,,,,,,,,,,,,,,,,,REG,HOU,TEN,Brevin Jordan,JordBr00,0.0,0.0,0.0,110.4
2022,REG,16,00-0032392,A.Hooper,TE,TE,TEN,12677,90c2a93f-d837-4e1b-b57c-56648903a8db,15581.0,10715.0,3202.0,,3043275.0,29315.0,,2067004.0,HoopAu00,austin-hooper-1,10748.0,11301.0,384.0,29315.0,739424.0,17963.0,739424.0,Austin Hooper,austin hooper,2,3,20.0,0,0.0,0.0,24.0,3.0,1.0,-1.1094083,0,0.8333333,0.15,0.27586207,0.41810346,,,,,,,,,,,,,,,,,REG,TEN,HOU,Austin Hooper,HoopAu00,0.0,0.0,0.0,85.4
2022,REG,16,00-0034159,W.Dissly,TE,TE,SEA,13763,383f4814-6836-4766-a297-fc063e8509cc,18049.0,30762.0,5010.0,,3127292.0,31090.0,,2139628.0,DissWi00,will-dissly-1,12986.0,13246.0,86.0,31090.0,837806.0,19950.0,837806.0,Will Dissly,will dissly,1,1,19.0,0,0.0,0.0,8.0,11.0,1.0,1.3879392,0,2.375,0.02631579,0.03041825,0.06076646,,,,,,,,,,,,,,,,,REG,SEA,KC,Will Dissly,DissWi00,0.0,0.0,0.0,118.7
2022,REG,16,00-0034981,F.Moreau,TE,TE,LV,14239,9c3a67fd-5c6e-4689-9e08-9ff6d4db6c9a,18397.0,47043.0,5985.0,,3843945.0,31969.0,,2180634.0,MoreFo00,foster-moreau-1,13822.0,14154.0,179.0,31969.0,865573.0,20884.0,865573.0,Foster Moreau,foster moreau,2,3,19.0,0,0.0,0.0,23.0,11.0,1.0,-3.9387138,0,0.82608694,0.1,0.081560284,0.2070922,,,,,,,,,,,,,,,,,REG,LV,PIT,Foster Moreau,MoreFo00,0.0,1.0,0.333,44.4
2022,REG,16,00-0037005,T.Tremble,TE,TE,CAR,15332,cbee2fd3-e5f2-4316-bffd-531f1873f032,22795.0,84025.0,7694.0,,4372780.0,33471.0,,2969027.0,TremTo00,tommy-tremble-1,15371.0,,1054.0,33471.0,0.0,,1130555.0,Tommy Tremble,tommy tremble,2,2,18.0,0,0.0,0.0,3.0,15.0,1.0,0.726729,0,6.0,0.0952381,0.020833334,0.15744048,,,,,,,,,,,,,,,,,REG,CAR,DET,Tommy Tremble,TremTo00,0.0,0.0,0.0,104.2
2022,REG,16,00-0034011,D.Arnold,TE,TE,JAX,13880,d479a777-b53b-4bbf-a8e4-0c1675ac48df,17143.0,51842.0,4741.0,,4212989.0,30891.0,,2835170.0,ArnoDa00,,12276.0,12972.0,,30891.0,1053627.0,19659.0,1053627.0,Dan Arnold,dan arnold,1,1,17.0,0,0.0,0.0,16.0,1.0,1.0,1.6378514,0,1.0625,0.033333335,0.103896104,0.122727275,,,,,,,,,,,,,,,,,REG,JAX,NYJ,Dan Arnold,ArnoDa00,0.0,0.0,0.0,118.7
2022,REG,16,00-0037744,T.McBride,TE,TE,ARI,15794,734d54cc-c869-4e2f-a60f-c59c493f5110,22936.0,,8130.0,,4361307.0,34010.0,,2963385.0,McBrTr01,trey-mcbride-1,15902.0,,1253.0,34010.0,0.0,,1108161.0,Trey McBride,trey mcbride,3,4,17.0,0,0.0,0.0,16.0,2.0,0.0,-0.40495044,0,1.0625,0.0952381,0.053691275,0.18044104,,,,,,,,,,,,,,,,,REG,ARI,TB,Trey McBride,McBrTr01,0.0,0.0,0.0,82.3
2022,REG,16,00-0033246,J.Mundt,TE,TE,MIN,13940,6414998b-5831-44aa-8bd8-39e42a323c2c,16743.0,12206.0,4314.0,,3052096.0,30373.0,,2818622.0,MundJo00,,12316.0,12525.0,,30373.0,740704.0,19165.0,740704.0,Johnny Mundt,johnny mundt,1,1,16.0,0,0.0,0.0,-1.0,17.0,1.0,1.2692223,0,0.0,0.021276595,-0.0031055901,0.02974098,,,,,,,,,,,,,,,,,REG,MIN,NYG,Johnny Mundt,MundJo00,0.0,0.0,0.0,118.7
2022,REG,16,00-0033885,D.Njoku,TE,TE,CLE,13192,8f86fcea-90e8-49ea-bc78-5c7659313e57,16399.0,11784.0,4033.0,,3123076.0,30142.0,,2136474.0,NjokDa00,david-njoku-1,11734.0,12186.0,252.0,30142.0,832098.0,18876.0,832098.0,David Njoku,david njoku,2,5,14.0,0,0.0,0.0,58.0,6.0,0.0,-3.3409271,0,0.2413793,0.18518518,0.21167883,0.42595297,David Njoku,CLE,6.580000000000001,2.719557972846668,9.758,17.755376833218094,40.0,14.0,0.0,3.3649999999999984,3.0225767843857057,0.3424232156142928,00-0033885,David,Njoku,D.Njoku,REG,CLE,NO,David Njoku,NjokDa00,0.0,0.0,0.0,47.9
2022,REG,16,00-0033757,R.Tonyan,TE,TE,GB,13427,7c9c7800-69d0-459b-812b-a07ac48e9f2a,16502.0,12193.0,4602.0,,2975674.0,30777.0,,2820026.0,TonyRo00,,12389.0,12868.0,,30777.0,660151.0,19491.0,660151.0,Robert Tonyan,robert tonyan,1,2,13.0,0,0.0,0.0,11.0,2.0,1.0,0.4490635,0,1.1818181,0.05263158,0.03343465,0.10235162,,,,,,,,,,,,,,,,,REG,GB,MIA,Robert Tonyan,TonyRo00,0.0,0.0,0.0,70.8
2022,REG,16,00-0034365,I.Thomas,TE,TE,CAR,13678,ed8a8fd2-df67-45e7-a34f-984afb82f6ea,17387.0,42130.0,4995.0,,4045305.0,31071.0,,2253359.0,ThomIa00,ian-thomas-3,12858.0,13163.0,323.0,31071.0,943093.0,19910.0,943093.0,Ian Thomas,ian thomas,1,3,12.0,0,0.0,0.0,7.0,12.0,1.0,-0.65748864,0,1.7142857,0.14285715,0.048611112,0.24831349,,,,,,,,,,,,,,,,,REG,CAR,DET,Ian Thomas,ThomIa00,0.0,1.0,0.333,46.5
2022,REG,16,00-0035644,N.Fant,TE,TE,SEA,14137,cdc98acc-9eb6-4b44-81bb-61d7b8a3b55f,17527.0,42388.0,5857.0,,4036131.0,31852.0,,2251095.0,FantNo00,noah-fant-1,13426.0,14050.0,243.0,31852.0,923911.0,20753.0,923911.0,Noah Fant,noah fant,2,3,12.0,1,0.0,0.0,18.0,0.0,1.0,0.9536318,0,0.6666667,0.078947365,0.06844106,0.1663298,,,,,,,,,,,,,,,,,REG,SEA,KC,Noah Fant,FantNo00,0.0,0.0,0.0,113.9
2022,REG,16,00-0038129,C.Otton,TE,TE,TB,15802,f23517bd-ae85-484a-8ecb-1f7a2d851e48,23181.0,,8111.0,,4243331.0,34062.0,,2815179.0,OttoCa00,cade-otton-1,16032.0,,1261.0,34062.0,0.0,,1049263.0,Cade Otton,cade otton,2,7,12.0,0,0.0,0.0,32.0,2.0,0.0,-3.1387773,0,0.375,0.14583333,0.14096916,0.3174284,Cade Otton,TB,4.8260000000000005,2.4342240173147123,3.7942857142857145,11.548328188182094,28.57142857142857,12.0,0.0,1.4450000000000003,2.5638329195285223,-1.118832919528522,00-0038129,Cade,Otton,C.Otton,REG,TB,ARI,Cade Otton,OttoCa00,0.0,2.0,0.286,39.6
2022,REG,16,00-0036754,B.Wright,TE,TE,DET,15626,8f182089-7730-499e-8f2e-87bda32debfb,23341.0,60994.0,7891.0,,4242392.0,33774.0,,2807423.0,WrigBr01,,15681.0,,1162.0,33774.0,0.0,,978120.0,Brock Wright,brock wright,1,1,11.0,0,0.0,0.0,2.0,9.0,1.0,1.250939,0,5.5,0.024390243,0.0064102565,0.041072544,,,,,,,,,,,,,,,,,REG,DET,CAR,Brock Wright,WrigBr01,0.0,0.0,0.0,112.5
2022,REG,16,00-0033455,A.Firkser,TE,TE,ATL,13919,b0719e3d-199b-46e5-a2b4-1091f6fd5c0d,16787.0,51837.0,4435.0,,3049698.0,30571.0,,2818971.0,FirkAn00,,12235.0,12691.0,,30571.0,767297.0,19296.0,767297.0,Anthony Firkser,anthony firkser,2,3,10.0,0,0.0,0.0,12.0,0.0,0.0,-2.121261,0,0.8333333,0.09677419,0.06,0.1871613,,,,,,,,,,,,,,,,,REG,ATL,BAL,Anthony Firkser,FirkAn00,0.0,0.0,0.0,71.5
2022,REG,16,00-0037011,T.McKitty,TE,TE,LAC,15333,2ac90a86-c585-4c12-894d-a805a0c94cc3,22807.0,60896.0,7554.0,,4240023.0,33485.0,,2804040.0,McKiTr00,tre-mckitty-1,15252.0,,,33485.0,0.0,,976252.0,Tre' McKitty,tre mckitty,1,2,10.0,0,0.0,0.0,6.0,9.0,0.0,-1.1293577,0,1.6666666,0.06666667,0.025531914,0.11787234,,,,,,,,,,,,,,,,,REG,LAC,IND,Tre' McKitty,McKiTr00,0.0,0.0,0.0,64.6
2022,REG,16,00-0037809,C.Okonkwo,TE,TE,TEN,15889,14e11f9b-58c8-437f-abc0-a4e4df9a7c47,23982.0,,8210.0,,4360635.0,34099.0,,2965208.0,OkonCh00,chigoziem-okonkwo-1,16042.0,,1320.0,34099.0,0.0,,1106374.0,Chigoziem Okonkwo,chigoziem okonkwo,1,2,10.0,0,0.0,0.0,9.0,7.0,1.0,0.4253355,0,1.1111112,0.1,0.10344828,0.2224138,,,,,,,,,,,,,,,,,REG,TEN,HOU,Chigoziem Okonkwo,OkonCh00,0.0,1.0,0.5,64.6
2022,REG,16,00-0036040,J.Johnson,TE,TE,NO,14861,0226b03b-f91d-4223-9813-9fcd2e9c3acc,19562.0,28305.0,7002.0,,3929645.0,33113.0,,2186637.0,JohnJu02,,14630.0,,575.0,33113.0,0.0,21738.0,884609.0,Juwan Johnson,juwan johnson,1,2,9.0,0,0.0,0.0,20.0,4.0,1.0,-3.6035392,0,0.45,0.14285715,0.22727273,0.37337664,,,,,,,,,,,,,,,,,REG,NO,CLE,Juwan Johnson,JohnJu02,0.0,1.0,0.5,22.9
2022,REG,16,00-0034798,D.Smythe,TE,TE,MIA,13676,7e42a22a-c47b-4387-aeeb-2cc2e76dc1d8,17508.0,47257.0,5008.0,,3052897.0,31093.0,,2082845.0,SmytDu00,durham-smythe-1,12807.0,13249.0,,31093.0,749968.0,19943.0,749968.0,Durham Smythe,durham smythe,1,1,8.0,0,0.0,0.0,-1.0,9.0,0.0,0.29829994,0,0.0,0.041666668,-0.003787879,0.059848484,,,,,,,,,,,,,,,,,REG,MIA,GB,Durham Smythe,SmytDu00,0.0,0.0,0.0,100.0
2022,REG,16,00-0035329,D.Parham,TE,TE,LAC,14341,4f246e92-3d21-450f-977a-dc16892c7238,18835.0,91014.0,6074.0,,3912092.0,32456.0,,2183713.0,ParhDo00,,13602.0,14320.0,,32456.0,875649.0,20905.0,875649.0,Donald Parham,donald parham,1,2,8.0,0,0.0,0.0,28.0,7.0,0.0,-0.14103505,0,0.2857143,0.06666667,0.11914894,0.18340425,,,,,,,,,,,,,,,,,REG,LAC,IND,Donald Parham,ParhDo00,0.0,0.0,0.0,60.4
2022,REG,16,00-0035572,P.Hesse,TE,TE,ATL,15564,5aab93f1-bc81-4d83-b105-d579a14eb349,19067.0,48369.0,6662.0,,3144991.0,32588.0,,3117115.0,,,14295.0,,,32588.0,0.0,21569.0,846264.0,Parker Hesse,parker hesse,1,1,8.0,0,0.0,0.0,7.0,1.0,1.0,0.51632494,0,1.1428572,0.032258064,0.035,0.0728871,,,,,,,,,,,,,,,,,,,,,,,,,
2022,REG,16,00-0036637,N.Gray,TE,TE,KC,15337,c97dfcb6-b999-476f-8487-f3848e92df17,19539.0,60878.0,7828.0,,4240472.0,33550.0,,2866903.0,GrayNo00,noah-gray-1,15459.0,,1059.0,33550.0,0.0,,1056981.0,Noah Gray,noah gray,1,1,8.0,0,0.0,0.0,0.0,8.0,0.0,0.57920223,0,0.0,0.037037037,0.0,0.055555556,,,,,,,,,,,,,,,,,REG,KC,SEA,Noah Gray,GrayNo00,0.0,0.0,0.0,100.0
2022,REG,16,00-0035249,J.Oliver,TE,TE,BAL,14209,dc83f7af-7b30-4c4a-9c93-f67bd8db954b,18487.0,47083.0,5973.0,,3921690.0,31901.0,,2184618.0,OlivJo00,josh-oliver-1,13786.0,14127.0,7.0,31901.0,881779.0,20899.0,881779.0,Josh Oliver,josh oliver,1,3,6.0,0,0.0,0.0,70.0,3.0,0.0,-2.0282307,0,0.08571429,0.1875,0.35714287,0.53125,,,,,,,,,,,,,,,,,REG,BAL,ATL,Josh Oliver,OlivJo00,0.0,0.0,0.0,42.4
2022,REG,16,00-0036194,D.Asiasi,TE,TE,CIN,14936,05e15d81-6bb1-49f7-b677-63475d073961,19435.0,40294.0,6956.0,,4046522.0,32761.0,,2260483.0,AsiaDe00,devin-asiasi-1,14425.0,,,32761.0,0.0,21771.0,946008.0,Devin Asiasi,devin asiasi,2,2,5.0,0,0.0,0.0,5.0,0.0,0.0,-0.521801,0,1.0,0.040816326,0.015015015,0.071735,,,,,,,,,,,,,,,,,REG,CIN,NE,Devin Asiasi,AsiaDe00,0.0,0.0,0.0,79.2
2022,REG,16,00-0036332,J.Deguara,TE,TE,GB,14876,7874d188-0fcd-4af9-9289-27c27e2bbd16,19456.0,47034.0,7050.0,,3914151.0,32764.0,,2181108.0,DeguJo00,josiah-deguara-1,14629.0,,,32764.0,0.0,21798.0,866149.0,Josiah Deguara,josiah deguara,1,1,4.0,0,0.0,0.0,3.0,1.0,0.0,-0.030830212,0,1.3333334,0.02631579,0.009118541,0.045856662,,,,,,,,,,,,,,,,,REG,GB,MIA,Josiah Deguara,DeguJo00,0.0,0.0,0.0,83.3
2022,REG,16,00-0037838,I.Likely,TE,TE,BAL,15798,f9279edb-cfa7-4f7d-91df-b81cbf3e133e,23781.0,,8131.0,,4361050.0,34095.0,,2961906.0,LikeIs00,isaiah-likely-1,16033.0,,1257.0,34095.0,0.0,,1125111.0,Isaiah Likely,isaiah likely,1,2,4.0,0,0.0,0.0,10.0,0.0,0.0,-2.2050285,0,0.4,0.125,0.05102041,0.22321428,,,,,,,,,,,,,,,,,REG,BAL,ATL,Isaiah Likely,LikeIs00,0.0,1.0,0.5,56.2
2022,REG,16,00-0030108,R.Griffin,TE,TE,CHI,11399,cb1df42c-b59c-4e23-a9a2-fbfc2b39ef71,11830.0,7982.0,1425.0,ryangriffin/2541316,15887.0,26824.0,,2057695.0,GrifRy00,ryan-griffin-1,8911.0,8600.0,,26824.0,465129.0,14985.0,465129.0,Ryan Griffin,ryan griffin,1,1,2.0,0,0.0,0.0,2.0,0.0,0.0,-2.8924396,0,1.0,0.04,0.013793103,0.06965517,,,,,,,,,,,,,,,,,REG,CHI,BUF,Ryan Griffin,GrifRy00,0.0,0.0,0.0,79.2
2022,REG,16,00-0033217,M.Alie-Cox,TE,TE,IND,13246,8809c0dd-786b-4255-a7d0-333c9498c19a,16579.0,12078.0,4054.0,moalie-cox/2558832,2998565.0,30112.0,,2815925.0,AlieMo00,,12196.0,12221.0,195.0,30112.0,712506.0,18900.0,712506.0,Mo Alie-Cox,mo alie-cox,1,2,2.0,0,0.0,0.0,27.0,0.0,0.0,-2.3652456,0,0.074074075,0.071428575,0.115879826,0.18825874,,,,,,,,,,,,,,,,,REG,IND,LAC,Mo Alie-Cox,AlieMo00,0.0,0.0,0.0,56.2
2022,REG,16,00-0035222,Z.Gentry,TE,TE,PIT,14240,58f18567-a050-49c4-aeca-b34499338b37,18690.0,36049.0,6018.0,,3929924.0,31973.0,,2185708.0,GentZa00,zach-gentry-2,13511.0,14247.0,,31973.0,883079.0,20770.0,883079.0,Zach Gentry,zach gentry,1,1,1.0,0,0.0,0.0,1.0,0.0,0.0,-1.4685141,0,1.0,0.027777778,0.005319149,0.04539007,,,,,,,,,,,,,,,,,REG,PIT,LV,Zach Gentry,GentZa00,0.0,0.0,0.0,79.2
2022,REG,16,00-0031585,M.Pruitt,TE,TE,ATL,12309,f22b34cf-6ecf-4522-9c77-1da275dfda7d,13964.0,9576.0,2446.0,,2508256.0,28531.0,,1760327.0,PruiMy00,,10251.0,10522.0,,28531.0,552586.0,16903.0,552586.0,MyCole Pruitt,mycole pruitt,0,1,0.0,0,0.0,0.0,6.0,0.0,0.0,-0.73470265,0,0.0,0.032258064,0.03,0.06938709,,,,,,,,,,,,,,,,,REG,ATL,BAL,MyCole Pruitt,PruiMy00,0.0,0.0,0.0,39.6
2022,REG,16,00-0032725,S.Anderson,TE,TE,ARI,12859,5cb0bf9c-03b4-4201-97c5-a59c6db50841,15760.0,11160.0,3496.0,,2576854.0,29789.0,,1880821.0,AndeSt01,,10885.0,11556.0,,29789.0,607660.0,18262.0,607660.0,Stephen Anderson,stephen anderson,0,2,0.0,0,0.0,0.0,11.0,0.0,0.0,-1.346888,0,0.0,0.04761905,0.03691275,0.0972675,,,,,,,,,,,,,,,,,REG,ARI,TB,Stephen Anderson,AndeSt01,0.0,0.0,0.0,39.6
2022,REG,16,00-0037277,T.Quitoriano,TE,TE,HOU,15905,06cb6aff-c81e-4553-95ba-467187f408d4,24182.0,,8227.0,,4374045.0,34126.0,,2965963.0,QuitTe00,teagan-quitoriano-1,16034.0,,,34126.0,0.0,,1128538.0,Teagan Quitoriano,teagan quitoriano,0,1,0.0,0,0.0,0.0,32.0,0.0,0.0,-1.3158233,0,0.0,0.03448276,0.11111111,0.12950191,,,,,,,,,,,,,,,,,REG,HOU,TEN,Teagan Quitoriano,QuitTe00,0.0,0.0,0.0,39.6
2022,REG,16,00-0037304,C.Heyward,TE,TE,PIT,15800,62e96d7c-e4dd-4a90-8c3a-8017eb69120d,24562.0,,8181.0,,4241961.0,34163.0,,2867599.0,HeywCo00,connor-heyward-1,15916.0,,,34163.0,0.0,,1057457.0,Connor Heyward,connor heyward,0,3,0.0,0,0.0,0.0,-1.0,0.0,0.0,-7.521365,0,0.0,0.083333336,-0.005319149,0.121276595,,,,,,,,,,,,,,,,,REG,PIT,LV,Connor Heyward,HeywCo00,0.0,0.0,0.0,0.0
2022,REG,16,00-0032141,G.Swaim,TE,TE,TEN,12378,d0f9112d-2496-450a-9fc5-d2d01b4d2454,14164.0,9679.0,2545.0,geoffswaim/2553454,3046704.0,28634.0,,2174207.0,SwaiGe00,geoff-swaim-1,10507.0,10617.0,,28634.0,728021.0,17005.0,728021.0,Geoff Swaim,geoff swaim,1,1,-1.0,0,0.0,0.0,-4.0,3.0,0.0,-0.6698259,0,0.0,0.05,-0.04597701,0.04281609,,,,,,,,,,,,,,,,,REG,TEN,HOU,Geoff Swaim,SwaiGe00,0.0,0.0,0.0,79.2
2022,REG,17,00-0034753,M.Andrews,TE,TE,BAL,13671,0618f387-9b72-4270-8b8f-dec4cccc9e4a,17269.0,47436.0,5012.0,,3116365.0,31056.0,,2131121.0,AndrMa00,mark-andrews-1,12559.0,13182.0,366.0,31056.0,820699.0,19803.0,820699.0,Mark Andrews,mark andrews,9,9,100.0,0,0.0,0.0,67.0,33.0,6.0,7.589746,0,1.4925373,0.45,0.43225807,0.97758067,Mark Andrews,BAL,5.192222222222223,4.083714560551708,6.8422222222222215,39.57329220487115,100.0,100.0,0.0,4.268888888888889,3.0250900145857096,1.2437988743031796,00-0034753,Mark,Andrews,M.Andrews,REG,BAL,PIT,Mark Andrews,AndrMa00,0.0,0.0,0.0,113.0
2022,REG,17,00-0034270,T.Conklin,TE,TE,NYJ,13675,f0d17dfa-ebf3-416c-a8d2-c6bc30675103,17598.0,47327.0,5133.0,,3915486.0,31220.0,,2165249.0,ConkTy00,tyler-conklin-1,12809.0,13220.0,489.0,31127.0,861278.0,19988.0,861278.0,Tyler Conklin,tyler conklin,6,6,80.0,0,0.0,0.0,46.0,34.0,4.0,4.6171737,0,1.7391304,0.13333334,0.12777779,0.28944445,Tyler Conklin,NYJ,3.4516666666666667,4.270274410536062,7.368333333333332,11.965788832652175,100.0,80.0,0.0,5.965000000000001,3.553674277752318,2.4113257222476827,00-0034270,Tyler,Conklin,T.Conklin,REG,NYJ,SEA,Tyler Conklin,ConkTy00,1.0,0.0,0.0,118.7
2022,REG,17,00-0037744,T.McBride,TE,TE,ARI,15794,734d54cc-c869-4e2f-a60f-c59c493f5110,22936.0,,8130.0,,4361307.0,34010.0,,2963385.0,McBrTr01,trey-mcbride-1,15902.0,,1253.0,34010.0,0.0,,1108161.0,Trey McBride,trey mcbride,7,10,78.0,1,0.0,0.0,97.0,24.0,5.0,5.322341,0,0.8041237,0.2631579,0.26216215,0.57825035,Trey McBride,ARI,4.87125,3.2676470735619674,9.221,26.021559995484818,70.0,78.0,1.0,3.6757142857142857,3.047449895012018,0.6282643907022676,00-0037744,Trey,McBride,T.McBride,REG,ARI,ATL,Trey McBride,McBrTr01,0.0,0.0,0.0,126.2
2022,REG,17,00-0031610,D.Waller,TE,TE,LV,12263,14c97c9f-26e8-4944-9299-f90de6aeada3,14104.0,9637.0,2505.0,,2576925.0,28592.0,,1850793.0,WallDa01,darren-waller-1,10215.0,10433.0,,28592.0,600191.0,16964.0,600191.0,Darren Waller,darren waller,3,5,72.0,1,0.0,0.0,105.0,8.0,3.0,4.3479,0,0.6857143,0.15625,0.3079179,0.44991753,Darren Waller,LV,6.418000000000001,1.624947934052931,20.377999999999997,28.960832243761008,60.0,72.0,1.0,3.6500000000000035,3.4720862685480824,0.17791373145192102,00-0031610,Darren,Waller,D.Waller,REG,LV,SF,Darren Waller,WallDa01,0.0,1.0,0.2,143.7
2022,REG,17,00-0036040,J.Johnson,TE,TE,NO,14861,0226b03b-f91d-4223-9813-9fcd2e9c3acc,19562.0,28305.0,7002.0,,3929645.0,33113.0,,2186637.0,JohnJu02,,14630.0,,575.0,33113.0,0.0,21738.0,884609.0,Juwan Johnson,juwan johnson,5,7,62.0,0,0.0,0.0,64.0,14.0,4.0,1.7916099,0,0.96875,0.3043478,0.41290322,0.745554,Juwan Johnson,NO,4.965,3.1523396748732715,7.607142857142857,38.38114458699726,71.42857142857143,62.0,0.0,5.304,5.655503499279211,-0.351503499279211,00-0036040,Juwan,Johnson,J.Johnson,REG,NO,PHI,Juwan Johnson,JohnJu02,0.0,1.0,0.143,98.5
2022,REG,17,00-0035229,T.Hockenson,TE,TE,MIN,14138,bd1120b6-38b3-4225-a4b0-20660a149d0d,18290.0,40912.0,5844.0,,4036133.0,31840.0,,2251097.0,HockTJ00,tj-hockenson-1,13610.0,14051.0,247.0,31840.0,923915.0,20805.0,923915.0,T.J. Hockenson,tj hockenson,7,12,59.0,0,0.0,0.0,99.0,13.0,3.0,-7.651439,0,0.5959596,0.34285715,0.33110368,0.7460583,T.J. Hockenson,MIN,5.379999999999999,2.0721617700002084,7.640833333333332,31.72774144434063,58.333333333333336,59.0,0.0,2.501428571428573,2.7393886498492583,-0.23796007842068523,00-0035229,Thomas,Hockenson,T.Hockenson,REG,MIN,GB,T.J. Hockenson,HockTJ00,0.0,1.0,0.083,36.5
2022,REG,17,00-0031260,L.Thomas,TE,TE,WAS,11647,b24625a0-d402-4d59-a778-aa4b073bfe5e,12095.0,8755.0,2251.0,loganthomas/2543767,16813.0,27648.0,,1691193.0,ThomLo00,logan-thomas-1,9323.0,9354.0,,27648.0,507528.0,16656.0,507528.0,Logan Thomas,logan thomas,6,7,56.0,0,0.0,0.0,33.0,25.0,3.0,5.1012573,0,1.6969697,0.25,0.14224137,0.47456896,Logan Thomas,WAS,5.33,6.6602542639054985,4.434285714285714,13.804758728040914,85.71428571428571,56.0,0.0,4.405,3.998874119829253,0.40612588017074724,00-0031260,Logan,Thomas,L.Thomas,REG,WAS,CLE,Logan Thomas,ThomLo00,0.0,1.0,0.143,100.0
2022,REG,17,00-0034383,D.Schultz,TE,TE,DAL,13772,8caec1b4-e0b6-4a84-b8c8-617d6e91ef6a,17349.0,47304.0,5001.0,,3117256.0,31107.0,,2136748.0,SchuDa00,dalton-schultz-1,12514.0,13198.0,487.0,31107.0,830523.0,19920.0,830523.0,Dalton Schultz,dalton schultz,7,10,56.0,2,0.0,0.0,42.0,27.0,4.0,3.3419092,0,1.3333334,0.24390244,0.13680781,0.46161914,Dalton Schultz,DAL,4.878888888888889,3.6178664609199758,4.755,15.833638573474076,70.0,56.0,2.0,4.3428571428571425,3.3641054867581,0.9787516560990426,00-0034383,Dalton,Schultz,D.Schultz,REG,DAL,TEN,Dalton Schultz,SchuDa00,1.0,0.0,0.0,83.7
2022,REG,17,00-0034981,F.Moreau,TE,TE,LV,14239,9c3a67fd-5c6e-4689-9e08-9ff6d4db6c9a,18397.0,47043.0,5985.0,,3843945.0,31969.0,,2180634.0,MoreFo00,foster-moreau-1,13822.0,14154.0,179.0,31969.0,865573.0,20884.0,865573.0,Foster Moreau,foster moreau,3,3,55.0,0,0.0,0.0,16.0,39.0,3.0,3.9943748,0,3.4375,0.09375,0.04692082,0.17346957,,,,,,,,,,,,,,,,,REG,LV,SF,Foster Moreau,MoreFo00,0.0,0.0,0.0,118.7
2022,REG,17,00-0033090,H.Henry,TE,TE,NE,12676,705899da-3c20-4bc3-b5d0-2e6e40655131,15561.0,10669.0,3214.0,,3046439.0,29269.0,,2079848.0,HenrHu00,hunter-henry-1,10735.0,11299.0,212.0,29269.0,744425.0,17975.0,744425.0,Hunter Henry,hunter henry,5,6,52.0,0,0.0,0.0,46.0,12.0,2.0,2.4987938,0,1.1304348,0.1875,0.1580756,0.39190292,Hunter Henry,NE,4.1433333333333335,3.1350386457715183,7.043333333333333,14.97413365459571,83.33333333333334,52.0,0.0,3.066000000000001,3.1994297727259435,-0.13342977272594236,00-0033090,Hunter,Henry,H.Henry,REG,NE,MIA,Hunter Henry,HenrHu00,0.0,0.0,0.0,102.8
2022,REG,17,00-0033757,R.Tonyan,TE,TE,GB,13427,7c9c7800-69d0-459b-812b-a07ac48e9f2a,16502.0,12193.0,4602.0,,2975674.0,30777.0,,2820026.0,TonyRo00,,12389.0,12868.0,,30777.0,660151.0,19491.0,660151.0,Robert Tonyan,robert tonyan,3,4,52.0,1,0.0,0.0,39.0,23.0,2.0,5.17955,0,1.3333334,0.15384616,0.14444445,0.33188033,,,,,,,,,,,,,,,,,REG,GB,MIN,Robert Tonyan,TonyRo00,0.0,0.0,0.0,156.2
2022,REG,17,00-0031585,M.Pruitt,TE,TE,ATL,12309,f22b34cf-6ecf-4522-9c77-1da275dfda7d,13964.0,9576.0,2446.0,,2508256.0,28531.0,,1760327.0,PruiMy00,,10251.0,10522.0,,28531.0,552586.0,16903.0,552586.0,MyCole Pruitt,mycole pruitt,4,4,49.0,0,0.0,0.0,23.0,26.0,2.0,2.3295155,0,2.1304348,0.16,0.17293233,0.36105263,,,,,,,,,,,,,,,,,REG,ATL,ARI,MyCole Pruitt,PruiMy00,0.0,0.0,0.0,117.7
2022,REG,17,00-0034351,D.Goedert,TE,TE,PHI,13674,e8029983-87cf-49a2-bc04-04c8233a0630,17270.0,47272.0,5022.0,,3121023.0,31019.0,,2132551.0,GoedDa00,,12860.0,13151.0,382.0,31019.0,791365.0,19863.0,791365.0,Dallas Goedert,dallas goedert,3,6,45.0,0,0.0,0.0,71.0,9.0,3.0,0.5982488,0,0.63380283,0.1875,0.2374582,0.44747072,Dallas Goedert,PHI,6.57,2.6589186591559817,11.540000000000001,25.52626728110599,50.0,45.0,0.0,3.3999999999999986,4.593360263211555,-1.1933602632115567,00-0034351,Dallas,Goedert,D.Goedert,REG,PHI,NO,Dallas Goedert,GoedDa00,0.0,0.0,0.0,75.0
2022,REG,17,00-0036423,A.Okwuegbunam,TE,TE,DEN,14873,617aee8a-70be-4bdf-9a71-2e2b74e647e6,18246.0,41933.0,6843.0,,4035115.0,32788.0,,2245117.0,OkwuAl00,albert-okwuegbunam-1,14369.0,,,32788.0,0.0,21794.0,920077.0,Albert Okwuegbunam,albert okwuegbunam,3,6,45.0,1,0.0,0.0,47.0,20.0,2.0,1.084787,0,0.9574468,0.16666667,0.29746836,0.45822784,Albert Okwuegbunam,DEN,4.115,3.4144000555167313,7.664999999999999,33.33091752427889,50.0,45.0,1.0,6.746666666666667,6.685048812928774,0.06161785373789286,00-0036423,Albert,Okwuegbunam,A.Okwuegbunam,REG,DEN,KC,Albert Okwuegbunam,OkwuAl00,0.0,1.0,0.167,114.6
2022,REG,17,00-0030506,T.Kelce,TE,TE,KC,11244,c3859e06-5f23-4302-a71b-04820a899d5f,11594.0,7844.0,1466.0,traviskelce/2540258,15847.0,26686.0,,1725130.0,KelcTr00,travis-kelce-1,8783.0,8411.0,264.0,26686.0,448240.0,15048.0,448240.0,Travis Kelce,travis kelce,7,10,43.0,0,0.0,0.0,61.0,21.0,4.0,-0.06711886,0,0.704918,0.24390244,0.1967742,0.5035956,Travis Kelce,KC,7.881111111111112,2.8863866840519536,5.767000000000001,18.961038961038966,70.0,43.0,0.0,3.0099999999999993,5.761920511738042,-2.7519205117380428,00-0030506,Travis,Kelce,T.Kelce,REG,KC,DEN,Travis Kelce,KelcTr00,0.0,0.0,0.0,78.3
2022,REG,17,00-0038115,D.Bellinger,TE,TE,NYG,15873,42a1c03e-790e-46ba-b0d5-d304e44c02c7,24238.0,,8225.0,,4361516.0,34068.0,,2963615.0,BellDa00,daniel-bellinger-1,16036.0,,1322.0,34068.0,0.0,,1122035.0,Daniel Bellinger,daniel bellinger,3,3,42.0,0,0.0,0.0,33.0,9.0,2.0,3.6373537,0,1.2727273,0.13043478,0.26190478,0.3789855,,,,,,,,,,,,,,,,,REG,NYG,IND,Daniel Bellinger,BellDa00,0.0,0.0,0.0,118.7
2022,REG,17,00-0035644,N.Fant,TE,TE,SEA,14137,cdc98acc-9eb6-4b44-81bb-61d7b8a3b55f,17527.0,42388.0,5857.0,,4036131.0,31852.0,,2251095.0,FantNo00,noah-fant-1,13426.0,14050.0,243.0,31852.0,923911.0,20753.0,923911.0,Noah Fant,noah fant,2,3,40.0,0,0.0,0.0,56.0,7.0,2.0,2.7965539,0,0.71428573,0.10714286,0.20817845,0.3064392,,,,,,,,,,,,,,,,,REG,SEA,NYJ,Noah Fant,FantNo00,0.0,0.0,0.0,109.7
2022,REG,17,00-0034364,J.Akins,TE,TE,HOU,13753,0cb5a32a-a340-4671-ba2a-93f5fa6aee8d,17415.0,47050.0,5032.0,,3128452.0,31068.0,,2142712.0,AkinJo00,jordan-akins-1,12568.0,13238.0,,31068.0,838396.0,19903.0,838396.0,Jordan Akins,jordan akins,2,3,38.0,0,0.0,0.0,51.0,7.0,2.0,0.763813,0,0.74509805,0.071428575,0.16666667,0.22380953,,,,,,,,,,,,,,,,,REG,HOU,JAX,Jordan Akins,AkinJo00,0.0,1.0,0.333,109.7
2022,REG,17,00-0036244,C.Parkinson,TE,TE,SEA,14871,1ea7affb-e5e7-491a-aaa3-55e200b2eb48,19372.0,52266.0,6865.0,,4242557.0,32803.0,,2867522.0,ParkCo02,colby-parkinson-1,14463.0,,565.0,32803.0,0.0,21807.0,1060312.0,Colby Parkinson,colby parkinson,5,7,36.0,1,0.0,0.0,50.0,12.0,2.0,2.4363394,0,0.72,0.25,0.18587361,0.5051115,Colby Parkinson,SEA,7.94,3.012105055567479,7.740000000000001,20.143510428672347,71.42857142857143,36.0,1.0,2.4939999999999984,2.276689603963587,0.21731039603641156,00-0036244,Colby,Parkinson,C.Parkinson,REG,SEA,NYJ,Colby Parkinson,ParkCo02,0.0,0.0,0.0,122.6
2022,REG,17,00-0036894,P.Freiermuth,TE,TE,PIT,15331,04f0fefe-9d9d-44f5-94ea-6df2a42df3c6,20163.0,84085.0,7600.0,,4361411.0,33443.0,,2961270.0,FreiPa00,pat-freiermuth-1,15267.0,,1053.0,33443.0,0.0,,1116662.0,Pat Freiermuth,pat freiermuth,3,6,36.0,0,0.0,0.0,43.0,6.0,2.0,0.7666395,0,0.8372093,0.22222222,0.19282511,0.46831092,Pat Freiermuth,PIT,7.056,1.9146473873253067,9.033333333333333,21.809109930790278,50.0,36.0,0.0,1.5633333333333372,1.7281101033707766,-0.1647767700374394,00-0036894,Pat,Freiermuth,P.Freiermuth,REG,PIT,BAL,Pat Freiermuth,FreiPa00,0.0,0.0,0.0,68.7
2022,REG,17,00-0037005,T.Tremble,TE,TE,CAR,15332,cbee2fd3-e5f2-4316-bffd-531f1873f032,22795.0,84025.0,7694.0,,4372780.0,33471.0,,2969027.0,TremTo00,tommy-tremble-1,15371.0,,1054.0,33471.0,0.0,,1130555.0,Tommy Tremble,tommy tremble,3,3,33.0,1,0.0,0.0,29.0,4.0,2.0,3.7268682,0,1.137931,0.09677419,0.09477124,0.21150117,,,,,,,,,,,,,,,,,REG,CAR,TB,Tommy Tremble,TremTo00,0.0,0.0,0.0,152.1
2022,REG,17,00-0035956,G.Ricci,TE,TE,CAR,15054,689de342-1d99-4a4d-976d-f6573ef3a8c2,19756.0,13756.0,7216.0,,3916749.0,33151.0,,2189091.0,,,14785.0,,,33151.0,0.0,21732.0,885940.0,Giovanni Ricci,giovanni ricci,1,1,32.0,0,0.0,0.0,22.0,10.0,1.0,2.774043,0,1.4545455,0.032258064,0.07189543,0.0987139,,,,,,,,,,,,,,,,,,,,,,,,,
2022,REG,17,00-0033576,E.Saubert,TE,TE,DEN,13315,582dc00e-e7ec-4ca7-bff0-f7b1d604017b,16706.0,11929.0,4189.0,,2975863.0,30287.0,,2001018.0,SaubEr00,,11897.0,12300.0,,30287.0,694931.0,19035.0,694931.0,Eric Saubert,eric saubert,3,3,30.0,0,0.0,0.0,14.0,16.0,2.0,1.5429084,0,2.142857,0.083333336,0.088607594,0.18702532,,,,,,,,,,,,,,,,,REG,DEN,KC,Eric Saubert,SaubEr00,1.0,0.0,0.0,108.3
2022,REG,17,00-0036290,C.Kmet,TE,TE,CHI,14867,036feeb6-9a22-43c5-a8e3-7ac611d8ff49,19229.0,60995.0,6826.0,,4258595.0,32713.0,,2868619.0,KmetCo00,cole-kmet-1,14436.0,,569.0,32713.0,0.0,21772.0,1066765.0,Cole Kmet,cole kmet,2,3,27.0,1,0.0,0.0,22.0,18.0,1.0,1.5633687,0,1.2272727,0.16666667,0.12716763,0.33901733,,,,,,,,,,,,,,,,,REG,CHI,DET,Cole Kmet,KmetCo00,0.0,0.0,0.0,134.7
2022,REG,17,00-0033879,O.Howard,TE,TE,HOU,13188,93ed8c6f-b676-46d3-bf82-6155e89b4a68,16380.0,11774.0,4055.0,,3043080.0,30132.0,,2061190.0,HowaO.00,oj-howard-1,11806.0,12161.0,,30132.0,732147.0,18901.0,732147.0,O.J. Howard,oj howard,1,2,26.0,0,0.0,0.0,7.0,23.0,1.0,1.1437197,0,3.7142856,0.04761905,0.022875817,0.087441646,,,,,,,,,,,,,,,,,REG,HOU,JAX,O.J. Howard,HowaO.00,0.0,0.0,0.0,95.8
2022,REG,17,00-0032134,C.Uzomah,TE,TE,NYJ,12317,19858900-5c8e-49a7-ab02-34ef625724ca,14084.0,9590.0,2460.0,c.j.uzomah/2552559,2574576.0,28545.0,,2174118.0,UzomC.00,cj-uzomah-1,10462.0,10534.0,,28545.0,593305.0,16917.0,593305.0,C.J. Uzomah,cj uzomah,3,7,24.0,0,0.0,0.0,61.0,9.0,2.0,-1.2214371,0,0.39344263,0.15555556,0.16944444,0.35194445,C.J. Uzomah,NYJ,3.898571428571428,3.355130046441899,8.491428571428571,16.087909708501368,42.857142857142854,24.0,0.0,3.2366666666666646,3.7466773992168023,-0.5100107325501377,00-0032134,Christopher,Uzomah,C.Uzomah,REG,NYJ,SEA,C.J. Uzomah,UzomC.00,0.0,0.0,0.0,52.1
2022,REG,17,00-0037809,C.Okonkwo,TE,TE,TEN,15889,14e11f9b-58c8-437f-abc0-a4e4df9a7c47,23982.0,,8210.0,,4360635.0,34099.0,,2965208.0,OkonCh00,chigoziem-okonkwo-1,16042.0,,1320.0,34099.0,0.0,,1106374.0,Chigoziem Okonkwo,chigoziem okonkwo,3,4,24.0,0,0.0,0.0,14.0,20.0,1.0,0.1273504,0,1.7142857,0.10526316,0.04057971,0.18630053,,,,,,,,,,,,,,,,,REG,TEN,DAL,Chigoziem Okonkwo,OkonCh00,0.0,0.0,0.0,89.6
2022,REG,17,00-0033288,G.Kittle,TE,TE,SF,13299,2ada91b0-036e-454f-83c3-6d939ff584a9,16499.0,11901.0,4217.0,,3040151.0,30259.0,,2818265.0,KittGe00,george-kittle-1,11892.0,12276.0,298.0,30259.0,733672.0,19063.0,733672.0,George Kittle,george kittle,4,8,23.0,1,0.0,0.0,69.0,12.0,2.0,-3.8958478,0,0.33333334,0.23529412,0.2653846,0.5387104,George Kittle,SF,8.40875,1.951117718980079,9.3525,28.052941397022984,50.0,23.0,1.0,3.0650000000000013,3.2915975688051162,-0.22659756880511495,00-0033288,George,Kittle,G.Kittle,REG,SF,LV,George Kittle,KittGe00,0.0,1.0,0.125,56.2
2022,REG,17,00-0033885,D.Njoku,TE,TE,CLE,13192,8f86fcea-90e8-49ea-bc78-5c7659313e57,16399.0,11784.0,4033.0,,3123076.0,30142.0,,2136474.0,NjokDa00,david-njoku-1,11734.0,12186.0,252.0,30142.0,832098.0,18876.0,832098.0,David Njoku,david njoku,1,3,21.0,0,0.0,0.0,34.0,1.0,1.0,0.80688703,0,0.61764705,0.1875,0.32692307,0.51009613,,,,,,,,,,,,,,,,,REG,CLE,WAS,David Njoku,NjokDa00,0.0,0.0,0.0,59.0
2022,REG,17,00-0036424,B.Hopkins,TE,TE,LA,14868,39cb1520-dda8-4167-95c4-4947c8383bc4,19234.0,47338.0,6926.0,,3918003.0,32806.0,,2183906.0,HopkBr01,brycen-hopkins-1,14586.0,,,32806.0,0.0,21678.0,880294.0,Brycen Hopkins,brycen hopkins,1,1,21.0,0,0.0,0.0,19.0,2.0,1.0,1.3054888,0,1.1052631,0.055555556,0.0900474,0.1463665,,,,,,,,,,,,,,,,,REG,LA,LAC,Brycen Hopkins,HopkBr01,0.0,0.0,0.0,118.7
2022,REG,17,00-0036556,B.Jordan,TE,TE,HOU,15330,8ffb5c07-4aa1-4796-b1ab-30c1ab0ccc4c,20162.0,77887.0,7568.0,,4362504.0,33535.0,,2964787.0,JordBr00,brevin-jordan-1,15369.0,,1052.0,33535.0,0.0,,1121871.0,Brevin Jordan,brevin jordan,1,3,20.0,0,0.0,0.0,44.0,14.0,1.0,-0.37535644,0,0.45454547,0.071428575,0.14379086,0.20779645,,,,,,,,,,,,,,,,,REG,HOU,JAX,Brevin Jordan,JordBr00,0.0,0.0,0.0,57.6
2022,REG,17,00-0036232,H.Bryant,TE,TE,CLE,14875,f58a5899-8b78-46e8-a29a-ba6273b7d872,19389.0,26394.0,6850.0,,4040774.0,32785.0,,2241240.0,BryaHa00,harrison-bryant-1,14576.0,,752.0,32785.0,0.0,21783.0,916467.0,Harrison Bryant,harrison bryant,2,3,19.0,0,0.0,0.0,0.0,20.0,1.0,0.70511,0,0.0,0.1875,0.0,0.28125,,,,,,,,,,,,,,,,,REG,CLE,WAS,Harrison Bryant,BryaHa00,0.0,1.0,0.333,84.0
2022,REG,17,00-0037755,J.Woods,TE,TE,IND,15840,321af8f8-b4de-4ed2-a86f-7f97a85a13d4,23829.0,,8219.0,,4241410.0,34029.0,,2787078.0,WoodJe01,jelani-woods-1,15821.0,,1305.0,34029.0,0.0,,975503.0,Jelani Woods,jelani woods,3,4,19.0,0,0.0,0.0,5.0,9.0,1.0,-0.72684586,0,3.8,0.14814815,0.027027028,0.24114114,,,,,,,,,,,,,,,,,REG,IND,NYG,Jelani Woods,WoodJe01,0.0,0.0,0.0,84.4
2022,REG,17,00-0034829,M.Gesicki,TE,TE,MIA,13672,1012cbe0-7eba-4169-bfca-183a0204e1a7,17272.0,47153.0,4993.0,,3116164.0,31012.0,,2139298.0,GesiMi00,mike-gesicki-1,12764.0,13104.0,330.0,31012.0,836152.0,19853.0,836152.0,Mike Gesicki,mike gesicki,2,4,18.0,1,0.0,0.0,32.0,1.0,2.0,1.2986482,0,0.5625,0.1,0.10062893,0.22044025,,,,,,,,,,,,,,,,,REG,MIA,NE,Mike Gesicki,GesiMi00,0.0,1.0,0.25,102.1
2022,REG,17,00-0032062,B.Bell,TE,TE,KC,12213,0cc4e449-185a-4b08-9f07-c907ad0c3e05,13966.0,9550.0,2422.0,,2514206.0,28505.0,,1737101.0,BellBl00,blake-bell-1,10248.0,10366.0,,28505.0,542871.0,16878.0,542871.0,Blake Bell,blake bell,1,1,17.0,1,0.0,0.0,12.0,5.0,1.0,2.0522754,0,1.4166666,0.024390243,0.038709678,0.06368214,,,,,,,,,,,,,,,,,REG,KC,DEN,Blake Bell,BellBl00,0.0,0.0,0.0,158.3
2022,REG,17,00-0038129,C.Otton,TE,TE,TB,15802,f23517bd-ae85-484a-8ecb-1f7a2d851e48,23181.0,,8111.0,,4243331.0,34062.0,,2815179.0,OttoCa00,cade-otton-1,16032.0,,1261.0,34062.0,0.0,,1049263.0,Cade Otton,cade otton,2,6,17.0,0,0.0,0.0,28.0,5.0,1.0,-5.2237206,0,0.60714287,0.14285715,0.08259587,0.27210283,Cade Otton,TB,4.4799999999999995,3.050792989185363,4.151666666666668,7.4407073301869895,33.33333333333333,17.0,0.0,4.364999999999998,3.215550135602143,1.1494498643978552,00-0038129,Cade,Otton,C.Otton,REG,TB,CAR,Cade Otton,OttoCa00,0.0,1.0,0.167,42.4
2022,REG,17,00-0033881,E.Engram,TE,TE,JAX,13189,e21365af-8d66-416e-b0a5-8816d18fcfd9,16411.0,11778.0,4066.0,,3051876.0,30136.0,,2079887.0,EngrEv00,evan-engram-1,11805.0,12205.0,229.0,30136.0,749185.0,18912.0,749185.0,Evan Engram,evan engram,1,2,16.0,0,0.0,0.0,18.0,13.0,1.0,0.83357936,0,0.8888889,0.071428575,0.111801244,0.18540372,,,,,,,,,,,,,,,,,REG,JAX,HOU,Evan Engram,EngrEv00,2.0,0.0,0.0,77.1
2022,REG,17,00-0036422,A.Trautman,TE,TE,NO,14870,4e14183b-f974-4745-9d7f-8f5eb2a92a7d,19423.0,109795.0,6869.0,,3911853.0,32775.0,,2182228.0,TrauAd00,,14541.0,,566.0,32775.0,0.0,21786.0,875444.0,Adam Trautman,adam trautman,1,1,16.0,0,0.0,0.0,4.0,12.0,1.0,0.979624,0,4.0,0.04347826,0.025806451,0.083281904,,,,,,,,,,,,,,,,,REG,NO,PHI,Adam Trautman,TrauAd00,0.0,0.0,0.0,118.7
2022,REG,17,00-0033895,G.Everett,TE,TE,LAC,13236,ebeceb00-57e0-4b74-9cf7-853da2afed18,16459.0,11799.0,4089.0,,3918639.0,30157.0,,2142692.0,EverGe00,gerald-everett-1,11737.0,12284.0,55.0,30157.0,838487.0,18935.0,838487.0,Gerald Everett,gerald everett,3,3,15.0,1,0.0,0.0,9.0,6.0,2.0,2.0729082,0,1.6666666,0.09677419,0.04712042,0.17814559,,,,,,,,,,,,,,,,,REG,LAC,LA,Gerald Everett,EverGe00,0.0,0.0,0.0,127.1
2022,REG,17,00-0037282,J.Mitchell,TE,TE,DET,15909,f461da0c-f764-414c-9e0d-2f02e22a68d8,23174.0,,8170.0,,4361988.0,34133.0,,2963242.0,MitcJa00,james-mitchell-2,16035.0,,,34133.0,0.0,,1123712.0,James Mitchell,james mitchell,1,1,15.0,0,0.0,0.0,11.0,4.0,1.0,1.0745181,0,1.3636364,0.03448276,0.057291668,0.0918283,,,,,,,,,,,,,,,,,REG,DET,CHI,James Mitchell,MitcJa00,0.0,0.0,0.0,118.7
2022,REG,17,00-0036754,B.Wright,TE,TE,DET,15626,8f182089-7730-499e-8f2e-87bda32debfb,23341.0,60994.0,7891.0,,4242392.0,33774.0,,2807423.0,WrigBr01,,15681.0,,1162.0,33774.0,0.0,,978120.0,Brock Wright,brock wright,3,4,13.0,2,0.0,0.0,9.0,8.0,2.0,-1.0527729,0,1.4444444,0.13793103,0.046875,0.23970905,,,,,,,,,,,,,,,,,REG,DET,CHI,Brock Wright,WrigBr01,0.0,0.0,0.0,117.7
2022,REG,17,00-0036637,N.Gray,TE,TE,KC,15337,c97dfcb6-b999-476f-8487-f3848e92df17,19539.0,60878.0,7828.0,,4240472.0,33550.0,,2866903.0,GrayNo00,noah-gray-1,15459.0,,1059.0,33550.0,0.0,,1056981.0,Noah Gray,noah gray,1,1,12.0,0,0.0,0.0,0.0,12.0,0.0,0.46006903,0,0.0,0.024390243,0.0,0.036585364,,,,,,,,,,,,,,,,,REG,KC,DEN,Noah Gray,GrayNo00,0.0,0.0,0.0,116.7
2022,REG,17,00-0037838,I.Likely,TE,TE,BAL,15798,f9279edb-cfa7-4f7d-91df-b81cbf3e133e,23781.0,,8131.0,,4361050.0,34095.0,,2961906.0,LikeIs00,isaiah-likely-1,16033.0,,1257.0,34095.0,0.0,,1125111.0,Isaiah Likely,isaiah likely,3,5,12.0,1,0.0,0.0,8.0,4.0,1.0,0.1466703,0,1.5,0.25,0.051612902,0.41112903,Isaiah Likely,BAL,4.0675,5.439729918384538,0.7600000000000001,2.4420024420024427,60.0,12.0,1.0,1.7400000000000009,2.1430396227504693,-0.40303962275046845,00-0037838,Isaiah,Likely,I.Likely,REG,BAL,PIT,Isaiah Likely,LikeIs00,0.0,0.0,0.0,104.2
2022,REG,17,00-0033110,T.Higbee,TE,TE,LA,12678,0df7912d-9e81-47ea-b4f7-d04986df4ee8,15623.0,10744.0,3271.0,,2573401.0,29344.0,,1853103.0,HigbTy00,tyler-higbee-1,10854.0,11430.0,159.0,29344.0,604176.0,18032.0,604176.0,Tyler Higbee,tyler higbee,3,4,11.0,0,0.0,0.0,8.0,8.0,1.0,-1.2294232,0,1.375,0.22222222,0.037914693,0.35987362,,,,,,,,,,,,,,,,,REG,LA,LAC,Tyler Higbee,HigbTy00,0.0,0.0,0.0,77.1
2022,REG,17,00-0034365,I.Thomas,TE,TE,CAR,13678,ed8a8fd2-df67-45e7-a34f-984afb82f6ea,17387.0,42130.0,4995.0,,4045305.0,31071.0,,2253359.0,ThomIa00,ian-thomas-3,12858.0,13163.0,323.0,31071.0,943093.0,19910.0,943093.0,Ian Thomas,ian thomas,1,1,9.0,0,0.0,0.0,1.0,8.0,0.0,0.7425192,0,9.0,0.032258064,0.003267974,0.050674677,,,,,,,,,,,,,,,,,REG,CAR,TB,Ian Thomas,ThomIa00,0.0,0.0,0.0,104.2
2022,REG,17,00-0034798,D.Smythe,TE,TE,MIA,13676,7e42a22a-c47b-4387-aeeb-2cc2e76dc1d8,17508.0,47257.0,5008.0,,3052897.0,31093.0,,2082845.0,SmytDu00,durham-smythe-1,12807.0,13249.0,,31093.0,749968.0,19943.0,749968.0,Durham Smythe,durham smythe,1,1,9.0,0,0.0,0.0,3.0,6.0,1.0,0.7671063,0,3.0,0.025,0.009433962,0.044103775,,,,,,,,,,,,,,,,,REG,MIA,NE,Durham Smythe,SmytDu00,0.0,0.0,0.0,104.2
2022,REG,17,00-0036059,T.Mabry,TE,TE,SEA,15562,bad1a0c1-7ea2-4898-b5d9-ad1aec45c8b1,19706.0,25705.0,7427.0,,3916587.0,33286.0,,3159198.0,,,14928.0,,,33286.0,0.0,22407.0,881056.0,Tyler Mabry,tyler mabry,1,1,7.0,1,0.0,0.0,6.0,1.0,1.0,1.9614137,0,1.1666666,0.035714287,0.022304833,0.06918481,,,,,,,,,,,,,,,,,,,,,,,,,
2022,REG,17,00-0036534,S.Zylstra,TE,TE,DET,15604,0cafaac9-20fb-4e5a-9362-158d8a4e7904,23461.0,,8041.0,,4608362.0,33803.0,,2668830.0,ZylsSh00,,15701.0,,,33803.0,0.0,,1284247.0,Shane Zylstra,shane zylstra,1,2,7.0,0,0.0,0.0,4.0,8.0,0.0,-2.5333104,0,1.75,0.06896552,0.020833334,0.118031606,,,,,,,,,,,,,,,,,REG,DET,CHI,Shane Zylstra,ZylsSh00,0.0,0.0,0.0,58.3
2022,REG,17,00-0038041,J.Ferguson,TE,TE,DAL,15799,f46eab3d-d7dd-4420-b3f9-6da9ac1308ab,22718.0,,8110.0,,4242355.0,34085.0,,2867159.0,FergJa00,jake-ferguson-1,15947.0,,1258.0,34085.0,0.0,,1065361.0,Jake Ferguson,jake ferguson,1,1,7.0,0,0.0,0.0,-5.0,12.0,0.0,0.3355212,0,0.0,0.024390243,-0.016286645,0.025184715,,,,,,,,,,,,,,,,,REG,DAL,TEN,Jake Ferguson,FergJa00,0.0,0.0,0.0,95.8
2022,REG,17,00-0032392,A.Hooper,TE,TE,TEN,12677,90c2a93f-d837-4e1b-b57c-56648903a8db,15581.0,10715.0,3202.0,,3043275.0,29315.0,,2067004.0,HoopAu00,austin-hooper-1,10748.0,11301.0,384.0,29315.0,739424.0,17963.0,739424.0,Austin Hooper,austin hooper,1,6,6.0,0,0.0,0.0,41.0,1.0,0.0,-4.9193296,0,0.14634146,0.15789473,0.11884058,0.3200305,Austin Hooper,TEN,6.23,2.9893201236563987,5.628333333333333,9.70681230238574,16.666666666666664,6.0,0.0,1.25,0.352256202948638,0.897743797051362,00-0032392,Austin,Hooper,A.Hooper,REG,TEN,DAL,Austin Hooper,HoopAu00,0.0,0.0,0.0,39.6
2022,REG,17,00-0032141,G.Swaim,TE,TE,TEN,12378,d0f9112d-2496-450a-9fc5-d2d01b4d2454,14164.0,9679.0,2545.0,geoffswaim/2553454,3046704.0,28634.0,,2174207.0,SwaiGe00,geoff-swaim-1,10507.0,10617.0,,28634.0,728021.0,17005.0,728021.0,Geoff Swaim,geoff swaim,1,1,4.0,0,0.0,0.0,1.0,3.0,0.0,-0.4638343,0,4.0,0.02631579,0.0028985508,0.04150267,,,,,,,,,,,,,,,,,REG,TEN,DAL,Geoff Swaim,SwaiGe00,0.0,0.0,0.0,83.3
2022,REG,17,00-0036332,J.Deguara,TE,TE,GB,14876,7874d188-0fcd-4af9-9289-27c27e2bbd16,19456.0,47034.0,7050.0,,3914151.0,32764.0,,2181108.0,DeguJo00,josiah-deguara-1,14629.0,,,32764.0,0.0,21798.0,866149.0,Josiah Deguara,josiah deguara,1,1,4.0,0,0.0,0.0,2.0,2.0,0.0,-0.12243096,0,2.0,0.03846154,0.0074074073,0.06287749,,,,,,,,,,,,,,,,,REG,GB,MIN,Josiah Deguara,DeguJo00,0.0,0.0,0.0,83.3
2022,REG,17,00-0035329,D.Parham,TE,TE,LAC,14341,4f246e92-3d21-450f-977a-dc16892c7238,18835.0,91014.0,6074.0,,3912092.0,32456.0,,2183713.0,ParhDo00,,13602.0,14320.0,,32456.0,875649.0,20905.0,875649.0,Donald Parham,donald parham,1,1,3.0,1,0.0,0.0,3.0,0.0,1.0,2.1348631,0,1.0,0.032258064,0.015706806,0.05938186,,,,,,,,,,,,,,,,,REG,LAC,LA,Donald Parham,ParhDo00,0.0,0.0,0.0,118.7
2022,REG,17,00-0030108,R.Griffin,TE,TE,CHI,11399,cb1df42c-b59c-4e23-a9a2-fbfc2b39ef71,11830.0,7982.0,1425.0,ryangriffin/2541316,15887.0,26824.0,,2057695.0,GrifRy00,ryan-griffin-1,8911.0,8600.0,,26824.0,465129.0,14985.0,465129.0,Ryan Griffin,ryan griffin,0,1,0.0,0,0.0,0.0,4.0,0.0,0.0,-3.7083242,0,0.0,0.055555556,0.023121387,0.09951831,,,,,,,,,,,,,,,,,REG,CHI,DET,Ryan Griffin,GrifRy00,0.0,0.0,0.0,39.6
2022,REG,17,00-0033217,M.Alie-Cox,TE,TE,IND,13246,8809c0dd-786b-4255-a7d0-333c9498c19a,16579.0,12078.0,4054.0,moalie-cox/2558832,2998565.0,30112.0,,2815925.0,AlieMo00,,12196.0,12221.0,195.0,30112.0,712506.0,18900.0,712506.0,Mo Alie-Cox,mo alie-cox,0,1,0.0,0,0.0,0.0,13.0,0.0,0.0,-0.67156017,0,0.0,0.037037037,0.07027027,0.10474475,,,,,,,,,,,,,,,,,REG,IND,NYG,Mo Alie-Cox,AlieMo00,0.0,0.0,0.0,39.6
2022,REG,17,00-0034011,D.Arnold,TE,TE,JAX,13880,d479a777-b53b-4bbf-a8e4-0c1675ac48df,17143.0,51842.0,4741.0,,4212989.0,30891.0,,2835170.0,ArnoDa00,,12276.0,12972.0,,30891.0,1053627.0,19659.0,1053627.0,Dan Arnold,dan arnold,0,1,0.0,0,0.0,0.0,21.0,0.0,0.0,-0.9757475,0,0.0,0.035714287,0.13043478,0.14487578,,,,,,,,,,,,,,,,,REG,JAX,HOU,Dan Arnold,ArnoDa00,0.0,0.0,0.0,39.6
2022,REG,17,00-0035249,J.Oliver,TE,TE,BAL,14209,dc83f7af-7b30-4c4a-9c93-f67bd8db954b,18487.0,47083.0,5973.0,,3921690.0,31901.0,,2184618.0,OlivJo00,josh-oliver-1,13786.0,14127.0,7.0,31901.0,881779.0,20899.0,881779.0,Josh Oliver,josh oliver,0,1,0.0,0,0.0,0.0,25.0,0.0,0.0,-0.9597176,0,0.0,0.05,0.16129032,0.18790323,,,,,,,,,,,,,,,,,REG,BAL,PIT,Josh Oliver,OlivJo00,0.0,0.0,0.0,39.6
2022,REG,17,00-0036438,S.Sullivan,TE,TE,CAR,15026,a41b8454-0326-4c56-87a2-f2aac3814961,19641.0,40411.0,6970.0,,4035426.0,32921.0,,2223251.0,SullSt00,stephen-sullivan-1,14570.0,,,32921.0,0.0,21865.0,910808.0,Stephen Sullivan,stephen sullivan,0,2,0.0,0,0.0,0.0,39.0,0.0,0.0,-4.3318634,0,0.0,0.06451613,0.12745099,0.18598989,,,,,,,,,,,,,,,,,REG,CAR,TB,Stephen Sullivan,SullSt00,0.0,0.0,0.0,0.0
2022,REG,17,00-0037311,K.Kieft,TE,TE,TB,15929,f96b8338-4ffb-4612-8c29-58dc3b12db69,24568.0,,8484.0,,4034779.0,34174.0,,2239763.0,KiefKo00,ko-kieft-1,16282.0,,,34174.0,0.0,,911239.0,Ko Kieft,ko kieft,0,1,0.0,0,0.0,0.0,2.0,0.0,0.0,-0.83668715,0,0.0,0.023809524,0.005899705,0.03984408,,,,,,,,,,,,,,,,,REG,TB,CAR,Ko Kieft,KiefKo00,0.0,1.0,1.0,39.6
2022,REG,17,00-0037569,P.Hendershot,TE,TE,DAL,16000,944893b0-d30e-11ec-8b77-45b1765fd110,22971.0,,8197.0,,4258248.0,34607.0,,2867545.0,HendPe01,,16041.0,,,34607.0,0.0,,1065138.0,Peyton Hendershot,peyton hendershot,0,1,0.0,0,0.0,0.0,18.0,0.0,0.0,-3.544422,0,0.0,0.024390243,0.058631923,0.07762771,,,,,,,,,,,,,,,,,REG,DAL,TEN,Peyton Hendershot,HendPe01,0.0,1.0,1.0,0.0
2022,REG,18,00-0037838,I.Likely,TE,TE,BAL,15798,f9279edb-cfa7-4f7d-91df-b81cbf3e133e,23781.0,,8131.0,,4361050.0,34095.0,,2961906.0,LikeIs00,isaiah-likely-1,16033.0,,1257.0,34095.0,0.0,,1125111.0,Isaiah Likely,isaiah likely,8,13,103.0,0,0.0,0.0,116.0,32.0,4.0,-3.068036,0,0.88793105,0.30952382,0.3323782,0.6969505,Isaiah Likely,BAL,6.571818181818181,2.6734860419467568,9.143846153846154,32.948970258059155,61.53846153846154,103.0,0.0,4.108750000000001,3.8074970975351814,0.30125290246481917,00-0037838,Isaiah,Likely,I.Likely,REG,BAL,CIN,Isaiah Likely,LikeIs00,1.0,0.0,0.0,54.3
2022,REG,18,00-0037277,T.Quitoriano,TE,TE,HOU,15905,06cb6aff-c81e-4553-95ba-467187f408d4,24182.0,,8227.0,,4374045.0,34126.0,,2965963.0,QuitTe00,teagan-quitoriano-1,16034.0,,,34126.0,0.0,,1128538.0,Teagan Quitoriano,teagan quitoriano,3,4,83.0,0,0.0,0.0,56.0,40.0,3.0,5.4714622,0,1.4821428,0.10526316,0.17445482,0.2800131,,,,,,,,,,,,,,,,,REG,HOU,IND,Teagan Quitoriano,QuitTe00,0.0,0.0,0.0,116.7
2022,REG,18,00-0034364,J.Akins,TE,TE,HOU,13753,0cb5a32a-a340-4671-ba2a-93f5fa6aee8d,17415.0,47050.0,5032.0,,3128452.0,31068.0,,2142712.0,AkinJo00,jordan-akins-1,12568.0,13238.0,,31068.0,838396.0,19903.0,838396.0,Jordan Akins,jordan akins,4,8,70.0,2,0.0,0.0,55.0,24.0,3.0,1.9727006,1,1.2727273,0.21052632,0.17133956,0.43572718,Jordan Akins,HOU,8.096,2.8640834320069564,10.323749999999999,24.99092229484386,50.0,70.0,2.0,5.932500000000001,4.535961886574114,1.396538113425887,00-0034364,Jordan,Akins,J.Akins,REG,HOU,IND,Jordan Akins,AkinJo00,0.0,0.0,0.0,80.2
2022,REG,18,00-0036145,L.Cager,TE,TE,NYG,15041,2f2181f8-cb0a-42e4-9468-17f5f5a219cc,19701.0,34914.0,7106.0,,3917849.0,33329.0,,2183845.0,,,14597.0,,,33329.0,0.0,21728.0,880123.0,Lawrence Cager,lawrence cager,8,10,69.0,0,0.0,0.0,42.0,42.0,5.0,4.4860353,0,1.6428572,0.2631579,0.1891892,0.5271693,Lawrence Cager,NYG,5.7425,3.929150181011695,4.218999999999999,18.208890807078113,80.0,69.0,0.0,5.465,5.067715804779482,0.39728419522051794,00-0036145,Lawrence,Cager,L.Cager,,,,,,,,,
2022,REG,18,00-0036290,C.Kmet,TE,TE,CHI,14867,036feeb6-9a22-43c5-a8e3-7ac611d8ff49,19229.0,60995.0,6826.0,,4258595.0,32713.0,,2868619.0,KmetCo00,cole-kmet-1,14436.0,,569.0,32713.0,0.0,21772.0,1066765.0,Cole Kmet,cole kmet,4,5,57.0,1,0.0,0.0,14.0,52.0,4.0,4.6113315,0,4.071429,0.18518518,0.04895105,0.31204352,Cole Kmet,CHI,4.8180000000000005,5.574826607917149,2.5780000000000007,4.984146624390999,80.0,57.0,1.0,13.260000000000002,11.345278042445813,1.914721957554189,00-0036290,Cole,Kmet,C.Kmet,REG,CHI,MIN,Cole Kmet,KmetCo00,1.0,0.0,0.0,153.7
2022,REG,18,00-0038046,C.Kolar,TE,TE,BAL,15795,3c048ac9-2c0f-4bf0-9ddc-ce99c9387ac8,22756.0,,8127.0,,4241263.0,34084.0,,2866273.0,KolaCh00,charlie-kolar-1,15924.0,,,34084.0,0.0,,1058648.0,Charlie Kolar,charlie kolar,4,6,49.0,0,0.0,0.0,49.0,20.0,3.0,2.57182,0,1.0,0.14285715,0.14040114,0.31256652,Charlie Kolar,BAL,8.158,2.1473312846107047,8.049999999999999,13.38803115558389,66.66666666666666,49.0,0.0,5.3675000000000015,4.428237882947883,0.9392621170521185,00-0038046,Charlie,Kolar,C.Kolar,REG,BAL,CIN,Charlie Kolar,KolaCh00,0.0,0.0,0.0,91.7
2022,REG,18,00-0036244,C.Parkinson,TE,TE,SEA,14871,1ea7affb-e5e7-491a-aaa3-55e200b2eb48,19372.0,52266.0,6865.0,,4242557.0,32803.0,,2867522.0,ParkCo02,colby-parkinson-1,14463.0,,565.0,32803.0,0.0,21807.0,1060312.0,Colby Parkinson,colby parkinson,2,3,47.0,0,0.0,0.0,37.0,16.0,2.0,3.0686843,0,1.2702702,0.10714286,0.13857678,0.25771803,,,,,,,,,,,,,,,,,REG,SEA,LA,Colby Parkinson,ParkCo02,0.0,0.0,0.0,109.7
2022,REG,18,00-0034351,D.Goedert,TE,TE,PHI,13674,e8029983-87cf-49a2-bc04-04c8233a0630,17270.0,47272.0,5022.0,,3121023.0,31019.0,,2132551.0,GoedDa00,,12860.0,13151.0,382.0,31019.0,791365.0,19863.0,791365.0,Dallas Goedert,dallas goedert,6,7,46.0,0,0.0,0.0,27.0,33.0,3.0,2.984867,0,1.7037038,0.22580644,0.11297071,0.41778916,Dallas Goedert,PHI,7.065,2.331833556679158,4.278571428571427,12.627540264777803,85.71428571428571,46.0,0.0,5.641666666666668,5.5260091818919745,0.11565748477469384,00-0034351,Dallas,Goedert,D.Goedert,REG,PHI,NYG,Dallas Goedert,GoedDa00,0.0,0.0,0.0,94.0
2022,REG,18,00-0034829,M.Gesicki,TE,TE,MIA,13672,1012cbe0-7eba-4169-bfca-183a0204e1a7,17272.0,47153.0,4993.0,,3116164.0,31012.0,,2139298.0,GesiMi00,mike-gesicki-1,12764.0,13104.0,330.0,31012.0,836152.0,19853.0,836152.0,Mike Gesicki,mike gesicki,4,6,46.0,0,0.0,0.0,61.0,12.0,1.0,-0.5220081,0,0.75409836,0.22222222,0.3227513,0.55925924,Mike Gesicki,MIA,8.22,2.2830938222773782,9.691666666666666,33.2608819996568,66.66666666666666,46.0,0.0,3.5600000000000005,4.819544669748893,-1.2595446697488928,00-0034829,Michael,Gesicki,M.Gesicki,REG,MIA,NYJ,Mike Gesicki,GesiMi00,0.0,0.0,0.0,89.6
2022,REG,18,00-0037304,C.Heyward,TE,TE,PIT,15800,62e96d7c-e4dd-4a90-8c3a-8017eb69120d,24562.0,,8181.0,,4241961.0,34163.0,,2867599.0,HeywCo00,connor-heyward-1,15916.0,,,34163.0,0.0,,1057457.0,Connor Heyward,connor heyward,3,4,45.0,0,0.0,0.0,33.0,14.0,2.0,5.089506,0,1.3636364,0.14285715,0.10610932,0.28856224,,,,,,,,,,,,,,,,,REG,PIT,CLE,Connor Heyward,HeywCo00,0.0,0.0,0.0,111.5
2022,REG,18,00-0033090,H.Henry,TE,TE,NE,12676,705899da-3c20-4bc3-b5d0-2e6e40655131,15561.0,10669.0,3214.0,,3046439.0,29269.0,,2079848.0,HenrHu00,hunter-henry-1,10735.0,11299.0,212.0,29269.0,744425.0,17975.0,744425.0,Hunter Henry,hunter henry,6,7,42.0,0,0.0,0.0,52.0,12.0,2.0,0.45725515,0,0.8076923,0.17948718,0.17449665,0.39137843,Hunter Henry,NE,8.846,4.110176173330605,6.979999999999999,16.45339439655172,85.71428571428571,42.0,0.0,2.158333333333335,2.4773687608010655,-0.3190354274677305,00-0033090,Hunter,Henry,H.Henry,REG,NE,BUF,Hunter Henry,HenrHu00,0.0,0.0,0.0,52.1
2022,REG,18,00-0033885,D.Njoku,TE,TE,CLE,13192,8f86fcea-90e8-49ea-bc78-5c7659313e57,16399.0,11784.0,4033.0,,3123076.0,30142.0,,2136474.0,NjokDa00,david-njoku-1,11734.0,12186.0,252.0,30142.0,832098.0,18876.0,832098.0,David Njoku,david njoku,4,5,42.0,1,0.0,0.0,33.0,13.0,4.0,4.466515,0,1.2727273,0.18518518,0.17934783,0.40332127,David Njoku,CLE,3.198,3.8969957120921386,8.284,22.324027163953865,80.0,42.0,1.0,4.074999999999999,3.8402243295606695,0.2347756704393298,00-0033885,David,Njoku,D.Njoku,REG,CLE,PIT,David Njoku,NjokDa00,1.0,0.0,0.0,141.2
2022,REG,18,00-0037809,C.Okonkwo,TE,TE,TEN,15889,14e11f9b-58c8-437f-abc0-a4e4df9a7c47,23982.0,,8210.0,,4360635.0,34099.0,,2965208.0,OkonCh00,chigoziem-okonkwo-1,16042.0,,1320.0,34099.0,0.0,,1106374.0,Chigoziem Okonkwo,chigoziem okonkwo,3,4,42.0,1,0.0,0.0,38.0,27.0,3.0,4.714913,0,1.1052631,0.14814815,0.22619048,0.38055557,,,,,,,,,,,,,,,,,REG,TEN,JAX,Chigoziem Okonkwo,OkonCh00,0.0,0.0,0.0,147.9
2022,REG,18,00-0037744,T.McBride,TE,TE,ARI,15794,734d54cc-c869-4e2f-a60f-c59c493f5110,22936.0,,8130.0,,4361307.0,34010.0,,2963385.0,McBrTr01,trey-mcbride-1,15902.0,,1253.0,34010.0,0.0,,1108161.0,Trey McBride,trey mcbride,3,3,41.0,0,0.0,0.0,12.0,29.0,2.0,3.917103,0,3.4166667,0.11111111,0.06666667,0.21333334,,,,,,,,,,,,,,,,,REG,ARI,SF,Trey McBride,McBrTr01,0.0,0.0,0.0,118.7
2022,REG,18,00-0034798,D.Smythe,TE,TE,MIA,13676,7e42a22a-c47b-4387-aeeb-2cc2e76dc1d8,17508.0,47257.0,5008.0,,3052897.0,31093.0,,2082845.0,SmytDu00,durham-smythe-1,12807.0,13249.0,,31093.0,749968.0,19943.0,749968.0,Durham Smythe,durham smythe,3,5,39.0,0,0.0,0.0,30.0,9.0,1.0,0.959352,0,1.3,0.18518518,0.15873016,0.3888889,Durham Smythe,MIA,5.13,2.577384361978601,5.564000000000003,15.912600812217587,60.0,39.0,0.0,4.2933333333333294,4.566872637240749,-0.27353930390741965,00-0034798,Durham,Smythe,D.Smythe,REG,MIA,NYJ,Durham Smythe,SmytDu00,0.0,0.0,0.0,84.6
2022,REG,18,00-0030506,T.Kelce,TE,TE,KC,11244,c3859e06-5f23-4302-a71b-04820a899d5f,11594.0,7844.0,1466.0,traviskelce/2540258,15847.0,26686.0,,1725130.0,KelcTr00,travis-kelce-1,8783.0,8411.0,264.0,26686.0,448240.0,15048.0,448240.0,Travis Kelce,travis kelce,6,7,38.0,0,0.0,0.0,30.0,11.0,2.0,-0.62080985,0,1.2666667,0.29166666,0.13100436,0.52920306,Travis Kelce,KC,7.151428571428572,2.7040258268728414,4.404285714285715,13.864903759669009,85.71428571428571,38.0,0.0,1.9883333333333335,3.016608627864874,-1.0282752945315405,00-0030506,Travis,Kelce,T.Kelce,REG,KC,LV,Travis Kelce,KelcTr00,0.0,0.0,0.0,89.3
2022,REG,18,00-0032392,A.Hooper,TE,TE,TEN,12677,90c2a93f-d837-4e1b-b57c-56648903a8db,15581.0,10715.0,3202.0,,3043275.0,29315.0,,2067004.0,HoopAu00,austin-hooper-1,10748.0,11301.0,384.0,29315.0,739424.0,17963.0,739424.0,Austin Hooper,austin hooper,4,4,38.0,0,0.0,0.0,30.0,8.0,4.0,7.0741987,0,1.2666667,0.14814815,0.17857143,0.3472222,,,,,,,,,,,,,,,,,REG,TEN,JAX,Austin Hooper,HoopAu00,0.0,0.0,0.0,106.2
2022,REG,18,00-0031610,D.Waller,TE,TE,LV,12263,14c97c9f-26e8-4944-9299-f90de6aeada3,14104.0,9637.0,2505.0,,2576925.0,28592.0,,1850793.0,WallDa01,darren-waller-1,10215.0,10433.0,,28592.0,600191.0,16964.0,600191.0,Darren Waller,darren waller,2,6,35.0,0,0.0,0.0,83.0,13.0,2.0,-1.570316,0,0.42168674,0.1764706,0.2703583,0.4539567,Darren Waller,LV,4.791666666666667,0.9794373153379414,17.006666666666664,31.055787199074768,33.33333333333333,35.0,0.0,6.510000000000002,4.382377584768506,2.127622415231496,00-0031610,Darren,Waller,D.Waller,REG,LV,KC,Darren Waller,WallDa01,0.0,0.0,0.0,54.2
2022,REG,18,00-0031585,M.Pruitt,TE,TE,ATL,12309,f22b34cf-6ecf-4522-9c77-1da275dfda7d,13964.0,9576.0,2446.0,,2508256.0,28531.0,,1760327.0,PruiMy00,,10251.0,10522.0,,28531.0,552586.0,16903.0,552586.0,MyCole Pruitt,mycole pruitt,3,5,34.0,1,0.0,0.0,44.0,7.0,2.0,2.0737543,0,0.77272725,0.17857143,0.13173653,0.3600727,MyCole Pruitt,ATL,3.2400000000000007,3.4549084945727415,8.504,12.80877214122183,60.0,34.0,1.0,3.2166666666666672,4.448448964988832,-1.2317822983221647,00-0031585,MyCole,Pruitt,M.Pruitt,REG,ATL,TB,MyCole Pruitt,PruiMy00,0.0,0.0,0.0,120.0
2022,REG,18,00-0033110,T.Higbee,TE,TE,LA,12678,0df7912d-9e81-47ea-b4f7-d04986df4ee8,15623.0,10744.0,3271.0,,2573401.0,29344.0,,1853103.0,HigbTy00,tyler-higbee-1,10854.0,11430.0,159.0,29344.0,604176.0,18032.0,604176.0,Tyler Higbee,tyler higbee,4,7,33.0,0,0.0,0.0,8.0,28.0,2.0,0.19506899,0,4.125,0.29166666,0.034042552,0.4613298,Tyler Higbee,LAR,6.734285714285714,3.0312835993714597,0.4128571428571409,1.3114307755139025,57.14285714285714,33.0,0.0,6.937500000000002,6.520131064789666,0.4173689352103356,00-0033110,Tyler,Higbee,T.Higbee,REG,LA,SEA,Tyler Higbee,HigbTy00,0.0,0.0,0.0,69.3
2022,REG,18,00-0034383,D.Schultz,TE,TE,DAL,13772,8caec1b4-e0b6-4a84-b8c8-617d6e91ef6a,17349.0,47304.0,5001.0,,3117256.0,31107.0,,2136748.0,SchuDa00,dalton-schultz-1,12514.0,13198.0,487.0,31107.0,830523.0,19920.0,830523.0,Dalton Schultz,dalton schultz,4,9,33.0,0,0.0,0.0,88.0,6.0,1.0,-0.24977362,0,0.375,0.25,0.21890548,0.5282338,Dalton Schultz,DAL,5.339999999999999,1.5361668920326477,9.80888888888889,21.92692680261295,44.44444444444444,33.0,0.0,1.2700000000000014,1.9823019084343514,-0.71230190843435,00-0034383,Dalton,Schultz,D.Schultz,REG,DAL,WAS,Dalton Schultz,SchuDa00,0.0,1.0,0.111,54.4
2022,REG,18,00-0035329,D.Parham,TE,TE,LAC,14341,4f246e92-3d21-450f-977a-dc16892c7238,18835.0,91014.0,6074.0,,3912092.0,32456.0,,2183713.0,ParhDo00,,13602.0,14320.0,,32456.0,875649.0,20905.0,875649.0,Donald Parham,donald parham,2,2,31.0,0,0.0,0.0,25.0,6.0,1.0,1.942611,0,1.24,0.045454547,0.089605734,0.13090584,,,,,,,,,,,,,,,,,REG,LAC,DEN,Donald Parham,ParhDo00,0.0,0.0,0.0,118.7
2022,REG,18,00-0033288,G.Kittle,TE,TE,SF,13299,2ada91b0-036e-454f-83c3-6d939ff584a9,16499.0,11901.0,4217.0,,3040151.0,30259.0,,2818265.0,KittGe00,george-kittle-1,11892.0,12276.0,298.0,30259.0,733672.0,19063.0,733672.0,George Kittle,george kittle,4,6,29.0,2,0.0,0.0,29.0,10.0,3.0,3.9931593,0,1.0,0.3,0.27102804,0.6397196,George Kittle,SF,4.245,2.5492266565883637,7.46,36.61649214659686,66.66666666666666,29.0,2.0,2.7125000000000004,1.9338728490370158,0.7786271509629845,00-0033288,George,Kittle,G.Kittle,REG,SF,ARI,George Kittle,KittGe00,0.0,1.0,0.167,117.4
2022,REG,18,00-0033757,R.Tonyan,TE,TE,GB,13427,7c9c7800-69d0-459b-812b-a07ac48e9f2a,16502.0,12193.0,4602.0,,2975674.0,30777.0,,2820026.0,TonyRo00,,12389.0,12868.0,,30777.0,660151.0,19491.0,660151.0,Robert Tonyan,robert tonyan,3,3,29.0,0,0.0,0.0,26.0,3.0,1.0,1.115955,0,1.1153846,0.115384616,0.10569106,0.24706066,,,,,,,,,,,,,,,,,REG,GB,DET,Robert Tonyan,TonyRo00,0.0,0.0,0.0,106.9
2022,REG,18,00-0033881,E.Engram,TE,TE,JAX,13189,e21365af-8d66-416e-b0a5-8816d18fcfd9,16411.0,11778.0,4066.0,,3051876.0,30136.0,,2079887.0,EngrEv00,evan-engram-1,11805.0,12205.0,229.0,30136.0,749185.0,18912.0,749185.0,Evan Engram,evan engram,4,4,27.0,0,0.0,0.0,8.0,19.0,2.0,1.6231827,0,3.375,0.13793103,0.032,0.22929655,,,,,,,,,,,,,,,,,REG,JAX,TEN,Evan Engram,EngrEv00,0.0,0.0,0.0,94.8
2022,REG,18,00-0035222,Z.Gentry,TE,TE,PIT,14240,58f18567-a050-49c4-aeca-b34499338b37,18690.0,36049.0,6018.0,,3929924.0,31973.0,,2185708.0,GentZa00,zach-gentry-2,13511.0,14247.0,,31973.0,883079.0,20770.0,883079.0,Zach Gentry,zach gentry,1,1,23.0,0,0.0,0.0,15.0,8.0,1.0,1.2143347,0,1.5333333,0.035714287,0.048231512,0.087333485,,,,,,,,,,,,,,,,,REG,PIT,CLE,Zach Gentry,GentZa00,0.0,0.0,0.0,118.7
2022,REG,18,00-0036040,J.Johnson,TE,TE,NO,14861,0226b03b-f91d-4223-9813-9fcd2e9c3acc,19562.0,28305.0,7002.0,,3929645.0,33113.0,,2186637.0,JohnJu02,,14630.0,,575.0,33113.0,0.0,21738.0,884609.0,Juwan Johnson,juwan johnson,1,1,21.0,0,0.0,0.0,15.0,6.0,1.0,1.3168743,0,1.4,0.04,0.06382979,0.10468085,,,,,,,,,,,,,,,,,REG,NO,CAR,Juwan Johnson,JohnJu02,0.0,0.0,0.0,118.7
2022,REG,18,00-0035644,N.Fant,TE,TE,SEA,14137,cdc98acc-9eb6-4b44-81bb-61d7b8a3b55f,17527.0,42388.0,5857.0,,4036131.0,31852.0,,2251095.0,FantNo00,noah-fant-1,13426.0,14050.0,243.0,31852.0,923911.0,20753.0,923911.0,Noah Fant,noah fant,4,4,20.0,0,0.0,0.0,17.0,3.0,0.0,-0.6458492,0,1.1764706,0.14285715,0.06367041,0.25885502,,,,,,,,,,,,,,,,,REG,SEA,LA,Noah Fant,FantNo00,0.0,0.0,0.0,87.5
2022,REG,18,00-0036232,H.Bryant,TE,TE,CLE,14875,f58a5899-8b78-46e8-a29a-ba6273b7d872,19389.0,26394.0,6850.0,,4040774.0,32785.0,,2241240.0,BryaHa00,harrison-bryant-1,14576.0,,752.0,32785.0,0.0,21783.0,916467.0,Harrison Bryant,harrison bryant,2,2,20.0,0,0.0,0.0,17.0,3.0,1.0,1.6757627,0,1.1764706,0.074074075,0.092391305,0.17578502,,,,,,,,,,,,,,,,,REG,CLE,PIT,Harrison Bryant,BryaHa00,0.0,0.0,0.0,108.3
2022,REG,18,00-0032394,N.Vannett,TE,TE,NYG,12680,c731aa8a-778b-4ccd-a19f-517eb66f47b7,15645.0,10728.0,3258.0,,2576399.0,29328.0,,1871322.0,VannNi00,nick-vannett-1,10949.0,11329.0,,29328.0,606488.0,18019.0,606488.0,Nick Vannett,nick vannett,2,4,18.0,0,0.0,0.0,15.0,7.0,0.0,-0.025158688,0,1.2,0.10526316,0.067567565,0.20519203,,,,,,,,,,,,,,,,,REG,NYG,PHI,Nick Vannett,VannNi00,0.0,0.0,0.0,62.5
2022,REG,18,00-0036422,A.Trautman,TE,TE,NO,14870,4e14183b-f974-4745-9d7f-8f5eb2a92a7d,19423.0,109795.0,6869.0,,3911853.0,32775.0,,2182228.0,TrauAd00,,14541.0,,566.0,32775.0,0.0,21786.0,875444.0,Adam Trautman,adam trautman,1,1,18.0,0,0.0,0.0,5.0,13.0,1.0,1.0085077,0,3.6,0.04,0.021276595,0.074893616,,,,,,,,,,,,,,,,,REG,NO,CAR,Adam Trautman,TrauAd00,0.0,0.0,0.0,118.7
2022,REG,18,00-0031260,L.Thomas,TE,TE,WAS,11647,b24625a0-d402-4d59-a778-aa4b073bfe5e,12095.0,8755.0,2251.0,loganthomas/2543767,16813.0,27648.0,,1691193.0,ThomLo00,logan-thomas-1,9323.0,9354.0,,27648.0,507528.0,16656.0,507528.0,Logan Thomas,logan thomas,2,3,16.0,0,0.0,0.0,10.0,6.0,0.0,-1.2828906,0,1.6,0.16666667,0.06329114,0.2943038,,,,,,,,,,,,,,,,,REG,WAS,DAL,Logan Thomas,ThomLo00,0.0,0.0,0.0,79.9
2022,REG,18,00-0035229,T.Hockenson,TE,TE,MIN,14138,bd1120b6-38b3-4225-a4b0-20660a149d0d,18290.0,40912.0,5844.0,,4036133.0,31840.0,,2251097.0,HockTJ00,tj-hockenson-1,13610.0,14051.0,247.0,31840.0,923915.0,20805.0,923915.0,T.J. Hockenson,tj hockenson,1,1,16.0,0,0.0,0.0,5.0,11.0,1.0,2.5251577,0,3.2,0.03125,0.019379845,0.06044089,,,,,,,,,,,,,,,,,REG,MIN,CHI,T.J. Hockenson,HockTJ00,1.0,0.0,0.0,118.7
2022,REG,18,00-0034830,H.Hurst,TE,TE,CIN,13680,1b125fc4-5dd9-4eb9-a42f-048e61ca42b7,17283.0,47294.0,4973.0,,3924365.0,30995.0,,2185053.0,HursHa00,hayden-hurst-1,12467.0,13098.0,8.0,30995.0,881956.0,19843.0,881956.0,Hayden Hurst,hayden hurst,4,5,14.0,0,0.0,0.0,1.0,16.0,3.0,1.2939236,0,14.0,0.125,0.0029239766,0.18954678,Hayden Hurst,CIN,7.37,3.2277137969768424,0.0019999999999988916,0.0028521719289222947,80.0,14.0,0.0,4.310000000000001,4.157990561992563,0.15200943800743882,00-0034830,Hayden,Hurst,H.Hurst,REG,CIN,BAL,Hayden Hurst,HursHa00,0.0,1.0,0.2,79.2
2022,REG,18,00-0034970,I.Smith,TE,TE,MIN,14141,ed0e6a30-83d5-4f4b-bf49-f7ff80e21304,18610.0,42060.0,6126.0,,4040980.0,31882.0,,2257888.0,SmitIr01,irv-smith-jr-1,13583.0,14052.0,,31882.0,944428.0,20949.0,944428.0,Irv Smith,irv smith,3,3,14.0,0,0.0,0.0,9.0,5.0,0.0,0.04289434,0,1.5555556,0.09375,0.034883723,0.1650436,,,,,,,,,,,,,,,,,REG,MIN,CHI,Irv Smith Jr.,SmitIr01,0.0,0.0,0.0,86.1
2022,REG,18,00-0036637,N.Gray,TE,TE,KC,15337,c97dfcb6-b999-476f-8487-f3848e92df17,19539.0,60878.0,7828.0,,4240472.0,33550.0,,2866903.0,GrayNo00,noah-gray-1,15459.0,,1059.0,33550.0,0.0,,1056981.0,Noah Gray,noah gray,1,1,14.0,0,0.0,0.0,-3.0,17.0,1.0,1.5222111,0,0.0,0.041666668,-0.013100437,0.053329695,,,,,,,,,,,,,,,,,REG,KC,LV,Noah Gray,GrayNo00,1.0,0.0,0.0,118.7
2022,REG,18,00-0034270,T.Conklin,TE,TE,NYJ,13675,f0d17dfa-ebf3-416c-a8d2-c6bc30675103,17598.0,47327.0,5133.0,,3915486.0,31220.0,,2165249.0,ConkTy00,tyler-conklin-1,12809.0,13220.0,489.0,31127.0,861278.0,19988.0,861278.0,Tyler Conklin,tyler conklin,2,4,13.0,0,0.0,0.0,41.0,3.0,1.0,-0.7564695,0,0.31707317,0.125,0.15241636,0.29419145,,,,,,,,,,,,,,,,,REG,NYJ,MIA,Tyler Conklin,ConkTy00,0.0,0.0,0.0,57.3
2022,REG,18,00-0035689,D.Knox,TE,TE,BUF,14143,5fb525c5-4e70-4ede-8c49-94ad0cf66b7d,18631.0,35883.0,5906.0,,3930086.0,31928.0,,2186345.0,KnoxDa00,dawson-knox-1,13466.0,13953.0,88.0,31928.0,884083.0,20850.0,884083.0,Dawson Knox,dawson knox,2,2,13.0,1,0.0,0.0,3.0,10.0,1.0,2.3560603,0,4.3333335,0.06451613,0.0072115385,0.10182227,,,,,,,,,,,,,,,,,REG,BUF,NE,Dawson Knox,KnoxDa00,0.0,0.0,0.0,133.3
2022,REG,18,00-0033455,A.Firkser,TE,TE,ATL,13919,b0719e3d-199b-46e5-a2b4-1091f6fd5c0d,16787.0,51837.0,4435.0,,3049698.0,30571.0,,2818971.0,FirkAn00,,12235.0,12691.0,,30571.0,767297.0,19296.0,767297.0,Anthony Firkser,anthony firkser,1,1,11.0,0,0.0,0.0,11.0,0.0,1.0,3.359062,0,1.0,0.035714287,0.032934133,0.07662532,,,,,,,,,,,,,,,,,REG,ATL,TB,Anthony Firkser,FirkAn00,0.0,0.0,0.0,112.5
2022,REG,18,00-0036887,L.Farrell,TE,TE,JAX,15335,8a1f0e8e-6521-4a94-9934-ad4f76a25fd9,19501.0,42353.0,7842.0,,4040612.0,33533.0,,2260977.0,FarrLu00,luke-farrell-1,15566.0,,,33533.0,0.0,,946541.0,Luke Farrell,luke farrell,1,1,11.0,0,0.0,0.0,1.0,10.0,1.0,0.6576414,0,11.0,0.03448276,0.004,0.05452414,,,,,,,,,,,,,,,,,REG,JAX,TEN,Luke Farrell,FarrLu00,1.0,0.0,0.0,112.5
2022,REG,18,00-0034981,F.Moreau,TE,TE,LV,14239,9c3a67fd-5c6e-4689-9e08-9ff6d4db6c9a,18397.0,47043.0,5985.0,,3843945.0,31969.0,,2180634.0,MoreFo00,foster-moreau-1,13822.0,14154.0,179.0,31969.0,865573.0,20884.0,865573.0,Foster Moreau,foster moreau,1,1,10.0,0,0.0,0.0,4.0,6.0,1.0,0.41952848,0,2.5,0.029411765,0.0130293155,0.05323817,,,,,,,,,,,,,,,,,REG,LV,KC,Foster Moreau,MoreFo00,0.0,0.0,0.0,108.3
2022,REG,18,00-0037755,J.Woods,TE,TE,IND,15840,321af8f8-b4de-4ed2-a86f-7f97a85a13d4,23829.0,,8219.0,,4241410.0,34029.0,,2787078.0,WoodJe01,jelani-woods-1,15821.0,,1305.0,34029.0,0.0,,975503.0,Jelani Woods,jelani woods,1,4,9.0,0,0.0,0.0,26.0,4.0,0.0,-3.962097,0,0.34615386,0.11764706,0.12871288,0.26656958,,,,,,,,,,,,,,,,,REG,IND,HOU,Jelani Woods,WoodJe01,0.0,0.0,0.0,39.6
2022,REG,18,00-0027981,K.Rudolph,TE,TE,TB,10312,1059e9dc-97df-4643-9116-883a0573d8b1,9906.0,6195.0,943.0,kylerudolph/2495438,14054.0,24830.0,7444.0,1633122.0,RudoKy00,kyle-rudolph-1,7246.0,6459.0,,24830.0,469472.0,13275.0,469472.0,Kyle Rudolph,kyle rudolph,1,1,8.0,1,0.0,0.0,8.0,0.0,1.0,2.0098076,0,1.0,0.030303031,0.04278075,0.07540107,,,,,,,,,,,,,,,,,REG,TB,ATL,Kyle Rudolph,RudoKy00,0.0,0.0,0.0,139.6
2022,REG,18,00-0033895,G.Everett,TE,TE,LAC,13236,ebeceb00-57e0-4b74-9cf7-853da2afed18,16459.0,11799.0,4089.0,,3918639.0,30157.0,,2142692.0,EverGe00,gerald-everett-1,11737.0,12284.0,55.0,30157.0,838487.0,18935.0,838487.0,Gerald Everett,gerald everett,3,5,8.0,1,0.0,0.0,9.0,7.0,2.0,-0.36678338,0,0.8888889,0.11363637,0.032258064,0.19303519,Gerald Everett,LAC,6.624,3.89155456401035,2.037999999999998,3.543115438108481,60.0,8.0,1.0,1.8600000000000019,5.83530870400773,-3.9753087040077277,00-0033895,Gerald,Everett,G.Everett,REG,LAC,DEN,Gerald Everett,EverGe00,0.0,2.0,0.4,104.2
2022,REG,18,00-0037805,J.Ruckert,TE,TE,NYJ,15796,28f3732b-0910-4d09-9fd4-e43b821dc5bb,23742.0,,8145.0,,4361372.0,34057.0,,2965446.0,RuckJe00,jeremy-ruckert-1,15996.0,,1255.0,34057.0,0.0,,1122596.0,Jeremy Ruckert,jeremy ruckert,1,1,8.0,0,0.0,0.0,7.0,1.0,0.0,0.5564155,0,1.1428572,0.03125,0.026022306,0.06509061,,,,,,,,,,,,,,,,,REG,NYJ,MIA,Jeremy Ruckert,RuckJe00,0.0,0.0,0.0,100.0
2022,REG,18,00-0037282,J.Mitchell,TE,TE,DET,15909,f461da0c-f764-414c-9e0d-2f02e22a68d8,23174.0,,8170.0,,4361988.0,34133.0,,2963242.0,MitcJa00,james-mitchell-2,16035.0,,,34133.0,0.0,,1123712.0,James Mitchell,james mitchell,1,1,7.0,0,0.0,0.0,7.0,0.0,0.0,0.69565207,0,1.0,0.030303031,0.036458332,0.07097538,,,,,,,,,,,,,,,,,REG,DET,GB,James Mitchell,MitcJa00,0.0,0.0,0.0,95.8
2022,REG,18,00-0035572,P.Hesse,TE,TE,ATL,15564,5aab93f1-bc81-4d83-b105-d579a14eb349,19067.0,48369.0,6662.0,,3144991.0,32588.0,,3117115.0,,,14295.0,,,32588.0,0.0,21569.0,846264.0,Parker Hesse,parker hesse,1,1,6.0,0,0.0,0.0,-2.0,8.0,0.0,0.2910313,0,0.0,0.035714287,-0.005988024,0.04937981,,,,,,,,,,,,,,,,,,,,,,,,,
2022,REG,18,00-0032141,G.Swaim,TE,TE,TEN,12378,d0f9112d-2496-450a-9fc5-d2d01b4d2454,14164.0,9679.0,2545.0,geoffswaim/2553454,3046704.0,28634.0,,2174207.0,SwaiGe00,geoff-swaim-1,10507.0,10617.0,,28634.0,728021.0,17005.0,728021.0,Geoff Swaim,geoff swaim,1,1,5.0,0,0.0,0.0,5.0,0.0,1.0,0.2927926,0,1.0,0.037037037,0.029761905,0.07638889,,,,,,,,,,,,,,,,,REG,TEN,JAX,Geoff Swaim,SwaiGe00,0.0,0.0,0.0,87.5
2022,REG,18,00-0038129,C.Otton,TE,TE,TB,15802,f23517bd-ae85-484a-8ecb-1f7a2d851e48,23181.0,,8111.0,,4243331.0,34062.0,,2815179.0,OttoCa00,cade-otton-1,16032.0,,1261.0,34062.0,0.0,,1049263.0,Cade Otton,cade otton,1,1,5.0,0,0.0,0.0,5.0,0.0,1.0,1.0690157,0,1.0,0.030303031,0.026737968,0.06417112,,,,,,,,,,,,,,,,,REG,TB,ATL,Cade Otton,OttoCa00,0.0,0.0,0.0,87.5
2022,REG,18,00-0033217,M.Alie-Cox,TE,TE,IND,13246,8809c0dd-786b-4255-a7d0-333c9498c19a,16579.0,12078.0,4054.0,moalie-cox/2558832,2998565.0,30112.0,,2815925.0,AlieMo00,,12196.0,12221.0,195.0,30112.0,712506.0,18900.0,712506.0,Mo Alie-Cox,mo alie-cox,1,1,4.0,1,0.0,0.0,4.0,0.0,1.0,2.4660094,0,1.0,0.029411765,0.01980198,0.057979032,,,,,,,,,,,,,,,,,REG,IND,HOU,Mo Alie-Cox,AlieMo00,0.0,0.0,0.0,122.9
2022,REG,18,00-0038041,J.Ferguson,TE,TE,DAL,15799,f46eab3d-d7dd-4420-b3f9-6da9ac1308ab,22718.0,,8110.0,,4242355.0,34085.0,,2867159.0,FergJa00,jake-ferguson-1,15947.0,,1258.0,34085.0,0.0,,1065361.0,Jake Ferguson,jake ferguson,1,1,4.0,0,0.0,0.0,3.0,1.0,0.0,0.03258636,0,1.3333334,0.027777778,0.0074626864,0.046890546,,,,,,,,,,,,,,,,,REG,DAL,WAS,Jake Ferguson,FergJa00,0.0,0.0,0.0,83.3
2022,REG,18,00-0031690,E.Tomlinson,TE,TE,DEN,13065,b3d7169b-9cf6-4fea-815a-26e4fb0ec16a,14339.0,9786.0,2755.0,,2511973.0,28658.0,,1759992.0,TomlEr01,,10553.0,10747.0,,28658.0,554431.0,17223.0,554431.0,Eric Tomlinson,eric tomlinson,1,1,3.0,1,0.0,0.0,3.0,0.0,1.0,2.6752737,0,1.0,0.045454547,0.009287925,0.07468337,,,,,,,,,,,,,,,,,REG,DEN,LAC,Eric Tomlinson,TomlEr01,0.0,0.0,0.0,118.7
2022,REG,18,00-0032062,B.Bell,TE,TE,KC,12213,0cc4e449-185a-4b08-9f07-c907ad0c3e05,13966.0,9550.0,2422.0,,2514206.0,28505.0,,1737101.0,BellBl00,blake-bell-1,10248.0,10366.0,,28505.0,542871.0,16878.0,542871.0,Blake Bell,blake bell,1,1,3.0,0,0.0,0.0,0.0,3.0,0.0,-0.21537733,0,0.0,0.041666668,0.0,0.0625,,,,,,,,,,,,,,,,,REG,KC,LV,Blake Bell,BellBl00,0.0,0.0,0.0,79.2
2022,REG,18,00-0037005,T.Tremble,TE,TE,CAR,15332,cbee2fd3-e5f2-4316-bffd-531f1873f032,22795.0,84025.0,7694.0,,4372780.0,33471.0,,2969027.0,TremTo00,tommy-tremble-1,15371.0,,1054.0,33471.0,0.0,,1130555.0,Tommy Tremble,tommy tremble,1,1,2.0,0,0.0,0.0,-2.0,4.0,1.0,0.498953,0,0.0,0.09090909,-0.01438849,0.12629169,,,,,,,,,,,,,,,,,REG,CAR,NO,Tommy Tremble,TremTo00,0.0,0.0,0.0,79.2
2022,REG,18,00-0035249,J.Oliver,TE,TE,BAL,14209,dc83f7af-7b30-4c4a-9c93-f67bd8db954b,18487.0,47083.0,5973.0,,3921690.0,31901.0,,2184618.0,OlivJo00,josh-oliver-1,13786.0,14127.0,7.0,31901.0,881779.0,20899.0,881779.0,Josh Oliver,josh oliver,0,1,0.0,0,0.0,0.0,5.0,0.0,0.0,-0.5924678,0,0.0,0.023809524,0.014326648,0.04574294,,,,,,,,,,,,,,,,,REG,BAL,CIN,Josh Oliver,OlivJo00,0.0,1.0,1.0,39.6
2022,REG,18,00-0036423,A.Okwuegbunam,TE,TE,DEN,14873,617aee8a-70be-4bdf-9a71-2e2b74e647e6,18246.0,41933.0,6843.0,,4035115.0,32788.0,,2245117.0,OkwuAl00,albert-okwuegbunam-1,14369.0,,,32788.0,0.0,21794.0,920077.0,Albert Okwuegbunam,albert okwuegbunam,0,1,0.0,0,0.0,0.0,27.0,0.0,0.0,-0.53667665,0,0.0,0.045454547,0.083591335,0.12669575,,,,,,,,,,,,,,,,,REG,DEN,LAC,Albert Okwuegbunam,OkwuAl00,0.0,0.0,0.0,39.6
2022,REG,18,00-0036424,B.Hopkins,TE,TE,LA,14868,39cb1520-dda8-4167-95c4-4947c8383bc4,19234.0,47338.0,6926.0,,3918003.0,32806.0,,2183906.0,HopkBr01,brycen-hopkins-1,14586.0,,,32806.0,0.0,21678.0,880294.0,Brycen Hopkins,brycen hopkins,0,1,0.0,0,0.0,0.0,15.0,0.0,0.0,-0.4836136,0,0.0,0.041666668,0.06382979,0.10718085,,,,,,,,,,,,,,,,,REG,LA,SEA,Brycen Hopkins,HopkBr01,0.0,0.0,0.0,39.6
2022,REG,18,00-0036534,S.Zylstra,TE,TE,DET,15604,0cafaac9-20fb-4e5a-9362-158d8a4e7904,23461.0,,8041.0,,4608362.0,33803.0,,2668830.0,ZylsSh00,,15701.0,,,33803.0,0.0,,1284247.0,Shane Zylstra,shane zylstra,0,1,0.0,0,0.0,0.0,3.0,0.0,0.0,-1.3816719,0,0.0,0.030303031,0.015625,0.056392044,,,,,,,,,,,,,,,,,REG,DET,GB,Shane Zylstra,ZylsSh00,0.0,0.0,0.0,39.6
2022,REG,18,00-0036754,B.Wright,TE,TE,DET,15626,8f182089-7730-499e-8f2e-87bda32debfb,23341.0,60994.0,7891.0,,4242392.0,33774.0,,2807423.0,WrigBr01,,15681.0,,1162.0,33774.0,0.0,,978120.0,Brock Wright,brock wright,0,1,0.0,0,0.0,0.0,10.0,0.0,0.0,-0.29575473,0,0.0,0.030303031,0.052083332,0.081912875,,,,,,,,,,,,,,,,,REG,DET,GB,Brock Wright,WrigBr01,0.0,1.0,1.0,39.6
2022,REG,18,00-0036894,P.Freiermuth,TE,TE,PIT,15331,04f0fefe-9d9d-44f5-94ea-6df2a42df3c6,20163.0,84085.0,7600.0,,4361411.0,33443.0,,2961270.0,FreiPa00,pat-freiermuth-1,15267.0,,1053.0,33443.0,0.0,,1116662.0,Pat Freiermuth,pat freiermuth,0,2,0.0,0,0.0,0.0,14.0,0.0,0.0,-1.5986805,0,0.0,0.071428575,0.045016076,0.13865411,,,,,,,,,,,,,,,,,REG,PIT,CLE,Pat Freiermuth,FreiPa00,0.0,0.0,0.0,39.6
2022,REG,18,00-0037011,T.McKitty,TE,TE,LAC,15333,2ac90a86-c585-4c12-894d-a805a0c94cc3,22807.0,60896.0,7554.0,,4240023.0,33485.0,,2804040.0,McKiTr00,tre-mckitty-1,15252.0,,,33485.0,0.0,,976252.0,Tre' McKitty,tre mckitty,0,1,0.0,0,0.0,0.0,3.0,0.0,0.0,-0.9893909,0,0.0,0.022727273,0.010752688,0.041617792,,,,,,,,,,,,,,,,,REG,LAC,DEN,Tre' McKitty,McKiTr00,0.0,0.0,0.0,39.6
2022,REG,18,00-0037168,A.Rogers,TE,TE,WAS,15990,6a3edb00-ca63-11ec-bdda-4fe5bed84950,24242.0,,8665.0,,4056052.0,34278.0,,2258253.0,RogeAr00,,16362.0,,,34278.0,0.0,,944636.0,Armani Rogers,armani rogers,0,0,0.0,0,0.0,0.0,0.0,0.0,0.0,,0,,,,,,,,,,,,,,,,,,,,,,,,,,,,,
2022,POST,19,00-0035229,T.Hockenson,TE,TE,MIN,14138,bd1120b6-38b3-4225-a4b0-20660a149d0d,18290.0,40912.0,5844.0,,4036133.0,31840.0,,2251097.0,HockTJ00,tj-hockenson-1,13610.0,14051.0,247.0,31840.0,923915.0,20805.0,923915.0,T.J. Hockenson,tj hockenson,10,11,129.0,0,0.0,0.0,73.0,65.0,6.0,10.873561,0,1.7671233,0.2820513,0.29554656,0.6299595,T.J. Hockenson,MIN,6.015000000000001,3.023485420825887,6.492727272727274,28.48596043395023,90.9090909090909,129.0,0.0,6.757999999999998,4.897708523937689,1.8602914760623088,00-0035229,Thomas,Hockenson,T.Hockenson,WC,MIN,NYG,T.J. Hockenson,HockTJ00,0.0,0.0,0.0,115.5
2022,POST,19,00-0033895,G.Everett,TE,TE,LAC,13236,ebeceb00-57e0-4b74-9cf7-853da2afed18,16459.0,11799.0,4089.0,,3918639.0,30157.0,,2142692.0,EverGe00,gerald-everett-1,11737.0,12284.0,55.0,30157.0,838487.0,18935.0,838487.0,Gerald Everett,gerald everett,6,8,109.0,1,0.0,0.0,47.0,75.0,5.0,11.113066,0,2.319149,0.1904762,0.2008547,0.42631257,Gerald Everett,LAC,4.483333333333333,3.431906164716124,4.833750000000001,15.550729882977448,75.0,109.0,1.0,13.713333333333333,6.97590591763651,6.737427415696823,00-0033895,Gerald,Everett,G.Everett,WC,LAC,JAX,Gerald Everett,EverGe00,3.0,0.0,0.0,156.2
2022,POST,19,00-0034383,D.Schultz,TE,TE,DAL,13772,8caec1b4-e0b6-4a84-b8c8-617d6e91ef6a,17349.0,47304.0,5001.0,,3117256.0,31107.0,,2136748.0,SchuDa00,dalton-schultz-1,12514.0,13198.0,487.0,31107.0,830523.0,19920.0,830523.0,Dalton Schultz,dalton schultz,7,8,95.0,2,0.0,0.0,92.0,11.0,5.0,9.122172,0,1.0326087,0.25,0.359375,0.6265625,Dalton Schultz,DAL,5.8975,2.9160816405123198,11.08875,36.24366726589312,87.5,95.0,2.0,2.6999999999999997,1.9164568439140197,0.78354315608598,00-0034383,Dalton,Schultz,D.Schultz,WC,DAL,TB,Dalton Schultz,SchuDa00,0.0,0.0,0.0,155.7
2022,POST,19,00-0033881,E.Engram,TE,TE,JAX,13189,e21365af-8d66-416e-b0a5-8816d18fcfd9,16411.0,11778.0,4066.0,,3051876.0,30136.0,,2079887.0,EngrEv00,evan-engram-1,11805.0,12205.0,229.0,30136.0,749185.0,18912.0,749185.0,Evan Engram,evan engram,7,11,93.0,1,0.0,0.0,70.0,55.0,6.0,0.23163418,0,1.3285714,0.23913044,0.19498608,0.4951859,Evan Engram,JAX,6.165000000000001,2.251736739622184,6.810909090909092,20.131667338438803,63.63636363636363,93.0,1.0,8.374285714285712,4.910460406249293,3.4638253080364185,00-0033881,Evan,Engram,E.Engram,WC,JAX,LAC,Evan Engram,EngrEv00,1.0,0.0,0.0,81.1
2022,POST,19,00-0034753,M.Andrews,TE,TE,BAL,13671,0618f387-9b72-4270-8b8f-dec4cccc9e4a,17269.0,47436.0,5012.0,,3116365.0,31056.0,,2131121.0,AndrMa00,mark-andrews-1,12559.0,13182.0,366.0,31056.0,820699.0,19803.0,820699.0,Mark Andrews,mark andrews,5,10,73.0,0,0.0,0.0,99.0,24.0,3.0,-1.8138092,0,0.7373737,0.35714287,0.60365856,0.95827526,Mark Andrews,BAL,5.6755555555555555,2.95799406630169,10.620999999999999,56.59703719492699,50.0,73.0,0.0,5.642000000000001,4.535077754067379,1.1069222459326227,00-0034753,Mark,Andrews,M.Andrews,WC,BAL,CIN,Mark Andrews,AndrMa00,0.0,0.0,0.0,34.6
2022,POST,19,00-0038129,C.Otton,TE,TE,TB,15802,f23517bd-ae85-484a-8ecb-1f7a2d851e48,23181.0,,8111.0,,4243331.0,34062.0,,2815179.0,OttoCa00,cade-otton-1,16032.0,,1261.0,34062.0,0.0,,1049263.0,Cade Otton,cade otton,4,7,58.0,0,0.0,0.0,47.0,42.0,4.0,2.3544602,0,1.2340425,0.114754096,0.12912089,0.26251575,Cade Otton,TB,6.6475,4.04874253487388,5.928571428571429,10.923064775090147,57.14285714285714,58.0,0.0,11.5425,6.817930257189914,4.724569742810086,00-0038129,Cade,Otton,C.Otton,WC,TB,DAL,Cade Otton,OttoCa00,0.0,0.0,0.0,84.2
2022,POST,19,00-0034830,H.Hurst,TE,TE,CIN,13680,1b125fc4-5dd9-4eb9-a42f-048e61ca42b7,17283.0,47294.0,4973.0,,3924365.0,30995.0,,2185053.0,HursHa00,hayden-hurst-1,12467.0,13098.0,8.0,30995.0,881956.0,19843.0,881956.0,Hayden Hurst,hayden hurst,4,6,45.0,0,1.0,1.0,31.0,20.0,2.0,-2.2975066,0,1.451613,0.1875,0.15897436,0.39253205,Hayden Hurst,CIN,8.836666666666666,4.312539133988713,4.501666666666665,13.643481335555885,66.66666666666666,45.0,0.0,5.802500000000002,5.364371272494793,0.4381287275052088,00-0034830,Hayden,Hurst,H.Hurst,WC,CIN,BAL,Hayden Hurst,HursHa00,0.0,0.0,0.0,88.9
2022,POST,19,00-0033288,G.Kittle,TE,TE,SF,13299,2ada91b0-036e-454f-83c3-6d939ff584a9,16499.0,11901.0,4217.0,,3040151.0,30259.0,,2818265.0,KittGe00,george-kittle-1,11892.0,12276.0,298.0,30259.0,733672.0,19063.0,733672.0,George Kittle,george kittle,2,2,37.0,0,0.0,0.0,25.0,12.0,2.0,3.4067295,1,1.48,0.074074075,0.07886435,0.16631615,,,,,,,,,,,,,,,,,WC,SF,SEA,George Kittle,KittGe00,0.0,0.0,0.0,118.7
2022,POST,19,00-0038041,J.Ferguson,TE,TE,DAL,15799,f46eab3d-d7dd-4420-b3f9-6da9ac1308ab,22718.0,,8110.0,,4242355.0,34085.0,,2867159.0,FergJa00,jake-ferguson-1,15947.0,,1258.0,34085.0,0.0,,1065361.0,Jake Ferguson,jake ferguson,1,1,34.0,0,0.0,0.0,2.0,32.0,1.0,2.4228601,0,17.0,0.03125,0.0078125,0.05234375,,,,,,,,,,,,,,,,,WC,DAL,TB,Jake Ferguson,FergJa00,0.0,0.0,0.0,118.7
2022,POST,19,00-0035249,J.Oliver,TE,TE,BAL,14209,dc83f7af-7b30-4c4a-9c93-f67bd8db954b,18487.0,47083.0,5973.0,,3921690.0,31901.0,,2184618.0,OlivJo00,josh-oliver-1,13786.0,14127.0,7.0,31901.0,881779.0,20899.0,881779.0,Josh Oliver,josh oliver,2,2,26.0,0,0.0,0.0,10.0,16.0,2.0,2.1250794,0,2.6,0.071428575,0.06097561,0.14982578,,,,,,,,,,,,,,,,,WC,BAL,CIN,Josh Oliver,OlivJo00,0.0,0.0,0.0,118.7
2022,POST,19,00-0035329,D.Parham,TE,TE,LAC,14341,4f246e92-3d21-450f-977a-dc16892c7238,18835.0,91014.0,6074.0,,3912092.0,32456.0,,2183713.0,ParhDo00,,13602.0,14320.0,,32456.0,875649.0,20905.0,875649.0,Donald Parham,donald parham,4,5,23.0,0,0.0,0.0,34.0,2.0,1.0,0.069584675,0,0.6764706,0.11904762,0.14529915,0.28028083,Donald Parham,LAC,6.164,2.7256976705087115,7.054000000000002,14.1834559858447,80.0,23.0,0.0,1.1724999999999977,1.7399881770642196,-0.5674881770642219,00-0035329,Donald,Parham,D.Parham,WC,LAC,JAX,Donald Parham,ParhDo00,0.0,0.0,0.0,85.8
2022,POST,19,00-0034798,D.Smythe,TE,TE,MIA,13676,7e42a22a-c47b-4387-aeeb-2cc2e76dc1d8,17508.0,47257.0,5008.0,,3052897.0,31093.0,,2082845.0,SmytDu00,durham-smythe-1,12807.0,13249.0,,31093.0,749968.0,19943.0,749968.0,Durham Smythe,durham smythe,1,1,20.0,0,0.0,0.0,12.0,8.0,1.0,1.4199914,0,1.6666666,0.023809524,0.025,0.053214286,,,,,,,,,,,,,,,,,WC,MIA,BUF,Durham Smythe,SmytDu00,0.0,0.0,0.0,118.7
2022,POST,19,00-0035689,D.Knox,TE,TE,BUF,14143,5fb525c5-4e70-4ede-8c49-94ad0cf66b7d,18631.0,35883.0,5906.0,,3930086.0,31928.0,,2186345.0,KnoxDa00,dawson-knox-1,13466.0,13953.0,88.0,31928.0,884083.0,20850.0,884083.0,Dawson Knox,dawson knox,3,5,20.0,1,0.0,0.0,44.0,12.0,2.0,-0.65028805,0,0.45454547,0.13513513,0.07445008,0.25481775,Dawson Knox,BUF,5.717500000000001,3.2410035708515976,9.456,8.267035022993127,60.0,20.0,1.0,4.093333333333334,5.0463127463246265,-0.9529794129912927,00-0035689,Dawson,Knox,D.Knox,WC,BUF,MIA,Dawson Knox,KnoxDa00,0.0,0.0,0.0,108.3
2022,POST,19,00-0038115,D.Bellinger,TE,TE,NYG,15873,42a1c03e-790e-46ba-b0d5-d304e44c02c7,24238.0,,8225.0,,4361516.0,34068.0,,2963615.0,BellDa00,daniel-bellinger-1,16036.0,,1322.0,34068.0,0.0,,1122035.0,Daniel Bellinger,daniel bellinger,2,2,17.0,1,0.0,0.0,8.0,9.0,2.0,2.044876,0,2.125,0.060606062,0.043956045,0.12167832,,,,,,,,,,,,,,,,,WC,NYG,MIN,Daniel Bellinger,BellDa00,0.0,0.0,0.0,141.7
2022,POST,19,00-0037011,T.McKitty,TE,TE,LAC,15333,2ac90a86-c585-4c12-894d-a805a0c94cc3,22807.0,60896.0,7554.0,,4240023.0,33485.0,,2804040.0,McKiTr00,tre-mckitty-1,15252.0,,,33485.0,0.0,,976252.0,Tre' McKitty,tre mckitty,2,2,16.0,0,0.0,0.0,11.0,5.0,0.0,0.8497449,0,1.4545455,0.04761905,0.047008548,0.104334556,,,,,,,,,,,,,,,,,WC,LAC,JAX,Tre' McKitty,McKiTr00,0.0,0.0,0.0,100.0
2022,POST,19,00-0034829,M.Gesicki,TE,TE,MIA,13672,1012cbe0-7eba-4169-bfca-183a0204e1a7,17272.0,47153.0,4993.0,,3116164.0,31012.0,,2139298.0,GesiMi00,mike-gesicki-1,12764.0,13104.0,330.0,31012.0,836152.0,19853.0,836152.0,Mike Gesicki,mike gesicki,2,6,15.0,1,0.0,0.0,80.0,3.0,2.0,-1.8633637,0,0.1875,0.14285715,0.16666667,0.33095238,Mike Gesicki,MIA,5.42,2.974944918146051,13.128333333333332,16.539632545931752,33.33333333333333,15.0,1.0,1.9050000000000011,1.895955163142844,0.009044836857157179,00-0034829,Michael,Gesicki,M.Gesicki,WC,MIA,BUF,Mike Gesicki,GesiMi00,0.0,0.0,0.0,81.9
2022,POST,19,00-0036244,C.Parkinson,TE,TE,SEA,14871,1ea7affb-e5e7-491a-aaa3-55e200b2eb48,19372.0,52266.0,6865.0,,4242557.0,32803.0,,2867522.0,ParkCo02,colby-parkinson-1,14463.0,,565.0,32803.0,0.0,21807.0,1060312.0,Colby Parkinson,colby parkinson,3,6,14.0,0,0.0,0.0,35.0,5.0,0.0,-2.8821828,0,0.4,0.1764706,0.108359136,0.34055728,Colby Parkinson,SEA,8.388,2.34141422184963,5.1016666666666675,9.689161813117247,50.0,14.0,0.0,1.436666666666665,1.8402196464155243,-0.4035529797488593,00-0036244,Colby,Parkinson,C.Parkinson,WC,SEA,SF,Colby Parkinson,ParkCo02,0.0,0.0,0.0,56.2
2022,POST,19,00-0033246,J.Mundt,TE,TE,MIN,13940,6414998b-5831-44aa-8bd8-39e42a323c2c,16743.0,12206.0,4314.0,,3052096.0,30373.0,,2818622.0,MundJo00,,12316.0,12525.0,,30373.0,740704.0,19165.0,740704.0,Johnny Mundt,johnny mundt,1,1,12.0,0,0.0,0.0,0.0,12.0,1.0,0.78721595,0,0.0,0.025641026,0.0,0.03846154,,,,,,,,,,,,,,,,,WC,MIN,NYG,Johnny Mundt,MundJo00,0.0,0.0,0.0,116.7
2022,POST,19,00-0036590,Q.Morris,TE,TE,BUF,15341,eab74cbc-ed11-46b3-bd16-1d4c997adc22,22820.0,61182.0,7536.0,,4244049.0,33819.0,,2864581.0,,,15460.0,,,33819.0,0.0,,1059680.0,Quintin Morris,quintin morris,1,1,12.0,0,0.0,0.0,3.0,9.0,1.0,0.6945017,0,4.0,0.027027028,0.005076142,0.04409384,,,,,,,,,,,,,,,,,,,,,,,,,
2022,POST,19,00-0035644,N.Fant,TE,TE,SEA,14137,cdc98acc-9eb6-4b44-81bb-61d7b8a3b55f,17527.0,42388.0,5857.0,,4036131.0,31852.0,,2251095.0,FantNo00,noah-fant-1,13426.0,14050.0,243.0,31852.0,923911.0,20753.0,923911.0,Noah Fant,noah fant,1,2,11.0,0,0.0,0.0,10.0,11.0,1.0,0.6686601,0,1.1,0.05882353,0.030959751,0.10990712,,,,,,,,,,,,,,,,,WC,SEA,SF,Noah Fant,FantNo00,0.0,0.0,0.0,66.7
2022,POST,19,00-0031273,C.Brate,TE,TE,TB,12110,5afe93fd-0caf-4cca-83fc-7f405bebfa3e,13470.0,9207.0,2214.0,,17453.0,28267.0,,2132787.0,BratCa00,,10008.0,10193.0,,28267.0,552926.0,16593.0,552926.0,Cameron Brate,cameron brate,1,3,8.0,1,0.0,0.0,36.0,1.0,1.0,0.5659704,0,0.22222222,0.04918033,0.0989011,0.14300126,,,,,,,,,,,,,,,,,WC,TB,DAL,Cameron Brate,BratCa00,0.0,0.0,0.0,81.9
2022,POST,19,00-0036145,L.Cager,TE,TE,NYG,15041,2f2181f8-cb0a-42e4-9468-17f5f5a219cc,19701.0,34914.0,7106.0,,3917849.0,33329.0,,2183845.0,,,14597.0,,,33329.0,0.0,21728.0,880123.0,Lawrence Cager,lawrence cager,1,2,4.0,0,0.0,0.0,8.0,1.0,0.0,-1.1137481,0,0.5,0.060606062,0.043956045,0.12167832,,,,,,,,,,,,,,,,,,,,,,,,,
2022,POST,19,00-0034970,I.Smith,TE,TE,MIN,14141,ed0e6a30-83d5-4f4b-bf49-f7ff80e21304,18610.0,42060.0,6126.0,,4040980.0,31882.0,,2257888.0,SmitIr01,irv-smith-jr-1,13583.0,14052.0,,31882.0,944428.0,20949.0,944428.0,Irv Smith,irv smith,1,2,3.0,1,0.0,0.0,3.0,0.0,1.0,0.19915707,0,1.0,0.051282052,0.012145749,0.0854251,,,,,,,,,,,,,,,,,WC,MIN,NYG,Irv Smith Jr.,SmitIr01,0.0,1.0,0.5,95.8
2022,POST,19,00-0037004,H.Long,TE,TE,MIA,15334,ebc576d0-a98b-4f82-aaf9-901a3911487d,22783.0,60859.0,7535.0,,4239944.0,33469.0,,2867428.0,LongHu00,hunter-long-3,15246.0,,1056.0,33469.0,0.0,,1060550.0,Hunter Long,hunter long,0,1,0.0,0,0.0,0.0,3.0,0.0,0.0,-0.5341842,0,0.0,0.023809524,0.00625,0.040089287,,,,,,,,,,,,,,,,,WC,MIA,BUF,Hunter Long,LongHu00,0.0,0.0,0.0,39.6
2022,POST,19,00-0037311,K.Kieft,TE,TE,TB,15929,f96b8338-4ffb-4612-8c29-58dc3b12db69,24568.0,,8484.0,,4034779.0,34174.0,,2239763.0,KiefKo00,ko-kieft-1,16282.0,,,34174.0,0.0,,911239.0,Ko Kieft,ko kieft,0,1,0.0,0,0.0,0.0,2.0,0.0,0.0,-0.5960472,0,0.0,0.016393442,0.0054945056,0.028436318,,,,,,,,,,,,,,,,,WC,TB,DAL,Ko Kieft,KiefKo00,0.0,0.0,0.0,39.6
2022,POST,20,00-0030506,T.Kelce,TE,TE,KC,11244,c3859e06-5f23-4302-a71b-04820a899d5f,11594.0,7844.0,1466.0,traviskelce/2540258,15847.0,26686.0,,1725130.0,KelcTr00,travis-kelce-1,8783.0,8411.0,264.0,26686.0,448240.0,15048.0,448240.0,Travis Kelce,travis kelce,14,17,98.0,2,0.0,0.0,85.0,53.0,7.0,7.6300535,0,1.1529412,0.4857143,0.45698926,1.048464,Travis Kelce,KC,5.440833333333334,3.449059683729419,5.188823529411764,45.261429524347065,82.35294117647058,98.0,2.0,3.8514285714285714,3.9122439383188685,-0.060815366890297096,00-0030506,Travis,Kelce,T.Kelce,DIV,KC,JAX,Travis Kelce,KelcTr00,0.0,0.0,0.0,129.9
2022,POST,20,00-0033288,G.Kittle,TE,TE,SF,13299,2ada91b0-036e-454f-83c3-6d939ff584a9,16499.0,11901.0,4217.0,,3040151.0,30259.0,,2818265.0,KittGe00,george-kittle-1,11892.0,12276.0,298.0,30259.0,733672.0,19063.0,733672.0,George Kittle,george kittle,5,5,95.0,0,0.0,0.0,66.0,29.0,4.0,4.989573,0,1.439394,0.1923077,0.29864255,0.4975113,George Kittle,SF,7.2675,1.889814655375245,10.671999999999999,26.406690750729943,100.0,95.0,0.0,8.328000000000001,6.591851262115961,1.7361487378840401,00-0033288,George,Kittle,G.Kittle,DIV,SF,DAL,George Kittle,KittGe00,0.0,0.0,0.0,118.7
2022,POST,20,00-0035689,D.Knox,TE,TE,BUF,14143,5fb525c5-4e70-4ede-8c49-94ad0cf66b7d,18631.0,35883.0,5906.0,,3930086.0,31928.0,,2186345.0,KnoxDa00,dawson-knox-1,13466.0,13953.0,88.0,31928.0,884083.0,20850.0,884083.0,Dawson Knox,dawson knox,5,7,65.0,0,0.0,0.0,65.0,11.0,4.0,2.4925156,0,1.0,0.175,0.18258427,0.39030898,Dawson Knox,BUF,6.651666666666666,3.0173164053944803,9.982857142857144,16.95087932080049,71.42857142857143,65.0,0.0,2.3419999999999987,2.698619661040084,-0.35661966104008513,00-0035689,Dawson,Knox,D.Knox,DIV,BUF,CIN,Dawson Knox,KnoxDa00,0.0,0.0,0.0,100.3
2022,POST,20,00-0034830,H.Hurst,TE,TE,CIN,13680,1b125fc4-5dd9-4eb9-a42f-048e61ca42b7,17283.0,47294.0,4973.0,,3924365.0,30995.0,,2185053.0,HursHa00,hayden-hurst-1,12467.0,13098.0,8.0,30995.0,881956.0,19843.0,881956.0,Hayden Hurst,hayden hurst,5,6,59.0,1,0.0,0.0,43.0,20.0,4.0,7.0525703,0,1.3720931,0.1875,0.21287128,0.4302599,Hayden Hurst,CIN,8.183333333333334,4.346715209033639,7.403333333333332,21.96074553814209,83.33333333333334,59.0,1.0,4.054,4.164616627918622,-0.11061662791862137,00-0034830,Hayden,Hurst,H.Hurst,DIV,CIN,BUF,Hayden Hurst,HursHa00,0.0,0.0,0.0,147.2
2022,POST,20,00-0034351,D.Goedert,TE,TE,PHI,13674,e8029983-87cf-49a2-bc04-04c8233a0630,17270.0,47272.0,5022.0,,3121023.0,31019.0,,2132551.0,GoedDa00,,12860.0,13151.0,382.0,31019.0,791365.0,19863.0,791365.0,Dallas Goedert,dallas goedert,5,5,58.0,1,0.0,0.0,24.0,34.0,3.0,5.7531934,0,2.4166667,0.20833333,0.16666667,0.42916667,Dallas Goedert,PHI,5.292,3.535969965899895,4.546000000000001,14.393363728470115,100.0,58.0,1.0,7.053999999999999,4.370855888918709,2.6831441110812904,00-0034351,Dallas,Goedert,D.Goedert,DIV,PHI,NYG,Dallas Goedert,GoedDa00,0.0,0.0,0.0,154.6
2022,POST,20,00-0033881,E.Engram,TE,TE,JAX,13189,e21365af-8d66-416e-b0a5-8816d18fcfd9,16411.0,11778.0,4066.0,,3051876.0,30136.0,,2079887.0,EngrEv00,evan-engram-1,11805.0,12205.0,229.0,30136.0,749185.0,18912.0,749185.0,Evan Engram,evan engram,5,6,31.0,0,0.0,0.0,-5.0,33.0,3.0,1.6262263,0,0.0,0.15789473,-0.01650165,0.22529095,Evan Engram,JAX,7.486,5.538831044716708,-1.8766666666666687,-3.9442342721031287,83.33333333333334,31.0,0.0,7.598000000000002,8.307733351837488,-0.7097333518374862,00-0033881,Evan,Engram,E.Engram,DIV,JAX,KC,Evan Engram,EngrEv00,0.0,0.0,0.0,88.2
2022,POST,20,00-0034383,D.Schultz,TE,TE,DAL,13772,8caec1b4-e0b6-4a84-b8c8-617d6e91ef6a,17349.0,47304.0,5001.0,,3117256.0,31107.0,,2136748.0,SchuDa00,dalton-schultz-1,12514.0,13198.0,487.0,31107.0,830523.0,19920.0,830523.0,Dalton Schultz,dalton schultz,5,10,27.0,1,0.0,0.0,79.0,7.0,2.0,-1.6070634,0,0.34177214,0.27027026,0.26072606,0.58791363,Dalton Schultz,DAL,6.726666666666667,4.592689047691105,7.136000000000003,25.04650591414833,50.0,27.0,1.0,1.8739999999999974,1.985404952331578,-0.11140495233158054,00-0034383,Dalton,Schultz,D.Schultz,DIV,DAL,SF,Dalton Schultz,SchuDa00,0.0,1.0,0.1,89.6
2022,POST,20,00-0036637,N.Gray,TE,TE,KC,15337,c97dfcb6-b999-476f-8487-f3848e92df17,19539.0,60878.0,7828.0,,4240472.0,33550.0,,2866903.0,GrayNo00,noah-gray-1,15459.0,,1059.0,33550.0,0.0,,1056981.0,Noah Gray,noah gray,1,2,27.0,0,0.0,0.0,31.0,8.0,1.0,0.97085124,0,0.87096775,0.057142857,0.16666667,0.20238096,,,,,,,,,,,,,,,,,DIV,KC,JAX,Noah Gray,GrayNo00,0.0,0.0,0.0,95.8
2022,POST,20,00-0036145,L.Cager,TE,TE,NYG,15041,2f2181f8-cb0a-42e4-9468-17f5f5a219cc,19701.0,34914.0,7106.0,,3917849.0,33329.0,,2183845.0,,,14597.0,,,33329.0,0.0,21728.0,880123.0,Lawrence Cager,lawrence cager,1,1,16.0,0,0.0,0.0,15.0,1.0,1.0,1.0687757,0,1.0666667,0.03846154,0.07462686,0.10993111,,,,,,,,,,,,,,,,,,,,,,,,,
2022,POST,20,00-0035771,M.Wilcox,TE,TE,CIN,15563,b2d98b60-b4b3-4610-81d2-2154c723fdbb,19510.0,47234.0,6894.0,,3923392.0,33171.0,,2188431.0,,,14634.0,,,33171.0,0.0,21800.0,885394.0,Mitchell Wilcox,mitchell wilcox,1,2,9.0,0,0.0,0.0,11.0,8.0,0.0,0.03273122,0,0.8181818,0.0625,0.054455444,0.13186881,,,,,,,,,,,,,,,,,,,,,,,,,
2022,POST,20,00-0036590,Q.Morris,TE,TE,BUF,15341,eab74cbc-ed11-46b3-bd16-1d4c997adc22,22820.0,61182.0,7536.0,,4244049.0,33819.0,,2864581.0,,,15460.0,,,33819.0,0.0,,1059680.0,Quintin Morris,quintin morris,1,2,6.0,0,0.0,0.0,-3.0,3.0,0.0,-0.08208349,0,0.0,0.05,-0.008426966,0.069101125,,,,,,,,,,,,,,,,,,,,,,,,,
2022,POST,20,00-0032062,B.Bell,TE,TE,KC,12213,0cc4e449-185a-4b08-9f07-c907ad0c3e05,13966.0,9550.0,2422.0,,2514206.0,28505.0,,1737101.0,BellBl00,blake-bell-1,10248.0,10366.0,,28505.0,542871.0,16878.0,542871.0,Blake Bell,blake bell,1,2,4.0,0,0.0,0.0,13.0,0.0,0.0,-0.86885464,0,0.30769232,0.057142857,0.06989247,0.13463901,,,,,,,,,,,,,,,,,DIV,KC,JAX,Blake Bell,BellBl00,0.0,0.0,0.0,56.2
2022,POST,20,00-0038115,D.Bellinger,TE,TE,NYG,15873,42a1c03e-790e-46ba-b0d5-d304e44c02c7,24238.0,,8225.0,,4361516.0,34068.0,,2963615.0,BellDa00,daniel-bellinger-1,16036.0,,1322.0,34068.0,0.0,,1122035.0,Daniel Bellinger,daniel bellinger,1,3,4.0,0,0.0,0.0,10.0,6.0,0.0,-1.1320176,0,0.4,0.115384616,0.049751244,0.20790279,,,,,,,,,,,,,,,,,DIV,NYG,PHI,Daniel Bellinger,BellDa00,0.0,0.0,0.0,42.4
2022,POST,21,00-0030506,T.Kelce,TE,TE,KC,11244,c3859e06-5f23-4302-a71b-04820a899d5f,11594.0,7844.0,1466.0,traviskelce/2540258,15847.0,26686.0,,1725130.0,KelcTr00,travis-kelce-1,8783.0,8411.0,264.0,26686.0,448240.0,15048.0,448240.0,Travis Kelce,travis kelce,7,8,78.0,1,1.0,0.0,51.0,25.0,4.0,7.656981,0,1.5294118,0.19512194,0.1954023,0.42946455,Travis Kelce,KC,6.2225,3.6167413108556783,6.348750000000002,19.817394357953884,87.5,78.0,1.0,4.45,4.122202483256323,0.3277975167436775,00-0030506,Travis,Kelce,T.Kelce,CON,KC,CIN,Travis Kelce,KelcTr00,0.0,1.0,0.125,146.9
2022,POST,21,00-0034830,H.Hurst,TE,TE,CIN,13680,1b125fc4-5dd9-4eb9-a42f-048e61ca42b7,17283.0,47294.0,4973.0,,3924365.0,30995.0,,2185053.0,HursHa00,hayden-hurst-1,12467.0,13098.0,8.0,30995.0,881956.0,19843.0,881956.0,Hayden Hurst,hayden hurst,4,5,37.0,0,0.0,0.0,29.0,20.0,1.0,0.056774925,0,1.2758621,0.13513513,0.09539474,0.269479,Hayden Hurst,CIN,7.046666666666667,5.03653138552359,6.972000000000001,11.888684264374874,80.0,37.0,0.0,4.547499999999998,4.68224109987807,-0.13474109987807203,00-0034830,Hayden,Hurst,H.Hurst,CON,CIN,KC,Hayden Hurst,HursHa00,0.0,0.0,0.0,97.5
2022,POST,21,00-0033288,G.Kittle,TE,TE,SF,13299,2ada91b0-036e-454f-83c3-6d939ff584a9,16499.0,11901.0,4217.0,,3040151.0,30259.0,,2818265.0,KittGe00,george-kittle-1,11892.0,12276.0,298.0,30259.0,733672.0,19063.0,733672.0,George Kittle,george kittle,3,4,32.0,0,0.0,0.0,18.0,13.0,1.0,2.4559312,0,1.7777778,0.26666668,0.3529412,0.64705884,,,,,,,,,,,,,,,,,CON,SF,PHI,George Kittle,KittGe00,0.0,0.0,0.0,97.9
2022,POST,21,00-0034351,D.Goedert,TE,TE,PHI,13674,e8029983-87cf-49a2-bc04-04c8233a0630,17270.0,47272.0,5022.0,,3121023.0,31019.0,,2132551.0,GoedDa00,,12860.0,13151.0,382.0,31019.0,791365.0,19863.0,791365.0,Dallas Goedert,dallas goedert,5,6,23.0,0,0.0,0.0,21.0,8.0,1.0,-1.3906957,0,1.0952381,0.25,0.09012876,0.43809012,Dallas Goedert,PHI,4.85,2.8414385483441156,3.378333333333334,9.447240865026101,83.33333333333334,23.0,0.0,1.8379999999999996,2.487854279923931,-0.6498542799239315,00-0034351,Dallas,Goedert,D.Goedert,CON,PHI,SF,Dallas Goedert,GoedDa00,0.0,0.0,0.0,82.6
2022,POST,21,00-0035771,M.Wilcox,TE,TE,CIN,15563,b2d98b60-b4b3-4610-81d2-2154c723fdbb,19510.0,47234.0,6894.0,,3923392.0,33171.0,,2188431.0,,,14634.0,,,33171.0,0.0,21800.0,885394.0,Mitchell Wilcox,mitchell wilcox,1,2,10.0,0,0.0,0.0,0.0,10.0,1.0,-0.06620465,0,0.0,0.054054055,0.0,0.08108108,,,,,,,,,,,,,,,,,,,,,,,,,
2022,POST,21,00-0036741,J.Stoll,TE,TE,PHI,15541,0560d134-d316-4cda-9d48-34d32267af68,23193.0,42058.0,7946.0,,4034862.0,33891.0,,2239684.0,StolJa00,,15510.0,,,33891.0,0.0,,911985.0,Jack Stoll,jack stoll,1,1,5.0,0,0.0,0.0,5.0,0.0,0.0,-0.122301385,0,1.0,0.041666668,0.021459227,0.07752146,,,,,,,,,,,,,,,,,CON,PHI,SF,Jack Stoll,StolJa00,0.0,0.0,0.0,87.5
2022,POST,21,00-0036637,N.Gray,TE,TE,KC,15337,c97dfcb6-b999-476f-8487-f3848e92df17,19539.0,60878.0,7828.0,,4240472.0,33550.0,,2866903.0,GrayNo00,noah-gray-1,15459.0,,1059.0,33550.0,0.0,,1056981.0,Noah Gray,noah gray,1,1,4.0,0,0.0,0.0,2.0,2.0,0.0,-0.104991324,0,2.0,0.024390243,0.007662835,0.04194935,,,,,,,,,,,,,,,,,CON,KC,CIN,Noah Gray,GrayNo00,0.0,0.0,0.0,83.3
2022,POST,22,00-0030506,T.Kelce,TE,TE,KC,11244,c3859e06-5f23-4302-a71b-04820a899d5f,11594.0,7844.0,1466.0,traviskelce/2540258,15847.0,26686.0,,1725130.0,KelcTr00,travis-kelce-1,8783.0,8411.0,264.0,26686.0,448240.0,15048.0,448240.0,Travis Kelce,travis kelce,6,6,81.0,1,0.0,0.0,60.0,21.0,4.0,7.148643,0,1.35,0.24,0.38961038,0.63272727,,,,,,,,,,,,,,,,,SB,KC,PHI,Travis Kelce,KelcTr00,0.0,0.0,0.0,158.3
2022,POST,22,00-0034351,D.Goedert,TE,TE,PHI,13674,e8029983-87cf-49a2-bc04-04c8233a0630,17270.0,47272.0,5022.0,,3121023.0,31019.0,,2132551.0,GoedDa00,,12860.0,13151.0,382.0,31019.0,791365.0,19863.0,791365.0,Dallas Goedert,dallas goedert,6,7,60.0,0,0.0,0.0,52.0,11.0,3.0,4.990346,0,1.1538461,0.20588236,0.1516035,0.414946,,,,,,,,,,,,,,,,,SB,PHI,KC,Dallas Goedert,GoedDa00,0.0,0.0,0.0,102.4
2022,POST,22,00-0036637,N.Gray,TE,TE,KC,15337,c97dfcb6-b999-476f-8487-f3848e92df17,19539.0,60878.0,7828.0,,4240472.0,33550.0,,2866903.0,GrayNo00,noah-gray-1,15459.0,,1059.0,33550.0,0.0,,1056981.0,Noah Gray,noah gray,1,1,6.0,0,0.0,0.0,-4.0,10.0,0.0,0.2461482,0,0.0,0.04,-0.025974026,0.041818183,,,,,,,,,,,,,,,,,SB,KC,PHI,Noah Gray,GrayNo00,0.0,0.0,0.0,91.7
2022,POST,22,00-0035547,J.Fortson,TE,TE,KC,15070,a01ffd42-5fdb-42f8-95ab-157025e3fba8,18831.0,94384.0,6665.0,,4408854.0,32600.0,,3117124.0,FortJo01,,14306.0,,,32600.0,0.0,21383.0,1167484.0,Jody Fortson,jody fortson,0,1,0.0,0,0.0,0.0,2.0,0.0,0.0,-1.5834334,0,0.0,0.04,0.012987013,0.06909091,,,,,,,,,,,,,,,,,SB,KC,PHI,Jody Fortson,FortJo01,0.0,0.0,0.0,39.6
2023,REG,1,00-0033090,H.Henry,TE,TE,NE,12676,705899da-3c20-4bc3-b5d0-2e6e40655131,15561.0,10669.0,3214.0,,3046439.0,29269.0,,2079848.0,HenrHu00,hunter-henry-1,10735.0,11299.0,212.0,29269.0,744425.0,17975.0,744425.0,Hunter Henry,hunter henry,5,6,56.0,1,0.0,0.0,62.0,7.0,5.0,6.925208,0,0.9032258,0.11111111,0.15384616,0.274359,Hunter Henry,NE,5.563999999999999,2.6304616644433425,10.745,16.09858416360776,83.33333333333334,56.0,1.0,1.792000000000003,1.4970548781383513,0.29494512186165167,00-0033090,Hunter,Henry,H.Henry,REG,NE,PHI,Hunter Henry,HenrHu00,0.0,1.0,0.167,145.1
2023,REG,1,00-0039144,L.Musgrave,TE,TE,GB,16215,77a4fb49-3c6c-4aa1-8a21-20956e2d2240,25282.0,,9481.0,,4428085.0,40074.0,,3129283.0,MusgLu00,luke-musgrave-1,16663.0,,1430.0,40074.0,0.0,,1179790.0,Luke Musgrave,luke musgrave,3,4,50.0,0,0.0,0.0,72.0,9.0,1.0,2.2389605,0,0.6944444,0.14814815,0.26181817,0.40549496,,,,,,,,,,,,,,,,,REG,GB,CHI,Luke Musgrave,MusgLu00,0.0,0.0,0.0,116.7
2023,REG,1,00-0033110,T.Higbee,TE,TE,LA,12678,0df7912d-9e81-47ea-b4f7-d04986df4ee8,15623.0,10744.0,3271.0,,2573401.0,29344.0,,1853103.0,HigbTy00,tyler-higbee-1,10854.0,11430.0,159.0,29344.0,604176.0,18032.0,604176.0,Tyler Higbee,tyler higbee,3,3,49.0,0,0.0,0.0,37.0,12.0,3.0,5.9053626,0,1.3243244,0.08108108,0.08872902,0.18373193,,,,,,,,,,,,,,,,,REG,LA,SEA,Tyler Higbee,HigbTy00,0.0,0.0,0.0,118.7
2023,REG,1,00-0033881,E.Engram,TE,TE,JAX,13189,e21365af-8d66-416e-b0a5-8816d18fcfd9,16411.0,11778.0,4066.0,,3051876.0,30136.0,,2079887.0,EngrEv00,evan-engram-1,11805.0,12205.0,229.0,30136.0,749185.0,18912.0,749185.0,Evan Engram,evan engram,5,5,49.0,0,0.0,0.0,26.0,23.0,2.0,-0.0095610805,0,1.8846154,0.15625,0.12037037,0.31863427,Evan Engram,JAX,5.2,2.6266455566799216,4.553999999999999,10.595132846307756,100.0,49.0,0.0,5.246,4.260778245017536,0.9852217549824642,00-0033881,Evan,Engram,E.Engram,REG,JAX,IND,Evan Engram,EngrEv00,0.0,0.0,0.0,107.5
2023,REG,1,00-0034798,D.Smythe,TE,TE,MIA,13676,7e42a22a-c47b-4387-aeeb-2cc2e76dc1d8,17508.0,47257.0,5008.0,,3052897.0,31093.0,,2082845.0,SmytDu00,durham-smythe-1,12807.0,13249.0,,31093.0,749968.0,19943.0,749968.0,Durham Smythe,durham smythe,3,7,44.0,0,0.0,0.0,59.0,23.0,3.0,1.859859,0,0.7457627,0.1590909,0.118,0.32123637,Durham Smythe,MIA,5.728,2.6119331818827587,8.741428571428571,11.990515754820503,42.857142857142854,44.0,0.0,7.55,6.99713162377778,0.5528683762222197,00-0034798,Durham,Smythe,D.Smythe,REG,MIA,LAC,Durham Smythe,SmytDu00,0.0,0.0,0.0,64.0
2023,REG,1,00-0036290,C.Kmet,TE,TE,CHI,14867,036feeb6-9a22-43c5-a8e3-7ac611d8ff49,19229.0,60995.0,6826.0,,4258595.0,32713.0,,2868619.0,KmetCo00,cole-kmet-1,14436.0,,569.0,32713.0,0.0,21772.0,1066765.0,Cole Kmet,cole kmet,5,7,44.0,0,0.0,0.0,23.0,29.0,2.0,0.90295947,0,1.9130435,0.19444445,0.2072072,0.4367117,Cole Kmet,CHI,7.6933333333333325,5.655007521801293,3.551428571428572,21.238786843229395,71.42857142857143,44.0,0.0,6.153999999999998,4.950115784968875,1.203884215031123,00-0036290,Cole,Kmet,C.Kmet,REG,CHI,GB,Cole Kmet,KmetCo00,0.0,0.0,0.0,87.8
2023,REG,1,00-0036970,K.Pitts,TE,TE,ATL,15329,1f3deb24-9ff8-4769-8f42-825eff7742f6,20164.0,83964.0,7553.0,,4360248.0,33392.0,,2964514.0,PittKy00,kyle-pitts-1,15265.0,,1051.0,33392.0,0.0,,1123026.0,Kyle Pitts,kyle pitts,2,3,44.0,0,0.0,0.0,52.0,7.0,2.0,2.784815,0,0.84615386,0.16666667,0.82539684,0.8277778,,,,,,,,,,,,,,,,,REG,ATL,CAR,Kyle Pitts,PittKy00,0.0,0.0,0.0,109.7
2023,REG,1,00-0031260,L.Thomas,TE,TE,WAS,11647,b24625a0-d402-4d59-a778-aa4b073bfe5e,12095.0,8755.0,2251.0,loganthomas/2543767,16813.0,27648.0,,1691193.0,ThomLo00,logan-thomas-1,9323.0,9354.0,,27648.0,507528.0,16656.0,507528.0,Logan Thomas,logan thomas,4,8,43.0,0,0.0,0.0,47.0,12.0,1.0,-0.9567331,0,0.9148936,0.27586207,0.22596154,0.5719662,Logan Thomas,WAS,7.5725,2.8212830854726043,6.362499999999999,23.284537968892955,50.0,43.0,0.0,2.83,2.1183486147708663,0.7116513852291337,00-0031260,Logan,Thomas,L.Thomas,REG,WAS,ARI,Logan Thomas,ThomLo00,0.0,1.0,0.125,66.1
2023,REG,1,00-0034830,H.Hurst,TE,TE,CAR,13680,1b125fc4-5dd9-4eb9-a42f-048e61ca42b7,17283.0,47294.0,4973.0,,3924365.0,30995.0,,2185053.0,HursHa00,hayden-hurst-1,12467.0,13098.0,8.0,30995.0,881956.0,19843.0,881956.0,Hayden Hurst,hayden hurst,5,7,41.0,1,0.0,0.0,57.0,13.0,3.0,-0.23103908,0,0.71929824,0.22580644,0.25,0.51370966,Hayden Hurst,CAR,8.061666666666666,2.7403138818243584,8.114285714285714,29.11775260163018,71.42857142857143,41.0,1.0,2.6519999999999997,3.72616554113671,-1.0741655411367104,00-0034830,Hayden,Hurst,H.Hurst,REG,CAR,ATL,Hayden Hurst,HursHa00,1.0,0.0,0.0,86.0
2023,REG,1,00-0036876,K.Granson,TE,TE,IND,15419,bcc0167c-05fd-4b23-981e-60b8784ceb33,22841.0,40630.0,7602.0,,4039160.0,33515.0,,2247146.0,GranKy00,kylen-granson-1,15245.0,,1119.0,33515.0,0.0,,921050.0,Kylen Granson,kylen granson,4,6,39.0,0,0.0,0.0,39.0,24.0,4.0,2.5217328,0,1.0,0.15384616,0.17889908,0.35599858,Kylen Granson,IND,6.933333333333334,4.620808414276308,6.281666666666666,17.796770233260933,66.66666666666666,39.0,0.0,6.440000000000001,7.853058088593427,-1.4130580885934254,00-0036876,Kylen,Granson,K.Granson,REG,IND,JAX,Kylen Granson,GranKy00,0.0,0.0,0.0,84.7
2023,REG,1,00-0039065,S.LaPorta,TE,TE,DET,16214,3059f1e5-1871-4458-9e90-9b9917874c61,22978.0,,10859.0,,4430027.0,40064.0,,3124197.0,LaPoSa01,sam-laporta-1,17033.0,,1429.0,40064.0,0.0,,1168926.0,Sam LaPorta,sam laporta,5,5,39.0,0,0.0,0.0,20.0,19.0,2.0,1.7410048,0,1.95,0.15625,0.0921659,0.29889113,Sam LaPorta,DET,4.912,3.3729696494154653,3.9260000000000006,9.563946406820953,100.0,39.0,0.0,3.8739999999999997,4.388022033838434,-0.514022033838434,00-0039065,Sam,LaPorta,S.LaPorta,REG,DET,KC,Sam LaPorta,LaPoSa01,0.0,0.0,0.0,99.2
2023,REG,1,00-0031610,D.Waller,TE,TE,NYG,12263,14c97c9f-26e8-4944-9299-f90de6aeada3,14104.0,9637.0,2505.0,,2576925.0,28592.0,,1850793.0,WallDa01,darren-waller-1,10215.0,10433.0,,28592.0,600191.0,16964.0,600191.0,Darren Waller,darren waller,3,5,36.0,0,0.0,0.0,40.0,14.0,2.0,-0.8427859,0,0.9,0.1724138,0.25974026,0.44043887,Darren Waller,NYG,4.65,2.2658362563957017,8.068,27.537715885043347,60.0,36.0,0.0,4.653333333333333,4.475792856523412,0.1775404768099209,00-0031610,Darren,Waller,D.Waller,REG,NYG,DAL,Darren Waller,WallDa01,0.0,0.0,0.0,42.5
2023,REG,1,00-0034829,M.Gesicki,TE,TE,NE,13672,1012cbe0-7eba-4169-bfca-183a0204e1a7,17272.0,47153.0,4993.0,,3116164.0,31012.0,,2139298.0,GesiMi00,mike-gesicki-1,12764.0,13104.0,330.0,31012.0,836152.0,19853.0,836152.0,Mike Gesicki,mike gesicki,3,3,36.0,0,0.0,0.0,12.0,24.0,3.0,3.699376,0,3.0,0.055555556,0.029776676,0.104177006,,,,,,,,,,,,,,,,,REG,NE,PHI,Mike Gesicki,GesiMi00,0.0,0.0,0.0,116.7
2023,REG,1,00-0036040,J.Johnson,TE,TE,NO,14861,0226b03b-f91d-4223-9813-9fcd2e9c3acc,19562.0,28305.0,7002.0,,3929645.0,33113.0,,2186637.0,JohnJu02,,14630.0,,575.0,33113.0,0.0,21738.0,884609.0,Juwan Johnson,juwan johnson,3,5,36.0,0,0.0,0.0,45.0,19.0,1.0,-4.619528,0,0.8,0.15151516,0.11904762,0.31060606,Juwan Johnson,NO,5.622,3.5622708870704494,9.329999999999998,11.369175277831937,60.0,36.0,0.0,6.473333333333336,7.127380375125919,-0.654047041792583,00-0036040,Juwan,Johnson,J.Johnson,REG,NO,TEN,Juwan Johnson,JohnJu02,0.0,0.0,0.0,42.5
2023,REG,1,00-0035229,T.Hockenson,TE,TE,MIN,14138,bd1120b6-38b3-4225-a4b0-20660a149d0d,18290.0,40912.0,5844.0,,4036133.0,31840.0,,2251097.0,HockTJ00,tj-hockenson-1,13610.0,14051.0,247.0,31840.0,923915.0,20805.0,923915.0,T.J. Hockenson,tj hockenson,8,9,35.0,0,0.0,0.0,32.0,13.0,3.0,0.46215764,0,1.09375,0.20454545,0.10738255,0.38198596,T.J. Hockenson,MIN,3.826666666666666,2.3738497060150445,2.5344444444444445,7.519119198312237,88.88888888888889,35.0,0.0,1.7199999999999998,2.489974484283607,-0.7699744842836074,00-0035229,Thomas,Hockenson,T.Hockenson,REG,MIN,TB,T.J. Hockenson,HockTJ00,0.0,0.0,0.0,82.9
2023,REG,1,00-0036422,A.Trautman,TE,TE,DEN,14870,4e14183b-f974-4745-9d7f-8f5eb2a92a7d,19423.0,109795.0,6869.0,,3911853.0,32775.0,,2182228.0,TrauAd00,,14541.0,,566.0,32775.0,0.0,21786.0,875444.0,Adam Trautman,adam trautman,5,5,34.0,0,0.0,0.0,18.0,16.0,1.0,2.053385,0,1.8888888,0.15625,0.13636364,0.32982954,Adam Trautman,DEN,5.12,5.3166372659396055,3.067999999999998,10.435374149659857,100.0,34.0,0.0,3.732000000000002,6.35712901246716,-2.6251290124671582,00-0036422,Adam,Trautman,A.Trautman,REG,DEN,LV,Adam Trautman,TrauAd00,0.0,0.0,0.0,95.0
2023,REG,1,00-0035249,J.Oliver,TE,TE,MIN,14209,dc83f7af-7b30-4c4a-9c93-f67bd8db954b,18487.0,47083.0,5973.0,,3921690.0,31901.0,,2184618.0,OlivJo00,josh-oliver-1,13786.0,14127.0,7.0,31901.0,881779.0,20899.0,881779.0,Josh Oliver,josh oliver,3,3,32.0,0,0.0,0.0,13.0,19.0,2.0,1.3172301,0,2.4615386,0.06818182,0.043624163,0.13280964,,,,,,,,,,,,,,,,,REG,MIN,TB,Josh Oliver,OlivJo00,0.0,0.0,0.0,111.1
2023,REG,1,00-0036637,N.Gray,TE,TE,KC,15337,c97dfcb6-b999-476f-8487-f3848e92df17,19539.0,60878.0,7828.0,,4240472.0,33550.0,,2866903.0,GrayNo00,noah-gray-1,15459.0,,1059.0,33550.0,0.0,,1056981.0,Noah Gray,noah gray,3,5,31.0,0,0.0,0.0,36.0,22.0,1.0,-0.984016,0,0.8611111,0.13513513,0.10495627,0.2761721,Noah Gray,KC,7.688,2.0074454922391354,6.99,10.41263220616714,60.0,31.0,0.0,7.063333333333333,1.6549874474324042,5.408345885900928,00-0036637,Noah,Gray,N.Gray,REG,KC,DET,Noah Gray,GrayNo00,2.0,0.0,0.0,77.9
2023,REG,1,00-0038933,D.Kincaid,TE,TE,BUF,16213,b961fa15-0676-4948-b95f-56d06319d40e,25247.0,,10236.0,,4385690.0,40048.0,,2982991.0,KincDa00,dalton-kincaid-1,16697.0,,1428.0,40048.0,0.0,,1135513.0,Dalton Kincaid,dalton kincaid,4,4,26.0,0,0.0,0.0,5.0,21.0,0.0,1.5788239,0,5.2,0.102564104,0.015822785,0.1649221,,,,,,,,,,,,,,,,,REG,BUF,NYJ,Dalton Kincaid,KincDa00,0.0,0.0,0.0,93.7
2023,REG,1,00-0035689,D.Knox,TE,TE,BUF,14143,5fb525c5-4e70-4ede-8c49-94ad0cf66b7d,18631.0,35883.0,5906.0,,3930086.0,31928.0,,2186345.0,KnoxDa00,dawson-knox-1,13466.0,13953.0,88.0,31928.0,884083.0,20850.0,884083.0,Dawson Knox,dawson knox,3,4,25.0,0,0.0,0.0,28.0,10.0,1.0,1.2140106,0,0.89285713,0.102564104,0.088607594,0.21587147,,,,,,,,,,,,,,,,,REG,BUF,NYJ,Dawson Knox,KnoxDa00,1.0,0.0,0.0,90.6
2023,REG,1,00-0033885,D.Njoku,TE,TE,CLE,13192,8f86fcea-90e8-49ea-bc78-5c7659313e57,16399.0,11784.0,4033.0,,3123076.0,30142.0,,2136474.0,NjokDa00,david-njoku-1,11734.0,12186.0,252.0,30142.0,832098.0,18876.0,832098.0,David Njoku,david njoku,2,3,24.0,0,0.0,0.0,7.0,22.0,1.0,1.0334963,0,3.4285715,0.10344828,0.021276595,0.17006603,,,,,,,,,,,,,,,,,REG,CLE,CIN,David Njoku,NjokDa00,0.0,0.0,0.0,91.0
2023,REG,1,00-0037744,T.McBride,TE,TE,ARI,15794,734d54cc-c869-4e2f-a60f-c59c493f5110,22936.0,,8130.0,,4361307.0,34010.0,,2963385.0,McBrTr01,trey-mcbride-1,15902.0,,1253.0,34010.0,0.0,,1108161.0,Trey McBride,trey mcbride,2,2,23.0,0,0.0,0.0,14.0,9.0,2.0,1.597956,0,1.6428572,0.06666667,0.07526882,0.15268818,,,,,,,,,,,,,,,,,REG,ARI,WAS,Trey McBride,McBrTr01,0.0,0.0,0.0,114.6
2023,REG,1,00-0035329,D.Parham,TE,TE,LAC,14341,4f246e92-3d21-450f-977a-dc16892c7238,18835.0,91014.0,6074.0,,3912092.0,32456.0,,2183713.0,ParhDo00,,13602.0,14320.0,,32456.0,875649.0,20905.0,875649.0,Donald Parham,donald parham,3,3,22.0,1,0.0,0.0,12.0,10.0,2.0,2.6971412,0,1.8333334,0.09677419,0.052401748,0.1818425,,,,,,,,,,,,,,,,,REG,LAC,MIA,Donald Parham,ParhDo00,0.0,0.0,0.0,135.4
2023,REG,1,00-0037252,G.Dulcich,TE,TE,DEN,15797,b9e4a022-d15c-4cef-9879-170277f17207,23153.0,,8172.0,,4367209.0,34036.0,,2964274.0,DulcGr00,greg-dulcich-1,15891.0,,,34036.0,0.0,,1128085.0,Greg Dulcich,greg dulcich,2,2,22.0,0,0.0,0.0,19.0,3.0,2.0,2.4210627,0,1.1578947,0.0625,0.14393939,0.19450757,,,,,,,,,,,,,,,,,REG,DEN,LV,Greg Dulcich,DulcGr00,0.0,0.0,0.0,112.5
2023,REG,1,00-0030061,Z.Ertz,TE,TE,ARI,11247,de3421f7-2147-4835-89a5-724e87bad463,11689.0,7816.0,1339.0,zachertz/2540158,15835.0,26658.0,,1685963.0,ErtzZa00,zach-ertz-1,8781.0,8409.0,305.0,26658.0,503177.0,14856.0,503177.0,Zach Ertz,zach ertz,6,10,21.0,0,0.0,0.0,56.0,6.0,1.0,-3.3606026,0,0.375,0.33333334,0.30107528,0.71075267,Zach Ertz,ARI,8.011666666666667,1.480500571314145,5.66,31.49518668966669,60.0,21.0,0.0,1.2050000000000007,1.4202899343104463,-0.21528993431044552,00-0030061,Zachary,Ertz,Z.Ertz,REG,ARI,WAS,Zach Ertz,ErtzZa00,0.0,0.0,0.0,64.6
2023,REG,1,00-0033895,G.Everett,TE,TE,LAC,13236,ebeceb00-57e0-4b74-9cf7-853da2afed18,16459.0,11799.0,4089.0,,3918639.0,30157.0,,2142692.0,EverGe00,gerald-everett-1,11737.0,12284.0,55.0,30157.0,838487.0,18935.0,838487.0,Gerald Everett,gerald everett,2,3,21.0,0,0.0,0.0,7.0,20.0,2.0,1.0925726,0,3.0,0.09677419,0.030567685,0.16655867,,,,,,,,,,,,,,,,,REG,LAC,MIA,Gerald Everett,EverGe00,2.0,0.0,0.0,86.8
2023,REG,1,00-0036424,B.Hopkins,TE,TE,LA,14868,39cb1520-dda8-4167-95c4-4947c8383bc4,19234.0,47338.0,6926.0,,3918003.0,32806.0,,2183906.0,HopkBr01,brycen-hopkins-1,14586.0,,,32806.0,0.0,21678.0,880294.0,Brycen Hopkins,brycen hopkins,1,2,21.0,0,0.0,0.0,11.0,11.0,1.0,0.75853074,0,1.9090909,0.054054055,0.026378896,0.099546306,,,,,,,,,,,,,,,,,REG,LA,SEA,Brycen Hopkins,HopkBr01,0.0,0.0,0.0,87.5
2023,REG,1,00-0032392,A.Hooper,TE,TE,LV,12677,90c2a93f-d837-4e1b-b57c-56648903a8db,15581.0,10715.0,3202.0,,3043275.0,29315.0,,2067004.0,HoopAu00,austin-hooper-1,10748.0,11301.0,384.0,29315.0,739424.0,17963.0,739424.0,Austin Hooper,austin hooper,1,1,20.0,0,0.0,0.0,19.0,1.0,1.0,1.3521719,0,1.0526316,0.03846154,0.10382514,0.1303699,,,,,,,,,,,,,,,,,REG,LV,DEN,Austin Hooper,HoopAu00,0.0,0.0,0.0,118.7
2023,REG,1,00-0037292,A.Ogletree,TE,TE,IND,15916,59f460a8-b5af-40e6-840c-429762b278b3,24561.0,,8489.0,,4722908.0,34148.0,,2672594.0,OgleAn00,,16277.0,,1315.0,34148.0,0.0,,1271740.0,Andrew Ogletree,andrew ogletree,1,2,20.0,0,0.0,0.0,28.0,5.0,1.0,2.2680335,0,0.71428573,0.051282052,0.12844037,0.16683133,,,,,,,,,,,,,,,,,REG,IND,JAX,Andrew Ogletree,OgleAn00,0.0,0.0,0.0,85.4
2023,REG,1,00-0033288,G.Kittle,TE,TE,SF,13299,2ada91b0-036e-454f-83c3-6d939ff584a9,16499.0,11901.0,4217.0,,3040151.0,30259.0,,2818265.0,KittGe00,george-kittle-1,11892.0,12276.0,298.0,30259.0,733672.0,19063.0,733672.0,George Kittle,george kittle,3,6,19.0,0,0.0,0.0,31.0,15.0,1.0,0.52344835,0,0.61290324,0.21428572,0.13478261,0.4157764,George Kittle,SF,7.0183333333333335,3.5047037183633853,6.093333333333334,14.648609664235915,50.0,19.0,0.0,4.926666666666667,4.527213782732815,0.3994528839338516,00-0033288,George,Kittle,G.Kittle,REG,SF,PIT,George Kittle,KittGe00,0.0,1.0,0.167,56.9
2023,REG,1,00-0037304,C.Heyward,TE,TE,PIT,15800,62e96d7c-e4dd-4a90-8c3a-8017eb69120d,24562.0,,8181.0,,4241961.0,34163.0,,2867599.0,HeywCo00,connor-heyward-1,15916.0,,,34163.0,0.0,,1057457.0,Connor Heyward,connor heyward,2,4,19.0,0,0.0,0.0,57.0,0.0,0.0,-4.4480834,0,0.33333334,0.08888889,0.17431192,0.2553517,,,,,,,,,,,,,,,,,REG,PIT,SF,Connor Heyward,HeywCo00,0.0,0.0,0.0,24.0
2023,REG,1,00-0038129,C.Otton,TE,TE,TB,15802,f23517bd-ae85-484a-8ecb-1f7a2d851e48,23181.0,,8111.0,,4243331.0,34062.0,,2815179.0,OttoCa00,cade-otton-1,16032.0,,1261.0,34062.0,0.0,,1049263.0,Cade Otton,cade otton,2,3,19.0,0,0.0,0.0,17.0,13.0,1.0,-0.041669633,0,1.117647,0.09375,0.07083333,0.19020833,,,,,,,,,,,,,,,,,REG,TB,MIN,Cade Otton,OttoCa00,0.0,0.0,0.0,84.0
2023,REG,1,00-0034159,W.Dissly,TE,TE,SEA,13763,383f4814-6836-4766-a297-fc063e8509cc,18049.0,30762.0,5010.0,,3127292.0,31090.0,,2139628.0,DissWi00,will-dissly-1,12986.0,13246.0,86.0,31090.0,837806.0,19950.0,837806.0,Will Dissly,will dissly,2,2,17.0,0,0.0,0.0,4.0,13.0,1.0,1.5554622,0,4.25,0.083333336,0.032786883,0.14795081,,,,,,,,,,,,,,,,,REG,SEA,LA,Will Dissly,DissWi00,0.0,0.0,0.0,102.1
2023,REG,1,00-0034970,I.Smith,TE,TE,CIN,14141,ed0e6a30-83d5-4f4b-bf49-f7ff80e21304,18610.0,42060.0,6126.0,,4040980.0,31882.0,,2257888.0,SmitIr01,irv-smith-jr-1,13583.0,14052.0,,31882.0,944428.0,20949.0,944428.0,Irv Smith,irv smith,3,5,17.0,0,0.0,0.0,2.0,8.0,0.0,-4.559399,0,8.5,0.16129032,0.008474576,0.24786769,Irv Smith,CIN,7.536666666666666,3.9702170701312824,1.3319999999999985,2.929919493203112,60.0,17.0,0.0,2.1200000000000023,1.1421207936508229,0.9778792063491795,00-0034970,Irvin,Smith,I.Smith,REG,CIN,CLE,Irv Smith Jr.,SmitIr01,0.0,1.0,0.2,66.2
2023,REG,1,00-0036145,L.Cager,TE,TE,NYG,15041,2f2181f8-cb0a-42e4-9468-17f5f5a219cc,19701.0,34914.0,7106.0,,3917849.0,33329.0,,2183845.0,,,14597.0,,,33329.0,0.0,21728.0,880123.0,Lawrence Cager,lawrence cager,2,2,17.0,0,0.0,0.0,2.0,15.0,1.0,1.9562782,0,8.5,0.06896552,0.012987013,0.11253919,,,,,,,,,,,,,,,,,,,,,,,,,
2023,REG,1,00-0036754,B.Wright,TE,TE,DET,15626,8f182089-7730-499e-8f2e-87bda32debfb,23341.0,60994.0,7891.0,,4242392.0,33774.0,,2807423.0,WrigBr01,,15681.0,,1162.0,33774.0,0.0,,978120.0,Brock Wright,brock wright,2,2,17.0,0,0.0,0.0,6.0,11.0,0.0,1.3240689,0,2.8333333,0.0625,0.02764977,0.113104835,,,,,,,,,,,,,,,,,REG,DET,KC,Brock Wright,WrigBr01,0.0,0.0,0.0,102.1
2023,REG,1,00-0037078,C.Turner,TE,TE,WAS,15803,fc78ba73-7ef3-4dda-9a06-b5101f7ff7b1,23727.0,,8214.0,,4361438.0,34105.0,,2961855.0,TurnCo00,cole-turner-2,15923.0,,,34105.0,0.0,,1122692.0,Cole Turner,cole turner,1,2,17.0,0,0.0,0.0,27.0,1.0,1.0,1.2270133,0,0.6296296,0.06896552,0.1298077,0.19431366,,,,,,,,,,,,,,,,,REG,WAS,ARI,Cole Turner,TurnCo00,0.0,0.0,0.0,79.2
2023,REG,1,00-0032062,B.Bell,TE,TE,KC,12213,0cc4e449-185a-4b08-9f07-c907ad0c3e05,13966.0,9550.0,2422.0,,2514206.0,28505.0,,1737101.0,BellBl00,blake-bell-1,10248.0,10366.0,,28505.0,542871.0,16878.0,542871.0,Blake Bell,blake bell,2,3,12.0,1,0.0,0.0,13.0,8.0,1.0,1.0904157,0,0.9230769,0.08108108,0.037900876,0.14815223,,,,,,,,,,,,,,,,,REG,KC,DET,Blake Bell,BellBl00,0.0,0.0,0.0,113.9
2023,REG,1,00-0034364,J.Akins,TE,TE,CLE,13753,0cb5a32a-a340-4671-ba2a-93f5fa6aee8d,17415.0,47050.0,5032.0,,3128452.0,31068.0,,2142712.0,AkinJo00,jordan-akins-1,12568.0,13238.0,,31068.0,838396.0,19903.0,838396.0,Jordan Akins,jordan akins,1,1,12.0,0,0.0,0.0,1.0,11.0,1.0,1.7183816,0,12.0,0.03448276,0.0030395137,0.0538518,,,,,,,,,,,,,,,,,REG,CLE,CIN,Jordan Akins,AkinJo00,1.0,0.0,0.0,116.7
2023,REG,1,00-0037277,T.Quitoriano,TE,TE,HOU,15905,06cb6aff-c81e-4553-95ba-467187f408d4,24182.0,,8227.0,,4374045.0,34126.0,,2965963.0,QuitTe00,teagan-quitoriano-1,16034.0,,,34126.0,0.0,,1128538.0,Teagan Quitoriano,teagan quitoriano,1,1,11.0,0,0.0,0.0,1.0,10.0,1.0,1.6064748,0,11.0,0.023255814,0.0038461538,0.037576027,,,,,,,,,,,,,,,,,REG,HOU,BAL,Teagan Quitoriano,QuitTe00,1.0,0.0,0.0,112.5
2023,REG,1,00-0038041,J.Ferguson,TE,TE,DAL,15799,f46eab3d-d7dd-4420-b3f9-6da9ac1308ab,22718.0,,8110.0,,4242355.0,34085.0,,2867159.0,FergJa00,jake-ferguson-1,15947.0,,1258.0,34085.0,0.0,,1065361.0,Jake Ferguson,jake ferguson,2,7,11.0,0,0.0,0.0,28.0,9.0,0.0,-4.702656,0,0.39285713,0.28,0.15469614,0.5282873,Jake Ferguson,DAL,4.34,2.005194477747474,5.014285714285713,21.074752326628634,28.57142857142857,11.0,0.0,3.789999999999999,4.893561650989113,-1.1035616509891142,00-0038041,Jake,Ferguson,J.Ferguson,REG,DAL,NYG,Jake Ferguson,FergJa00,0.0,2.0,0.286,39.6
2023,REG,1,00-0036244,C.Parkinson,TE,TE,SEA,14871,1ea7affb-e5e7-491a-aaa3-55e200b2eb48,19372.0,52266.0,6865.0,,4242557.0,32803.0,,2867522.0,ParkCo02,colby-parkinson-1,14463.0,,565.0,32803.0,0.0,21807.0,1060312.0,Colby Parkinson,colby parkinson,1,2,8.0,0,0.0,0.0,5.0,3.0,0.0,-0.24180737,0,1.6,0.083333336,0.040983606,0.15368852,,,,,,,,,,,,,,,,,REG,SEA,LA,Colby Parkinson,ParkCo02,0.0,0.0,0.0,60.4
2023,REG,1,00-0036232,H.Bryant,TE,TE,CLE,14875,f58a5899-8b78-46e8-a29a-ba6273b7d872,19389.0,26394.0,6850.0,,4040774.0,32785.0,,2241240.0,BryaHa00,harrison-bryant-1,14576.0,,752.0,32785.0,0.0,21783.0,916467.0,Harrison Bryant,harrison bryant,2,2,5.0,1,0.0,0.0,4.0,1.0,1.0,0.06283829,0,1.25,0.06896552,0.012158055,0.11195891,,,,,,,,,,,,,,,,,REG,CLE,CIN,Harrison Bryant,BryaHa00,0.0,0.0,0.0,118.7
2023,REG,1,00-0034383,D.Schultz,TE,TE,HOU,13772,8caec1b4-e0b6-4a84-b8c8-617d6e91ef6a,17349.0,47304.0,5001.0,,3117256.0,31107.0,,2136748.0,SchuDa00,dalton-schultz-1,12514.0,13198.0,487.0,31107.0,830523.0,19920.0,830523.0,Dalton Schultz,dalton schultz,2,4,4.0,0,0.0,0.0,6.0,8.0,0.0,-2.3736088,0,0.6666667,0.093023255,0.023076924,0.15568873,,,,,,,,,,,,,,,,,REG,HOU,BAL,Dalton Schultz,SchuDa00,0.0,0.0,0.0,56.2
2023,REG,1,00-0037838,I.Likely,TE,TE,BAL,15798,f9279edb-cfa7-4f7d-91df-b81cbf3e133e,23781.0,,8131.0,,4361050.0,34095.0,,2961906.0,LikeIs00,isaiah-likely-1,16033.0,,1257.0,34095.0,0.0,,1125111.0,Isaiah Likely,isaiah likely,1,1,4.0,0,0.0,0.0,-2.0,6.0,0.0,0.10794157,0,0.0,0.04761905,-0.01923077,0.057967033,,,,,,,,,,,,,,,,,REG,BAL,HOU,Isaiah Likely,LikeIs00,0.0,0.0,0.0,83.3
2023,REG,1,00-0036894,P.Freiermuth,TE,TE,PIT,15331,04f0fefe-9d9d-44f5-94ea-6df2a42df3c6,20163.0,84085.0,7600.0,,4361411.0,33443.0,,2961270.0,FreiPa00,pat-freiermuth-1,15267.0,,1053.0,33443.0,0.0,,1116662.0,Pat Freiermuth,pat freiermuth,1,4,3.0,1,0.0,0.0,34.0,0.0,1.0,-2.0632474,0,0.0882353,0.08888889,0.103975534,0.20611621,,,,,,,,,,,,,,,,,REG,PIT,SF,Pat Freiermuth,FreiPa00,0.0,0.0,0.0,79.2
2023,REG,1,00-0034270,T.Conklin,TE,TE,NYJ,13675,f0d17dfa-ebf3-416c-a8d2-c6bc30675103,17598.0,47327.0,5133.0,,3915486.0,31220.0,,2165249.0,ConkTy00,tyler-conklin-1,12809.0,13220.0,489.0,31127.0,861278.0,19988.0,861278.0,Tyler Conklin,tyler conklin,1,1,2.0,0,0.0,0.0,-2.0,4.0,0.0,-0.47521815,0,0.0,0.055555556,-0.026666667,0.064666666,,,,,,,,,,,,,,,,,REG,NYJ,BUF,Tyler Conklin,ConkTy00,0.0,0.0,0.0,79.2
2023,REG,1,00-0035956,G.Ricci,TE,TE,CAR,15054,689de342-1d99-4a4d-976d-f6573ef3a8c2,19756.0,13756.0,7216.0,,3916749.0,33151.0,,2189091.0,,,14785.0,,,33151.0,0.0,21732.0,885940.0,Giovanni Ricci,giovanni ricci,1,1,2.0,0,0.0,0.0,-1.0,3.0,0.0,-0.4896493,0,0.0,0.032258064,-0.004385965,0.04531692,,,,,,,,,,,,,,,,,,,,,,,,,
2023,REG,1,00-0038115,D.Bellinger,TE,TE,NYG,15873,42a1c03e-790e-46ba-b0d5-d304e44c02c7,24238.0,,8225.0,,4361516.0,34068.0,,2963615.0,BellDa00,daniel-bellinger-1,16036.0,,1322.0,34068.0,0.0,,1122035.0,Daniel Bellinger,daniel bellinger,1,1,1.0,0,0.0,0.0,1.0,0.0,0.0,-0.47017634,0,1.0,0.03448276,0.0064935065,0.056269594,,,,,,,,,,,,,,,,,REG,NYG,DAL,Daniel Bellinger,BellDa00,0.0,0.0,0.0,79.2
2023,REG,1,00-0033217,M.Alie-Cox,TE,TE,IND,13246,8809c0dd-786b-4255-a7d0-333c9498c19a,16579.0,12078.0,4054.0,moalie-cox/2558832,2998565.0,30112.0,,2815925.0,AlieMo00,,12196.0,12221.0,195.0,30112.0,712506.0,18900.0,712506.0,Mo Alie-Cox,mo alie-cox,0,2,0.0,0,0.0,0.0,39.0,0.0,0.0,-4.1373134,0,0.0,0.051282052,0.17889908,0.20215243,,,,,,,,,,,,,,,,,REG,IND,JAX,Mo Alie-Cox,AlieMo00,0.0,0.0,0.0,0.0
2023,REG,1,00-0033357,T.Hill,TE,TE,NO,13424,3c8a55dd-20a8-4375-b711-49eb5e6e1d0e,17115.0,12112.0,4381.0,,2468609.0,30614.0,,2818935.0,HillTa00,,12063.0,12729.0,150.0,30614.0,503184.0,19238.0,503184.0,Taysom Hill,taysom hill,0,1,0.0,0,0.0,0.0,14.0,0.0,0.0,-0.8548921,0,0.0,0.030303031,0.037037037,0.07138047,,,,,,,,,,,,,,,,,REG,NO,TEN,Taysom Hill,HillTa00,0.0,0.0,0.0,39.6
2023,REG,1,00-0034351,D.Goedert,TE,TE,PHI,13674,e8029983-87cf-49a2-bc04-04c8233a0630,17270.0,47272.0,5022.0,,3121023.0,31019.0,,2132551.0,GoedDa00,,12860.0,13151.0,382.0,31019.0,791365.0,19863.0,791365.0,Dallas Goedert,dallas goedert,0,1,0.0,0,0.0,0.0,15.0,0.0,0.0,-0.8680765,0,0.0,0.033333335,0.05154639,0.08608247,,,,,,,,,,,,,,,,,REG,PHI,NE,Dallas Goedert,GoedDa00,0.0,0.0,0.0,39.6
2023,REG,1,00-0037311,K.Kieft,TE,TE,TB,15929,f96b8338-4ffb-4612-8c29-58dc3b12db69,24568.0,,8484.0,,4034779.0,34174.0,,2239763.0,KiefKo00,ko-kieft-1,16282.0,,,34174.0,0.0,,911239.0,Ko Kieft,ko kieft,0,3,0.0,0,0.0,0.0,51.0,0.0,0.0,-1.9200118,0,0.0,0.09375,0.2125,0.289375,,,,,,,,,,,,,,,,,REG,TB,MIN,Ko Kieft,KiefKo00,0.0,0.0,0.0,39.6
2023,REG,1,00-0037569,P.Hendershot,TE,TE,DAL,16000,944893b0-d30e-11ec-8b77-45b1765fd110,22971.0,,8197.0,,4258248.0,34607.0,,2867545.0,HendPe01,,16041.0,,,34607.0,0.0,,1065138.0,Peyton Hendershot,peyton hendershot,0,1,0.0,0,0.0,0.0,17.0,0.0,0.0,-0.61761796,0,0.0,0.04,0.09392265,0.12574586,,,,,,,,,,,,,,,,,REG,DAL,NYG,Peyton Hendershot,HendPe01,0.0,1.0,1.0,39.6
2023,REG,1,00-0037809,C.Okonkwo,TE,TE,TEN,15889,14e11f9b-58c8-437f-abc0-a4e4df9a7c47,23982.0,,8210.0,,4360635.0,34099.0,,2965208.0,OkonCh00,chigoziem-okonkwo-1,16042.0,,1320.0,34099.0,0.0,,1106374.0,Chigoziem Okonkwo,chigoziem okonkwo,0,2,0.0,0,0.0,0.0,34.0,0.0,0.0,-1.0170635,0,0.0,0.060606062,0.11447811,0.17104377,,,,,,,,,,,,,,,,,REG,TEN,NO,Chigoziem Okonkwo,OkonCh00,0.0,0.0,0.0,39.6
2023,REG,1,00-0038046,C.Kolar,TE,TE,BAL,15795,3c048ac9-2c0f-4bf0-9ddc-ce99c9387ac8,22756.0,,8127.0,,4241263.0,34084.0,,2866273.0,KolaCh00,charlie-kolar-1,15924.0,,,34084.0,0.0,,1058648.0,Charlie Kolar,charlie kolar,0,1,0.0,0,0.0,0.0,12.0,0.0,0.0,-0.5717483,0,0.0,0.04761905,0.115384616,0.15219781,,,,,,,,,,,,,,,,,REG,BAL,HOU,Charlie Kolar,KolaCh00,0.0,1.0,1.0,39.6
2023,REG,2,00-0031610,D.Waller,TE,TE,NYG,12263,14c97c9f-26e8-4944-9299-f90de6aeada3,14104.0,9637.0,2505.0,,2576925.0,28592.0,,1850793.0,WallDa01,darren-waller-1,10215.0,10433.0,,28592.0,600191.0,16964.0,600191.0,Darren Waller,darren waller,6,8,76.0,0,0.0,0.0,76.0,23.0,4.0,5.652427,0,1.0,0.22857143,0.21839081,0.4957307,Darren Waller,NYG,6.754999999999999,3.175533883318324,8.888750000000002,20.81674473067916,75.0,76.0,0.0,4.171666666666666,4.262699517331915,-0.09103285066524869,00-0031610,Darren,Waller,D.Waller,REG,NYG,ARI,Darren Waller,WallDa01,0.0,0.0,0.0,104.2
2023,REG,2,00-0035229,T.Hockenson,TE,TE,MIN,14138,bd1120b6-38b3-4225-a4b0-20660a149d0d,18290.0,40912.0,5844.0,,4036133.0,31840.0,,2251097.0,HockTJ00,tj-hockenson-1,13610.0,14051.0,247.0,31840.0,923915.0,20805.0,923915.0,T.J. Hockenson,tj hockenson,7,8,66.0,2,0.0,0.0,55.0,34.0,4.0,7.9463634,0,1.2,0.18604651,0.16224189,0.3926391,T.J. Hockenson,MIN,4.49,3.534634988488484,6.407500000000001,16.438971201334105,87.5,66.0,2.0,5.058571428571428,4.9680660922241975,0.09050533634723035,00-0035229,Thomas,Hockenson,T.Hockenson,REG,MIN,PHI,T.J. Hockenson,HockTJ00,1.0,0.0,0.0,140.6
2023,REG,2,00-0039065,S.LaPorta,TE,TE,DET,16214,3059f1e5-1871-4458-9e90-9b9917874c61,22978.0,,10859.0,,4430027.0,40064.0,,3124197.0,LaPoSa01,sam-laporta-1,17033.0,,1429.0,40064.0,0.0,,1168926.0,Sam LaPorta,sam laporta,5,6,63.0,0,0.0,0.0,32.0,36.0,4.0,2.054545,0,1.96875,0.1764706,0.11347517,0.3441385,Sam LaPorta,DET,4.720000000000001,2.5507997600948915,5.269999999999999,11.578600461386355,83.33333333333334,63.0,0.0,7.306000000000002,3.592181138643798,3.713818861356204,00-0039065,Sam,LaPorta,S.LaPorta,REG,DET,SEA,Sam LaPorta,LaPoSa01,3.0,0.0,0.0,110.4
2023,REG,2,00-0033881,E.Engram,TE,TE,JAX,13189,e21365af-8d66-416e-b0a5-8816d18fcfd9,16411.0,11778.0,4066.0,,3051876.0,30136.0,,2079887.0,EngrEv00,evan-engram-1,11805.0,12205.0,229.0,30136.0,749185.0,18912.0,749185.0,Evan Engram,evan engram,6,8,57.0,0,0.0,0.0,28.0,54.0,4.0,3.0430198,0,2.0357144,0.19512194,0.10810811,0.3683586,Evan Engram,JAX,4.930000000000001,3.888723179000353,3.2462500000000007,8.430449602337282,75.0,57.0,0.0,9.284999999999998,6.527359196406877,2.7576408035931212,00-0033881,Evan,Engram,E.Engram,REG,JAX,KC,Evan Engram,EngrEv00,1.0,1.0,0.125,94.3
2023,REG,2,00-0030061,Z.Ertz,TE,TE,ARI,11247,de3421f7-2147-4835-89a5-724e87bad463,11689.0,7816.0,1339.0,zachertz/2540158,15835.0,26658.0,,1685963.0,ErtzZa00,zach-ertz-1,8781.0,8409.0,305.0,26658.0,503177.0,14856.0,503177.0,Zach Ertz,zach ertz,6,8,56.0,0,0.0,0.0,74.0,18.0,2.0,1.6545093,0,0.7567568,0.27586207,0.3148936,0.63421863,Zach Ertz,ARI,5.883749999999999,4.558377743846849,8.71875,30.409382220865854,75.0,56.0,0.0,3.251666666666665,2.561442530063952,0.6902241366027133,00-0030061,Zachary,Ertz,Z.Ertz,REG,ARI,NYG,Zach Ertz,ErtzZa00,0.0,0.0,0.0,93.7
2023,REG,2,00-0035644,N.Fant,TE,TE,SEA,14137,cdc98acc-9eb6-4b44-81bb-61d7b8a3b55f,17527.0,42388.0,5857.0,,4036131.0,31852.0,,2251095.0,FantNo00,noah-fant-1,13426.0,14050.0,243.0,31852.0,923911.0,20753.0,923911.0,Noah Fant,noah fant,4,4,56.0,0,0.0,0.0,43.0,13.0,2.0,2.2571747,0,1.3023256,0.10810811,0.19282511,0.29713973,,,,,,,,,,,,,,,,,REG,SEA,DET,Noah Fant,FantNo00,0.0,0.0,0.0,118.7
2023,REG,2,00-0033090,H.Henry,TE,TE,NE,12676,705899da-3c20-4bc3-b5d0-2e6e40655131,15561.0,10669.0,3214.0,,3046439.0,29269.0,,2079848.0,HenrHu00,hunter-henry-1,10735.0,11299.0,212.0,29269.0,744425.0,17975.0,744425.0,Hunter Henry,hunter henry,6,7,52.0,1,0.0,0.0,59.0,6.0,2.0,4.9528,0,0.88135594,0.16666667,0.15608466,0.35925925,Hunter Henry,NE,4.361666666666667,2.0147397674296417,8.447142857142856,15.426156374735847,85.71428571428571,52.0,1.0,1.193333333333334,1.2952140097973484,-0.10188067646401433,00-0033090,Hunter,Henry,H.Henry,REG,NE,MIA,Hunter Henry,HenrHu00,0.0,0.0,0.0,137.2
2023,REG,2,00-0034270,T.Conklin,TE,TE,NYJ,13675,f0d17dfa-ebf3-416c-a8d2-c6bc30675103,17598.0,47327.0,5133.0,,3915486.0,31220.0,,2165249.0,ConkTy00,tyler-conklin-1,12809.0,13220.0,489.0,31127.0,861278.0,19988.0,861278.0,Tyler Conklin,tyler conklin,5,6,50.0,0,0.0,0.0,28.0,24.0,2.0,1.6179075,0,1.7857143,0.24,0.10566038,0.43396226,Tyler Conklin,NYJ,8.553999999999998,3.7792343056257214,4.971666666666667,11.474842283428217,83.33333333333334,50.0,0.0,5.140000000000001,3.622638699398158,1.5173613006018427,00-0034270,Tyler,Conklin,T.Conklin,REG,NYJ,DAL,Tyler Conklin,ConkTy00,0.0,0.0,0.0,101.4
2023,REG,2,00-0038394,W.Mallory,TE,TE,IND,16220,5d4a5e4f-7c74-4b4c-b8e5-33bb831e3057,23821.0,,10220.0,,4362523.0,40180.0,,2962073.0,MallWi00,will-mallory-1,17014.0,,1435.0,,0.0,,1121873.0,Will Mallory,will mallory,2,2,49.0,0,0.0,0.0,27.0,22.0,2.0,4.125152,0,1.8148148,0.06451613,0.18620689,0.22711903,,,,,,,,,,,,,,,,,REG,IND,HOU,Will Mallory,MallWi00,0.0,0.0,0.0,118.7
2023,REG,2,00-0033885,D.Njoku,TE,TE,CLE,13192,8f86fcea-90e8-49ea-bc78-5c7659313e57,16399.0,11784.0,4033.0,,3123076.0,30142.0,,2136474.0,NjokDa00,david-njoku-1,11734.0,12186.0,252.0,30142.0,832098.0,18876.0,832098.0,David Njoku,david njoku,4,4,48.0,0,1.0,1.0,9.0,39.0,1.0,-1.3132179,0,5.3333335,0.1,0.02278481,0.16594937,,,,,,,,,,,,,,,,,REG,CLE,PIT,David Njoku,NjokDa00,0.0,0.0,0.0,116.7
2023,REG,2,00-0033858,J.Smith,TE,TE,ATL,13193,e4f25a37-74de-4bfb-b6c9-f50a4fab0b87,16460.0,11855.0,4144.0,,3054212.0,30213.0,,2081506.0,SmitJo01,jonnu-smith-1,11807.0,12344.0,84.0,30213.0,743749.0,18990.0,743749.0,Jonnu Smith,jonnu smith,4,6,47.0,0,0.0,0.0,39.0,31.0,3.0,-1.2353057,0,1.2051282,0.2,0.16883117,0.4181818,Jonnu Smith,ATL,5.448,3.79276576666556,8.134999999999998,18.9781873323224,66.66666666666666,47.0,0.0,8.087500000000002,7.247773859818636,0.8397261401813658,00-0033858,Jonnu,Smith,J.Smith,REG,ATL,GB,Jonnu Smith,SmitJo01,0.0,0.0,0.0,50.7
2023,REG,2,00-0033895,G.Everett,TE,TE,LAC,13236,ebeceb00-57e0-4b74-9cf7-853da2afed18,16459.0,11799.0,4089.0,,3918639.0,30157.0,,2142692.0,EverGe00,gerald-everett-1,11737.0,12284.0,55.0,30157.0,838487.0,18935.0,838487.0,Gerald Everett,gerald everett,3,3,47.0,0,0.0,0.0,20.0,27.0,2.0,3.6278317,0,2.35,0.07692308,0.049261082,0.14986737,,,,,,,,,,,,,,,,,REG,LAC,TEN,Gerald Everett,EverGe00,2.0,0.0,0.0,118.7
2023,REG,2,00-0036628,J.Bates,TE,TE,WAS,15344,3208880b-949f-4926-85eb-1940770550ea,22833.0,42275.0,7716.0,,4048228.0,33512.0,,2257291.0,BateJo00,john-bates-1,15289.0,,,33512.0,0.0,,944038.0,John Bates,john bates,3,5,46.0,0,0.0,0.0,35.0,11.0,1.0,0.16672009,0,1.3142858,0.14705883,0.21341464,0.3699785,John Bates,WAS,4.96,5.685881928238341,8.672,22.719413151689814,60.0,46.0,0.0,3.919999999999997,4.334769642786303,-0.4147696427863061,00-0036628,John,Bates,J.Bates,REG,WAS,DEN,John Bates,BateJo00,0.0,1.0,0.2,90.4
2023,REG,2,00-0034753,M.Andrews,TE,TE,BAL,13671,0618f387-9b72-4270-8b8f-dec4cccc9e4a,17269.0,47436.0,5012.0,,3116365.0,31056.0,,2131121.0,AndrMa00,mark-andrews-1,12559.0,13182.0,366.0,31056.0,820699.0,19803.0,820699.0,Mark Andrews,mark andrews,5,8,45.0,1,0.0,0.0,42.0,20.0,3.0,3.553028,0,1.0714285,0.24242425,0.14,0.46163636,Mark Andrews,BAL,6.140000000000001,3.3421629778087345,5.551249999999999,14.65144666952591,62.5,45.0,1.0,3.7760000000000007,2.5796339773738963,1.1963660226261044,00-0034753,Mark,Andrews,M.Andrews,REG,BAL,CIN,Mark Andrews,AndrMa00,0.0,1.0,0.125,117.2
2023,REG,2,00-0038933,D.Kincaid,TE,TE,BUF,16213,b961fa15-0676-4948-b95f-56d06319d40e,25247.0,,10236.0,,4385690.0,40048.0,,2982991.0,KincDa00,dalton-kincaid-1,16697.0,,1428.0,40048.0,0.0,,1135513.0,Dalton Kincaid,dalton kincaid,5,6,43.0,0,0.0,0.0,37.0,17.0,2.0,1.5750092,0,1.1621622,0.16666667,0.22155689,0.40508983,Dalton Kincaid,BUF,7.776000000000001,3.90127032745341,6.259999999999998,21.148648648648642,83.33333333333334,43.0,0.0,4.018000000000003,3.9719935486871463,0.04600645131285708,00-0038933,Dalton,Kincaid,D.Kincaid,REG,BUF,LV,Dalton Kincaid,KincDa00,0.0,0.0,0.0,96.5
2023,REG,2,00-0036244,C.Parkinson,TE,TE,SEA,14871,1ea7affb-e5e7-491a-aaa3-55e200b2eb48,19372.0,52266.0,6865.0,,4242557.0,32803.0,,2867522.0,ParkCo02,colby-parkinson-1,14463.0,,565.0,32803.0,0.0,21807.0,1060312.0,Colby Parkinson,colby parkinson,2,3,41.0,0,0.0,0.0,19.0,16.0,2.0,2.620816,0,2.1578948,0.08108108,0.08520179,0.18126288,,,,,,,,,,,,,,,,,REG,SEA,DET,Colby Parkinson,ParkCo02,0.0,0.0,0.0,109.7
2023,REG,2,00-0038129,C.Otton,TE,TE,TB,15802,f23517bd-ae85-484a-8ecb-1f7a2d851e48,23181.0,,8111.0,,4243331.0,34062.0,,2815179.0,OttoCa00,cade-otton-1,16032.0,,1261.0,34062.0,0.0,,1049263.0,Cade Otton,cade otton,6,6,41.0,0,0.0,0.0,24.0,17.0,1.0,0.9017803,0,1.7083334,0.1875,0.0952381,0.34791666,Cade Otton,TB,6.4825,2.8610671745311542,3.193333333333333,7.999331997327987,100.0,41.0,0.0,3.6400000000000006,3.036426308175313,0.6035736918246877,00-0038129,Cade,Otton,C.Otton,REG,TB,CHI,Cade Otton,OttoCa00,2.0,0.0,0.0,95.1
2023,REG,2,00-0036290,C.Kmet,TE,TE,CHI,14867,036feeb6-9a22-43c5-a8e3-7ac611d8ff49,19229.0,60995.0,6826.0,,4258595.0,32713.0,,2868619.0,KmetCo00,cole-kmet-1,14436.0,,569.0,32713.0,0.0,21772.0,1066765.0,Cole Kmet,cole kmet,4,6,38.0,0,0.0,0.0,51.0,21.0,2.0,2.6057043,0,0.74509805,0.21428572,0.2849162,0.5208699,Cole Kmet,CHI,3.3066666666666666,3.8535292460697774,8.16,24.471434997750784,66.66666666666666,38.0,0.0,5.344999999999999,6.283618727313751,-0.9386187273137523,00-0036290,Cole,Kmet,C.Kmet,REG,CHI,TB,Cole Kmet,KmetCo00,0.0,0.0,0.0,84.0
2023,REG,2,00-0036637,N.Gray,TE,TE,KC,15337,c97dfcb6-b999-476f-8487-f3848e92df17,19539.0,60878.0,7828.0,,4240472.0,33550.0,,2866903.0,GrayNo00,noah-gray-1,15459.0,,1059.0,33550.0,0.0,,1056981.0,Noah Gray,noah gray,3,3,38.0,0,0.0,0.0,11.0,27.0,2.0,1.8161833,0,3.4545455,0.075,0.039711192,0.14029783,,,,,,,,,,,,,,,,,REG,KC,JAX,Noah Gray,GrayNo00,1.0,0.0,0.0,118.7
2023,REG,2,00-0034159,W.Dissly,TE,TE,SEA,13763,383f4814-6836-4766-a297-fc063e8509cc,18049.0,30762.0,5010.0,,3127292.0,31090.0,,2139628.0,DissWi00,will-dissly-1,12986.0,13246.0,86.0,31090.0,837806.0,19950.0,837806.0,Will Dissly,will dissly,3,3,35.0,0,0.0,0.0,8.0,27.0,2.0,2.3258805,0,4.375,0.08108108,0.03587444,0.14673373,,,,,,,,,,,,,,,,,REG,SEA,DET,Will Dissly,DissWi00,2.0,0.0,0.0,115.3
2023,REG,2,00-0037809,C.Okonkwo,TE,TE,TEN,15889,14e11f9b-58c8-437f-abc0-a4e4df9a7c47,23982.0,,8210.0,,4360635.0,34099.0,,2965208.0,OkonCh00,chigoziem-okonkwo-1,16042.0,,1320.0,34099.0,0.0,,1106374.0,Chigoziem Okonkwo,chigoziem okonkwo,4,4,35.0,0,0.0,0.0,16.0,19.0,2.0,1.110524,0,2.1875,0.16666667,0.07582939,0.30308056,,,,,,,,,,,,,,,,,REG,TEN,LAC,Chigoziem Okonkwo,OkonCh00,2.0,0.0,0.0,103.1
2023,REG,2,00-0034383,D.Schultz,TE,TE,HOU,13772,8caec1b4-e0b6-4a84-b8c8-617d6e91ef6a,17349.0,47304.0,5001.0,,3117256.0,31107.0,,2136748.0,SchuDa00,dalton-schultz-1,12514.0,13198.0,487.0,31107.0,830523.0,19920.0,830523.0,Dalton Schultz,dalton schultz,4,7,34.0,0,0.0,0.0,52.0,14.0,2.0,-1.2210726,0,0.65384614,0.1627907,0.12560387,0.33210877,Dalton Schultz,HOU,9.598333333333334,4.183592513174513,8.510000000000002,13.556197801697653,57.14285714285714,34.0,0.0,3.26,3.092272864674669,0.16772713532533068,00-0034383,Dalton,Schultz,D.Schultz,REG,HOU,IND,Dalton Schultz,SchuDa00,0.0,1.0,0.143,69.9
2023,REG,2,00-0034829,M.Gesicki,TE,TE,NE,13672,1012cbe0-7eba-4169-bfca-183a0204e1a7,17272.0,47153.0,4993.0,,3116164.0,31012.0,,2139298.0,GesiMi00,mike-gesicki-1,12764.0,13104.0,330.0,31012.0,836152.0,19853.0,836152.0,Mike Gesicki,mike gesicki,5,6,33.0,0,0.0,0.0,74.0,5.0,0.0,-1.4674593,0,0.44594595,0.14285715,0.1957672,0.35132274,Mike Gesicki,NE,5.46,3.072059354170367,11.615,18.18110667605854,83.33333333333334,33.0,0.0,1.436,2.0675135966561355,-0.6315135966561356,00-0034829,Michael,Gesicki,M.Gesicki,REG,NE,MIA,Mike Gesicki,GesiMi00,0.0,0.0,0.0,89.6
2023,REG,2,00-0037744,T.McBride,TE,TE,ARI,15794,734d54cc-c869-4e2f-a60f-c59c493f5110,22936.0,,8130.0,,4361307.0,34010.0,,2963385.0,McBrTr01,trey-mcbride-1,15902.0,,1253.0,34010.0,0.0,,1108161.0,Trey McBride,trey mcbride,2,3,32.0,0,0.0,0.0,16.0,12.0,1.0,0.8651836,0,2.0,0.10344828,0.068085104,0.20283198,,,,,,,,,,,,,,,,,REG,ARI,NYG,Trey McBride,McBrTr01,0.0,0.0,0.0,102.1
2023,REG,2,00-0033288,G.Kittle,TE,TE,SF,13299,2ada91b0-036e-454f-83c3-6d939ff584a9,16499.0,11901.0,4217.0,,3040151.0,30259.0,,2818265.0,KittGe00,george-kittle-1,11892.0,12276.0,298.0,30259.0,733672.0,19063.0,733672.0,George Kittle,george kittle,3,3,30.0,0,0.0,0.0,17.0,13.0,3.0,1.7199669,0,1.7647059,0.125,0.075555556,0.24038889,,,,,,,,,,,,,,,,,REG,SF,LA,George Kittle,KittGe00,0.0,0.0,0.0,108.3
2023,REG,2,00-0036556,B.Jordan,TE,TE,HOU,15330,8ffb5c07-4aa1-4796-b1ab-30c1ab0ccc4c,20162.0,77887.0,7568.0,,4362504.0,33535.0,,2964787.0,JordBr00,brevin-jordan-1,15369.0,,1052.0,33535.0,0.0,,1121871.0,Brevin Jordan,brevin jordan,2,2,27.0,0,0.0,0.0,23.0,4.0,2.0,1.8723141,0,1.173913,0.046511628,0.055555556,0.10865633,,,,,,,,,,,,,,,,,REG,HOU,IND,Brevin Jordan,JordBr00,0.0,0.0,0.0,118.7
2023,REG,2,00-0030506,T.Kelce,TE,TE,KC,11244,c3859e06-5f23-4302-a71b-04820a899d5f,11594.0,7844.0,1466.0,traviskelce/2540258,15847.0,26686.0,,1725130.0,KelcTr00,travis-kelce-1,8783.0,8411.0,264.0,26686.0,448240.0,15048.0,448240.0,Travis Kelce,travis kelce,4,9,26.0,1,0.0,0.0,53.0,14.0,1.0,-0.25702438,0,0.49056605,0.225,0.19133574,0.471435,Travis Kelce,KC,5.7437499999999995,2.167803951632908,5.862222222222224,20.646474133208116,44.44444444444444,26.0,1.0,3.997499999999999,2.853118183470599,1.1443818165294002,00-0030506,Travis,Kelce,T.Kelce,REG,KC,JAX,Travis Kelce,KelcTr00,1.0,1.0,0.111,88.7
2023,REG,2,00-0039144,L.Musgrave,TE,TE,GB,16215,77a4fb49-3c6c-4aa1-8a21-20956e2d2240,25282.0,,9481.0,,4428085.0,40074.0,,3129283.0,MusgLu00,luke-musgrave-1,16663.0,,1430.0,40074.0,0.0,,1179790.0,Luke Musgrave,luke musgrave,2,3,25.0,0,0.0,0.0,24.0,18.0,1.0,1.1939348,0,1.0416666,0.12,0.108597286,0.2560181,,,,,,,,,,,,,,,,,REG,GB,ATL,Luke Musgrave,MusgLu00,0.0,0.0,0.0,92.4
2023,REG,2,00-0037475,S.Smartt,TE,TE,LAC,16113,6ee105f0-ca2e-11ec-be96-e90abdfa0fef,24621.0,,8583.0,,4250764.0,34637.0,,2864800.0,SmarSt00,,16321.0,,,34637.0,0.0,,1056865.0,Stone Smartt,stone smartt,1,1,24.0,0,0.0,0.0,21.0,3.0,1.0,2.120599,0,1.1428572,0.025641026,0.05172414,0.07466844,,,,,,,,,,,,,,,,,REG,LAC,TEN,Stone Smartt,SmarSt00,0.0,0.0,0.0,118.7
2023,REG,2,00-0034798,D.Smythe,TE,TE,MIA,13676,7e42a22a-c47b-4387-aeeb-2cc2e76dc1d8,17508.0,47257.0,5008.0,,3052897.0,31093.0,,2082845.0,SmytDu00,durham-smythe-1,12807.0,13249.0,,31093.0,749968.0,19943.0,749968.0,Durham Smythe,durham smythe,3,3,23.0,0,0.0,0.0,19.0,4.0,1.0,1.5941947,0,1.2105263,0.10344828,0.07037037,0.20443167,,,,,,,,,,,,,,,,,REG,MIA,NE,Durham Smythe,SmytDu00,0.0,0.0,0.0,98.6
2023,REG,2,00-0031260,L.Thomas,TE,TE,WAS,11647,b24625a0-d402-4d59-a778-aa4b073bfe5e,12095.0,8755.0,2251.0,loganthomas/2543767,16813.0,27648.0,,1691193.0,ThomLo00,logan-thomas-1,9323.0,9354.0,,27648.0,507528.0,16656.0,507528.0,Logan Thomas,logan thomas,2,3,22.0,1,0.0,0.0,21.0,2.0,2.0,5.11547,0,1.0476191,0.0882353,0.12804878,0.22198708,,,,,,,,,,,,,,,,,REG,WAS,DEN,Logan Thomas,ThomLo00,0.0,0.0,0.0,127.8
2023,REG,2,00-0034351,D.Goedert,TE,TE,PHI,13674,e8029983-87cf-49a2-bc04-04c8233a0630,17270.0,47272.0,5022.0,,3121023.0,31019.0,,2132551.0,GoedDa00,,12860.0,13151.0,382.0,31019.0,791365.0,19863.0,791365.0,Dallas Goedert,dallas goedert,6,7,22.0,0,0.0,0.0,35.0,8.0,0.0,-2.3054926,0,0.62857145,0.3181818,0.16908212,0.5956302,Dallas Goedert,PHI,7.888571428571429,3.232383598000276,4.635714285714286,16.534189340670537,85.71428571428571,22.0,0.0,1.4349999999999998,2.3496361744140963,-0.9146361744140965,00-0034351,Dallas,Goedert,D.Goedert,REG,PHI,MIN,Dallas Goedert,GoedDa00,0.0,0.0,0.0,79.8
2023,REG,2,00-0037078,C.Turner,TE,TE,WAS,15803,fc78ba73-7ef3-4dda-9a06-b5101f7ff7b1,23727.0,,8214.0,,4361438.0,34105.0,,2961855.0,TurnCo00,cole-turner-2,15923.0,,,34105.0,0.0,,1122692.0,Cole Turner,cole turner,2,2,21.0,0,0.0,0.0,0.0,21.0,1.0,1.5378699,0,0.0,0.05882353,0.0,0.0882353,,,,,,,,,,,,,,,,,REG,WAS,DEN,Cole Turner,TurnCo00,0.0,0.0,0.0,110.4
2023,REG,2,00-0032392,A.Hooper,TE,TE,LV,12677,90c2a93f-d837-4e1b-b57c-56648903a8db,15581.0,10715.0,3202.0,,3043275.0,29315.0,,2067004.0,HoopAu00,austin-hooper-1,10748.0,11301.0,384.0,29315.0,739424.0,17963.0,739424.0,Austin Hooper,austin hooper,2,2,20.0,0,0.0,0.0,15.0,5.0,1.0,1.9454722,0,1.3333334,0.08695652,0.077319585,0.1845585,,,,,,,,,,,,,,,,,REG,LV,BUF,Austin Hooper,HoopAu00,0.0,0.0,0.0,108.3
2023,REG,2,00-0034830,H.Hurst,TE,TE,CAR,13680,1b125fc4-5dd9-4eb9-a42f-048e61ca42b7,17283.0,47294.0,4973.0,,3924365.0,30995.0,,2185053.0,HursHa00,hayden-hurst-1,12467.0,13098.0,8.0,30995.0,881956.0,19843.0,881956.0,Hayden Hurst,hayden hurst,3,3,20.0,0,0.0,0.0,13.0,7.0,0.0,1.0747662,0,1.5384616,0.09677419,0.061611373,0.18828925,,,,,,,,,,,,,,,,,REG,CAR,NO,Hayden Hurst,HursHa00,0.0,0.0,0.0,94.4
2023,REG,2,00-0034981,F.Moreau,TE,TE,NO,14239,9c3a67fd-5c6e-4689-9e08-9ff6d4db6c9a,18397.0,47043.0,5985.0,,3843945.0,31969.0,,2180634.0,MoreFo00,foster-moreau-1,13822.0,14154.0,179.0,31969.0,865573.0,20884.0,865573.0,Foster Moreau,foster moreau,2,2,20.0,0,0.0,0.0,3.0,17.0,1.0,1.7555449,0,6.6666665,0.05882353,0.010989011,0.0959276,,,,,,,,,,,,,,,,,REG,NO,CAR,Foster Moreau,MoreFo00,0.0,0.0,0.0,108.3
2023,REG,2,00-0036876,K.Granson,TE,TE,IND,15419,bcc0167c-05fd-4b23-981e-60b8784ceb33,22841.0,40630.0,7602.0,,4039160.0,33515.0,,2247146.0,GranKy00,kylen-granson-1,15245.0,,1119.0,33515.0,0.0,,921050.0,Kylen Granson,kylen granson,3,4,16.0,1,0.0,0.0,10.0,15.0,2.0,1.4810208,0,1.6,0.12903225,0.06896552,0.24182425,,,,,,,,,,,,,,,,,REG,IND,HOU,Kylen Granson,GranKy00,0.0,1.0,0.25,120.8
2023,REG,2,00-0033217,M.Alie-Cox,TE,TE,IND,13246,8809c0dd-786b-4255-a7d0-333c9498c19a,16579.0,12078.0,4054.0,moalie-cox/2558832,2998565.0,30112.0,,2815925.0,AlieMo00,,12196.0,12221.0,195.0,30112.0,712506.0,18900.0,712506.0,Mo Alie-Cox,mo alie-cox,1,1,15.0,0,0.0,0.0,-2.0,17.0,1.0,1.578836,0,0.0,0.032258064,-0.013793103,0.038731925,,,,,,,,,,,,,,,,,REG,IND,HOU,Mo Alie-Cox,AlieMo00,1.0,0.0,0.0,118.7
2023,REG,2,00-0036970,K.Pitts,TE,TE,ATL,15329,1f3deb24-9ff8-4769-8f42-825eff7742f6,20164.0,83964.0,7553.0,,4360248.0,33392.0,,2964514.0,PittKy00,kyle-pitts-1,15265.0,,1051.0,33392.0,0.0,,1123026.0,Kyle Pitts,kyle pitts,2,5,15.0,0,0.0,0.0,42.0,3.0,0.0,-0.7242291,0,0.35714287,0.16666667,0.18181819,0.37727273,Kyle Pitts,ATL,6.452,3.3906338034436048,9.453999999999999,18.37940821960418,40.0,15.0,0.0,1.2499999999999964,2.1239126300160933,-0.8739126300160969,00-0036970,Kyle,Pitts,K.Pitts,REG,ATL,GB,Kyle Pitts,PittKy00,0.0,0.0,0.0,47.9
2023,REG,2,00-0035249,J.Oliver,TE,TE,MIN,14209,dc83f7af-7b30-4c4a-9c93-f67bd8db954b,18487.0,47083.0,5973.0,,3921690.0,31901.0,,2184618.0,OlivJo00,josh-oliver-1,13786.0,14127.0,7.0,31901.0,881779.0,20899.0,881779.0,Josh Oliver,josh oliver,2,3,13.0,0,0.0,0.0,0.0,12.0,1.0,-0.19066295,0,0.0,0.069767445,0.0,0.10465116,,,,,,,,,,,,,,,,,REG,MIN,PHI,Josh Oliver,OlivJo00,0.0,0.0,0.0,75.7
2023,REG,2,00-0036040,J.Johnson,TE,TE,NO,14861,0226b03b-f91d-4223-9813-9fcd2e9c3acc,19562.0,28305.0,7002.0,,3929645.0,33113.0,,2186637.0,JohnJu02,,14630.0,,575.0,33113.0,0.0,21738.0,884609.0,Juwan Johnson,juwan johnson,2,3,13.0,0,0.0,0.0,12.0,8.0,0.0,0.24113292,0,1.0833334,0.0882353,0.043956045,0.16312218,,,,,,,,,,,,,,,,,REG,NO,CAR,Juwan Johnson,JohnJu02,0.0,0.0,0.0,75.7
2023,REG,2,00-0033110,T.Higbee,TE,TE,LA,12678,0df7912d-9e81-47ea-b4f7-d04986df4ee8,15623.0,10744.0,3271.0,,2573401.0,29344.0,,1853103.0,HigbTy00,tyler-higbee-1,10854.0,11430.0,159.0,29344.0,604176.0,18032.0,604176.0,Tyler Higbee,tyler higbee,3,7,12.0,0,0.0,0.0,25.0,3.0,0.0,-2.5728447,0,0.48,0.13461539,0.075075075,0.25447562,Tyler Higbee,LAR,7.529999999999999,3.4729994562523805,4.0614285714285705,8.39410670524668,42.857142857142854,12.0,0.0,0.8400000000000034,2.612985611936589,-1.7729856119365857,00-0033110,Tyler,Higbee,T.Higbee,REG,LA,SF,Tyler Higbee,HigbTy00,0.0,1.0,0.143,50.3
2023,REG,2,00-0038041,J.Ferguson,TE,TE,DAL,15799,f46eab3d-d7dd-4420-b3f9-6da9ac1308ab,22718.0,,8110.0,,4242355.0,34085.0,,2867159.0,FergJa00,jake-ferguson-1,15947.0,,1258.0,34085.0,0.0,,1065361.0,Jake Ferguson,jake ferguson,3,4,11.0,1,0.0,0.0,1.0,13.0,2.0,0.10078335,0,11.0,0.10810811,0.0058479533,0.16625573,,,,,,,,,,,,,,,,,REG,DAL,NYJ,Jake Ferguson,FergJa00,0.0,0.0,0.0,116.7
2023,REG,2,00-0034970,I.Smith,TE,TE,CIN,14141,ed0e6a30-83d5-4f4b-bf49-f7ff80e21304,18610.0,42060.0,6126.0,,4040980.0,31882.0,,2257888.0,SmitIr01,irv-smith-jr-1,13583.0,14052.0,,31882.0,944428.0,20949.0,944428.0,Irv Smith,irv smith,2,4,10.0,0,0.0,0.0,40.0,4.0,1.0,-1.5413604,0,0.25,0.102564104,0.1904762,0.2871795,,,,,,,,,,,,,,,,,REG,CIN,BAL,Irv Smith Jr.,SmitIr01,0.0,0.0,0.0,56.2
2023,REG,2,00-0035689,D.Knox,TE,TE,BUF,14143,5fb525c5-4e70-4ede-8c49-94ad0cf66b7d,18631.0,35883.0,5906.0,,3930086.0,31928.0,,2186345.0,KnoxDa00,dawson-knox-1,13466.0,13953.0,88.0,31928.0,884083.0,20850.0,884083.0,Dawson Knox,dawson knox,3,5,10.0,1,0.0,0.0,4.0,5.0,2.0,-2.5299537,0,2.5,0.1388889,0.023952097,0.2250998,Dawson Knox,BUF,3.74,3.381999476314536,2.191999999999999,6.171171171171168,60.0,10.0,1.0,1.9100000000000013,1.9789437088901043,-0.06894370889010304,00-0035689,Dawson,Knox,D.Knox,REG,BUF,LV,Dawson Knox,KnoxDa00,0.0,1.0,0.2,104.2
2023,REG,2,00-0037838,I.Likely,TE,TE,BAL,15798,f9279edb-cfa7-4f7d-91df-b81cbf3e133e,23781.0,,8131.0,,4361050.0,34095.0,,2961906.0,LikeIs00,isaiah-likely-1,16033.0,,1257.0,34095.0,0.0,,1125111.0,Isaiah Likely,isaiah likely,1,1,8.0,0,0.0,0.0,4.0,4.0,0.0,0.6207538,0,2.0,0.030303031,0.013333334,0.054787878,,,,,,,,,,,,,,,,,REG,BAL,CIN,Isaiah Likely,LikeIs00,0.0,0.0,0.0,100.0
2023,REG,2,00-0035329,D.Parham,TE,TE,LAC,14341,4f246e92-3d21-450f-977a-dc16892c7238,18835.0,91014.0,6074.0,,3912092.0,32456.0,,2183713.0,ParhDo00,,13602.0,14320.0,,32456.0,875649.0,20905.0,875649.0,Donald Parham,donald parham,1,2,7.0,0,0.0,0.0,31.0,1.0,1.0,0.07768492,0,0.22580644,0.051282052,0.07635468,0.13037135,,,,,,,,,,,,,,,,,REG,LAC,TEN,Donald Parham,ParhDo00,0.0,0.0,0.0,58.3
2023,REG,2,00-0036332,J.Deguara,TE,TE,GB,14876,7874d188-0fcd-4af9-9289-27c27e2bbd16,19456.0,47034.0,7050.0,,3914151.0,32764.0,,2181108.0,DeguJo00,josiah-deguara-1,14629.0,,,32764.0,0.0,21798.0,866149.0,Josiah Deguara,josiah deguara,2,2,5.0,0,0.0,0.0,-2.0,7.0,1.0,-0.30808356,0,0.0,0.08,-0.009049774,0.113665156,,,,,,,,,,,,,,,,,REG,GB,ATL,Josiah Deguara,DeguJo00,0.0,0.0,0.0,79.2
2023,REG,2,00-0034364,J.Akins,TE,TE,CLE,13753,0cb5a32a-a340-4671-ba2a-93f5fa6aee8d,17415.0,47050.0,5032.0,,3128452.0,31068.0,,2142712.0,AkinJo00,jordan-akins-1,12568.0,13238.0,,31068.0,838396.0,19903.0,838396.0,Jordan Akins,jordan akins,1,1,2.0,0,0.0,0.0,0.0,2.0,0.0,-0.28190205,0,0.0,0.025,0.0,0.0375,,,,,,,,,,,,,,,,,REG,CLE,PIT,Jordan Akins,AkinJo00,0.0,0.0,0.0,79.2
2023,REG,2,00-0036894,P.Freiermuth,TE,TE,PIT,15331,04f0fefe-9d9d-44f5-94ea-6df2a42df3c6,20163.0,84085.0,7600.0,,4361411.0,33443.0,,2961270.0,FreiPa00,pat-freiermuth-1,15267.0,,1053.0,33443.0,0.0,,1116662.0,Pat Freiermuth,pat freiermuth,1,1,2.0,0,0.0,0.0,-3.0,5.0,0.0,-0.5736905,0,0.0,0.03448276,-0.01754386,0.039443437,,,,,,,,,,,,,,,,,REG,PIT,CLE,Pat Freiermuth,FreiPa00,0.0,0.0,0.0,79.2
2023,REG,2,00-0039066,M.Mayer,TE,TE,LV,16212,31f4645a-7ccb-4633-8580-2fca361beb4f,23056.0,,9482.0,,4429086.0,40065.0,,3171673.0,MayeMi00,michael-mayer-1,16666.0,,1427.0,40065.0,0.0,,1232592.0,Michael Mayer,michael mayer,1,1,2.0,0,0.0,0.0,2.0,0.0,0.0,-0.14044611,0,1.0,0.04347826,0.010309278,0.07243389,,,,,,,,,,,,,,,,,REG,LV,BUF,Michael Mayer,MayeMi00,0.0,0.0,0.0,79.2
2023,REG,2,00-0038547,L.Schoonmaker,TE,TE,DAL,16221,143957a7-4649-4a19-b351-e606edc75ebd,25267.0,,10871.0,,4372096.0,40061.0,,2968473.0,SchoLu00,luke-schoonmaker-1,16855.0,,1382.0,40061.0,0.0,,1130242.0,Luke Schoonmaker,luke schoonmaker,1,1,1.0,1,0.0,0.0,1.0,0.0,1.0,0.61328936,0,1.0,0.027027028,0.0058479533,0.044634108,,,,,,,,,,,,,,,,,REG,DAL,NYJ,Luke Schoonmaker,SchoLu00,0.0,0.0,0.0,118.7
2023,REG,2,00-0033757,R.Tonyan,TE,TE,CHI,13427,7c9c7800-69d0-459b-812b-a07ac48e9f2a,16502.0,12193.0,4602.0,,2975674.0,30777.0,,2820026.0,TonyRo00,,12389.0,12868.0,,30777.0,660151.0,19491.0,660151.0,Robert Tonyan,robert tonyan,0,2,0.0,0,0.0,0.0,22.0,0.0,0.0,-1.0594054,0,0.0,0.071428575,0.12290503,0.19317637,,,,,,,,,,,,,,,,,REG,CHI,TB,Robert Tonyan,TonyRo00,0.0,1.0,0.5,39.6
2023,REG,2,00-0035259,T.Wesco,TE,TE,TEN,14231,f6c34178-e063-444b-96b3-df6b3cf66419,18567.0,42018.0,6181.0,,4039253.0,31953.0,,2243366.0,WescTr00,trevon-wesco-1,13828.0,14224.0,,31953.0,919456.0,20977.0,919456.0,Trevon Wesco,trevon wesco,0,1,0.0,0,0.0,0.0,4.0,0.0,0.0,-0.8483446,0,0.0,0.041666668,0.018957347,0.07577014,,,,,,,,,,,,,,,,,REG,TEN,LAC,Trevon Wesco,WescTr00,0.0,1.0,1.0,39.6
2023,REG,2,00-0036232,H.Bryant,TE,TE,CLE,14875,f58a5899-8b78-46e8-a29a-ba6273b7d872,19389.0,26394.0,6850.0,,4040774.0,32785.0,,2241240.0,BryaHa00,harrison-bryant-1,14576.0,,752.0,32785.0,0.0,21783.0,916467.0,Harrison Bryant,harrison bryant,0,2,0.0,0,0.0,0.0,9.0,0.0,0.0,-8.291545,0,0.0,0.05,0.02278481,0.090949364,,,,,,,,,,,,,,,,,REG,CLE,PIT,Harrison Bryant,BryaHa00,0.0,2.0,1.0,0.0
2023,REG,2,00-0036422,A.Trautman,TE,TE,DEN,14870,4e14183b-f974-4745-9d7f-8f5eb2a92a7d,19423.0,109795.0,6869.0,,3911853.0,32775.0,,2182228.0,TrauAd00,,14541.0,,566.0,32775.0,0.0,21786.0,875444.0,Adam Trautman,adam trautman,0,1,0.0,0,0.0,0.0,4.0,0.0,0.0,-0.9134234,0,0.0,0.037037037,0.014084507,0.06541471,,,,,,,,,,,,,,,,,REG,DEN,WAS,Adam Trautman,TrauAd00,0.0,0.0,0.0,39.6
2023,REG,2,00-0037569,P.Hendershot,TE,TE,DAL,16000,944893b0-d30e-11ec-8b77-45b1765fd110,22971.0,,8197.0,,4258248.0,34607.0,,2867545.0,HendPe01,,16041.0,,,34607.0,0.0,,1065138.0,Peyton Hendershot,peyton hendershot,0,0,0.0,0,0.0,0.0,0.0,0.0,0.0,,0,,,,,,,,,,,,,,,,,,,,,,,,,,,,,
2023,REG,2,00-0033357,T.Hill,TE,TE,NO,13424,3c8a55dd-20a8-4375-b711-49eb5e6e1d0e,17115.0,12112.0,4381.0,,2468609.0,30614.0,,2818935.0,HillTa00,,12063.0,12729.0,150.0,30614.0,503184.0,19238.0,503184.0,Taysom Hill,taysom hill,1,2,-1.0,0,0.0,0.0,-8.0,4.0,0.0,-1.0742285,0,0.0,0.05882353,-0.02930403,0.06772248,,,,,,,,,,,,,,,,,REG,NO,CAR,Taysom Hill,HillTa00,0.0,0.0,0.0,56.2
2023,REG,2,00-0034575,D.Wells,TE,TE,TB,14355,268c8b1e-b217-474d-a92f-4f924273c938,17443.0,34985.0,5235.0,,3047536.0,31283.0,,2080164.0,,,12692.0,13374.0,,31283.0,746301.0,20199.0,746301.0,David Wells,david wells,2,2,-10.0,0,1.0,0.0,0.0,-10.0,1.0,-1.7841487,0,0.0,0.0625,0.0,0.09375,,,,,,,,,,,,,,,,,,,,,,,,,
2023,REG,3,00-0033288,G.Kittle,TE,TE,SF,13299,2ada91b0-036e-454f-83c3-6d939ff584a9,16499.0,11901.0,4217.0,,3040151.0,30259.0,,2818265.0,KittGe00,george-kittle-1,11892.0,12276.0,298.0,30259.0,733672.0,19063.0,733672.0,George Kittle,george kittle,7,9,90.0,0,0.0,0.0,68.0,48.0,2.0,7.045805,0,1.3235294,0.2647059,0.42767295,0.6964299,George Kittle,SF,5.27625,3.615825636711124,7.269999999999998,39.762989972652676,77.77777777777779,90.0,0.0,7.012857142857144,3.3267935630048817,3.6860635798522625,00-0033288,George,Kittle,G.Kittle,REG,SF,NYG,George Kittle,KittGe00,2.0,1.0,0.111,108.3
2023,REG,3,00-0039065,S.LaPorta,TE,TE,DET,16214,3059f1e5-1871-4458-9e90-9b9917874c61,22978.0,,10859.0,,4430027.0,40064.0,,3124197.0,LaPoSa01,sam-laporta-1,17033.0,,1429.0,40064.0,0.0,,1168926.0,Sam LaPorta,sam laporta,8,11,84.0,1,0.0,0.0,87.0,21.0,3.0,0.12680022,0,0.9655172,0.3548387,0.31071427,0.74975806,Sam LaPorta,DET,5.484,4.641174331204669,7.1409090909090915,28.60628573509596,72.72727272727273,84.0,1.0,2.974999999999999,2.9184213285661826,0.05657867143381656,00-0039065,Sam,LaPorta,S.LaPorta,REG,DET,ATL,Sam LaPorta,LaPoSa01,0.0,0.0,0.0,124.8
2023,REG,3,00-0035229,T.Hockenson,TE,TE,MIN,14138,bd1120b6-38b3-4225-a4b0-20660a149d0d,18290.0,40912.0,5844.0,,4036133.0,31840.0,,2251097.0,HockTJ00,tj-hockenson-1,13610.0,14051.0,247.0,31840.0,923915.0,20805.0,923915.0,T.J. Hockenson,tj hockenson,8,11,78.0,0,1.0,1.0,87.0,21.0,3.0,-7.34904,0,0.8965517,0.22916667,0.22597402,0.50193185,T.J. Hockenson,MIN,7.215714285714284,3.838199709558942,7.232727272727273,20.467700856679784,72.72727272727273,78.0,0.0,2.9699999999999984,3.7181517330601324,-0.7481517330601339,00-0035229,Thomas,Hockenson,T.Hockenson,REG,MIN,LAC,T.J. Hockenson,HockTJ00,0.0,0.0,0.0,54.4
2023,REG,3,00-0033110,T.Higbee,TE,TE,LA,12678,0df7912d-9e81-47ea-b4f7-d04986df4ee8,15623.0,10744.0,3271.0,,2573401.0,29344.0,,1853103.0,HigbTy00,tyler-higbee-1,10854.0,11430.0,159.0,29344.0,604176.0,18032.0,604176.0,Tyler Higbee,tyler higbee,5,5,71.0,0,0.0,0.0,46.0,25.0,4.0,3.6867726,0,1.5434783,0.15625,0.14556962,0.33627373,Tyler Higbee,LAR,4.5375,3.1304109637845787,9.082,14.338490685191033,100.0,71.0,0.0,5.117999999999999,4.824559449374556,0.2934405506254434,00-0033110,Tyler,Higbee,T.Higbee,REG,LA,CIN,Tyler Higbee,HigbTy00,0.0,0.0,0.0,118.7
2023,REG,3,00-0033439,P.Brown,TE,TE,NE,13994,6733b953-de77-44e5-acbf-c2d3a0940243,16937.0,12247.0,4443.0,,2971281.0,30627.0,,2819155.0,BrowPh01,,11887.0,12737.0,,30627.0,689689.0,19304.0,689689.0,Pharaoh Brown,pharaoh brown,2,2,71.0,1,0.0,0.0,22.0,49.0,2.0,5.8684044,0,3.2272727,0.074074075,0.07971015,0.16690822,,,,,,,,,,,,,,,,,REG,NE,NYJ,Pharaoh Brown,BrowPh01,1.0,0.0,0.0,158.3
2023,REG,3,00-0030506,T.Kelce,TE,TE,KC,11244,c3859e06-5f23-4302-a71b-04820a899d5f,11594.0,7844.0,1466.0,traviskelce/2540258,15847.0,26686.0,,1725130.0,KelcTr00,travis-kelce-1,8783.0,8411.0,264.0,26686.0,448240.0,15048.0,448240.0,Travis Kelce,travis kelce,7,8,69.0,1,0.0,0.0,54.0,21.0,4.0,7.0675836,0,1.2777778,0.21621622,0.21686748,0.47613156,Travis Kelce,KC,5.8428571428571425,4.489589974162602,8.35625,25.215948097016327,87.5,69.0,1.0,3.1671428571428564,3.2202191993389016,-0.05307634219604518,00-0030506,Travis,Kelce,T.Kelce,REG,KC,CHI,Travis Kelce,KelcTr00,1.0,0.0,0.0,142.2
2023,REG,3,00-0033881,E.Engram,TE,TE,JAX,13189,e21365af-8d66-416e-b0a5-8816d18fcfd9,16411.0,11778.0,4066.0,,3051876.0,30136.0,,2079887.0,EngrEv00,evan-engram-1,11805.0,12205.0,229.0,30136.0,749185.0,18912.0,749185.0,Evan Engram,evan engram,7,8,67.0,0,0.0,0.0,20.0,49.0,2.0,3.4291465,0,3.35,0.2,0.07220217,0.3505415,Evan Engram,JAX,6.9239999999999995,4.054363542367764,2.0862499999999997,6.3777752302342465,87.5,67.0,0.0,7.542857142857144,8.393361875930168,-0.8505047330730244,00-0033881,Evan,Engram,E.Engram,REG,JAX,HOU,Evan Engram,EngrEv00,0.0,1.0,0.125,101.6
2023,REG,3,00-0039144,L.Musgrave,TE,TE,GB,16215,77a4fb49-3c6c-4aa1-8a21-20956e2d2240,25282.0,,9481.0,,4428085.0,40074.0,,3129283.0,MusgLu00,luke-musgrave-1,16663.0,,1430.0,40074.0,0.0,,1179790.0,Luke Musgrave,luke musgrave,6,8,49.0,0,0.0,0.0,76.0,24.0,2.0,1.4567509,0,0.6447368,0.18604651,0.14757282,0.38237074,Luke Musgrave,GB,5.8660000000000005,4.386478425270267,8.870000000000001,14.009318486930425,75.0,49.0,0.0,4.23,3.33624180926671,0.8937581907332905,00-0039144,Luke,Musgrave,L.Musgrave,REG,GB,NO,Luke Musgrave,MusgLu00,0.0,0.0,0.0,90.1
2023,REG,3,00-0038041,J.Ferguson,TE,TE,DAL,15799,f46eab3d-d7dd-4420-b3f9-6da9ac1308ab,22718.0,,8110.0,,4242355.0,34085.0,,2867159.0,FergJa00,jake-ferguson-1,15947.0,,1258.0,34085.0,0.0,,1065361.0,Jake Ferguson,jake ferguson,5,7,48.0,0,0.0,0.0,29.0,33.0,1.0,1.1053758,0,1.6551725,0.1891892,0.15343915,0.39119118,Jake Ferguson,DAL,4.701666666666666,3.5462546936937636,4.049999999999999,13.922993812002746,71.42857142857143,48.0,0.0,6.659999999999999,3.8762139546626715,2.7837860453373278,00-0038041,Jake,Ferguson,J.Ferguson,REG,DAL,ARI,Jake Ferguson,FergJa00,1.0,1.0,0.143,90.2
2023,REG,3,00-0034351,D.Goedert,TE,TE,PHI,13674,e8029983-87cf-49a2-bc04-04c8233a0630,17270.0,47272.0,5022.0,,3121023.0,31019.0,,2132551.0,GoedDa00,,12860.0,13151.0,382.0,31019.0,791365.0,19863.0,791365.0,Dallas Goedert,dallas goedert,5,7,41.0,0,0.0,0.0,28.0,17.0,2.0,1.772554,0,1.4642857,0.2,0.090322584,0.36322582,Dallas Goedert,PHI,8.688571428571429,2.519552200880048,4.702857142857143,10.154852242581281,71.42857142857143,41.0,0.0,3.1359999999999992,2.2273478668568716,0.9086521331431276,00-0034351,Dallas,Goedert,D.Goedert,REG,PHI,TB,Dallas Goedert,GoedDa00,2.0,0.0,0.0,86.0
2023,REG,3,00-0035644,N.Fant,TE,TE,SEA,14137,cdc98acc-9eb6-4b44-81bb-61d7b8a3b55f,17527.0,42388.0,5857.0,,4036131.0,31852.0,,2251095.0,FantNo00,noah-fant-1,13426.0,14050.0,243.0,31852.0,923911.0,20753.0,923911.0,Noah Fant,noah fant,4,5,41.0,0,0.0,0.0,31.0,14.0,2.0,3.2388787,0,1.3225807,0.14285715,0.10231023,0.2859029,Noah Fant,SEA,7.5200000000000005,4.100670276373057,6.4140000000000015,9.737361469561257,80.0,41.0,0.0,3.6449999999999996,4.023890529043806,-0.37889052904380627,00-0035644,Noah,Fant,N.Fant,REG,SEA,CAR,Noah Fant,FantNo00,0.0,0.0,0.0,100.8
2023,REG,3,00-0036894,P.Freiermuth,TE,TE,PIT,15331,04f0fefe-9d9d-44f5-94ea-6df2a42df3c6,20163.0,84085.0,7600.0,,4361411.0,33443.0,,2961270.0,FreiPa00,pat-freiermuth-1,15267.0,,1053.0,33443.0,0.0,,1116662.0,Pat Freiermuth,pat freiermuth,3,4,41.0,1,0.0,0.0,48.0,12.0,3.0,2.6750002,0,0.8541667,0.14814815,0.21428572,0.37222221,,,,,,,,,,,,,,,,,REG,PIT,LV,Pat Freiermuth,FreiPa00,0.0,0.0,0.0,146.9
2023,REG,3,00-0036970,K.Pitts,TE,TE,ATL,15329,1f3deb24-9ff8-4769-8f42-825eff7742f6,20164.0,83964.0,7553.0,,4360248.0,33392.0,,2964514.0,PittKy00,kyle-pitts-1,15265.0,,1051.0,33392.0,0.0,,1123026.0,Kyle Pitts,kyle pitts,5,9,41.0,0,0.0,0.0,107.0,8.0,2.0,-0.26780725,0,0.38317758,0.23684211,0.3676976,0.61265147,Kyle Pitts,ATL,5.675,2.5117142562016466,10.982222222222223,34.9134581419993,55.55555555555556,41.0,0.0,1.8999999999999992,2.246802857226703,-0.3468028572267039,00-0036970,Kyle,Pitts,K.Pitts,REG,ATL,DET,Kyle Pitts,PittKy00,0.0,1.0,0.111,67.4
2023,REG,3,00-0036244,C.Parkinson,TE,TE,SEA,14871,1ea7affb-e5e7-491a-aaa3-55e200b2eb48,19372.0,52266.0,6865.0,,4242557.0,32803.0,,2867522.0,ParkCo02,colby-parkinson-1,14463.0,,565.0,32803.0,0.0,21807.0,1060312.0,Colby Parkinson,colby parkinson,3,4,38.0,0,0.0,0.0,30.0,27.0,3.0,2.6725721,0,1.2666667,0.114285715,0.0990099,0.2407355,,,,,,,,,,,,,,,,,REG,SEA,CAR,Colby Parkinson,ParkCo02,1.0,0.0,0.0,104.2
2023,REG,3,00-0033858,J.Smith,TE,TE,ATL,13193,e4f25a37-74de-4bfb-b6c9-f50a4fab0b87,16460.0,11855.0,4144.0,,3054212.0,30213.0,,2081506.0,SmitJo01,jonnu-smith-1,11807.0,12344.0,84.0,30213.0,743749.0,18990.0,743749.0,Jonnu Smith,jonnu smith,5,8,37.0,0,0.0,0.0,53.0,10.0,1.0,-0.8477531,0,0.6981132,0.21052632,0.18213059,0.44328088,Jonnu Smith,ATL,6.553999999999999,3.476551397102842,6.99375,19.763334510773582,62.5,37.0,0.0,2.0799999999999996,3.383628711413928,-1.3036287114139284,00-0033858,Jonnu,Smith,J.Smith,REG,ATL,DET,Jonnu Smith,SmitJo01,0.0,1.0,0.125,73.4
2023,REG,3,00-0034753,M.Andrews,TE,TE,BAL,13671,0618f387-9b72-4270-8b8f-dec4cccc9e4a,17269.0,47436.0,5012.0,,3116365.0,31056.0,,2131121.0,AndrMa00,mark-andrews-1,12559.0,13182.0,366.0,31056.0,820699.0,19803.0,820699.0,Mark Andrews,mark andrews,4,5,35.0,0,0.0,0.0,36.0,6.0,1.0,-0.5656608,0,0.9722222,0.16666667,0.19148937,0.38404256,Mark Andrews,BAL,6.6075,2.823584954916188,6.094000000000001,17.874112747110928,80.0,35.0,0.0,3.049999999999999,4.875495532490277,-1.8254955324902777,00-0034753,Mark,Andrews,M.Andrews,REG,BAL,IND,Mark Andrews,AndrMa00,0.0,1.0,0.2,95.8
2023,REG,3,00-0037078,C.Turner,TE,TE,WAS,15803,fc78ba73-7ef3-4dda-9a06-b5101f7ff7b1,23727.0,,8214.0,,4361438.0,34105.0,,2961855.0,TurnCo00,cole-turner-2,15923.0,,,34105.0,0.0,,1122692.0,Cole Turner,cole turner,4,7,35.0,0,0.0,0.0,52.0,4.0,1.0,-2.413063,0,0.6730769,0.2413793,0.25365853,0.53962994,Cole Turner,WAS,4.963333333333334,1.8692761737696226,9.128571428571426,28.707489105530342,57.14285714285714,35.0,0.0,1.2200000000000042,2.2830413558543796,-1.0630413558543754,00-0037078,Cole,Turner,C.Turner,REG,WAS,BUF,Cole Turner,TurnCo00,0.0,1.0,0.143,70.5
2023,REG,3,00-0033895,G.Everett,TE,TE,LAC,13236,ebeceb00-57e0-4b74-9cf7-853da2afed18,16459.0,11799.0,4089.0,,3918639.0,30157.0,,2142692.0,EverGe00,gerald-everett-1,11737.0,12284.0,55.0,30157.0,838487.0,18935.0,838487.0,Gerald Everett,gerald everett,6,6,30.0,0,1.0,0.0,7.0,23.0,4.0,1.0695549,0,4.285714,0.125,0.02052786,0.2018695,Gerald Everett,LAC,6.8,3.641733431572613,0.8916666666666669,1.7805438146903183,100.0,30.0,0.0,4.108333333333333,4.91405686392569,-0.8057235305923562,00-0033895,Gerald,Everett,G.Everett,REG,LAC,MIN,Gerald Everett,EverGe00,0.0,0.0,0.0,87.5
2023,REG,3,00-0034613,T.Hudson,TE,TE,CIN,14370,2fa75e05-cac4-4b40-8924-dbc9ae0c959c,17826.0,66924.0,5409.0,,3050481.0,31257.0,,2926606.0,,,13286.0,,,31257.0,1115394.0,20506.0,1115394.0,Tanner Hudson,tanner hudson,2,4,30.0,0,0.0,0.0,33.0,8.0,1.0,-1.6998286,0,0.90909094,0.08695652,0.103125,0.20262228,,,,,,,,,,,,,,,,,,,,,,,,,
2023,REG,3,00-0034270,T.Conklin,TE,TE,NYJ,13675,f0d17dfa-ebf3-416c-a8d2-c6bc30675103,17598.0,47327.0,5133.0,,3915486.0,31220.0,,2165249.0,ConkTy00,tyler-conklin-1,12809.0,13220.0,489.0,31127.0,861278.0,19988.0,861278.0,Tyler Conklin,tyler conklin,3,5,26.0,0,0.0,0.0,38.0,10.0,1.0,-2.594006,0,0.68421054,0.17857143,0.2375,0.43410715,Tyler Conklin,NYJ,5.014,4.547632426755312,7.078,16.952481318260205,60.0,26.0,0.0,3.5066666666666677,3.2987397138651127,0.20792695280155504,00-0034270,Tyler,Conklin,T.Conklin,REG,NYJ,NE,Tyler Conklin,ConkTy00,0.0,0.0,0.0,73.7
2023,REG,3,00-0036290,C.Kmet,TE,TE,CHI,14867,036feeb6-9a22-43c5-a8e3-7ac611d8ff49,19229.0,60995.0,6826.0,,4258595.0,32713.0,,2868619.0,KmetCo00,cole-kmet-1,14436.0,,569.0,32713.0,0.0,21772.0,1066765.0,Cole Kmet,cole kmet,2,2,22.0,0,0.0,0.0,13.0,9.0,2.0,1.7793778,0,1.6923077,0.1,0.042071197,0.17944984,,,,,,,,,,,,,,,,,REG,CHI,KC,Cole Kmet,KmetCo00,0.0,0.0,0.0,112.5
2023,REG,3,00-0031610,D.Waller,TE,TE,NYG,12263,14c97c9f-26e8-4944-9299-f90de6aeada3,14104.0,9637.0,2505.0,,2576925.0,28592.0,,1850793.0,WallDa01,darren-waller-1,10215.0,10433.0,,28592.0,600191.0,16964.0,600191.0,Darren Waller,darren waller,3,7,20.0,0,0.0,0.0,68.0,6.0,1.0,-5.0289145,0,0.29411766,0.21875,0.33497536,0.56260777,Darren Waller,NYG,5.091666666666667,2.162406490092835,8.564285714285715,32.41241349480969,42.857142857142854,20.0,0.0,2.2600000000000002,1.8142755406155782,0.44572445938442207,00-0031610,Darren,Waller,D.Waller,REG,NYG,SF,Darren Waller,WallDa01,0.0,1.0,0.143,10.7
2023,REG,3,00-0033885,D.Njoku,TE,TE,CLE,13192,8f86fcea-90e8-49ea-bc78-5c7659313e57,16399.0,11784.0,4033.0,,3123076.0,30142.0,,2136474.0,NjokDa00,david-njoku-1,11734.0,12186.0,252.0,30142.0,832098.0,18876.0,832098.0,David Njoku,david njoku,4,4,20.0,0,0.0,0.0,4.0,16.0,0.0,-1.1400858,0,5.0,0.12903225,0.017094018,0.2055142,,,,,,,,,,,,,,,,,REG,CLE,TEN,David Njoku,NjokDa00,0.0,0.0,0.0,87.5
2023,REG,3,00-0037838,I.Likely,TE,TE,BAL,15798,f9279edb-cfa7-4f7d-91df-b81cbf3e133e,23781.0,,8131.0,,4361050.0,34095.0,,2961906.0,LikeIs00,isaiah-likely-1,16033.0,,1257.0,34095.0,0.0,,1125111.0,Isaiah Likely,isaiah likely,1,2,20.0,0,0.0,0.0,25.0,2.0,1.0,0.42320043,0,0.8,0.06666667,0.13297872,0.1930851,,,,,,,,,,,,,,,,,REG,BAL,IND,Isaiah Likely,LikeIs00,0.0,1.0,0.5,85.4
2023,REG,3,00-0034829,M.Gesicki,TE,TE,NE,13672,1012cbe0-7eba-4169-bfca-183a0204e1a7,17272.0,47153.0,4993.0,,3116164.0,31012.0,,2139298.0,GesiMi00,mike-gesicki-1,12764.0,13104.0,330.0,31012.0,836152.0,19853.0,836152.0,Mike Gesicki,mike gesicki,1,1,18.0,0,0.0,0.0,13.0,5.0,1.0,2.5053132,0,1.3846154,0.037037037,0.04710145,0.08852657,,,,,,,,,,,,,,,,,REG,NE,NYJ,Mike Gesicki,GesiMi00,0.0,0.0,0.0,118.7
2023,REG,3,00-0033090,H.Henry,TE,TE,NE,12676,705899da-3c20-4bc3-b5d0-2e6e40655131,15561.0,10669.0,3214.0,,3046439.0,29269.0,,2079848.0,HenrHu00,hunter-henry-1,10735.0,11299.0,212.0,29269.0,744425.0,17975.0,744425.0,Hunter Henry,hunter henry,2,5,17.0,0,0.0,0.0,31.0,5.0,1.0,-1.0198029,0,0.5483871,0.18518518,0.11231884,0.35640097,Hunter Henry,NE,10.258,1.6041638754969347,5.984000000000002,10.977802238121447,40.0,17.0,0.0,2.9049999999999976,2.749941477870607,0.15505852212939075,00-0033090,Hunter,Henry,H.Henry,REG,NE,NYJ,Hunter Henry,HenrHu00,0.0,0.0,0.0,49.6
2023,REG,3,00-0038129,C.Otton,TE,TE,TB,15802,f23517bd-ae85-484a-8ecb-1f7a2d851e48,23181.0,,8111.0,,4243331.0,34062.0,,2815179.0,OttoCa00,cade-otton-1,16032.0,,1261.0,34062.0,0.0,,1049263.0,Cade Otton,cade otton,1,2,16.0,0,0.0,0.0,13.0,0.0,1.0,0.7457493,0,1.2307693,0.08,0.049242426,0.1544697,,,,,,,,,,,,,,,,,REG,TB,PHI,Cade Otton,OttoCa00,0.0,1.0,0.5,77.1
2023,REG,3,00-0034798,D.Smythe,TE,TE,MIA,13676,7e42a22a-c47b-4387-aeeb-2cc2e76dc1d8,17508.0,47257.0,5008.0,,3052897.0,31093.0,,2082845.0,SmytDu00,durham-smythe-1,12807.0,13249.0,,31093.0,749968.0,19943.0,749968.0,Durham Smythe,durham smythe,1,1,15.0,0,0.0,0.0,10.0,5.0,1.0,1.1744565,0,1.5,0.035714287,0.054054055,0.091409266,,,,,,,,,,,,,,,,,REG,MIA,DEN,Durham Smythe,SmytDu00,0.0,0.0,0.0,118.7
2023,REG,3,00-0037005,T.Tremble,TE,TE,CAR,15332,cbee2fd3-e5f2-4316-bffd-531f1873f032,22795.0,84025.0,7694.0,,4372780.0,33471.0,,2969027.0,TremTo00,tommy-tremble-1,15371.0,,1054.0,33471.0,0.0,,1130555.0,Tommy Tremble,tommy tremble,1,1,15.0,0,0.0,0.0,16.0,-1.0,0.0,1.1625428,0,0.9375,0.01754386,0.03426124,0.050298657,,,,,,,,,,,,,,,,,REG,CAR,SEA,Tommy Tremble,TremTo00,0.0,0.0,0.0,118.7
2023,REG,3,00-0036556,B.Jordan,TE,TE,HOU,15330,8ffb5c07-4aa1-4796-b1ab-30c1ab0ccc4c,20162.0,77887.0,7568.0,,4362504.0,33535.0,,2964787.0,JordBr00,brevin-jordan-1,15369.0,,1052.0,33535.0,0.0,,1121871.0,Brevin Jordan,brevin jordan,2,2,13.0,1,0.0,0.0,1.0,12.0,1.0,2.9471214,0,13.0,0.06896552,0.0040983604,0.106317125,,,,,,,,,,,,,,,,,REG,HOU,JAX,Brevin Jordan,JordBr00,0.0,0.0,0.0,133.3
2023,REG,3,00-0036040,J.Johnson,TE,TE,NO,14861,0226b03b-f91d-4223-9813-9fcd2e9c3acc,19562.0,28305.0,7002.0,,3929645.0,33113.0,,2186637.0,JohnJu02,,14630.0,,575.0,33113.0,0.0,21738.0,884609.0,Juwan Johnson,juwan johnson,2,4,12.0,0,0.0,0.0,13.0,7.0,0.0,-1.838695,0,0.9230769,0.11764706,0.047272727,0.2095615,,,,,,,,,,,,,,,,,REG,NO,GB,Juwan Johnson,JohnJu02,0.0,0.0,0.0,56.2
2023,REG,3,00-0036628,J.Bates,TE,TE,WAS,15344,3208880b-949f-4926-85eb-1940770550ea,22833.0,42275.0,7716.0,,4048228.0,33512.0,,2257291.0,BateJo00,john-bates-1,15289.0,,,33512.0,0.0,,944038.0,John Bates,john bates,2,2,12.0,0,0.0,0.0,10.0,2.0,0.0,0.22029407,0,1.2,0.06896552,0.048780486,0.13759461,,,,,,,,,,,,,,,,,REG,WAS,BUF,John Bates,BateJo00,0.0,0.0,0.0,91.7
2023,REG,3,00-0034830,H.Hurst,TE,TE,CAR,13680,1b125fc4-5dd9-4eb9-a42f-048e61ca42b7,17283.0,47294.0,4973.0,,3924365.0,30995.0,,2185053.0,HursHa00,hayden-hurst-1,12467.0,13098.0,8.0,30995.0,881956.0,19843.0,881956.0,Hayden Hurst,hayden hurst,1,3,11.0,0,0.0,0.0,27.0,0.0,1.0,0.47517,0,0.4074074,0.05263158,0.057815846,0.11941846,,,,,,,,,,,,,,,,,REG,CAR,SEA,Hayden Hurst,HursHa00,0.0,0.0,0.0,45.1
2023,REG,3,00-0035689,D.Knox,TE,TE,BUF,14143,5fb525c5-4e70-4ede-8c49-94ad0cf66b7d,18631.0,35883.0,5906.0,,3930086.0,31928.0,,2186345.0,KnoxDa00,dawson-knox-1,13466.0,13953.0,88.0,31928.0,884083.0,20850.0,884083.0,Dawson Knox,dawson knox,1,3,11.0,0,0.0,0.0,38.0,10.0,1.0,-0.6642349,0,0.28947368,0.09375,0.12418301,0.2275531,,,,,,,,,,,,,,,,,REG,BUF,WAS,Dawson Knox,KnoxDa00,0.0,1.0,0.5,66.7
2023,REG,3,00-0037292,A.Ogletree,TE,TE,IND,15916,59f460a8-b5af-40e6-840c-429762b278b3,24561.0,,8489.0,,4722908.0,34148.0,,2672594.0,OgleAn00,,16277.0,,1315.0,34148.0,0.0,,1271740.0,Andrew Ogletree,andrew ogletree,1,2,11.0,0,0.0,0.0,18.0,4.0,1.0,0.6265508,0,0.6111111,0.04761905,0.053254437,0.108706675,,,,,,,,,,,,,,,,,REG,IND,BAL,Andrew Ogletree,OgleAn00,0.0,0.0,0.0,66.7
2023,REG,3,00-0038783,N.Adkins,TE,TE,DEN,16474,bcd0ae60-f31c-11ed-819c-fd03d0cc2698,25881.0,,11433.0,,4383440.0,40702.0,,2977285.0,AdkiNa00,,16992.0,,,40702.0,0.0,,1132517.0,Nate Adkins,nate adkins,1,1,11.0,0,0.0,0.0,1.0,10.0,1.0,0.6438957,0,11.0,0.027777778,0.0025445293,0.043447837,,,,,,,,,,,,,,,,,REG,DEN,MIA,Nate Adkins,AdkiNa00,0.0,0.0,0.0,112.5
2023,REG,3,00-0031585,M.Pruitt,TE,TE,ATL,12309,f22b34cf-6ecf-4522-9c77-1da275dfda7d,13964.0,9576.0,2446.0,,2508256.0,28531.0,,1760327.0,PruiMy00,,10251.0,10522.0,,28531.0,552586.0,16903.0,552586.0,MyCole Pruitt,mycole pruitt,1,1,10.0,0,0.0,0.0,4.0,6.0,1.0,1.1336558,0,2.5,0.02631579,0.013745705,0.04909568,,,,,,,,,,,,,,,,,REG,ATL,DET,MyCole Pruitt,PruiMy00,0.0,0.0,0.0,108.3
2023,REG,3,00-0035771,M.Wilcox,TE,TE,CIN,15563,b2d98b60-b4b3-4610-81d2-2154c723fdbb,19510.0,47234.0,6894.0,,3923392.0,33171.0,,2188431.0,,,14634.0,,,33171.0,0.0,21800.0,885394.0,Mitchell Wilcox,mitchell wilcox,2,3,10.0,0,0.0,0.0,12.0,6.0,0.0,-0.45641708,0,0.8333333,0.06521739,0.0375,0.12407608,,,,,,,,,,,,,,,,,,,,,,,,,
2023,REG,3,00-0032134,C.Uzomah,TE,TE,NYJ,12317,19858900-5c8e-49a7-ab02-34ef625724ca,14084.0,9590.0,2460.0,c.j.uzomah/2552559,2574576.0,28545.0,,2174118.0,UzomC.00,cj-uzomah-1,10462.0,10534.0,,28545.0,593305.0,16917.0,593305.0,C.J. Uzomah,cj uzomah,1,1,9.0,0,0.0,0.0,7.0,2.0,1.0,1.0716245,0,1.2857143,0.035714287,0.04375,0.084196426,,,,,,,,,,,,,,,,,REG,NYJ,NE,C.J. Uzomah,UzomC.00,0.0,0.0,0.0,104.2
2023,REG,3,00-0033357,T.Hill,TE,TE,NO,13424,3c8a55dd-20a8-4375-b711-49eb5e6e1d0e,17115.0,12112.0,4381.0,,2468609.0,30614.0,,2818935.0,HillTa00,,12063.0,12729.0,150.0,30614.0,503184.0,19238.0,503184.0,Taysom Hill,taysom hill,1,1,9.0,0,0.0,0.0,0.0,9.0,0.0,0.63700736,0,0.0,0.029411765,0.0,0.04411765,,,,,,,,,,,,,,,,,REG,NO,GB,Taysom Hill,HillTa00,1.0,0.0,0.0,104.2
2023,REG,3,00-0034383,D.Schultz,TE,TE,HOU,13772,8caec1b4-e0b6-4a84-b8c8-617d6e91ef6a,17349.0,47304.0,5001.0,,3117256.0,31107.0,,2136748.0,SchuDa00,dalton-schultz-1,12514.0,13198.0,487.0,31107.0,830523.0,19920.0,830523.0,Dalton Schultz,dalton schultz,1,3,9.0,0,0.0,0.0,29.0,3.0,0.0,-2.01327,0,0.31034482,0.10344828,0.11885246,0.23836914,,,,,,,,,,,,,,,,,REG,HOU,JAX,Dalton Schultz,SchuDa00,0.0,1.0,0.333,42.4
2023,REG,3,00-0036637,N.Gray,TE,TE,KC,15337,c97dfcb6-b999-476f-8487-f3848e92df17,19539.0,60878.0,7828.0,,4240472.0,33550.0,,2866903.0,GrayNo00,noah-gray-1,15459.0,,1059.0,33550.0,0.0,,1056981.0,Noah Gray,noah gray,1,2,9.0,0,0.0,0.0,15.0,0.0,0.0,0.7090131,0,0.6,0.054054055,0.060240965,0.123249754,,,,,,,,,,,,,,,,,REG,KC,CHI,Noah Gray,GrayNo00,0.0,0.0,0.0,62.5
2023,REG,3,00-0036876,K.Granson,TE,TE,IND,15419,bcc0167c-05fd-4b23-981e-60b8784ceb33,22841.0,40630.0,7602.0,,4039160.0,33515.0,,2247146.0,GranKy00,kylen-granson-1,15245.0,,1119.0,33515.0,0.0,,921050.0,Kylen Granson,kylen granson,2,4,9.0,0,0.0,0.0,22.0,2.0,0.0,-1.3765696,0,0.4090909,0.0952381,0.06508876,0.18841927,,,,,,,,,,,,,,,,,REG,IND,BAL,Kylen Granson,GranKy00,0.0,1.0,0.25,56.2
2023,REG,3,00-0027696,J.Graham,TE,TE,NO,9925,fd85786d-3900-4dc0-9b30-334ee30413ed,9712.0,5619.0,616.0,jimmygraham/497236,13232.0,24070.0,6610.0,1691166.0,GrahJi00,jimmy-graham-1,6532.0,5842.0,,24070.0,295918.0,11488.0,295918.0,Jimmy Graham,jimmy graham,1,1,8.0,1,0.0,0.0,8.0,0.0,1.0,2.708027,0,1.0,0.029411765,0.02909091,0.06448128,,,,,,,,,,,,,,,,,REG,NO,GB,Jimmy Graham,GrahJi00,0.0,0.0,0.0,139.6
2023,REG,3,00-0034365,I.Thomas,TE,TE,CAR,13678,ed8a8fd2-df67-45e7-a34f-984afb82f6ea,17387.0,42130.0,4995.0,,4045305.0,31071.0,,2253359.0,ThomIa00,ian-thomas-3,12858.0,13163.0,323.0,31071.0,943093.0,19910.0,943093.0,Ian Thomas,ian thomas,1,1,8.0,0,0.0,0.0,-1.0,9.0,0.0,-0.52281564,0,0.0,0.01754386,-0.0021413276,0.02481686,,,,,,,,,,,,,,,,,REG,CAR,SEA,Ian Thomas,ThomIa00,1.0,0.0,0.0,100.0
2023,REG,3,00-0038115,D.Bellinger,TE,TE,NYG,15873,42a1c03e-790e-46ba-b0d5-d304e44c02c7,24238.0,,8225.0,,4361516.0,34068.0,,2963615.0,BellDa00,daniel-bellinger-1,16036.0,,1322.0,34068.0,0.0,,1122035.0,Daniel Bellinger,daniel bellinger,1,1,8.0,0,0.0,0.0,2.0,6.0,0.0,0.7026511,0,4.0,0.03125,0.009852217,0.05377155,,,,,,,,,,,,,,,,,REG,NYG,SF,Daniel Bellinger,BellDa00,0.0,0.0,0.0,100.0
2023,REG,3,00-0035631,D.Sample,TE,TE,CIN,14146,15a4f552-ecaf-45bd-9006-aa5dda93bee6,18561.0,47259.0,6001.0,,3127310.0,31884.0,,2139646.0,SampDr00,drew-sample-1,13809.0,14111.0,435.0,31884.0,837824.0,20931.0,837824.0,Drew Sample,drew sample,1,1,7.0,0,0.0,0.0,-4.0,11.0,0.0,-0.20246266,0,0.0,0.02173913,-0.0125,0.023858696,,,,,,,,,,,,,,,,,REG,CIN,LA,Drew Sample,SampDr00,0.0,0.0,0.0,95.8
2023,REG,3,00-0037809,C.Okonkwo,TE,TE,TEN,15889,14e11f9b-58c8-437f-abc0-a4e4df9a7c47,23982.0,,8210.0,,4360635.0,34099.0,,2965208.0,OkonCh00,chigoziem-okonkwo-1,16042.0,,1320.0,34099.0,0.0,,1106374.0,Chigoziem Okonkwo,chigoziem okonkwo,3,4,7.0,0,0.0,0.0,-1.0,11.0,0.0,-2.8300536,0,0.0,0.16666667,-0.003937008,0.24724409,,,,,,,,,,,,,,,,,REG,TEN,CLE,Chigoziem Okonkwo,OkonCh00,0.0,1.0,0.25,77.1
2023,REG,3,00-0038935,B.Strange,TE,TE,JAX,16269,94f135f7-9d54-4cbd-b560-fcaf83d414b0,25345.0,,9480.0,,4430539.0,40078.0,,3121696.0,StraBr00,brenton-strange-1,17017.0,,1461.0,40078.0,0.0,,1164940.0,Brenton Strange,brenton strange,2,2,7.0,0,0.0,0.0,2.0,5.0,0.0,-1.0687654,0,3.5,0.05,0.0072202166,0.08005415,,,,,,,,,,,,,,,,,REG,JAX,HOU,Brenton Strange,StraBr00,0.0,0.0,0.0,81.2
2023,REG,3,00-0030061,Z.Ertz,TE,TE,ARI,11247,de3421f7-2147-4835-89a5-724e87bad463,11689.0,7816.0,1339.0,zachertz/2540158,15835.0,26658.0,,1685963.0,ErtzZa00,zach-ertz-1,8781.0,8409.0,305.0,26658.0,503177.0,14856.0,503177.0,Zach Ertz,zach ertz,2,2,6.0,0,0.0,0.0,-2.0,8.0,0.0,-1.8453137,0,0.0,0.0952381,-0.015267176,0.13217013,,,,,,,,,,,,,,,,,REG,ARI,DAL,Zach Ertz,ErtzZa00,0.0,0.0,0.0,79.2
2023,REG,3,00-0036741,J.Stoll,TE,TE,PHI,15541,0560d134-d316-4cda-9d48-34d32267af68,23193.0,42058.0,7946.0,,4034862.0,33891.0,,2239684.0,StolJa00,,15510.0,,,33891.0,0.0,,911985.0,Jack Stoll,jack stoll,1,2,6.0,0,0.0,0.0,12.0,0.0,0.0,-0.044460934,0,0.5,0.057142857,0.038709678,0.11281106,,,,,,,,,,,,,,,,,REG,PHI,TB,Jack Stoll,StolJa00,0.0,1.0,0.5,56.2
2023,REG,3,00-0035249,J.Oliver,TE,TE,MIN,14209,dc83f7af-7b30-4c4a-9c93-f67bd8db954b,18487.0,47083.0,5973.0,,3921690.0,31901.0,,2184618.0,OlivJo00,josh-oliver-1,13786.0,14127.0,7.0,31901.0,881779.0,20899.0,881779.0,Josh Oliver,josh oliver,2,2,4.0,1,0.0,0.0,4.0,0.0,1.0,0.81977725,0,1.0,0.041666668,0.01038961,0.06977273,,,,,,,,,,,,,,,,,REG,MIN,LAC,Josh Oliver,OlivJo00,0.0,0.0,0.0,118.7
2023,REG,3,00-0035329,D.Parham,TE,TE,LAC,14341,4f246e92-3d21-450f-977a-dc16892c7238,18835.0,91014.0,6074.0,,3912092.0,32456.0,,2183713.0,ParhDo00,,13602.0,14320.0,,32456.0,875649.0,20905.0,875649.0,Donald Parham,donald parham,2,2,4.0,2,0.0,0.0,2.0,2.0,2.0,3.7288804,0,2.0,0.041666668,0.0058651026,0.066605575,,,,,,,,,,,,,,,,,REG,LAC,MIN,Donald Parham,ParhDo00,0.0,0.0,0.0,118.7
2023,REG,3,00-0036887,L.Farrell,TE,TE,JAX,15335,8a1f0e8e-6521-4a94-9934-ad4f76a25fd9,19501.0,42353.0,7842.0,,4040612.0,33533.0,,2260977.0,FarrLu00,luke-farrell-1,15566.0,,,33533.0,0.0,,946541.0,Luke Farrell,luke farrell,1,1,4.0,0,0.0,0.0,-3.0,7.0,0.0,-0.18259129,0,0.0,0.025,-0.010830325,0.029918773,,,,,,,,,,,,,,,,,REG,JAX,HOU,Luke Farrell,FarrLu00,0.0,0.0,0.0,83.3
2023,REG,3,00-0037569,P.Hendershot,TE,TE,DAL,16000,944893b0-d30e-11ec-8b77-45b1765fd110,22971.0,,8197.0,,4258248.0,34607.0,,2867545.0,HendPe01,,16041.0,,,34607.0,0.0,,1065138.0,Peyton Hendershot,peyton hendershot,1,1,3.0,0,0.0,0.0,1.0,2.0,0.0,-0.43181464,0,3.0,0.027027028,0.005291005,0.044244245,,,,,,,,,,,,,,,,,REG,DAL,ARI,Peyton Hendershot,HendPe01,0.0,0.0,0.0,79.2
2023,REG,3,00-0038933,D.Kincaid,TE,TE,BUF,16213,b961fa15-0676-4948-b95f-56d06319d40e,25247.0,,10236.0,,4385690.0,40048.0,,2982991.0,KincDa00,dalton-kincaid-1,16697.0,,1428.0,40048.0,0.0,,1135513.0,Dalton Kincaid,dalton kincaid,2,2,3.0,0,0.0,0.0,-1.0,4.0,0.0,-1.369953,0,0.0,0.0625,-0.003267974,0.09146242,,,,,,,,,,,,,,,,,REG,BUF,WAS,Dalton Kincaid,KincDa00,1.0,0.0,0.0,79.2
2023,REG,3,00-0037744,T.McBride,TE,TE,ARI,15794,734d54cc-c869-4e2f-a60f-c59c493f5110,22936.0,,8130.0,,4361307.0,34010.0,,2963385.0,McBrTr01,trey-mcbride-1,15902.0,,1253.0,34010.0,0.0,,1108161.0,Trey McBride,trey mcbride,1,1,2.0,0,0.0,0.0,1.0,1.0,0.0,-0.48262545,0,2.0,0.04761905,0.007633588,0.07677209,,,,,,,,,,,,,,,,,REG,ARI,DAL,Trey McBride,McBrTr01,0.0,0.0,0.0,79.2
2023,REG,3,00-0031484,C.Manhertz,TE,TE,DEN,12955,7c7b5515-7786-4e24-9ce0-34e6a8bd5727,14014.0,10211.0,3048.0,,2531358.0,28365.0,,2167520.0,ManhCh00,,10033.0,10295.0,,28365.0,563293.0,17762.0,563293.0,Chris Manhertz,chris manhertz,0,1,0.0,0,0.0,0.0,12.0,0.0,0.0,-0.7291379,0,0.0,0.027777778,0.030534351,0.06304071,,,,,,,,,,,,,,,,,REG,DEN,MIA,Chris Manhertz,ManhCh00,0.0,0.0,0.0,39.6
2023,REG,3,00-0036232,H.Bryant,TE,TE,CLE,14875,f58a5899-8b78-46e8-a29a-ba6273b7d872,19389.0,26394.0,6850.0,,4040774.0,32785.0,,2241240.0,BryaHa00,harrison-bryant-1,14576.0,,752.0,32785.0,0.0,21783.0,916467.0,Harrison Bryant,harrison bryant,0,0,0.0,0,0.0,0.0,0.0,0.0,0.0,,0,,,,,,,,,,,,,,,,,,,,,,,,,,,,,
2023,REG,3,00-0036422,A.Trautman,TE,TE,DEN,14870,4e14183b-f974-4745-9d7f-8f5eb2a92a7d,19423.0,109795.0,6869.0,,3911853.0,32775.0,,2182228.0,TrauAd00,,14541.0,,566.0,32775.0,0.0,21786.0,875444.0,Adam Trautman,adam trautman,0,2,0.0,0,0.0,0.0,-1.0,0.0,0.0,-6.373091,0,0.0,0.055555556,-0.0025445293,0.08155216,,,,,,,,,,,,,,,,,REG,DEN,MIA,Adam Trautman,TrauAd00,0.0,0.0,0.0,0.0
2023,REG,3,00-0037277,T.Quitoriano,TE,TE,HOU,15905,06cb6aff-c81e-4553-95ba-467187f408d4,24182.0,,8227.0,,4374045.0,34126.0,,2965963.0,QuitTe00,teagan-quitoriano-1,16034.0,,,34126.0,0.0,,1128538.0,Teagan Quitoriano,teagan quitoriano,0,1,0.0,0,0.0,0.0,0.0,0.0,0.0,-0.86879563,0,,0.03448276,0.0,0.05172414,,,,,,,,,,,,,,,,,REG,HOU,JAX,Teagan Quitoriano,QuitTe00,0.0,0.0,0.0,39.6
2023,REG,3,00-0037304,C.Heyward,TE,TE,PIT,15800,62e96d7c-e4dd-4a90-8c3a-8017eb69120d,24562.0,,8181.0,,4241961.0,34163.0,,2867599.0,HeywCo00,connor-heyward-1,15916.0,,,34163.0,0.0,,1057457.0,Connor Heyward,connor heyward,0,2,0.0,0,0.0,0.0,5.0,0.0,0.0,-1.187745,0,0.0,0.074074075,0.02232143,0.1267361,,,,,,,,,,,,,,,,,REG,PIT,LV,Connor Heyward,HeywCo00,0.0,0.0,0.0,39.6
2023,REG,3,00-0038547,L.Schoonmaker,TE,TE,DAL,16221,143957a7-4649-4a19-b351-e606edc75ebd,25267.0,,10871.0,,4372096.0,40061.0,,2968473.0,SchoLu00,luke-schoonmaker-1,16855.0,,1382.0,40061.0,0.0,,1130242.0,Luke Schoonmaker,luke schoonmaker,0,1,0.0,0,0.0,0.0,0.0,0.0,0.0,-0.7955061,0,,0.027027028,0.0,0.04054054,,,,,,,,,,,,,,,,,REG,DAL,ARI,Luke Schoonmaker,SchoLu00,0.0,1.0,1.0,39.6
2023,REG,3,00-0038720,J.Hill,TE,TE,MIA,16425,516da3c0-f016-11ed-a518-572ef5cb73b6,25824.0,,11371.0,,4365395.0,40629.0,,2961743.0,HillJu02,,17335.0,,,40629.0,0.0,,1123630.0,Julian Hill,julian hill,0,1,0.0,0,0.0,0.0,5.0,0.0,0.0,-0.42320338,0,0.0,0.035714287,0.027027028,0.07249035,,,,,,,,,,,,,,,,,REG,MIA,DEN,Julian Hill,HillJu02,0.0,0.0,0.0,39.6
2023,REG,3,00-0039066,M.Mayer,TE,TE,LV,16212,31f4645a-7ccb-4633-8580-2fca361beb4f,23056.0,,9482.0,,4429086.0,40065.0,,3171673.0,MayeMi00,michael-mayer-1,16666.0,,1427.0,40065.0,0.0,,1232592.0,Michael Mayer,michael mayer,0,1,0.0,0,0.0,0.0,12.0,0.0,0.0,-4.3300214,1,0.0,0.022727273,0.02631579,0.05251196,,,,,,,,,,,,,,,,,REG,LV,PIT,Michael Mayer,MayeMi00,0.0,0.0,0.0,0.0
2023,REG,4,00-0033858,J.Smith,TE,TE,ATL,13193,e4f25a37-74de-4bfb-b6c9-f50a4fab0b87,16460.0,11855.0,4144.0,,3054212.0,30213.0,,2081506.0,SmitJo01,jonnu-smith-1,11807.0,12344.0,84.0,30213.0,743749.0,18990.0,743749.0,Jonnu Smith,jonnu smith,6,6,95.0,0,0.0,0.0,49.0,46.0,4.0,5.848327,0,1.9387755,0.2,0.18992248,0.43294573,Jonnu Smith,ATL,7.4159999999999995,3.5236101459327913,7.879999999999999,17.816633379809314,100.0,95.0,0.0,7.953333333333334,4.2053026425694116,3.7480306907639225,00-0033858,Jonnu,Smith,J.Smith,REG,ATL,JAX,Jonnu Smith,SmitJo01,0.0,0.0,0.0,118.7
2023,REG,4,00-0036290,C.Kmet,TE,TE,CHI,14867,036feeb6-9a22-43c5-a8e3-7ac611d8ff49,19229.0,60995.0,6826.0,,4258595.0,32713.0,,2868619.0,KmetCo00,cole-kmet-1,14436.0,,569.0,32713.0,0.0,21772.0,1066765.0,Cole Kmet,cole kmet,7,9,85.0,2,0.0,0.0,77.0,31.0,5.0,4.4141855,0,1.1038961,0.28125,0.3181818,0.6446023,Cole Kmet,CHI,5.362857142857143,5.911379251660827,8.324444444444445,26.976811176724762,77.77777777777779,85.0,2.0,5.102857142857144,4.943776283031184,0.1590808598259601,00-0036290,Cole,Kmet,C.Kmet,REG,CHI,DEN,Cole Kmet,KmetCo00,0.0,0.0,0.0,106.0
2023,REG,4,00-0034753,M.Andrews,TE,TE,BAL,13671,0618f387-9b72-4270-8b8f-dec4cccc9e4a,17269.0,47436.0,5012.0,,3116365.0,31056.0,,2131121.0,AndrMa00,mark-andrews-1,12559.0,13182.0,366.0,31056.0,820699.0,19803.0,820699.0,Mark Andrews,mark andrews,5,5,80.0,2,0.0,0.0,39.0,41.0,4.0,9.294894,0,2.0512822,0.2777778,0.33333334,0.65,Mark Andrews,BAL,4.676666666666667,2.9995135176579715,8.984,35.96477181745396,100.0,80.0,2.0,8.413999999999998,7.221997402644138,1.1920025973558603,00-0034753,Mark,Andrews,M.Andrews,REG,BAL,CLE,Mark Andrews,AndrMa00,2.0,0.0,0.0,158.3
2023,REG,4,00-0038041,J.Ferguson,TE,TE,DAL,15799,f46eab3d-d7dd-4420-b3f9-6da9ac1308ab,22718.0,,8110.0,,4242355.0,34085.0,,2867159.0,FergJa00,jake-ferguson-1,15947.0,,1258.0,34085.0,0.0,,1065361.0,Jake Ferguson,jake ferguson,7,7,77.0,0,0.0,0.0,52.0,25.0,5.0,5.7300396,0,1.4807693,0.19444445,0.2290749,0.4520191,Jake Ferguson,DAL,4.303333333333334,3.235094633613659,7.067142857142856,21.046585832801533,100.0,77.0,0.0,3.9328571428571437,1.7939714545769903,2.1388856882801535,00-0038041,Jake,Ferguson,J.Ferguson,REG,DAL,NE,Jake Ferguson,FergJa00,2.0,0.0,0.0,112.5
2023,REG,4,00-0033110,T.Higbee,TE,TE,LA,12678,0df7912d-9e81-47ea-b4f7-d04986df4ee8,15623.0,10744.0,3271.0,,2573401.0,29344.0,,1853103.0,HigbTy00,tyler-higbee-1,10854.0,11430.0,159.0,29344.0,604176.0,18032.0,604176.0,Tyler Higbee,tyler higbee,5,11,64.0,0,0.0,0.0,85.0,23.0,3.0,1.296668,0,0.7529412,0.2820513,0.27687296,0.616888,Tyler Higbee,LAR,6.340000000000001,3.231512604860679,6.457272727272729,24.65805734916337,45.45454545454545,64.0,0.0,4.633999999999998,7.317033217161717,-2.6830332171617197,00-0033110,Tyler,Higbee,T.Higbee,REG,LA,IND,Tyler Higbee,HigbTy00,0.0,0.0,0.0,64.2
2023,REG,4,00-0035644,N.Fant,TE,TE,SEA,14137,cdc98acc-9eb6-4b44-81bb-61d7b8a3b55f,17527.0,42388.0,5857.0,,4036131.0,31852.0,,2251095.0,FantNo00,noah-fant-1,13426.0,14050.0,243.0,31852.0,923911.0,20753.0,923911.0,Noah Fant,noah fant,2,2,63.0,0,0.0,0.0,8.0,55.0,2.0,6.067088,0,7.875,0.07692308,0.0625,0.15913461,,,,,,,,,,,,,,,,,REG,SEA,NYG,Noah Fant,FantNo00,0.0,0.0,0.0,118.7
2023,REG,4,00-0030506,T.Kelce,TE,TE,KC,11244,c3859e06-5f23-4302-a71b-04820a899d5f,11594.0,7844.0,1466.0,traviskelce/2540258,15847.0,26686.0,,1725130.0,KelcTr00,travis-kelce-1,8783.0,8411.0,264.0,26686.0,448240.0,15048.0,448240.0,Travis Kelce,travis kelce,6,9,60.0,0,0.0,0.0,54.0,38.0,4.0,2.7614107,0,1.1111112,0.31034482,0.27272728,0.6564263,Travis Kelce,KC,6.20875,3.6696472887748524,5.797777777777778,25.75518262586377,66.66666666666666,60.0,0.0,6.366666666666667,5.585383829445618,0.781282837221049,00-0030506,Travis,Kelce,T.Kelce,REG,KC,NYJ,Travis Kelce,KelcTr00,0.0,1.0,0.111,45.8
2023,REG,4,00-0033881,E.Engram,TE,TE,JAX,13189,e21365af-8d66-416e-b0a5-8816d18fcfd9,16411.0,11778.0,4066.0,,3051876.0,30136.0,,2079887.0,EngrEv00,evan-engram-1,11805.0,12205.0,229.0,30136.0,749185.0,18912.0,749185.0,Evan Engram,evan engram,7,8,59.0,0,1.0,0.0,34.0,30.0,3.0,0.9926127,0,1.7352941,0.26666668,0.18994413,0.5329609,Evan Engram,JAX,6.311428571428571,3.08521028599755,4.365,18.84409907722195,87.5,59.0,0.0,4.067142857142858,6.082264447882961,-2.0151215907401037,00-0033881,Evan,Engram,E.Engram,REG,JAX,ATL,Evan Engram,EngrEv00,0.0,1.0,0.125,97.4
2023,REG,4,00-0034270,T.Conklin,TE,TE,NYJ,13675,f0d17dfa-ebf3-416c-a8d2-c6bc30675103,17598.0,47327.0,5133.0,,3915486.0,31220.0,,2165249.0,ConkTy00,tyler-conklin-1,12809.0,13220.0,489.0,31127.0,861278.0,19988.0,861278.0,Tyler Conklin,tyler conklin,4,6,58.0,0,0.0,0.0,57.0,19.0,2.0,-0.7090659,0,1.0175439,0.15384616,0.19587629,0.36788264,Tyler Conklin,NYJ,4.182,2.4680434682405297,9.388333333333334,17.718851247208327,66.66666666666666,58.0,0.0,5.237500000000001,3.5822827296129702,1.6552172703870305,00-0034270,Tyler,Conklin,T.Conklin,REG,NYJ,KC,Tyler Conklin,ConkTy00,0.0,1.0,0.167,97.9
2023,REG,4,00-0039065,S.LaPorta,TE,TE,DET,16214,3059f1e5-1871-4458-9e90-9b9917874c61,22978.0,,10859.0,,4430027.0,40064.0,,3124197.0,LaPoSa01,sam-laporta-1,17033.0,,1429.0,40064.0,0.0,,1168926.0,Sam LaPorta,sam laporta,4,5,56.0,0,0.0,0.0,35.0,32.0,2.0,4.5577517,0,1.6,0.18518518,0.19774011,0.41619587,Sam LaPorta,DET,5.035,2.361905088733376,6.838000000000001,20.233163688010418,80.0,56.0,0.0,7.969999999999999,2.8674466999360106,5.102553300063988,00-0039065,Sam,LaPorta,S.LaPorta,REG,DET,GB,Sam LaPorta,LaPoSa01,1.0,1.0,0.2,113.3
2023,REG,4,00-0030061,Z.Ertz,TE,TE,ARI,11247,de3421f7-2147-4835-89a5-724e87bad463,11689.0,7816.0,1339.0,zachertz/2540158,15835.0,26658.0,,1685963.0,ErtzZa00,zach-ertz-1,8781.0,8409.0,305.0,26658.0,503177.0,14856.0,503177.0,Zach Ertz,zach ertz,6,10,53.0,0,0.0,0.0,102.0,6.0,2.0,-2.014699,0,0.51960784,0.24390244,0.30088496,0.5764731,Zach Ertz,ARI,6.7780000000000005,3.401122446320901,9.251000000000001,27.868654917909318,60.0,53.0,0.0,1.2716666666666672,2.3746191211109724,-1.1029524544443052,00-0030061,Zachary,Ertz,Z.Ertz,REG,ARI,SF,Zach Ertz,ErtzZa00,0.0,1.0,0.1,74.2
2023,REG,4,00-0033090,H.Henry,TE,TE,NE,12676,705899da-3c20-4bc3-b5d0-2e6e40655131,15561.0,10669.0,3214.0,,3046439.0,29269.0,,2079848.0,HenrHu00,hunter-henry-1,10735.0,11299.0,212.0,29269.0,744425.0,17975.0,744425.0,Hunter Henry,hunter henry,4,5,51.0,0,0.0,0.0,41.0,13.0,3.0,4.426132,0,1.2439024,0.1724138,0.18222222,0.38617626,Hunter Henry,NE,4.99,3.0844345322865956,7.49,16.50288635261975,80.0,51.0,0.0,4.015,3.200922324139526,0.8140776758604735,00-0033090,Hunter,Henry,H.Henry,REG,NE,DAL,Hunter Henry,HenrHu00,0.0,1.0,0.2,109.2
2023,REG,4,00-0037292,A.Ogletree,TE,TE,IND,15916,59f460a8-b5af-40e6-840c-429762b278b3,24561.0,,8489.0,,4722908.0,34148.0,,2672594.0,OgleAn00,,16277.0,,1315.0,34148.0,0.0,,1271740.0,Andrew Ogletree,andrew ogletree,3,4,48.0,1,0.0,0.0,37.0,16.0,3.0,5.366126,0,1.2972972,0.16666667,0.121710524,0.33519736,,,,,,,,,,,,,,,,,REG,IND,LA,Andrew Ogletree,OgleAn00,0.0,0.0,0.0,154.2
2023,REG,4,00-0033885,D.Njoku,TE,TE,CLE,13192,8f86fcea-90e8-49ea-bc78-5c7659313e57,16399.0,11784.0,4033.0,,3123076.0,30142.0,,2136474.0,NjokDa00,david-njoku-1,11734.0,12186.0,252.0,30142.0,832098.0,18876.0,832098.0,David Njoku,david njoku,6,7,46.0,0,0.0,0.0,42.0,22.0,3.0,3.4110165,0,1.0952381,0.20588236,0.14,0.40682352,David Njoku,CLE,7.8149999999999995,2.626864108632318,5.854285714285715,13.206574282951985,85.71428571428571,46.0,0.0,3.7783333333333338,3.945275097957051,-0.16694176462371724,00-0033885,David,Njoku,D.Njoku,REG,CLE,BAL,David Njoku,NjokDa00,0.0,0.0,0.0,94.0
2023,REG,4,00-0034383,D.Schultz,TE,TE,HOU,13772,8caec1b4-e0b6-4a84-b8c8-617d6e91ef6a,17349.0,47304.0,5001.0,,3117256.0,31107.0,,2136748.0,SchuDa00,dalton-schultz-1,12514.0,13198.0,487.0,31107.0,830523.0,19920.0,830523.0,Dalton Schultz,dalton schultz,3,3,42.0,1,0.0,0.0,26.0,16.0,2.0,4.7936883,0,1.6153846,0.11111111,0.115555555,0.24755555,,,,,,,,,,,,,,,,,REG,HOU,PIT,Dalton Schultz,SchuDa00,1.0,0.0,0.0,158.3
2023,REG,4,00-0031260,L.Thomas,TE,TE,WAS,11647,b24625a0-d402-4d59-a778-aa4b073bfe5e,12095.0,8755.0,2251.0,loganthomas/2543767,16813.0,27648.0,,1691193.0,ThomLo00,logan-thomas-1,9323.0,9354.0,,27648.0,507528.0,16656.0,507528.0,Logan Thomas,logan thomas,3,3,41.0,0,0.0,0.0,28.0,13.0,1.0,3.181987,0,1.4642857,0.07692308,0.07692308,0.16923077,,,,,,,,,,,,,,,,,REG,WAS,PHI,Logan Thomas,ThomLo00,0.0,0.0,0.0,118.7
2023,REG,4,00-0034798,D.Smythe,TE,TE,MIA,13676,7e42a22a-c47b-4387-aeeb-2cc2e76dc1d8,17508.0,47257.0,5008.0,,3052897.0,31093.0,,2082845.0,SmytDu00,durham-smythe-1,12807.0,13249.0,,31093.0,749968.0,19943.0,749968.0,Durham Smythe,durham smythe,4,4,41.0,0,0.0,0.0,16.0,25.0,1.0,1.8925341,0,2.5625,0.11764706,0.0855615,0.23636363,,,,,,,,,,,,,,,,,REG,MIA,BUF,Durham Smythe,SmytDu00,0.0,0.0,0.0,109.4
2023,REG,4,00-0033217,M.Alie-Cox,TE,TE,IND,13246,8809c0dd-786b-4255-a7d0-333c9498c19a,16579.0,12078.0,4054.0,moalie-cox/2558832,2998565.0,30112.0,,2815925.0,AlieMo00,,12196.0,12221.0,195.0,30112.0,712506.0,18900.0,712506.0,Mo Alie-Cox,mo alie-cox,1,1,35.0,1,0.0,0.0,18.0,17.0,1.0,3.1596162,0,1.9444444,0.041666668,0.059210528,0.10394737,,,,,,,,,,,,,,,,,REG,IND,LA,Mo Alie-Cox,AlieMo00,0.0,0.0,0.0,158.3
2023,REG,4,00-0036332,J.Deguara,TE,TE,GB,14876,7874d188-0fcd-4af9-9289-27c27e2bbd16,19456.0,47034.0,7050.0,,3914151.0,32764.0,,2181108.0,DeguJo00,josiah-deguara-1,14629.0,,,32764.0,0.0,21798.0,866149.0,Josiah Deguara,josiah deguara,4,4,34.0,0,0.0,0.0,19.0,15.0,1.0,0.10522353,0,1.7894737,0.11764706,0.057057057,0.21641053,,,,,,,,,,,,,,,,,REG,GB,DET,Josiah Deguara,DeguJo00,0.0,0.0,0.0,102.1
2023,REG,4,00-0036637,N.Gray,TE,TE,KC,15337,c97dfcb6-b999-476f-8487-f3848e92df17,19539.0,60878.0,7828.0,,4240472.0,33550.0,,2866903.0,GrayNo00,noah-gray-1,15459.0,,1059.0,33550.0,0.0,,1056981.0,Noah Gray,noah gray,1,3,34.0,1,0.0,0.0,54.0,18.0,1.0,-0.40241095,0,0.6296296,0.10344828,0.27272728,0.3460815,,,,,,,,,,,,,,,,,REG,KC,NYJ,Noah Gray,GrayNo00,0.0,0.0,0.0,77.1
2023,REG,4,00-0037809,C.Okonkwo,TE,TE,TEN,15889,14e11f9b-58c8-437f-abc0-a4e4df9a7c47,23982.0,,8210.0,,4360635.0,34099.0,,2965208.0,OkonCh00,chigoziem-okonkwo-1,16042.0,,1320.0,34099.0,0.0,,1106374.0,Chigoziem Okonkwo,chigoziem okonkwo,3,3,29.0,0,0.0,0.0,23.0,6.0,1.0,0.5228149,0,1.2608696,0.115384616,0.074433655,0.22518048,,,,,,,,,,,,,,,,,REG,TEN,CIN,Chigoziem Okonkwo,OkonCh00,0.0,0.0,0.0,106.9
2023,REG,4,00-0038933,D.Kincaid,TE,TE,BUF,16213,b961fa15-0676-4948-b95f-56d06319d40e,25247.0,,10236.0,,4385690.0,40048.0,,2982991.0,KincDa00,dalton-kincaid-1,16697.0,,1428.0,40048.0,0.0,,1135513.0,Dalton Kincaid,dalton kincaid,4,5,27.0,0,0.0,0.0,10.0,11.0,1.0,0.8855781,0,2.7,0.2,0.048780486,0.33414635,Dalton Kincaid,BUF,7.305,2.9572243607484228,4.062,9.883211678832119,80.0,27.0,0.0,2.9450000000000003,2.911184173396464,0.033815826603536436,00-0038933,Dalton,Kincaid,D.Kincaid,REG,BUF,MIA,Dalton Kincaid,KincDa00,1.0,0.0,0.0,89.2
2023,REG,4,00-0037805,J.Ruckert,TE,TE,NYJ,15796,28f3732b-0910-4d09-9fd4-e43b821dc5bb,23742.0,,8145.0,,4361372.0,34057.0,,2965446.0,RuckJe00,jeremy-ruckert-1,15996.0,,1255.0,34057.0,0.0,,1122596.0,Jeremy Ruckert,jeremy ruckert,2,2,26.0,0,0.0,0.0,20.0,6.0,1.0,1.559895,0,1.3,0.051282052,0.06872852,0.12503304,,,,,,,,,,,,,,,,,REG,NYJ,KC,Jeremy Ruckert,RuckJe00,0.0,0.0,0.0,118.7
2023,REG,4,00-0038589,J.Whyle,TE,TE,TEN,16312,601467c7-b593-472d-a147-b8e7bfdbe990,22923.0,,10212.0,,4360086.0,40182.0,,2962513.0,WhylJo01,josh-whyle-1,16866.0,,1471.0,40182.0,0.0,,1107037.0,Josh Whyle,josh whyle,2,2,26.0,1,0.0,0.0,16.0,10.0,2.0,4.503268,0,1.625,0.07692308,0.051779937,0.15163057,,,,,,,,,,,,,,,,,REG,TEN,CIN,Josh Whyle,WhylJo01,0.0,0.0,0.0,158.3
2023,REG,4,00-0034351,D.Goedert,TE,TE,PHI,13674,e8029983-87cf-49a2-bc04-04c8233a0630,17270.0,47272.0,5022.0,,3121023.0,31019.0,,2132551.0,GoedDa00,,12860.0,13151.0,382.0,31019.0,791365.0,19863.0,791365.0,Dallas Goedert,dallas goedert,2,4,25.0,0,0.0,0.0,41.0,3.0,2.0,1.4522605,0,0.6097561,0.11764706,0.11263736,0.25531673,,,,,,,,,,,,,,,,,REG,PHI,WAS,Dallas Goedert,GoedDa00,0.0,1.0,0.25,69.8
2023,REG,4,00-0035229,T.Hockenson,TE,TE,MIN,14138,bd1120b6-38b3-4225-a4b0-20660a149d0d,18290.0,40912.0,5844.0,,4036133.0,31840.0,,2251097.0,HockTJ00,tj-hockenson-1,13610.0,14051.0,247.0,31840.0,923915.0,20805.0,923915.0,T.J. Hockenson,tj hockenson,2,3,24.0,0,0.0,0.0,8.0,31.0,2.0,0.6243823,0,3.0,0.16666667,0.054421768,0.28809524,,,,,,,,,,,,,,,,,REG,MIN,CAR,T.J. Hockenson,HockTJ00,0.0,1.0,0.333,91.0
2023,REG,4,00-0036876,K.Granson,TE,TE,IND,15419,bcc0167c-05fd-4b23-981e-60b8784ceb33,22841.0,40630.0,7602.0,,4039160.0,33515.0,,2247146.0,GranKy00,kylen-granson-1,15245.0,,1119.0,33515.0,0.0,,921050.0,Kylen Granson,kylen granson,2,5,24.0,0,0.0,0.0,61.0,7.0,2.0,0.59907913,0,0.39344263,0.20833333,0.20065789,0.45296052,Kylen Granson,IND,5.968000000000001,3.2002388668167305,12.174,20.436461306026523,40.0,24.0,0.0,3.184999999999997,4.153557349802355,-0.9685573498023583,00-0036876,Kylen,Granson,K.Granson,REG,IND,LA,Kylen Granson,GranKy00,0.0,1.0,0.2,55.4
2023,REG,4,00-0031610,D.Waller,TE,TE,NYG,12263,14c97c9f-26e8-4944-9299-f90de6aeada3,14104.0,9637.0,2505.0,,2576925.0,28592.0,,1850793.0,WallDa01,darren-waller-1,10215.0,10433.0,,28592.0,600191.0,16964.0,600191.0,Darren Waller,darren waller,3,3,21.0,0,0.0,0.0,12.0,9.0,0.0,0.40923783,0,1.75,0.09375,0.11320755,0.21987028,,,,,,,,,,,,,,,,,REG,NYG,SEA,Darren Waller,WallDa01,0.0,0.0,0.0,95.8
2023,REG,4,00-0036970,K.Pitts,TE,TE,ATL,15329,1f3deb24-9ff8-4769-8f42-825eff7742f6,20164.0,83964.0,7553.0,,4360248.0,33392.0,,2964514.0,PittKy00,kyle-pitts-1,15265.0,,1051.0,33392.0,0.0,,1123026.0,Kyle Pitts,kyle pitts,2,4,21.0,0,0.0,0.0,49.0,2.0,1.0,-5.116268,0,0.42857143,0.13333334,0.18992248,0.33294573,,,,,,,,,,,,,,,,,REG,ATL,JAX,Kyle Pitts,PittKy00,0.0,0.0,0.0,26.0
2023,REG,4,00-0033757,R.Tonyan,TE,TE,CHI,13427,7c9c7800-69d0-459b-812b-a07ac48e9f2a,16502.0,12193.0,4602.0,,2975674.0,30777.0,,2820026.0,TonyRo00,,12389.0,12868.0,,30777.0,660151.0,19491.0,660151.0,Robert Tonyan,robert tonyan,2,2,18.0,0,0.0,0.0,2.0,16.0,0.0,0.69513744,0,9.0,0.0625,0.008264462,0.09953512,,,,,,,,,,,,,,,,,REG,CHI,DEN,Robert Tonyan,TonyRo00,0.0,0.0,0.0,104.2
2023,REG,4,00-0034613,T.Hudson,TE,TE,CIN,14370,2fa75e05-cac4-4b40-8924-dbc9ae0c959c,17826.0,66924.0,5409.0,,3050481.0,31257.0,,2926606.0,,,13286.0,,,31257.0,1115394.0,20506.0,1115394.0,Tanner Hudson,tanner hudson,2,2,18.0,0,0.0,0.0,9.0,9.0,1.0,1.2287451,0,2.0,0.074074075,0.071428575,0.16111112,,,,,,,,,,,,,,,,,,,,,,,,,
2023,REG,4,00-0038129,C.Otton,TE,TE,TB,15802,f23517bd-ae85-484a-8ecb-1f7a2d851e48,23181.0,,8111.0,,4243331.0,34062.0,,2815179.0,OttoCa00,cade-otton-1,16032.0,,1261.0,34062.0,0.0,,1049263.0,Cade Otton,cade otton,3,4,13.0,1,0.0,0.0,14.0,8.0,1.0,-0.0426218,0,0.9285714,0.13333334,0.075675674,0.25297296,,,,,,,,,,,,,,,,,REG,TB,NO,Cade Otton,OttoCa00,0.0,0.0,0.0,117.7
2023,REG,4,00-0034829,M.Gesicki,TE,TE,NE,13672,1012cbe0-7eba-4169-bfca-183a0204e1a7,17272.0,47153.0,4993.0,,3116164.0,31012.0,,2139298.0,GesiMi00,mike-gesicki-1,12764.0,13104.0,330.0,31012.0,836152.0,19853.0,836152.0,Mike Gesicki,mike gesicki,1,3,12.0,0,0.0,0.0,42.0,2.0,1.0,-1.3956574,0,0.2857143,0.10344828,0.18666667,0.28583908,,,,,,,,,,,,,,,,,REG,NE,DAL,Mike Gesicki,GesiMi00,0.0,0.0,0.0,46.5
2023,REG,4,00-0035689,D.Knox,TE,TE,BUF,14143,5fb525c5-4e70-4ede-8c49-94ad0cf66b7d,18631.0,35883.0,5906.0,,3930086.0,31928.0,,2186345.0,KnoxDa00,dawson-knox-1,13466.0,13953.0,88.0,31928.0,884083.0,20850.0,884083.0,Dawson Knox,dawson knox,1,1,12.0,0,0.0,0.0,4.0,8.0,1.0,0.7961443,0,3.0,0.04,0.019512195,0.07365853,,,,,,,,,,,,,,,,,REG,BUF,MIA,Dawson Knox,KnoxDa00,0.0,0.0,0.0,116.7
2023,REG,4,00-0032392,A.Hooper,TE,TE,LV,12677,90c2a93f-d837-4e1b-b57c-56648903a8db,15581.0,10715.0,3202.0,,3043275.0,29315.0,,2067004.0,HoopAu00,austin-hooper-1,10748.0,11301.0,384.0,29315.0,739424.0,17963.0,739424.0,Austin Hooper,austin hooper,1,2,11.0,0,0.0,0.0,6.0,7.0,0.0,-0.11368422,0,1.8333334,0.05263158,0.023809524,0.09561404,,,,,,,,,,,,,,,,,REG,LV,LAC,Austin Hooper,HoopAu00,0.0,0.0,0.0,66.7
2023,REG,4,00-0031484,C.Manhertz,TE,TE,DEN,12955,7c7b5515-7786-4e24-9ce0-34e6a8bd5727,14014.0,10211.0,3048.0,,2531358.0,28365.0,,2167520.0,ManhCh00,,10033.0,10295.0,,28365.0,563293.0,17762.0,563293.0,Chris Manhertz,chris manhertz,1,1,10.0,0,0.0,0.0,3.0,7.0,1.0,1.0977511,0,3.3333333,0.03846154,0.018181818,0.07041958,,,,,,,,,,,,,,,,,REG,DEN,CHI,Chris Manhertz,ManhCh00,0.0,0.0,0.0,108.3
2023,REG,4,00-0036887,L.Farrell,TE,TE,JAX,15335,8a1f0e8e-6521-4a94-9934-ad4f76a25fd9,19501.0,42353.0,7842.0,,4040612.0,33533.0,,2260977.0,FarrLu00,luke-farrell-1,15566.0,,,33533.0,0.0,,946541.0,Luke Farrell,luke farrell,2,2,10.0,0,0.0,0.0,6.0,4.0,1.0,0.9035874,0,1.6666666,0.06666667,0.033519555,0.12346369,,,,,,,,,,,,,,,,,REG,JAX,ATL,Luke Farrell,FarrLu00,1.0,0.0,0.0,87.5
2023,REG,4,00-0038558,D.Washington,TE,TE,PIT,16216,1984b8b5-d206-4d6a-8204-c5dd0160e9f5,22967.0,,9479.0,,4430802.0,40094.0,,3163963.0,WashDa03,darnell-washington-1,16889.0,,1431.0,40094.0,0.0,,1218658.0,Darnell Washington,darnell washington,1,1,10.0,0,0.0,0.0,1.0,9.0,1.0,1.1881169,0,10.0,0.037037037,0.0057471264,0.059578545,,,,,,,,,,,,,,,,,REG,PIT,HOU,Darnell Washington,WashDa03,0.0,0.0,0.0,108.3
2023,REG,4,00-0033288,G.Kittle,TE,TE,SF,13299,2ada91b0-036e-454f-83c3-6d939ff584a9,16499.0,11901.0,4217.0,,3040151.0,30259.0,,2818265.0,KittGe00,george-kittle-1,11892.0,12276.0,298.0,30259.0,733672.0,19063.0,733672.0,George Kittle,george kittle,1,1,9.0,0,0.0,0.0,4.0,5.0,1.0,3.3686554,0,2.25,0.04761905,0.022099448,0.086898185,,,,,,,,,,,,,,,,,REG,SF,ARI,George Kittle,KittGe00,0.0,0.0,0.0,104.2
2023,REG,4,00-0033895,G.Everett,TE,TE,LAC,13236,ebeceb00-57e0-4b74-9cf7-853da2afed18,16459.0,11799.0,4089.0,,3918639.0,30157.0,,2142692.0,EverGe00,gerald-everett-1,11737.0,12284.0,55.0,30157.0,838487.0,18935.0,838487.0,Gerald Everett,gerald everett,2,2,9.0,0,0.0,0.0,4.0,5.0,0.0,-0.34908324,0,2.25,0.083333336,0.013840831,0.13468859,,,,,,,,,,,,,,,,,REG,LAC,LV,Gerald Everett,EverGe00,1.0,0.0,0.0,85.4
2023,REG,4,00-0024243,M.Lewis,TE,TE,CHI,8269,9c21e9af-681c-41ef-9b00-fbc9e1668ed1,9413.0,2973.0,111.0,marcedeslewis/2495888,9614.0,7777.0,4007.0,415313.0,LewiMa00,marcedes-lewis-1,4891.0,3615.0,,7777.0,214197.0,3061.0,214197.0,Marcedes Lewis,marcedes lewis,1,1,8.0,0,0.0,0.0,-3.0,11.0,0.0,0.48346484,0,0.0,0.03125,-0.012396694,0.038197313,,,,,,,,,,,,,,,,,REG,CHI,DEN,Marcedes Lewis,LewiMa00,0.0,0.0,0.0,100.0
2023,REG,4,00-0038783,N.Adkins,TE,TE,DEN,16474,bcd0ae60-f31c-11ed-819c-fd03d0cc2698,25881.0,,11433.0,,4383440.0,40702.0,,2977285.0,AdkiNa00,,16992.0,,,40702.0,0.0,,1132517.0,Nate Adkins,nate adkins,2,2,8.0,0,0.0,0.0,0.0,8.0,0.0,1.7917045,0,0.0,0.07692308,0.0,0.115384616,,,,,,,,,,,,,,,,,REG,DEN,CHI,Nate Adkins,AdkiNa00,0.0,0.0,0.0,83.3
2023,REG,4,00-0033357,T.Hill,TE,TE,NO,13424,3c8a55dd-20a8-4375-b711-49eb5e6e1d0e,17115.0,12112.0,4381.0,,2468609.0,30614.0,,2818935.0,HillTa00,,12063.0,12729.0,150.0,30614.0,503184.0,19238.0,503184.0,Taysom Hill,taysom hill,1,1,7.0,0,0.0,0.0,4.0,3.0,0.0,-0.63926566,0,1.75,0.02631579,0.012658228,0.048334442,,,,,,,,,,,,,,,,,REG,NO,TB,Taysom Hill,HillTa00,0.0,0.0,0.0,95.8
2023,REG,4,00-0034830,H.Hurst,TE,TE,CAR,13680,1b125fc4-5dd9-4eb9-a42f-048e61ca42b7,17283.0,47294.0,4973.0,,3924365.0,30995.0,,2185053.0,HursHa00,hayden-hurst-1,12467.0,13098.0,8.0,30995.0,881956.0,19843.0,881956.0,Hayden Hurst,hayden hurst,1,3,7.0,0,0.0,0.0,7.0,3.0,1.0,-0.03280797,0,1.0,0.09677419,0.07,0.1941613,,,,,,,,,,,,,,,,,REG,CAR,MIN,Hayden Hurst,HursHa00,0.0,0.0,0.0,42.4
2023,REG,4,00-0035771,M.Wilcox,TE,TE,CIN,15563,b2d98b60-b4b3-4610-81d2-2154c723fdbb,19510.0,47234.0,6894.0,,3923392.0,33171.0,,2188431.0,,,14634.0,,,33171.0,0.0,21800.0,885394.0,Mitchell Wilcox,mitchell wilcox,1,1,7.0,0,0.0,0.0,-2.0,9.0,0.0,0.40787593,0,0.0,0.037037037,-0.015873017,0.044444446,,,,,,,,,,,,,,,,,,,,,,,,,
2023,REG,4,00-0036894,P.Freiermuth,TE,TE,PIT,15331,04f0fefe-9d9d-44f5-94ea-6df2a42df3c6,20163.0,84085.0,7600.0,,4361411.0,33443.0,,2961270.0,FreiPa00,pat-freiermuth-1,15267.0,,1053.0,33443.0,0.0,,1116662.0,Pat Freiermuth,pat freiermuth,3,4,7.0,0,0.0,0.0,6.0,12.0,0.0,-2.6861537,0,1.1666666,0.14814815,0.03448276,0.24636015,,,,,,,,,,,,,,,,,REG,PIT,HOU,Pat Freiermuth,FreiPa00,1.0,0.0,0.0,77.1
2023,REG,4,00-0034364,J.Akins,TE,TE,CLE,13753,0cb5a32a-a340-4671-ba2a-93f5fa6aee8d,17415.0,47050.0,5032.0,,3128452.0,31068.0,,2142712.0,AkinJo00,jordan-akins-1,12568.0,13238.0,,31068.0,838396.0,19903.0,838396.0,Jordan Akins,jordan akins,1,2,6.0,0,0.0,0.0,-1.0,5.0,0.0,-0.76164466,0,0.0,0.05882353,-0.0033333334,0.08590196,,,,,,,,,,,,,,,,,REG,CLE,BAL,Jordan Akins,AkinJo00,0.0,0.0,0.0,56.2
2023,REG,4,00-0036628,J.Bates,TE,TE,WAS,15344,3208880b-949f-4926-85eb-1940770550ea,22833.0,42275.0,7716.0,,4048228.0,33512.0,,2257291.0,BateJo00,john-bates-1,15289.0,,,33512.0,0.0,,944038.0,John Bates,john bates,1,1,6.0,0,0.0,0.0,3.0,3.0,0.0,0.22556533,0,2.0,0.025641026,0.008241759,0.04423077,,,,,,,,,,,,,,,,,REG,WAS,PHI,John Bates,BateJo00,0.0,0.0,0.0,91.7
2023,REG,4,00-0038115,D.Bellinger,TE,TE,NYG,15873,42a1c03e-790e-46ba-b0d5-d304e44c02c7,24238.0,,8225.0,,4361516.0,34068.0,,2963615.0,BellDa00,daniel-bellinger-1,16036.0,,1322.0,34068.0,0.0,,1122035.0,Daniel Bellinger,daniel bellinger,1,1,6.0,0,0.0,0.0,1.0,5.0,0.0,0.27238262,0,6.0,0.03125,0.009433962,0.053478774,,,,,,,,,,,,,,,,,REG,NYG,SEA,Daniel Bellinger,BellDa00,0.0,0.0,0.0,91.7
2023,REG,4,00-0036424,B.Hopkins,TE,TE,LA,14868,39cb1520-dda8-4167-95c4-4947c8383bc4,19234.0,47338.0,6926.0,,3918003.0,32806.0,,2183906.0,HopkBr01,brycen-hopkins-1,14586.0,,,32806.0,0.0,21678.0,880294.0,Brycen Hopkins,brycen hopkins,1,1,5.0,0,0.0,0.0,1.0,4.0,0.0,0.07656039,0,5.0,0.025641026,0.0032573289,0.040741667,,,,,,,,,,,,,,,,,REG,LA,IND,Brycen Hopkins,HopkBr01,0.0,0.0,0.0,87.5
2023,REG,4,00-0037744,T.McBride,TE,TE,ARI,15794,734d54cc-c869-4e2f-a60f-c59c493f5110,22936.0,,8130.0,,4361307.0,34010.0,,2963385.0,McBrTr01,trey-mcbride-1,15902.0,,1253.0,34010.0,0.0,,1108161.0,Trey McBride,trey mcbride,1,1,5.0,0,0.0,0.0,4.0,1.0,0.0,0.2272073,0,1.25,0.024390243,0.01179941,0.04484495,,,,,,,,,,,,,,,,,REG,ARI,SF,Trey McBride,McBrTr01,0.0,0.0,0.0,87.5
2023,REG,4,00-0038996,T.Kraft,TE,TE,GB,16222,3a084c5f-6b9f-4703-a0c7-1566bc4b1129,25298.0,,9484.0,,4572680.0,40102.0,,3133332.0,KrafTu00,,16649.0,,1418.0,40102.0,0.0,,1181874.0,Tucker Kraft,tucker kraft,2,2,5.0,0,0.0,0.0,-1.0,6.0,0.0,-0.66354066,0,0.0,0.05882353,-0.003003003,0.08613319,,,,,,,,,,,,,,,,,REG,GB,DET,Tucker Kraft,KrafTu00,0.0,0.0,0.0,79.2
2023,REG,4,00-0036232,H.Bryant,TE,TE,CLE,14875,f58a5899-8b78-46e8-a29a-ba6273b7d872,19389.0,26394.0,6850.0,,4040774.0,32785.0,,2241240.0,BryaHa00,harrison-bryant-1,14576.0,,752.0,32785.0,0.0,21783.0,916467.0,Harrison Bryant,harrison bryant,1,1,2.0,0,0.0,0.0,0.0,2.0,0.0,-0.44488293,0,0.0,0.029411765,0.0,0.04411765,,,,,,,,,,,,,,,,,REG,CLE,BAL,Harrison Bryant,BryaHa00,0.0,0.0,0.0,79.2
2023,REG,4,00-0032134,C.Uzomah,TE,TE,NYJ,12317,19858900-5c8e-49a7-ab02-34ef625724ca,14084.0,9590.0,2460.0,c.j.uzomah/2552559,2574576.0,28545.0,,2174118.0,UzomC.00,cj-uzomah-1,10462.0,10534.0,,28545.0,593305.0,16917.0,593305.0,C.J. Uzomah,cj uzomah,1,1,1.0,1,0.0,0.0,1.0,0.0,1.0,0.89691263,0,1.0,0.025641026,0.0034364262,0.040867038,,,,,,,,,,,,,,,,,REG,NYJ,KC,C.J. Uzomah,UzomC.00,0.0,0.0,0.0,118.7
2023,REG,4,00-0039144,L.Musgrave,TE,TE,GB,16215,77a4fb49-3c6c-4aa1-8a21-20956e2d2240,25282.0,,9481.0,,4428085.0,40074.0,,3129283.0,MusgLu00,luke-musgrave-1,16663.0,,1430.0,40074.0,0.0,,1179790.0,Luke Musgrave,luke musgrave,1,1,1.0,0,0.0,0.0,-4.0,5.0,0.0,-0.38468763,0,0.0,0.029411765,-0.012012012,0.03570924,,,,,,,,,,,,,,,,,REG,GB,DET,Luke Musgrave,MusgLu00,0.0,0.0,0.0,79.2
2023,REG,4,00-0031585,M.Pruitt,TE,TE,ATL,12309,f22b34cf-6ecf-4522-9c77-1da275dfda7d,13964.0,9576.0,2446.0,,2508256.0,28531.0,,1760327.0,PruiMy00,,10251.0,10522.0,,28531.0,552586.0,16903.0,552586.0,MyCole Pruitt,mycole pruitt,0,1,0.0,0,0.0,0.0,-6.0,0.0,0.0,-0.7223662,0,0.0,0.033333335,-0.023255814,0.03372093,,,,,,,,,,,,,,,,,REG,ATL,JAX,MyCole Pruitt,PruiMy00,0.0,0.0,0.0,39.6
2023,REG,4,00-0032141,G.Swaim,TE,TE,ARI,12378,d0f9112d-2496-450a-9fc5-d2d01b4d2454,14164.0,9679.0,2545.0,geoffswaim/2553454,3046704.0,28634.0,,2174207.0,SwaiGe00,geoff-swaim-1,10507.0,10617.0,,28634.0,728021.0,17005.0,728021.0,Geoff Swaim,geoff swaim,0,1,0.0,0,0.0,0.0,-4.0,0.0,0.0,-0.7497929,0,0.0,0.024390243,-0.01179941,0.02832578,,,,,,,,,,,,,,,,,REG,ARI,SF,Geoff Swaim,SwaiGe00,0.0,0.0,0.0,39.6
2023,REG,4,00-0034365,I.Thomas,TE,TE,CAR,13678,ed8a8fd2-df67-45e7-a34f-984afb82f6ea,17387.0,42130.0,4995.0,,4045305.0,31071.0,,2253359.0,ThomIa00,ian-thomas-3,12858.0,13163.0,323.0,31071.0,943093.0,19910.0,943093.0,Ian Thomas,ian thomas,0,1,0.0,0,0.0,0.0,6.0,0.0,0.0,-0.94015944,0,0.0,0.032258064,0.06,0.0903871,,,,,,,,,,,,,,,,,REG,CAR,MIN,Ian Thomas,ThomIa00,0.0,0.0,0.0,39.6
2023,REG,4,00-0035329,D.Parham,TE,TE,LAC,14341,4f246e92-3d21-450f-977a-dc16892c7238,18835.0,91014.0,6074.0,,3912092.0,32456.0,,2183713.0,ParhDo00,,13602.0,14320.0,,32456.0,875649.0,20905.0,875649.0,Donald Parham,donald parham,0,1,0.0,0,0.0,0.0,15.0,0.0,0.0,-0.56196004,0,0.0,0.041666668,0.051903114,0.09883218,,,,,,,,,,,,,,,,,REG,LAC,LV,Donald Parham,ParhDo00,0.0,0.0,0.0,39.6
2023,REG,4,00-0036244,C.Parkinson,TE,TE,SEA,14871,1ea7affb-e5e7-491a-aaa3-55e200b2eb48,19372.0,52266.0,6865.0,,4242557.0,32803.0,,2867522.0,ParkCo02,colby-parkinson-1,14463.0,,565.0,32803.0,0.0,21807.0,1060312.0,Colby Parkinson,colby parkinson,0,1,0.0,0,0.0,0.0,22.0,0.0,0.0,-0.6492409,0,0.0,0.03846154,0.171875,0.1780048,,,,,,,,,,,,,,,,,REG,SEA,NYG,Colby Parkinson,ParkCo02,0.0,0.0,0.0,39.6
2023,REG,4,00-0036422,A.Trautman,TE,TE,DEN,14870,4e14183b-f974-4745-9d7f-8f5eb2a92a7d,19423.0,109795.0,6869.0,,3911853.0,32775.0,,2182228.0,TrauAd00,,14541.0,,566.0,32775.0,0.0,21786.0,875444.0,Adam Trautman,adam trautman,0,1,0.0,0,0.0,0.0,7.0,0.0,0.0,-0.6996584,0,0.0,0.03846154,0.042424243,0.087389275,,,,,,,,,,,,,,,,,REG,DEN,CHI,Adam Trautman,TrauAd00,0.0,0.0,0.0,39.6
2023,REG,4,00-0037475,S.Smartt,TE,TE,LAC,16113,6ee105f0-ca2e-11ec-be96-e90abdfa0fef,24621.0,,8583.0,,4250764.0,34637.0,,2864800.0,SmarSt00,,16321.0,,,34637.0,0.0,,1056865.0,Stone Smartt,stone smartt,0,1,0.0,0,0.0,0.0,16.0,0.0,0.0,-0.5081198,0,0.0,0.041666668,0.055363324,0.10125432,,,,,,,,,,,,,,,,,REG,LAC,LV,Stone Smartt,SmarSt00,0.0,0.0,0.0,39.6
2023,REG,4,00-0038547,L.Schoonmaker,TE,TE,DAL,16221,143957a7-4649-4a19-b351-e606edc75ebd,25267.0,,10871.0,,4372096.0,40061.0,,2968473.0,SchoLu00,luke-schoonmaker-1,16855.0,,1382.0,40061.0,0.0,,1130242.0,Luke Schoonmaker,luke schoonmaker,0,3,0.0,0,0.0,0.0,21.0,0.0,0.0,-2.2702692,0,0.0,0.083333336,0.09251101,0.1897577,,,,,,,,,,,,,,,,,REG,DAL,NE,Luke Schoonmaker,SchoLu00,0.0,1.0,0.333,39.6
2023,REG,4,00-0035631,D.Sample,TE,TE,CIN,14146,15a4f552-ecaf-45bd-9006-aa5dda93bee6,18561.0,47259.0,6001.0,,3127310.0,31884.0,,2139646.0,SampDr00,drew-sample-1,13809.0,14111.0,435.0,31884.0,837824.0,20931.0,837824.0,Drew Sample,drew sample,1,1,-1.0,0,0.0,0.0,-7.0,6.0,0.0,-1.172325,0,0.0,0.037037037,-0.055555556,0.016666668,,,,,,,,,,,,,,,,,REG,CIN,TEN,Drew Sample,SampDr00,0.0,0.0,0.0,79.2
2023,REG,5,00-0034351,D.Goedert,TE,TE,PHI,13674,e8029983-87cf-49a2-bc04-04c8233a0630,17270.0,47272.0,5022.0,,3121023.0,31019.0,,2132551.0,GoedDa00,,12860.0,13151.0,382.0,31019.0,791365.0,19863.0,791365.0,Dallas Goedert,dallas goedert,8,9,117.0,1,0.0,0.0,64.0,56.0,5.0,10.083668,0,1.828125,0.2647059,0.24242425,0.5667558,Dallas Goedert,PHI,5.859999999999999,3.656664243625801,7.3066666666666675,25.20505940973553,88.88888888888889,117.0,1.0,7.364999999999999,5.42005141689755,1.9449485831024491,00-0034351,Dallas,Goedert,D.Goedert,REG,PHI,LA,Dallas Goedert,GoedDa00,0.0,0.0,0.0,155.8
2023,REG,5,00-0036970,K.Pitts,TE,TE,ATL,15329,1f3deb24-9ff8-4769-8f42-825eff7742f6,20164.0,83964.0,7553.0,,4360248.0,33392.0,,2964514.0,PittKy00,kyle-pitts-1,15265.0,,1051.0,33392.0,0.0,,1123026.0,Kyle Pitts,kyle pitts,7,11,87.0,0,0.0,0.0,125.0,4.0,5.0,1.8995427,0,0.696,0.28947368,0.39432177,0.7102358,Kyle Pitts,ATL,5.464285714285714,2.317251438893264,10.951818181818181,42.16365672686545,63.63636363636363,87.0,0.0,0.9971428571428588,1.3754033726168342,-0.37826051547397543,00-0036970,Kyle,Pitts,K.Pitts,REG,ATL,HOU,Kyle Pitts,PittKy00,0.0,0.0,0.0,88.1
2023,REG,5,00-0031610,D.Waller,TE,TE,NYG,12263,14c97c9f-26e8-4944-9299-f90de6aeada3,14104.0,9637.0,2505.0,,2576925.0,28592.0,,1850793.0,WallDa01,darren-waller-1,10215.0,10433.0,,28592.0,600191.0,16964.0,600191.0,Darren Waller,darren waller,8,11,86.0,0,0.0,0.0,116.0,35.0,4.0,6.0985155,0,0.7413793,0.36666667,0.5714286,0.95,Darren Waller,NYG,7.697272727272726,1.8365017001502275,9.841818181818182,50.742910710100766,72.72727272727273,86.0,0.0,4.5600000000000005,7.163732123077523,-2.6037321230775223,00-0031610,Darren,Waller,D.Waller,REG,NYG,MIA,Darren Waller,WallDa01,0.0,0.0,0.0,95.3
2023,REG,5,00-0031260,L.Thomas,TE,TE,WAS,11647,b24625a0-d402-4d59-a778-aa4b073bfe5e,12095.0,8755.0,2251.0,loganthomas/2543767,16813.0,27648.0,,1691193.0,ThomLo00,logan-thomas-1,9323.0,9354.0,,27648.0,507528.0,16656.0,507528.0,Logan Thomas,logan thomas,9,11,77.0,1,1.0,1.0,73.0,42.0,6.0,-0.40028802,0,1.0547945,0.22916667,0.19466667,0.48001668,Logan Thomas,WAS,7.15375,4.744235766124473,7.14,20.20061728395062,81.81818181818183,77.0,1.0,4.462222222222222,3.8813647028546256,0.580857519367596,00-0031260,Logan,Thomas,L.Thomas,REG,WAS,CHI,Logan Thomas,ThomLo00,0.0,0.0,0.0,126.1
2023,REG,5,00-0030506,T.Kelce,TE,TE,KC,11244,c3859e06-5f23-4302-a71b-04820a899d5f,11594.0,7844.0,1466.0,traviskelce/2540258,15847.0,26686.0,,1725130.0,KelcTr00,travis-kelce-1,8783.0,8411.0,264.0,26686.0,448240.0,15048.0,448240.0,Travis Kelce,travis kelce,10,11,67.0,1,0.0,0.0,51.0,37.0,3.0,5.0968323,0,1.3137255,0.2820513,0.21428572,0.5730769,Travis Kelce,KC,7.158000000000001,4.166788054413146,4.77090909090909,21.73985086992543,90.9090909090909,67.0,1.0,3.5220000000000007,5.0816277828467715,-1.5596277828467708,00-0030506,Travis,Kelce,T.Kelce,REG,KC,MIN,Travis Kelce,KelcTr00,0.0,0.0,0.0,122.3
2023,REG,5,00-0033288,G.Kittle,TE,TE,SF,13299,2ada91b0-036e-454f-83c3-6d939ff584a9,16499.0,11901.0,4217.0,,3040151.0,30259.0,,2818265.0,KittGe00,george-kittle-1,11892.0,12276.0,298.0,30259.0,733672.0,19063.0,733672.0,George Kittle,george kittle,3,4,67.0,3,0.0,0.0,45.0,22.0,3.0,6.873616,0,1.4888889,0.16,0.21327014,0.3892891,,,,,,,,,,,,,,,,,REG,SF,DAL,George Kittle,KittGe00,0.0,0.0,0.0,156.2
2023,REG,5,00-0033858,J.Smith,TE,TE,ATL,13193,e4f25a37-74de-4bfb-b6c9-f50a4fab0b87,16460.0,11855.0,4144.0,,3054212.0,30213.0,,2081506.0,SmitJo01,jonnu-smith-1,11807.0,12344.0,84.0,30213.0,743749.0,18990.0,743749.0,Jonnu Smith,jonnu smith,6,7,67.0,0,1.0,1.0,41.0,37.0,3.0,-4.351332,0,1.6341463,0.18421052,0.12933753,0.36685207,Jonnu Smith,ATL,6.7780000000000005,3.9207398527822193,5.172857142857144,12.6732465350693,85.71428571428571,67.0,0.0,6.916666666666667,6.122310745730374,0.7943559209362929,00-0033858,Jonnu,Smith,J.Smith,REG,ATL,HOU,Jonnu Smith,SmitJo01,2.0,1.0,0.143,106.5
2023,REG,5,00-0034270,T.Conklin,TE,TE,NYJ,13675,f0d17dfa-ebf3-416c-a8d2-c6bc30675103,17598.0,47327.0,5133.0,,3915486.0,31220.0,,2165249.0,ConkTy00,tyler-conklin-1,12809.0,13220.0,489.0,31127.0,861278.0,19988.0,861278.0,Tyler Conklin,tyler conklin,4,5,67.0,0,0.0,0.0,37.0,38.0,2.0,3.85828,0,1.8108108,0.1923077,0.2044199,0.43155545,Tyler Conklin,NYJ,5.833333333333333,2.8039176016441836,6.984,20.09552857225068,80.0,67.0,0.0,9.854999999999999,6.7147074596764895,3.140292540323509,00-0034270,Tyler,Conklin,T.Conklin,REG,NYJ,DEN,Tyler Conklin,ConkTy00,0.0,0.0,0.0,118.7
2023,REG,5,00-0034383,D.Schultz,TE,TE,HOU,13772,8caec1b4-e0b6-4a84-b8c8-617d6e91ef6a,17349.0,47304.0,5001.0,,3117256.0,31107.0,,2136748.0,SchuDa00,dalton-schultz-1,12514.0,13198.0,487.0,31107.0,830523.0,19920.0,830523.0,Dalton Schultz,dalton schultz,7,10,65.0,1,0.0,0.0,81.0,15.0,4.0,3.8201768,0,0.80246913,0.3125,0.2913669,0.67270684,Dalton Schultz,HOU,3.622222222222222,2.5010834816887506,8.245,29.288479982949095,70.0,65.0,1.0,2.525714285714286,3.3847276202693917,-0.8590133345551059,00-0034383,Dalton,Schultz,D.Schultz,REG,HOU,ATL,Dalton Schultz,SchuDa00,0.0,0.0,0.0,120.8
2023,REG,5,00-0034753,M.Andrews,TE,TE,BAL,13671,0618f387-9b72-4270-8b8f-dec4cccc9e4a,17269.0,47436.0,5012.0,,3116365.0,31056.0,,2131121.0,AndrMa00,mark-andrews-1,12559.0,13182.0,366.0,31056.0,820699.0,19803.0,820699.0,Mark Andrews,mark andrews,6,10,65.0,0,0.0,0.0,66.0,22.0,4.0,0.7320235,0,0.9848485,0.2631579,0.1563981,0.50421554,Mark Andrews,BAL,4.898000000000001,3.5973460601054343,7.132999999999998,16.93293768545994,60.0,65.0,0.0,3.6033333333333353,3.775826994210471,-0.1724936608771359,00-0034753,Mark,Andrews,M.Andrews,REG,BAL,PIT,Mark Andrews,AndrMa00,1.0,1.0,0.1,79.2
2023,REG,5,00-0035229,T.Hockenson,TE,TE,MIN,14138,bd1120b6-38b3-4225-a4b0-20660a149d0d,18290.0,40912.0,5844.0,,4036133.0,31840.0,,2251097.0,HockTJ00,tj-hockenson-1,13610.0,14051.0,247.0,31840.0,923915.0,20805.0,923915.0,T.J. Hockenson,tj hockenson,5,8,51.0,0,0.0,0.0,76.0,15.0,2.0,-0.98484796,0,0.67105263,0.17391305,0.2140845,0.41072872,T.J. Hockenson,MIN,6.178749999999999,1.4663477502984745,9.0125,19.851868168176434,62.5,51.0,0.0,3.3320000000000007,4.142864129919599,-0.8108641299195982,00-0035229,Thomas,Hockenson,T.Hockenson,REG,MIN,KC,T.J. Hockenson,HockTJ00,0.0,1.0,0.125,80.7
2023,REG,5,00-0039065,S.LaPorta,TE,TE,DET,16214,3059f1e5-1871-4458-9e90-9b9917874c61,22978.0,,10859.0,,4430027.0,40064.0,,3124197.0,LaPoSa01,sam-laporta-1,17033.0,,1429.0,40064.0,0.0,,1168926.0,Sam LaPorta,sam laporta,3,4,47.0,2,0.0,0.0,43.0,23.0,3.0,5.959422,0,1.0930233,0.14814815,0.25903615,0.40354753,,,,,,,,,,,,,,,,,REG,DET,CAR,Sam LaPorta,LaPoSa01,0.0,1.0,0.25,153.1
2023,REG,5,00-0036290,C.Kmet,TE,TE,CHI,14867,036feeb6-9a22-43c5-a8e3-7ac611d8ff49,19229.0,60995.0,6826.0,,4258595.0,32713.0,,2868619.0,KmetCo00,cole-kmet-1,14436.0,,569.0,32713.0,0.0,21772.0,1066765.0,Cole Kmet,cole kmet,5,5,42.0,1,1.0,0.0,30.0,12.0,2.0,1.9071294,0,1.4,0.2,0.11811024,0.38267717,Cole Kmet,CHI,8.556666666666667,2.8120151919597753,6.0200000000000005,11.311962118080347,100.0,42.0,1.0,2.0980000000000016,1.2017874158572568,0.8962125841427449,00-0036290,Cole,Kmet,C.Kmet,REG,CHI,WAS,Cole Kmet,KmetCo00,1.0,0.0,0.0,141.2
2023,REG,5,00-0039066,M.Mayer,TE,TE,LV,16212,31f4645a-7ccb-4633-8580-2fca361beb4f,23056.0,,9482.0,,4429086.0,40065.0,,3171673.0,MayeMi00,michael-mayer-1,16666.0,,1427.0,40065.0,0.0,,1232592.0,Michael Mayer,michael mayer,2,3,39.0,0,0.0,0.0,26.0,26.0,2.0,1.7413403,0,1.5,0.10344828,0.17218544,0.2757022,,,,,,,,,,,,,,,,,REG,LV,GB,Michael Mayer,MayeMi00,0.0,0.0,0.0,109.7
2023,REG,5,00-0039144,L.Musgrave,TE,TE,GB,16215,77a4fb49-3c6c-4aa1-8a21-20956e2d2240,25282.0,,9481.0,,4428085.0,40074.0,,3129283.0,MusgLu00,luke-musgrave-1,16663.0,,1430.0,40074.0,0.0,,1179790.0,Luke Musgrave,luke musgrave,6,7,34.0,0,0.0,0.0,9.0,34.0,1.0,0.43089914,0,3.7777777,0.2413793,0.037037037,0.3879949,Luke Musgrave,GB,6.92,5.417007950679418,1.2742857142857145,3.47595666744603,85.71428571428571,34.0,0.0,5.63,6.0417551530135825,-0.41175515301358256,00-0039144,Luke,Musgrave,L.Musgrave,REG,GB,LV,Luke Musgrave,MusgLu00,0.0,1.0,0.143,86.9
2023,REG,5,00-0037809,C.Okonkwo,TE,TE,TEN,15889,14e11f9b-58c8-437f-abc0-a4e4df9a7c47,23982.0,,8210.0,,4360635.0,34099.0,,2965208.0,OkonCh00,chigoziem-okonkwo-1,16042.0,,1320.0,34099.0,0.0,,1106374.0,Chigoziem Okonkwo,chigoziem okonkwo,5,9,33.0,0,0.0,0.0,37.0,10.0,2.0,-1.182136,0,0.8918919,0.2647059,0.1360294,0.4922794,Chigoziem Okonkwo,TEN,7.205000000000001,3.2159947638267514,6.074444444444445,18.545405203704334,55.55555555555556,33.0,0.0,2.571999999999999,3.311385069120405,-0.7393850691204058,00-0037809,Chigoziem,Okonkwo,C.Okonkwo,REG,TEN,IND,Chigoziem Okonkwo,OkonCh00,1.0,1.0,0.111,63.7
2023,REG,5,00-0033881,E.Engram,TE,TE,JAX,13189,e21365af-8d66-416e-b0a5-8816d18fcfd9,16411.0,11778.0,4066.0,,3051876.0,30136.0,,2079887.0,EngrEv00,evan-engram-1,11805.0,12205.0,229.0,30136.0,749185.0,18912.0,749185.0,Evan Engram,evan engram,4,8,28.0,0,0.0,0.0,47.0,17.0,1.0,0.040616024,0,0.59574467,0.21621622,0.15986395,0.43622908,Evan Engram,JAX,7.081999999999999,4.583923928751893,5.46625,14.473901962731276,50.0,28.0,0.0,4.379999999999999,4.733816330349725,-0.35381633034972637,00-0033881,Evan,Engram,E.Engram,REG,JAX,BUF,Evan Engram,EngrEv00,0.0,1.0,0.125,58.3
2023,REG,5,00-0034365,I.Thomas,TE,TE,CAR,13678,ed8a8fd2-df67-45e7-a34f-984afb82f6ea,17387.0,42130.0,4995.0,,4045305.0,31071.0,,2253359.0,ThomIa00,ian-thomas-3,12858.0,13163.0,323.0,31071.0,943093.0,19910.0,943093.0,Ian Thomas,ian thomas,1,2,28.0,0,0.0,0.0,17.0,6.0,1.0,-4.536692,0,1.6470588,0.057142857,0.07024793,0.13488784,,,,,,,,,,,,,,,,,REG,CAR,DET,Ian Thomas,ThomIa00,0.0,0.0,0.0,56.2
2023,REG,5,00-0038041,J.Ferguson,TE,TE,DAL,15799,f46eab3d-d7dd-4420-b3f9-6da9ac1308ab,22718.0,,8110.0,,4242355.0,34085.0,,2867159.0,FergJa00,jake-ferguson-1,15947.0,,1258.0,34085.0,0.0,,1065361.0,Jake Ferguson,jake ferguson,3,3,28.0,0,0.0,0.0,5.0,23.0,1.0,1.4502876,0,5.6,0.115384616,0.016393442,0.18455233,,,,,,,,,,,,,,,,,REG,DAL,SF,Jake Ferguson,FergJa00,0.0,0.0,0.0,105.6
2023,REG,5,00-0036422,A.Trautman,TE,TE,DEN,14870,4e14183b-f974-4745-9d7f-8f5eb2a92a7d,19423.0,109795.0,6869.0,,3911853.0,32775.0,,2182228.0,TrauAd00,,14541.0,,566.0,32775.0,0.0,21786.0,875444.0,Adam Trautman,adam trautman,4,5,26.0,1,0.0,0.0,37.0,9.0,2.0,1.894297,0,0.7027027,0.18518518,0.28030303,0.4739899,Adam Trautman,DEN,4.863333333333333,3.505797258824694,7.390000000000003,21.76730486008837,80.0,26.0,1.0,1.9199999999999964,1.8995039458501992,0.02049605414979716,00-0036422,Adam,Trautman,A.Trautman,REG,DEN,NYJ,Adam Trautman,TrauAd00,0.0,0.0,0.0,127.9
2023,REG,5,00-0037304,C.Heyward,TE,TE,PIT,15800,62e96d7c-e4dd-4a90-8c3a-8017eb69120d,24562.0,,8181.0,,4241961.0,34163.0,,2867599.0,HeywCo00,connor-heyward-1,15916.0,,,34163.0,0.0,,1057457.0,Connor Heyward,connor heyward,3,4,23.0,0,0.0,0.0,18.0,7.0,2.0,2.880863,0,1.2777778,0.12903225,0.06,0.23554839,,,,,,,,,,,,,,,,,REG,PIT,BAL,Connor Heyward,HeywCo00,0.0,1.0,0.25,88.5
2023,REG,5,00-0031585,M.Pruitt,TE,TE,ATL,12309,f22b34cf-6ecf-4522-9c77-1da275dfda7d,13964.0,9576.0,2446.0,,2508256.0,28531.0,,1760327.0,PruiMy00,,10251.0,10522.0,,28531.0,552586.0,16903.0,552586.0,MyCole Pruitt,mycole pruitt,1,1,22.0,0,0.0,0.0,0.0,22.0,1.0,2.220038,0,0.0,0.02631579,0.0,0.039473683,,,,,,,,,,,,,,,,,REG,ATL,HOU,MyCole Pruitt,PruiMy00,1.0,0.0,0.0,118.7
2023,REG,5,00-0032141,G.Swaim,TE,TE,ARI,12378,d0f9112d-2496-450a-9fc5-d2d01b4d2454,14164.0,9679.0,2545.0,geoffswaim/2553454,3046704.0,28634.0,,2174207.0,SwaiGe00,geoff-swaim-1,10507.0,10617.0,,28634.0,728021.0,17005.0,728021.0,Geoff Swaim,geoff swaim,2,2,22.0,0,0.0,0.0,10.0,12.0,2.0,2.354695,0,2.2,0.06666667,0.034129694,0.12389079,,,,,,,,,,,,,,,,,REG,ARI,CIN,Geoff Swaim,SwaiGe00,0.0,0.0,0.0,112.5
2023,REG,5,00-0037277,T.Quitoriano,TE,TE,HOU,15905,06cb6aff-c81e-4553-95ba-467187f408d4,24182.0,,8227.0,,4374045.0,34126.0,,2965963.0,QuitTe00,teagan-quitoriano-1,16034.0,,,34126.0,0.0,,1128538.0,Teagan Quitoriano,teagan quitoriano,1,1,22.0,0,0.0,0.0,14.0,8.0,1.0,1.3349905,0,1.5714285,0.03125,0.05035971,0.082126796,,,,,,,,,,,,,,,,,REG,HOU,ATL,Teagan Quitoriano,QuitTe00,0.0,0.0,0.0,118.7
2023,REG,5,00-0034830,H.Hurst,TE,TE,CAR,13680,1b125fc4-5dd9-4eb9-a42f-048e61ca42b7,17283.0,47294.0,4973.0,,3924365.0,30995.0,,2185053.0,HursHa00,hayden-hurst-1,12467.0,13098.0,8.0,30995.0,881956.0,19843.0,881956.0,Hayden Hurst,hayden hurst,3,3,21.0,0,0.0,0.0,14.0,7.0,0.0,0.3642765,0,1.5,0.08571429,0.05785124,0.1690673,,,,,,,,,,,,,,,,,REG,CAR,DET,Hayden Hurst,HursHa00,0.0,0.0,0.0,95.8
2023,REG,5,00-0035259,T.Wesco,TE,TE,TEN,14231,f6c34178-e063-444b-96b3-df6b3cf66419,18567.0,42018.0,6181.0,,4039253.0,31953.0,,2243366.0,WescTr00,trevon-wesco-1,13828.0,14224.0,,31953.0,919456.0,20977.0,919456.0,Trevon Wesco,trevon wesco,1,1,21.0,0,0.0,0.0,9.0,12.0,1.0,1.7196038,0,2.3333333,0.029411765,0.033088237,0.06727941,,,,,,,,,,,,,,,,,REG,TEN,IND,Trevon Wesco,WescTr00,0.0,0.0,0.0,118.7
2023,REG,5,00-0036637,N.Gray,TE,TE,KC,15337,c97dfcb6-b999-476f-8487-f3848e92df17,19539.0,60878.0,7828.0,,4240472.0,33550.0,,2866903.0,GrayNo00,noah-gray-1,15459.0,,1059.0,33550.0,0.0,,1056981.0,Noah Gray,noah gray,2,2,21.0,0,0.0,0.0,14.0,7.0,1.0,0.62171096,0,1.5,0.051282052,0.05882353,0.11809955,,,,,,,,,,,,,,,,,REG,KC,MIN,Noah Gray,GrayNo00,0.0,0.0,0.0,110.4
2023,REG,5,00-0033110,T.Higbee,TE,TE,LA,12678,0df7912d-9e81-47ea-b4f7-d04986df4ee8,15623.0,10744.0,3271.0,,2573401.0,29344.0,,1853103.0,HigbTy00,tyler-higbee-1,10854.0,11430.0,159.0,29344.0,604176.0,18032.0,604176.0,Tyler Higbee,tyler higbee,2,3,20.0,0,0.0,0.0,7.0,15.0,1.0,-0.022616113,0,2.857143,0.0882353,0.020833334,0.14693627,,,,,,,,,,,,,,,,,REG,LA,PHI,Tyler Higbee,HigbTy00,0.0,1.0,0.333,85.4
2023,REG,5,00-0036332,J.Deguara,TE,TE,GB,14876,7874d188-0fcd-4af9-9289-27c27e2bbd16,19456.0,47034.0,7050.0,,3914151.0,32764.0,,2181108.0,DeguJo00,josiah-deguara-1,14629.0,,,32764.0,0.0,21798.0,866149.0,Josiah Deguara,josiah deguara,1,1,19.0,0,0.0,0.0,4.0,15.0,1.0,1.1647406,0,4.75,0.03448276,0.016460905,0.06324677,,,,,,,,,,,,,,,,,REG,GB,LV,Josiah Deguara,DeguJo00,0.0,0.0,0.0,118.7
2023,REG,5,00-0036628,J.Bates,TE,TE,WAS,15344,3208880b-949f-4926-85eb-1940770550ea,22833.0,42275.0,7716.0,,4048228.0,33512.0,,2257291.0,BateJo00,john-bates-1,15289.0,,,33512.0,0.0,,944038.0,John Bates,john bates,2,2,19.0,0,0.0,0.0,13.0,6.0,1.0,-1.1159909,0,1.4615384,0.041666668,0.034666665,0.08676667,,,,,,,,,,,,,,,,,REG,WAS,CHI,John Bates,BateJo00,0.0,0.0,0.0,106.2
2023,REG,5,00-0038933,D.Kincaid,TE,TE,BUF,16213,b961fa15-0676-4948-b95f-56d06319d40e,25247.0,,10236.0,,4385690.0,40048.0,,2982991.0,KincDa00,dalton-kincaid-1,16697.0,,1428.0,40048.0,0.0,,1135513.0,Dalton Kincaid,dalton kincaid,2,2,19.0,0,0.0,0.0,11.0,8.0,1.0,0.4123036,0,1.7272727,0.055555556,0.025761124,0.10136612,,,,,,,,,,,,,,,,,REG,BUF,JAX,Dalton Kincaid,KincDa00,0.0,0.0,0.0,106.2
2023,REG,5,00-0033217,M.Alie-Cox,TE,TE,IND,13246,8809c0dd-786b-4255-a7d0-333c9498c19a,16579.0,12078.0,4054.0,moalie-cox/2558832,2998565.0,30112.0,,2815925.0,AlieMo00,,12196.0,12221.0,195.0,30112.0,712506.0,18900.0,712506.0,Mo Alie-Cox,mo alie-cox,1,1,17.0,0,0.0,0.0,15.0,2.0,1.0,1.6119393,0,1.1333333,0.041666668,0.084269665,0.121488765,,,,,,,,,,,,,,,,,REG,IND,TEN,Mo Alie-Cox,AlieMo00,0.0,0.0,0.0,118.7
2023,REG,5,00-0034829,M.Gesicki,TE,TE,NE,13672,1012cbe0-7eba-4169-bfca-183a0204e1a7,17272.0,47153.0,4993.0,,3116164.0,31012.0,,2139298.0,GesiMi00,mike-gesicki-1,12764.0,13104.0,330.0,31012.0,836152.0,19853.0,836152.0,Mike Gesicki,mike gesicki,2,4,17.0,0,0.0,0.0,25.0,10.0,0.0,-1.8366972,0,0.68,0.12903225,0.07331378,0.24486804,,,,,,,,,,,,,,,,,REG,NE,NO,Mike Gesicki,GesiMi00,0.0,0.0,0.0,61.5
2023,REG,5,00-0035689,D.Knox,TE,TE,BUF,14143,5fb525c5-4e70-4ede-8c49-94ad0cf66b7d,18631.0,35883.0,5906.0,,3930086.0,31928.0,,2186345.0,KnoxDa00,dawson-knox-1,13466.0,13953.0,88.0,31928.0,884083.0,20850.0,884083.0,Dawson Knox,dawson knox,3,6,17.0,0,0.0,0.0,58.0,10.0,0.0,-4.7935205,0,0.29310346,0.16666667,0.13583139,0.34508196,Dawson Knox,BUF,5.57,3.63936662988286,9.39,13.333648885312632,50.0,17.0,0.0,3.599999999999999,5.534078465389787,-1.934078465389788,00-0035689,Dawson,Knox,D.Knox,REG,BUF,JAX,Dawson Knox,KnoxDa00,0.0,1.0,0.167,56.2
2023,REG,5,00-0037744,T.McBride,TE,TE,ARI,15794,734d54cc-c869-4e2f-a60f-c59c493f5110,22936.0,,8130.0,,4361307.0,34010.0,,2963385.0,McBrTr01,trey-mcbride-1,15902.0,,1253.0,34010.0,0.0,,1108161.0,Trey McBride,trey mcbride,2,3,17.0,0,0.0,0.0,34.0,8.0,1.0,0.33778006,0,0.5,0.1,0.11604095,0.23122866,,,,,,,,,,,,,,,,,REG,ARI,CIN,Trey McBride,McBrTr01,1.0,0.0,0.0,81.2
2023,REG,5,00-0036754,B.Wright,TE,TE,DET,15626,8f182089-7730-499e-8f2e-87bda32debfb,23341.0,60994.0,7891.0,,4242392.0,33774.0,,2807423.0,WrigBr01,,15681.0,,1162.0,33774.0,0.0,,978120.0,Brock Wright,brock wright,3,3,16.0,0,0.0,0.0,12.0,4.0,0.0,0.29335645,0,1.3333334,0.11111111,0.072289154,0.21726908,,,,,,,,,,,,,,,,,REG,DET,CAR,Brock Wright,WrigBr01,0.0,0.0,0.0,88.9
2023,REG,5,00-0036887,L.Farrell,TE,TE,JAX,15335,8a1f0e8e-6521-4a94-9934-ad4f76a25fd9,19501.0,42353.0,7842.0,,4040612.0,33533.0,,2260977.0,FarrLu00,luke-farrell-1,15566.0,,,33533.0,0.0,,946541.0,Luke Farrell,luke farrell,1,1,16.0,0,0.0,0.0,1.0,15.0,1.0,1.2230109,0,16.0,0.027027028,0.0034013605,0.042921495,,,,,,,,,,,,,,,,,REG,JAX,BUF,Luke Farrell,FarrLu00,0.0,0.0,0.0,118.7
2023,REG,5,00-0037292,A.Ogletree,TE,TE,IND,15916,59f460a8-b5af-40e6-840c-429762b278b3,24561.0,,8489.0,,4722908.0,34148.0,,2672594.0,OgleAn00,,16277.0,,1315.0,34148.0,0.0,,1271740.0,Andrew Ogletree,andrew ogletree,2,2,16.0,0,0.0,0.0,13.0,3.0,1.0,1.7300136,0,1.2307693,0.083333336,0.073033705,0.17612359,,,,,,,,,,,,,,,,,REG,IND,TEN,Andrew Ogletree,OgleAn00,1.0,0.0,0.0,100.0
2023,REG,5,00-0035249,J.Oliver,TE,TE,MIN,14209,dc83f7af-7b30-4c4a-9c93-f67bd8db954b,18487.0,47083.0,5973.0,,3921690.0,31901.0,,2184618.0,OlivJo00,josh-oliver-1,13786.0,14127.0,7.0,31901.0,881779.0,20899.0,881779.0,Josh Oliver,josh oliver,1,2,15.0,0,1.0,1.0,15.0,17.0,0.0,-5.296255,0,1.0,0.04347826,0.04225352,0.094794855,,,,,,,,,,,,,,,,,REG,MIN,KC,Josh Oliver,OlivJo00,0.0,0.0,0.0,75.0
2023,REG,5,00-0036876,K.Granson,TE,TE,IND,15419,bcc0167c-05fd-4b23-981e-60b8784ceb33,22841.0,40630.0,7602.0,,4039160.0,33515.0,,2247146.0,GranKy00,kylen-granson-1,15245.0,,1119.0,33515.0,0.0,,921050.0,Kylen Granson,kylen granson,2,3,15.0,0,0.0,0.0,7.0,10.0,1.0,-2.8611686,0,2.142857,0.125,0.039325844,0.21502809,,,,,,,,,,,,,,,,,REG,IND,TEN,Kylen Granson,GranKy00,0.0,0.0,0.0,78.5
2023,REG,5,00-0032134,C.Uzomah,TE,TE,NYJ,12317,19858900-5c8e-49a7-ab02-34ef625724ca,14084.0,9590.0,2460.0,c.j.uzomah/2552559,2574576.0,28545.0,,2174118.0,UzomC.00,cj-uzomah-1,10462.0,10534.0,,28545.0,593305.0,16917.0,593305.0,C.J. Uzomah,cj uzomah,2,2,12.0,0,0.0,0.0,2.0,10.0,1.0,-3.4355955,0,6.0,0.07692308,0.011049724,0.12311942,,,,,,,,,,,,,,,,,REG,NYJ,DEN,C.J. Uzomah,UzomC.00,0.0,0.0,0.0,91.7
2023,REG,5,00-0038809,B.Sims,TE,TE,GB,16483,cef32a80-e761-11ed-ac46-e3b4ebd723e5,25349.0,,11082.0,,4373030.0,40335.0,,2964709.0,SimsBe00,,17012.0,,,40335.0,0.0,,1129452.0,Ben Sims,ben sims,1,1,12.0,0,0.0,0.0,0.0,12.0,1.0,0.7290176,0,0.0,0.03448276,0.0,0.05172414,,,,,,,,,,,,,,,,,REG,GB,LV,Ben Sims,SimsBe00,0.0,0.0,0.0,116.7
2023,REG,5,00-0032392,A.Hooper,TE,TE,LV,12677,90c2a93f-d837-4e1b-b57c-56648903a8db,15581.0,10715.0,3202.0,,3043275.0,29315.0,,2067004.0,HoopAu00,austin-hooper-1,10748.0,11301.0,384.0,29315.0,739424.0,17963.0,739424.0,Austin Hooper,austin hooper,2,2,11.0,0,0.0,0.0,3.0,8.0,0.0,-0.19846499,0,3.6666667,0.06896552,0.01986755,0.11735556,,,,,,,,,,,,,,,,,REG,LV,GB,Austin Hooper,HoopAu00,0.0,0.0,0.0,89.6
2023,REG,5,00-0033246,J.Mundt,TE,TE,MIN,13940,6414998b-5831-44aa-8bd8-39e42a323c2c,16743.0,12206.0,4314.0,,3052096.0,30373.0,,2818622.0,MundJo00,,12316.0,12525.0,,30373.0,740704.0,19165.0,740704.0,Johnny Mundt,johnny mundt,1,1,11.0,0,0.0,0.0,2.0,9.0,1.0,0.7032221,0,5.5,0.02173913,0.0056338026,0.03655236,,,,,,,,,,,,,,,,,REG,MIN,KC,Johnny Mundt,MundJo00,1.0,0.0,0.0,112.5
2023,REG,5,00-0030061,Z.Ertz,TE,TE,ARI,11247,de3421f7-2147-4835-89a5-724e87bad463,11689.0,7816.0,1339.0,zachertz/2540158,15835.0,26658.0,,1685963.0,ErtzZa00,zach-ertz-1,8781.0,8409.0,305.0,26658.0,503177.0,14856.0,503177.0,Zach Ertz,zach ertz,2,4,10.0,1,0.0,0.0,33.0,1.0,1.0,-1.4518676,0,0.3030303,0.13333334,0.11262798,0.2788396,,,,,,,,,,,,,,,,,REG,ARI,CIN,Zach Ertz,ErtzZa00,0.0,0.0,0.0,56.2
2023,REG,5,00-0033757,R.Tonyan,TE,TE,CHI,13427,7c9c7800-69d0-459b-812b-a07ac48e9f2a,16502.0,12193.0,4602.0,,2975674.0,30777.0,,2820026.0,TonyRo00,,12389.0,12868.0,,30777.0,660151.0,19491.0,660151.0,Robert Tonyan,robert tonyan,2,2,10.0,0,0.0,0.0,7.0,3.0,1.0,0.27398401,0,1.4285715,0.08,0.027559055,0.13929133,,,,,,,,,,,,,,,,,REG,CHI,WAS,Robert Tonyan,TonyRo00,0.0,0.0,0.0,87.5
2023,REG,5,00-0037078,C.Turner,TE,TE,WAS,15803,fc78ba73-7ef3-4dda-9a06-b5101f7ff7b1,23727.0,,8214.0,,4361438.0,34105.0,,2961855.0,TurnCo00,cole-turner-2,15923.0,,,34105.0,0.0,,1122692.0,Cole Turner,cole turner,1,1,9.0,0,0.0,0.0,7.0,2.0,0.0,-2.3837552,0,1.2857143,0.020833334,0.018666666,0.044316668,,,,,,,,,,,,,,,,,REG,WAS,CHI,Cole Turner,TurnCo00,0.0,0.0,0.0,104.2
2023,REG,5,00-0038115,D.Bellinger,TE,TE,NYG,15873,42a1c03e-790e-46ba-b0d5-d304e44c02c7,24238.0,,8225.0,,4361516.0,34068.0,,2963615.0,BellDa00,daniel-bellinger-1,16036.0,,1322.0,34068.0,0.0,,1122035.0,Daniel Bellinger,daniel bellinger,1,1,7.0,0,0.0,0.0,2.0,5.0,0.0,0.37845105,0,3.5,0.033333335,0.009852217,0.056896552,,,,,,,,,,,,,,,,,REG,NYG,MIA,Daniel Bellinger,BellDa00,0.0,0.0,0.0,95.8
2023,REG,5,00-0038589,J.Whyle,TE,TE,TEN,16312,601467c7-b593-472d-a147-b8e7bfdbe990,22923.0,,10212.0,,4360086.0,40182.0,,2962513.0,WhylJo01,josh-whyle-1,16866.0,,1471.0,40182.0,0.0,,1107037.0,Josh Whyle,josh whyle,1,1,7.0,0,0.0,0.0,6.0,1.0,1.0,0.7925187,0,1.1666666,0.029411765,0.022058824,0.059558824,,,,,,,,,,,,,,,,,REG,TEN,IND,Josh Whyle,WhylJo01,0.0,0.0,0.0,95.8
2023,REG,5,00-0034981,F.Moreau,TE,TE,NO,14239,9c3a67fd-5c6e-4689-9e08-9ff6d4db6c9a,18397.0,47043.0,5985.0,,3843945.0,31969.0,,2180634.0,MoreFo00,foster-moreau-1,13822.0,14154.0,179.0,31969.0,865573.0,20884.0,865573.0,Foster Moreau,foster moreau,1,1,6.0,1,0.0,0.0,0.0,6.0,1.0,1.9902958,0,0.0,0.04,0.0,0.06,,,,,,,,,,,,,,,,,REG,NO,NE,Foster Moreau,MoreFo00,0.0,0.0,0.0,131.2
2023,REG,5,00-0036741,J.Stoll,TE,TE,PHI,15541,0560d134-d316-4cda-9d48-34d32267af68,23193.0,42058.0,7946.0,,4034862.0,33891.0,,2239684.0,StolJa00,,15510.0,,,33891.0,0.0,,911985.0,Jack Stoll,jack stoll,1,1,4.0,0,0.0,0.0,3.0,1.0,0.0,-0.05648232,0,1.3333334,0.029411765,0.011363637,0.052072193,,,,,,,,,,,,,,,,,REG,PHI,LA,Jack Stoll,StolJa00,0.0,0.0,0.0,83.3
2023,REG,5,00-0037805,J.Ruckert,TE,TE,NYJ,15796,28f3732b-0910-4d09-9fd4-e43b821dc5bb,23742.0,,8145.0,,4361372.0,34057.0,,2965446.0,RuckJe00,jeremy-ruckert-1,15996.0,,1255.0,34057.0,0.0,,1122596.0,Jeremy Ruckert,jeremy ruckert,1,1,2.0,0,0.0,0.0,-1.0,3.0,0.0,-0.47174805,0,0.0,0.03846154,-0.005524862,0.053824905,,,,,,,,,,,,,,,,,REG,NYJ,DEN,Jeremy Ruckert,RuckJe00,0.0,0.0,0.0,79.2
2023,REG,5,00-0033357,T.Hill,TE,TE,NO,13424,3c8a55dd-20a8-4375-b711-49eb5e6e1d0e,17115.0,12112.0,4381.0,,2468609.0,30614.0,,2818935.0,HillTa00,,12063.0,12729.0,150.0,30614.0,503184.0,19238.0,503184.0,Taysom Hill,taysom hill,1,1,1.0,0,0.0,0.0,1.0,0.0,0.0,-0.7466212,0,1.0,0.04,0.004166667,0.062916666,,,,,,,,,,,,,,,,,REG,NO,NE,Taysom Hill,HillTa00,0.0,0.0,0.0,79.2
2023,REG,5,00-0037005,T.Tremble,TE,TE,CAR,15332,cbee2fd3-e5f2-4316-bffd-531f1873f032,22795.0,84025.0,7694.0,,4372780.0,33471.0,,2969027.0,TremTo00,tommy-tremble-1,15371.0,,1054.0,33471.0,0.0,,1130555.0,Tommy Tremble,tommy tremble,1,1,1.0,1,0.0,0.0,1.0,0.0,1.0,1.1366334,0,1.0,0.028571429,0.004132231,0.045749705,,,,,,,,,,,,,,,,,REG,CAR,DET,Tommy Tremble,TremTo00,0.0,0.0,0.0,118.7
2023,REG,5,00-0027696,J.Graham,TE,TE,NO,9925,fd85786d-3900-4dc0-9b30-334ee30413ed,9712.0,5619.0,616.0,jimmygraham/497236,13232.0,24070.0,6610.0,1691166.0,GrahJi00,jimmy-graham-1,6532.0,5842.0,,24070.0,295918.0,11488.0,295918.0,Jimmy Graham,jimmy graham,0,1,0.0,0,0.0,0.0,6.0,0.0,0.0,-1.904473,0,0.0,0.04,0.025,0.0775,,,,,,,,,,,,,,,,,REG,NO,NE,Jimmy Graham,GrahJi00,0.0,1.0,1.0,39.6
2023,REG,5,00-0033090,H.Henry,TE,TE,NE,12676,705899da-3c20-4bc3-b5d0-2e6e40655131,15561.0,10669.0,3214.0,,3046439.0,29269.0,,2079848.0,HenrHu00,hunter-henry-1,10735.0,11299.0,212.0,29269.0,744425.0,17975.0,744425.0,Hunter Henry,hunter henry,0,2,0.0,0,0.0,0.0,48.0,0.0,0.0,-3.0761504,0,0.0,0.06451613,0.14076246,0.19530791,,,,,,,,,,,,,,,,,REG,NE,NO,Hunter Henry,HenrHu00,0.0,0.0,0.0,39.6
2023,REG,5,00-0038547,L.Schoonmaker,TE,TE,DAL,16221,143957a7-4649-4a19-b351-e606edc75ebd,25267.0,,10871.0,,4372096.0,40061.0,,2968473.0,SchoLu00,luke-schoonmaker-1,16855.0,,1382.0,40061.0,0.0,,1130242.0,Luke Schoonmaker,luke schoonmaker,0,1,0.0,0,0.0,0.0,19.0,0.0,0.0,-0.7438606,0,0.0,0.03846154,0.062295083,0.10129887,,,,,,,,,,,,,,,,,REG,DAL,SF,Luke Schoonmaker,SchoLu00,0.0,0.0,0.0,39.6
2023,REG,5,00-0038558,D.Washington,TE,TE,PIT,16216,1984b8b5-d206-4d6a-8204-c5dd0160e9f5,22967.0,,9479.0,,4430802.0,40094.0,,3163963.0,WashDa03,darnell-washington-1,16889.0,,1431.0,40094.0,0.0,,1218658.0,Darnell Washington,darnell washington,0,2,0.0,0,0.0,0.0,4.0,0.0,0.0,-2.285935,0,0.0,0.06451613,0.013333334,0.106107526,,,,,,,,,,,,,,,,,REG,PIT,BAL,Darnell Washington,WashDa03,0.0,0.0,0.0,39.6
2023,REG,5,00-0038783,N.Adkins,TE,TE,DEN,16474,bcd0ae60-f31c-11ed-819c-fd03d0cc2698,25881.0,,11433.0,,4383440.0,40702.0,,2977285.0,AdkiNa00,,16992.0,,,40702.0,0.0,,1132517.0,Nate Adkins,nate adkins,0,1,0.0,0,0.0,0.0,-3.0,0.0,0.0,-0.4373592,0,0.0,0.037037037,-0.022727273,0.039646465,,,,,,,,,,,,,,,,,REG,DEN,NYJ,Nate Adkins,AdkiNa00,0.0,1.0,1.0,39.6
2023,REG,5,00-0038935,B.Strange,TE,TE,JAX,16269,94f135f7-9d54-4cbd-b560-fcaf83d414b0,25345.0,,9480.0,,4430539.0,40078.0,,3121696.0,StraBr00,brenton-strange-1,17017.0,,1461.0,40078.0,0.0,,1164940.0,Brenton Strange,brenton strange,0,1,0.0,0,0.0,0.0,11.0,0.0,0.0,-0.78830004,0,0.0,0.027027028,0.037414964,0.06673101,,,,,,,,,,,,,,,,,REG,JAX,BUF,Brenton Strange,StraBr00,0.0,0.0,0.0,39.6
2023,REG,6,00-0030506,T.Kelce,TE,TE,KC,11244,c3859e06-5f23-4302-a71b-04820a899d5f,11594.0,7844.0,1466.0,traviskelce/2540258,15847.0,26686.0,,1725130.0,KelcTr00,travis-kelce-1,8783.0,8411.0,264.0,26686.0,448240.0,15048.0,448240.0,Travis Kelce,travis kelce,9,9,124.0,0,0.0,0.0,84.0,40.0,5.0,8.317292,0,1.4761904,0.23076923,0.48554912,0.68603826,Travis Kelce,KC,7.945714285714286,4.804992623546749,8.873333333333333,44.63447350771294,100.0,124.0,0.0,5.203333333333334,3.7940809830619804,1.4092523502713536,00-0030506,Travis,Kelce,T.Kelce,REG,KC,DEN,Travis Kelce,KelcTr00,0.0,0.0,0.0,118.7
2023,REG,6,00-0039066,M.Mayer,TE,TE,LV,16212,31f4645a-7ccb-4633-8580-2fca361beb4f,23056.0,,9482.0,,4429086.0,40065.0,,3171673.0,MayeMi00,michael-mayer-1,16666.0,,1427.0,40065.0,0.0,,1232592.0,Michael Mayer,michael mayer,5,6,75.0,0,0.0,0.0,49.0,34.0,4.0,7.7862635,0,1.5306122,0.19354838,0.19521913,0.42697597,Michael Mayer,LV,6.76,3.6321762512335387,8.771666666666667,18.965082339375154,83.33333333333334,75.0,0.0,6.773999999999999,5.783632953085385,0.9903670469146144,00-0039066,Michael,Mayer,M.Mayer,REG,LV,NE,Michael Mayer,MayeMi00,0.0,0.0,0.0,118.7
2023,REG,6,00-0034753,M.Andrews,TE,TE,BAL,13671,0618f387-9b72-4270-8b8f-dec4cccc9e4a,17269.0,47436.0,5012.0,,3116365.0,31056.0,,2131121.0,AndrMa00,mark-andrews-1,12559.0,13182.0,366.0,31056.0,820699.0,19803.0,820699.0,Mark Andrews,mark andrews,4,6,69.0,0,0.0,0.0,90.0,14.0,3.0,3.4247522,0,0.76666665,0.20689656,0.40358743,0.59285605,Mark Andrews,BAL,6.862,2.150036919645616,14.463333333333331,39.840235056468636,66.66666666666666,69.0,0.0,3.710000000000001,3.4176342876988883,0.2923657123011125,00-0034753,Mark,Andrews,M.Andrews,REG,BAL,TEN,Mark Andrews,AndrMa00,1.0,0.0,0.0,105.6
2023,REG,6,00-0036876,K.Granson,TE,TE,IND,15419,bcc0167c-05fd-4b23-981e-60b8784ceb33,22841.0,40630.0,7602.0,,4039160.0,33515.0,,2247146.0,GranKy00,kylen-granson-1,15245.0,,1119.0,33515.0,0.0,,921050.0,Kylen Granson,kylen granson,3,4,67.0,0,0.0,0.0,50.0,14.0,2.0,1.2269505,0,1.34,0.07692308,0.12755102,0.20467032,,,,,,,,,,,,,,,,,REG,IND,JAX,Kylen Granson,GranKy00,0.0,0.0,0.0,116.7
2023,REG,6,00-0037744,T.McBride,TE,TE,ARI,15794,734d54cc-c869-4e2f-a60f-c59c493f5110,22936.0,,8130.0,,4361307.0,34010.0,,2963385.0,McBrTr01,trey-mcbride-1,15902.0,,1253.0,34010.0,0.0,,1108161.0,Trey McBride,trey mcbride,4,5,62.0,0,0.0,0.0,37.0,30.0,3.0,-0.36069286,0,1.6756756,0.13157895,0.09660574,0.26499245,Trey McBride,ARI,4.633333333333334,3.1595784338942026,7.06,9.239386483798356,80.0,62.0,0.0,7.967500000000001,6.838763049796853,1.1287369502031481,00-0037744,Trey,McBride,T.McBride,REG,ARI,LA,Trey McBride,McBrTr01,0.0,0.0,0.0,118.3
2023,REG,6,00-0034383,D.Schultz,TE,TE,HOU,13772,8caec1b4-e0b6-4a84-b8c8-617d6e91ef6a,17349.0,47304.0,5001.0,,3117256.0,31107.0,,2136748.0,SchuDa00,dalton-schultz-1,12514.0,13198.0,487.0,31107.0,830523.0,19920.0,830523.0,Dalton Schultz,dalton schultz,4,7,61.0,1,0.0,0.0,52.0,28.0,3.0,4.7791934,0,1.1730769,0.29166666,0.23529412,0.6022059,Dalton Schultz,HOU,5.5675,2.4636796564240866,8.501428571428573,27.99811808986121,57.14285714285714,61.0,1.0,6.722499999999999,2.6980245707733275,4.024475429226672,00-0034383,Dalton,Schultz,D.Schultz,REG,HOU,NO,Dalton Schultz,SchuDa00,1.0,0.0,0.0,86.0
2023,REG,6,00-0035229,T.Hockenson,TE,TE,MIN,14138,bd1120b6-38b3-4225-a4b0-20660a149d0d,18290.0,40912.0,5844.0,,4036133.0,31840.0,,2251097.0,HockTJ00,tj-hockenson-1,13610.0,14051.0,247.0,31840.0,923915.0,20805.0,923915.0,T.J. Hockenson,tj hockenson,6,8,50.0,0,0.0,0.0,63.0,11.0,2.0,-0.75829506,0,0.7936508,0.26666668,0.32474226,0.6273196,T.J. Hockenson,MIN,7.654285714285715,3.385016473955686,7.291250000000001,31.356843350177403,75.0,50.0,0.0,2.5633333333333326,2.8763967011118816,-0.31306336777854904,00-0035229,Thomas,Hockenson,T.Hockenson,REG,MIN,CHI,T.J. Hockenson,HockTJ00,0.0,1.0,0.125,90.6
2023,REG,6,00-0033357,T.Hill,TE,TE,NO,13424,3c8a55dd-20a8-4375-b711-49eb5e6e1d0e,17115.0,12112.0,4381.0,,2468609.0,30614.0,,2818935.0,HillTa00,,12063.0,12729.0,150.0,30614.0,503184.0,19238.0,503184.0,Taysom Hill,taysom hill,7,8,49.0,0,0.0,0.0,60.0,13.0,0.0,1.4848162,0,0.81666666,0.17391305,0.12578617,0.34891987,,,,,,,,,,,,,,,,,REG,NO,HOU,Taysom Hill,HillTa00,0.0,0.0,0.0,92.2
2023,REG,6,00-0031610,D.Waller,TE,TE,NYG,12263,14c97c9f-26e8-4944-9299-f90de6aeada3,14104.0,9637.0,2505.0,,2576925.0,28592.0,,1850793.0,WallDa01,darren-waller-1,10215.0,10433.0,,28592.0,600191.0,16964.0,600191.0,Darren Waller,darren waller,5,7,43.0,0,0.0,0.0,26.0,23.0,3.0,-1.4505475,0,1.6538461,0.22580644,0.11255411,0.41749755,Darren Waller,NYG,3.13,2.528838483448756,4.457142857142858,14.287022621119155,71.42857142857143,43.0,0.0,4.9259999999999975,4.749657706492099,0.17634229350789887,00-0031610,Darren,Waller,D.Waller,REG,NYG,BUF,Darren Waller,WallDa01,0.0,0.0,0.0,87.2
2023,REG,6,00-0036970,K.Pitts,TE,TE,ATL,15329,1f3deb24-9ff8-4769-8f42-825eff7742f6,20164.0,83964.0,7553.0,,4360248.0,33392.0,,2964514.0,PittKy00,kyle-pitts-1,15265.0,,1051.0,33392.0,0.0,,1123026.0,Kyle Pitts,kyle pitts,4,6,43.0,1,0.0,0.0,57.0,21.0,3.0,2.5278738,0,0.75438595,0.13636364,0.13970588,0.30233958,Kyle Pitts,ATL,5.548333333333335,2.198308400285795,9.735,14.989991274444387,66.66666666666666,43.0,1.0,5.2925,3.852083287399239,1.4404167126007614,00-0036970,Kyle,Pitts,K.Pitts,REG,ATL,WAS,Kyle Pitts,PittKy00,0.0,0.0,0.0,127.1
2023,REG,6,00-0034351,D.Goedert,TE,TE,PHI,13674,e8029983-87cf-49a2-bc04-04c8233a0630,17270.0,47272.0,5022.0,,3121023.0,31019.0,,2132551.0,GoedDa00,,12860.0,13151.0,382.0,31019.0,791365.0,19863.0,791365.0,Dallas Goedert,dallas goedert,5,8,42.0,0,0.0,0.0,16.0,35.0,5.0,-6.7029924,0,2.625,0.18604651,0.04494382,0.31053045,Dallas Goedert,PHI,5.5,3.044061966412315,2.5312499999999996,5.45748551408166,62.5,42.0,0.0,7.12,3.665210714607474,3.454789285392526,00-0034351,Dallas,Goedert,D.Goedert,REG,PHI,NYJ,Dallas Goedert,GoedDa00,0.0,0.0,0.0,36.5
2023,REG,6,00-0033881,E.Engram,TE,TE,JAX,13189,e21365af-8d66-416e-b0a5-8816d18fcfd9,16411.0,11778.0,4066.0,,3051876.0,30136.0,,2079887.0,EngrEv00,evan-engram-1,11805.0,12205.0,229.0,30136.0,749185.0,18912.0,749185.0,Evan Engram,evan engram,7,7,41.0,0,0.0,0.0,23.0,18.0,1.0,-1.1745211,0,1.7826087,0.25,0.098712444,0.4440987,Evan Engram,JAX,4.524,3.730305062339522,2.6785714285714284,8.58005765798746,100.0,41.0,0.0,3.1785714285714284,3.916281911139273,-0.7377104825678447,00-0033881,Evan,Engram,E.Engram,REG,JAX,IND,Evan Engram,EngrEv00,0.0,0.0,0.0,91.1
2023,REG,6,00-0033858,J.Smith,TE,TE,ATL,13193,e4f25a37-74de-4bfb-b6c9-f50a4fab0b87,16460.0,11855.0,4144.0,,3054212.0,30213.0,,2081506.0,SmitJo01,jonnu-smith-1,11807.0,12344.0,84.0,30213.0,743749.0,18990.0,743749.0,Jonnu Smith,jonnu smith,4,5,36.0,1,0.0,0.0,48.0,14.0,3.0,2.3692985,0,0.75,0.11363637,0.11764706,0.2528075,Jonnu Smith,ATL,5.093333333333333,2.8640420157462443,7.724000000000001,9.911204639942515,80.0,36.0,1.0,3.9949999999999983,4.73069935580051,-0.735699355800512,00-0033858,Jonnu,Smith,J.Smith,REG,ATL,WAS,Jonnu Smith,SmitJo01,0.0,0.0,0.0,136.2
2023,REG,6,00-0039065,S.LaPorta,TE,TE,DET,16214,3059f1e5-1871-4458-9e90-9b9917874c61,22978.0,,10859.0,,4430027.0,40064.0,,3124197.0,LaPoSa01,sam-laporta-1,17033.0,,1429.0,40064.0,0.0,,1168926.0,Sam LaPorta,sam laporta,4,11,36.0,0,0.0,0.0,101.0,12.0,2.0,-2.0951436,0,0.35643566,0.2682927,0.35438597,0.6505092,Sam LaPorta,DET,5.507,2.3260397070318657,8.58818181818182,34.199761068674654,36.36363636363637,36.0,0.0,3.4099999999999984,2.7848154315545344,0.625184568445464,00-0039065,Sam,LaPorta,S.LaPorta,REG,DET,TB,Sam LaPorta,LaPoSa01,0.0,1.0,0.091,46.0
2023,REG,6,00-0034981,F.Moreau,TE,TE,NO,14239,9c3a67fd-5c6e-4689-9e08-9ff6d4db6c9a,18397.0,47043.0,5985.0,,3843945.0,31969.0,,2180634.0,MoreFo00,foster-moreau-1,13822.0,14154.0,179.0,31969.0,865573.0,20884.0,865573.0,Foster Moreau,foster moreau,4,4,33.0,0,0.0,0.0,29.0,4.0,2.0,2.2000065,0,1.137931,0.08695652,0.060796645,0.17299244,,,,,,,,,,,,,,,,,REG,NO,HOU,Foster Moreau,MoreFo00,0.0,0.0,0.0,101.0
2023,REG,6,00-0034829,M.Gesicki,TE,TE,NE,13672,1012cbe0-7eba-4169-bfca-183a0204e1a7,17272.0,47153.0,4993.0,,3116164.0,31012.0,,2139298.0,GesiMi00,mike-gesicki-1,12764.0,13104.0,330.0,31012.0,836152.0,19853.0,836152.0,Mike Gesicki,mike gesicki,3,3,28.0,0,0.0,0.0,16.0,12.0,2.0,2.7479641,0,1.75,0.09677419,0.09356725,0.21065837,,,,,,,,,,,,,,,,,REG,NE,LV,Mike Gesicki,GesiMi00,0.0,0.0,0.0,105.6
2023,REG,6,00-0038935,B.Strange,TE,TE,JAX,16269,94f135f7-9d54-4cbd-b560-fcaf83d414b0,25345.0,,9480.0,,4430539.0,40078.0,,3121696.0,StraBr00,brenton-strange-1,17017.0,,1461.0,40078.0,0.0,,1164940.0,Brenton Strange,brenton strange,2,3,27.0,1,0.0,0.0,33.0,22.0,2.0,4.1054697,0,0.8181818,0.10714286,0.1416309,0.25985593,,,,,,,,,,,,,,,,,REG,JAX,IND,Brenton Strange,StraBr00,0.0,0.0,0.0,134.7
2023,REG,6,00-0037005,T.Tremble,TE,TE,CAR,15332,cbee2fd3-e5f2-4316-bffd-531f1873f032,22795.0,84025.0,7694.0,,4372780.0,33471.0,,2969027.0,TremTo00,tommy-tremble-1,15371.0,,1054.0,33471.0,0.0,,1130555.0,Tommy Tremble,tommy tremble,2,2,25.0,0,0.0,0.0,6.0,19.0,1.0,1.4051775,0,4.1666665,0.057142857,0.021052632,0.10045113,,,,,,,,,,,,,,,,,REG,CAR,MIA,Tommy Tremble,TremTo00,1.0,0.0,0.0,118.7
2023,REG,6,00-0033885,D.Njoku,TE,TE,CLE,13192,8f86fcea-90e8-49ea-bc78-5c7659313e57,16399.0,11784.0,4033.0,,3123076.0,30142.0,,2136474.0,NjokDa00,david-njoku-1,11734.0,12186.0,252.0,30142.0,832098.0,18876.0,832098.0,David Njoku,david njoku,3,4,24.0,0,0.0,0.0,19.0,19.0,1.0,0.44263077,0,1.2631578,0.121212125,0.07692308,0.23566434,,,,,,,,,,,,,,,,,REG,CLE,SF,David Njoku,NjokDa00,0.0,0.0,0.0,89.6
2023,REG,6,00-0034270,T.Conklin,TE,TE,NYJ,13675,f0d17dfa-ebf3-416c-a8d2-c6bc30675103,17598.0,47327.0,5133.0,,3915486.0,31220.0,,2165249.0,ConkTy00,tyler-conklin-1,12809.0,13220.0,489.0,31127.0,861278.0,19988.0,861278.0,Tyler Conklin,tyler conklin,3,4,24.0,0,0.0,0.0,44.0,8.0,1.0,-1.5558679,0,0.54545456,0.121212125,0.16988418,0.3007371,,,,,,,,,,,,,,,,,REG,NYJ,PHI,Tyler Conklin,ConkTy00,0.0,0.0,0.0,89.6
2023,REG,6,00-0030061,Z.Ertz,TE,TE,ARI,11247,de3421f7-2147-4835-89a5-724e87bad463,11689.0,7816.0,1339.0,zachertz/2540158,15835.0,26658.0,,1685963.0,ErtzZa00,zach-ertz-1,8781.0,8409.0,305.0,26658.0,503177.0,14856.0,503177.0,Zach Ertz,zach ertz,2,5,22.0,0,0.0,0.0,45.0,4.0,1.0,-6.7173233,0,0.4888889,0.13157895,0.11749347,0.27961385,Zach Ertz,ARI,6.026,1.899133738826885,6.897999999999999,9.027377898759356,40.0,22.0,0.0,2.6450000000000014,2.4020529876497676,0.24294701235023375,00-0030061,Zachary,Ertz,Z.Ertz,REG,ARI,LA,Zach Ertz,ErtzZa00,0.0,0.0,0.0,14.2
2023,REG,6,00-0032392,A.Hooper,TE,TE,LV,12677,90c2a93f-d837-4e1b-b57c-56648903a8db,15581.0,10715.0,3202.0,,3043275.0,29315.0,,2067004.0,HoopAu00,austin-hooper-1,10748.0,11301.0,384.0,29315.0,739424.0,17963.0,739424.0,Austin Hooper,austin hooper,2,2,19.0,0,0.0,0.0,6.0,13.0,1.0,1.853182,0,3.1666667,0.06451613,0.023904383,0.11350726,,,,,,,,,,,,,,,,,REG,LV,NE,Austin Hooper,HoopAu00,0.0,0.0,0.0,106.2
2023,REG,6,00-0035329,D.Parham,TE,TE,LAC,14341,4f246e92-3d21-450f-977a-dc16892c7238,18835.0,91014.0,6074.0,,3912092.0,32456.0,,2183713.0,ParhDo00,,13602.0,14320.0,,32456.0,875649.0,20905.0,875649.0,Donald Parham,donald parham,2,3,19.0,0,0.0,0.0,14.0,11.0,1.0,-0.30657154,0,1.3571428,0.08108108,0.0546875,0.15990287,,,,,,,,,,,,,,,,,REG,LAC,DAL,Donald Parham,ParhDo00,0.0,0.0,0.0,84.0
2023,REG,6,00-0036244,C.Parkinson,TE,TE,SEA,14871,1ea7affb-e5e7-491a-aaa3-55e200b2eb48,19372.0,52266.0,6865.0,,4242557.0,32803.0,,2867522.0,ParkCo02,colby-parkinson-1,14463.0,,565.0,32803.0,0.0,21807.0,1060312.0,Colby Parkinson,colby parkinson,3,5,19.0,0,0.0,0.0,18.0,8.0,0.0,-3.1238673,0,1.0555556,0.13513513,0.052173913,0.23922445,Colby Parkinson,SEA,7.949999999999999,2.5607654960772015,6.555999999999999,9.258579296709502,60.0,19.0,0.0,3.0966666666666662,2.5224561620607346,0.5742105046059316,00-0036244,Colby,Parkinson,C.Parkinson,REG,SEA,CIN,Colby Parkinson,ParkCo02,0.0,0.0,0.0,81.2
2023,REG,6,00-0033110,T.Higbee,TE,TE,LA,12678,0df7912d-9e81-47ea-b4f7-d04986df4ee8,15623.0,10744.0,3271.0,,2573401.0,29344.0,,1853103.0,HigbTy00,tyler-higbee-1,10854.0,11430.0,159.0,29344.0,604176.0,18032.0,604176.0,Tyler Higbee,tyler higbee,2,3,18.0,0,0.0,0.0,19.0,4.0,0.0,-1.0788293,0,0.94736844,0.14285715,0.10497238,0.28776637,,,,,,,,,,,,,,,,,REG,LA,ARI,Tyler Higbee,HigbTy00,0.0,1.0,0.333,82.6
2023,REG,6,00-0037809,C.Okonkwo,TE,TE,TEN,15889,14e11f9b-58c8-437f-abc0-a4e4df9a7c47,23982.0,,8210.0,,4360635.0,34099.0,,2965208.0,OkonCh00,chigoziem-okonkwo-1,16042.0,,1320.0,34099.0,0.0,,1106374.0,Chigoziem Okonkwo,chigoziem okonkwo,2,4,18.0,0,0.0,0.0,66.0,6.0,0.0,-3.7649794,0,0.27272728,0.2,0.3882353,0.5717647,,,,,,,,,,,,,,,,,REG,TEN,BAL,Chigoziem Okonkwo,OkonCh00,0.0,0.0,0.0,22.9
2023,REG,6,00-0035689,D.Knox,TE,TE,BUF,14143,5fb525c5-4e70-4ede-8c49-94ad0cf66b7d,18631.0,35883.0,5906.0,,3930086.0,31928.0,,2186345.0,KnoxDa00,dawson-knox-1,13466.0,13953.0,88.0,31928.0,884083.0,20850.0,884083.0,Dawson Knox,dawson knox,3,6,17.0,0,0.0,0.0,36.0,12.0,1.0,-5.9557056,0,0.4722222,0.20689656,0.15319149,0.41757888,Dawson Knox,BUF,3.645,4.586990291588793,6.3500000000000005,16.44935670494775,50.0,17.0,0.0,3.75,3.3328244060620213,0.41717559393797865,00-0035689,Dawson,Knox,D.Knox,REG,BUF,NYG,Dawson Knox,KnoxDa00,0.0,1.0,0.167,16.7
2023,REG,6,00-0033895,G.Everett,TE,TE,LAC,13236,ebeceb00-57e0-4b74-9cf7-853da2afed18,16459.0,11799.0,4089.0,,3918639.0,30157.0,,2142692.0,EverGe00,gerald-everett-1,11737.0,12284.0,55.0,30157.0,838487.0,18935.0,838487.0,Gerald Everett,gerald everett,3,5,16.0,1,0.0,0.0,21.0,3.0,2.0,0.43267784,0,0.7619048,0.13513513,0.08203125,0.26012456,Gerald Everett,LAC,5.015,3.616256629962133,4.4399999999999995,8.147985025324815,60.0,16.0,1.0,1.003333333333335,1.7743904353324826,-0.7710571019991477,00-0033895,Gerald,Everett,G.Everett,REG,LAC,DAL,Gerald Everett,EverGe00,0.0,1.0,0.2,105.0
2023,REG,6,00-0034830,H.Hurst,TE,TE,CAR,13680,1b125fc4-5dd9-4eb9-a42f-048e61ca42b7,17283.0,47294.0,4973.0,,3924365.0,30995.0,,2185053.0,HursHa00,hayden-hurst-1,12467.0,13098.0,8.0,30995.0,881956.0,19843.0,881956.0,Hayden Hurst,hayden hurst,1,3,16.0,0,0.0,0.0,38.0,10.0,1.0,-2.9929137,0,0.42105263,0.08571429,0.13333334,0.22190475,,,,,,,,,,,,,,,,,REG,CAR,MIA,Hayden Hurst,HursHa00,0.0,0.0,0.0,52.1
2023,REG,6,00-0033439,P.Brown,TE,TE,NE,13994,6733b953-de77-44e5-acbf-c2d3a0940243,16937.0,12247.0,4443.0,,2971281.0,30627.0,,2819155.0,BrowPh01,,11887.0,12737.0,,30627.0,689689.0,19304.0,689689.0,Pharaoh Brown,pharaoh brown,1,1,15.0,0,0.0,0.0,4.0,11.0,1.0,0.99982285,0,3.75,0.032258064,0.023391813,0.06476136,,,,,,,,,,,,,,,,,REG,NE,LV,Pharaoh Brown,BrowPh01,0.0,0.0,0.0,118.7
2023,REG,6,00-0036590,Q.Morris,TE,TE,BUF,15341,eab74cbc-ed11-46b3-bd16-1d4c997adc22,22820.0,61182.0,7536.0,,4244049.0,33819.0,,2864581.0,,,15460.0,,,33819.0,0.0,,1059680.0,Quintin Morris,quintin morris,1,1,15.0,1,0.0,0.0,15.0,0.0,1.0,2.5669312,0,1.0,0.03448276,0.06382979,0.09640499,,,,,,,,,,,,,,,,,,,,,,,,,
2023,REG,6,00-0038041,J.Ferguson,TE,TE,DAL,15799,f46eab3d-d7dd-4420-b3f9-6da9ac1308ab,22718.0,,8110.0,,4242355.0,34085.0,,2867159.0,FergJa00,jake-ferguson-1,15947.0,,1258.0,34085.0,0.0,,1065361.0,Jake Ferguson,jake ferguson,1,1,15.0,0,0.0,0.0,9.0,6.0,0.0,1.6632324,0,1.6666666,0.033333335,0.033962265,0.073773585,,,,,,,,,,,,,,,,,REG,DAL,LAC,Jake Ferguson,FergJa00,0.0,0.0,0.0,118.7
2023,REG,6,00-0038129,C.Otton,TE,TE,TB,15802,f23517bd-ae85-484a-8ecb-1f7a2d851e48,23181.0,,8111.0,,4243331.0,34062.0,,2815179.0,OttoCa00,cade-otton-1,16032.0,,1261.0,34062.0,0.0,,1049263.0,Cade Otton,cade otton,1,2,15.0,0,0.0,0.0,35.0,9.0,1.0,-1.8116206,0,0.42857143,0.054054055,0.07900677,0.13638583,,,,,,,,,,,,,,,,,REG,TB,DET,Cade Otton,OttoCa00,0.0,0.0,0.0,75.0
2023,REG,6,00-0036637,N.Gray,TE,TE,KC,15337,c97dfcb6-b999-476f-8487-f3848e92df17,19539.0,60878.0,7828.0,,4240472.0,33550.0,,2866903.0,GrayNo00,noah-gray-1,15459.0,,1059.0,33550.0,0.0,,1056981.0,Noah Gray,noah gray,2,2,14.0,0,0.0,0.0,3.0,11.0,1.0,-0.30258784,0,4.6666665,0.051282052,0.01734104,0.089061804,,,,,,,,,,,,,,,,,REG,KC,DEN,Noah Gray,GrayNo00,0.0,0.0,0.0,95.8
2023,REG,6,00-0033757,R.Tonyan,TE,TE,CHI,13427,7c9c7800-69d0-459b-812b-a07ac48e9f2a,16502.0,12193.0,4602.0,,2975674.0,30777.0,,2820026.0,TonyRo00,,12389.0,12868.0,,30777.0,660151.0,19491.0,660151.0,Robert Tonyan,robert tonyan,1,1,11.0,0,0.0,0.0,4.0,7.0,1.0,0.5470567,0,2.75,0.041666668,0.028169014,0.08221831,,,,,,,,,,,,,,,,,REG,CHI,MIN,Robert Tonyan,TonyRo00,0.0,0.0,0.0,112.5
2023,REG,6,00-0036556,B.Jordan,TE,TE,HOU,15330,8ffb5c07-4aa1-4796-b1ab-30c1ab0ccc4c,20162.0,77887.0,7568.0,,4362504.0,33535.0,,2964787.0,JordBr00,brevin-jordan-1,15369.0,,1052.0,33535.0,0.0,,1121871.0,Brevin Jordan,brevin jordan,1,1,11.0,0,0.0,0.0,2.0,9.0,1.0,0.6525617,0,5.5,0.041666668,0.009049774,0.06883484,,,,,,,,,,,,,,,,,REG,HOU,NO,Brevin Jordan,JordBr00,0.0,0.0,0.0,112.5
2023,REG,6,00-0038589,J.Whyle,TE,TE,TEN,16312,601467c7-b593-472d-a147-b8e7bfdbe990,22923.0,,10212.0,,4360086.0,40182.0,,2962513.0,WhylJo01,josh-whyle-1,16866.0,,1471.0,40182.0,0.0,,1107037.0,Josh Whyle,josh whyle,1,1,11.0,0,0.0,0.0,7.0,4.0,1.0,0.75948423,0,1.5714285,0.05,0.04117647,0.10382353,,,,,,,,,,,,,,,,,REG,TEN,BAL,Josh Whyle,WhylJo01,0.0,0.0,0.0,112.5
2023,REG,6,00-0031585,M.Pruitt,TE,TE,ATL,12309,f22b34cf-6ecf-4522-9c77-1da275dfda7d,13964.0,9576.0,2446.0,,2508256.0,28531.0,,1760327.0,PruiMy00,,10251.0,10522.0,,28531.0,552586.0,16903.0,552586.0,MyCole Pruitt,mycole pruitt,1,2,9.0,0,0.0,0.0,6.0,5.0,0.0,-0.18374355,0,1.5,0.045454547,0.014705882,0.07847594,,,,,,,,,,,,,,,,,REG,ATL,WAS,MyCole Pruitt,PruiMy00,0.0,0.0,0.0,62.5
2023,REG,6,00-0035644,N.Fant,TE,TE,SEA,14137,cdc98acc-9eb6-4b44-81bb-61d7b8a3b55f,17527.0,42388.0,5857.0,,4036131.0,31852.0,,2251095.0,FantNo00,noah-fant-1,13426.0,14050.0,243.0,31852.0,923911.0,20753.0,923911.0,Noah Fant,noah fant,1,1,9.0,0,0.0,0.0,6.0,3.0,0.0,0.7765496,0,1.5,0.027027028,0.017391304,0.052714452,,,,,,,,,,,,,,,,,REG,SEA,CIN,Noah Fant,FantNo00,0.0,0.0,0.0,104.2
2023,REG,6,00-0036290,C.Kmet,TE,TE,CHI,14867,036feeb6-9a22-43c5-a8e3-7ac611d8ff49,19229.0,60995.0,6826.0,,4258595.0,32713.0,,2868619.0,KmetCo00,cole-kmet-1,14436.0,,569.0,32713.0,0.0,21772.0,1066765.0,Cole Kmet,cole kmet,2,3,9.0,0,0.0,0.0,2.0,9.0,1.0,0.17110583,0,4.5,0.125,0.014084507,0.19735916,,,,,,,,,,,,,,,,,REG,CHI,MIN,Cole Kmet,KmetCo00,0.0,0.0,0.0,70.1
2023,REG,6,00-0037805,J.Ruckert,TE,TE,NYJ,15796,28f3732b-0910-4d09-9fd4-e43b821dc5bb,23742.0,,8145.0,,4361372.0,34057.0,,2965446.0,RuckJe00,jeremy-ruckert-1,15996.0,,1255.0,34057.0,0.0,,1122596.0,Jeremy Ruckert,jeremy ruckert,1,1,8.0,0,0.0,0.0,0.0,8.0,1.0,0.77547616,0,0.0,0.030303031,0.0,0.045454547,,,,,,,,,,,,,,,,,REG,NYJ,PHI,Jeremy Ruckert,RuckJe00,0.0,0.0,0.0,100.0
2023,REG,6,00-0039050,P.Durham,TE,TE,TB,16218,c4a8b4c9-5db8-4187-852b-9557bef8724e,25346.0,,10227.0,,4372505.0,40193.0,,2968469.0,DurhPa00,payne-durham-1,16720.0,,,40193.0,0.0,,1130260.0,Payne Durham,payne durham,1,1,8.0,0,0.0,0.0,3.0,5.0,1.0,0.6169097,0,2.6666667,0.027027028,0.006772009,0.04528095,,,,,,,,,,,,,,,,,REG,TB,DET,Payne Durham,DurhPa00,0.0,0.0,0.0,100.0
2023,REG,6,00-0033090,H.Henry,TE,TE,NE,12676,705899da-3c20-4bc3-b5d0-2e6e40655131,15561.0,10669.0,3214.0,,3046439.0,29269.0,,2079848.0,HenrHu00,hunter-henry-1,10735.0,11299.0,212.0,29269.0,744425.0,17975.0,744425.0,Hunter Henry,hunter henry,1,3,7.0,0,0.0,0.0,20.0,12.0,0.0,-6.4697027,0,0.35,0.09677419,0.116959065,0.22703263,,,,,,,,,,,,,,,,,REG,NE,LV,Hunter Henry,HenrHu00,0.0,0.0,0.0,2.8
2023,REG,6,00-0036754,B.Wright,TE,TE,DET,15626,8f182089-7730-499e-8f2e-87bda32debfb,23341.0,60994.0,7891.0,,4242392.0,33774.0,,2807423.0,WrigBr01,,15681.0,,1162.0,33774.0,0.0,,978120.0,Brock Wright,brock wright,1,1,7.0,0,0.0,0.0,2.0,5.0,0.0,0.41132262,0,3.5,0.024390243,0.007017544,0.041497648,,,,,,,,,,,,,,,,,REG,DET,TB,Brock Wright,WrigBr01,0.0,0.0,0.0,95.8
2023,REG,6,00-0034970,I.Smith,TE,TE,CIN,14141,ed0e6a30-83d5-4f4b-bf49-f7ff80e21304,18610.0,42060.0,6126.0,,4040980.0,31882.0,,2257888.0,SmitIr01,irv-smith-jr-1,13583.0,14052.0,,31882.0,944428.0,20949.0,944428.0,Irv Smith,irv smith,1,2,5.0,0,0.0,0.0,10.0,0.0,0.0,-1.410074,0,0.5,0.057142857,0.04950495,0.12036775,,,,,,,,,,,,,,,,,REG,CIN,SEA,Irv Smith Jr.,SmitIr01,0.0,1.0,0.5,56.2
2023,REG,6,00-0034159,W.Dissly,TE,TE,SEA,13763,383f4814-6836-4766-a297-fc063e8509cc,18049.0,30762.0,5010.0,,3127292.0,31090.0,,2139628.0,DissWi00,will-dissly-1,12986.0,13246.0,86.0,31090.0,837806.0,19950.0,837806.0,Will Dissly,will dissly,1,1,4.0,0,0.0,0.0,0.0,4.0,0.0,-0.08457892,0,0.0,0.027027028,0.0,0.04054054,,,,,,,,,,,,,,,,,REG,SEA,CIN,Will Dissly,DissWi00,0.0,0.0,0.0,83.3
2023,REG,6,00-0035631,D.Sample,TE,TE,CIN,14146,15a4f552-ecaf-45bd-9006-aa5dda93bee6,18561.0,47259.0,6001.0,,3127310.0,31884.0,,2139646.0,SampDr00,drew-sample-1,13809.0,14111.0,435.0,31884.0,837824.0,20931.0,837824.0,Drew Sample,drew sample,1,1,4.0,0,0.0,0.0,4.0,0.0,0.0,-0.23860148,0,1.0,0.028571429,0.01980198,0.05671853,,,,,,,,,,,,,,,,,REG,CIN,SEA,Drew Sample,SampDr00,0.0,0.0,0.0,83.3
2023,REG,6,00-0036422,A.Trautman,TE,TE,DEN,14870,4e14183b-f974-4745-9d7f-8f5eb2a92a7d,19423.0,109795.0,6869.0,,3911853.0,32775.0,,2182228.0,TrauAd00,,14541.0,,566.0,32775.0,0.0,21786.0,875444.0,Adam Trautman,adam trautman,1,2,4.0,0,0.0,0.0,19.0,6.0,0.0,-1.977912,0,0.21052632,0.09090909,0.16239317,0.25003886,,,,,,,,,,,,,,,,,REG,DEN,KC,Adam Trautman,TrauAd00,0.0,0.0,0.0,56.2
2023,REG,6,00-0037252,G.Dulcich,TE,TE,DEN,15797,b9e4a022-d15c-4cef-9879-170277f17207,23153.0,,8172.0,,4367209.0,34036.0,,2964274.0,DulcGr00,greg-dulcich-1,15891.0,,,34036.0,0.0,,1128085.0,Greg Dulcich,greg dulcich,1,2,3.0,0,0.0,0.0,4.0,2.0,0.0,-6.578624,0,0.75,0.09090909,0.034188036,0.16029526,,,,,,,,,,,,,,,,,REG,DEN,KC,Greg Dulcich,DulcGr00,0.0,0.0,0.0,16.7
2023,REG,6,00-0031260,L.Thomas,TE,TE,WAS,11647,b24625a0-d402-4d59-a778-aa4b073bfe5e,12095.0,8755.0,2251.0,loganthomas/2543767,16813.0,27648.0,,1691193.0,ThomLo00,logan-thomas-1,9323.0,9354.0,,27648.0,507528.0,16656.0,507528.0,Logan Thomas,logan thomas,1,1,2.0,0,0.0,0.0,2.0,0.0,0.0,-0.38442913,0,1.0,0.04761905,0.010638298,0.07887538,,,,,,,,,,,,,,,,,REG,WAS,ATL,Logan Thomas,ThomLo00,0.0,0.0,0.0,79.2
2023,REG,6,00-0033288,G.Kittle,TE,TE,SF,13299,2ada91b0-036e-454f-83c3-6d939ff584a9,16499.0,11901.0,4217.0,,3040151.0,30259.0,,2818265.0,KittGe00,george-kittle-1,11892.0,12276.0,298.0,30259.0,733672.0,19063.0,733672.0,George Kittle,george kittle,1,2,1.0,0,0.0,0.0,27.0,-2.0,0.0,-1.2407734,0,0.037037037,0.083333336,0.1125,0.20375,,,,,,,,,,,,,,,,,REG,SF,CLE,George Kittle,KittGe00,0.0,0.0,0.0,56.2
2023,REG,6,00-0031484,C.Manhertz,TE,TE,DEN,12955,7c7b5515-7786-4e24-9ce0-34e6a8bd5727,14014.0,10211.0,3048.0,,2531358.0,28365.0,,2167520.0,ManhCh00,,10033.0,10295.0,,28365.0,563293.0,17762.0,563293.0,Chris Manhertz,chris manhertz,0,1,0.0,0,0.0,0.0,-6.0,0.0,0.0,-0.46702793,0,0.0,0.045454547,-0.051282052,0.032284383,,,,,,,,,,,,,,,,,REG,DEN,KC,Chris Manhertz,ManhCh00,0.0,0.0,0.0,39.6
2023,REG,6,00-0032134,C.Uzomah,TE,TE,NYJ,12317,19858900-5c8e-49a7-ab02-34ef625724ca,14084.0,9590.0,2460.0,c.j.uzomah/2552559,2574576.0,28545.0,,2174118.0,UzomC.00,cj-uzomah-1,10462.0,10534.0,,28545.0,593305.0,16917.0,593305.0,C.J. Uzomah,cj uzomah,0,1,0.0,0,0.0,0.0,18.0,0.0,0.0,-0.71181947,0,0.0,0.030303031,0.06949807,0.094103195,,,,,,,,,,,,,,,,,REG,NYJ,PHI,C.J. Uzomah,UzomC.00,0.0,0.0,0.0,39.6
2023,REG,6,00-0034073,R.Dwelley,TE,TE,SF,13988,70473218-5ae3-47b4-86fd-151e68f1e8b9,17886.0,20994.0,5285.0,,3120303.0,31329.0,,2924888.0,DwelRo00,,13030.0,13522.0,,31329.0,752665.0,20361.0,752665.0,Ross Dwelley,ross dwelley,0,1,0.0,0,0.0,0.0,17.0,0.0,0.0,-0.40430412,0,0.0,0.041666668,0.07083333,0.11208333,,,,,,,,,,,,,,,,,REG,SF,CLE,Ross Dwelley,DwelRo00,0.0,0.0,0.0,39.6
2023,REG,6,00-0034364,J.Akins,TE,TE,CLE,13753,0cb5a32a-a340-4671-ba2a-93f5fa6aee8d,17415.0,47050.0,5032.0,,3128452.0,31068.0,,2142712.0,AkinJo00,jordan-akins-1,12568.0,13238.0,,31068.0,838396.0,19903.0,838396.0,Jordan Akins,jordan akins,0,2,0.0,0,0.0,0.0,17.0,0.0,0.0,-1.0692021,0,0.0,0.060606062,0.06882591,0.13908723,,,,,,,,,,,,,,,,,REG,CLE,SF,Jordan Akins,AkinJo00,0.0,0.0,0.0,39.6
2023,REG,6,00-0034798,D.Smythe,TE,TE,MIA,13676,7e42a22a-c47b-4387-aeeb-2cc2e76dc1d8,17508.0,47257.0,5008.0,,3052897.0,31093.0,,2082845.0,SmytDu00,durham-smythe-1,12807.0,13249.0,,31093.0,749968.0,19943.0,749968.0,Durham Smythe,durham smythe,0,1,0.0,0,0.0,0.0,1.0,0.0,0.0,-0.40555522,0,0.0,0.033333335,0.0038910506,0.052723736,,,,,,,,,,,,,,,,,REG,MIA,CAR,Durham Smythe,SmytDu00,0.0,0.0,0.0,39.6
2023,REG,6,00-0036032,S.McKeon,TE,TE,DAL,15097,0f369885-8ecd-4ca0-a3dc-df8530a0db6e,19726.0,42266.0,6964.0,,4036275.0,33101.0,,2239736.0,McKeSe01,,14478.0,,,33101.0,0.0,21781.0,911020.0,Sean McKeon,sean mckeon,0,1,0.0,0,0.0,0.0,5.0,0.0,0.0,-0.48330632,0,0.0,0.033333335,0.018867925,0.063207544,,,,,,,,,,,,,,,,,REG,DAL,LAC,Sean McKeon,McKeSe01,0.0,1.0,1.0,39.6
2023,REG,6,00-0036232,H.Bryant,TE,TE,CLE,14875,f58a5899-8b78-46e8-a29a-ba6273b7d872,19389.0,26394.0,6850.0,,4040774.0,32785.0,,2241240.0,BryaHa00,harrison-bryant-1,14576.0,,752.0,32785.0,0.0,21783.0,916467.0,Harrison Bryant,harrison bryant,0,1,0.0,0,0.0,0.0,6.0,0.0,0.0,-1.8005528,0,0.0,0.030303031,0.024291499,0.062458593,,,,,,,,,,,,,,,,,REG,CLE,SF,Harrison Bryant,BryaHa00,0.0,0.0,0.0,39.6
2023,REG,6,00-0037292,A.Ogletree,TE,TE,IND,15916,59f460a8-b5af-40e6-840c-429762b278b3,24561.0,,8489.0,,4722908.0,34148.0,,2672594.0,OgleAn00,,16277.0,,1315.0,34148.0,0.0,,1271740.0,Andrew Ogletree,andrew ogletree,0,1,0.0,0,0.0,0.0,17.0,0.0,0.0,-0.42936736,0,0.0,0.01923077,0.04336735,0.059203297,,,,,,,,,,,,,,,,,REG,IND,JAX,Andrew Ogletree,OgleAn00,0.0,0.0,0.0,39.6
2023,REG,6,00-0038394,W.Mallory,TE,TE,IND,16220,5d4a5e4f-7c74-4b4c-b8e5-33bb831e3057,23821.0,,10220.0,,4362523.0,40180.0,,2962073.0,MallWi00,will-mallory-1,17014.0,,1435.0,,0.0,,1121873.0,Will Mallory,will mallory,0,1,0.0,0,0.0,0.0,27.0,0.0,0.0,-2.8162463,0,0.0,0.01923077,0.06887755,0.07706044,,,,,,,,,,,,,,,,,REG,IND,JAX,Will Mallory,MallWi00,0.0,0.0,0.0,39.6
2023,REG,7,00-0030506,T.Kelce,TE,TE,KC,11244,c3859e06-5f23-4302-a71b-04820a899d5f,11594.0,7844.0,1466.0,traviskelce/2540258,15847.0,26686.0,,1725130.0,KelcTr00,travis-kelce-1,8783.0,8411.0,264.0,26686.0,448240.0,15048.0,448240.0,Travis Kelce,travis kelce,12,13,179.0,1,0.0,0.0,130.0,73.0,9.0,13.809953,0,1.3769231,0.325,0.4,0.7675,Travis Kelce,KC,8.407,3.9407004082437003,9.820769230769232,40.01065530101224,92.3076923076923,179.0,1.0,6.1025,5.837190575529196,0.26530942447080363,00-0030506,Travis,Kelce,T.Kelce,REG,KC,LAC,Travis Kelce,KelcTr00,0.0,0.0,0.0,144.4
2023,REG,7,00-0031610,D.Waller,TE,TE,NYG,12263,14c97c9f-26e8-4944-9299-f90de6aeada3,14104.0,9637.0,2505.0,,2576925.0,28592.0,,1850793.0,WallDa01,darren-waller-1,10215.0,10433.0,,28592.0,600191.0,16964.0,600191.0,Darren Waller,darren waller,7,8,98.0,1,0.0,0.0,76.0,31.0,4.0,7.483071,0,1.2894737,0.2962963,0.26206896,0.62789273,Darren Waller,NYG,5.706666666666667,3.751466529229035,9.192499999999999,25.30016857604844,87.5,98.0,1.0,4.581428571428573,4.4171567307445345,0.16427184068403822,00-0031610,Darren,Waller,D.Waller,REG,NYG,WAS,Darren Waller,WallDa01,0.0,0.0,0.0,157.3
2023,REG,7,00-0035229,T.Hockenson,TE,TE,MIN,14138,bd1120b6-38b3-4225-a4b0-20660a149d0d,18290.0,40912.0,5844.0,,4036133.0,31840.0,,2251097.0,HockTJ00,tj-hockenson-1,13610.0,14051.0,247.0,31840.0,923915.0,20805.0,923915.0,T.J. Hockenson,tj hockenson,11,12,86.0,0,0.0,0.0,52.0,36.0,6.0,3.9085634,0,1.6538461,0.27906978,0.20392157,0.56134975,T.J. Hockenson,MIN,6.304,3.120069131034022,4.053333333333335,18.646731838221207,91.66666666666666,86.0,0.0,3.77090909090909,3.482414610456237,0.2884944804528531,00-0035229,Thomas,Hockenson,T.Hockenson,REG,MIN,SF,T.J. Hockenson,HockTJ00,0.0,0.0,0.0,96.5
2023,REG,7,00-0033288,G.Kittle,TE,TE,SF,13299,2ada91b0-036e-454f-83c3-6d939ff584a9,16499.0,11901.0,4217.0,,3040151.0,30259.0,,2818265.0,KittGe00,george-kittle-1,11892.0,12276.0,298.0,30259.0,733672.0,19063.0,733672.0,George Kittle,george kittle,5,7,78.0,0,0.0,0.0,86.0,23.0,4.0,4.325941,0,0.90697676,0.2413793,0.35684648,0.61186147,George Kittle,SF,4.114999999999999,2.8786974473377036,11.835714285714285,34.546743390876486,71.42857142857143,78.0,0.0,4.942,5.121215007209957,-0.1792150072099572,00-0033288,George,Kittle,G.Kittle,REG,SF,MIN,George Kittle,KittGe00,0.0,0.0,0.0,108.0
2023,REG,7,00-0034351,D.Goedert,TE,TE,PHI,13674,e8029983-87cf-49a2-bc04-04c8233a0630,17270.0,47272.0,5022.0,,3121023.0,31019.0,,2132551.0,GoedDa00,,12860.0,13151.0,382.0,31019.0,791365.0,19863.0,791365.0,Dallas Goedert,dallas goedert,5,5,77.0,1,0.0,0.0,22.0,55.0,4.0,8.06899,0,3.5,0.16666667,0.1,0.32,Dallas Goedert,PHI,6.0920000000000005,4.442895154028977,4.144000000000001,8.89194060595657,100.0,77.0,1.0,11.256,11.11475835228157,0.14124164771843084,00-0034351,Dallas,Goedert,D.Goedert,REG,PHI,MIA,Dallas Goedert,GoedDa00,0.0,0.0,0.0,158.3
2023,REG,7,00-0038933,D.Kincaid,TE,TE,BUF,16213,b961fa15-0676-4948-b95f-56d06319d40e,25247.0,,10236.0,,4385690.0,40048.0,,2982991.0,KincDa00,dalton-kincaid-1,16697.0,,1428.0,40048.0,0.0,,1135513.0,Dalton Kincaid,dalton kincaid,8,8,75.0,0,0.0,0.0,37.0,38.0,4.0,7.4227924,0,2.0270271,0.20512821,0.08604651,0.36792487,Dalton Kincaid,BUF,5.0600000000000005,5.2352579751882615,4.305000000000001,7.936032444639031,100.0,75.0,0.0,5.069999999999999,3.9476891613133063,1.1223108386866931,00-0038933,Dalton,Kincaid,D.Kincaid,REG,BUF,NE,Dalton Kincaid,KincDa00,0.0,0.0,0.0,105.7
2023,REG,7,00-0034753,M.Andrews,TE,TE,BAL,13671,0618f387-9b72-4270-8b8f-dec4cccc9e4a,17269.0,47436.0,5012.0,,3116365.0,31056.0,,2131121.0,AndrMa00,mark-andrews-1,12559.0,13182.0,366.0,31056.0,820699.0,19803.0,820699.0,Mark Andrews,mark andrews,4,6,63.0,2,0.0,0.0,39.0,33.0,4.0,6.084425,0,1.6153846,0.21428572,0.15789473,0.4319549,Mark Andrews,BAL,5.906000000000001,3.050771952518548,9.13,21.353395182037886,66.66666666666666,63.0,2.0,8.5225,8.72315784638954,-0.20065784638953943,00-0034753,Mark,Andrews,M.Andrews,REG,BAL,DET,Mark Andrews,AndrMa00,0.0,0.0,0.0,141.0
2023,REG,7,00-0033885,D.Njoku,TE,TE,CLE,13192,8f86fcea-90e8-49ea-bc78-5c7659313e57,16399.0,11784.0,4033.0,,3123076.0,30142.0,,2136474.0,NjokDa00,david-njoku-1,11734.0,12186.0,252.0,30142.0,832098.0,18876.0,832098.0,David Njoku,david njoku,5,9,54.0,0,0.0,0.0,23.0,42.0,4.0,3.1082654,0,2.347826,0.25714287,0.08455882,0.44490546,David Njoku,CLE,6.243333333333332,3.157552627321147,5.7477777777777765,17.37363560033585,55.55555555555556,54.0,0.0,8.544,5.365765355938516,3.178234644061485,00-0033885,David,Njoku,D.Njoku,REG,CLE,IND,David Njoku,NjokDa00,1.0,1.0,0.111,73.4
2023,REG,7,00-0039065,S.LaPorta,TE,TE,DET,16214,3059f1e5-1871-4458-9e90-9b9917874c61,22978.0,,10859.0,,4430027.0,40064.0,,3124197.0,LaPoSa01,sam-laporta-1,17033.0,,1429.0,40064.0,0.0,,1168926.0,Sam LaPorta,sam laporta,6,7,52.0,0,0.0,0.0,51.0,13.0,2.0,4.6453533,0,1.0196079,0.14285715,0.14206128,0.3137286,Sam LaPorta,DET,5.618571428571428,2.6583448713704,7.4985714285714264,15.38890029024597,85.71428571428571,52.0,0.0,2.0366666666666675,1.4451408238841428,0.5915258427825247,00-0039065,Sam,LaPorta,S.LaPorta,REG,DET,BAL,Sam LaPorta,LaPoSa01,1.0,0.0,0.0,97.6
2023,REG,7,00-0031260,L.Thomas,TE,TE,WAS,11647,b24625a0-d402-4d59-a778-aa4b073bfe5e,12095.0,8755.0,2251.0,loganthomas/2543767,16813.0,27648.0,,1691193.0,ThomLo00,logan-thomas-1,9323.0,9354.0,,27648.0,507528.0,16656.0,507528.0,Logan Thomas,logan thomas,4,6,51.0,0,0.0,0.0,43.0,34.0,2.0,1.538651,0,1.1860465,0.16666667,0.14191419,0.34933993,Logan Thomas,WAS,4.026666666666666,3.9244704425242625,6.401666666666668,13.157263727605937,66.66666666666666,51.0,0.0,9.512499999999998,9.949643069622198,-0.4371430696222003,00-0031260,Logan,Thomas,L.Thomas,REG,WAS,NYG,Logan Thomas,ThomLo00,0.0,0.0,0.0,93.1
2023,REG,7,00-0033439,P.Brown,TE,TE,NE,13994,6733b953-de77-44e5-acbf-c2d3a0940243,16937.0,12247.0,4443.0,,2971281.0,30627.0,,2819155.0,BrowPh01,,11887.0,12737.0,,30627.0,689689.0,19304.0,689689.0,Pharaoh Brown,pharaoh brown,2,2,51.0,0,0.0,0.0,19.0,32.0,2.0,3.307537,0,2.6842105,0.06666667,0.19,0.233,,,,,,,,,,,,,,,,,REG,NE,BUF,Pharaoh Brown,BrowPh01,0.0,0.0,0.0,118.7
2023,REG,7,00-0033357,T.Hill,TE,TE,NO,13424,3c8a55dd-20a8-4375-b711-49eb5e6e1d0e,17115.0,12112.0,4381.0,,2468609.0,30614.0,,2818935.0,HillTa00,,12063.0,12729.0,150.0,30614.0,503184.0,19238.0,503184.0,Taysom Hill,taysom hill,4,5,50.0,0,0.0,0.0,43.0,13.0,2.0,1.6634827,0,1.1627907,0.094339624,0.12951808,0.23217209,,,,,,,,,,,,,,,,,REG,NO,JAX,Taysom Hill,HillTa00,0.0,0.0,0.0,108.3
2023,REG,7,00-0036970,K.Pitts,TE,TE,ATL,15329,1f3deb24-9ff8-4769-8f42-825eff7742f6,20164.0,83964.0,7553.0,,4360248.0,33392.0,,2964514.0,PittKy00,kyle-pitts-1,15265.0,,1051.0,33392.0,0.0,,1123026.0,Kyle Pitts,kyle pitts,3,5,47.0,0,0.0,0.0,46.0,22.0,1.0,-0.038185146,0,1.0217391,0.2173913,0.23958333,0.49379528,Kyle Pitts,ATL,6.908000000000001,2.093740550160856,9.191999999999998,24.573597818531788,60.0,47.0,0.0,7.193333333333335,5.847502122141274,1.3458312111920607,00-0036970,Kyle,Pitts,K.Pitts,REG,ATL,TB,Kyle Pitts,PittKy00,0.0,0.0,0.0,113.5
2023,REG,7,00-0033881,E.Engram,TE,TE,JAX,13189,e21365af-8d66-416e-b0a5-8816d18fcfd9,16411.0,11778.0,4066.0,,3051876.0,30136.0,,2079887.0,EngrEv00,evan-engram-1,11805.0,12205.0,229.0,30136.0,749185.0,18912.0,749185.0,Evan Engram,evan engram,5,7,45.0,0,0.0,0.0,34.0,35.0,2.0,0.14841264,0,1.3235294,0.23333333,0.17801048,0.47460732,Evan Engram,JAX,7.38,4.12826370344663,3.7542857142857144,14.84410302756439,71.42857142857143,45.0,0.0,7.203999999999998,6.127549811477502,1.0764501885224957,00-0033881,Evan,Engram,E.Engram,REG,JAX,NO,Evan Engram,EngrEv00,0.0,0.0,0.0,88.4
2023,REG,7,00-0038129,C.Otton,TE,TE,TB,15802,f23517bd-ae85-484a-8ecb-1f7a2d851e48,23181.0,,8111.0,,4243331.0,34062.0,,2815179.0,OttoCa00,cade-otton-1,16032.0,,1261.0,34062.0,0.0,,1049263.0,Cade Otton,cade otton,5,6,43.0,0,0.0,0.0,42.0,16.0,3.0,-0.25973645,0,1.0238096,0.14634146,0.13770492,0.31590563,Cade Otton,TB,4.8260000000000005,2.0980098163616687,6.436666666666667,13.13828882463004,83.33333333333334,43.0,0.0,3.5279999999999987,2.599727044937481,0.9282729550625177,00-0038129,Cade,Otton,C.Otton,REG,TB,ATL,Cade Otton,OttoCa00,0.0,0.0,0.0,56.9
2023,REG,7,00-0034981,F.Moreau,TE,TE,NO,14239,9c3a67fd-5c6e-4689-9e08-9ff6d4db6c9a,18397.0,47043.0,5985.0,,3843945.0,31969.0,,2180634.0,MoreFo00,foster-moreau-1,13822.0,14154.0,179.0,31969.0,865573.0,20884.0,865573.0,Foster Moreau,foster moreau,3,4,33.0,0,0.0,0.0,24.0,15.0,1.0,-0.32680818,0,1.375,0.0754717,0.072289154,0.16380996,,,,,,,,,,,,,,,,,REG,NO,JAX,Foster Moreau,MoreFo00,0.0,1.0,0.25,99.0
2023,REG,7,00-0039144,L.Musgrave,TE,TE,GB,16215,77a4fb49-3c6c-4aa1-8a21-20956e2d2240,25282.0,,9481.0,,4428085.0,40074.0,,3129283.0,MusgLu00,luke-musgrave-1,16663.0,,1430.0,40074.0,0.0,,1179790.0,Luke Musgrave,luke musgrave,4,5,30.0,0,0.0,0.0,18.0,16.0,2.0,1.5560989,0,1.6666666,0.15625,0.08144797,0.29138857,Luke Musgrave,GB,3.5839999999999996,3.6831267624324027,3.692,8.286201633898914,80.0,30.0,0.0,3.9825,3.8054808435054746,0.17701915649452538,00-0039144,Luke,Musgrave,L.Musgrave,REG,GB,DEN,Luke Musgrave,MusgLu00,0.0,0.0,0.0,91.7
2023,REG,7,00-0037744,T.McBride,TE,TE,ARI,15794,734d54cc-c869-4e2f-a60f-c59c493f5110,22936.0,,8130.0,,4361307.0,34010.0,,2963385.0,McBrTr01,trey-mcbride-1,15902.0,,1253.0,34010.0,0.0,,1108161.0,Trey McBride,trey mcbride,3,6,29.0,0,0.0,0.0,26.0,27.0,1.0,-0.674081,0,1.1153846,0.18181819,0.13903743,0.37005347,Trey McBride,ARI,4.675000000000001,3.359479017723025,3.1766666666666663,8.812650268170888,50.0,29.0,0.0,9.766666666666666,8.091843750783633,1.6748229158830323,00-0037744,Trey,McBride,T.McBride,REG,ARI,SEA,Trey McBride,McBrTr01,0.0,0.0,0.0,63.9
2023,REG,7,00-0033090,H.Henry,TE,TE,NE,12676,705899da-3c20-4bc3-b5d0-2e6e40655131,15561.0,10669.0,3214.0,,3046439.0,29269.0,,2079848.0,HenrHu00,hunter-henry-1,10735.0,11299.0,212.0,29269.0,744425.0,17975.0,744425.0,Hunter Henry,hunter henry,2,3,27.0,0,0.0,0.0,29.0,1.0,2.0,1.981296,0,0.9310345,0.1,0.29,0.353,,,,,,,,,,,,,,,,,REG,NE,BUF,Hunter Henry,HenrHu00,0.0,0.0,0.0,95.1
2023,REG,7,00-0033858,J.Smith,TE,TE,ATL,13193,e4f25a37-74de-4bfb-b6c9-f50a4fab0b87,16460.0,11855.0,4144.0,,3054212.0,30213.0,,2081506.0,SmitJo01,jonnu-smith-1,11807.0,12344.0,84.0,30213.0,743749.0,18990.0,743749.0,Jonnu Smith,jonnu smith,3,3,27.0,0,0.0,0.0,21.0,6.0,2.0,1.9943229,0,1.2857143,0.13043478,0.109375,0.27221468,,,,,,,,,,,,,,,,,REG,ATL,TB,Jonnu Smith,SmitJo01,0.0,0.0,0.0,104.2
2023,REG,7,00-0033895,G.Everett,TE,TE,LAC,13236,ebeceb00-57e0-4b74-9cf7-853da2afed18,16459.0,11799.0,4089.0,,3918639.0,30157.0,,2142692.0,EverGe00,gerald-everett-1,11737.0,12284.0,55.0,30157.0,838487.0,18935.0,838487.0,Gerald Everett,gerald everett,3,4,26.0,1,0.0,0.0,23.0,11.0,2.0,2.4841228,0,1.1304348,0.13333334,0.07098766,0.24969135,,,,,,,,,,,,,,,,,REG,LAC,KC,Gerald Everett,EverGe00,0.0,0.0,0.0,131.2
2023,REG,7,00-0036244,C.Parkinson,TE,TE,SEA,14871,1ea7affb-e5e7-491a-aaa3-55e200b2eb48,19372.0,52266.0,6865.0,,4242557.0,32803.0,,2867522.0,ParkCo02,colby-parkinson-1,14463.0,,565.0,32803.0,0.0,21807.0,1060312.0,Colby Parkinson,colby parkinson,2,2,26.0,0,0.0,0.0,23.0,3.0,1.0,0.13800192,0,1.1304348,0.083333336,0.10043668,0.19530568,,,,,,,,,,,,,,,,,REG,SEA,ARI,Colby Parkinson,ParkCo02,0.0,0.0,0.0,118.7
2023,REG,7,00-0035644,N.Fant,TE,TE,SEA,14137,cdc98acc-9eb6-4b44-81bb-61d7b8a3b55f,17527.0,42388.0,5857.0,,4036131.0,31852.0,,2251095.0,FantNo00,noah-fant-1,13426.0,14050.0,243.0,31852.0,923911.0,20753.0,923911.0,Noah Fant,noah fant,1,1,25.0,0,0.0,0.0,25.0,0.0,1.0,1.3929256,0,1.0,0.041666668,0.1091703,0.13891922,,,,,,,,,,,,,,,,,REG,SEA,ARI,Noah Fant,FantNo00,0.0,0.0,0.0,118.7
2023,REG,7,00-0037304,C.Heyward,TE,TE,PIT,15800,62e96d7c-e4dd-4a90-8c3a-8017eb69120d,24562.0,,8181.0,,4241961.0,34163.0,,2867599.0,HeywCo00,connor-heyward-1,15916.0,,,34163.0,0.0,,1057457.0,Connor Heyward,connor heyward,2,3,23.0,0,0.0,0.0,25.0,12.0,1.0,0.8533966,0,0.92,0.13043478,0.12195122,0.28101802,,,,,,,,,,,,,,,,,REG,PIT,LA,Connor Heyward,HeywCo00,0.0,0.0,0.0,89.6
2023,REG,7,00-0030061,Z.Ertz,TE,TE,ARI,11247,de3421f7-2147-4835-89a5-724e87bad463,11689.0,7816.0,1339.0,zachertz/2540158,15835.0,26658.0,,1685963.0,ErtzZa00,zach-ertz-1,8781.0,8409.0,305.0,26658.0,503177.0,14856.0,503177.0,Zach Ertz,zach ertz,3,4,19.0,0,0.0,0.0,24.0,3.0,1.0,-0.28992134,0,0.7916667,0.121212125,0.12834224,0.27165776,,,,,,,,,,,,,,,,,REG,ARI,SEA,Zach Ertz,ErtzZa00,0.0,1.0,0.25,84.4
2023,REG,7,00-0032392,A.Hooper,TE,TE,LV,12677,90c2a93f-d837-4e1b-b57c-56648903a8db,15581.0,10715.0,3202.0,,3043275.0,29315.0,,2067004.0,HoopAu00,austin-hooper-1,10748.0,11301.0,384.0,29315.0,739424.0,17963.0,739424.0,Austin Hooper,austin hooper,2,2,18.0,0,0.0,0.0,4.0,14.0,1.0,0.60715646,0,4.5,0.044444446,0.012383901,0.0753354,,,,,,,,,,,,,,,,,REG,LV,CHI,Austin Hooper,HoopAu00,0.0,0.0,0.0,104.2
2023,REG,7,00-0024243,M.Lewis,TE,TE,CHI,8269,9c21e9af-681c-41ef-9b00-fbc9e1668ed1,9413.0,2973.0,111.0,marcedeslewis/2495888,9614.0,7777.0,4007.0,415313.0,LewiMa00,marcedes-lewis-1,4891.0,3615.0,,7777.0,214197.0,3061.0,214197.0,Marcedes Lewis,marcedes lewis,1,1,16.0,0,0.0,0.0,5.0,11.0,1.0,1.4372238,0,3.2,0.03448276,0.094339624,0.11776187,,,,,,,,,,,,,,,,,REG,CHI,LV,Marcedes Lewis,LewiMa00,0.0,0.0,0.0,118.7
2023,REG,7,00-0039066,M.Mayer,TE,TE,LV,16212,31f4645a-7ccb-4633-8580-2fca361beb4f,23056.0,,9482.0,,4429086.0,40065.0,,3171673.0,MayeMi00,michael-mayer-1,16666.0,,1427.0,40065.0,0.0,,1232592.0,Michael Mayer,michael mayer,2,4,13.0,0,0.0,0.0,35.0,6.0,1.0,-0.7583135,0,0.37142858,0.08888889,0.108359136,0.20918472,,,,,,,,,,,,,,,,,REG,LV,CHI,Michael Mayer,MayeMi00,0.0,0.0,0.0,57.3
2023,REG,7,00-0034073,R.Dwelley,TE,TE,SF,13988,70473218-5ae3-47b4-86fd-151e68f1e8b9,17886.0,20994.0,5285.0,,3120303.0,31329.0,,2924888.0,DwelRo00,,13030.0,13522.0,,31329.0,752665.0,20361.0,752665.0,Ross Dwelley,ross dwelley,1,1,12.0,0,0.0,0.0,0.0,12.0,1.0,0.9765644,0,0.0,0.03448276,0.0,0.05172414,,,,,,,,,,,,,,,,,REG,SF,MIN,Ross Dwelley,DwelRo00,0.0,0.0,0.0,116.7
2023,REG,7,00-0035689,D.Knox,TE,TE,BUF,14143,5fb525c5-4e70-4ede-8c49-94ad0cf66b7d,18631.0,35883.0,5906.0,,3930086.0,31928.0,,2186345.0,KnoxDa00,dawson-knox-1,13466.0,13953.0,88.0,31928.0,884083.0,20850.0,884083.0,Dawson Knox,dawson knox,1,3,10.0,0,0.0,0.0,31.0,8.0,1.0,-6.538787,1,0.32258064,0.07692308,0.072093025,0.16584973,,,,,,,,,,,,,,,,,REG,BUF,NE,Dawson Knox,KnoxDa00,0.0,0.0,0.0,4.2
2023,REG,7,00-0035329,D.Parham,TE,TE,LAC,14341,4f246e92-3d21-450f-977a-dc16892c7238,18835.0,91014.0,6074.0,,3912092.0,32456.0,,2183713.0,ParhDo00,,13602.0,14320.0,,32456.0,875649.0,20905.0,875649.0,Donald Parham,donald parham,1,3,9.0,0,0.0,0.0,29.0,2.0,1.0,-2.8163378,0,0.31034482,0.1,0.08950617,0.21265432,,,,,,,,,,,,,,,,,REG,LAC,KC,Donald Parham,ParhDo00,0.0,0.0,0.0,2.8
2023,REG,7,00-0032141,G.Swaim,TE,TE,ARI,12378,d0f9112d-2496-450a-9fc5-d2d01b4d2454,14164.0,9679.0,2545.0,geoffswaim/2553454,3046704.0,28634.0,,2174207.0,SwaiGe00,geoff-swaim-1,10507.0,10617.0,,28634.0,728021.0,17005.0,728021.0,Geoff Swaim,geoff swaim,1,1,8.0,0,0.0,0.0,5.0,3.0,0.0,0.8235725,0,1.6,0.030303031,0.026737968,0.06417112,,,,,,,,,,,,,,,,,REG,ARI,SEA,Geoff Swaim,SwaiGe00,0.0,0.0,0.0,100.0
2023,REG,7,00-0036637,N.Gray,TE,TE,KC,15337,c97dfcb6-b999-476f-8487-f3848e92df17,19539.0,60878.0,7828.0,,4240472.0,33550.0,,2866903.0,GrayNo00,noah-gray-1,15459.0,,1059.0,33550.0,0.0,,1056981.0,Noah Gray,noah gray,1,1,8.0,0,0.0,0.0,7.0,1.0,0.0,0.6305402,0,1.1428572,0.025,0.02153846,0.052576922,,,,,,,,,,,,,,,,,REG,KC,LAC,Noah Gray,GrayNo00,0.0,0.0,0.0,100.0
2023,REG,7,00-0032062,B.Bell,TE,TE,KC,12213,0cc4e449-185a-4b08-9f07-c907ad0c3e05,13966.0,9550.0,2422.0,,2514206.0,28505.0,,1737101.0,BellBl00,blake-bell-1,10248.0,10366.0,,28505.0,542871.0,16878.0,542871.0,Blake Bell,blake bell,1,1,7.0,0,1.0,1.0,6.0,1.0,0.0,-4.4698625,0,1.1666666,0.025,0.018461538,0.05042308,,,,,,,,,,,,,,,,,REG,KC,LAC,Blake Bell,BellBl00,0.0,0.0,0.0,95.8
2023,REG,7,00-0033110,T.Higbee,TE,TE,LA,12678,0df7912d-9e81-47ea-b4f7-d04986df4ee8,15623.0,10744.0,3271.0,,2573401.0,29344.0,,1853103.0,HigbTy00,tyler-higbee-1,10854.0,11430.0,159.0,29344.0,604176.0,18032.0,604176.0,Tyler Higbee,tyler higbee,1,3,7.0,0,0.0,0.0,24.0,3.0,1.0,0.40798762,0,0.29166666,0.11111111,0.110091746,0.24373089,,,,,,,,,,,,,,,,,REG,LA,PIT,Tyler Higbee,HigbTy00,0.0,1.0,0.333,42.4
2023,REG,7,00-0035249,J.Oliver,TE,TE,MIN,14209,dc83f7af-7b30-4c4a-9c93-f67bd8db954b,18487.0,47083.0,5973.0,,3921690.0,31901.0,,2184618.0,OlivJo00,josh-oliver-1,13786.0,14127.0,7.0,31901.0,881779.0,20899.0,881779.0,Josh Oliver,josh oliver,2,2,6.0,0,0.0,0.0,2.0,4.0,0.0,-0.2285437,0,3.0,0.046511628,0.007843138,0.07525764,,,,,,,,,,,,,,,,,REG,MIN,SF,Josh Oliver,OlivJo00,0.0,0.0,0.0,79.2
2023,REG,7,00-0034829,M.Gesicki,TE,TE,NE,13672,1012cbe0-7eba-4169-bfca-183a0204e1a7,17272.0,47153.0,4993.0,,3116164.0,31012.0,,2139298.0,GesiMi00,mike-gesicki-1,12764.0,13104.0,330.0,31012.0,836152.0,19853.0,836152.0,Mike Gesicki,mike gesicki,2,2,5.0,1,0.0,0.0,3.0,2.0,1.0,2.322301,0,1.6666666,0.06666667,0.03,0.121,,,,,,,,,,,,,,,,,REG,NE,BUF,Mike Gesicki,GesiMi00,0.0,0.0,0.0,118.7
2023,REG,7,00-0036422,A.Trautman,TE,TE,DEN,14870,4e14183b-f974-4745-9d7f-8f5eb2a92a7d,19423.0,109795.0,6869.0,,3911853.0,32775.0,,2182228.0,TrauAd00,,14541.0,,566.0,32775.0,0.0,21786.0,875444.0,Adam Trautman,adam trautman,1,2,5.0,0,0.0,0.0,34.0,4.0,0.0,-1.4003855,0,0.14705883,0.083333336,0.22077923,0.27954546,,,,,,,,,,,,,,,,,REG,DEN,GB,Adam Trautman,TrauAd00,0.0,0.0,0.0,56.2
2023,REG,7,00-0036424,B.Hopkins,TE,TE,LA,14868,39cb1520-dda8-4167-95c4-4947c8383bc4,19234.0,47338.0,6926.0,,3918003.0,32806.0,,2183906.0,HopkBr01,brycen-hopkins-1,14586.0,,,32806.0,0.0,21678.0,880294.0,Brycen Hopkins,brycen hopkins,1,1,5.0,0,0.0,0.0,1.0,4.0,0.0,-0.35327873,0,5.0,0.037037037,0.0045871558,0.058766566,,,,,,,,,,,,,,,,,REG,LA,PIT,Brycen Hopkins,HopkBr01,0.0,0.0,0.0,87.5
2023,REG,7,00-0037475,S.Smartt,TE,TE,LAC,16113,6ee105f0-ca2e-11ec-be96-e90abdfa0fef,24621.0,,8583.0,,4250764.0,34637.0,,2864800.0,SmarSt00,,16321.0,,,34637.0,0.0,,1056865.0,Stone Smartt,stone smartt,1,1,5.0,0,0.0,0.0,4.0,1.0,0.0,-0.045935933,0,1.25,0.033333335,0.012345679,0.058641974,,,,,,,,,,,,,,,,,REG,LAC,KC,Stone Smartt,SmarSt00,0.0,0.0,0.0,87.5
2023,REG,7,00-0035562,J.Horsted,TE,TE,LV,14752,48c56733-6644-42ee-9020-07bd2deba1ad,18482.0,91465.0,6075.0,,3940587.0,32576.0,,3117107.0,,,13639.0,,,32576.0,0.0,20812.0,881708.0,Jesper Horsted,jesper horsted,1,1,4.0,0,0.0,0.0,2.0,2.0,0.0,-0.21012102,0,2.0,0.022222223,0.0061919503,0.0376677,,,,,,,,,,,,,,,,,,,,,,,,,
2023,REG,7,00-0038783,N.Adkins,TE,TE,DEN,16474,bcd0ae60-f31c-11ed-819c-fd03d0cc2698,25881.0,,11433.0,,4383440.0,40702.0,,2977285.0,AdkiNa00,,16992.0,,,40702.0,0.0,,1132517.0,Nate Adkins,nate adkins,1,1,3.0,0,0.0,0.0,-3.0,6.0,0.0,-0.4529613,0,0.0,0.041666668,-0.019480519,0.04886364,,,,,,,,,,,,,,,,,REG,DEN,GB,Nate Adkins,AdkiNa00,0.0,0.0,0.0,79.2
2023,REG,7,00-0038809,B.Sims,TE,TE,GB,16483,cef32a80-e761-11ed-ac46-e3b4ebd723e5,25349.0,,11082.0,,4373030.0,40335.0,,2964709.0,SimsBe00,,17012.0,,,40335.0,0.0,,1129452.0,Ben Sims,ben sims,1,1,2.0,0,0.0,0.0,0.0,2.0,1.0,1.7517474,0,0.0,0.03125,0.0,0.046875,,,,,,,,,,,,,,,,,REG,GB,DEN,Ben Sims,SimsBe00,0.0,0.0,0.0,79.2
2023,REG,7,00-0036232,H.Bryant,TE,TE,CLE,14875,f58a5899-8b78-46e8-a29a-ba6273b7d872,19389.0,26394.0,6850.0,,4040774.0,32785.0,,2241240.0,BryaHa00,harrison-bryant-1,14576.0,,752.0,32785.0,0.0,21783.0,916467.0,Harrison Bryant,harrison bryant,0,1,0.0,0,0.0,0.0,-1.0,0.0,0.0,-0.5638219,0,0.0,0.028571429,-0.0036764706,0.040283613,,,,,,,,,,,,,,,,,REG,CLE,IND,Harrison Bryant,BryaHa00,0.0,0.0,0.0,39.6
2023,REG,7,00-0036628,J.Bates,TE,TE,WAS,15344,3208880b-949f-4926-85eb-1940770550ea,22833.0,42275.0,7716.0,,4048228.0,33512.0,,2257291.0,BateJo00,john-bates-1,15289.0,,,33512.0,0.0,,944038.0,John Bates,john bates,0,1,0.0,0,0.0,0.0,11.0,0.0,0.0,-0.8551955,0,0.0,0.027777778,0.036303632,0.06707921,,,,,,,,,,,,,,,,,REG,WAS,NYG,John Bates,BateJo00,0.0,0.0,0.0,39.6
2023,REG,7,00-0038394,W.Mallory,TE,TE,IND,16220,5d4a5e4f-7c74-4b4c-b8e5-33bb831e3057,23821.0,,10220.0,,4362523.0,40180.0,,2962073.0,MallWi00,will-mallory-1,17014.0,,1435.0,,0.0,,1121873.0,Will Mallory,will mallory,0,1,0.0,0,0.0,0.0,6.0,0.0,0.0,-0.5198424,0,0.0,0.045454547,0.02764977,0.087536655,,,,,,,,,,,,,,,,,REG,IND,CLE,Will Mallory,MallWi00,0.0,0.0,0.0,39.6
2023,REG,7,00-0039041,E.Higgins,TE,TE,ARI,16333,a01b7698-d67f-4b60-b2fb-4c667336b718,23119.0,,10231.0,,4426844.0,40226.0,,3122914.0,HiggEl00,elijah-higgins-1,16959.0,,1469.0,40226.0,0.0,,1161853.0,Elijah Higgins,elijah higgins,1,1,0.0,0,0.0,0.0,0.0,0.0,0.0,-0.47072545,0,,0.030303031,0.0,0.045454547,,,,,,,,,,,,,,,,,REG,ARI,SEA,Elijah Higgins,HiggEl00,0.0,0.0,0.0,79.2
2023,REG,7,00-0039050,P.Durham,TE,TE,TB,16218,c4a8b4c9-5db8-4187-852b-9557bef8724e,25346.0,,10227.0,,4372505.0,40193.0,,2968469.0,DurhPa00,payne-durham-1,16720.0,,,40193.0,0.0,,1130260.0,Payne Durham,payne durham,0,1,0.0,0,0.0,0.0,5.0,0.0,0.0,-0.76761323,0,0.0,0.024390243,0.016393442,0.048060775,,,,,,,,,,,,,,,,,REG,TB,ATL,Payne Durham,DurhPa00,0.0,1.0,1.0,39.6
2023,REG,7,00-0033217,M.Alie-Cox,TE,TE,IND,13246,8809c0dd-786b-4255-a7d0-333c9498c19a,16579.0,12078.0,4054.0,moalie-cox/2558832,2998565.0,30112.0,,2815925.0,AlieMo00,,12196.0,12221.0,195.0,30112.0,712506.0,18900.0,712506.0,Mo Alie-Cox,mo alie-cox,1,1,-6.0,0,0.0,0.0,-6.0,0.0,0.0,-1.6683811,0,0.0,0.045454547,-0.02764977,0.048826978,,,,,,,,,,,,,,,,,REG,IND,CLE,Mo Alie-Cox,AlieMo00,0.0,0.0,0.0,79.2
2023,REG,8,00-0033288,G.Kittle,TE,TE,SF,13299,2ada91b0-036e-454f-83c3-6d939ff584a9,16499.0,11901.0,4217.0,,3040151.0,30259.0,,2818265.0,KittGe00,george-kittle-1,11892.0,12276.0,298.0,30259.0,733672.0,19063.0,733672.0,George Kittle,george kittle,9,11,149.0,0,0.0,0.0,105.0,59.0,6.0,7.1724463,0,1.4190476,0.36666667,0.4054054,0.8337838,George Kittle,SF,4.983333333333333,3.665227148221666,9.283636363636363,37.56897947170921,81.81818181818183,149.0,0.0,6.82888888888889,4.761873127244409,2.0670157616444804,00-0033288,George,Kittle,G.Kittle,REG,SF,CIN,George Kittle,KittGe00,0.0,1.0,0.091,118.7
2023,REG,8,00-0037744,T.McBride,TE,TE,ARI,15794,734d54cc-c869-4e2f-a60f-c59c493f5110,22936.0,,8130.0,,4361307.0,34010.0,,2963385.0,McBrTr01,trey-mcbride-1,15902.0,,1253.0,34010.0,0.0,,1108161.0,Trey McBride,trey mcbride,10,14,95.0,1,0.0,0.0,117.0,26.0,5.0,1.2602007,0,0.8119658,0.3888889,0.45173746,0.89954954,Trey McBride,ARI,4.348181818181818,2.7033644774111325,7.939285714285715,40.518372703412076,71.42857142857143,95.0,1.0,2.7089999999999996,2.5028368016224753,0.20616319837752428,00-0037744,Trey,McBride,T.McBride,REG,ARI,BAL,Trey McBride,McBrTr01,2.0,0.0,0.0,83.9
2023,REG,8,00-0033881,E.Engram,TE,TE,JAX,13189,e21365af-8d66-416e-b0a5-8816d18fcfd9,16411.0,11778.0,4066.0,,3051876.0,30136.0,,2079887.0,EngrEv00,evan-engram-1,11805.0,12205.0,229.0,30136.0,749185.0,18912.0,749185.0,Evan Engram,evan engram,10,10,88.0,0,1.0,1.0,33.0,63.0,4.0,-0.12407211,0,2.6666667,0.3125,0.15348837,0.57619184,Evan Engram,JAX,6.054444444444444,3.0076484552691256,3.5779999999999985,16.40983305815446,100.0,88.0,0.0,6.056,3.859134957774529,2.196865042225471,00-0033881,Evan,Engram,E.Engram,REG,JAX,PIT,Evan Engram,EngrEv00,0.0,0.0,0.0,103.3
2023,REG,8,00-0035229,T.Hockenson,TE,TE,MIN,14138,bd1120b6-38b3-4225-a4b0-20660a149d0d,18290.0,40912.0,5844.0,,4036133.0,31840.0,,2251097.0,HockTJ00,tj-hockenson-1,13610.0,14051.0,247.0,31840.0,923915.0,20805.0,923915.0,T.J. Hockenson,tj hockenson,6,9,88.0,1,0.0,0.0,86.0,18.0,5.0,6.2804837,0,1.0232558,0.2647059,0.40186915,0.67836726,T.J. Hockenson,MIN,3.6750000000000003,2.4316072476509882,10.035555555555554,39.01511879049675,66.66666666666666,88.0,1.0,3.841666666666667,2.8042706270735303,1.0373960395931365,00-0035229,Thomas,Hockenson,T.Hockenson,REG,MIN,GB,T.J. Hockenson,HockTJ00,2.0,1.0,0.111,135.4
2023,REG,8,00-0036290,C.Kmet,TE,TE,CHI,14867,036feeb6-9a22-43c5-a8e3-7ac611d8ff49,19229.0,60995.0,6826.0,,4258595.0,32713.0,,2868619.0,KmetCo00,cole-kmet-1,14436.0,,569.0,32713.0,0.0,21772.0,1066765.0,Cole Kmet,cole kmet,10,10,79.0,0,0.0,0.0,53.0,26.0,4.0,4.0177712,0,1.490566,0.27027026,0.20866142,0.5514684,Cole Kmet,CHI,9.291428571428572,3.9892228017220233,5.080000000000002,18.839236046727244,100.0,79.0,0.0,2.819999999999998,2.6278274830213944,0.1921725169786037,00-0036290,Cole,Kmet,C.Kmet,REG,CHI,LAC,Cole Kmet,KmetCo00,0.0,0.0,0.0,99.6
2023,REG,8,00-0033885,D.Njoku,TE,TE,CLE,13192,8f86fcea-90e8-49ea-bc78-5c7659313e57,16399.0,11784.0,4033.0,,3123076.0,30142.0,,2136474.0,NjokDa00,david-njoku-1,11734.0,12186.0,252.0,30142.0,832098.0,18876.0,832098.0,David Njoku,david njoku,4,8,77.0,1,0.0,0.0,45.0,76.0,2.0,-1.7314559,0,1.7111111,0.26666668,0.17110266,0.5197719,David Njoku,CLE,4.13875,2.4736945549195943,7.411249999999999,24.563947466545137,50.0,77.0,1.0,18.9575,10.06394370530461,8.89355629469539,00-0033885,David,Njoku,D.Njoku,REG,CLE,SEA,David Njoku,NjokDa00,0.0,0.0,0.0,83.9
2023,REG,8,00-0038933,D.Kincaid,TE,TE,BUF,16213,b961fa15-0676-4948-b95f-56d06319d40e,25247.0,,10236.0,,4385690.0,40048.0,,2982991.0,KincDa00,dalton-kincaid-1,16697.0,,1428.0,40048.0,0.0,,1135513.0,Dalton Kincaid,dalton kincaid,5,7,65.0,1,0.0,0.0,36.0,27.0,3.0,-2.5235367,0,1.8055556,0.17948718,0.15319149,0.3764648,Dalton Kincaid,BUF,5.159999999999999,2.413878724122603,4.75,15.011964422773035,71.42857142857143,65.0,1.0,5.916,4.870296242550199,1.0457037574498012,00-0038933,Dalton,Kincaid,D.Kincaid,REG,BUF,TB,Dalton Kincaid,KincDa00,0.0,0.0,0.0,100.3
2023,REG,8,00-0030506,T.Kelce,TE,TE,KC,11244,c3859e06-5f23-4302-a71b-04820a899d5f,11594.0,7844.0,1466.0,traviskelce/2540258,15847.0,26686.0,,1725130.0,KelcTr00,travis-kelce-1,8783.0,8411.0,264.0,26686.0,448240.0,15048.0,448240.0,Travis Kelce,travis kelce,6,9,58.0,0,0.0,0.0,43.0,41.0,4.0,-0.26310393,0,1.3488373,0.24324325,0.16666667,0.48153153,Travis Kelce,KC,7.565,2.5020257140500717,5.938888888888887,19.598855969492522,66.66666666666666,58.0,0.0,6.95666666666667,7.240839067911963,-0.28417240124529375,00-0030506,Travis,Kelce,T.Kelce,REG,KC,DEN,Travis Kelce,KelcTr00,0.0,1.0,0.111,44.9
2023,REG,8,00-0039065,S.LaPorta,TE,TE,DET,16214,3059f1e5-1871-4458-9e90-9b9917874c61,22978.0,,10859.0,,4430027.0,40064.0,,3124197.0,LaPoSa01,sam-laporta-1,17033.0,,1429.0,40064.0,0.0,,1168926.0,Sam LaPorta,sam laporta,8,10,57.0,1,0.0,0.0,49.0,31.0,4.0,3.2692113,0,1.1632653,0.29411766,0.3223684,0.66683435,Sam LaPorta,DET,6.471428571428571,5.129515445683735,4.806000000000001,31.185516838621773,80.0,57.0,1.0,3.9412499999999993,5.040586612643779,-1.0993366126437794,00-0039065,Sam,LaPorta,S.LaPorta,REG,DET,LV,Sam LaPorta,LaPoSa01,0.0,1.0,0.1,123.7
2023,REG,8,00-0038041,J.Ferguson,TE,TE,DAL,15799,f46eab3d-d7dd-4420-b3f9-6da9ac1308ab,22718.0,,8110.0,,4242355.0,34085.0,,2867159.0,FergJa00,jake-ferguson-1,15947.0,,1258.0,34085.0,0.0,,1065361.0,Jake Ferguson,jake ferguson,4,4,47.0,1,0.0,0.0,24.0,23.0,3.0,3.38531,0,1.9583334,0.11764706,0.081911266,0.23380847,,,,,,,,,,,,,,,,,REG,DAL,LA,Jake Ferguson,FergJa00,0.0,0.0,0.0,155.2
2023,REG,8,00-0033110,T.Higbee,TE,TE,LA,12678,0df7912d-9e81-47ea-b4f7-d04986df4ee8,15623.0,10744.0,3271.0,,2573401.0,29344.0,,1853103.0,HigbTy00,tyler-higbee-1,10854.0,11430.0,159.0,29344.0,604176.0,18032.0,604176.0,Tyler Higbee,tyler higbee,5,7,45.0,0,0.0,0.0,65.0,22.0,2.0,-1.0758859,0,0.6923077,0.21875,0.31707317,0.55007625,Tyler Higbee,LAR,6.598571428571428,4.2311095896546576,7.977142857142857,25.4918968272084,71.42857142857143,45.0,0.0,5.07,4.213987195363926,0.856012804636074,00-0033110,Tyler,Higbee,T.Higbee,REG,LA,DAL,Tyler Higbee,HigbTy00,0.0,1.0,0.143,88.4
2023,REG,8,00-0031260,L.Thomas,TE,TE,WAS,11647,b24625a0-d402-4d59-a778-aa4b073bfe5e,12095.0,8755.0,2251.0,loganthomas/2543767,16813.0,27648.0,,1691193.0,ThomLo00,logan-thomas-1,9323.0,9354.0,,27648.0,507528.0,16656.0,507528.0,Logan Thomas,logan thomas,6,8,44.0,1,0.0,0.0,53.0,27.0,3.0,2.1116645,0,0.8301887,0.15686275,0.13520408,0.32993698,Logan Thomas,WAS,3.8683333333333336,2.403437385734008,6.178750000000001,12.548870271642551,75.0,44.0,1.0,4.699999999999999,3.974105590117233,0.7258944098827662,00-0031260,Logan,Thomas,L.Thomas,REG,WAS,PHI,Logan Thomas,ThomLo00,1.0,0.0,0.0,127.1
2023,REG,8,00-0035329,D.Parham,TE,TE,LAC,14341,4f246e92-3d21-450f-977a-dc16892c7238,18835.0,91014.0,6074.0,,3912092.0,32456.0,,2183713.0,ParhDo00,,13602.0,14320.0,,32456.0,875649.0,20905.0,875649.0,Donald Parham,donald parham,4,5,43.0,1,0.0,0.0,13.0,35.0,4.0,5.579759,0,3.3076923,0.13157895,0.0726257,0.2482064,Donald Parham,LAC,7.18,3.648550547601643,3.066000000000001,8.186041544294335,80.0,43.0,1.0,8.532499999999999,7.221494981853084,1.3110050181469148,00-0035329,Donald,Parham,D.Parham,REG,LAC,CHI,Donald Parham,ParhDo00,1.0,0.0,0.0,142.1
2023,REG,8,00-0034753,M.Andrews,TE,TE,BAL,13671,0618f387-9b72-4270-8b8f-dec4cccc9e4a,17269.0,47436.0,5012.0,,3116365.0,31056.0,,2131121.0,AndrMa00,mark-andrews-1,12559.0,13182.0,366.0,31056.0,820699.0,19803.0,820699.0,Mark Andrews,mark andrews,4,5,40.0,1,0.0,0.0,24.0,19.0,4.0,6.0585613,0,1.6666666,0.1923077,0.15483871,0.39684865,Mark Andrews,BAL,4.895999999999999,2.8244634791518104,6.476000000000001,18.61989649223692,80.0,40.0,1.0,4.889999999999999,3.9248108582778514,0.9651891417221474,00-0034753,Mark,Andrews,M.Andrews,REG,BAL,ARI,Mark Andrews,AndrMa00,0.0,0.0,0.0,139.6
2023,REG,8,00-0034351,D.Goedert,TE,TE,PHI,13674,e8029983-87cf-49a2-bc04-04c8233a0630,17270.0,47272.0,5022.0,,3121023.0,31019.0,,2132551.0,GoedDa00,,12860.0,13151.0,382.0,31019.0,791365.0,19863.0,791365.0,Dallas Goedert,dallas goedert,4,7,36.0,0,0.0,0.0,25.0,23.0,3.0,-0.26292118,0,1.44,0.2,0.09259259,0.36481482,Dallas Goedert,PHI,6.2299999999999995,2.857009720017482,3.4542857142857124,8.963855421686743,57.14285714285714,36.0,0.0,5.665000000000003,5.280283583214214,0.38471641678578905,00-0034351,Dallas,Goedert,D.Goedert,REG,PHI,WAS,Dallas Goedert,GoedDa00,0.0,0.0,0.0,71.1
2023,REG,8,00-0036970,K.Pitts,TE,TE,ATL,15329,1f3deb24-9ff8-4769-8f42-825eff7742f6,20164.0,83964.0,7553.0,,4360248.0,33392.0,,2964514.0,PittKy00,kyle-pitts-1,15265.0,,1051.0,33392.0,0.0,,1123026.0,Kyle Pitts,kyle pitts,3,5,35.0,0,0.0,0.0,60.0,9.0,3.0,2.09231,0,0.5833333,0.15151516,0.19607843,0.36452764,Kyle Pitts,ATL,5.9719999999999995,2.1083076839702937,11.852,18.47084125549356,60.0,35.0,0.0,3.643333333333333,2.713695168325254,0.9296381650080789,00-0036970,Kyle,Pitts,K.Pitts,REG,ATL,TEN,Kyle Pitts,PittKy00,0.0,0.0,0.0,81.2
2023,REG,8,00-0033439,P.Brown,TE,TE,NE,13994,6733b953-de77-44e5-acbf-c2d3a0940243,16937.0,12247.0,4443.0,,2971281.0,30627.0,,2819155.0,BrowPh01,,11887.0,12737.0,,30627.0,689689.0,19304.0,689689.0,Pharaoh Brown,pharaoh brown,2,2,33.0,0,0.0,0.0,17.0,16.0,1.0,2.7593677,0,1.9411764,0.071428575,0.09497207,0.17362331,,,,,,,,,,,,,,,,,REG,NE,MIA,Pharaoh Brown,BrowPh01,0.0,0.0,0.0,118.7
2023,REG,8,00-0037292,A.Ogletree,TE,TE,IND,15916,59f460a8-b5af-40e6-840c-429762b278b3,24561.0,,8489.0,,4722908.0,34148.0,,2672594.0,OgleAn00,,16277.0,,1315.0,34148.0,0.0,,1271740.0,Andrew Ogletree,andrew ogletree,1,3,33.0,1,0.0,0.0,65.0,0.0,1.0,2.3122463,0,0.50769234,0.078947365,0.21452145,0.26858607,,,,,,,,,,,,,,,,,REG,IND,NO,Andrew Ogletree,OgleAn00,0.0,0.0,0.0,115.3
2023,REG,8,00-0035644,N.Fant,TE,TE,SEA,14137,cdc98acc-9eb6-4b44-81bb-61d7b8a3b55f,17527.0,42388.0,5857.0,,4036131.0,31852.0,,2251095.0,FantNo00,noah-fant-1,13426.0,14050.0,243.0,31852.0,923911.0,20753.0,923911.0,Noah Fant,noah fant,2,3,32.0,0,0.0,0.0,16.0,26.0,1.0,-1.8445824,0,2.0,0.083333336,0.05734767,0.16514337,,,,,,,,,,,,,,,,,REG,SEA,CLE,Noah Fant,FantNo00,1.0,0.0,0.0,62.5
2023,REG,8,00-0033090,H.Henry,TE,TE,NE,12676,705899da-3c20-4bc3-b5d0-2e6e40655131,15561.0,10669.0,3214.0,,3046439.0,29269.0,,2079848.0,HenrHu00,hunter-henry-1,10735.0,11299.0,212.0,29269.0,744425.0,17975.0,744425.0,Hunter Henry,hunter henry,3,3,28.0,0,0.0,0.0,20.0,8.0,2.0,1.3976874,0,1.4,0.10714286,0.11173184,0.23892657,,,,,,,,,,,,,,,,,REG,NE,MIA,Hunter Henry,HenrHu00,0.0,0.0,0.0,105.6
2023,REG,8,00-0034798,D.Smythe,TE,TE,MIA,13676,7e42a22a-c47b-4387-aeeb-2cc2e76dc1d8,17508.0,47257.0,5008.0,,3052897.0,31093.0,,2082845.0,SmytDu00,durham-smythe-1,12807.0,13249.0,,31093.0,749968.0,19943.0,749968.0,Durham Smythe,durham smythe,3,3,28.0,0,0.0,0.0,25.0,3.0,3.0,2.8536637,0,1.12,0.06818182,0.08361204,0.16080116,,,,,,,,,,,,,,,,,REG,MIA,NE,Durham Smythe,SmytDu00,0.0,0.0,0.0,105.6
2023,REG,8,00-0038129,C.Otton,TE,TE,TB,15802,f23517bd-ae85-484a-8ecb-1f7a2d851e48,23181.0,,8111.0,,4243331.0,34062.0,,2815179.0,OttoCa00,cade-otton-1,16032.0,,1261.0,34062.0,0.0,,1049263.0,Cade Otton,cade otton,4,6,27.0,0,0.0,0.0,24.0,12.0,1.0,-2.4849901,1,1.125,0.15384616,0.096,0.29796922,Cade Otton,TB,7.0424999999999995,4.970384759614105,4.02,9.49718470685514,66.66666666666666,27.0,0.0,2.972500000000002,3.6561733663249782,-0.6836733663249763,00-0038129,Cade,Otton,C.Otton,REG,TB,BUF,Cade Otton,OttoCa00,0.0,0.0,0.0,76.4
2023,REG,8,00-0034970,I.Smith,TE,TE,CIN,14141,ed0e6a30-83d5-4f4b-bf49-f7ff80e21304,18610.0,42060.0,6126.0,,4040980.0,31882.0,,2257888.0,SmitIr01,irv-smith-jr-1,13583.0,14052.0,,31882.0,944428.0,20949.0,944428.0,Irv Smith,irv smith,4,4,25.0,0,1.0,1.0,4.0,21.0,1.0,-4.9786534,0,6.25,0.125,0.022099448,0.20296961,,,,,,,,,,,,,,,,,REG,CIN,SF,Irv Smith Jr.,SmitIr01,0.0,0.0,0.0,92.7
2023,REG,8,00-0036637,N.Gray,TE,TE,KC,15337,c97dfcb6-b999-476f-8487-f3848e92df17,19539.0,60878.0,7828.0,,4240472.0,33550.0,,2866903.0,GrayNo00,noah-gray-1,15459.0,,1059.0,33550.0,0.0,,1056981.0,Noah Gray,noah gray,2,3,25.0,0,0.0,0.0,25.0,2.0,1.0,1.9216894,0,1.0,0.08108108,0.09689923,0.18945108,,,,,,,,,,,,,,,,,REG,KC,DEN,Noah Gray,GrayNo00,0.0,0.0,0.0,92.4
2023,REG,8,00-0037304,C.Heyward,TE,TE,PIT,15800,62e96d7c-e4dd-4a90-8c3a-8017eb69120d,24562.0,,8181.0,,4241961.0,34163.0,,2867599.0,HeywCo00,connor-heyward-1,15916.0,,,34163.0,0.0,,1057457.0,Connor Heyward,connor heyward,5,6,24.0,0,0.0,0.0,24.0,10.0,1.0,-1.0065471,0,1.0,0.15,0.067226894,0.2720588,Connor Heyward,PIT,3.3333333333333335,2.6036533198063476,3.8900000000000006,5.665461077262908,83.33333333333334,24.0,0.0,2.1199999999999988,2.672977426266107,-0.552977426266108,00-0037304,Connor,Heyward,Co.Heyward,REG,PIT,JAX,Connor Heyward,HeywCo00,0.0,0.0,0.0,83.3
2023,REG,8,00-0037809,C.Okonkwo,TE,TE,TEN,15889,14e11f9b-58c8-437f-abc0-a4e4df9a7c47,23982.0,,8210.0,,4360635.0,34099.0,,2965208.0,OkonCh00,chigoziem-okonkwo-1,16042.0,,1320.0,34099.0,0.0,,1106374.0,Chigoziem Okonkwo,chigoziem okonkwo,4,5,23.0,0,0.0,0.0,35.0,8.0,2.0,0.80201334,0,0.6571429,0.1923077,0.11111111,0.3662393,Chigoziem Okonkwo,TEN,4.085,3.379314457582211,6.759999999999998,10.962991793973597,80.0,23.0,0.0,2.230000000000002,4.666280468209379,-2.436280468209377,00-0037809,Chigoziem,Okonkwo,C.Okonkwo,REG,TEN,ATL,Chigoziem Okonkwo,OkonCh00,0.0,1.0,0.167,73.6
2023,REG,8,00-0032134,C.Uzomah,TE,TE,NYJ,12317,19858900-5c8e-49a7-ab02-34ef625724ca,14084.0,9590.0,2460.0,c.j.uzomah/2552559,2574576.0,28545.0,,2174118.0,UzomC.00,cj-uzomah-1,10462.0,10534.0,,28545.0,593305.0,16917.0,593305.0,C.J. Uzomah,cj uzomah,1,1,19.0,0,0.0,0.0,4.0,15.0,1.0,1.1162347,0,4.75,0.029411765,0.01509434,0.054683685,,,,,,,,,,,,,,,,,REG,NYJ,NYG,C.J. Uzomah,UzomC.00,1.0,0.0,0.0,118.7
2023,REG,8,00-0032392,A.Hooper,TE,TE,LV,12677,90c2a93f-d837-4e1b-b57c-56648903a8db,15581.0,10715.0,3202.0,,3043275.0,29315.0,,2067004.0,HoopAu00,austin-hooper-1,10748.0,11301.0,384.0,29315.0,739424.0,17963.0,739424.0,Austin Hooper,austin hooper,2,2,19.0,0,0.0,0.0,-1.0,20.0,1.0,1.1519818,0,0.0,0.0952381,-0.0042735045,0.1398657,,,,,,,,,,,,,,,,,REG,LV,DET,Austin Hooper,HoopAu00,0.0,0.0,0.0,106.2
2023,REG,8,00-0039066,M.Mayer,TE,TE,LV,16212,31f4645a-7ccb-4633-8580-2fca361beb4f,23056.0,,9482.0,,4429086.0,40065.0,,3171673.0,MayeMi00,michael-mayer-1,16666.0,,1427.0,40065.0,0.0,,1232592.0,Michael Mayer,michael mayer,1,2,19.0,0,0.0,0.0,33.0,2.0,1.0,0.22717448,0,0.57575756,0.0952381,0.14102565,0.24157509,,,,,,,,,,,,,,,,,REG,LV,DET,Michael Mayer,MayeMi00,0.0,0.0,0.0,83.3
2023,REG,8,00-0036628,J.Bates,TE,TE,WAS,15344,3208880b-949f-4926-85eb-1940770550ea,22833.0,42275.0,7716.0,,4048228.0,33512.0,,2257291.0,BateJo00,john-bates-1,15289.0,,,33512.0,0.0,,944038.0,John Bates,john bates,1,1,17.0,0,0.0,0.0,17.0,0.0,1.0,1.0754154,0,1.0,0.019607844,0.04336735,0.059768908,,,,,,,,,,,,,,,,,REG,WAS,PHI,John Bates,BateJo00,0.0,0.0,0.0,118.7
2023,REG,8,00-0033357,T.Hill,TE,TE,NO,13424,3c8a55dd-20a8-4375-b711-49eb5e6e1d0e,17115.0,12112.0,4381.0,,2468609.0,30614.0,,2818935.0,HillTa00,,12063.0,12729.0,150.0,30614.0,503184.0,19238.0,503184.0,Taysom Hill,taysom hill,1,1,14.0,0,0.0,0.0,1.0,13.0,1.0,1.0066656,0,14.0,0.03448276,0.002624672,0.053561408,,,,,,,,,,,,,,,,,REG,NO,IND,Taysom Hill,HillTa00,0.0,0.0,0.0,118.7
2023,REG,8,00-0033858,J.Smith,TE,TE,ATL,13193,e4f25a37-74de-4bfb-b6c9-f50a4fab0b87,16460.0,11855.0,4144.0,,3054212.0,30213.0,,2081506.0,SmitJo01,jonnu-smith-1,11807.0,12344.0,84.0,30213.0,743749.0,18990.0,743749.0,Jonnu Smith,jonnu smith,1,1,13.0,0,0.0,0.0,3.0,10.0,0.0,0.037172195,0,4.3333335,0.030303031,0.009803922,0.05231729,,,,,,,,,,,,,,,,,REG,ATL,TEN,Jonnu Smith,SmitJo01,0.0,0.0,0.0,118.7
2023,REG,8,00-0036438,S.Sullivan,TE,TE,CAR,15026,a41b8454-0326-4c56-87a2-f2aac3814961,19641.0,40411.0,6970.0,,4035426.0,32921.0,,2223251.0,SullSt00,stephen-sullivan-1,14570.0,,,32921.0,0.0,21865.0,910808.0,Stephen Sullivan,stephen sullivan,1,1,13.0,0,0.0,0.0,11.0,2.0,1.0,1.1756548,0,1.1818181,0.032258064,0.05612245,0.087672815,,,,,,,,,,,,,,,,,REG,CAR,HOU,Stephen Sullivan,SullSt00,0.0,0.0,0.0,118.7
2023,REG,8,00-0038547,L.Schoonmaker,TE,TE,DAL,16221,143957a7-4649-4a19-b351-e606edc75ebd,25267.0,,10871.0,,4372096.0,40061.0,,2968473.0,SchoLu00,luke-schoonmaker-1,16855.0,,1382.0,40061.0,0.0,,1130242.0,Luke Schoonmaker,luke schoonmaker,1,1,13.0,0,0.0,0.0,0.0,13.0,1.0,0.8582776,0,0.0,0.029411765,0.0,0.04411765,,,,,,,,,,,,,,,,,REG,DAL,LA,Luke Schoonmaker,SchoLu00,0.0,0.0,0.0,118.7
2023,REG,8,00-0033217,M.Alie-Cox,TE,TE,IND,13246,8809c0dd-786b-4255-a7d0-333c9498c19a,16579.0,12078.0,4054.0,moalie-cox/2558832,2998565.0,30112.0,,2815925.0,AlieMo00,,12196.0,12221.0,195.0,30112.0,712506.0,18900.0,712506.0,Mo Alie-Cox,mo alie-cox,1,2,11.0,0,0.0,0.0,10.0,7.0,1.0,0.86855906,0,1.1,0.05263158,0.0330033,0.10204968,,,,,,,,,,,,,,,,,REG,IND,NO,Mo Alie-Cox,AlieMo00,0.0,0.0,0.0,66.7
2023,REG,8,00-0034829,M.Gesicki,TE,TE,NE,13672,1012cbe0-7eba-4169-bfca-183a0204e1a7,17272.0,47153.0,4993.0,,3116164.0,31012.0,,2139298.0,GesiMi00,mike-gesicki-1,12764.0,13104.0,330.0,31012.0,836152.0,19853.0,836152.0,Mike Gesicki,mike gesicki,2,3,11.0,0,0.0,0.0,31.0,2.0,0.0,-0.32186064,0,0.3548387,0.10714286,0.17318435,0.28194332,,,,,,,,,,,,,,,,,REG,NE,MIA,Mike Gesicki,GesiMi00,0.0,0.0,0.0,72.9
2023,REG,8,00-0037838,I.Likely,TE,TE,BAL,15798,f9279edb-cfa7-4f7d-91df-b81cbf3e133e,23781.0,,8131.0,,4361050.0,34095.0,,2961906.0,LikeIs00,isaiah-likely-1,16033.0,,1257.0,34095.0,0.0,,1125111.0,Isaiah Likely,isaiah likely,1,1,10.0,0,0.0,0.0,10.0,0.0,1.0,0.61177063,0,1.0,0.03846154,0.06451613,0.102853596,,,,,,,,,,,,,,,,,REG,BAL,ARI,Isaiah Likely,LikeIs00,0.0,0.0,0.0,108.3
2023,REG,8,00-0039144,L.Musgrave,TE,TE,GB,16215,77a4fb49-3c6c-4aa1-8a21-20956e2d2240,25282.0,,9481.0,,4428085.0,40074.0,,3129283.0,MusgLu00,luke-musgrave-1,16663.0,,1430.0,40074.0,0.0,,1179790.0,Luke Musgrave,luke musgrave,2,3,9.0,0,0.0,0.0,12.0,4.0,1.0,-1.7406878,0,0.75,0.075,0.03287671,0.1355137,,,,,,,,,,,,,,,,,REG,GB,MIN,Luke Musgrave,MusgLu00,0.0,1.0,0.333,70.1
2023,REG,8,00-0033246,J.Mundt,TE,TE,MIN,13940,6414998b-5831-44aa-8bd8-39e42a323c2c,16743.0,12206.0,4314.0,,3052096.0,30373.0,,2818622.0,MundJo00,,12316.0,12525.0,,30373.0,740704.0,19165.0,740704.0,Johnny Mundt,johnny mundt,1,1,8.0,0,0.0,0.0,-5.0,13.0,0.0,0.8267797,0,0.0,0.029411765,-0.023364486,0.027762506,,,,,,,,,,,,,,,,,REG,MIN,GB,Johnny Mundt,MundJo00,0.0,0.0,0.0,100.0
2023,REG,8,00-0033757,R.Tonyan,TE,TE,CHI,13427,7c9c7800-69d0-459b-812b-a07ac48e9f2a,16502.0,12193.0,4602.0,,2975674.0,30777.0,,2820026.0,TonyRo00,,12389.0,12868.0,,30777.0,660151.0,19491.0,660151.0,Robert Tonyan,robert tonyan,1,1,8.0,0,0.0,0.0,3.0,5.0,0.0,0.41707537,0,2.6666667,0.027027028,0.011811024,0.048808258,,,,,,,,,,,,,,,,,REG,CHI,LAC,Robert Tonyan,TonyRo00,0.0,0.0,0.0,100.0
2023,REG,8,00-0034364,J.Akins,TE,TE,CLE,13753,0cb5a32a-a340-4671-ba2a-93f5fa6aee8d,17415.0,47050.0,5032.0,,3128452.0,31068.0,,2142712.0,AkinJo00,jordan-akins-1,12568.0,13238.0,,31068.0,838396.0,19903.0,838396.0,Jordan Akins,jordan akins,1,1,6.0,0,0.0,0.0,4.0,2.0,0.0,0.2520784,0,1.5,0.033333335,0.015209125,0.06064639,,,,,,,,,,,,,,,,,REG,CLE,SEA,Jordan Akins,AkinJo00,0.0,0.0,0.0,91.7
2023,REG,8,00-0038394,W.Mallory,TE,TE,IND,16220,5d4a5e4f-7c74-4b4c-b8e5-33bb831e3057,23821.0,,10220.0,,4362523.0,40180.0,,2962073.0,MallWi00,will-mallory-1,17014.0,,1435.0,,0.0,,1121873.0,Will Mallory,will mallory,1,2,6.0,0,0.0,0.0,17.0,0.0,0.0,-0.9393502,0,0.3529412,0.05263158,0.05610561,0.1182213,,,,,,,,,,,,,,,,,REG,IND,NO,Will Mallory,MallWi00,0.0,0.0,0.0,56.2
2023,REG,8,00-0034383,D.Schultz,TE,TE,HOU,13772,8caec1b4-e0b6-4a84-b8c8-617d6e91ef6a,17349.0,47304.0,5001.0,,3117256.0,31107.0,,2136748.0,SchuDa00,dalton-schultz-1,12514.0,13198.0,487.0,31107.0,830523.0,19920.0,830523.0,Dalton Schultz,dalton schultz,2,5,5.0,0,0.0,0.0,7.0,4.0,1.0,-1.8196837,0,0.71428573,0.20833333,0.039106146,0.3398743,Dalton Schultz,HOU,5.68,2.8829076879292925,5.9159999999999995,14.270551910459284,40.0,5.0,0.0,1.5399999999999991,3.2873874255435567,-1.7473874255435575,00-0034383,Dalton,Schultz,D.Schultz,REG,HOU,CAR,Dalton Schultz,SchuDa00,0.0,0.0,0.0,47.9
2023,REG,8,00-0036040,J.Johnson,TE,TE,NO,14861,0226b03b-f91d-4223-9813-9fcd2e9c3acc,19562.0,28305.0,7002.0,,3929645.0,33113.0,,2186637.0,JohnJu02,,14630.0,,575.0,33113.0,0.0,21738.0,884609.0,Juwan Johnson,juwan johnson,1,2,5.0,0,0.0,0.0,21.0,0.0,1.0,0.74630296,0,0.23809524,0.06896552,0.05511811,0.14203095,,,,,,,,,,,,,,,,,REG,NO,IND,Juwan Johnson,JohnJu02,0.0,0.0,0.0,56.2
2023,REG,8,00-0036754,B.Wright,TE,TE,DET,15626,8f182089-7730-499e-8f2e-87bda32debfb,23341.0,60994.0,7891.0,,4242392.0,33774.0,,2807423.0,WrigBr01,,15681.0,,1162.0,33774.0,0.0,,978120.0,Brock Wright,brock wright,1,1,5.0,0,0.0,0.0,-1.0,6.0,1.0,1.6213518,0,0.0,0.029411765,-0.0065789474,0.039512385,,,,,,,,,,,,,,,,,REG,DET,LV,Brock Wright,WrigBr01,0.0,0.0,0.0,87.5
2023,REG,8,00-0036887,L.Farrell,TE,TE,JAX,15335,8a1f0e8e-6521-4a94-9934-ad4f76a25fd9,19501.0,42353.0,7842.0,,4040612.0,33533.0,,2260977.0,FarrLu00,luke-farrell-1,15566.0,,,33533.0,0.0,,946541.0,Luke Farrell,luke farrell,1,1,5.0,0,0.0,0.0,5.0,0.0,0.0,0.058526102,0,1.0,0.03125,0.023255814,0.06315407,,,,,,,,,,,,,,,,,REG,JAX,PIT,Luke Farrell,FarrLu00,0.0,0.0,0.0,87.5
2023,REG,8,00-0031610,D.Waller,TE,TE,NYG,12263,14c97c9f-26e8-4944-9299-f90de6aeada3,14104.0,9637.0,2505.0,,2576925.0,28592.0,,1850793.0,WallDa01,darren-waller-1,10215.0,10433.0,,28592.0,600191.0,16964.0,600191.0,Darren Waller,darren waller,1,2,4.0,0,0.0,0.0,11.0,1.0,0.0,-1.8796631,0,0.36363637,0.16666667,1.1,1.02,,,,,,,,,,,,,,,,,REG,NYG,NYJ,Darren Waller,WallDa01,0.0,0.0,0.0,56.2
2023,REG,8,00-0037005,T.Tremble,TE,TE,CAR,15332,cbee2fd3-e5f2-4316-bffd-531f1873f032,22795.0,84025.0,7694.0,,4372780.0,33471.0,,2969027.0,TremTo00,tommy-tremble-1,15371.0,,1054.0,33471.0,0.0,,1130555.0,Tommy Tremble,tommy tremble,2,3,4.0,1,0.0,0.0,-1.0,2.0,2.0,1.1147875,0,0.0,0.09677419,-0.0051020407,0.14158987,,,,,,,,,,,,,,,,,REG,CAR,HOU,Tommy Tremble,TremTo00,0.0,0.0,0.0,109.7
2023,REG,8,00-0038720,J.Hill,TE,TE,MIA,16425,516da3c0-f016-11ed-a518-572ef5cb73b6,25824.0,,11371.0,,4365395.0,40629.0,,2961743.0,HillJu02,,17335.0,,,40629.0,0.0,,1123630.0,Julian Hill,julian hill,1,2,4.0,0,0.0,0.0,6.0,5.0,0.0,-1.0033308,0,0.6666667,0.045454547,0.020066889,0.08222864,,,,,,,,,,,,,,,,,REG,MIA,NE,Julian Hill,HillJu02,0.0,0.0,0.0,56.2
2023,REG,8,00-0031585,M.Pruitt,TE,TE,ATL,12309,f22b34cf-6ecf-4522-9c77-1da275dfda7d,13964.0,9576.0,2446.0,,2508256.0,28531.0,,1760327.0,PruiMy00,,10251.0,10522.0,,28531.0,552586.0,16903.0,552586.0,MyCole Pruitt,mycole pruitt,1,2,3.0,0,0.0,0.0,10.0,0.0,0.0,-1.3233069,0,0.3,0.060606062,0.03267974,0.11378491,,,,,,,,,,,,,,,,,REG,ATL,TEN,MyCole Pruitt,PruiMy00,0.0,0.0,0.0,56.2
2023,REG,8,00-0032062,B.Bell,TE,TE,KC,12213,0cc4e449-185a-4b08-9f07-c907ad0c3e05,13966.0,9550.0,2422.0,,2514206.0,28505.0,,1737101.0,BellBl00,blake-bell-1,10248.0,10366.0,,28505.0,542871.0,16878.0,542871.0,Blake Bell,blake bell,0,1,0.0,0,0.0,0.0,-2.0,0.0,0.0,-0.574637,0,0.0,0.027027028,-0.007751938,0.035114184,,,,,,,,,,,,,,,,,REG,KC,DEN,Blake Bell,BellBl00,0.0,1.0,1.0,39.6
2023,REG,8,00-0034270,T.Conklin,TE,TE,NYJ,13675,f0d17dfa-ebf3-416c-a8d2-c6bc30675103,17598.0,47327.0,5133.0,,3915486.0,31220.0,,2165249.0,ConkTy00,tyler-conklin-1,12809.0,13220.0,489.0,31127.0,861278.0,19988.0,861278.0,Tyler Conklin,tyler conklin,0,2,0.0,0,0.0,0.0,5.0,0.0,0.0,-3.3909957,0,0.0,0.05882353,0.018867925,0.10144284,,,,,,,,,,,,,,,,,REG,NYJ,NYG,Tyler Conklin,ConkTy00,0.0,0.0,0.0,39.6
2023,REG,8,00-0034830,H.Hurst,TE,TE,CAR,13680,1b125fc4-5dd9-4eb9-a42f-048e61ca42b7,17283.0,47294.0,4973.0,,3924365.0,30995.0,,2185053.0,HursHa00,hayden-hurst-1,12467.0,13098.0,8.0,30995.0,881956.0,19843.0,881956.0,Hayden Hurst,hayden hurst,0,2,0.0,0,0.0,0.0,9.0,0.0,0.0,-1.2172768,0,0.0,0.06451613,0.045918368,0.12891705,,,,,,,,,,,,,,,,,REG,CAR,HOU,Hayden Hurst,HursHa00,0.0,1.0,0.5,39.6
2023,REG,8,00-0035631,D.Sample,TE,TE,CIN,14146,15a4f552-ecaf-45bd-9006-aa5dda93bee6,18561.0,47259.0,6001.0,,3127310.0,31884.0,,2139646.0,SampDr00,drew-sample-1,13809.0,14111.0,435.0,31884.0,837824.0,20931.0,837824.0,Drew Sample,drew sample,0,1,0.0,0,0.0,0.0,-1.0,0.0,0.0,-0.538542,0,0.0,0.03125,-0.005524862,0.043007597,,,,,,,,,,,,,,,,,REG,CIN,SF,Drew Sample,SampDr00,0.0,1.0,1.0,39.6
2023,REG,8,00-0036032,S.McKeon,TE,TE,DAL,15097,0f369885-8ecd-4ca0-a3dc-df8530a0db6e,19726.0,42266.0,6964.0,,4036275.0,33101.0,,2239736.0,McKeSe01,,14478.0,,,33101.0,0.0,21781.0,911020.0,Sean McKeon,sean mckeon,0,1,0.0,0,0.0,0.0,8.0,0.0,0.0,-5.970241,0,0.0,0.029411765,0.027303753,0.063230276,,,,,,,,,,,,,,,,,REG,DAL,LA,Sean McKeon,McKeSe01,0.0,0.0,0.0,0.0
2023,REG,8,00-0036232,H.Bryant,TE,TE,CLE,14875,f58a5899-8b78-46e8-a29a-ba6273b7d872,19389.0,26394.0,6850.0,,4040774.0,32785.0,,2241240.0,BryaHa00,harrison-bryant-1,14576.0,,752.0,32785.0,0.0,21783.0,916467.0,Harrison Bryant,harrison bryant,0,1,0.0,0,0.0,0.0,14.0,0.0,0.0,-0.47920337,0,0.0,0.033333335,0.05323194,0.087262355,,,,,,,,,,,,,,,,,REG,CLE,SEA,Harrison Bryant,BryaHa00,0.0,0.0,0.0,39.6
2023,REG,8,00-0037805,J.Ruckert,TE,TE,NYJ,15796,28f3732b-0910-4d09-9fd4-e43b821dc5bb,23742.0,,8145.0,,4361372.0,34057.0,,2965446.0,RuckJe00,jeremy-ruckert-1,15996.0,,1255.0,34057.0,0.0,,1122596.0,Jeremy Ruckert,jeremy ruckert,0,1,0.0,0,0.0,0.0,18.0,0.0,0.0,-0.94611865,0,0.0,0.029411765,0.06792453,0.09166481,,,,,,,,,,,,,,,,,REG,NYJ,NYG,Jeremy Ruckert,RuckJe00,0.0,0.0,0.0,39.6
2023,REG,8,00-0038115,D.Bellinger,TE,TE,NYG,15873,42a1c03e-790e-46ba-b0d5-d304e44c02c7,24238.0,,8225.0,,4361516.0,34068.0,,2963615.0,BellDa00,daniel-bellinger-1,16036.0,,1322.0,34068.0,0.0,,1122035.0,Daniel Bellinger,daniel bellinger,0,1,0.0,0,0.0,0.0,2.0,0.0,0.0,-0.5265372,0,0.0,0.083333336,0.2,0.265,,,,,,,,,,,,,,,,,REG,NYG,NYJ,Daniel Bellinger,BellDa00,0.0,0.0,0.0,39.6
2023,REG,8,00-0039050,P.Durham,TE,TE,TB,16218,c4a8b4c9-5db8-4187-852b-9557bef8724e,25346.0,,10227.0,,4372505.0,40193.0,,2968469.0,DurhPa00,payne-durham-1,16720.0,,,40193.0,0.0,,1130260.0,Payne Durham,payne durham,0,1,0.0,0,0.0,0.0,22.0,0.0,0.0,-0.4443101,0,0.0,0.025641026,0.088,0.100061536,,,,,,,,,,,,,,,,,REG,TB,BUF,Payne Durham,DurhPa00,0.0,1.0,1.0,39.6
2023,REG,9,00-0034383,D.Schultz,TE,TE,HOU,13772,8caec1b4-e0b6-4a84-b8c8-617d6e91ef6a,17349.0,47304.0,5001.0,,3117256.0,31107.0,,2136748.0,SchuDa00,dalton-schultz-1,12514.0,13198.0,487.0,31107.0,830523.0,19920.0,830523.0,Dalton Schultz,dalton schultz,10,11,130.0,1,1.0,1.0,68.0,73.0,7.0,9.076104,0,1.9117647,0.28947368,0.16346154,0.5486336,Dalton Schultz,HOU,7.33375,4.559365944703297,6.732727272727274,17.308591193792658,90.9090909090909,130.0,1.0,7.430999999999999,7.527959218125062,-0.09695921812506292,00-0034383,Dalton,Schultz,D.Schultz,REG,HOU,TB,Dalton Schultz,SchuDa00,0.0,0.0,0.0,146.2
2023,REG,9,00-0033858,J.Smith,TE,TE,ATL,13193,e4f25a37-74de-4bfb-b6c9-f50a4fab0b87,16460.0,11855.0,4144.0,,3054212.0,30213.0,,2081506.0,SmitJo01,jonnu-smith-1,11807.0,12344.0,84.0,30213.0,743749.0,18990.0,743749.0,Jonnu Smith,jonnu smith,5,6,100.0,1,0.0,0.0,12.0,104.0,3.0,7.560752,0,8.333333,0.1764706,0.038709678,0.29180264,Jonnu Smith,ATL,7.756666666666665,6.281215639338444,1.7416666666666671,3.2484690229724276,83.33333333333334,100.0,1.0,21.107999999999997,6.926091623944558,14.18190837605544,00-0033858,Jonnu,Smith,J.Smith,REG,ATL,MIN,Jonnu Smith,SmitJo01,1.0,0.0,0.0,158.3
2023,REG,9,00-0038041,J.Ferguson,TE,TE,DAL,15799,f46eab3d-d7dd-4420-b3f9-6da9ac1308ab,22718.0,,8110.0,,4242355.0,34085.0,,2867159.0,FergJa00,jake-ferguson-1,15947.0,,1258.0,34085.0,0.0,,1065361.0,Jake Ferguson,jake ferguson,7,10,91.0,1,0.0,0.0,75.0,42.0,5.0,7.854392,0,1.2133334,0.22727273,0.17857143,0.4659091,Jake Ferguson,DAL,3.6133333333333333,2.6981579974563408,8.439000000000002,19.50988325049127,70.0,91.0,1.0,6.092857142857141,2.6821420817228363,3.4107150611343044,00-0038041,Jake,Ferguson,J.Ferguson,REG,DAL,PHI,Jake Ferguson,FergJa00,0.0,1.0,0.1,131.7
2023,REG,9,00-0038933,D.Kincaid,TE,TE,BUF,16213,b961fa15-0676-4948-b95f-56d06319d40e,25247.0,,10236.0,,4385690.0,40048.0,,2982991.0,KincDa00,dalton-kincaid-1,16697.0,,1428.0,40048.0,0.0,,1135513.0,Dalton Kincaid,dalton kincaid,10,11,81.0,0,1.0,1.0,42.0,49.0,5.0,-0.89853543,0,1.9285715,0.34375,0.1826087,0.6434511,Dalton Kincaid,BUF,7.840909090909091,4.230650192126542,3.92818181818182,19.111012826183117,90.9090909090909,81.0,0.0,4.914999999999997,3.868851484982585,1.0461485150174124,00-0038933,Dalton,Kincaid,D.Kincaid,REG,BUF,CIN,Dalton Kincaid,KincDa00,0.0,0.0,0.0,97.3
2023,REG,9,00-0034753,M.Andrews,TE,TE,BAL,13671,0618f387-9b72-4270-8b8f-dec4cccc9e4a,17269.0,47436.0,5012.0,,3116365.0,31056.0,,2131121.0,AndrMa00,mark-andrews-1,12559.0,13182.0,366.0,31056.0,820699.0,19803.0,820699.0,Mark Andrews,mark andrews,9,10,80.0,0,0.0,0.0,66.0,29.0,2.0,1.4183104,0,1.2121212,0.3125,0.24626866,0.6411381,Mark Andrews,BAL,5.201428571428571,3.1892130771614857,6.418000000000001,23.487648673376032,90.0,80.0,0.0,3.377777777777777,3.799265755697522,-0.4214879779197451,00-0034753,Mark,Andrews,M.Andrews,REG,BAL,SEA,Mark Andrews,AndrMa00,0.0,0.0,0.0,100.0
2023,REG,9,00-0038129,C.Otton,TE,TE,TB,15802,f23517bd-ae85-484a-8ecb-1f7a2d851e48,23181.0,,8111.0,,4243331.0,34062.0,,2815179.0,OttoCa00,cade-otton-1,16032.0,,1261.0,34062.0,0.0,,1049263.0,Cade Otton,cade otton,6,9,70.0,2,1.0,1.0,73.0,33.0,4.0,3.5050664,0,0.9589041,0.3,0.27651516,0.6435606,Cade Otton,TB,5.298333333333333,3.6609385919532067,8.53111111111111,29.308699469404893,66.66666666666666,67.0,2.0,5.045000000000002,5.233233249610748,-0.1882332496107466,00-0038129,Cade,Otton,C.Otton,REG,TB,HOU,Cade Otton,OttoCa00,0.0,0.0,0.0,129.6
2023,REG,9,00-0035229,T.Hockenson,TE,TE,MIN,14138,bd1120b6-38b3-4225-a4b0-20660a149d0d,18290.0,40912.0,5844.0,,4036133.0,31840.0,,2251097.0,HockTJ00,tj-hockenson-1,13610.0,14051.0,247.0,31840.0,923915.0,20805.0,923915.0,T.J. Hockenson,tj hockenson,7,12,69.0,0,0.0,0.0,76.0,34.0,4.0,3.305691,0,0.90789473,0.34285715,0.35849056,0.7652291,T.J. Hockenson,MIN,5.126666666666667,2.1947251947290134,5.596666666666667,35.81293659681117,58.333333333333336,69.0,0.0,5.6328571428571435,3.1348805595655937,2.4979765832915497,00-0035229,Thomas,Hockenson,T.Hockenson,REG,MIN,ATL,T.J. Hockenson,HockTJ00,1.0,0.0,0.0,74.7
2023,REG,9,00-0034270,T.Conklin,TE,TE,NYJ,13675,f0d17dfa-ebf3-416c-a8d2-c6bc30675103,17598.0,47327.0,5133.0,,3915486.0,31220.0,,2165249.0,ConkTy00,tyler-conklin-1,12809.0,13220.0,489.0,31127.0,861278.0,19988.0,861278.0,Tyler Conklin,tyler conklin,6,6,66.0,0,0.0,0.0,48.0,18.0,2.0,1.9013553,0,1.375,0.125,0.13407822,0.28135476,Tyler Conklin,NYJ,7.174999999999999,3.224822967736488,8.143333333333333,13.874375283961829,100.0,66.0,0.0,2.856666666666667,2.933058450990617,-0.07639178432394989,00-0034270,Tyler,Conklin,T.Conklin,REG,NYJ,LAC,Tyler Conklin,ConkTy00,0.0,0.0,0.0,112.5
2023,REG,9,00-0036970,K.Pitts,TE,TE,ATL,15329,1f3deb24-9ff8-4769-8f42-825eff7742f6,20164.0,83964.0,7553.0,,4360248.0,33392.0,,2964514.0,PittKy00,kyle-pitts-1,15265.0,,1051.0,33392.0,0.0,,1123026.0,Kyle Pitts,kyle pitts,4,5,56.0,0,0.0,0.0,54.0,15.0,3.0,5.355527,0,1.037037,0.14705883,0.17419355,0.34252372,Kyle Pitts,ATL,5.109999999999999,2.4648333357596117,10.302,16.012309987876527,80.0,56.0,0.0,4.327500000000001,3.8748726398207793,0.4526273601792212,00-0036970,Kyle,Pitts,K.Pitts,REG,ATL,MIN,Kyle Pitts,PittKy00,0.0,0.0,0.0,113.3
2023,REG,9,00-0036290,C.Kmet,TE,TE,CHI,14867,036feeb6-9a22-43c5-a8e3-7ac611d8ff49,19229.0,60995.0,6826.0,,4258595.0,32713.0,,2868619.0,KmetCo00,cole-kmet-1,14436.0,,569.0,32713.0,0.0,21772.0,1066765.0,Cole Kmet,cole kmet,6,8,55.0,2,0.0,0.0,41.0,23.0,4.0,1.5366427,0,1.3414634,0.30769232,0.23976608,0.62937474,Cole Kmet,CHI,5.6525,2.9069257872310827,6.358749999999999,26.751156920488,75.0,55.0,2.0,4.128333333333333,4.757981168663226,-0.6296478353298927,00-0036290,Cole,Kmet,C.Kmet,REG,CHI,NO,Cole Kmet,KmetCo00,0.0,0.0,0.0,93.2
2023,REG,9,00-0034830,H.Hurst,TE,TE,CAR,13680,1b125fc4-5dd9-4eb9-a42f-048e61ca42b7,17283.0,47294.0,4973.0,,3924365.0,30995.0,,2185053.0,HursHa00,hayden-hurst-1,12467.0,13098.0,8.0,30995.0,881956.0,19843.0,881956.0,Hayden Hurst,hayden hurst,2,4,54.0,0,0.0,0.0,43.0,24.0,1.0,0.020056779,0,1.255814,0.10810811,0.27741936,0.3563557,,,,,,,,,,,,,,,,,REG,CAR,IND,Hayden Hurst,HursHa00,0.0,0.0,0.0,56.2
2023,REG,9,00-0039144,L.Musgrave,TE,TE,GB,16215,77a4fb49-3c6c-4aa1-8a21-20956e2d2240,25282.0,,9481.0,,4428085.0,40074.0,,3129283.0,MusgLu00,luke-musgrave-1,16663.0,,1430.0,40074.0,0.0,,1179790.0,Luke Musgrave,luke musgrave,3,4,51.0,1,0.0,0.0,31.0,26.0,2.0,4.2318325,0,1.6451613,0.16,0.17816092,0.36471266,,,,,,,,,,,,,,,,,REG,GB,LA,Luke Musgrave,MusgLu00,0.0,1.0,0.25,156.2
2023,REG,9,00-0034351,D.Goedert,TE,TE,PHI,13674,e8029983-87cf-49a2-bc04-04c8233a0630,17270.0,47272.0,5022.0,,3121023.0,31019.0,,2132551.0,GoedDa00,,12860.0,13151.0,382.0,31019.0,791365.0,19863.0,791365.0,Dallas Goedert,dallas goedert,3,4,50.0,0,0.0,0.0,29.0,25.0,2.0,5.390023,0,1.7241379,0.1904762,0.15263158,0.3925564,,,,,,,,,,,,,,,,,REG,PHI,DAL,Dallas Goedert,GoedDa00,0.0,0.0,0.0,116.7
2023,REG,9,00-0034613,T.Hudson,TE,TE,CIN,14370,2fa75e05-cac4-4b40-8924-dbc9ae0c959c,17826.0,66924.0,5409.0,,3050481.0,31257.0,,2926606.0,,,13286.0,,,31257.0,1115394.0,20506.0,1115394.0,Tanner Hudson,tanner hudson,4,5,45.0,0,0.0,0.0,27.0,17.0,3.0,3.7091048,0,1.6666666,0.11904762,0.09747292,0.24680248,Tanner Hudson,CIN,7.456,2.969289725806097,5.119999999999997,8.882720333102007,80.0,45.0,0.0,4.325000000000003,3.1463249523604233,1.1786750476395795,00-0034613,Tanner,Hudson,T.Hudson,,,,,,,,,
2023,REG,9,00-0038115,D.Bellinger,TE,TE,NYG,15873,42a1c03e-790e-46ba-b0d5-d304e44c02c7,24238.0,,8225.0,,4361516.0,34068.0,,2963615.0,BellDa00,daniel-bellinger-1,16036.0,,1322.0,34068.0,0.0,,1122035.0,Daniel Bellinger,daniel bellinger,3,3,43.0,0,0.0,0.0,24.0,19.0,1.0,0.52038217,0,1.7916666,0.10344828,0.08391608,0.21391368,,,,,,,,,,,,,,,,,REG,NYG,LV,Daniel Bellinger,BellDa00,1.0,0.0,0.0,118.7
2023,REG,9,00-0037838,I.Likely,TE,TE,BAL,15798,f9279edb-cfa7-4f7d-91df-b81cbf3e133e,23781.0,,8131.0,,4361050.0,34095.0,,2961906.0,LikeIs00,isaiah-likely-1,16033.0,,1257.0,34095.0,0.0,,1125111.0,Isaiah Likely,isaiah likely,4,4,42.0,0,0.0,0.0,14.0,28.0,3.0,4.912411,0,3.0,0.125,0.052238807,0.22406717,,,,,,,,,,,,,,,,,REG,BAL,SEA,Isaiah Likely,LikeIs00,0.0,0.0,0.0,110.4
2023,REG,9,00-0033090,H.Henry,TE,TE,NE,12676,705899da-3c20-4bc3-b5d0-2e6e40655131,15561.0,10669.0,3214.0,,3046439.0,29269.0,,2079848.0,HenrHu00,hunter-henry-1,10735.0,11299.0,212.0,29269.0,744425.0,17975.0,744425.0,Hunter Henry,hunter henry,4,6,39.0,1,0.0,0.0,57.0,6.0,3.0,3.884058,0,0.68421054,0.13953489,0.1496063,0.31402674,Hunter Henry,NE,5.610000000000001,1.540531920479071,9.703333333333333,16.093542680229984,66.66666666666666,39.0,1.0,1.5150000000000023,1.462109751540595,0.052890248459407374,00-0033090,Hunter,Henry,H.Henry,REG,NE,WAS,Hunter Henry,HenrHu00,0.0,0.0,0.0,112.5
2023,REG,9,00-0036637,N.Gray,TE,TE,KC,15337,c97dfcb6-b999-476f-8487-f3848e92df17,19539.0,60878.0,7828.0,,4240472.0,33550.0,,2866903.0,GrayNo00,noah-gray-1,15459.0,,1059.0,33550.0,0.0,,1056981.0,Noah Gray,noah gray,3,3,34.0,0,0.0,0.0,24.0,10.0,2.0,1.8397827,0,1.4166666,0.10714286,0.14035088,0.2589599,,,,,,,,,,,,,,,,,REG,KC,MIA,Noah Gray,GrayNo00,0.0,0.0,0.0,113.9
2023,REG,9,00-0031260,L.Thomas,TE,TE,WAS,11647,b24625a0-d402-4d59-a778-aa4b073bfe5e,12095.0,8755.0,2251.0,loganthomas/2543767,16813.0,27648.0,,1691193.0,ThomLo00,logan-thomas-1,9323.0,9354.0,,27648.0,507528.0,16656.0,507528.0,Logan Thomas,logan thomas,4,5,31.0,0,0.0,0.0,19.0,23.0,1.0,0.50335276,0,1.6315789,0.11363637,0.05,0.20545454,Logan Thomas,WAS,4.3725000000000005,4.456511809503571,5.728000000000001,6.905864197530864,80.0,31.0,0.0,5.879999999999999,5.362651163102896,0.5173488368971029,00-0031260,Logan,Thomas,L.Thomas,REG,WAS,NE,Logan Thomas,ThomLo00,0.0,0.0,0.0,79.2
2023,REG,9,00-0035631,D.Sample,TE,TE,CIN,14146,15a4f552-ecaf-45bd-9006-aa5dda93bee6,18561.0,47259.0,6001.0,,3127310.0,31884.0,,2139646.0,SampDr00,drew-sample-1,13809.0,14111.0,435.0,31884.0,837824.0,20931.0,837824.0,Drew Sample,drew sample,3,4,30.0,1,0.0,0.0,-6.0,33.0,1.0,0.57404983,0,0.0,0.0952381,-0.02166065,0.12769468,,,,,,,,,,,,,,,,,REG,CIN,BUF,Drew Sample,SampDr00,0.0,0.0,0.0,135.4
2023,REG,9,00-0036040,J.Johnson,TE,TE,NO,14861,0226b03b-f91d-4223-9813-9fcd2e9c3acc,19562.0,28305.0,7002.0,,3929645.0,33113.0,,2186637.0,JohnJu02,,14630.0,,575.0,33113.0,0.0,21738.0,884609.0,Juwan Johnson,juwan johnson,5,5,29.0,1,0.0,0.0,20.0,9.0,2.0,1.1490339,0,1.45,0.15625,0.16,0.346375,Juwan Johnson,NO,5.872,3.8246819323459063,5.890000000000001,23.2824729227607,100.0,29.0,1.0,1.7659999999999996,2.1719352469898694,-0.4059352469898698,00-0036040,Juwan,Johnson,J.Johnson,REG,NO,CHI,Juwan Johnson,JohnJu02,0.0,0.0,0.0,130.4
2023,REG,9,00-0036438,S.Sullivan,TE,TE,CAR,15026,a41b8454-0326-4c56-87a2-f2aac3814961,19641.0,40411.0,6970.0,,4035426.0,32921.0,,2223251.0,SullSt00,stephen-sullivan-1,14570.0,,,32921.0,0.0,21865.0,910808.0,Stephen Sullivan,stephen sullivan,4,5,28.0,0,0.0,0.0,31.0,2.0,0.0,-0.38240618,0,0.9032258,0.13513513,0.2,0.34270272,Stephen Sullivan,CAR,7.206,4.994323043630047,6.226000000000001,18.064179191086865,80.0,28.0,0.0,-0.19000000000000128,1.0453828772860856,-1.2353828772860869,00-0036438,Stephen,Sullivan,S.Sullivan,REG,CAR,IND,Stephen Sullivan,SullSt00,0.0,0.0,0.0,90.0
2023,REG,9,00-0037809,C.Okonkwo,TE,TE,TEN,15889,14e11f9b-58c8-437f-abc0-a4e4df9a7c47,23982.0,,8210.0,,4360635.0,34099.0,,2965208.0,OkonCh00,chigoziem-okonkwo-1,16042.0,,1320.0,34099.0,0.0,,1106374.0,Chigoziem Okonkwo,chigoziem okonkwo,3,4,28.0,0,0.0,0.0,34.0,13.0,1.0,0.8778892,0,0.8235294,0.10810811,0.08629441,0.22256826,,,,,,,,,,,,,,,,,REG,TEN,PIT,Chigoziem Okonkwo,OkonCh00,0.0,0.0,0.0,93.7
2023,REG,9,00-0033885,D.Njoku,TE,TE,CLE,13192,8f86fcea-90e8-49ea-bc78-5c7659313e57,16399.0,11784.0,4033.0,,3123076.0,30142.0,,2136474.0,NjokDa00,david-njoku-1,11734.0,12186.0,252.0,30142.0,832098.0,18876.0,832098.0,David Njoku,david njoku,4,6,26.0,1,0.0,0.0,6.0,23.0,1.0,0.45749155,0,4.3333335,0.21428572,0.029850746,0.3423241,David Njoku,CLE,5.106,4.025674380196238,1.0733333333333348,3.268206039076381,66.66666666666666,26.0,1.0,5.895,4.823020447948238,1.0719795520517614,00-0033885,David,Njoku,D.Njoku,REG,CLE,ARI,David Njoku,NjokDa00,1.0,1.0,0.167,115.3
2023,REG,9,00-0034970,I.Smith,TE,TE,CIN,14141,ed0e6a30-83d5-4f4b-bf49-f7ff80e21304,18610.0,42060.0,6126.0,,4040980.0,31882.0,,2257888.0,SmitIr01,irv-smith-jr-1,13583.0,14052.0,,31882.0,944428.0,20949.0,944428.0,Irv Smith,irv smith,3,4,26.0,1,0.0,0.0,19.0,13.0,2.0,2.057693,0,1.3684211,0.0952381,0.06859206,0.19087158,,,,,,,,,,,,,,,,,REG,CIN,BUF,Irv Smith Jr.,SmitIr01,0.0,1.0,0.25,131.2
2023,REG,9,00-0034981,F.Moreau,TE,TE,NO,14239,9c3a67fd-5c6e-4689-9e08-9ff6d4db6c9a,18397.0,47043.0,5985.0,,3843945.0,31969.0,,2180634.0,MoreFo00,foster-moreau-1,13822.0,14154.0,179.0,31969.0,865573.0,20884.0,865573.0,Foster Moreau,foster moreau,1,1,23.0,0,0.0,0.0,10.0,13.0,1.0,1.2401372,0,2.3,0.03125,0.08,0.102875,,,,,,,,,,,,,,,,,REG,NO,CHI,Foster Moreau,MoreFo00,0.0,0.0,0.0,118.7
2023,REG,9,00-0037744,T.McBride,TE,TE,ARI,15794,734d54cc-c869-4e2f-a60f-c59c493f5110,22936.0,,8130.0,,4361307.0,34010.0,,2963385.0,McBrTr01,trey-mcbride-1,15902.0,,1253.0,34010.0,0.0,,1108161.0,Trey McBride,trey mcbride,3,5,22.0,0,0.0,0.0,28.0,11.0,1.0,-5.210472,0,0.78571427,0.25,0.5714286,0.775,Trey McBride,ARI,7.013333333333333,3.8321028894555567,5.1819999999999995,46.267857142857125,60.0,22.0,0.0,3.733333333333332,2.9581555224241733,0.7751778109091587,00-0037744,Trey,McBride,T.McBride,REG,ARI,CLE,Trey McBride,McBrTr01,0.0,0.0,0.0,30.8
2023,REG,9,00-0037292,A.Ogletree,TE,TE,IND,15916,59f460a8-b5af-40e6-840c-429762b278b3,24561.0,,8489.0,,4722908.0,34148.0,,2672594.0,OgleAn00,,16277.0,,1315.0,34148.0,0.0,,1271740.0,Andrew Ogletree,andrew ogletree,1,3,19.0,0,0.0,0.0,11.0,2.0,1.0,0.8316112,0,1.7272727,0.125,0.125,0.275,,,,,,,,,,,,,,,,,REG,IND,CAR,Andrew Ogletree,OgleAn00,0.0,0.0,0.0,56.2
2023,REG,9,00-0033246,J.Mundt,TE,TE,MIN,13940,6414998b-5831-44aa-8bd8-39e42a323c2c,16743.0,12206.0,4314.0,,3052096.0,30373.0,,2818622.0,MundJo00,,12316.0,12525.0,,30373.0,740704.0,19165.0,740704.0,Johnny Mundt,johnny mundt,1,1,18.0,0,0.0,0.0,0.0,18.0,1.0,1.1036434,0,0.0,0.028571429,0.0,0.042857144,,,,,,,,,,,,,,,,,REG,MIN,ATL,Johnny Mundt,MundJo00,0.0,0.0,0.0,118.7
2023,REG,9,00-0033895,G.Everett,TE,TE,LAC,13236,ebeceb00-57e0-4b74-9cf7-853da2afed18,16459.0,11799.0,4089.0,,3918639.0,30157.0,,2142692.0,EverGe00,gerald-everett-1,11737.0,12284.0,55.0,30157.0,838487.0,18935.0,838487.0,Gerald Everett,gerald everett,2,2,18.0,0,1.0,0.0,-7.0,25.0,1.0,0.6974739,0,0.0,0.071428575,-0.05035971,0.07189106,,,,,,,,,,,,,,,,,REG,LAC,NYJ,Gerald Everett,EverGe00,2.0,0.0,0.0,104.2
2023,REG,9,00-0034798,D.Smythe,TE,TE,MIA,13676,7e42a22a-c47b-4387-aeeb-2cc2e76dc1d8,17508.0,47257.0,5008.0,,3052897.0,31093.0,,2082845.0,SmytDu00,durham-smythe-1,12807.0,13249.0,,31093.0,749968.0,19943.0,749968.0,Durham Smythe,durham smythe,3,3,17.0,0,0.0,0.0,4.0,13.0,1.0,1.7412213,0,4.25,0.09090909,0.014234875,0.14632805,,,,,,,,,,,,,,,,,REG,MIA,KC,Durham Smythe,SmytDu00,0.0,0.0,0.0,90.3
2023,REG,9,00-0037304,C.Heyward,TE,TE,PIT,15800,62e96d7c-e4dd-4a90-8c3a-8017eb69120d,24562.0,,8181.0,,4241961.0,34163.0,,2867599.0,HeywCo00,connor-heyward-1,15916.0,,,34163.0,0.0,,1057457.0,Connor Heyward,connor heyward,2,3,16.0,0,0.0,0.0,4.0,13.0,1.0,-0.007964596,0,4.0,0.10344828,0.027210884,0.17422003,,,,,,,,,,,,,,,,,REG,PIT,TEN,Connor Heyward,HeywCo00,0.0,0.0,0.0,79.9
2023,REG,9,00-0030506,T.Kelce,TE,TE,KC,11244,c3859e06-5f23-4302-a71b-04820a899d5f,11594.0,7844.0,1466.0,traviskelce/2540258,15847.0,26686.0,,1725130.0,KelcTr00,travis-kelce-1,8783.0,8411.0,264.0,26686.0,448240.0,15048.0,448240.0,Travis Kelce,travis kelce,3,4,14.0,0,0.0,0.0,-3.0,16.0,0.0,-1.9619905,0,0.0,0.14285715,-0.01754386,0.20200501,,,,,,,,,,,,,,,,,REG,KC,MIA,Travis Kelce,KelcTr00,0.0,0.0,0.0,79.2
2023,REG,9,00-0033357,T.Hill,TE,TE,NO,13424,3c8a55dd-20a8-4375-b711-49eb5e6e1d0e,17115.0,12112.0,4381.0,,2468609.0,30614.0,,2818935.0,HillTa00,,12063.0,12729.0,150.0,30614.0,503184.0,19238.0,503184.0,Taysom Hill,taysom hill,4,5,13.0,1,0.0,0.0,12.0,4.0,1.0,0.9987654,0,1.0833334,0.15625,0.096,0.301575,,,,,,,,,,,,,,,,,REG,NO,CHI,Taysom Hill,HillTa00,0.0,0.0,0.0,118.7
2023,REG,9,00-0037005,T.Tremble,TE,TE,CAR,15332,cbee2fd3-e5f2-4316-bffd-531f1873f032,22795.0,84025.0,7694.0,,4372780.0,33471.0,,2969027.0,TremTo00,tommy-tremble-1,15371.0,,1054.0,33471.0,0.0,,1130555.0,Tommy Tremble,tommy tremble,2,2,12.0,0,0.0,0.0,11.0,1.0,1.0,1.487531,0,1.0909091,0.054054055,0.07096774,0.1307585,,,,,,,,,,,,,,,,,REG,CAR,IND,Tommy Tremble,TremTo00,0.0,0.0,0.0,91.7
2023,REG,9,00-0032134,C.Uzomah,TE,TE,NYJ,12317,19858900-5c8e-49a7-ab02-34ef625724ca,14084.0,9590.0,2460.0,c.j.uzomah/2552559,2574576.0,28545.0,,2174118.0,UzomC.00,cj-uzomah-1,10462.0,10534.0,,28545.0,593305.0,16917.0,593305.0,C.J. Uzomah,cj uzomah,2,5,11.0,0,0.0,0.0,30.0,2.0,1.0,-2.3800876,0,0.36666667,0.104166664,0.083798885,0.21490921,C.J. Uzomah,NYJ,3.91,3.689471752495598,5.344000000000002,7.587460245343023,40.0,11.0,0.0,0.7449999999999974,5.216355207743618,-4.4713552077436205,00-0032134,Christopher,Uzomah,C.Uzomah,REG,NYJ,LAC,C.J. Uzomah,UzomC.00,0.0,1.0,0.2,47.9
2023,REG,9,00-0033757,R.Tonyan,TE,TE,CHI,13427,7c9c7800-69d0-459b-812b-a07ac48e9f2a,16502.0,12193.0,4602.0,,2975674.0,30777.0,,2820026.0,TonyRo00,,12389.0,12868.0,,30777.0,660151.0,19491.0,660151.0,Robert Tonyan,robert tonyan,1,1,11.0,0,0.0,0.0,6.0,5.0,1.0,2.0504143,0,1.8333334,0.03846154,0.03508772,0.08225371,,,,,,,,,,,,,,,,,REG,CHI,NO,Robert Tonyan,TonyRo00,0.0,0.0,0.0,112.5
2023,REG,9,00-0034364,J.Akins,TE,TE,CLE,13753,0cb5a32a-a340-4671-ba2a-93f5fa6aee8d,17415.0,47050.0,5032.0,,3128452.0,31068.0,,2142712.0,AkinJo00,jordan-akins-1,12568.0,13238.0,,31068.0,838396.0,19903.0,838396.0,Jordan Akins,jordan akins,1,3,11.0,0,0.0,0.0,8.0,10.0,1.0,-2.8539083,0,1.375,0.10714286,0.039800994,0.18857498,,,,,,,,,,,,,,,,,REG,CLE,ARI,Jordan Akins,AkinJo00,0.0,0.0,0.0,45.1
2023,REG,9,00-0039066,M.Mayer,TE,TE,LV,16212,31f4645a-7ccb-4633-8580-2fca361beb4f,23056.0,,9482.0,,4429086.0,40065.0,,3171673.0,MayeMi00,michael-mayer-1,16666.0,,1427.0,40065.0,0.0,,1232592.0,Michael Mayer,michael mayer,2,2,11.0,0,0.0,0.0,0.0,11.0,0.0,0.907595,0,0.0,0.083333336,0.0,0.125,,,,,,,,,,,,,,,,,REG,LV,NYG,Michael Mayer,MayeMi00,1.0,0.0,0.0,89.6
2023,REG,9,00-0032392,A.Hooper,TE,TE,LV,12677,90c2a93f-d837-4e1b-b57c-56648903a8db,15581.0,10715.0,3202.0,,3043275.0,29315.0,,2067004.0,HoopAu00,austin-hooper-1,10748.0,11301.0,384.0,29315.0,739424.0,17963.0,739424.0,Austin Hooper,austin hooper,1,1,10.0,0,0.0,0.0,1.0,9.0,1.0,0.6421441,0,10.0,0.041666668,0.004878049,0.06591463,,,,,,,,,,,,,,,,,REG,LV,NYG,Austin Hooper,HoopAu00,0.0,0.0,0.0,108.3
2023,REG,9,00-0036332,J.Deguara,TE,TE,GB,14876,7874d188-0fcd-4af9-9289-27c27e2bbd16,19456.0,47034.0,7050.0,,3914151.0,32764.0,,2181108.0,DeguJo00,josiah-deguara-1,14629.0,,,32764.0,0.0,21798.0,866149.0,Josiah Deguara,josiah deguara,1,1,7.0,0,0.0,0.0,5.0,2.0,0.0,0.19586076,0,1.4,0.04,0.028735632,0.080114946,,,,,,,,,,,,,,,,,REG,GB,LA,Josiah Deguara,DeguJo00,0.0,0.0,0.0,95.8
2023,REG,9,00-0037805,J.Ruckert,TE,TE,NYJ,15796,28f3732b-0910-4d09-9fd4-e43b821dc5bb,23742.0,,8145.0,,4361372.0,34057.0,,2965446.0,RuckJe00,jeremy-ruckert-1,15996.0,,1255.0,34057.0,0.0,,1122596.0,Jeremy Ruckert,jeremy ruckert,1,1,7.0,0,0.0,0.0,4.0,3.0,0.0,0.23866408,0,1.75,0.020833334,0.011173184,0.03907123,,,,,,,,,,,,,,,,,REG,NYJ,LAC,Jeremy Ruckert,RuckJe00,0.0,0.0,0.0,95.8
2023,REG,9,00-0038558,D.Washington,TE,TE,PIT,16216,1984b8b5-d206-4d6a-8204-c5dd0160e9f5,22967.0,,9479.0,,4430802.0,40094.0,,3163963.0,WashDa03,darnell-washington-1,16889.0,,1431.0,40094.0,0.0,,1218658.0,Darnell Washington,darnell washington,1,1,7.0,0,0.0,0.0,2.0,5.0,1.0,0.7644744,0,3.5,0.03448276,0.013605442,0.06124795,,,,,,,,,,,,,,,,,REG,PIT,TEN,Darnell Washington,WashDa03,0.0,0.0,0.0,95.8
2023,REG,9,00-0036244,C.Parkinson,TE,TE,SEA,14871,1ea7affb-e5e7-491a-aaa3-55e200b2eb48,19372.0,52266.0,6865.0,,4242557.0,32803.0,,2867522.0,ParkCo02,colby-parkinson-1,14463.0,,565.0,32803.0,0.0,21807.0,1060312.0,Colby Parkinson,colby parkinson,1,1,6.0,0,0.0,0.0,6.0,0.0,0.0,0.29035643,0,1.0,0.04,0.030612245,0.08142857,,,,,,,,,,,,,,,,,REG,SEA,BAL,Colby Parkinson,ParkCo02,0.0,0.0,0.0,91.7
2023,REG,9,00-0035249,J.Oliver,TE,TE,MIN,14209,dc83f7af-7b30-4c4a-9c93-f67bd8db954b,18487.0,47083.0,5973.0,,3921690.0,31901.0,,2184618.0,OlivJo00,josh-oliver-1,13786.0,14127.0,7.0,31901.0,881779.0,20899.0,881779.0,Josh Oliver,josh oliver,2,2,1.0,0,0.0,0.0,-7.0,8.0,0.0,-1.3781089,0,0.0,0.057142857,-0.03301887,0.062601075,,,,,,,,,,,,,,,,,REG,MIN,ATL,Josh Oliver,OlivJo00,0.0,0.0,0.0,79.2
2023,REG,9,00-0033110,T.Higbee,TE,TE,LA,12678,0df7912d-9e81-47ea-b4f7-d04986df4ee8,15623.0,10744.0,3271.0,,2573401.0,29344.0,,1853103.0,HigbTy00,tyler-higbee-1,10854.0,11430.0,159.0,29344.0,604176.0,18032.0,604176.0,Tyler Higbee,tyler higbee,0,1,0.0,0,0.0,0.0,4.0,0.0,0.0,-0.5618121,0,0.0,0.037037037,0.016064256,0.066800535,,,,,,,,,,,,,,,,,REG,LA,GB,Tyler Higbee,HigbTy00,0.0,0.0,0.0,39.6
2023,REG,9,00-0034159,W.Dissly,TE,TE,SEA,13763,383f4814-6836-4766-a297-fc063e8509cc,18049.0,30762.0,5010.0,,3127292.0,31090.0,,2139628.0,DissWi00,will-dissly-1,12986.0,13246.0,86.0,31090.0,837806.0,19950.0,837806.0,Will Dissly,will dissly,0,1,0.0,0,0.0,0.0,8.0,0.0,0.0,-0.54669684,0,0.0,0.04,0.040816326,0.08857143,,,,,,,,,,,,,,,,,REG,SEA,BAL,Will Dissly,DissWi00,0.0,0.0,0.0,39.6
2023,REG,9,00-0034829,M.Gesicki,TE,TE,NE,13672,1012cbe0-7eba-4169-bfca-183a0204e1a7,17272.0,47153.0,4993.0,,3116164.0,31012.0,,2139298.0,GesiMi00,mike-gesicki-1,12764.0,13104.0,330.0,31012.0,836152.0,19853.0,836152.0,Mike Gesicki,mike gesicki,0,2,0.0,0,0.0,0.0,43.0,0.0,0.0,-1.6679618,0,0.0,0.046511628,0.112860896,0.14877006,,,,,,,,,,,,,,,,,REG,NE,WAS,Mike Gesicki,GesiMi00,0.0,0.0,0.0,39.6
2023,REG,9,00-0035329,D.Parham,TE,TE,LAC,14341,4f246e92-3d21-450f-977a-dc16892c7238,18835.0,91014.0,6074.0,,3912092.0,32456.0,,2183713.0,ParhDo00,,13602.0,14320.0,,32456.0,875649.0,20905.0,875649.0,Donald Parham,donald parham,0,2,0.0,0,0.0,0.0,10.0,0.0,0.0,-0.5044274,0,0.0,0.071428575,0.07194245,0.15750258,,,,,,,,,,,,,,,,,REG,LAC,NYJ,Donald Parham,ParhDo00,0.0,0.0,0.0,39.6
2023,REG,9,00-0035644,N.Fant,TE,TE,SEA,14137,cdc98acc-9eb6-4b44-81bb-61d7b8a3b55f,17527.0,42388.0,5857.0,,4036131.0,31852.0,,2251095.0,FantNo00,noah-fant-1,13426.0,14050.0,243.0,31852.0,923911.0,20753.0,923911.0,Noah Fant,noah fant,0,1,0.0,0,0.0,0.0,1.0,0.0,0.0,-0.97136235,0,0.0,0.04,0.0051020407,0.06357143,,,,,,,,,,,,,,,,,REG,SEA,BAL,Noah Fant,FantNo00,0.0,0.0,0.0,39.6
2023,REG,9,00-0036876,K.Granson,TE,TE,IND,15419,bcc0167c-05fd-4b23-981e-60b8784ceb33,22841.0,40630.0,7602.0,,4039160.0,33515.0,,2247146.0,GranKy00,kylen-granson-1,15245.0,,1119.0,33515.0,0.0,,921050.0,Kylen Granson,kylen granson,0,2,0.0,0,0.0,0.0,13.0,0.0,0.0,-1.6735724,0,0.0,0.083333336,0.14772727,0.2284091,,,,,,,,,,,,,,,,,REG,IND,CAR,Kylen Granson,GranKy00,0.0,0.0,0.0,39.6
2023,REG,9,00-0037475,S.Smartt,TE,TE,LAC,16113,6ee105f0-ca2e-11ec-be96-e90abdfa0fef,24621.0,,8583.0,,4250764.0,34637.0,,2864800.0,SmarSt00,,16321.0,,,34637.0,0.0,,1056865.0,Stone Smartt,stone smartt,0,1,0.0,0,0.0,0.0,-1.0,0.0,0.0,-0.616341,0,0.0,0.035714287,-0.007194245,0.04853546,,,,,,,,,,,,,,,,,REG,LAC,NYJ,Stone Smartt,SmarSt00,0.0,0.0,0.0,39.6
2023,REG,9,00-0038547,L.Schoonmaker,TE,TE,DAL,16221,143957a7-4649-4a19-b351-e606edc75ebd,25267.0,,10871.0,,4372096.0,40061.0,,2968473.0,SchoLu00,luke-schoonmaker-1,16855.0,,1382.0,40061.0,0.0,,1130242.0,Luke Schoonmaker,luke schoonmaker,1,1,0.0,0,0.0,0.0,0.0,0.0,0.0,-3.8754513,0,,0.022727273,0.0,0.03409091,,,,,,,,,,,,,,,,,REG,DAL,PHI,Luke Schoonmaker,SchoLu00,0.0,0.0,0.0,79.2
2023,REG,9,00-0038589,J.Whyle,TE,TE,TEN,16312,601467c7-b593-472d-a147-b8e7bfdbe990,22923.0,,10212.0,,4360086.0,40182.0,,2962513.0,WhylJo01,josh-whyle-1,16866.0,,1471.0,40182.0,0.0,,1107037.0,Josh Whyle,josh whyle,0,1,0.0,0,0.0,0.0,19.0,0.0,0.0,-2.517178,0,0.0,0.027027028,0.04822335,0.074296884,,,,,,,,,,,,,,,,,REG,TEN,PIT,Josh Whyle,WhylJo01,0.0,0.0,0.0,0.0
2023,REG,9,00-0036628,J.Bates,TE,TE,WAS,15344,3208880b-949f-4926-85eb-1940770550ea,22833.0,42275.0,7716.0,,4048228.0,33512.0,,2257291.0,BateJo00,john-bates-1,15289.0,,,33512.0,0.0,,944038.0,John Bates,john bates,1,2,-5.0,0,0.0,0.0,14.0,2.0,0.0,-1.5458472,0,-0.35714287,0.045454547,0.036842104,0.09397129,,,,,,,,,,,,,,,,,REG,WAS,NE,John Bates,BateJo00,0.0,0.0,0.0,56.2
2023,REG,10,00-0035229,T.Hockenson,TE,TE,MIN,14138,bd1120b6-38b3-4225-a4b0-20660a149d0d,18290.0,40912.0,5844.0,,4036133.0,31840.0,,2251097.0,HockTJ00,tj-hockenson-1,13610.0,14051.0,247.0,31840.0,923915.0,20805.0,923915.0,T.J. Hockenson,tj hockenson,11,15,134.0,1,0.0,0.0,134.0,50.0,7.0,9.202681,0,1.0,0.46875,0.536,1.078325,T.J. Hockenson,MIN,5.741666666666667,3.87996763508141,8.497333333333334,53.02879014811116,73.33333333333333,134.0,1.0,4.499090909090908,3.8276524323489722,0.6714384767419359,00-0035229,Thomas,Hockenson,T.Hockenson,REG,MIN,NO,T.J. Hockenson,HockTJ00,0.0,0.0,0.0,122.6
2023,REG,10,00-0037744,T.McBride,TE,TE,ARI,15794,734d54cc-c869-4e2f-a60f-c59c493f5110,22936.0,,8130.0,,4361307.0,34010.0,,2963385.0,McBrTr01,trey-mcbride-1,15902.0,,1253.0,34010.0,0.0,,1108161.0,Trey McBride,trey mcbride,8,9,131.0,0,0.0,0.0,85.0,60.0,7.0,2.9017694,0,1.5411764,0.29032257,0.26645768,0.6220043,Trey McBride,ARI,5.038749999999999,3.5740309072012533,8.606666666666667,25.25018743684193,88.88888888888889,131.0,0.0,8.122499999999999,5.286151436668144,2.836348563331855,00-0037744,Trey,McBride,T.McBride,REG,ARI,ATL,Trey McBride,McBrTr01,3.0,0.0,0.0,79.2
2023,REG,10,00-0033288,G.Kittle,TE,TE,SF,13299,2ada91b0-036e-454f-83c3-6d939ff584a9,16499.0,11901.0,4217.0,,3040151.0,30259.0,,2818265.0,KittGe00,george-kittle-1,11892.0,12276.0,298.0,30259.0,733672.0,19063.0,733672.0,George Kittle,george kittle,3,4,116.0,1,0.0,0.0,75.0,53.0,3.0,8.818248,0,1.5466666,0.14814815,0.40106952,0.5029709,,,,,,,,,,,,,,,,,REG,SF,JAX,George Kittle,KittGe00,0.0,0.0,0.0,156.2
2023,REG,10,00-0034383,D.Schultz,TE,TE,HOU,13772,8caec1b4-e0b6-4a84-b8c8-617d6e91ef6a,17349.0,47304.0,5001.0,,3117256.0,31107.0,,2136748.0,SchuDa00,dalton-schultz-1,12514.0,13198.0,487.0,31107.0,830523.0,19920.0,830523.0,Dalton Schultz,dalton schultz,4,6,71.0,0,0.0,0.0,81.0,12.0,3.0,3.1472323,0,0.8765432,0.15384616,0.17381974,0.35244304,Dalton Schultz,HOU,6.475999999999999,2.8009282206621493,12.543333333333331,16.172078131379326,66.66666666666666,71.0,0.0,4.307500000000001,5.992240086720358,-1.6847400867203568,00-0034383,Dalton,Schultz,D.Schultz,REG,HOU,CIN,Dalton Schultz,SchuDa00,0.0,0.0,0.0,106.9
2023,REG,10,00-0034270,T.Conklin,TE,TE,NYJ,13675,f0d17dfa-ebf3-416c-a8d2-c6bc30675103,17598.0,47327.0,5133.0,,3915486.0,31220.0,,2165249.0,ConkTy00,tyler-conklin-1,12809.0,13220.0,489.0,31127.0,861278.0,19988.0,861278.0,Tyler Conklin,tyler conklin,7,7,70.0,0,0.0,0.0,47.0,23.0,2.0,2.2575195,0,1.4893616,0.1891892,0.14329268,0.38408867,Tyler Conklin,NYJ,9.155,5.06579387299776,5.741428571428571,13.60942738139582,100.0,70.0,0.0,4.25857142857143,3.569769728480943,0.6888017000904867,00-0034270,Tyler,Conklin,T.Conklin,REG,NYJ,LV,Tyler Conklin,ConkTy00,0.0,0.0,0.0,108.3
2023,REG,10,00-0039144,L.Musgrave,TE,TE,GB,16215,77a4fb49-3c6c-4aa1-8a21-20956e2d2240,25282.0,,9481.0,,4428085.0,40074.0,,3129283.0,MusgLu00,luke-musgrave-1,16663.0,,1430.0,40074.0,0.0,,1179790.0,Luke Musgrave,luke musgrave,2,4,64.0,0,0.0,0.0,68.0,13.0,2.0,3.5099332,0,0.9411765,0.10810811,0.18579236,0.2922168,,,,,,,,,,,,,,,,,REG,GB,PIT,Luke Musgrave,MusgLu00,0.0,0.0,0.0,95.8
2023,REG,10,00-0033885,D.Njoku,TE,TE,CLE,13192,8f86fcea-90e8-49ea-bc78-5c7659313e57,16399.0,11784.0,4033.0,,3123076.0,30142.0,,2136474.0,NjokDa00,david-njoku-1,11734.0,12186.0,252.0,30142.0,832098.0,18876.0,832098.0,David Njoku,david njoku,6,9,58.0,0,0.0,0.0,5.0,58.0,2.0,-4.4000387,0,11.6,0.28125,0.016286645,0.43327564,David Njoku,CLE,7.82,5.801197089733964,1.5100000000000007,3.7905835099854976,66.66666666666666,58.0,0.0,10.045,7.346794660698531,2.6982053393014693,00-0033885,David,Njoku,D.Njoku,REG,CLE,BAL,David Njoku,NjokDa00,2.0,2.0,0.222,44.9
2023,REG,10,00-0038933,D.Kincaid,TE,TE,BUF,16213,b961fa15-0676-4948-b95f-56d06319d40e,25247.0,,10236.0,,4385690.0,40048.0,,2982991.0,KincDa00,dalton-kincaid-1,16697.0,,1428.0,40048.0,0.0,,1135513.0,Dalton Kincaid,dalton kincaid,5,6,51.0,1,0.0,0.0,37.0,22.0,1.0,1.5861448,0,1.3783784,0.24,0.16972478,0.47880733,Dalton Kincaid,BUF,6.425,4.865548095743482,6.225000000000001,19.23374015139812,83.33333333333334,51.0,1.0,4.529999999999999,4.075410021091011,0.454589978908988,00-0038933,Dalton,Kincaid,D.Kincaid,REG,BUF,DEN,Dalton Kincaid,KincDa00,1.0,1.0,0.167,141.7
2023,REG,10,00-0036290,C.Kmet,TE,TE,CHI,14867,036feeb6-9a22-43c5-a8e3-7ac611d8ff49,19229.0,60995.0,6826.0,,4258595.0,32713.0,,2868619.0,KmetCo00,cole-kmet-1,14436.0,,569.0,32713.0,0.0,21772.0,1066765.0,Cole Kmet,cole kmet,5,7,45.0,0,0.0,0.0,30.0,36.0,2.0,0.72247136,0,1.5,0.21875,0.13761468,0.42445529,Cole Kmet,CHI,4.3225,3.8957338692696157,3.8085714285714287,12.564803468752947,71.42857142857143,45.0,0.0,7.420000000000002,6.290131610992296,1.1298683890077061,00-0036290,Cole,Kmet,C.Kmet,REG,CHI,CAR,Cole Kmet,KmetCo00,0.0,0.0,0.0,88.4
2023,REG,10,00-0034753,M.Andrews,TE,TE,BAL,13671,0618f387-9b72-4270-8b8f-dec4cccc9e4a,17269.0,47436.0,5012.0,,3116365.0,31056.0,,2131121.0,AndrMa00,mark-andrews-1,12559.0,13182.0,366.0,31056.0,820699.0,19803.0,820699.0,Mark Andrews,mark andrews,2,4,44.0,0,0.0,0.0,26.0,25.0,1.0,1.4191248,0,1.6923077,0.17391305,0.108333334,0.3367029,,,,,,,,,,,,,,,,,REG,BAL,CLE,Mark Andrews,AndrMa00,0.0,0.0,0.0,89.6
2023,REG,10,00-0031260,L.Thomas,TE,TE,WAS,11647,b24625a0-d402-4d59-a778-aa4b073bfe5e,12095.0,8755.0,2251.0,loganthomas/2543767,16813.0,27648.0,,1691193.0,ThomLo00,logan-thomas-1,9323.0,9354.0,,27648.0,507528.0,16656.0,507528.0,Logan Thomas,logan thomas,5,5,40.0,0,0.0,0.0,18.0,22.0,2.0,4.141739,0,2.2222223,0.11904762,0.08955224,0.241258,Logan Thomas,WAS,4.4799999999999995,4.425810116671819,2.9599999999999995,8.096723015482246,100.0,40.0,0.0,5.040000000000001,5.298360469249337,-0.258360469249336,00-0031260,Logan,Thomas,L.Thomas,REG,WAS,SEA,Logan Thomas,ThomLo00,0.0,0.0,0.0,100.0
2023,REG,10,00-0039065,S.LaPorta,TE,TE,DET,16214,3059f1e5-1871-4458-9e90-9b9917874c61,22978.0,,10859.0,,4430027.0,40064.0,,3124197.0,LaPoSa01,sam-laporta-1,17033.0,,1429.0,40064.0,0.0,,1168926.0,Sam LaPorta,sam laporta,4,5,40.0,0,0.0,0.0,47.0,7.0,2.0,3.3637414,0,0.85106385,0.15625,0.19262294,0.36921108,Sam LaPorta,DET,7.39,1.5270757995909876,7.1659999999999995,16.236179082834873,80.0,40.0,0.0,2.262500000000001,1.7440990046565688,0.5184009953434323,00-0039065,Sam,LaPorta,S.LaPorta,REG,DET,LAC,Sam LaPorta,LaPoSa01,0.0,0.0,0.0,100.0
2023,REG,10,00-0038115,D.Bellinger,TE,TE,NYG,15873,42a1c03e-790e-46ba-b0d5-d304e44c02c7,24238.0,,8225.0,,4361516.0,34068.0,,2963615.0,BellDa00,daniel-bellinger-1,16036.0,,1322.0,34068.0,0.0,,1122035.0,Daniel Bellinger,daniel bellinger,2,3,34.0,0,0.0,0.0,8.0,30.0,1.0,0.408549,0,4.25,0.115384616,0.052980132,0.21016301,,,,,,,,,,,,,,,,,REG,NYG,DAL,Daniel Bellinger,BellDa00,1.0,0.0,0.0,104.9
2023,REG,10,00-0034613,T.Hudson,TE,TE,CIN,14370,2fa75e05-cac4-4b40-8924-dbc9ae0c959c,17826.0,66924.0,5409.0,,3050481.0,31257.0,,2926606.0,,,13286.0,,,31257.0,1115394.0,20506.0,1115394.0,Tanner Hudson,tanner hudson,6,7,33.0,0,0.0,0.0,29.0,19.0,2.0,3.495751,0,1.137931,0.17948718,0.08381503,0.3279013,Tanner Hudson,CIN,7.17,3.7074724826478254,4.159999999999998,9.06854348976986,85.71428571428571,33.0,0.0,2.9033333333333347,3.6991324487870165,-0.7957991154536819,00-0034613,Tanner,Hudson,T.Hudson,,,,,,,,,
2023,REG,10,00-0037304,C.Heyward,TE,TE,PIT,15800,62e96d7c-e4dd-4a90-8c3a-8017eb69120d,24562.0,,8181.0,,4241961.0,34163.0,,2867599.0,HeywCo00,connor-heyward-1,15916.0,,,34163.0,0.0,,1057457.0,Connor Heyward,connor heyward,3,4,32.0,0,0.0,0.0,9.0,25.0,1.0,-0.020756658,0,3.5555556,0.18181819,0.083333336,0.33106062,,,,,,,,,,,,,,,,,REG,PIT,GB,Connor Heyward,HeywCo00,0.0,0.0,0.0,97.9
2023,REG,10,00-0036970,K.Pitts,TE,TE,ATL,15329,1f3deb24-9ff8-4769-8f42-825eff7742f6,20164.0,83964.0,7553.0,,4360248.0,33392.0,,2964514.0,PittKy00,kyle-pitts-1,15265.0,,1051.0,33392.0,0.0,,1123026.0,Kyle Pitts,kyle pitts,3,5,30.0,0,0.0,0.0,36.0,12.0,0.0,-2.0494437,0,0.8333333,0.2631579,0.18947369,0.5273684,Kyle Pitts,ATL,5.978,2.3733518038749337,5.8320000000000025,17.514565439365732,60.0,30.0,0.0,4.386666666666663,4.766497940736485,-0.3798312740698222,00-0036970,Kyle,Pitts,K.Pitts,REG,ATL,ARI,Kyle Pitts,PittKy00,0.0,0.0,0.0,77.1
2023,REG,10,00-0037809,C.Okonkwo,TE,TE,TEN,15889,14e11f9b-58c8-437f-abc0-a4e4df9a7c47,23982.0,,8210.0,,4360635.0,34099.0,,2965208.0,OkonCh00,chigoziem-okonkwo-1,16042.0,,1320.0,34099.0,0.0,,1106374.0,Chigoziem Okonkwo,chigoziem okonkwo,3,6,27.0,0,0.0,0.0,53.0,21.0,1.0,-0.5953314,0,0.509434,0.15384616,0.118303575,0.31358173,Chigoziem Okonkwo,TEN,4.2749999999999995,3.5918597776610297,9.011666666666665,11.99263629508051,50.0,27.0,0.0,6.503333333333334,6.53069883598793,-0.027365502654595808,00-0037809,Chigoziem,Okonkwo,C.Okonkwo,REG,TEN,TB,Chigoziem Okonkwo,OkonCh00,0.0,1.0,0.167,62.5
2023,REG,10,00-0038041,J.Ferguson,TE,TE,DAL,15799,f46eab3d-d7dd-4420-b3f9-6da9ac1308ab,22718.0,,8110.0,,4242355.0,34085.0,,2867159.0,FergJa00,jake-ferguson-1,15947.0,,1258.0,34085.0,0.0,,1065361.0,Jake Ferguson,jake ferguson,4,7,26.0,1,0.0,0.0,34.0,7.0,2.0,-9.23112,0,0.7647059,0.1590909,0.074074075,0.2904882,Jake Ferguson,DAL,4.766666666666667,2.095455121893991,7.078571428571431,10.283283179412681,57.14285714285714,26.0,1.0,1.4149999999999974,2.3607010460380806,-0.9457010460380832,00-0038041,Jake,Ferguson,J.Ferguson,REG,DAL,NYG,Jake Ferguson,FergJa00,0.0,0.0,0.0,65.2
2023,REG,10,00-0036754,B.Wright,TE,TE,DET,15626,8f182089-7730-499e-8f2e-87bda32debfb,23341.0,60994.0,7891.0,,4242392.0,33774.0,,2807423.0,WrigBr01,,15681.0,,1162.0,33774.0,0.0,,978120.0,Brock Wright,brock wright,2,3,23.0,1,0.0,0.0,11.0,10.0,1.0,1.4597144,0,2.090909,0.09375,0.045081966,0.17218238,,,,,,,,,,,,,,,,,REG,DET,LAC,Brock Wright,WrigBr01,0.0,0.0,0.0,129.2
2023,REG,10,00-0034159,W.Dissly,TE,TE,SEA,13763,383f4814-6836-4766-a297-fc063e8509cc,18049.0,30762.0,5010.0,,3127292.0,31090.0,,2139628.0,DissWi00,will-dissly-1,12986.0,13246.0,86.0,31090.0,837806.0,19950.0,837806.0,Will Dissly,will dissly,2,2,22.0,0,0.0,0.0,2.0,20.0,1.0,1.0823692,0,11.0,0.04761905,0.007751938,0.07685493,,,,,,,,,,,,,,,,,REG,SEA,WAS,Will Dissly,DissWi00,0.0,0.0,0.0,112.5
2023,REG,10,00-0034829,M.Gesicki,TE,TE,NE,13672,1012cbe0-7eba-4169-bfca-183a0204e1a7,17272.0,47153.0,4993.0,,3116164.0,31012.0,,2139298.0,GesiMi00,mike-gesicki-1,12764.0,13104.0,330.0,31012.0,836152.0,19853.0,836152.0,Mike Gesicki,mike gesicki,2,3,22.0,0,0.0,0.0,32.0,4.0,1.0,-1.4176705,0,0.6875,0.115384616,0.2519685,0.34945488,,,,,,,,,,,,,,,,,REG,NE,IND,Mike Gesicki,GesiMi00,0.0,0.0,0.0,48.6
2023,REG,10,00-0033090,H.Henry,TE,TE,NE,12676,705899da-3c20-4bc3-b5d0-2e6e40655131,15561.0,10669.0,3214.0,,3046439.0,29269.0,,2079848.0,HenrHu00,hunter-henry-1,10735.0,11299.0,212.0,29269.0,744425.0,17975.0,744425.0,Hunter Henry,hunter henry,3,5,21.0,0,1.0,0.0,33.0,1.0,2.0,-0.7191003,0,0.6363636,0.1923077,0.25984251,0.4703513,Hunter Henry,NE,6.6475,1.4985123862172878,8.213999999999999,31.74860853432282,60.0,21.0,0.0,-0.27000000000000074,1.4103736135104252,-1.680373613510426,00-0033090,Hunter,Henry,H.Henry,REG,NE,IND,Hunter Henry,HenrHu00,0.0,0.0,0.0,69.6
2023,REG,10,00-0036628,J.Bates,TE,TE,WAS,15344,3208880b-949f-4926-85eb-1940770550ea,22833.0,42275.0,7716.0,,4048228.0,33512.0,,2257291.0,BateJo00,john-bates-1,15289.0,,,33512.0,0.0,,944038.0,John Bates,john bates,3,3,21.0,0,0.0,0.0,0.0,21.0,1.0,1.843978,0,0.0,0.071428575,0.0,0.10714286,,,,,,,,,,,,,,,,,REG,WAS,SEA,John Bates,BateJo00,1.0,0.0,0.0,95.8
2023,REG,10,00-0039066,M.Mayer,TE,TE,LV,16212,31f4645a-7ccb-4633-8580-2fca361beb4f,23056.0,,9482.0,,4429086.0,40065.0,,3171673.0,MayeMi00,michael-mayer-1,16666.0,,1427.0,40065.0,0.0,,1232592.0,Michael Mayer,michael mayer,3,5,19.0,1,0.0,0.0,15.0,3.0,2.0,1.1660689,0,1.2666667,0.2,0.07692308,0.35384616,Michael Mayer,LV,3.97,2.3751899906117524,4.0820000000000025,11.115952290180278,60.0,19.0,1.0,1.0133333333333308,0.6954256877858521,0.31790764554747863,00-0039066,Michael,Mayer,M.Mayer,REG,LV,NYJ,Michael Mayer,MayeMi00,0.0,1.0,0.2,107.5
2023,REG,10,00-0035329,D.Parham,TE,TE,LAC,14341,4f246e92-3d21-450f-977a-dc16892c7238,18835.0,91014.0,6074.0,,3912092.0,32456.0,,2183713.0,ParhDo00,,13602.0,14320.0,,32456.0,875649.0,20905.0,875649.0,Donald Parham,donald parham,2,2,18.0,0,0.0,0.0,5.0,13.0,1.0,0.8570519,0,3.6,0.05,0.01831502,0.087820515,,,,,,,,,,,,,,,,,REG,LAC,DET,Donald Parham,ParhDo00,0.0,0.0,0.0,104.2
2023,REG,10,00-0033357,T.Hill,TE,TE,NO,13424,3c8a55dd-20a8-4375-b711-49eb5e6e1d0e,17115.0,12112.0,4381.0,,2468609.0,30614.0,,2818935.0,HillTa00,,12063.0,12729.0,150.0,30614.0,503184.0,19238.0,503184.0,Taysom Hill,taysom hill,2,4,17.0,0,0.0,0.0,13.0,11.0,1.0,-0.3482521,0,1.3076923,0.1,0.031476997,0.17203389,,,,,,,,,,,,,,,,,REG,NO,MIN,Taysom Hill,HillTa00,0.0,1.0,0.25,61.5
2023,REG,10,00-0037005,T.Tremble,TE,TE,CAR,15332,cbee2fd3-e5f2-4316-bffd-531f1873f032,22795.0,84025.0,7694.0,,4372780.0,33471.0,,2969027.0,TremTo00,tommy-tremble-1,15371.0,,1054.0,33471.0,0.0,,1130555.0,Tommy Tremble,tommy tremble,3,3,16.0,0,0.0,0.0,16.0,0.0,1.0,2.7327633,0,1.0,0.0882353,0.07017544,0.18147574,,,,,,,,,,,,,,,,,REG,CAR,CHI,Tommy Tremble,TremTo00,0.0,0.0,0.0,88.9
2023,REG,10,00-0038589,J.Whyle,TE,TE,TEN,16312,601467c7-b593-472d-a147-b8e7bfdbe990,22923.0,,10212.0,,4360086.0,40182.0,,2962513.0,WhylJo01,josh-whyle-1,16866.0,,1471.0,40182.0,0.0,,1107037.0,Josh Whyle,josh whyle,2,5,16.0,0,0.0,0.0,64.0,3.0,2.0,0.0046136524,0,0.25,0.12820514,0.14285715,0.2923077,Josh Whyle,TEN,5.075,3.7123943307756577,10.286,11.407088674976709,40.0,16.0,0.0,2.155000000000001,5.2412065115868245,-3.0862065115868234,00-0038589,Josh,Whyle,J.Whyle,REG,TEN,TB,Josh Whyle,WhylJo01,0.0,1.0,0.2,48.7
2023,REG,10,00-0036422,A.Trautman,TE,TE,DEN,14870,4e14183b-f974-4745-9d7f-8f5eb2a92a7d,19423.0,109795.0,6869.0,,3911853.0,32775.0,,2182228.0,TrauAd00,,14541.0,,566.0,32775.0,0.0,21786.0,875444.0,Adam Trautman,adam trautman,2,2,15.0,0,0.0,0.0,10.0,5.0,0.0,-0.10078858,0,1.5,0.06896552,0.1,0.17344828,,,,,,,,,,,,,,,,,REG,DEN,BUF,Adam Trautman,TrauAd00,1.0,0.0,0.0,97.9
2023,REG,10,00-0034830,H.Hurst,TE,TE,CAR,13680,1b125fc4-5dd9-4eb9-a42f-048e61ca42b7,17283.0,47294.0,4973.0,,3924365.0,30995.0,,2185053.0,HursHa00,hayden-hurst-1,12467.0,13098.0,8.0,30995.0,881956.0,19843.0,881956.0,Hayden Hurst,hayden hurst,2,4,14.0,0,0.0,0.0,34.0,3.0,0.0,-1.2420133,0,0.4117647,0.11764706,0.1491228,0.28085655,,,,,,,,,,,,,,,,,REG,CAR,CHI,Hayden Hurst,HursHa00,0.0,1.0,0.25,58.3
2023,REG,10,00-0032141,G.Swaim,TE,TE,ARI,12378,d0f9112d-2496-450a-9fc5-d2d01b4d2454,14164.0,9679.0,2545.0,geoffswaim/2553454,3046704.0,28634.0,,2174207.0,SwaiGe00,geoff-swaim-1,10507.0,10617.0,,28634.0,728021.0,17005.0,728021.0,Geoff Swaim,geoff swaim,2,2,13.0,0,0.0,0.0,9.0,4.0,0.0,0.40039518,0,1.4444444,0.06451613,0.028213166,0.11652341,,,,,,,,,,,,,,,,,REG,ARI,ATL,Geoff Swaim,SwaiGe00,0.0,0.0,0.0,93.7
2023,REG,10,00-0033881,E.Engram,TE,TE,JAX,13189,e21365af-8d66-416e-b0a5-8816d18fcfd9,16411.0,11778.0,4066.0,,3051876.0,30136.0,,2079887.0,EngrEv00,evan-engram-1,11805.0,12205.0,229.0,30136.0,749185.0,18912.0,749185.0,Evan Engram,evan engram,4,7,12.0,0,0.0,0.0,2.0,11.0,0.0,-3.3796577,0,6.0,0.22580644,0.009009009,0.34501597,Evan Engram,JAX,4.890000000000001,3.567042906453293,1.3214285714285714,3.948604115085802,57.14285714285714,12.0,0.0,3.0174999999999983,4.834217228980606,-1.8167172289806075,00-0033881,Evan,Engram,E.Engram,REG,JAX,SF,Evan Engram,EngrEv00,0.0,1.0,0.143,62.2
2023,REG,10,00-0035631,D.Sample,TE,TE,CIN,14146,15a4f552-ecaf-45bd-9006-aa5dda93bee6,18561.0,47259.0,6001.0,,3127310.0,31884.0,,2139646.0,SampDr00,drew-sample-1,13809.0,14111.0,435.0,31884.0,837824.0,20931.0,837824.0,Drew Sample,drew sample,2,3,12.0,0,0.0,0.0,25.0,11.0,0.0,-4.2309375,0,0.48,0.07692308,0.07225434,0.16596265,,,,,,,,,,,,,,,,,REG,CIN,HOU,Drew Sample,SampDr00,0.0,0.0,0.0,34.7
2023,REG,10,00-0036145,L.Cager,TE,TE,NYG,15041,2f2181f8-cb0a-42e4-9468-17f5f5a219cc,19701.0,34914.0,7106.0,,3917849.0,33329.0,,2183845.0,,,14597.0,,,33329.0,0.0,21728.0,880123.0,Lawrence Cager,lawrence cager,1,2,10.0,1,0.0,0.0,14.0,8.0,1.0,1.3084383,0,0.71428573,0.07692308,0.09271523,0.18028527,,,,,,,,,,,,,,,,,,,,,,,,,
2023,REG,10,00-0038129,C.Otton,TE,TE,TB,15802,f23517bd-ae85-484a-8ecb-1f7a2d851e48,23181.0,,8111.0,,4243331.0,34062.0,,2815179.0,OttoCa00,cade-otton-1,16032.0,,1261.0,34062.0,0.0,,1049263.0,Cade Otton,cade otton,2,3,10.0,0,0.0,0.0,20.0,7.0,1.0,0.4877494,0,0.5,0.10344828,0.05730659,0.19528703,,,,,,,,,,,,,,,,,REG,TB,TEN,Cade Otton,OttoCa00,0.0,0.0,0.0,71.5
2023,REG,10,00-0033246,J.Mundt,TE,TE,MIN,13940,6414998b-5831-44aa-8bd8-39e42a323c2c,16743.0,12206.0,4314.0,,3052096.0,30373.0,,2818622.0,MundJo00,,12316.0,12525.0,,30373.0,740704.0,19165.0,740704.0,Johnny Mundt,johnny mundt,2,2,8.0,0,0.0,0.0,-3.0,11.0,0.0,0.01986569,0,0.0,0.0625,-0.012,0.08535,,,,,,,,,,,,,,,,,REG,MIN,NO,Johnny Mundt,MundJo00,0.0,0.0,0.0,83.3
2023,REG,10,00-0034364,J.Akins,TE,TE,CLE,13753,0cb5a32a-a340-4671-ba2a-93f5fa6aee8d,17415.0,47050.0,5032.0,,3128452.0,31068.0,,2142712.0,AkinJo00,jordan-akins-1,12568.0,13238.0,,31068.0,838396.0,19903.0,838396.0,Jordan Akins,jordan akins,1,1,8.0,0,0.0,0.0,5.0,3.0,0.0,0.5459903,0,1.6,0.03125,0.016286645,0.05827565,,,,,,,,,,,,,,,,,REG,CLE,BAL,Jordan Akins,AkinJo00,0.0,0.0,0.0,100.0
2023,REG,10,00-0032392,A.Hooper,TE,TE,LV,12677,90c2a93f-d837-4e1b-b57c-56648903a8db,15581.0,10715.0,3202.0,,3043275.0,29315.0,,2067004.0,HoopAu00,austin-hooper-1,10748.0,11301.0,384.0,29315.0,739424.0,17963.0,739424.0,Austin Hooper,austin hooper,1,1,7.0,0,0.0,0.0,5.0,2.0,0.0,-0.40953177,0,1.4,0.04,0.025641026,0.07794872,,,,,,,,,,,,,,,,,REG,LV,NYJ,Austin Hooper,HoopAu00,0.0,0.0,0.0,95.8
2023,REG,10,00-0038394,W.Mallory,TE,TE,IND,16220,5d4a5e4f-7c74-4b4c-b8e5-33bb831e3057,23821.0,,10220.0,,4362523.0,40180.0,,2962073.0,MallWi00,will-mallory-1,17014.0,,1435.0,,0.0,,1121873.0,Will Mallory,will mallory,1,2,7.0,0,0.0,0.0,9.0,8.0,0.0,-0.3718327,0,0.7777778,0.07692308,0.04,0.14338462,,,,,,,,,,,,,,,,,REG,IND,NE,Will Mallory,MallWi00,0.0,0.0,0.0,58.3
2023,REG,10,00-0031484,C.Manhertz,TE,TE,DEN,12955,7c7b5515-7786-4e24-9ce0-34e6a8bd5727,14014.0,10211.0,3048.0,,2531358.0,28365.0,,2167520.0,ManhCh00,,10033.0,10295.0,,28365.0,563293.0,17762.0,563293.0,Chris Manhertz,chris manhertz,1,1,6.0,0,0.0,0.0,3.0,3.0,0.0,0.14951226,0,2.0,0.03448276,0.03,0.07272414,,,,,,,,,,,,,,,,,REG,DEN,BUF,Chris Manhertz,ManhCh00,0.0,0.0,0.0,91.7
2023,REG,10,00-0032134,C.Uzomah,TE,TE,NYJ,12317,19858900-5c8e-49a7-ab02-34ef625724ca,14084.0,9590.0,2460.0,c.j.uzomah/2552559,2574576.0,28545.0,,2174118.0,UzomC.00,cj-uzomah-1,10462.0,10534.0,,28545.0,593305.0,16917.0,593305.0,C.J. Uzomah,cj uzomah,1,1,6.0,0,0.0,0.0,2.0,4.0,0.0,0.053693917,0,3.0,0.027027028,0.0060975607,0.044808835,,,,,,,,,,,,,,,,,REG,NYJ,LV,C.J. Uzomah,UzomC.00,1.0,0.0,0.0,91.7
2023,REG,10,00-0034970,I.Smith,TE,TE,CIN,14141,ed0e6a30-83d5-4f4b-bf49-f7ff80e21304,18610.0,42060.0,6126.0,,4040980.0,31882.0,,2257888.0,SmitIr01,irv-smith-jr-1,13583.0,14052.0,,31882.0,944428.0,20949.0,944428.0,Irv Smith,irv smith,1,1,6.0,0,0.0,0.0,-1.0,7.0,0.0,0.4969641,0,0.0,0.025641026,-0.0028901733,0.036438417,,,,,,,,,,,,,,,,,REG,CIN,HOU,Irv Smith Jr.,SmitIr01,0.0,0.0,0.0,91.7
2023,REG,10,00-0035644,N.Fant,TE,TE,SEA,14137,cdc98acc-9eb6-4b44-81bb-61d7b8a3b55f,17527.0,42388.0,5857.0,,4036131.0,31852.0,,2251095.0,FantNo00,noah-fant-1,13426.0,14050.0,243.0,31852.0,923911.0,20753.0,923911.0,Noah Fant,noah fant,2,3,6.0,0,0.0,0.0,13.0,12.0,0.0,-2.4440737,0,0.46153846,0.071428575,0.0503876,0.14241417,,,,,,,,,,,,,,,,,REG,SEA,WAS,Noah Fant,FantNo00,0.0,0.0,0.0,70.1
2023,REG,10,00-0038558,D.Washington,TE,TE,PIT,16216,1984b8b5-d206-4d6a-8204-c5dd0160e9f5,22967.0,,9479.0,,4430802.0,40094.0,,3163963.0,WashDa03,darnell-washington-1,16889.0,,1431.0,40094.0,0.0,,1218658.0,Darnell Washington,darnell washington,1,1,6.0,0,0.0,0.0,0.0,6.0,0.0,0.30848345,0,0.0,0.045454547,0.0,0.06818182,,,,,,,,,,,,,,,,,REG,PIT,GB,Darnell Washington,WashDa03,0.0,0.0,0.0,91.7
2023,REG,10,00-0038996,T.Kraft,TE,TE,GB,16222,3a084c5f-6b9f-4703-a0c7-1566bc4b1129,25298.0,,9484.0,,4572680.0,40102.0,,3133332.0,KrafTu00,,16649.0,,1418.0,40102.0,0.0,,1181874.0,Tucker Kraft,tucker kraft,1,3,6.0,0,0.0,0.0,11.0,3.0,0.0,-1.5860331,0,0.54545456,0.08108108,0.030054646,0.14265987,,,,,,,,,,,,,,,,,REG,GB,PIT,Tucker Kraft,KrafTu00,0.0,0.0,0.0,42.4
2023,REG,10,00-0036876,K.Granson,TE,TE,IND,15419,bcc0167c-05fd-4b23-981e-60b8784ceb33,22841.0,40630.0,7602.0,,4039160.0,33515.0,,2247146.0,GranKy00,kylen-granson-1,15245.0,,1119.0,33515.0,0.0,,921050.0,Kylen Granson,kylen granson,1,2,5.0,0,0.0,0.0,-1.0,1.0,0.0,-0.67055625,0,0.0,0.07692308,-0.0044444446,0.11227351,,,,,,,,,,,,,,,,,REG,IND,NE,Kylen Granson,GranKy00,0.0,0.0,0.0,56.2
2023,REG,10,00-0037838,I.Likely,TE,TE,BAL,15798,f9279edb-cfa7-4f7d-91df-b81cbf3e133e,23781.0,,8131.0,,4361050.0,34095.0,,2961906.0,LikeIs00,isaiah-likely-1,16033.0,,1257.0,34095.0,0.0,,1125111.0,Isaiah Likely,isaiah likely,1,1,5.0,0,0.0,0.0,5.0,0.0,0.0,-0.26940134,0,1.0,0.04347826,0.020833334,0.079800725,,,,,,,,,,,,,,,,,REG,BAL,CLE,Isaiah Likely,LikeIs00,0.0,0.0,0.0,87.5
2023,REG,10,00-0036232,H.Bryant,TE,TE,CLE,14875,f58a5899-8b78-46e8-a29a-ba6273b7d872,19389.0,26394.0,6850.0,,4040774.0,32785.0,,2241240.0,BryaHa00,harrison-bryant-1,14576.0,,752.0,32785.0,0.0,21783.0,916467.0,Harrison Bryant,harrison bryant,1,1,3.0,0,0.0,0.0,0.0,3.0,0.0,-0.7236218,0,0.0,0.03125,0.0,0.046875,,,,,,,,,,,,,,,,,REG,CLE,BAL,Harrison Bryant,BryaHa00,0.0,0.0,0.0,79.2
2023,REG,10,00-0036244,C.Parkinson,TE,TE,SEA,14871,1ea7affb-e5e7-491a-aaa3-55e200b2eb48,19372.0,52266.0,6865.0,,4242557.0,32803.0,,2867522.0,ParkCo02,colby-parkinson-1,14463.0,,565.0,32803.0,0.0,21807.0,1060312.0,Colby Parkinson,colby parkinson,1,1,3.0,0,0.0,0.0,3.0,0.0,0.0,-0.90754384,0,1.0,0.023809524,0.011627907,0.04385382,,,,,,,,,,,,,,,,,REG,SEA,WAS,Colby Parkinson,ParkCo02,0.0,0.0,0.0,79.2
2023,REG,10,00-0036040,J.Johnson,TE,TE,NO,14861,0226b03b-f91d-4223-9813-9fcd2e9c3acc,19562.0,28305.0,7002.0,,3929645.0,33113.0,,2186637.0,JohnJu02,,14630.0,,575.0,33113.0,0.0,21738.0,884609.0,Juwan Johnson,juwan johnson,1,3,2.0,0,0.0,0.0,47.0,0.0,0.0,-1.4872615,0,0.04255319,0.075,0.11380145,0.19216102,,,,,,,,,,,,,,,,,REG,NO,MIN,Juwan Johnson,JohnJu02,0.0,0.0,0.0,42.4
2023,REG,10,00-0033858,J.Smith,TE,TE,ATL,13193,e4f25a37-74de-4bfb-b6c9-f50a4fab0b87,16460.0,11855.0,4144.0,,3054212.0,30213.0,,2081506.0,SmitJo01,jonnu-smith-1,11807.0,12344.0,84.0,30213.0,743749.0,18990.0,743749.0,Jonnu Smith,jonnu smith,1,3,1.0,0,0.0,0.0,50.0,3.0,0.0,-2.6262832,0,0.02,0.15789473,0.2631579,0.42105263,,,,,,,,,,,,,,,,,REG,ATL,ARI,Jonnu Smith,SmitJo01,0.0,1.0,0.5,56.2
2023,REG,10,00-0033217,M.Alie-Cox,TE,TE,IND,13246,8809c0dd-786b-4255-a7d0-333c9498c19a,16579.0,12078.0,4054.0,moalie-cox/2558832,2998565.0,30112.0,,2815925.0,AlieMo00,,12196.0,12221.0,195.0,30112.0,712506.0,18900.0,712506.0,Mo Alie-Cox,mo alie-cox,0,1,0.0,0,0.0,0.0,14.0,0.0,0.0,-0.57211787,0,0.0,0.03846154,0.062222224,0.10124786,,,,,,,,,,,,,,,,,REG,IND,NE,Mo Alie-Cox,AlieMo00,0.0,0.0,0.0,39.6
2023,REG,10,00-0033895,G.Everett,TE,TE,LAC,13236,ebeceb00-57e0-4b74-9cf7-853da2afed18,16459.0,11799.0,4089.0,,3918639.0,30157.0,,2142692.0,EverGe00,gerald-everett-1,11737.0,12284.0,55.0,30157.0,838487.0,18935.0,838487.0,Gerald Everett,gerald everett,0,2,0.0,0,0.0,0.0,29.0,0.0,0.0,-5.4102407,0,0.0,0.05,0.10622711,0.14935897,,,,,,,,,,,,,,,,,REG,LAC,DET,Gerald Everett,EverGe00,0.0,0.0,0.0,0.0
2023,REG,10,00-0035771,M.Wilcox,TE,TE,CIN,15563,b2d98b60-b4b3-4610-81d2-2154c723fdbb,19510.0,47234.0,6894.0,,3923392.0,33171.0,,2188431.0,,,14634.0,,,33171.0,0.0,21800.0,885394.0,Mitchell Wilcox,mitchell wilcox,0,1,0.0,0,0.0,0.0,0.0,0.0,0.0,-0.8538194,0,,0.025641026,0.0,0.03846154,,,,,,,,,,,,,,,,,,,,,,,,,
2023,REG,10,00-0037475,S.Smartt,TE,TE,LAC,16113,6ee105f0-ca2e-11ec-be96-e90abdfa0fef,24621.0,,8583.0,,4250764.0,34637.0,,2864800.0,SmarSt00,,16321.0,,,34637.0,0.0,,1056865.0,Stone Smartt,stone smartt,0,3,0.0,0,0.0,0.0,38.0,0.0,0.0,-3.395475,0,0.0,0.075,0.13919415,0.2099359,,,,,,,,,,,,,,,,,REG,LAC,DET,Stone Smartt,SmarSt00,0.0,0.0,0.0,39.6
2023,REG,10,00-0037539,L.Krull,TE,TE,DEN,15970,767b4820-cc9f-11ec-952e-a10f2c98fc4d,24240.0,,8249.0,,4360231.0,34654.0,,2961761.0,KrulLu00,,16259.0,,1328.0,34654.0,0.0,,1122323.0,Lucas Krull,lucas krull,0,1,0.0,0,0.0,0.0,-2.0,0.0,0.0,-1.1562868,0,0.0,0.03448276,-0.02,0.037724137,,,,,,,,,,,,,,,,,REG,DEN,BUF,Lucas Krull,KrulLu00,0.0,0.0,0.0,39.6
2023,REG,10,00-0038547,L.Schoonmaker,TE,TE,DAL,16221,143957a7-4649-4a19-b351-e606edc75ebd,25267.0,,10871.0,,4372096.0,40061.0,,2968473.0,SchoLu00,luke-schoonmaker-1,16855.0,,1382.0,40061.0,0.0,,1130242.0,Luke Schoonmaker,luke schoonmaker,0,1,0.0,0,0.0,0.0,0.0,0.0,0.0,-0.50874454,0,,0.022727273,0.0,0.03409091,,,,,,,,,,,,,,,,,REG,DAL,NYG,Luke Schoonmaker,SchoLu00,0.0,1.0,1.0,39.6
2023,REG,10,00-0038935,B.Strange,TE,TE,JAX,16269,94f135f7-9d54-4cbd-b560-fcaf83d414b0,25345.0,,9480.0,,4430539.0,40078.0,,3121696.0,StraBr00,brenton-strange-1,17017.0,,1461.0,40078.0,0.0,,1164940.0,Brenton Strange,brenton strange,0,1,0.0,0,0.0,0.0,18.0,0.0,0.0,-1.5662644,0,0.0,0.032258064,0.08108108,0.10514385,,,,,,,,,,,,,,,,,REG,JAX,SF,Brenton Strange,StraBr00,0.0,0.0,0.0,39.6
2023,REG,10,00-0039041,E.Higgins,TE,TE,ARI,16333,a01b7698-d67f-4b60-b2fb-4c667336b718,23119.0,,10231.0,,4426844.0,40226.0,,3122914.0,HiggEl00,elijah-higgins-1,16959.0,,1469.0,40226.0,0.0,,1161853.0,Elijah Higgins,elijah higgins,0,1,0.0,0,0.0,0.0,18.0,0.0,0.0,-0.56510645,0,0.0,0.032258064,0.05642633,0.08788553,,,,,,,,,,,,,,,,,REG,ARI,ATL,Elijah Higgins,HiggEl00,0.0,1.0,1.0,39.6
2023,REG,11,00-0033288,G.Kittle,TE,TE,SF,13299,2ada91b0-036e-454f-83c3-6d939ff584a9,16499.0,11901.0,4217.0,,3040151.0,30259.0,,2818265.0,KittGe00,george-kittle-1,11892.0,12276.0,298.0,30259.0,733672.0,19063.0,733672.0,George Kittle,george kittle,8,9,89.0,1,0.0,0.0,52.0,59.0,5.0,6.5030026,0,1.7115384,0.36,0.25870648,0.72109455,George Kittle,SF,5.014285714285714,4.274524851011837,6.485555555555558,28.291004265219087,88.88888888888889,89.0,1.0,7.108749999999998,6.381539313445185,0.7272106865548125,00-0033288,George,Kittle,G.Kittle,REG,SF,TB,George Kittle,KittGe00,0.0,0.0,0.0,144.9
2023,REG,11,00-0031260,L.Thomas,TE,TE,WAS,11647,b24625a0-d402-4d59-a778-aa4b073bfe5e,12095.0,8755.0,2251.0,loganthomas/2543767,16813.0,27648.0,,1691193.0,ThomLo00,logan-thomas-1,9323.0,9354.0,,27648.0,507528.0,16656.0,507528.0,Logan Thomas,logan thomas,5,8,58.0,0,1.0,1.0,64.0,30.0,1.0,-12.307592,0,0.90625,0.1904762,0.24710424,0.45868725,Logan Thomas,WAS,9.29,3.9856404843665483,8.724999999999998,26.750469474571727,62.5,58.0,0.0,6.130000000000003,6.123963708009432,0.006036291990570319,00-0031260,Logan,Thomas,L.Thomas,REG,WAS,NYG,Logan Thomas,ThomLo00,0.0,0.0,0.0,44.8
2023,REG,11,00-0035329,D.Parham,TE,TE,LAC,14341,4f246e92-3d21-450f-977a-dc16892c7238,18835.0,91014.0,6074.0,,3912092.0,32456.0,,2183713.0,ParhDo00,,13602.0,14320.0,,32456.0,875649.0,20905.0,875649.0,Donald Parham,donald parham,4,6,57.0,0,0.0,0.0,66.0,8.0,4.0,3.1053743,0,0.8636364,0.16666667,0.19075145,0.383526,Donald Parham,LAC,5.572000000000001,3.2332169938770163,10.691666666666668,18.015108539975852,66.66666666666666,57.0,0.0,2.9025,1.1917075309998317,1.7107924690001681,00-0035329,Donald,Parham,D.Parham,REG,LAC,GB,Donald Parham,ParhDo00,0.0,1.0,0.167,97.2
2023,REG,11,00-0033885,D.Njoku,TE,TE,CLE,13192,8f86fcea-90e8-49ea-bc78-5c7659313e57,16399.0,11784.0,4033.0,,3123076.0,30142.0,,2136474.0,NjokDa00,david-njoku-1,11734.0,12186.0,252.0,30142.0,832098.0,18876.0,832098.0,David Njoku,david njoku,7,15,56.0,0,0.0,0.0,55.0,34.0,4.0,-3.0937946,0,1.0181818,0.36585367,0.37671232,0.81247914,David Njoku,CLE,4.6971428571428575,2.8010139161828604,3.249333333333333,36.1572700296736,46.666666666666664,56.0,0.0,4.974285714285715,3.7159868485690106,1.2582988657167045,00-0033885,David,Njoku,D.Njoku,REG,CLE,PIT,David Njoku,NjokDa00,0.0,5.0,0.333,56.5
2023,REG,11,00-0035229,T.Hockenson,TE,TE,MIN,14138,bd1120b6-38b3-4225-a4b0-20660a149d0d,18290.0,40912.0,5844.0,,4036133.0,31840.0,,2251097.0,HockTJ00,tj-hockenson-1,13610.0,14051.0,247.0,31840.0,923915.0,20805.0,923915.0,T.J. Hockenson,tj hockenson,4,7,55.0,0,0.0,0.0,69.0,14.0,2.0,1.9710324,0,0.79710144,0.2413793,0.3026316,0.5739111,T.J. Hockenson,MIN,6.332857142857143,2.1545380887586685,9.800000000000002,32.04110228865017,57.14285714285714,55.0,0.0,3.437499999999999,2.5595025560568274,0.8779974439431717,00-0035229,Thomas,Hockenson,T.Hockenson,REG,MIN,DEN,T.J. Hockenson,HockTJ00,0.0,0.0,0.0,82.4
2023,REG,11,00-0037475,S.Smartt,TE,TE,LAC,16113,6ee105f0-ca2e-11ec-be96-e90abdfa0fef,24621.0,,8583.0,,4250764.0,34637.0,,2864800.0,SmarSt00,,16321.0,,,34637.0,0.0,,1056865.0,Stone Smartt,stone smartt,1,3,51.0,1,0.0,0.0,21.0,34.0,1.0,3.283594,0,2.4285715,0.083333336,0.06069364,0.16748555,,,,,,,,,,,,,,,,,REG,LAC,GB,Stone Smartt,SmarSt00,0.0,1.0,0.333,121.5
2023,REG,11,00-0034613,T.Hudson,TE,TE,CIN,14370,2fa75e05-cac4-4b40-8924-dbc9ae0c959c,17826.0,66924.0,5409.0,,3050481.0,31257.0,,2926606.0,,,13286.0,,,31257.0,1115394.0,20506.0,1115394.0,Tanner Hudson,tanner hudson,4,4,49.0,0,0.0,0.0,40.0,9.0,2.0,4.342201,0,1.225,0.12903225,0.16129032,0.30645162,,,,,,,,,,,,,,,,,,,,,,,,,
2023,REG,11,00-0038129,C.Otton,TE,TE,TB,15802,f23517bd-ae85-484a-8ecb-1f7a2d851e48,23181.0,,8111.0,,4243331.0,34062.0,,2815179.0,OttoCa00,cade-otton-1,16032.0,,1261.0,34062.0,0.0,,1049263.0,Cade Otton,cade otton,4,5,49.0,0,0.0,0.0,35.0,23.0,1.0,2.6581638,0,1.4,0.11627907,0.098870054,0.24362764,Cade Otton,TB,6.777500000000001,5.767584303517562,7.2280000000000015,8.77014172005436,80.0,49.0,0.0,5.712499999999999,4.855383639387156,0.8571163606128422,00-0038129,Cade,Otton,C.Otton,REG,TB,SF,Cade Otton,OttoCa00,0.0,1.0,0.2,107.5
2023,REG,11,00-0035249,J.Oliver,TE,TE,MIN,14209,dc83f7af-7b30-4c4a-9c93-f67bd8db954b,18487.0,47083.0,5973.0,,3921690.0,31901.0,,2184618.0,OlivJo00,josh-oliver-1,13786.0,14127.0,7.0,31901.0,881779.0,20899.0,881779.0,Josh Oliver,josh oliver,4,4,47.0,1,0.0,0.0,29.0,18.0,3.0,5.3560576,0,1.6206896,0.13793103,0.12719299,0.29593164,,,,,,,,,,,,,,,,,REG,MIN,DEN,Josh Oliver,OlivJo00,0.0,0.0,0.0,155.2
2023,REG,11,00-0038933,D.Kincaid,TE,TE,BUF,16213,b961fa15-0676-4948-b95f-56d06319d40e,25247.0,,10236.0,,4385690.0,40048.0,,2982991.0,KincDa00,dalton-kincaid-1,16697.0,,1428.0,40048.0,0.0,,1135513.0,Dalton Kincaid,dalton kincaid,6,7,46.0,0,0.0,0.0,45.0,22.0,4.0,1.1452862,0,1.0222223,0.2413793,0.2601156,0.5441499,Dalton Kincaid,BUF,6.5600000000000005,3.9383163756885096,5.982857142857144,21.158995604506647,85.71428571428571,46.0,0.0,3.779999999999999,4.404965676663248,-0.624965676663249,00-0038933,Dalton,Kincaid,D.Kincaid,REG,BUF,NYJ,Dalton Kincaid,KincDa00,0.0,0.0,0.0,94.0
2023,REG,11,00-0039066,M.Mayer,TE,TE,LV,16212,31f4645a-7ccb-4633-8580-2fca361beb4f,23056.0,,9482.0,,4429086.0,40065.0,,3171673.0,MayeMi00,michael-mayer-1,16666.0,,1427.0,40065.0,0.0,,1232592.0,Michael Mayer,michael mayer,4,5,46.0,0,0.0,0.0,17.0,33.0,2.0,3.1668274,0,2.7058823,0.13157895,0.040380046,0.22563446,Michael Mayer,LV,6.298,4.062080313950796,3.6400000000000006,4.529729460663532,80.0,46.0,0.0,8.075,5.930727440005569,2.1442725599944303,00-0039066,Michael,Mayer,M.Mayer,REG,LV,MIA,Michael Mayer,MayeMi00,0.0,0.0,0.0,105.0
2023,REG,11,00-0030506,T.Kelce,TE,TE,KC,11244,c3859e06-5f23-4302-a71b-04820a899d5f,11594.0,7844.0,1466.0,traviskelce/2540258,15847.0,26686.0,,1725130.0,KelcTr00,travis-kelce-1,8783.0,8411.0,264.0,26686.0,448240.0,15048.0,448240.0,Travis Kelce,travis kelce,7,9,44.0,1,1.0,1.0,57.0,13.0,3.0,-1.1800654,0,0.7719298,0.23076923,0.16426513,0.46113944,Travis Kelce,KC,5.23625,3.0793727130056507,5.523333333333335,14.86009805093866,77.77777777777779,44.0,1.0,2.2228571428571415,1.9922450610984666,0.23061208175867498,00-0030506,Travis,Kelce,T.Kelce,REG,KC,PHI,Travis Kelce,KelcTr00,0.0,1.0,0.111,124.1
2023,REG,11,00-0037744,T.McBride,TE,TE,ARI,15794,734d54cc-c869-4e2f-a60f-c59c493f5110,22936.0,,8130.0,,4361307.0,34010.0,,2963385.0,McBrTr01,trey-mcbride-1,15902.0,,1253.0,34010.0,0.0,,1108161.0,Trey McBride,trey mcbride,5,7,43.0,0,0.0,0.0,47.0,25.0,3.0,-0.40628132,0,0.9148936,0.2413793,0.20982143,0.508944,Trey McBride,ARI,7.611999999999999,3.882952971946302,6.815714285714287,16.2455734132389,71.42857142857143,43.0,0.0,4.877999999999998,4.819201463742013,0.058798536257985035,00-0037744,Trey,McBride,T.McBride,REG,ARI,HOU,Trey McBride,McBrTr01,1.0,0.0,0.0,87.2
2023,REG,11,00-0038115,D.Bellinger,TE,TE,NYG,15873,42a1c03e-790e-46ba-b0d5-d304e44c02c7,24238.0,,8225.0,,4361516.0,34068.0,,2963615.0,BellDa00,daniel-bellinger-1,16036.0,,1322.0,34068.0,0.0,,1122035.0,Daniel Bellinger,daniel bellinger,3,3,38.0,0,0.0,0.0,26.0,12.0,1.0,1.6186006,0,1.4615384,0.115384616,0.10655738,0.24766709,,,,,,,,,,,,,,,,,REG,NYG,WAS,Daniel Bellinger,BellDa00,0.0,0.0,0.0,118.7
2023,REG,11,00-0036422,A.Trautman,TE,TE,DEN,14870,4e14183b-f974-4745-9d7f-8f5eb2a92a7d,19423.0,109795.0,6869.0,,3911853.0,32775.0,,2182228.0,TrauAd00,,14541.0,,566.0,32775.0,0.0,21786.0,875444.0,Adam Trautman,adam trautman,2,2,33.0,0,0.0,0.0,26.0,7.0,2.0,1.5487311,0,1.2692307,0.0625,0.12807882,0.18340518,,,,,,,,,,,,,,,,,REG,DEN,MIN,Adam Trautman,TrauAd00,0.0,0.0,0.0,118.7
2023,REG,11,00-0034383,D.Schultz,TE,TE,HOU,13772,8caec1b4-e0b6-4a84-b8c8-617d6e91ef6a,17349.0,47304.0,5001.0,,3117256.0,31107.0,,2136748.0,SchuDa00,dalton-schultz-1,12514.0,13198.0,487.0,31107.0,830523.0,19920.0,830523.0,Dalton Schultz,dalton schultz,2,3,32.0,1,0.0,0.0,35.0,2.0,2.0,3.2421272,0,0.9142857,0.078947365,0.0945946,0.18463726,,,,,,,,,,,,,,,,,REG,HOU,ARI,Dalton Schultz,SchuDa00,0.0,0.0,0.0,141.7
2023,REG,11,00-0038041,J.Ferguson,TE,TE,DAL,15799,f46eab3d-d7dd-4420-b3f9-6da9ac1308ab,22718.0,,8110.0,,4242355.0,34085.0,,2867159.0,FergJa00,jake-ferguson-1,15947.0,,1258.0,34085.0,0.0,,1065361.0,Jake Ferguson,jake ferguson,3,5,32.0,0,0.0,0.0,12.0,11.0,2.0,1.7927489,0,2.6666667,0.125,0.047244094,0.22057086,Jake Ferguson,DAL,5.035,3.010656222216663,3.588000000000001,7.271106067361084,60.0,32.0,0.0,3.096666666666664,3.9070170434905456,-0.8103503768238816,00-0038041,Jake,Ferguson,J.Ferguson,REG,DAL,CAR,Jake Ferguson,FergJa00,0.0,0.0,0.0,78.7
2023,REG,11,00-0038996,T.Kraft,TE,TE,GB,16222,3a084c5f-6b9f-4703-a0c7-1566bc4b1129,25298.0,,9484.0,,4572680.0,40102.0,,3133332.0,KrafTu00,,16649.0,,1418.0,40102.0,0.0,,1181874.0,Tucker Kraft,tucker kraft,2,2,32.0,0,0.0,0.0,6.0,26.0,1.0,2.1341915,0,5.3333335,0.05263158,0.022058824,0.094388545,,,,,,,,,,,,,,,,,REG,GB,LAC,Tucker Kraft,KrafTu00,0.0,0.0,0.0,118.7
2023,REG,11,00-0033881,E.Engram,TE,TE,JAX,13189,e21365af-8d66-416e-b0a5-8816d18fcfd9,16411.0,11778.0,4066.0,,3051876.0,30136.0,,2079887.0,EngrEv00,evan-engram-1,11805.0,12205.0,229.0,30136.0,749185.0,18912.0,749185.0,Evan Engram,evan engram,4,6,29.0,0,0.0,0.0,75.0,5.0,1.0,0.8531112,0,0.38666666,0.19354838,0.25862068,0.47135708,Evan Engram,JAX,8.755,2.661299489648948,11.786666666666667,24.083092116465185,66.66666666666666,29.0,0.0,1.422500000000002,1.5822736704868134,-0.15977367048681135,00-0033881,Evan,Engram,E.Engram,REG,JAX,TEN,Evan Engram,EngrEv00,0.0,0.0,0.0,77.8
2023,REG,11,00-0039144,L.Musgrave,TE,TE,GB,16215,77a4fb49-3c6c-4aa1-8a21-20956e2d2240,25282.0,,9481.0,,4428085.0,40074.0,,3129283.0,MusgLu00,luke-musgrave-1,16663.0,,1430.0,40074.0,0.0,,1179790.0,Luke Musgrave,luke musgrave,4,6,28.0,0,0.0,0.0,32.0,15.0,2.0,-1.2291476,0,0.875,0.15789473,0.11764706,0.31919503,Luke Musgrave,GB,6.3025,3.229740341169101,4.865000000000001,10.608758858804288,66.66666666666666,28.0,0.0,4.125,5.766703397173387,-1.6417033971733872,00-0039144,Luke,Musgrave,L.Musgrave,REG,GB,LAC,Luke Musgrave,MusgLu00,0.0,0.0,0.0,77.1
2023,REG,11,00-0037805,J.Ruckert,TE,TE,NYJ,15796,28f3732b-0910-4d09-9fd4-e43b821dc5bb,23742.0,,8145.0,,4361372.0,34057.0,,2965446.0,RuckJe00,jeremy-ruckert-1,15996.0,,1255.0,34057.0,0.0,,1122596.0,Jeremy Ruckert,jeremy ruckert,3,4,25.0,0,0.0,0.0,32.0,2.0,1.0,-0.64040864,0,0.78125,0.14285715,0.17391305,0.33602485,,,,,,,,,,,,,,,,,REG,NYJ,BUF,Jeremy Ruckert,RuckJe00,0.0,1.0,0.25,90.6
2023,REG,11,00-0034753,M.Andrews,TE,TE,BAL,13671,0618f387-9b72-4270-8b8f-dec4cccc9e4a,17269.0,47436.0,5012.0,,3116365.0,31056.0,,2131121.0,AndrMa00,mark-andrews-1,12559.0,13182.0,366.0,31056.0,820699.0,19803.0,820699.0,Mark Andrews,mark andrews,2,2,23.0,0,1.0,0.0,15.0,8.0,1.0,1.762305,0,1.5333333,0.08695652,0.05263158,0.16727689,,,,,,,,,,,,,,,,,REG,BAL,CIN,Mark Andrews,AndrMa00,0.0,0.0,0.0,114.6
2023,REG,11,00-0038547,L.Schoonmaker,TE,TE,DAL,16221,143957a7-4649-4a19-b351-e606edc75ebd,25267.0,,10871.0,,4372096.0,40061.0,,2968473.0,SchoLu00,luke-schoonmaker-1,16855.0,,1382.0,40061.0,0.0,,1130242.0,Luke Schoonmaker,luke schoonmaker,2,2,23.0,1,0.0,0.0,23.0,0.0,1.0,2.7587047,0,1.0,0.05,0.09055118,0.13838583,,,,,,,,,,,,,,,,,REG,DAL,CAR,Luke Schoonmaker,SchoLu00,0.0,0.0,0.0,154.2
2023,REG,11,00-0036887,L.Farrell,TE,TE,JAX,15335,8a1f0e8e-6521-4a94-9934-ad4f76a25fd9,19501.0,42353.0,7842.0,,4040612.0,33533.0,,2260977.0,FarrLu00,luke-farrell-1,15566.0,,,33533.0,0.0,,946541.0,Luke Farrell,luke farrell,2,2,21.0,0,0.0,0.0,5.0,16.0,1.0,1.1951191,0,4.2,0.06451613,0.01724138,0.10884316,,,,,,,,,,,,,,,,,REG,JAX,TEN,Luke Farrell,FarrLu00,0.0,0.0,0.0,110.4
2023,REG,11,00-0036290,C.Kmet,TE,TE,CHI,14867,036feeb6-9a22-43c5-a8e3-7ac611d8ff49,19229.0,60995.0,6826.0,,4258595.0,32713.0,,2868619.0,KmetCo00,cole-kmet-1,14436.0,,569.0,32713.0,0.0,21772.0,1066765.0,Cole Kmet,cole kmet,3,4,20.0,0,0.0,0.0,0.0,12.0,2.0,-1.4429492,0,0.0,0.18181819,0.0,0.27272728,,,,,,,,,,,,,,,,,REG,CHI,DET,Cole Kmet,KmetCo00,2.0,0.0,0.0,85.4
2023,REG,11,00-0036438,S.Sullivan,TE,TE,CAR,15026,a41b8454-0326-4c56-87a2-f2aac3814961,19641.0,40411.0,6970.0,,4035426.0,32921.0,,2223251.0,SullSt00,stephen-sullivan-1,14570.0,,,32921.0,0.0,21865.0,910808.0,Stephen Sullivan,stephen sullivan,1,1,20.0,0,0.0,0.0,20.0,0.0,1.0,2.2378445,0,1.0,0.03846154,0.10204082,0.12912089,,,,,,,,,,,,,,,,,REG,CAR,DAL,Stephen Sullivan,SullSt00,0.0,0.0,0.0,118.7
2023,REG,11,00-0035631,D.Sample,TE,TE,CIN,14146,15a4f552-ecaf-45bd-9006-aa5dda93bee6,18561.0,47259.0,6001.0,,3127310.0,31884.0,,2139646.0,SampDr00,drew-sample-1,13809.0,14111.0,435.0,31884.0,837824.0,20931.0,837824.0,Drew Sample,drew sample,2,2,19.0,0,0.0,0.0,9.0,10.0,1.0,1.3105379,0,2.1111112,0.06451613,0.03629032,0.12217742,,,,,,,,,,,,,,,,,REG,CIN,BAL,Drew Sample,SampDr00,0.0,0.0,0.0,106.2
2023,REG,11,00-0034270,T.Conklin,TE,TE,NYJ,13675,f0d17dfa-ebf3-416c-a8d2-c6bc30675103,17598.0,47327.0,5133.0,,3915486.0,31220.0,,2165249.0,ConkTy00,tyler-conklin-1,12809.0,13220.0,489.0,31127.0,861278.0,19988.0,861278.0,Tyler Conklin,tyler conklin,2,3,18.0,0,0.0,0.0,17.0,7.0,1.0,-0.94736326,0,1.0588236,0.10714286,0.092391305,0.2253882,,,,,,,,,,,,,,,,,REG,NYJ,BUF,Tyler Conklin,ConkTy00,0.0,0.0,0.0,43.1
2023,REG,11,00-0039065,S.LaPorta,TE,TE,DET,16214,3059f1e5-1871-4458-9e90-9b9917874c61,22978.0,,10859.0,,4430027.0,40064.0,,3124197.0,LaPoSa01,sam-laporta-1,17033.0,,1429.0,40064.0,0.0,,1168926.0,Sam LaPorta,sam laporta,3,5,18.0,0,0.0,0.0,38.0,2.0,1.0,-4.978984,1,0.47368422,0.15625,0.16033755,0.3466113,Sam LaPorta,DET,8.653333333333334,3.6092706433667465,5.903999999999999,12.444144675828344,60.0,18.0,0.0,0.5333333333333314,0.9663679639238865,-0.433034630590555,00-0039065,Sam,LaPorta,S.LaPorta,REG,DET,CHI,Sam LaPorta,LaPoSa01,0.0,0.0,0.0,27.5
2023,REG,11,00-0033110,T.Higbee,TE,TE,LA,12678,0df7912d-9e81-47ea-b4f7-d04986df4ee8,15623.0,10744.0,3271.0,,2573401.0,29344.0,,1853103.0,HigbTy00,tyler-higbee-1,10854.0,11430.0,159.0,29344.0,604176.0,18032.0,604176.0,Tyler Higbee,tyler higbee,1,3,17.0,0,0.0,0.0,11.0,9.0,1.0,0.30330917,0,1.5454545,0.10344828,0.07236842,0.2058303,,,,,,,,,,,,,,,,,REG,LA,SEA,Tyler Higbee,HigbTy00,0.0,1.0,0.333,53.5
2023,REG,11,00-0032141,G.Swaim,TE,TE,ARI,12378,d0f9112d-2496-450a-9fc5-d2d01b4d2454,14164.0,9679.0,2545.0,geoffswaim/2553454,3046704.0,28634.0,,2174207.0,SwaiGe00,geoff-swaim-1,10507.0,10617.0,,28634.0,728021.0,17005.0,728021.0,Geoff Swaim,geoff swaim,2,2,15.0,0,0.0,0.0,11.0,4.0,1.0,1.0898085,0,1.3636364,0.06896552,0.04910714,0.13782327,,,,,,,,,,,,,,,,,REG,ARI,HOU,Geoff Swaim,SwaiGe00,0.0,0.0,0.0,97.9
2023,REG,11,00-0036628,J.Bates,TE,TE,WAS,15344,3208880b-949f-4926-85eb-1940770550ea,22833.0,42275.0,7716.0,,4048228.0,33512.0,,2257291.0,BateJo00,john-bates-1,15289.0,,,33512.0,0.0,,944038.0,John Bates,john bates,2,2,15.0,0,0.0,0.0,11.0,4.0,1.0,0.7073589,0,1.3636364,0.04761905,0.042471044,0.1011583,,,,,,,,,,,,,,,,,REG,WAS,NYG,John Bates,BateJo00,0.0,0.0,0.0,97.9
2023,REG,11,00-0038046,C.Kolar,TE,TE,BAL,15795,3c048ac9-2c0f-4bf0-9ddc-ce99c9387ac8,22756.0,,8127.0,,4241263.0,34084.0,,2866273.0,KolaCh00,charlie-kolar-1,15924.0,,,34084.0,0.0,,1058648.0,Charlie Kolar,charlie kolar,1,1,13.0,0,0.0,0.0,6.0,7.0,1.0,0.7925558,0,2.1666667,0.04347826,0.021052632,0.07995424,,,,,,,,,,,,,,,,,REG,BAL,CIN,Charlie Kolar,KolaCh00,0.0,0.0,0.0,118.7
2023,REG,11,00-0039050,P.Durham,TE,TE,TB,16218,c4a8b4c9-5db8-4187-852b-9557bef8724e,25346.0,,10227.0,,4372505.0,40193.0,,2968469.0,DurhPa00,payne-durham-1,16720.0,,,40193.0,0.0,,1130260.0,Payne Durham,payne durham,2,2,13.0,0,0.0,0.0,9.0,4.0,0.0,0.6182104,0,1.4444444,0.046511628,0.025423728,0.08756405,,,,,,,,,,,,,,,,,REG,TB,SF,Payne Durham,DurhPa00,0.0,0.0,0.0,93.7
2023,REG,11,00-0036590,Q.Morris,TE,TE,BUF,15341,eab74cbc-ed11-46b3-bd16-1d4c997adc22,22820.0,61182.0,7536.0,,4244049.0,33819.0,,2864581.0,,,15460.0,,,33819.0,0.0,,1059680.0,Quintin Morris,quintin morris,1,2,11.0,0,0.0,0.0,18.0,5.0,0.0,-0.81402045,0,0.6111111,0.06896552,0.10404624,0.17628065,,,,,,,,,,,,,,,,,,,,,,,,,
2023,REG,11,00-0038720,J.Hill,TE,TE,MIA,16425,516da3c0-f016-11ed-a518-572ef5cb73b6,25824.0,,11371.0,,4365395.0,40629.0,,2961743.0,HillJu02,,17335.0,,,40629.0,0.0,,1123630.0,Julian Hill,julian hill,1,1,10.0,0,1.0,1.0,7.0,3.0,0.0,-3.8226569,0,1.4285715,0.027777778,0.024221454,0.058621682,,,,,,,,,,,,,,,,,REG,MIA,LV,Julian Hill,HillJu02,0.0,0.0,0.0,108.3
2023,REG,11,00-0034159,W.Dissly,TE,TE,SEA,13763,383f4814-6836-4766-a297-fc063e8509cc,18049.0,30762.0,5010.0,,3127292.0,31090.0,,2139628.0,DissWi00,will-dissly-1,12986.0,13246.0,86.0,31090.0,837806.0,19950.0,837806.0,Will Dissly,will dissly,1,3,9.0,0,0.0,0.0,-3.0,5.0,1.0,-0.13968226,0,0.0,0.078947365,-0.009287925,0.11191951,,,,,,,,,,,,,,,,,REG,SEA,LA,Will Dissly,DissWi00,0.0,1.0,0.333,42.4
2023,REG,11,00-0038558,D.Washington,TE,TE,PIT,16216,1984b8b5-d206-4d6a-8204-c5dd0160e9f5,22967.0,,9479.0,,4430802.0,40094.0,,3163963.0,WashDa03,darnell-washington-1,16889.0,,1431.0,40094.0,0.0,,1218658.0,Darnell Washington,darnell washington,1,1,8.0,0,0.0,0.0,2.0,6.0,0.0,-0.37289566,0,4.0,0.04,0.011764706,0.06823529,,,,,,,,,,,,,,,,,REG,PIT,CLE,Darnell Washington,WashDa03,0.0,0.0,0.0,100.0
2023,REG,11,00-0036894,P.Freiermuth,TE,TE,PIT,15331,04f0fefe-9d9d-44f5-94ea-6df2a42df3c6,20163.0,84085.0,7600.0,,4361411.0,33443.0,,2961270.0,FreiPa00,pat-freiermuth-1,15267.0,,1053.0,33443.0,0.0,,1116662.0,Pat Freiermuth,pat freiermuth,1,1,7.0,0,0.0,0.0,-4.0,11.0,0.0,0.37218294,0,0.0,0.04,-0.023529412,0.04352941,,,,,,,,,,,,,,,,,REG,PIT,CLE,Pat Freiermuth,FreiPa00,0.0,0.0,0.0,95.8
2023,REG,11,00-0037078,C.Turner,TE,TE,WAS,15803,fc78ba73-7ef3-4dda-9a06-b5101f7ff7b1,23727.0,,8214.0,,4361438.0,34105.0,,2961855.0,TurnCo00,cole-turner-2,15923.0,,,34105.0,0.0,,1122692.0,Cole Turner,cole turner,1,1,7.0,0,0.0,0.0,3.0,4.0,0.0,0.37106538,0,2.3333333,0.023809524,0.011583012,0.043822393,,,,,,,,,,,,,,,,,REG,WAS,NYG,Cole Turner,TurnCo00,0.0,0.0,0.0,95.8
2023,REG,11,00-0038589,J.Whyle,TE,TE,TEN,16312,601467c7-b593-472d-a147-b8e7bfdbe990,22923.0,,10212.0,,4360086.0,40182.0,,2962513.0,WhylJo01,josh-whyle-1,16866.0,,1471.0,40182.0,0.0,,1107037.0,Josh Whyle,josh whyle,1,2,7.0,0,0.0,0.0,11.0,9.0,0.0,-1.0800122,0,0.6363636,0.11764706,0.082706764,0.23436533,,,,,,,,,,,,,,,,,REG,TEN,JAX,Josh Whyle,WhylJo01,0.0,0.0,0.0,58.3
2023,REG,11,00-0037809,C.Okonkwo,TE,TE,TEN,15889,14e11f9b-58c8-437f-abc0-a4e4df9a7c47,23982.0,,8210.0,,4360635.0,34099.0,,2965208.0,OkonCh00,chigoziem-okonkwo-1,16042.0,,1320.0,34099.0,0.0,,1106374.0,Chigoziem Okonkwo,chigoziem okonkwo,1,2,6.0,0,0.0,0.0,24.0,0.0,0.0,-0.8401242,0,0.25,0.11764706,0.18045112,0.30278638,,,,,,,,,,,,,,,,,REG,TEN,JAX,Chigoziem Okonkwo,OkonCh00,0.0,0.0,0.0,56.2
2023,REG,11,00-0035644,N.Fant,TE,TE,SEA,14137,cdc98acc-9eb6-4b44-81bb-61d7b8a3b55f,17527.0,42388.0,5857.0,,4036131.0,31852.0,,2251095.0,FantNo00,noah-fant-1,13426.0,14050.0,243.0,31852.0,923911.0,20753.0,923911.0,Noah Fant,noah fant,1,2,4.0,0,0.0,0.0,8.0,2.0,0.0,-2.1386404,0,0.5,0.05263158,0.024767801,0.09628483,,,,,,,,,,,,,,,,,REG,SEA,LA,Noah Fant,FantNo00,0.0,0.0,0.0,56.2
2023,REG,11,00-0037005,T.Tremble,TE,TE,CAR,15332,cbee2fd3-e5f2-4316-bffd-531f1873f032,22795.0,84025.0,7694.0,,4372780.0,33471.0,,2969027.0,TremTo00,tommy-tremble-1,15371.0,,1054.0,33471.0,0.0,,1130555.0,Tommy Tremble,tommy tremble,1,3,4.0,1,0.0,0.0,18.0,4.0,1.0,-0.8002266,0,0.22222222,0.115384616,0.091836736,0.23736264,,,,,,,,,,,,,,,,,REG,CAR,DAL,Tommy Tremble,TremTo00,0.0,0.0,0.0,81.9
2023,REG,11,00-0036741,J.Stoll,TE,TE,PHI,15541,0560d134-d316-4cda-9d48-34d32267af68,23193.0,42058.0,7946.0,,4034862.0,33891.0,,2239684.0,StolJa00,,15510.0,,,33891.0,0.0,,911985.0,Jack Stoll,jack stoll,1,2,3.0,0,0.0,0.0,1.0,2.0,0.0,-1.201196,0,3.0,0.0952381,0.006802721,0.14761905,,,,,,,,,,,,,,,,,REG,PHI,KC,Jack Stoll,StolJa00,0.0,0.0,0.0,56.2
2023,REG,11,00-0039041,E.Higgins,TE,TE,ARI,16333,a01b7698-d67f-4b60-b2fb-4c667336b718,23119.0,,10231.0,,4426844.0,40226.0,,3122914.0,HiggEl00,elijah-higgins-1,16959.0,,1469.0,40226.0,0.0,,1161853.0,Elijah Higgins,elijah higgins,1,2,2.0,0,0.0,0.0,6.0,1.0,0.0,-1.2053685,0,0.33333334,0.06896552,0.026785715,0.122198276,,,,,,,,,,,,,,,,,REG,ARI,HOU,Elijah Higgins,HiggEl00,0.0,1.0,0.5,56.2
2023,REG,11,00-0024243,M.Lewis,TE,TE,CHI,8269,9c21e9af-681c-41ef-9b00-fbc9e1668ed1,9413.0,2973.0,111.0,marcedeslewis/2495888,9614.0,7777.0,4007.0,415313.0,LewiMa00,marcedes-lewis-1,4891.0,3615.0,,7777.0,214197.0,3061.0,214197.0,Marcedes Lewis,marcedes lewis,0,1,0.0,0,0.0,0.0,9.0,0.0,0.0,-0.54736674,0,0.0,0.045454547,0.036885247,0.09400149,,,,,,,,,,,,,,,,,REG,CHI,DET,Marcedes Lewis,LewiMa00,0.0,0.0,0.0,39.6
2023,REG,11,00-0032392,A.Hooper,TE,TE,LV,12677,90c2a93f-d837-4e1b-b57c-56648903a8db,15581.0,10715.0,3202.0,,3043275.0,29315.0,,2067004.0,HoopAu00,austin-hooper-1,10748.0,11301.0,384.0,29315.0,739424.0,17963.0,739424.0,Austin Hooper,austin hooper,0,1,0.0,0,0.0,0.0,13.0,0.0,0.0,-0.35467103,0,0.0,0.02631579,0.03087886,0.061088886,,,,,,,,,,,,,,,,,REG,LV,MIA,Austin Hooper,HoopAu00,0.0,0.0,0.0,39.6
2023,REG,11,00-0034970,I.Smith,TE,TE,CIN,14141,ed0e6a30-83d5-4f4b-bf49-f7ff80e21304,18610.0,42060.0,6126.0,,4040980.0,31882.0,,2257888.0,SmitIr01,irv-smith-jr-1,13583.0,14052.0,,31882.0,944428.0,20949.0,944428.0,Irv Smith,irv smith,0,1,0.0,0,0.0,0.0,0.0,0.0,0.0,-0.79703784,0,,0.032258064,0.0,0.048387095,,,,,,,,,,,,,,,,,REG,CIN,BAL,Irv Smith Jr.,SmitIr01,0.0,0.0,0.0,39.6
2023,REG,11,00-0036637,N.Gray,TE,TE,KC,15337,c97dfcb6-b999-476f-8487-f3848e92df17,19539.0,60878.0,7828.0,,4240472.0,33550.0,,2866903.0,GrayNo00,noah-gray-1,15459.0,,1059.0,33550.0,0.0,,1056981.0,Noah Gray,noah gray,0,1,0.0,0,0.0,0.0,12.0,0.0,0.0,-0.6786805,0,0.0,0.025641026,0.034582134,0.06266903,,,,,,,,,,,,,,,,,REG,KC,PHI,Noah Gray,GrayNo00,0.0,0.0,0.0,39.6
2023,REG,11,00-0037838,I.Likely,TE,TE,BAL,15798,f9279edb-cfa7-4f7d-91df-b81cbf3e133e,23781.0,,8131.0,,4361050.0,34095.0,,2961906.0,LikeIs00,isaiah-likely-1,16033.0,,1257.0,34095.0,0.0,,1125111.0,Isaiah Likely,isaiah likely,0,2,0.0,0,0.0,0.0,8.0,0.0,0.0,-1.8374197,0,0.0,0.08695652,0.028070176,0.1500839,,,,,,,,,,,,,,,,,REG,BAL,CIN,Isaiah Likely,LikeIs00,0.0,0.0,0.0,39.6
2023,REG,12,00-0036894,P.Freiermuth,TE,TE,PIT,15331,04f0fefe-9d9d-44f5-94ea-6df2a42df3c6,20163.0,84085.0,7600.0,,4361411.0,33443.0,,2961270.0,FreiPa00,pat-freiermuth-1,15267.0,,1053.0,33443.0,0.0,,1116662.0,Pat Freiermuth,pat freiermuth,9,11,120.0,0,0.0,0.0,105.0,46.0,6.0,10.808473,0,1.1428572,0.34375,0.39325842,0.7909059,Pat Freiermuth,PIT,7.408571428571428,2.8235444954197306,9.197272727272729,37.69514512463207,81.81818181818183,120.0,0.0,5.041111111111111,2.892488326830332,2.1486227842807795,00-0036894,Pat,Freiermuth,P.Freiermuth,REG,PIT,CIN,Pat Freiermuth,FreiPa00,0.0,0.0,0.0,112.1
2023,REG,12,00-0030506,T.Kelce,TE,TE,KC,11244,c3859e06-5f23-4302-a71b-04820a899d5f,11594.0,7844.0,1466.0,traviskelce/2540258,15847.0,26686.0,,1725130.0,KelcTr00,travis-kelce-1,8783.0,8411.0,264.0,26686.0,448240.0,15048.0,448240.0,Travis Kelce,travis kelce,6,7,91.0,0,0.0,0.0,80.0,27.0,5.0,5.3230596,0,1.1375,0.21875,0.53691274,0.70396394,Travis Kelce,KC,6.435,3.0495703680415813,10.190000000000001,53.748775525582104,85.71428571428571,91.0,0.0,4.814999999999999,4.637365625889363,0.1776343741106352,00-0030506,Travis,Kelce,T.Kelce,REG,KC,LV,Travis Kelce,KelcTr00,0.0,0.0,0.0,118.7
2023,REG,12,00-0037744,T.McBride,TE,TE,ARI,15794,734d54cc-c869-4e2f-a60f-c59c493f5110,22936.0,,8130.0,,4361307.0,34010.0,,2963385.0,McBrTr01,trey-mcbride-1,15902.0,,1253.0,34010.0,0.0,,1108161.0,Trey McBride,trey mcbride,7,9,60.0,0,0.0,0.0,37.0,34.0,3.0,-2.072842,0,1.6216216,0.20454545,0.09462915,0.3730586,Trey McBride,ARI,4.04,3.3898332581766426,4.328888888888888,10.682460036741517,77.77777777777779,60.0,0.0,5.017142857142858,4.364035929948479,0.6531069271943784,00-0037744,Trey,McBride,T.McBride,REG,ARI,LA,Trey McBride,McBrTr01,0.0,0.0,0.0,94.4
2023,REG,12,00-0033885,D.Njoku,TE,TE,CLE,13192,8f86fcea-90e8-49ea-bc78-5c7659313e57,16399.0,11784.0,4033.0,,3123076.0,30142.0,,2136474.0,NjokDa00,david-njoku-1,11734.0,12186.0,252.0,30142.0,832098.0,18876.0,832098.0,David Njoku,david njoku,6,9,59.0,0,0.0,0.0,67.0,18.0,3.0,-1.3204855,0,0.880597,0.23076923,0.2318339,0.5084376,David Njoku,CLE,6.402500000000001,2.600905990515218,7.762222222222224,21.421562614988353,66.66666666666666,59.0,0.0,3.4816666666666656,3.3836782737589224,0.0979883929077432,00-0033885,David,Njoku,D.Njoku,REG,CLE,DEN,David Njoku,NjokDa00,0.0,1.0,0.111,85.0
2023,REG,12,00-0033357,T.Hill,TE,TE,NO,13424,3c8a55dd-20a8-4375-b711-49eb5e6e1d0e,17115.0,12112.0,4381.0,,2468609.0,30614.0,,2818935.0,HillTa00,,12063.0,12729.0,150.0,30614.0,503184.0,19238.0,503184.0,Taysom Hill,taysom hill,2,2,55.0,0,0.0,0.0,34.0,21.0,2.0,4.543029,0,1.617647,0.054054055,0.10493827,0.15453787,,,,,,,,,,,,,,,,,REG,NO,ATL,Taysom Hill,HillTa00,1.0,0.0,0.0,118.7
2023,REG,12,00-0036887,L.Farrell,TE,TE,JAX,15335,8a1f0e8e-6521-4a94-9934-ad4f76a25fd9,19501.0,42353.0,7842.0,,4040612.0,33533.0,,2260977.0,FarrLu00,luke-farrell-1,15566.0,,,33533.0,0.0,,946541.0,Luke Farrell,luke farrell,3,5,55.0,0,0.0,0.0,24.0,43.0,1.0,1.8555421,0,2.2916667,0.13513513,0.077922076,0.25724816,Luke Farrell,JAX,7.646666666666666,3.1891899672694093,4.839999999999998,7.636719366341628,60.0,55.0,0.0,14.716666666666669,10.767667726100777,3.9489989405658914,00-0036887,Luke,Farrell,L.Farrell,REG,JAX,HOU,Luke Farrell,FarrLu00,0.0,0.0,0.0,97.9
2023,REG,12,00-0035229,T.Hockenson,TE,TE,MIN,14138,bd1120b6-38b3-4225-a4b0-20660a149d0d,18290.0,40912.0,5844.0,,4036133.0,31840.0,,2251097.0,HockTJ00,tj-hockenson-1,13610.0,14051.0,247.0,31840.0,923915.0,20805.0,923915.0,T.J. Hockenson,tj hockenson,5,6,50.0,1,0.0,0.0,52.0,6.0,2.0,-1.9542601,0,0.96153843,0.2,0.19330855,0.435316,T.J. Hockenson,MIN,7.73,2.4516114910485265,8.991666666666665,20.961224648379826,83.33333333333334,50.0,1.0,1.064,2.426319049684662,-1.362319049684662,00-0035229,Thomas,Hockenson,T.Hockenson,REG,MIN,CHI,T.J. Hockenson,HockTJ00,0.0,0.0,0.0,141.0
2023,REG,12,00-0033881,E.Engram,TE,TE,JAX,13189,e21365af-8d66-416e-b0a5-8816d18fcfd9,16411.0,11778.0,4066.0,,3051876.0,30136.0,,2079887.0,EngrEv00,evan-engram-1,11805.0,12205.0,229.0,30136.0,749185.0,18912.0,749185.0,Evan Engram,evan engram,5,8,49.0,0,0.0,0.0,51.0,16.0,1.0,-5.420319,0,0.9607843,0.21621622,0.16558442,0.4402334,Evan Engram,JAX,7.118571428571428,3.3308940320528264,6.57875,16.608286787213228,62.5,49.0,0.0,3.8319999999999994,2.0997262127951215,1.732273787204878,00-0033881,Evan,Engram,E.Engram,REG,JAX,HOU,Evan Engram,EngrEv00,0.0,1.0,0.125,40.1
2023,REG,12,00-0039065,S.LaPorta,TE,TE,DET,16214,3059f1e5-1871-4458-9e90-9b9917874c61,22978.0,,10859.0,,4430027.0,40064.0,,3124197.0,LaPoSa01,sam-laporta-1,17033.0,,1429.0,40064.0,0.0,,1168926.0,Sam LaPorta,sam laporta,5,8,47.0,1,0.0,0.0,64.0,18.0,2.0,-2.1217678,1,0.734375,0.1904762,0.21192053,0.43405867,Sam LaPorta,DET,4.294999999999999,4.0160121656483625,8.87,21.429649986410165,62.5,47.0,1.0,3.5900000000000034,6.094276021810174,-2.5042760218101705,00-0039065,Sam,LaPorta,S.LaPorta,REG,DET,GB,Sam LaPorta,LaPoSa01,0.0,0.0,0.0,118.2
2023,REG,12,00-0036040,J.Johnson,TE,TE,NO,14861,0226b03b-f91d-4223-9813-9fcd2e9c3acc,19562.0,28305.0,7002.0,,3929645.0,33113.0,,2186637.0,JohnJu02,,14630.0,,575.0,33113.0,0.0,21738.0,884609.0,Juwan Johnson,juwan johnson,4,7,45.0,0,0.0,0.0,59.0,12.0,3.0,1.168109,0,0.7627119,0.1891892,0.18209876,0.41125292,Juwan Johnson,NO,5.166666666666667,1.6416648953118274,7.262857142857142,16.889804325437687,57.14285714285714,45.0,0.0,2.9025000000000007,2.5312795476199597,0.3712204523800411,00-0036040,Juwan,Johnson,J.Johnson,REG,NO,ATL,Juwan Johnson,JohnJu02,0.0,0.0,0.0,76.5
2023,REG,12,00-0037809,C.Okonkwo,TE,TE,TEN,15889,14e11f9b-58c8-437f-abc0-a4e4df9a7c47,23982.0,,8210.0,,4360635.0,34099.0,,2965208.0,OkonCh00,chigoziem-okonkwo-1,16042.0,,1320.0,34099.0,0.0,,1106374.0,Chigoziem Okonkwo,chigoziem okonkwo,4,5,45.0,0,0.0,0.0,33.0,18.0,1.0,2.142161,0,1.3636364,0.18518518,0.14224137,0.37734675,Chigoziem Okonkwo,TEN,3.365,4.441648193361919,5.904000000000001,13.578656853725851,80.0,45.0,0.0,5.525,6.222745688684029,-0.6977456886840283,00-0037809,Chigoziem,Okonkwo,C.Okonkwo,REG,TEN,CAR,Chigoziem Okonkwo,OkonCh00,0.0,0.0,0.0,104.2
2023,REG,12,00-0038129,C.Otton,TE,TE,TB,15802,f23517bd-ae85-484a-8ecb-1f7a2d851e48,23181.0,,8111.0,,4243331.0,34062.0,,2815179.0,OttoCa00,cade-otton-1,16032.0,,1261.0,34062.0,0.0,,1049263.0,Cade Otton,cade otton,4,4,45.0,0,0.0,0.0,9.0,36.0,1.0,2.6752975,0,5.0,0.13333334,0.04245283,0.22971699,,,,,,,,,,,,,,,,,REG,TB,IND,Cade Otton,OttoCa00,1.0,0.0,0.0,113.5
2023,REG,12,00-0033895,G.Everett,TE,TE,LAC,13236,ebeceb00-57e0-4b74-9cf7-853da2afed18,16459.0,11799.0,4089.0,,3918639.0,30157.0,,2142692.0,EverGe00,gerald-everett-1,11737.0,12284.0,55.0,30157.0,838487.0,18935.0,838487.0,Gerald Everett,gerald everett,4,4,43.0,1,0.0,0.0,29.0,14.0,3.0,5.9247437,0,1.4827586,0.09756097,0.11553785,0.22721796,,,,,,,,,,,,,,,,,REG,LAC,BAL,Gerald Everett,EverGe00,0.0,0.0,0.0,151.0
2023,REG,12,00-0036290,C.Kmet,TE,TE,CHI,14867,036feeb6-9a22-43c5-a8e3-7ac611d8ff49,19229.0,60995.0,6826.0,,4258595.0,32713.0,,2868619.0,KmetCo00,cole-kmet-1,14436.0,,569.0,32713.0,0.0,21772.0,1066765.0,Cole Kmet,cole kmet,7,7,43.0,0,0.0,0.0,12.0,31.0,2.0,4.2411976,0,3.5833333,0.21875,0.14814815,0.4318287,Cole Kmet,CHI,6.863333333333334,5.242507120738407,1.3500000000000025,11.008853681267494,100.0,43.0,0.0,4.79285714285714,6.21414174170135,-1.4212845988442098,00-0036290,Cole,Kmet,C.Kmet,REG,CHI,MIN,Cole Kmet,KmetCo00,0.0,0.0,0.0,92.3
2023,REG,12,00-0037838,I.Likely,TE,TE,BAL,15798,f9279edb-cfa7-4f7d-91df-b81cbf3e133e,23781.0,,8131.0,,4361050.0,34095.0,,2961906.0,LikeIs00,isaiah-likely-1,16033.0,,1257.0,34095.0,0.0,,1125111.0,Isaiah Likely,isaiah likely,4,6,40.0,0,0.0,0.0,2.0,43.0,0.0,0.82294047,0,20.0,0.2,0.010810811,0.30756757,Isaiah Likely,BAL,7.54,4.809880865157378,0.47166666666666757,1.4753414659576711,66.66666666666666,40.0,0.0,10.817499999999997,7.490411474350935,3.327088525649062,00-0037838,Isaiah,Likely,I.Likely,REG,BAL,LAC,Isaiah Likely,LikeIs00,1.0,0.0,0.0,85.4
2023,REG,12,00-0038933,D.Kincaid,TE,TE,BUF,16213,b961fa15-0676-4948-b95f-56d06319d40e,25247.0,,10236.0,,4385690.0,40048.0,,2982991.0,KincDa00,dalton-kincaid-1,16697.0,,1428.0,40048.0,0.0,,1135513.0,Dalton Kincaid,dalton kincaid,5,6,38.0,0,0.0,0.0,43.0,16.0,1.0,0.6501625,0,0.88372093,0.12244898,0.104116224,0.2565548,Dalton Kincaid,BUF,3.758333333333333,2.6404558450062283,6.6549999999999985,10.069348127600549,83.33333333333334,38.0,0.0,3.5740000000000007,3.7269049626569766,-0.15290496265697584,00-0038933,Dalton,Kincaid,D.Kincaid,REG,BUF,PHI,Dalton Kincaid,KincDa00,0.0,1.0,0.167,93.1
2023,REG,12,00-0038041,J.Ferguson,TE,TE,DAL,15799,f46eab3d-d7dd-4420-b3f9-6da9ac1308ab,22718.0,,8110.0,,4242355.0,34085.0,,2867159.0,FergJa00,jake-ferguson-1,15947.0,,1258.0,34085.0,0.0,,1065361.0,Jake Ferguson,jake ferguson,1,3,35.0,0,0.0,0.0,72.0,7.0,1.0,0.6435895,0,0.4861111,0.09375,0.15319149,0.24785905,,,,,,,,,,,,,,,,,REG,DAL,WAS,Jake Ferguson,FergJa00,0.0,0.0,0.0,78.5
2023,REG,12,00-0034270,T.Conklin,TE,TE,NYJ,13675,f0d17dfa-ebf3-416c-a8d2-c6bc30675103,17598.0,47327.0,5133.0,,3915486.0,31220.0,,2165249.0,ConkTy00,tyler-conklin-1,12809.0,13220.0,489.0,31127.0,861278.0,19988.0,861278.0,Tyler Conklin,tyler conklin,4,5,33.0,0,0.0,0.0,13.0,24.0,2.0,3.0374634,0,2.5384614,0.1388889,0.1092437,0.28480393,Tyler Conklin,NYJ,6.1659999999999995,4.192714787998286,2.1720000000000015,6.866898514068927,80.0,33.0,0.0,6.504999999999999,6.515702929690406,-0.010702929690406648,00-0034270,Tyler,Conklin,T.Conklin,REG,NYJ,MIA,Tyler Conklin,ConkTy00,0.0,0.0,0.0,94.2
2023,REG,12,00-0033217,M.Alie-Cox,TE,TE,IND,13246,8809c0dd-786b-4255-a7d0-333c9498c19a,16579.0,12078.0,4054.0,moalie-cox/2558832,2998565.0,30112.0,,2815925.0,AlieMo00,,12196.0,12221.0,195.0,30112.0,712506.0,18900.0,712506.0,Mo Alie-Cox,mo alie-cox,1,1,30.0,0,0.0,0.0,15.0,15.0,1.0,3.8009832,0,2.0,0.025,0.06410257,0.08237179,,,,,,,,,,,,,,,,,REG,IND,TB,Mo Alie-Cox,AlieMo00,0.0,0.0,0.0,118.7
2023,REG,12,00-0036637,N.Gray,TE,TE,KC,15337,c97dfcb6-b999-476f-8487-f3848e92df17,19539.0,60878.0,7828.0,,4240472.0,33550.0,,2866903.0,GrayNo00,noah-gray-1,15459.0,,1059.0,33550.0,0.0,,1056981.0,Noah Gray,noah gray,3,3,30.0,0,0.0,0.0,13.0,17.0,2.0,1.9370703,0,2.3076923,0.09375,0.087248325,0.20169882,,,,,,,,,,,,,,,,,REG,KC,LV,Noah Gray,GrayNo00,0.0,0.0,0.0,108.3
2023,REG,12,00-0033110,T.Higbee,TE,TE,LA,12678,0df7912d-9e81-47ea-b4f7-d04986df4ee8,15623.0,10744.0,3271.0,,2573401.0,29344.0,,1853103.0,HigbTy00,tyler-higbee-1,10854.0,11430.0,159.0,29344.0,604176.0,18032.0,604176.0,Tyler Higbee,tyler higbee,5,5,29.0,2,0.0,0.0,16.0,13.0,2.0,3.4486566,0,1.8125,0.16129032,0.08510638,0.30150995,Tyler Higbee,LAR,7.054,4.142279448813478,4.422,11.773162939297123,100.0,29.0,2.0,2.636000000000002,2.649050794853582,-0.013050794853580072,00-0033110,Tyler,Higbee,T.Higbee,REG,LA,ARI,Tyler Higbee,HigbTy00,1.0,0.0,0.0,130.4
2023,REG,12,00-0037078,C.Turner,TE,TE,WAS,15803,fc78ba73-7ef3-4dda-9a06-b5101f7ff7b1,23727.0,,8214.0,,4361438.0,34105.0,,2961855.0,TurnCo00,cole-turner-2,15923.0,,,34105.0,0.0,,1122692.0,Cole Turner,cole turner,1,1,29.0,0,0.0,0.0,13.0,16.0,1.0,3.1208024,0,2.2307692,0.022727273,0.036931816,0.05994318,,,,,,,,,,,,,,,,,REG,WAS,DAL,Cole Turner,TurnCo00,0.0,0.0,0.0,118.7
2023,REG,12,00-0038394,W.Mallory,TE,TE,IND,16220,5d4a5e4f-7c74-4b4c-b8e5-33bb831e3057,23821.0,,10220.0,,4362523.0,40180.0,,2962073.0,MallWi00,will-mallory-1,17014.0,,1435.0,,0.0,,1121873.0,Will Mallory,will mallory,2,3,29.0,0,0.0,0.0,21.0,17.0,2.0,2.3128843,0,1.3809524,0.075,0.08974359,0.1753205,,,,,,,,,,,,,,,,,REG,IND,TB,Will Mallory,MallWi00,0.0,0.0,0.0,97.9
2023,REG,12,00-0039066,M.Mayer,TE,TE,LV,16212,31f4645a-7ccb-4633-8580-2fca361beb4f,23056.0,,9482.0,,4429086.0,40065.0,,3171673.0,MayeMi00,michael-mayer-1,16666.0,,1427.0,40065.0,0.0,,1232592.0,Michael Mayer,michael mayer,2,4,27.0,0,0.0,0.0,11.0,20.0,2.0,1.1764021,0,2.4545455,0.125,0.06666667,0.23416667,,,,,,,,,,,,,,,,,REG,LV,KC,Michael Mayer,MayeMi00,0.0,0.0,0.0,71.9
2023,REG,12,00-0039041,E.Higgins,TE,TE,ARI,16333,a01b7698-d67f-4b60-b2fb-4c667336b718,23119.0,,10231.0,,4426844.0,40226.0,,3122914.0,HiggEl00,elijah-higgins-1,16959.0,,1469.0,40226.0,0.0,,1161853.0,Elijah Higgins,elijah higgins,1,2,26.0,0,0.0,0.0,24.0,11.0,1.0,1.4527595,0,1.0833334,0.045454547,0.061381076,0.11114857,,,,,,,,,,,,,,,,,REG,ARI,LA,Elijah Higgins,HiggEl00,0.0,0.0,0.0,95.8
2023,REG,12,00-0035644,N.Fant,TE,TE,SEA,14137,cdc98acc-9eb6-4b44-81bb-61d7b8a3b55f,17527.0,42388.0,5857.0,,4036131.0,31852.0,,2251095.0,FantNo00,noah-fant-1,13426.0,14050.0,243.0,31852.0,923911.0,20753.0,923911.0,Noah Fant,noah fant,2,2,25.0,0,0.0,0.0,22.0,3.0,2.0,2.7853816,0,1.1363636,0.074074075,0.07586207,0.16421457,,,,,,,,,,,,,,,,,REG,SEA,SF,Noah Fant,FantNo00,0.0,0.0,0.0,118.7
2023,REG,12,00-0036970,K.Pitts,TE,TE,ATL,15329,1f3deb24-9ff8-4769-8f42-825eff7742f6,20164.0,83964.0,7553.0,,4360248.0,33392.0,,2964514.0,PittKy00,kyle-pitts-1,15265.0,,1051.0,33392.0,0.0,,1123026.0,Kyle Pitts,kyle pitts,2,2,22.0,0,0.0,0.0,23.0,-1.0,2.0,3.4233184,0,0.95652175,0.1,0.14649682,0.25254777,,,,,,,,,,,,,,,,,REG,ATL,NO,Kyle Pitts,PittKy00,0.0,0.0,0.0,112.5
2023,REG,12,00-0034159,W.Dissly,TE,TE,SEA,13763,383f4814-6836-4766-a297-fc063e8509cc,18049.0,30762.0,5010.0,,3127292.0,31090.0,,2139628.0,DissWi00,will-dissly-1,12986.0,13246.0,86.0,31090.0,837806.0,19950.0,837806.0,Will Dissly,will dissly,1,1,21.0,0,0.0,0.0,7.0,14.0,1.0,1.9544303,0,3.0,0.037037037,0.024137931,0.072452106,,,,,,,,,,,,,,,,,REG,SEA,SF,Will Dissly,DissWi00,0.0,0.0,0.0,118.7
2023,REG,12,00-0033288,G.Kittle,TE,TE,SF,13299,2ada91b0-036e-454f-83c3-6d939ff584a9,16499.0,11901.0,4217.0,,3040151.0,30259.0,,2818265.0,KittGe00,george-kittle-1,11892.0,12276.0,298.0,30259.0,733672.0,19063.0,733672.0,George Kittle,george kittle,3,5,19.0,0,0.0,0.0,55.0,11.0,1.0,0.036433827,0,0.34545454,0.16666667,0.20522387,0.39365673,George Kittle,SF,3.0250000000000004,2.8035827999669687,10.88,21.004671995057723,60.0,19.0,0.0,3.733333333333332,3.5383432112267506,0.1949901221065815,00-0033288,George,Kittle,G.Kittle,REG,SF,SEA,George Kittle,KittGe00,0.0,0.0,0.0,67.9
2023,REG,12,00-0034613,T.Hudson,TE,TE,CIN,14370,2fa75e05-cac4-4b40-8924-dbc9ae0c959c,17826.0,66924.0,5409.0,,3050481.0,31257.0,,2926606.0,,,13286.0,,,31257.0,1115394.0,20506.0,1115394.0,Tanner Hudson,tanner hudson,4,5,18.0,0,0.0,0.0,10.0,4.0,1.0,0.09439063,0,1.8,0.2,0.07575758,0.3530303,Tanner Hudson,CIN,4.4925,2.9256571910103433,3.3679999999999994,12.596304884434137,80.0,18.0,0.0,1.2249999999999996,0.8862151486009795,0.33878485139902015,00-0034613,Tanner,Hudson,T.Hudson,,,,,,,,,
2023,REG,12,00-0037805,J.Ruckert,TE,TE,NYJ,15796,28f3732b-0910-4d09-9fd4-e43b821dc5bb,23742.0,,8145.0,,4361372.0,34057.0,,2965446.0,RuckJe00,jeremy-ruckert-1,15996.0,,1255.0,34057.0,0.0,,1122596.0,Jeremy Ruckert,jeremy ruckert,2,4,18.0,0,0.0,0.0,14.0,13.0,0.0,-0.12765291,0,1.2857143,0.11111111,0.11764706,0.24901961,,,,,,,,,,,,,,,,,REG,NYJ,MIA,Jeremy Ruckert,RuckJe00,0.0,0.0,0.0,62.5
2023,REG,12,00-0031260,L.Thomas,TE,TE,WAS,11647,b24625a0-d402-4d59-a778-aa4b073bfe5e,12095.0,8755.0,2251.0,loganthomas/2543767,16813.0,27648.0,,1691193.0,ThomLo00,logan-thomas-1,9323.0,9354.0,,27648.0,507528.0,16656.0,507528.0,Logan Thomas,logan thomas,2,4,15.0,0,0.0,0.0,23.0,10.0,1.0,-0.46262324,0,0.65217394,0.09090909,0.06534091,0.18210228,,,,,,,,,,,,,,,,,REG,WAS,DAL,Logan Thomas,ThomLo00,0.0,0.0,0.0,59.4
2023,REG,12,00-0038996,T.Kraft,TE,TE,GB,16222,3a084c5f-6b9f-4703-a0c7-1566bc4b1129,25298.0,,9484.0,,4572680.0,40102.0,,3133332.0,KrafTu00,,16649.0,,1418.0,40102.0,0.0,,1181874.0,Tucker Kraft,tucker kraft,2,2,15.0,1,0.0,0.0,6.0,9.0,1.0,2.082355,0,2.5,0.06666667,0.02027027,0.11418919,,,,,,,,,,,,,,,,,REG,GB,DET,Tucker Kraft,KrafTu00,0.0,0.0,0.0,137.5
2023,REG,12,00-0032392,A.Hooper,TE,TE,LV,12677,90c2a93f-d837-4e1b-b57c-56648903a8db,15581.0,10715.0,3202.0,,3043275.0,29315.0,,2067004.0,HoopAu00,austin-hooper-1,10748.0,11301.0,384.0,29315.0,739424.0,17963.0,739424.0,Austin Hooper,austin hooper,1,2,14.0,0,0.0,0.0,5.0,11.0,1.0,0.5415019,0,2.8,0.0625,0.030303031,0.11496212,,,,,,,,,,,,,,,,,REG,LV,KC,Austin Hooper,HoopAu00,0.0,0.0,0.0,72.9
2023,REG,12,00-0036741,J.Stoll,TE,TE,PHI,15541,0560d134-d316-4cda-9d48-34d32267af68,23193.0,42058.0,7946.0,,4034862.0,33891.0,,2239684.0,StolJa00,,15510.0,,,33891.0,0.0,,911985.0,Jack Stoll,jack stoll,1,2,14.0,0,0.0,0.0,6.0,14.0,1.0,-2.9840581,0,2.3333333,0.071428575,0.030612245,0.12857144,,,,,,,,,,,,,,,,,REG,PHI,BUF,Jack Stoll,StolJa00,1.0,0.0,0.0,33.3
2023,REG,12,00-0036438,S.Sullivan,TE,TE,CAR,15026,a41b8454-0326-4c56-87a2-f2aac3814961,19641.0,40411.0,6970.0,,4035426.0,32921.0,,2223251.0,SullSt00,stephen-sullivan-1,14570.0,,,32921.0,0.0,21865.0,910808.0,Stephen Sullivan,stephen sullivan,1,1,13.0,0,0.0,0.0,13.0,0.0,1.0,3.237085,0,1.0,0.041666668,0.08227848,0.12009494,,,,,,,,,,,,,,,,,REG,CAR,TEN,Stephen Sullivan,SullSt00,0.0,0.0,0.0,118.7
2023,REG,12,00-0038547,L.Schoonmaker,TE,TE,DAL,16221,143957a7-4649-4a19-b351-e606edc75ebd,25267.0,,10871.0,,4372096.0,40061.0,,2968473.0,SchoLu00,luke-schoonmaker-1,16855.0,,1382.0,40061.0,0.0,,1130242.0,Luke Schoonmaker,luke schoonmaker,1,2,12.0,0,0.0,0.0,9.0,6.0,1.0,-0.98799574,0,1.3333334,0.0625,0.019148936,0.10715426,,,,,,,,,,,,,,,,,REG,DAL,WAS,Luke Schoonmaker,SchoLu00,0.0,0.0,0.0,68.7
2023,REG,12,00-0039050,P.Durham,TE,TE,TB,16218,c4a8b4c9-5db8-4187-852b-9557bef8724e,25346.0,,10227.0,,4372505.0,40193.0,,2968469.0,DurhPa00,payne-durham-1,16720.0,,,40193.0,0.0,,1130260.0,Payne Durham,payne durham,1,1,12.0,0,0.0,0.0,9.0,3.0,1.0,1.7352113,0,1.3333334,0.033333335,0.04245283,0.07971698,,,,,,,,,,,,,,,,,REG,TB,IND,Payne Durham,DurhPa00,0.0,0.0,0.0,116.7
2023,REG,12,00-0035631,D.Sample,TE,TE,CIN,14146,15a4f552-ecaf-45bd-9006-aa5dda93bee6,18561.0,47259.0,6001.0,,3127310.0,31884.0,,2139646.0,SampDr00,drew-sample-1,13809.0,14111.0,435.0,31884.0,837824.0,20931.0,837824.0,Drew Sample,drew sample,1,1,11.0,1,0.0,0.0,-1.0,12.0,1.0,2.0806909,0,0.0,0.04,-0.007575758,0.05469697,,,,,,,,,,,,,,,,,REG,CIN,PIT,Drew Sample,SampDr00,1.0,0.0,0.0,152.1
2023,REG,12,00-0037304,C.Heyward,TE,TE,PIT,15800,62e96d7c-e4dd-4a90-8c3a-8017eb69120d,24562.0,,8181.0,,4241961.0,34163.0,,2867599.0,HeywCo00,connor-heyward-1,15916.0,,,34163.0,0.0,,1057457.0,Connor Heyward,connor heyward,2,2,11.0,0,0.0,0.0,0.0,11.0,0.0,-0.8043428,0,0.0,0.0625,0.0,0.09375,,,,,,,,,,,,,,,,,REG,PIT,CIN,Connor Heyward,HeywCo00,0.0,0.0,0.0,89.6
2023,REG,12,00-0038589,J.Whyle,TE,TE,TEN,16312,601467c7-b593-472d-a147-b8e7bfdbe990,22923.0,,10212.0,,4360086.0,40182.0,,2962513.0,WhylJo01,josh-whyle-1,16866.0,,1471.0,40182.0,0.0,,1107037.0,Josh Whyle,josh whyle,1,1,11.0,0,0.0,0.0,11.0,0.0,1.0,0.70380217,0,1.0,0.037037037,0.047413792,0.088745214,,,,,,,,,,,,,,,,,REG,TEN,CAR,Josh Whyle,WhylJo01,0.0,0.0,0.0,112.5
2023,REG,12,00-0034798,D.Smythe,TE,TE,MIA,13676,7e42a22a-c47b-4387-aeeb-2cc2e76dc1d8,17508.0,47257.0,5008.0,,3052897.0,31093.0,,2082845.0,SmytDu00,durham-smythe-1,12807.0,13249.0,,31093.0,749968.0,19943.0,749968.0,Durham Smythe,durham smythe,1,3,10.0,0,0.0,0.0,14.0,1.0,1.0,-1.235179,0,0.71428573,0.10714286,0.09589041,0.22783758,,,,,,,,,,,,,,,,,REG,MIA,NYJ,Durham Smythe,SmytDu00,0.0,0.0,0.0,43.7
2023,REG,12,00-0038558,D.Washington,TE,TE,PIT,16216,1984b8b5-d206-4d6a-8204-c5dd0160e9f5,22967.0,,9479.0,,4430802.0,40094.0,,3163963.0,WashDa03,darnell-washington-1,16889.0,,1431.0,40094.0,0.0,,1218658.0,Darnell Washington,darnell washington,1,1,10.0,0,0.0,0.0,4.0,6.0,1.0,0.44029698,0,2.5,0.03125,0.014981274,0.05736189,,,,,,,,,,,,,,,,,REG,PIT,CIN,Darnell Washington,WashDa03,1.0,0.0,0.0,108.3
2023,REG,12,00-0034365,I.Thomas,TE,TE,CAR,13678,ed8a8fd2-df67-45e7-a34f-984afb82f6ea,17387.0,42130.0,4995.0,,4045305.0,31071.0,,2253359.0,ThomIa00,ian-thomas-3,12858.0,13163.0,323.0,31071.0,943093.0,19910.0,943093.0,Ian Thomas,ian thomas,1,1,9.0,0,0.0,0.0,4.0,5.0,0.0,0.91096485,0,2.25,0.041666668,0.025316456,0.08022152,,,,,,,,,,,,,,,,,REG,CAR,TEN,Ian Thomas,ThomIa00,0.0,0.0,0.0,104.2
2023,REG,12,00-0036244,C.Parkinson,TE,TE,SEA,14871,1ea7affb-e5e7-491a-aaa3-55e200b2eb48,19372.0,52266.0,6865.0,,4242557.0,32803.0,,2867522.0,ParkCo02,colby-parkinson-1,14463.0,,565.0,32803.0,0.0,21807.0,1060312.0,Colby Parkinson,colby parkinson,1,1,9.0,0,0.0,0.0,9.0,0.0,0.0,0.83545166,0,1.0,0.037037037,0.031034483,0.077279694,,,,,,,,,,,,,,,,,REG,SEA,SF,Colby Parkinson,ParkCo02,0.0,0.0,0.0,104.2
2023,REG,12,00-0036429,C.Woerner,TE,TE,SF,14984,527dfee0-a242-4dc7-830a-ab7028308259,19665.0,42257.0,7075.0,,4035020.0,32860.0,,2248629.0,WoerCh00,charlie-woerner-1,14608.0,,,32860.0,0.0,22119.0,922040.0,Charlie Woerner,charlie woerner,1,1,9.0,0,0.0,0.0,2.0,7.0,0.0,0.715746,0,4.5,0.033333335,0.0074626864,0.055223882,,,,,,,,,,,,,,,,,REG,SF,SEA,Charlie Woerner,WoerCh00,0.0,0.0,0.0,104.2
2023,REG,12,00-0036556,B.Jordan,TE,TE,HOU,15330,8ffb5c07-4aa1-4796-b1ab-30c1ab0ccc4c,20162.0,77887.0,7568.0,,4362504.0,33535.0,,2964787.0,JordBr00,brevin-jordan-1,15369.0,,1052.0,33535.0,0.0,,1121871.0,Brevin Jordan,brevin jordan,1,2,9.0,0,0.0,0.0,9.0,3.0,1.0,0.79664904,0,1.0,0.055555556,0.026086956,0.1015942,,,,,,,,,,,,,,,,,REG,HOU,JAX,Brevin Jordan,JordBr00,0.0,0.0,0.0,62.5
2023,REG,12,00-0036754,B.Wright,TE,TE,DET,15626,8f182089-7730-499e-8f2e-87bda32debfb,23341.0,60994.0,7891.0,,4242392.0,33774.0,,2807423.0,WrigBr01,,15681.0,,1162.0,33774.0,0.0,,978120.0,Brock Wright,brock wright,1,1,9.0,0,0.0,0.0,5.0,4.0,0.0,-0.09565017,0,1.8,0.023809524,0.01655629,0.04730369,,,,,,,,,,,,,,,,,REG,DET,GB,Brock Wright,WrigBr01,0.0,0.0,0.0,104.2
2023,REG,12,00-0034970,I.Smith,TE,TE,CIN,14141,ed0e6a30-83d5-4f4b-bf49-f7ff80e21304,18610.0,42060.0,6126.0,,4040980.0,31882.0,,2257888.0,SmitIr01,irv-smith-jr-1,13583.0,14052.0,,31882.0,944428.0,20949.0,944428.0,Irv Smith,irv smith,2,2,8.0,0,0.0,0.0,3.0,5.0,0.0,-1.438769,0,2.6666667,0.08,0.022727273,0.1359091,,,,,,,,,,,,,,,,,REG,CIN,PIT,Irv Smith Jr.,SmitIr01,0.0,0.0,0.0,83.3
2023,REG,12,00-0036422,A.Trautman,TE,TE,DEN,14870,4e14183b-f974-4745-9d7f-8f5eb2a92a7d,19423.0,109795.0,6869.0,,3911853.0,32775.0,,2182228.0,TrauAd00,,14541.0,,566.0,32775.0,0.0,21786.0,875444.0,Adam Trautman,adam trautman,1,1,8.0,1,0.0,0.0,8.0,0.0,1.0,2.9648364,0,1.0,0.04761905,0.06837607,0.11929182,,,,,,,,,,,,,,,,,REG,DEN,CLE,Adam Trautman,TrauAd00,0.0,0.0,0.0,139.6
2023,REG,12,00-0038115,D.Bellinger,TE,TE,NYG,15873,42a1c03e-790e-46ba-b0d5-d304e44c02c7,24238.0,,8225.0,,4361516.0,34068.0,,2963615.0,BellDa00,daniel-bellinger-1,16036.0,,1322.0,34068.0,0.0,,1122035.0,Daniel Bellinger,daniel bellinger,1,1,8.0,0,0.0,0.0,2.0,6.0,0.0,-1.067307,0,4.0,0.041666668,0.010989011,0.07019231,,,,,,,,,,,,,,,,,REG,NYG,NE,Daniel Bellinger,BellDa00,0.0,0.0,0.0,100.0
2023,REG,12,00-0037005,T.Tremble,TE,TE,CAR,15332,cbee2fd3-e5f2-4316-bffd-531f1873f032,22795.0,84025.0,7694.0,,4372780.0,33471.0,,2969027.0,TremTo00,tommy-tremble-1,15371.0,,1054.0,33471.0,0.0,,1130555.0,Tommy Tremble,tommy tremble,1,1,7.0,0,0.0,0.0,6.0,1.0,0.0,0.15782332,0,1.1666666,0.041666668,0.03797468,0.08908228,,,,,,,,,,,,,,,,,REG,CAR,TEN,Tommy Tremble,TremTo00,0.0,0.0,0.0,95.8
2023,REG,12,00-0039074,D.Allen,TE,TE,LA,16219,02a77d8c-3b89-4a61-86a2-0c005c1e589a,23761.0,,10214.0,,4426553.0,40164.0,,3123267.0,AlleDa02,davis-allen-1,17030.0,,1434.0,40164.0,0.0,,1161664.0,Davis Allen,davis allen,1,1,6.0,0,0.0,0.0,0.0,6.0,1.0,0.89216655,0,0.0,0.032258064,0.0,0.048387095,,,,,,,,,,,,,,,,,REG,LA,ARI,Davis Allen,AlleDa02,0.0,0.0,0.0,91.7
2023,REG,12,00-0034383,D.Schultz,TE,TE,HOU,13772,8caec1b4-e0b6-4a84-b8c8-617d6e91ef6a,17349.0,47304.0,5001.0,,3117256.0,31107.0,,2136748.0,SchuDa00,dalton-schultz-1,12514.0,13198.0,487.0,31107.0,830523.0,19920.0,830523.0,Dalton Schultz,dalton schultz,1,2,2.0,0,0.0,0.0,37.0,-1.0,0.0,-3.9482634,0,0.054054055,0.055555556,0.10724638,0.1584058,,,,,,,,,,,,,,,,,REG,HOU,JAX,Dalton Schultz,SchuDa00,0.0,0.0,0.0,56.2
2023,REG,12,00-0036232,H.Bryant,TE,TE,CLE,14875,f58a5899-8b78-46e8-a29a-ba6273b7d872,19389.0,26394.0,6850.0,,4040774.0,32785.0,,2241240.0,BryaHa00,harrison-bryant-1,14576.0,,752.0,32785.0,0.0,21783.0,916467.0,Harrison Bryant,harrison bryant,1,1,2.0,1,0.0,0.0,2.0,0.0,1.0,3.8571181,0,1.0,0.025641026,0.0069204154,0.04330583,,,,,,,,,,,,,,,,,REG,CLE,DEN,Harrison Bryant,BryaHa00,0.0,0.0,0.0,118.7
2023,REG,12,00-0035771,M.Wilcox,TE,TE,CIN,15563,b2d98b60-b4b3-4610-81d2-2154c723fdbb,19510.0,47234.0,6894.0,,3923392.0,33171.0,,2188431.0,,,14634.0,,,33171.0,0.0,21800.0,885394.0,Mitchell Wilcox,mitchell wilcox,1,1,1.0,0,0.0,0.0,1.0,0.0,0.0,-0.5218302,0,1.0,0.04,0.007575758,0.06530303,,,,,,,,,,,,,,,,,,,,,,,,,
2023,REG,12,00-0033757,R.Tonyan,TE,TE,CHI,13427,7c9c7800-69d0-459b-812b-a07ac48e9f2a,16502.0,12193.0,4602.0,,2975674.0,30777.0,,2820026.0,TonyRo00,,12389.0,12868.0,,30777.0,660151.0,19491.0,660151.0,Robert Tonyan,robert tonyan,0,1,0.0,0,0.0,0.0,-10.0,0.0,0.0,-0.55453324,0,0.0,0.03125,-0.12345679,-0.039544754,,,,,,,,,,,,,,,,,REG,CHI,MIN,Robert Tonyan,TonyRo00,0.0,0.0,0.0,39.6
2023,REG,12,00-0034829,M.Gesicki,TE,TE,NE,13672,1012cbe0-7eba-4169-bfca-183a0204e1a7,17272.0,47153.0,4993.0,,3116164.0,31012.0,,2139298.0,GesiMi00,mike-gesicki-1,12764.0,13104.0,330.0,31012.0,836152.0,19853.0,836152.0,Mike Gesicki,mike gesicki,0,2,0.0,0,0.0,0.0,12.0,0.0,0.0,-1.48376,0,0.0,0.057142857,0.096,0.15291429,,,,,,,,,,,,,,,,,REG,NE,NYG,Mike Gesicki,GesiMi00,0.0,0.0,0.0,39.6
2023,REG,12,00-0036876,K.Granson,TE,TE,IND,15419,bcc0167c-05fd-4b23-981e-60b8784ceb33,22841.0,40630.0,7602.0,,4039160.0,33515.0,,2247146.0,GranKy00,kylen-granson-1,15245.0,,1119.0,33515.0,0.0,,921050.0,Kylen Granson,kylen granson,0,1,0.0,0,0.0,0.0,-7.0,0.0,0.0,-0.5024115,0,0.0,0.025,-0.02991453,0.01655983,,,,,,,,,,,,,,,,,REG,IND,TB,Kylen Granson,GranKy00,0.0,0.0,0.0,39.6
2023,REG,12,00-0037475,S.Smartt,TE,TE,LAC,16113,6ee105f0-ca2e-11ec-be96-e90abdfa0fef,24621.0,,8583.0,,4250764.0,34637.0,,2864800.0,SmarSt00,,16321.0,,,34637.0,0.0,,1056865.0,Stone Smartt,stone smartt,0,1,0.0,0,0.0,0.0,0.0,0.0,0.0,-1.7359614,0,,0.024390243,0.0,0.036585364,,,,,,,,,,,,,,,,,REG,LAC,BAL,Stone Smartt,SmarSt00,0.0,0.0,0.0,39.6
2023,REG,12,00-0038809,B.Sims,TE,TE,GB,16483,cef32a80-e761-11ed-ac46-e3b4ebd723e5,25349.0,,11082.0,,4373030.0,40335.0,,2964709.0,SimsBe00,,17012.0,,,40335.0,0.0,,1129452.0,Ben Sims,ben sims,0,1,0.0,0,0.0,0.0,-1.0,0.0,0.0,-0.5502517,0,0.0,0.033333335,-0.0033783785,0.047635134,,,,,,,,,,,,,,,,,REG,GB,DET,Ben Sims,SimsBe00,0.0,0.0,0.0,39.6
2023,REG,13,00-0039065,S.LaPorta,TE,TE,DET,16214,3059f1e5-1871-4458-9e90-9b9917874c61,22978.0,,10859.0,,4430027.0,40064.0,,3124197.0,LaPoSa01,sam-laporta-1,17033.0,,1429.0,40064.0,0.0,,1168926.0,Sam LaPorta,sam laporta,9,9,140.0,1,0.0,0.0,83.0,57.0,5.0,11.645446,0,1.686747,0.36,0.46368715,0.864581,Sam LaPorta,DET,6.834444444444445,3.8513971219054834,8.864444444444445,44.238660308306535,100.0,140.0,1.0,6.691111111111111,4.0400680359174554,2.6510430751936553,00-0039065,Sam,LaPorta,S.LaPorta,REG,DET,NO,Sam LaPorta,LaPoSa01,2.0,0.0,0.0,155.8
2023,REG,13,00-0037744,T.McBride,TE,TE,ARI,15794,734d54cc-c869-4e2f-a60f-c59c493f5110,22936.0,,8130.0,,4361307.0,34010.0,,2963385.0,McBrTr01,trey-mcbride-1,15902.0,,1253.0,34010.0,0.0,,1108161.0,Trey McBride,trey mcbride,8,9,89.0,1,0.0,0.0,46.0,48.0,5.0,7.4303484,0,1.9347826,0.39130434,0.26589596,0.7730837,Trey McBride,ARI,4.876250000000001,2.9619813642765087,5.329999999999999,28.497594011762605,88.88888888888889,89.0,1.0,6.51125,4.967133356899751,1.5441166431002493,00-0037744,Trey,McBride,T.McBride,REG,ARI,PIT,Trey McBride,McBrTr01,3.0,1.0,0.111,144.9
2023,REG,13,00-0033881,E.Engram,TE,TE,JAX,13189,e21365af-8d66-416e-b0a5-8816d18fcfd9,16411.0,11778.0,4066.0,,3051876.0,30136.0,,2079887.0,EngrEv00,evan-engram-1,11805.0,12205.0,229.0,30136.0,749185.0,18912.0,749185.0,Evan Engram,evan engram,9,9,82.0,1,0.0,0.0,34.0,48.0,4.0,4.309727,0,2.4117646,0.23076923,0.07744875,0.40036798,Evan Engram,JAX,6.535714285714285,4.5197918902662595,2.4655555555555537,5.354729729729726,100.0,82.0,1.0,6.645555555555557,4.603157486030089,2.0423980695254684,00-0033881,Evan,Engram,E.Engram,REG,JAX,CIN,Evan Engram,EngrEv00,1.0,0.0,0.0,141.7
2023,REG,13,00-0030506,T.Kelce,TE,TE,KC,11244,c3859e06-5f23-4302-a71b-04820a899d5f,11594.0,7844.0,1466.0,traviskelce/2540258,15847.0,26686.0,,1725130.0,KelcTr00,travis-kelce-1,8783.0,8411.0,264.0,26686.0,448240.0,15048.0,448240.0,Travis Kelce,travis kelce,4,5,81.0,0,0.0,0.0,56.0,36.0,4.0,7.475065,0,1.4464285,0.16666667,0.24347825,0.42043477,Travis Kelce,KC,6.864,6.39439746110277,11.336000000000002,22.05018478895157,80.0,81.0,0.0,8.869999999999997,8.285033907490515,0.5849660925094824,00-0030506,Travis,Kelce,T.Kelce,REG,KC,GB,Travis Kelce,KelcTr00,0.0,0.0,0.0,118.7
2023,REG,13,00-0038041,J.Ferguson,TE,TE,DAL,15799,f46eab3d-d7dd-4420-b3f9-6da9ac1308ab,22718.0,,8110.0,,4242355.0,34085.0,,2867159.0,FergJa00,jake-ferguson-1,15947.0,,1258.0,34085.0,0.0,,1065361.0,Jake Ferguson,jake ferguson,6,8,77.0,1,0.0,0.0,21.0,60.0,5.0,8.361645,0,3.6666667,0.2,0.09170306,0.36419213,Jake Ferguson,DAL,5.154285714285714,4.519397367664776,4.6137500000000005,13.99006936284729,75.0,77.0,1.0,9.896666666666667,8.839414822780364,1.0572518438863021,00-0038041,Jake,Ferguson,J.Ferguson,REG,DAL,SEA,Jake Ferguson,FergJa00,1.0,0.0,0.0,144.3
2023,REG,13,00-0036876,K.Granson,TE,TE,IND,15419,bcc0167c-05fd-4b23-981e-60b8784ceb33,22841.0,40630.0,7602.0,,4039160.0,33515.0,,2247146.0,GranKy00,kylen-granson-1,15245.0,,1119.0,33515.0,0.0,,921050.0,Kylen Granson,kylen granson,3,3,72.0,0,0.0,0.0,52.0,20.0,2.0,3.872201,0,1.3846154,0.07317073,0.16938111,0.22832288,,,,,,,,,,,,,,,,,REG,IND,TEN,Kylen Granson,GranKy00,0.0,0.0,0.0,118.7
2023,REG,13,00-0033288,G.Kittle,TE,TE,SF,13299,2ada91b0-036e-454f-83c3-6d939ff584a9,16499.0,11901.0,4217.0,,3040151.0,30259.0,,2818265.0,KittGe00,george-kittle-1,11892.0,12276.0,298.0,30259.0,733672.0,19063.0,733672.0,George Kittle,george kittle,4,6,68.0,0,0.0,0.0,22.0,48.0,3.0,3.171574,0,3.090909,0.24,0.1594203,0.4715942,George Kittle,SF,7.419999999999999,4.3340366487550375,3.7633333333333354,14.991369008099856,66.66666666666666,68.0,0.0,12.2,9.028641742231912,3.1713582577680874,00-0033288,George,Kittle,G.Kittle,REG,SF,PHI,George Kittle,KittGe00,0.0,0.0,0.0,104.9
2023,REG,13,00-0036556,B.Jordan,TE,TE,HOU,15330,8ffb5c07-4aa1-4796-b1ab-30c1ab0ccc4c,20162.0,77887.0,7568.0,,4362504.0,33535.0,,2964787.0,JordBr00,brevin-jordan-1,15369.0,,1052.0,33535.0,0.0,,1121871.0,Brevin Jordan,brevin jordan,3,5,64.0,0,0.0,0.0,30.0,43.0,3.0,4.0782404,0,2.1333334,0.18518518,0.10526316,0.35146198,Brevin Jordan,HOU,6.095,5.021206123698445,6.020000000000001,10.133656533010136,60.0,64.0,0.0,14.11,10.947468361893565,3.162531638106435,00-0036556,Brevin,Jordan,B.Jordan,REG,HOU,DEN,Brevin Jordan,JordBr00,1.0,1.0,0.25,116.7
2023,REG,13,00-0037809,C.Okonkwo,TE,TE,TEN,15889,14e11f9b-58c8-437f-abc0-a4e4df9a7c47,23982.0,,8210.0,,4360635.0,34099.0,,2965208.0,OkonCh00,chigoziem-okonkwo-1,16042.0,,1320.0,34099.0,0.0,,1106374.0,Chigoziem Okonkwo,chigoziem okonkwo,3,6,62.0,0,0.0,0.0,63.0,25.0,3.0,1.790278,0,0.984127,0.18181819,0.21501707,0.42323923,Chigoziem Okonkwo,TEN,8.366,5.616749181876609,10.28,20.130548302872064,50.0,62.0,0.0,9.293333333333335,8.420186255070197,0.8731470782631376,00-0037809,Chigoziem,Okonkwo,C.Okonkwo,REG,TEN,IND,Chigoziem Okonkwo,OkonCh00,1.0,1.0,0.167,86.8
2023,REG,13,00-0036970,K.Pitts,TE,TE,ATL,15329,1f3deb24-9ff8-4769-8f42-825eff7742f6,20164.0,83964.0,7553.0,,4360248.0,33392.0,,2964514.0,PittKy00,kyle-pitts-1,15265.0,,1051.0,33392.0,0.0,,1123026.0,Kyle Pitts,kyle pitts,4,8,51.0,0,0.0,0.0,106.0,1.0,4.0,3.3387764,0,0.4811321,0.32,0.4092664,0.76648647,Kyle Pitts,ATL,7.11125,1.8868685053227905,13.03875,41.10414942664617,50.0,51.0,0.0,0.15499999999999758,0.5628253473276974,-0.4078253473276998,00-0036970,Kyle,Pitts,K.Pitts,REG,ATL,NYJ,Kyle Pitts,PittKy00,0.0,1.0,0.125,70.3
2023,REG,13,00-0036232,H.Bryant,TE,TE,CLE,14875,f58a5899-8b78-46e8-a29a-ba6273b7d872,19389.0,26394.0,6850.0,,4040774.0,32785.0,,2241240.0,BryaHa00,harrison-bryant-1,14576.0,,752.0,32785.0,0.0,21783.0,916467.0,Harrison Bryant,harrison bryant,5,5,49.0,1,0.0,0.0,35.0,14.0,2.0,4.130733,0,1.4,0.12195122,0.06903353,0.2312503,Harrison Bryant,CLE,4.21,3.013841801354854,6.713999999999999,6.79004854368932,100.0,49.0,1.0,3.086000000000001,3.876274101520056,-0.7902741015200547,00-0036232,Harrison,Bryant,H.Bryant,REG,CLE,LA,Harrison Bryant,BryaHa00,0.0,0.0,0.0,147.1
2023,REG,13,00-0033895,G.Everett,TE,TE,LAC,13236,ebeceb00-57e0-4b74-9cf7-853da2afed18,16459.0,11799.0,4089.0,,3918639.0,30157.0,,2142692.0,EverGe00,gerald-everett-1,11737.0,12284.0,55.0,30157.0,838487.0,18935.0,838487.0,Gerald Everett,gerald everett,4,5,44.0,0,0.0,0.0,22.0,37.0,2.0,2.6236422,0,2.0,0.1388889,0.08208955,0.265796,Gerald Everett,LAC,5.7059999999999995,5.119187538097901,4.089999999999999,7.867805478608803,80.0,44.0,0.0,9.4025,8.425108610195593,0.9773913898044064,00-0033895,Gerald,Everett,G.Everett,REG,LAC,NE,Gerald Everett,EverGe00,0.0,0.0,0.0,103.3
2023,REG,13,00-0035644,N.Fant,TE,TE,SEA,14137,cdc98acc-9eb6-4b44-81bb-61d7b8a3b55f,17527.0,42388.0,5857.0,,4036131.0,31852.0,,2251095.0,FantNo00,noah-fant-1,13426.0,14050.0,243.0,31852.0,923911.0,20753.0,923911.0,Noah Fant,noah fant,3,4,43.0,0,0.0,0.0,34.0,12.0,2.0,1.7281574,0,1.2647059,0.10526316,0.13934426,0.25543573,,,,,,,,,,,,,,,,,REG,SEA,DAL,Noah Fant,FantNo00,0.0,0.0,0.0,109.4
2023,REG,13,00-0038996,T.Kraft,TE,TE,GB,16222,3a084c5f-6b9f-4703-a0c7-1566bc4b1129,25298.0,,9484.0,,4572680.0,40102.0,,3133332.0,KrafTu00,,16649.0,,1418.0,40102.0,0.0,,1181874.0,Tucker Kraft,tucker kraft,3,6,37.0,0,0.0,0.0,21.0,26.0,2.0,1.2363354,0,1.7619047,0.17142858,0.07865169,0.31219903,Tucker Kraft,GB,5.33,4.367666989851741,2.843333333333336,6.427548790596043,50.0,37.0,0.0,8.793333333333331,8.818472241521855,-0.0251389081885236,00-0038996,Tucker,Kraft,T.Kraft,REG,GB,KC,Tucker Kraft,KrafTu00,0.0,0.0,0.0,69.4
2023,REG,13,00-0033110,T.Higbee,TE,TE,LA,12678,0df7912d-9e81-47ea-b4f7-d04986df4ee8,15623.0,10744.0,3271.0,,2573401.0,29344.0,,1853103.0,HigbTy00,tyler-higbee-1,10854.0,11430.0,159.0,29344.0,604176.0,18032.0,604176.0,Tyler Higbee,tyler higbee,2,4,35.0,0,0.0,0.0,13.0,27.0,2.0,1.6695317,0,2.6923077,0.11764706,0.04779412,0.20992647,,,,,,,,,,,,,,,,,REG,LA,CLE,Tyler Higbee,HigbTy00,0.0,0.0,0.0,80.2
2023,REG,13,00-0034270,T.Conklin,TE,TE,NYJ,13675,f0d17dfa-ebf3-416c-a8d2-c6bc30675103,17598.0,47327.0,5133.0,,3915486.0,31220.0,,2165249.0,ConkTy00,tyler-conklin-1,12809.0,13220.0,489.0,31127.0,861278.0,19988.0,861278.0,Tyler Conklin,tyler conklin,3,9,35.0,0,0.0,0.0,118.0,3.0,2.0,-2.8247666,0,0.29661018,0.25,0.37460318,0.63722223,Tyler Conklin,NYJ,5.55125,2.2280081955947617,12.180000000000001,35.19553072625699,33.33333333333333,35.0,0.0,1.3733333333333348,1.75275284866143,-0.37941951532809526,00-0034270,Tyler,Conklin,T.Conklin,REG,NYJ,ATL,Tyler Conklin,ConkTy00,0.0,1.0,0.111,46.1
2023,REG,13,00-0034613,T.Hudson,TE,TE,CIN,14370,2fa75e05-cac4-4b40-8924-dbc9ae0c959c,17826.0,66924.0,5409.0,,3050481.0,31257.0,,2926606.0,,,13286.0,,,31257.0,1115394.0,20506.0,1115394.0,Tanner Hudson,tanner hudson,4,4,35.0,0,0.0,0.0,14.0,21.0,2.0,3.5319223,0,2.5,0.10810811,0.0979021,0.23069362,,,,,,,,,,,,,,,,,,,,,,,,,
2023,REG,13,00-0036894,P.Freiermuth,TE,TE,PIT,15331,04f0fefe-9d9d-44f5-94ea-6df2a42df3c6,20163.0,84085.0,7600.0,,4361411.0,33443.0,,2961270.0,FreiPa00,pat-freiermuth-1,15267.0,,1053.0,33443.0,0.0,,1116662.0,Pat Freiermuth,pat freiermuth,3,5,29.0,0,0.0,0.0,15.0,15.0,3.0,1.4233799,0,1.9333333,0.18518518,0.06726457,0.324863,Pat Freiermuth,PIT,7.037999999999999,3.025351461448556,7.306,15.802223471903796,60.0,29.0,0.0,4.913333333333331,4.937305508233142,-0.02397217489981074,00-0036894,Pat,Freiermuth,P.Freiermuth,REG,PIT,ARI,Pat Freiermuth,FreiPa00,1.0,0.0,0.0,76.2
2023,REG,13,00-0034981,F.Moreau,TE,TE,NO,14239,9c3a67fd-5c6e-4689-9e08-9ff6d4db6c9a,18397.0,47043.0,5985.0,,3843945.0,31969.0,,2180634.0,MoreFo00,foster-moreau-1,13822.0,14154.0,179.0,31969.0,865573.0,20884.0,865573.0,Foster Moreau,foster moreau,2,2,28.0,0,0.0,0.0,9.0,19.0,1.0,2.0468142,0,3.1111112,0.06896552,0.035433073,0.12825142,,,,,,,,,,,,,,,,,REG,NO,DET,Foster Moreau,MoreFo00,0.0,0.0,0.0,118.7
2023,REG,13,00-0038720,J.Hill,TE,TE,MIA,16425,516da3c0-f016-11ed-a518-572ef5cb73b6,25824.0,,11371.0,,4365395.0,40629.0,,2961743.0,HillJu02,,17335.0,,,40629.0,0.0,,1123630.0,Julian Hill,julian hill,2,2,23.0,0,0.0,0.0,8.0,15.0,2.0,2.207941,0,2.875,0.08,0.037558686,0.14629108,,,,,,,,,,,,,,,,,REG,MIA,WAS,Julian Hill,HillJu02,0.0,0.0,0.0,114.6
2023,REG,13,00-0039041,E.Higgins,TE,TE,ARI,16333,a01b7698-d67f-4b60-b2fb-4c667336b718,23119.0,,10231.0,,4426844.0,40226.0,,3122914.0,HiggEl00,elijah-higgins-1,16959.0,,1469.0,40226.0,0.0,,1161853.0,Elijah Higgins,elijah higgins,1,2,21.0,0,0.0,0.0,10.0,16.0,1.0,0.93561226,0,2.1,0.08695652,0.057803467,0.17089722,,,,,,,,,,,,,,,,,REG,ARI,PIT,Elijah Higgins,HiggEl00,0.0,0.0,0.0,87.5
2023,REG,13,00-0031585,M.Pruitt,TE,TE,ATL,12309,f22b34cf-6ecf-4522-9c77-1da275dfda7d,13964.0,9576.0,2446.0,,2508256.0,28531.0,,1760327.0,PruiMy00,,10251.0,10522.0,,28531.0,552586.0,16903.0,552586.0,MyCole Pruitt,mycole pruitt,1,1,20.0,1,0.0,0.0,20.0,0.0,1.0,2.9246387,0,1.0,0.04,0.077220075,0.114054054,,,,,,,,,,,,,,,,,REG,ATL,NYJ,MyCole Pruitt,PruiMy00,0.0,0.0,0.0,158.3
2023,REG,13,00-0033885,D.Njoku,TE,TE,CLE,13192,8f86fcea-90e8-49ea-bc78-5c7659313e57,16399.0,11784.0,4033.0,,3123076.0,30142.0,,2136474.0,NjokDa00,david-njoku-1,11734.0,12186.0,252.0,30142.0,832098.0,18876.0,832098.0,David Njoku,david njoku,2,6,17.0,0,0.0,0.0,42.0,18.0,1.0,-3.2809832,0,0.4047619,0.14634146,0.082840234,0.27750036,David Njoku,CLE,3.2560000000000002,1.860397003733252,7.206666666666667,8.745954692556634,33.33333333333333,17.0,0.0,8.814999999999998,8.264457576418863,0.5505424235811347,00-0033885,David,Njoku,D.Njoku,REG,CLE,LA,David Njoku,NjokDa00,1.0,0.0,0.0,42.4
2023,REG,13,00-0036438,S.Sullivan,TE,TE,CAR,15026,a41b8454-0326-4c56-87a2-f2aac3814961,19641.0,40411.0,6970.0,,4035426.0,32921.0,,2223251.0,SullSt00,stephen-sullivan-1,14570.0,,,32921.0,0.0,21865.0,910808.0,Stephen Sullivan,stephen sullivan,1,2,16.0,0,0.0,0.0,28.0,1.0,1.0,1.1869329,0,0.5714286,0.07692308,0.09556314,0.18227881,,,,,,,,,,,,,,,,,REG,CAR,TB,Stephen Sullivan,SullSt00,0.0,0.0,0.0,77.1
2023,REG,13,00-0038589,J.Whyle,TE,TE,TEN,16312,601467c7-b593-472d-a147-b8e7bfdbe990,22923.0,,10212.0,,4360086.0,40182.0,,2962513.0,WhylJo01,josh-whyle-1,16866.0,,1471.0,40182.0,0.0,,1107037.0,Josh Whyle,josh whyle,1,2,16.0,0,0.0,0.0,12.0,13.0,1.0,0.61605585,0,1.3333334,0.060606062,0.040955633,0.11957803,,,,,,,,,,,,,,,,,REG,TEN,IND,Josh Whyle,WhylJo01,1.0,0.0,0.0,77.1
2023,REG,13,00-0033090,H.Henry,TE,TE,NE,12676,705899da-3c20-4bc3-b5d0-2e6e40655131,15561.0,10669.0,3214.0,,3046439.0,29269.0,,2079848.0,HenrHu00,hunter-henry-1,10735.0,11299.0,212.0,29269.0,744425.0,17975.0,744425.0,Hunter Henry,hunter henry,2,4,15.0,0,0.0,0.0,37.0,2.0,1.0,-1.2445613,0,0.4054054,0.16666667,0.1350365,0.34452555,,,,,,,,,,,,,,,,,REG,NE,LAC,Hunter Henry,HenrHu00,0.0,1.0,0.25,59.4
2023,REG,13,00-0033357,T.Hill,TE,TE,NO,13424,3c8a55dd-20a8-4375-b711-49eb5e6e1d0e,17115.0,12112.0,4381.0,,2468609.0,30614.0,,2818935.0,HillTa00,,12063.0,12729.0,150.0,30614.0,503184.0,19238.0,503184.0,Taysom Hill,taysom hill,2,2,15.0,0,0.0,0.0,0.0,15.0,1.0,-0.020637313,0,0.0,0.06896552,0.0,0.10344828,,,,,,,,,,,,,,,,,REG,NO,DET,Taysom Hill,HillTa00,0.0,0.0,0.0,97.9
2023,REG,13,00-0035329,D.Parham,TE,TE,LAC,14341,4f246e92-3d21-450f-977a-dc16892c7238,18835.0,91014.0,6074.0,,3912092.0,32456.0,,2183713.0,ParhDo00,,13602.0,14320.0,,32456.0,875649.0,20905.0,875649.0,Donald Parham,donald parham,2,4,12.0,0,0.0,0.0,44.0,2.0,0.0,-1.7000356,0,0.27272728,0.11111111,0.1641791,0.28159204,,,,,,,,,,,,,,,,,REG,LAC,NE,Donald Parham,ParhDo00,0.0,1.0,0.25,56.2
2023,REG,13,00-0035771,M.Wilcox,TE,TE,CIN,15563,b2d98b60-b4b3-4610-81d2-2154c723fdbb,19510.0,47234.0,6894.0,,3923392.0,33171.0,,2188431.0,,,14634.0,,,33171.0,0.0,21800.0,885394.0,Mitchell Wilcox,mitchell wilcox,1,1,12.0,0,0.0,0.0,-1.0,13.0,1.0,0.70085096,0,0.0,0.027027028,-0.006993007,0.035645436,,,,,,,,,,,,,,,,,,,,,,,,,
2023,REG,13,00-0037805,J.Ruckert,TE,TE,NYJ,15796,28f3732b-0910-4d09-9fd4-e43b821dc5bb,23742.0,,8145.0,,4361372.0,34057.0,,2965446.0,RuckJe00,jeremy-ruckert-1,15996.0,,1255.0,34057.0,0.0,,1122596.0,Jeremy Ruckert,jeremy ruckert,1,3,12.0,0,0.0,0.0,10.0,5.0,1.0,-0.8430293,0,1.2,0.083333336,0.031746034,0.14722222,,,,,,,,,,,,,,,,,REG,NYJ,ATL,Jeremy Ruckert,RuckJe00,0.0,0.0,0.0,46.5
2023,REG,13,00-0038547,L.Schoonmaker,TE,TE,DAL,16221,143957a7-4649-4a19-b351-e606edc75ebd,25267.0,,10871.0,,4372096.0,40061.0,,2968473.0,SchoLu00,luke-schoonmaker-1,16855.0,,1382.0,40061.0,0.0,,1130242.0,Luke Schoonmaker,luke schoonmaker,1,1,12.0,0,0.0,0.0,7.0,5.0,1.0,0.650357,0,1.7142857,0.025,0.030567685,0.05889738,,,,,,,,,,,,,,,,,REG,DAL,SEA,Luke Schoonmaker,SchoLu00,0.0,0.0,0.0,116.7
2023,REG,13,00-0035631,D.Sample,TE,TE,CIN,14146,15a4f552-ecaf-45bd-9006-aa5dda93bee6,18561.0,47259.0,6001.0,,3127310.0,31884.0,,2139646.0,SampDr00,drew-sample-1,13809.0,14111.0,435.0,31884.0,837824.0,20931.0,837824.0,Drew Sample,drew sample,1,1,11.0,0,0.0,0.0,11.0,0.0,1.0,1.4968578,0,1.0,0.027027028,0.07692308,0.0943867,,,,,,,,,,,,,,,,,REG,CIN,JAX,Drew Sample,SampDr00,0.0,0.0,0.0,112.5
2023,REG,13,00-0032141,G.Swaim,TE,TE,ARI,12378,d0f9112d-2496-450a-9fc5-d2d01b4d2454,14164.0,9679.0,2545.0,geoffswaim/2553454,3046704.0,28634.0,,2174207.0,SwaiGe00,geoff-swaim-1,10507.0,10617.0,,28634.0,728021.0,17005.0,728021.0,Geoff Swaim,geoff swaim,2,2,10.0,0,0.0,0.0,5.0,5.0,0.0,0.5642971,0,2.0,0.08695652,0.028901733,0.150666,,,,,,,,,,,,,,,,,REG,ARI,PIT,Geoff Swaim,SwaiGe00,0.0,0.0,0.0,87.5
2023,REG,13,00-0033858,J.Smith,TE,TE,ATL,13193,e4f25a37-74de-4bfb-b6c9-f50a4fab0b87,16460.0,11855.0,4144.0,,3054212.0,30213.0,,2081506.0,SmitJo01,jonnu-smith-1,11807.0,12344.0,84.0,30213.0,743749.0,18990.0,743749.0,Jonnu Smith,jonnu smith,2,3,10.0,0,0.0,0.0,9.0,5.0,1.0,0.18454094,0,1.1111112,0.12,0.034749035,0.20432432,,,,,,,,,,,,,,,,,REG,ATL,NYJ,Jonnu Smith,SmitJo01,0.0,0.0,0.0,71.5
2023,REG,13,00-0036887,L.Farrell,TE,TE,JAX,15335,8a1f0e8e-6521-4a94-9934-ad4f76a25fd9,19501.0,42353.0,7842.0,,4040612.0,33533.0,,2260977.0,FarrLu00,luke-farrell-1,15566.0,,,33533.0,0.0,,946541.0,Luke Farrell,luke farrell,1,1,9.0,0,0.0,0.0,4.0,5.0,0.0,0.7458128,0,2.25,0.025641026,0.009111618,0.04483967,,,,,,,,,,,,,,,,,REG,JAX,CIN,Luke Farrell,FarrLu00,0.0,0.0,0.0,104.2
2023,REG,13,00-0036754,B.Wright,TE,TE,DET,15626,8f182089-7730-499e-8f2e-87bda32debfb,23341.0,60994.0,7891.0,,4242392.0,33774.0,,2807423.0,WrigBr01,,15681.0,,1162.0,33774.0,0.0,,978120.0,Brock Wright,brock wright,1,1,8.0,0,0.0,0.0,0.0,8.0,0.0,0.45791212,0,0.0,0.04,0.0,0.06,,,,,,,,,,,,,,,,,REG,DET,NO,Brock Wright,WrigBr01,0.0,0.0,0.0,100.0
2023,REG,13,00-0027696,J.Graham,TE,TE,NO,9925,fd85786d-3900-4dc0-9b30-334ee30413ed,9712.0,5619.0,616.0,jimmygraham/497236,13232.0,24070.0,6610.0,1691166.0,GrahJi00,jimmy-graham-1,6532.0,5842.0,,24070.0,295918.0,11488.0,295918.0,Jimmy Graham,jimmy graham,1,1,6.0,1,0.0,0.0,6.0,0.0,1.0,1.8686732,0,1.0,0.03448276,0.023622047,0.068259574,,,,,,,,,,,,,,,,,REG,NO,DET,Jimmy Graham,GrahJi00,0.0,0.0,0.0,131.2
2023,REG,13,00-0034364,J.Akins,TE,TE,CLE,13753,0cb5a32a-a340-4671-ba2a-93f5fa6aee8d,17415.0,47050.0,5032.0,,3128452.0,31068.0,,2142712.0,AkinJo00,jordan-akins-1,12568.0,13238.0,,31068.0,838396.0,19903.0,838396.0,Jordan Akins,jordan akins,1,1,6.0,0,0.0,0.0,5.0,1.0,0.0,-0.06681936,0,1.2,0.024390243,0.009861933,0.04348872,,,,,,,,,,,,,,,,,REG,CLE,LA,Jordan Akins,AkinJo00,0.0,0.0,0.0,91.7
2023,REG,13,00-0034365,I.Thomas,TE,TE,CAR,13678,ed8a8fd2-df67-45e7-a34f-984afb82f6ea,17387.0,42130.0,4995.0,,4045305.0,31071.0,,2253359.0,ThomIa00,ian-thomas-3,12858.0,13163.0,323.0,31071.0,943093.0,19910.0,943093.0,Ian Thomas,ian thomas,1,1,6.0,0,0.0,0.0,1.0,5.0,0.0,0.3336524,0,6.0,0.03846154,0.0034129692,0.060081385,,,,,,,,,,,,,,,,,REG,CAR,TB,Ian Thomas,ThomIa00,0.0,0.0,0.0,91.7
2023,REG,13,00-0036422,A.Trautman,TE,TE,DEN,14870,4e14183b-f974-4745-9d7f-8f5eb2a92a7d,19423.0,109795.0,6869.0,,3911853.0,32775.0,,2182228.0,TrauAd00,,14541.0,,566.0,32775.0,0.0,21786.0,875444.0,Adam Trautman,adam trautman,1,2,6.0,0,0.0,0.0,13.0,1.0,0.0,-0.37280682,0,0.46153846,0.083333336,0.041401275,0.1539809,,,,,,,,,,,,,,,,,REG,DEN,HOU,Adam Trautman,TrauAd00,0.0,0.0,0.0,56.2
2023,REG,13,00-0033576,E.Saubert,TE,TE,HOU,13315,582dc00e-e7ec-4ca7-bff0-f7b1d604017b,16706.0,11929.0,4189.0,,2975863.0,30287.0,,2001018.0,SaubEr00,,11897.0,12300.0,,30287.0,694931.0,19035.0,694931.0,Eric Saubert,eric saubert,1,1,5.0,0,0.0,0.0,4.0,1.0,0.0,0.08912744,0,1.25,0.037037037,0.014035088,0.06538012,,,,,,,,,,,,,,,,,REG,HOU,DEN,Eric Saubert,SaubEr00,0.0,0.0,0.0,87.5
2023,REG,13,00-0038394,W.Mallory,TE,TE,IND,16220,5d4a5e4f-7c74-4b4c-b8e5-33bb831e3057,23821.0,,10220.0,,4362523.0,40180.0,,2962073.0,MallWi00,will-mallory-1,17014.0,,1435.0,,0.0,,1121873.0,Will Mallory,will mallory,2,4,4.0,0,0.0,0.0,16.0,1.0,0.0,0.3873592,0,0.25,0.09756097,0.052117262,0.18282355,,,,,,,,,,,,,,,,,REG,IND,TEN,Will Mallory,MallWi00,0.0,0.0,0.0,56.2
2023,REG,13,00-0036637,N.Gray,TE,TE,KC,15337,c97dfcb6-b999-476f-8487-f3848e92df17,19539.0,60878.0,7828.0,,4240472.0,33550.0,,2866903.0,GrayNo00,noah-gray-1,15459.0,,1059.0,33550.0,0.0,,1056981.0,Noah Gray,noah gray,1,1,2.0,1,0.0,0.0,2.0,0.0,1.0,1.9377468,0,1.0,0.033333335,0.008695652,0.056086957,,,,,,,,,,,,,,,,,REG,KC,GB,Noah Gray,GrayNo00,0.0,0.0,0.0,118.7
2023,REG,13,00-0037078,C.Turner,TE,TE,WAS,15803,fc78ba73-7ef3-4dda-9a06-b5101f7ff7b1,23727.0,,8214.0,,4361438.0,34105.0,,2961855.0,TurnCo00,cole-turner-2,15923.0,,,34105.0,0.0,,1122692.0,Cole Turner,cole turner,1,1,2.0,0,0.0,0.0,0.0,2.0,0.0,-1.4650614,0,0.0,0.045454547,0.0,0.06818182,,,,,,,,,,,,,,,,,REG,WAS,MIA,Cole Turner,TurnCo00,0.0,0.0,0.0,79.2
2023,REG,13,00-0038809,B.Sims,TE,TE,GB,16483,cef32a80-e761-11ed-ac46-e3b4ebd723e5,25349.0,,11082.0,,4373030.0,40335.0,,2964709.0,SimsBe00,,17012.0,,,40335.0,0.0,,1129452.0,Ben Sims,ben sims,1,1,1.0,1,0.0,0.0,1.0,0.0,1.0,0.713229,0,1.0,0.028571429,0.0037453184,0.045478866,,,,,,,,,,,,,,,,,REG,GB,KC,Ben Sims,SimsBe00,0.0,0.0,0.0,118.7
2023,REG,13,00-0031260,L.Thomas,TE,TE,WAS,11647,b24625a0-d402-4d59-a778-aa4b073bfe5e,12095.0,8755.0,2251.0,loganthomas/2543767,16813.0,27648.0,,1691193.0,ThomLo00,logan-thomas-1,9323.0,9354.0,,27648.0,507528.0,16656.0,507528.0,Logan Thomas,logan thomas,0,1,0.0,0,0.0,0.0,10.0,0.0,0.0,-0.7455366,1,0.0,0.045454547,0.058479533,0.10911749,,,,,,,,,,,,,,,,,REG,WAS,MIA,Logan Thomas,ThomLo00,0.0,0.0,0.0,39.6
2023,REG,13,00-0034159,W.Dissly,TE,TE,SEA,13763,383f4814-6836-4766-a297-fc063e8509cc,18049.0,30762.0,5010.0,,3127292.0,31090.0,,2139628.0,DissWi00,will-dissly-1,12986.0,13246.0,86.0,31090.0,837806.0,19950.0,837806.0,Will Dissly,will dissly,0,2,0.0,0,0.0,0.0,9.0,0.0,0.0,-1.2719814,0,0.0,0.05263158,0.036885247,0.10476704,,,,,,,,,,,,,,,,,REG,SEA,DAL,Will Dissly,DissWi00,0.0,0.0,0.0,39.6
2023,REG,13,00-0035259,T.Wesco,TE,TE,TEN,14231,f6c34178-e063-444b-96b3-df6b3cf66419,18567.0,42018.0,6181.0,,4039253.0,31953.0,,2243366.0,WescTr00,trevon-wesco-1,13828.0,14224.0,,31953.0,919456.0,20977.0,919456.0,Trevon Wesco,trevon wesco,0,1,0.0,0,0.0,0.0,0.0,0.0,0.0,-0.71102124,0,,0.030303031,0.0,0.045454547,,,,,,,,,,,,,,,,,REG,TEN,IND,Trevon Wesco,WescTr00,0.0,0.0,0.0,39.6
2023,REG,13,00-0036040,J.Johnson,TE,TE,NO,14861,0226b03b-f91d-4223-9813-9fcd2e9c3acc,19562.0,28305.0,7002.0,,3929645.0,33113.0,,2186637.0,JohnJu02,,14630.0,,575.0,33113.0,0.0,21738.0,884609.0,Juwan Johnson,juwan johnson,0,3,0.0,0,0.0,0.0,16.0,0.0,0.0,-8.456953,0,0.0,0.10344828,0.062992126,0.1992669,,,,,,,,,,,,,,,,,REG,NO,DET,Juwan Johnson,JohnJu02,0.0,2.0,0.667,0.0
2023,REG,13,00-0036423,A.Okwuegbunam,TE,TE,PHI,14873,617aee8a-70be-4bdf-9a71-2e2b74e647e6,18246.0,41933.0,6843.0,,4035115.0,32788.0,,2245117.0,OkwuAl00,albert-okwuegbunam-1,14369.0,,,32788.0,0.0,21794.0,920077.0,Albert Okwuegbunam,albert okwuegbunam,0,1,0.0,0,0.0,0.0,10.0,0.0,0.0,-0.42506695,0,0.0,0.023809524,0.033444814,0.059125658,,,,,,,,,,,,,,,,,REG,PHI,SF,Albert Okwuegbunam,OkwuAl00,0.0,0.0,0.0,39.6
2023,REG,13,00-0036628,J.Bates,TE,TE,WAS,15344,3208880b-949f-4926-85eb-1940770550ea,22833.0,42275.0,7716.0,,4048228.0,33512.0,,2257291.0,BateJo00,john-bates-1,15289.0,,,33512.0,0.0,,944038.0,John Bates,john bates,0,1,0.0,0,0.0,0.0,5.0,0.0,0.0,-1.6463877,0,0.0,0.045454547,0.029239766,0.08864965,,,,,,,,,,,,,,,,,REG,WAS,MIA,John Bates,BateJo00,0.0,0.0,0.0,39.6
2023,REG,13,00-0037292,A.Ogletree,TE,TE,IND,15916,59f460a8-b5af-40e6-840c-429762b278b3,24561.0,,8489.0,,4722908.0,34148.0,,2672594.0,OgleAn00,,16277.0,,1315.0,34148.0,0.0,,1271740.0,Andrew Ogletree,andrew ogletree,0,1,0.0,0,0.0,0.0,2.0,0.0,0.0,-0.78973037,0,0.0,0.024390243,0.0065146578,0.041145626,,,,,,,,,,,,,,,,,REG,IND,TEN,Andrew Ogletree,OgleAn00,0.0,0.0,0.0,39.6
2023,REG,13,00-0037304,C.Heyward,TE,TE,PIT,15800,62e96d7c-e4dd-4a90-8c3a-8017eb69120d,24562.0,,8181.0,,4241961.0,34163.0,,2867599.0,HeywCo00,connor-heyward-1,15916.0,,,34163.0,0.0,,1057457.0,Connor Heyward,connor heyward,0,2,0.0,0,0.0,0.0,30.0,0.0,0.0,-2.1071584,0,0.0,0.074074075,0.13452914,0.20528151,,,,,,,,,,,,,,,,,REG,PIT,ARI,Connor Heyward,HeywCo00,0.0,1.0,0.5,39.6
2023,REG,13,00-0037475,S.Smartt,TE,TE,LAC,16113,6ee105f0-ca2e-11ec-be96-e90abdfa0fef,24621.0,,8583.0,,4250764.0,34637.0,,2864800.0,SmarSt00,,16321.0,,,34637.0,0.0,,1056865.0,Stone Smartt,stone smartt,0,1,0.0,0,0.0,0.0,4.0,0.0,0.0,-0.4552939,0,0.0,0.027777778,0.014925373,0.052114427,,,,,,,,,,,,,,,,,REG,LAC,NE,Stone Smartt,SmarSt00,0.0,0.0,0.0,39.6
2023,REG,13,00-0037539,L.Krull,TE,TE,DEN,15970,767b4820-cc9f-11ec-952e-a10f2c98fc4d,24240.0,,8249.0,,4360231.0,34654.0,,2961761.0,KrulLu00,,16259.0,,1328.0,34654.0,0.0,,1122323.0,Lucas Krull,lucas krull,0,1,0.0,0,0.0,0.0,8.0,0.0,0.0,-3.297497,0,0.0,0.041666668,0.025477707,0.080334395,,,,,,,,,,,,,,,,,REG,DEN,HOU,Lucas Krull,KrulLu00,0.0,0.0,0.0,0.0
2023,REG,14,00-0033881,E.Engram,TE,TE,JAX,13189,e21365af-8d66-416e-b0a5-8816d18fcfd9,16411.0,11778.0,4066.0,,3051876.0,30136.0,,2079887.0,EngrEv00,evan-engram-1,11805.0,12205.0,229.0,30136.0,749185.0,18912.0,749185.0,Evan Engram,evan engram,11,12,95.0,2,0.0,0.0,67.0,32.0,7.0,9.498897,0,1.4179105,0.24489796,0.13987474,0.46525925,Evan Engram,JAX,7.035555555555556,3.162124503458544,6.441666666666667,16.08138470500125,91.66666666666666,95.0,2.0,2.8654545454545453,2.77654978922525,0.08890475622929506,00-0033881,Evan,Engram,E.Engram,REG,JAX,CLE,Evan Engram,EngrEv00,0.0,0.0,0.0,139.2
2023,REG,14,00-0033885,D.Njoku,TE,TE,CLE,13192,8f86fcea-90e8-49ea-bc78-5c7659313e57,16399.0,11784.0,4033.0,,3123076.0,30142.0,,2136474.0,NjokDa00,david-njoku-1,11734.0,12186.0,252.0,30142.0,832098.0,18876.0,832098.0,David Njoku,david njoku,6,8,91.0,2,0.0,0.0,55.0,39.0,4.0,3.9559572,0,1.6545454,0.18604651,0.16320474,0.39331308,David Njoku,CLE,5.805,4.669301836949451,6.236250000000001,15.173357664233581,75.0,91.0,2.0,6.473333333333332,4.4699408108564,2.003392522476932,00-0033885,David,Njoku,D.Njoku,REG,CLE,JAX,David Njoku,NjokDa00,2.0,1.0,0.125,151.6
2023,REG,14,00-0030506,T.Kelce,TE,TE,KC,11244,c3859e06-5f23-4302-a71b-04820a899d5f,11594.0,7844.0,1466.0,traviskelce/2540258,15847.0,26686.0,,1725130.0,KelcTr00,travis-kelce-1,8783.0,8411.0,264.0,26686.0,448240.0,15048.0,448240.0,Travis Kelce,travis kelce,6,10,83.0,0,0.0,0.0,119.0,24.0,5.0,2.8089151,0,0.697479,0.25641027,0.44237918,0.6942808,Travis Kelce,KC,6.325999999999999,2.734280302626307,11.019,40.60208555952688,60.0,83.0,0.0,4.088333333333335,4.063384075892524,0.024949257440810335,00-0030506,Travis,Kelce,T.Kelce,REG,KC,BUF,Travis Kelce,KelcTr00,1.0,0.0,0.0,86.7
2023,REG,14,00-0037838,I.Likely,TE,TE,BAL,15798,f9279edb-cfa7-4f7d-91df-b81cbf3e133e,23781.0,,8131.0,,4361050.0,34095.0,,2961906.0,LikeIs00,isaiah-likely-1,16033.0,,1257.0,34095.0,0.0,,1125111.0,Isaiah Likely,isaiah likely,5,7,83.0,1,0.0,0.0,42.0,49.0,2.0,4.0969934,0,1.9761904,0.175,0.07984791,0.31839353,Isaiah Likely,BAL,8.096666666666666,5.3848485171329505,6.027142857142857,8.248773144074919,71.42857142857143,83.0,1.0,10.072,7.581280589059065,2.490719410940934,00-0037838,Isaiah,Likely,I.Likely,REG,BAL,LA,Isaiah Likely,LikeIs00,0.0,1.0,0.143,150.6
2023,REG,14,00-0033288,G.Kittle,TE,TE,SF,13299,2ada91b0-036e-454f-83c3-6d939ff584a9,16499.0,11901.0,4217.0,,3040151.0,30259.0,,2818265.0,KittGe00,george-kittle-1,11892.0,12276.0,298.0,30259.0,733672.0,19063.0,733672.0,George Kittle,george kittle,3,5,76.0,1,0.0,0.0,61.0,35.0,2.0,4.4678903,0,1.2459016,0.18518518,0.22426471,0.43476307,George Kittle,SF,4.4325,2.2256704281961945,11.858,22.125611075866697,60.0,76.0,1.0,12.36333333333333,4.840022863874386,7.523310469458944,00-0033288,George,Kittle,G.Kittle,REG,SF,SEA,George Kittle,KittGe00,2.0,0.0,0.0,143.7
2023,REG,14,00-0038041,J.Ferguson,TE,TE,DAL,15799,f46eab3d-d7dd-4420-b3f9-6da9ac1308ab,22718.0,,8110.0,,4242355.0,34085.0,,2867159.0,FergJa00,jake-ferguson-1,15947.0,,1258.0,34085.0,0.0,,1065361.0,Jake Ferguson,jake ferguson,5,8,72.0,0,0.0,0.0,31.0,47.0,3.0,3.7099507,0,2.3225806,0.20512821,0.116541356,0.38927126,Jake Ferguson,DAL,4.62375,3.7703415170356873,3.99,11.398778702281898,62.5,72.0,0.0,10.25,5.7335986428155366,4.5164013571844634,00-0038041,Jake,Ferguson,J.Ferguson,REG,DAL,PHI,Jake Ferguson,FergJa00,1.0,1.0,0.125,91.7
2023,REG,14,00-0036290,C.Kmet,TE,TE,CHI,14867,036feeb6-9a22-43c5-a8e3-7ac611d8ff49,19229.0,60995.0,6826.0,,4258595.0,32713.0,,2868619.0,KmetCo00,cole-kmet-1,14436.0,,569.0,32713.0,0.0,21772.0,1066765.0,Cole Kmet,cole kmet,5,6,66.0,0,0.0,0.0,42.0,28.0,2.0,3.039576,0,1.5714285,0.2,0.18181819,0.42727274,Cole Kmet,CHI,8.002,4.517955012412992,6.186666666666667,14.35754622108765,83.33333333333334,66.0,0.0,6.353999999999999,6.377244607283922,-0.023244607283922747,00-0036290,Cole,Kmet,C.Kmet,REG,CHI,DET,Cole Kmet,KmetCo00,0.0,1.0,0.143,100.9
2023,REG,14,00-0038996,T.Kraft,TE,TE,GB,16222,3a084c5f-6b9f-4703-a0c7-1566bc4b1129,25298.0,,9484.0,,4572680.0,40102.0,,3133332.0,KrafTu00,,16649.0,,1418.0,40102.0,0.0,,1181874.0,Tucker Kraft,tucker kraft,4,4,64.0,0,0.0,0.0,32.0,32.0,3.0,4.2521796,0,2.0,0.10526316,0.14479639,0.2592522,,,,,,,,,,,,,,,,,REG,GB,NYG,Tucker Kraft,KrafTu00,1.0,0.0,0.0,118.7
2023,REG,14,00-0034270,T.Conklin,TE,TE,NYJ,13675,f0d17dfa-ebf3-416c-a8d2-c6bc30675103,17598.0,47327.0,5133.0,,3915486.0,31220.0,,2165249.0,ConkTy00,tyler-conklin-1,12809.0,13220.0,489.0,31127.0,861278.0,19988.0,861278.0,Tyler Conklin,tyler conklin,4,6,57.0,0,0.0,0.0,45.0,14.0,3.0,3.9529219,0,1.2666667,0.17142858,0.19148937,0.3911854,Tyler Conklin,NYJ,4.755,3.250556225606438,7.296666666666667,18.308798929407832,66.66666666666666,57.0,0.0,4.085000000000001,5.2940034772868785,-1.2090034772868776,00-0034270,Tyler,Conklin,T.Conklin,REG,NYJ,HOU,Tyler Conklin,ConkTy00,0.0,0.0,0.0,97.2
2023,REG,14,00-0036970,K.Pitts,TE,TE,ATL,15329,1f3deb24-9ff8-4769-8f42-825eff7742f6,20164.0,83964.0,7553.0,,4360248.0,33392.0,,2964514.0,PittKy00,kyle-pitts-1,15265.0,,1051.0,33392.0,0.0,,1123026.0,Kyle Pitts,kyle pitts,3,6,57.0,1,0.0,0.0,80.0,12.0,3.0,4.1469903,0,0.7125,0.15384616,0.20304568,0.3729012,Kyle Pitts,ATL,8.661666666666667,2.6835946984870986,12.873333333333335,20.544738802000218,50.0,57.0,1.0,4.760000000000002,5.823505925553339,-1.0635059255533372,00-0036970,Kyle,Pitts,K.Pitts,REG,ATL,TB,Kyle Pitts,PittKy00,0.0,0.0,0.0,122.9
2023,REG,14,00-0035229,T.Hockenson,TE,TE,MIN,14138,bd1120b6-38b3-4225-a4b0-20660a149d0d,18290.0,40912.0,5844.0,,4036133.0,31840.0,,2251097.0,HockTJ00,tj-hockenson-1,13610.0,14051.0,247.0,31840.0,923915.0,20805.0,923915.0,T.J. Hockenson,tj hockenson,5,8,53.0,0,0.0,0.0,97.0,15.0,2.0,0.97070295,0,0.5463917,0.24242425,0.3864542,0.6341543,T.J. Hockenson,MIN,7.49,3.5930528001238193,10.972499999999998,36.56738179545928,62.5,53.0,0.0,3.1560000000000015,3.5683845767969613,-0.41238457679695983,00-0035229,Thomas,Hockenson,T.Hockenson,REG,MIN,LV,T.J. Hockenson,HockTJ00,0.0,0.0,0.0,81.8
2023,REG,14,00-0039074,D.Allen,TE,TE,LA,16219,02a77d8c-3b89-4a61-86a2-0c005c1e589a,23761.0,,10214.0,,4426553.0,40164.0,,3123267.0,AlleDa02,davis-allen-1,17030.0,,1434.0,40164.0,0.0,,1161664.0,Davis Allen,davis allen,4,5,50.0,1,0.0,0.0,16.0,37.0,3.0,4.4364934,0,3.125,0.12820514,0.043360434,0.22265999,Davis Allen,LAR,2.64,5.439140951918665,2.678000000000003,3.592605510987098,80.0,50.0,1.0,9.652499999999996,10.021317483605344,-0.3688174836053477,00-0039074,Davis,Allen,D.Allen,REG,LA,BAL,Davis Allen,AlleDa02,0.0,1.0,0.2,147.9
2023,REG,14,00-0037809,C.Okonkwo,TE,TE,TEN,15889,14e11f9b-58c8-437f-abc0-a4e4df9a7c47,23982.0,,8210.0,,4360635.0,34099.0,,2965208.0,OkonCh00,chigoziem-okonkwo-1,16042.0,,1320.0,34099.0,0.0,,1106374.0,Chigoziem Okonkwo,chigoziem okonkwo,5,6,46.0,0,0.0,0.0,16.0,37.0,3.0,2.2210424,0,2.875,0.16666667,0.04804805,0.28363362,Chigoziem Okonkwo,TEN,4.441666666666666,3.8138465837477935,2.4683333333333324,4.505217047424935,83.33333333333334,46.0,0.0,7.696000000000002,6.701174486709533,0.9948255132904693,00-0037809,Chigoziem,Okonkwo,C.Okonkwo,REG,TEN,MIA,Chigoziem Okonkwo,OkonCh00,0.0,0.0,0.0,98.6
2023,REG,14,00-0038394,W.Mallory,TE,TE,IND,16220,5d4a5e4f-7c74-4b4c-b8e5-33bb831e3057,23821.0,,10220.0,,4362523.0,40180.0,,2962073.0,MallWi00,will-mallory-1,17014.0,,1435.0,,0.0,,1121873.0,Will Mallory,will mallory,5,5,46.0,0,0.0,0.0,26.0,20.0,2.0,1.8589805,0,1.7692307,0.13157895,0.11659193,0.27898276,Will Mallory,IND,9.215,3.5343836821781793,4.777999999999999,10.409586056644876,100.0,46.0,0.0,4.4220000000000015,5.170973381992553,-0.7489733819925517,00-0038394,Will,Mallory,W.Mallory,REG,IND,CIN,Will Mallory,MallWi00,0.0,0.0,0.0,105.0
2023,REG,14,00-0033090,H.Henry,TE,TE,NE,12676,705899da-3c20-4bc3-b5d0-2e6e40655131,15561.0,10669.0,3214.0,,3046439.0,29269.0,,2079848.0,HenrHu00,hunter-henry-1,10735.0,11299.0,212.0,29269.0,744425.0,17975.0,744425.0,Hunter Henry,hunter henry,3,3,40.0,2,0.0,0.0,38.0,2.0,3.0,6.0474396,0,1.0526316,0.115384616,0.20879121,0.31923077,,,,,,,,,,,,,,,,,REG,NE,PIT,Hunter Henry,HenrHu00,0.0,0.0,0.0,158.3
2023,REG,14,00-0033895,G.Everett,TE,TE,LAC,13236,ebeceb00-57e0-4b74-9cf7-853da2afed18,16459.0,11799.0,4089.0,,3918639.0,30157.0,,2142692.0,EverGe00,gerald-everett-1,11737.0,12284.0,55.0,30157.0,838487.0,18935.0,838487.0,Gerald Everett,gerald everett,5,8,39.0,0,0.0,0.0,28.0,19.0,2.0,-3.4616845,0,1.3928572,0.19512194,0.08235294,0.35033,Gerald Everett,LAC,5.085,2.6716027739645813,4.81375,10.252109788888001,62.5,39.0,0.0,4.117999999999999,3.4017314029552153,0.7162685970447842,00-0033895,Gerald,Everett,G.Everett,REG,LAC,DEN,Gerald Everett,EverGe00,1.0,0.0,0.0,74.5
2023,REG,14,00-0037805,J.Ruckert,TE,TE,NYJ,15796,28f3732b-0910-4d09-9fd4-e43b821dc5bb,23742.0,,8145.0,,4361372.0,34057.0,,2965446.0,RuckJe00,jeremy-ruckert-1,15996.0,,1255.0,34057.0,0.0,,1122596.0,Jeremy Ruckert,jeremy ruckert,3,3,37.0,0,0.0,0.0,30.0,7.0,1.0,2.834672,0,1.2333333,0.08571429,0.12765957,0.21793313,,,,,,,,,,,,,,,,,REG,NYJ,HOU,Jeremy Ruckert,RuckJe00,0.0,0.0,0.0,118.1
2023,REG,14,00-0035689,D.Knox,TE,TE,BUF,14143,5fb525c5-4e70-4ede-8c49-94ad0cf66b7d,18631.0,35883.0,5906.0,,3930086.0,31928.0,,2186345.0,KnoxDa00,dawson-knox-1,13466.0,13953.0,88.0,31928.0,884083.0,20850.0,884083.0,Dawson Knox,dawson knox,3,3,36.0,0,0.0,0.0,20.0,16.0,3.0,2.675724,0,1.8,0.083333336,0.07575758,0.1780303,,,,,,,,,,,,,,,,,REG,BUF,KC,Dawson Knox,KnoxDa00,0.0,0.0,0.0,116.7
2023,REG,14,00-0035644,N.Fant,TE,TE,SEA,14137,cdc98acc-9eb6-4b44-81bb-61d7b8a3b55f,17527.0,42388.0,5857.0,,4036131.0,31852.0,,2251095.0,FantNo00,noah-fant-1,13426.0,14050.0,243.0,31852.0,923911.0,20753.0,923911.0,Noah Fant,noah fant,2,4,35.0,0,0.0,0.0,21.0,15.0,1.0,0.19951704,0,1.6666666,0.12903225,0.089361705,0.25610158,,,,,,,,,,,,,,,,,REG,SEA,SF,Noah Fant,FantNo00,0.0,0.0,0.0,80.2
2023,REG,14,00-0036556,B.Jordan,TE,TE,HOU,15330,8ffb5c07-4aa1-4796-b1ab-30c1ab0ccc4c,20162.0,77887.0,7568.0,,4362504.0,33535.0,,2964787.0,JordBr00,brevin-jordan-1,15369.0,,1052.0,33535.0,0.0,,1121871.0,Brevin Jordan,brevin jordan,3,3,35.0,0,0.0,0.0,11.0,24.0,2.0,2.866624,0,3.1818182,0.11111111,0.040441178,0.1949755,,,,,,,,,,,,,,,,,REG,HOU,NYJ,Brevin Jordan,JordBr00,0.0,0.0,0.0,115.3
2023,REG,14,00-0037539,L.Krull,TE,TE,DEN,15970,767b4820-cc9f-11ec-952e-a10f2c98fc4d,24240.0,,8249.0,,4360231.0,34654.0,,2961761.0,KrulLu00,,16259.0,,1328.0,34654.0,0.0,,1122323.0,Lucas Krull,lucas krull,1,1,35.0,0,0.0,0.0,25.0,10.0,1.0,3.1595197,0,1.4,0.033333335,0.15822785,0.1607595,,,,,,,,,,,,,,,,,REG,DEN,LAC,Lucas Krull,KrulLu00,0.0,0.0,0.0,118.7
2023,REG,14,00-0034351,D.Goedert,TE,TE,PHI,13674,e8029983-87cf-49a2-bc04-04c8233a0630,17270.0,47272.0,5022.0,,3121023.0,31019.0,,2132551.0,GoedDa00,,12860.0,13151.0,382.0,31019.0,791365.0,19863.0,791365.0,Dallas Goedert,dallas goedert,4,4,30.0,0,0.0,0.0,7.0,23.0,2.0,1.6345518,0,4.285714,0.14285715,0.023890786,0.23100926,,,,,,,,,,,,,,,,,REG,PHI,DAL,Dallas Goedert,GoedDa00,0.0,0.0,0.0,97.9
2023,REG,14,00-0036244,C.Parkinson,TE,TE,SEA,14871,1ea7affb-e5e7-491a-aaa3-55e200b2eb48,19372.0,52266.0,6865.0,,4242557.0,32803.0,,2867522.0,ParkCo02,colby-parkinson-1,14463.0,,565.0,32803.0,0.0,21807.0,1060312.0,Colby Parkinson,colby parkinson,2,2,28.0,1,0.0,0.0,9.0,19.0,1.0,2.5746865,0,3.1111112,0.06451613,0.038297873,0.123582706,,,,,,,,,,,,,,,,,REG,SEA,SF,Colby Parkinson,ParkCo02,0.0,0.0,0.0,158.3
2023,REG,14,00-0033858,J.Smith,TE,TE,ATL,13193,e4f25a37-74de-4bfb-b6c9-f50a4fab0b87,16460.0,11855.0,4144.0,,3054212.0,30213.0,,2081506.0,SmitJo01,jonnu-smith-1,11807.0,12344.0,84.0,30213.0,743749.0,18990.0,743749.0,Jonnu Smith,jonnu smith,4,7,27.0,0,0.0,0.0,21.0,13.0,1.0,-2.0481253,0,1.2857143,0.17948718,0.053299494,0.3065404,Jonnu Smith,ATL,6.741666666666667,3.073694399219073,2.827142857142858,5.263857857218855,57.14285714285714,27.0,0.0,3.7424999999999997,6.365331538174132,-2.6228315381741325,00-0033858,Jonnu,Smith,J.Smith,REG,ATL,TB,Jonnu Smith,SmitJo01,0.0,1.0,0.143,65.8
2023,REG,14,00-0039065,S.LaPorta,TE,TE,DET,16214,3059f1e5-1871-4458-9e90-9b9917874c61,22978.0,,10859.0,,4430027.0,40064.0,,3124197.0,LaPoSa01,sam-laporta-1,17033.0,,1429.0,40064.0,0.0,,1168926.0,Sam LaPorta,sam laporta,2,6,23.0,0,0.0,0.0,58.0,0.0,2.0,-0.639203,0,0.39655173,0.1764706,0.23966943,0.43247446,Sam LaPorta,DET,6.455,1.8050659767494839,9.388333333333334,22.641585272719965,33.33333333333333,23.0,0.0,0.6400000000000006,0.7717916998457213,-0.1317916998457207,00-0039065,Sam,LaPorta,S.LaPorta,REG,DET,CHI,Sam LaPorta,LaPoSa01,0.0,0.0,0.0,6.2
2023,REG,14,00-0034613,T.Hudson,TE,TE,CIN,14370,2fa75e05-cac4-4b40-8924-dbc9ae0c959c,17826.0,66924.0,5409.0,,3050481.0,31257.0,,2926606.0,,,13286.0,,,31257.0,1115394.0,20506.0,1115394.0,Tanner Hudson,tanner hudson,2,3,21.0,1,0.0,0.0,20.0,6.0,2.0,-4.267243,0,1.05,0.12,0.18691589,0.3108411,,,,,,,,,,,,,,,,,,,,,,,,,
2023,REG,14,00-0038933,D.Kincaid,TE,TE,BUF,16213,b961fa15-0676-4948-b95f-56d06319d40e,25247.0,,10236.0,,4385690.0,40048.0,,2982991.0,KincDa00,dalton-kincaid-1,16697.0,,1428.0,40048.0,0.0,,1135513.0,Dalton Kincaid,dalton kincaid,5,8,21.0,0,0.0,0.0,38.0,13.0,1.0,-1.0872905,0,0.55263156,0.22222222,0.14393939,0.4340909,Dalton Kincaid,BUF,7.526666666666666,4.0478095304849155,4.16,11.084834959864107,62.5,21.0,0.0,2.3459999999999988,3.879299884406373,-1.5332998844063743,00-0038933,Dalton,Kincaid,D.Kincaid,REG,BUF,KC,Dalton Kincaid,KincDa00,0.0,0.0,0.0,66.7
2023,REG,14,00-0036422,A.Trautman,TE,TE,DEN,14870,4e14183b-f974-4745-9d7f-8f5eb2a92a7d,19423.0,109795.0,6869.0,,3911853.0,32775.0,,2182228.0,TrauAd00,,14541.0,,566.0,32775.0,0.0,21786.0,875444.0,Adam Trautman,adam trautman,2,3,19.0,1,0.0,0.0,16.0,8.0,2.0,3.5603814,0,1.1875,0.1,0.101265825,0.22088608,,,,,,,,,,,,,,,,,REG,DEN,LAC,Adam Trautman,TrauAd00,1.0,0.0,0.0,123.6
2023,REG,14,00-0036894,P.Freiermuth,TE,TE,PIT,15331,04f0fefe-9d9d-44f5-94ea-6df2a42df3c6,20163.0,84085.0,7600.0,,4361411.0,33443.0,,2961270.0,FreiPa00,pat-freiermuth-1,15267.0,,1053.0,33443.0,0.0,,1116662.0,Pat Freiermuth,pat freiermuth,3,7,18.0,0,0.0,0.0,60.0,5.0,1.0,-6.1382284,1,0.3,0.2,0.21582733,0.45107913,Pat Freiermuth,PIT,7.293333333333333,2.132667858656009,8.605714285714283,23.854591533679166,42.857142857142854,18.0,0.0,1.4666666666666686,1.6393955133874745,-0.1727288467208059,00-0036894,Pat,Freiermuth,P.Freiermuth,REG,PIT,NE,Pat Freiermuth,FreiPa00,0.0,1.0,0.143,10.7
2023,REG,14,00-0036876,K.Granson,TE,TE,IND,15419,bcc0167c-05fd-4b23-981e-60b8784ceb33,22841.0,40630.0,7602.0,,4039160.0,33515.0,,2247146.0,GranKy00,kylen-granson-1,15245.0,,1119.0,33515.0,0.0,,921050.0,Kylen Granson,kylen granson,2,4,17.0,0,0.0,0.0,35.0,6.0,0.0,1.2178845,0,0.4857143,0.10526316,0.15695067,0.26776022,,,,,,,,,,,,,,,,,REG,IND,CIN,Kylen Granson,GranKy00,0.0,0.0,0.0,61.5
2023,REG,14,00-0027696,J.Graham,TE,TE,NO,9925,fd85786d-3900-4dc0-9b30-334ee30413ed,9712.0,5619.0,616.0,jimmygraham/497236,13232.0,24070.0,6610.0,1691166.0,GrahJi00,jimmy-graham-1,6532.0,5842.0,,24070.0,295918.0,11488.0,295918.0,Jimmy Graham,jimmy graham,2,2,16.0,1,0.0,0.0,16.0,0.0,2.0,3.5781393,0,1.0,0.09090909,0.12598425,0.22455262,,,,,,,,,,,,,,,,,REG,NO,CAR,Jimmy Graham,GrahJi00,0.0,0.0,0.0,139.6
2023,REG,14,00-0034798,D.Smythe,TE,TE,MIA,13676,7e42a22a-c47b-4387-aeeb-2cc2e76dc1d8,17508.0,47257.0,5008.0,,3052897.0,31093.0,,2082845.0,SmytDu00,durham-smythe-1,12807.0,13249.0,,31093.0,749968.0,19943.0,749968.0,Durham Smythe,durham smythe,2,3,16.0,0,0.0,0.0,27.0,2.0,0.0,0.00459068,0,0.5925926,0.09090909,0.10714286,0.21136364,,,,,,,,,,,,,,,,,REG,MIA,TEN,Durham Smythe,SmytDu00,0.0,0.0,0.0,79.9
2023,REG,14,00-0038129,C.Otton,TE,TE,TB,15802,f23517bd-ae85-484a-8ecb-1f7a2d851e48,23181.0,,8111.0,,4243331.0,34062.0,,2815179.0,OttoCa00,cade-otton-1,16032.0,,1261.0,34062.0,0.0,,1049263.0,Cade Otton,cade otton,2,5,16.0,1,0.0,0.0,56.0,2.0,1.0,0.49362853,0,0.2857143,0.1724138,0.19787987,0.3971366,Cade Otton,TB,8.331999999999999,0.8937249511822252,10.857999999999999,18.906494863311856,40.0,16.0,1.0,1.0600000000000023,0.9923663767058315,0.06763362329417077,00-0038129,Cade,Otton,C.Otton,REG,TB,ATL,Cade Otton,OttoCa00,0.0,0.0,0.0,88.3
2023,REG,14,00-0031585,M.Pruitt,TE,TE,ATL,12309,f22b34cf-6ecf-4522-9c77-1da275dfda7d,13964.0,9576.0,2446.0,,2508256.0,28531.0,,1760327.0,PruiMy00,,10251.0,10522.0,,28531.0,552586.0,16903.0,552586.0,MyCole Pruitt,mycole pruitt,2,2,15.0,0,1.0,0.0,9.0,6.0,1.0,0.19509958,0,1.6666666,0.051282052,0.02284264,0.09291293,,,,,,,,,,,,,,,,,REG,ATL,TB,MyCole Pruitt,PruiMy00,0.0,0.0,0.0,97.9
2023,REG,14,00-0037304,C.Heyward,TE,TE,PIT,15800,62e96d7c-e4dd-4a90-8c3a-8017eb69120d,24562.0,,8181.0,,4241961.0,34163.0,,2867599.0,HeywCo00,connor-heyward-1,15916.0,,,34163.0,0.0,,1057457.0,Connor Heyward,connor heyward,2,2,15.0,0,0.0,0.0,5.0,10.0,1.0,2.0144434,0,3.0,0.057142857,0.017985612,0.09830421,,,,,,,,,,,,,,,,,REG,PIT,NE,Connor Heyward,HeywCo00,1.0,0.0,0.0,97.9
2023,REG,14,00-0038115,D.Bellinger,TE,TE,NYG,15873,42a1c03e-790e-46ba-b0d5-d304e44c02c7,24238.0,,8225.0,,4361516.0,34068.0,,2963615.0,BellDa00,daniel-bellinger-1,16036.0,,1322.0,34068.0,0.0,,1122035.0,Daniel Bellinger,daniel bellinger,2,2,15.0,0,0.0,0.0,6.0,9.0,1.0,1.9159154,0,2.5,0.1,0.048387095,0.18387097,,,,,,,,,,,,,,,,,REG,NYG,GB,Daniel Bellinger,BellDa00,0.0,0.0,0.0,97.9
2023,REG,14,00-0039066,M.Mayer,TE,TE,LV,16212,31f4645a-7ccb-4633-8580-2fca361beb4f,23056.0,,9482.0,,4429086.0,40065.0,,3171673.0,MayeMi00,michael-mayer-1,16666.0,,1427.0,40065.0,0.0,,1232592.0,Michael Mayer,michael mayer,1,2,14.0,0,0.0,0.0,12.0,7.0,1.0,-1.752373,0,1.1666666,0.06896552,0.09677419,0.17119022,,,,,,,,,,,,,,,,,REG,LV,MIN,Michael Mayer,MayeMi00,1.0,0.0,0.0,72.9
2023,REG,14,00-0038558,D.Washington,TE,TE,PIT,16216,1984b8b5-d206-4d6a-8204-c5dd0160e9f5,22967.0,,9479.0,,4430802.0,40094.0,,3163963.0,WashDa03,darnell-washington-1,16889.0,,1431.0,40094.0,0.0,,1218658.0,Darnell Washington,darnell washington,1,2,12.0,0,0.0,0.0,-3.0,11.0,1.0,0.5746305,0,0.0,0.057142857,-0.010791367,0.07816033,,,,,,,,,,,,,,,,,REG,PIT,NE,Darnell Washington,WashDa03,0.0,0.0,0.0,68.7
2023,REG,14,00-0035329,D.Parham,TE,TE,LAC,14341,4f246e92-3d21-450f-977a-dc16892c7238,18835.0,91014.0,6074.0,,3912092.0,32456.0,,2183713.0,ParhDo00,,13602.0,14320.0,,32456.0,875649.0,20905.0,875649.0,Donald Parham,donald parham,1,2,11.0,0,0.0,0.0,19.0,2.0,1.0,-0.5087809,0,0.57894737,0.048780486,0.055882353,0.11228838,,,,,,,,,,,,,,,,,REG,LAC,DEN,Donald Parham,ParhDo00,0.0,0.0,0.0,66.7
2023,REG,14,00-0036040,J.Johnson,TE,TE,NO,14861,0226b03b-f91d-4223-9813-9fcd2e9c3acc,19562.0,28305.0,7002.0,,3929645.0,33113.0,,2186637.0,JohnJu02,,14630.0,,575.0,33113.0,0.0,21738.0,884609.0,Juwan Johnson,juwan johnson,2,3,10.0,0,0.0,0.0,8.0,0.0,1.0,-2.1921303,0,1.25,0.13636364,0.062992126,0.24863994,,,,,,,,,,,,,,,,,REG,NO,CAR,Juwan Johnson,JohnJu02,0.0,0.0,0.0,87.5
2023,REG,14,00-0034981,F.Moreau,TE,TE,NO,14239,9c3a67fd-5c6e-4689-9e08-9ff6d4db6c9a,18397.0,47043.0,5985.0,,3843945.0,31969.0,,2180634.0,MoreFo00,foster-moreau-1,13822.0,14154.0,179.0,31969.0,865573.0,20884.0,865573.0,Foster Moreau,foster moreau,2,2,8.0,0,0.0,0.0,3.0,5.0,0.0,-0.40562478,0,2.6666667,0.09090909,0.023622047,0.15289907,,,,,,,,,,,,,,,,,REG,NO,CAR,Foster Moreau,MoreFo00,0.0,0.0,0.0,83.3
2023,REG,14,00-0036754,B.Wright,TE,TE,DET,15626,8f182089-7730-499e-8f2e-87bda32debfb,23341.0,60994.0,7891.0,,4242392.0,33774.0,,2807423.0,WrigBr01,,15681.0,,1162.0,33774.0,0.0,,978120.0,Brock Wright,brock wright,2,2,6.0,0,0.0,0.0,5.0,1.0,0.0,-0.46535832,0,1.2,0.05882353,0.020661157,0.1026981,,,,,,,,,,,,,,,,,REG,DET,CHI,Brock Wright,WrigBr01,0.0,0.0,0.0,79.2
2023,REG,14,00-0032392,A.Hooper,TE,TE,LV,12677,90c2a93f-d837-4e1b-b57c-56648903a8db,15581.0,10715.0,3202.0,,3043275.0,29315.0,,2067004.0,HoopAu00,austin-hooper-1,10748.0,11301.0,384.0,29315.0,739424.0,17963.0,739424.0,Austin Hooper,austin hooper,1,1,5.0,0,0.0,0.0,3.0,2.0,0.0,-0.72170806,0,1.6666666,0.03448276,0.024193548,0.06865962,,,,,,,,,,,,,,,,,REG,LV,MIN,Austin Hooper,HoopAu00,0.0,0.0,0.0,87.5
2023,REG,14,00-0024243,M.Lewis,TE,TE,CHI,8269,9c21e9af-681c-41ef-9b00-fbc9e1668ed1,9413.0,2973.0,111.0,marcedeslewis/2495888,9614.0,7777.0,4007.0,415313.0,LewiMa00,marcedes-lewis-1,4891.0,3615.0,,7777.0,214197.0,3061.0,214197.0,Marcedes Lewis,marcedes lewis,1,1,4.0,0,0.0,0.0,-3.0,7.0,0.0,-0.19025731,0,0.0,0.033333335,-0.012987013,0.04090909,,,,,,,,,,,,,,,,,REG,CHI,DET,Marcedes Lewis,LewiMa00,0.0,0.0,0.0,83.3
2023,REG,14,00-0033246,J.Mundt,TE,TE,MIN,13940,6414998b-5831-44aa-8bd8-39e42a323c2c,16743.0,12206.0,4314.0,,3052096.0,30373.0,,2818622.0,MundJo00,,12316.0,12525.0,,30373.0,740704.0,19165.0,740704.0,Johnny Mundt,johnny mundt,1,1,4.0,0,0.0,0.0,2.0,2.0,0.0,-0.16104585,0,2.0,0.030303031,0.007968128,0.051032234,,,,,,,,,,,,,,,,,REG,MIN,LV,Johnny Mundt,MundJo00,0.0,0.0,0.0,83.3
2023,REG,14,00-0033439,P.Brown,TE,TE,NE,13994,6733b953-de77-44e5-acbf-c2d3a0940243,16937.0,12247.0,4443.0,,2971281.0,30627.0,,2819155.0,BrowPh01,,11887.0,12737.0,,30627.0,689689.0,19304.0,689689.0,Pharaoh Brown,pharaoh brown,1,1,4.0,0,0.0,0.0,3.0,1.0,0.0,-0.093399934,0,1.3333334,0.03846154,0.016483517,0.06923077,,,,,,,,,,,,,,,,,REG,NE,PIT,Pharaoh Brown,BrowPh01,1.0,0.0,0.0,83.3
2023,REG,14,00-0035631,D.Sample,TE,TE,CIN,14146,15a4f552-ecaf-45bd-9006-aa5dda93bee6,18561.0,47259.0,6001.0,,3127310.0,31884.0,,2139646.0,SampDr00,drew-sample-1,13809.0,14111.0,435.0,31884.0,837824.0,20931.0,837824.0,Drew Sample,drew sample,2,2,4.0,0,0.0,0.0,-13.0,17.0,1.0,-0.2439335,0,0.0,0.08,-0.12149533,0.03495327,,,,,,,,,,,,,,,,,REG,CIN,IND,Drew Sample,SampDr00,0.0,0.0,0.0,79.2
2023,REG,14,00-0034159,W.Dissly,TE,TE,SEA,13763,383f4814-6836-4766-a297-fc063e8509cc,18049.0,30762.0,5010.0,,3127292.0,31090.0,,2139628.0,DissWi00,will-dissly-1,12986.0,13246.0,86.0,31090.0,837806.0,19950.0,837806.0,Will Dissly,will dissly,1,1,3.0,0,0.0,0.0,0.0,3.0,0.0,-0.34568945,0,0.0,0.032258064,0.0,0.048387095,,,,,,,,,,,,,,,,,REG,SEA,SF,Will Dissly,DissWi00,0.0,0.0,0.0,79.2
2023,REG,14,00-0034364,J.Akins,TE,TE,CLE,13753,0cb5a32a-a340-4671-ba2a-93f5fa6aee8d,17415.0,47050.0,5032.0,,3128452.0,31068.0,,2142712.0,AkinJo00,jordan-akins-1,12568.0,13238.0,,31068.0,838396.0,19903.0,838396.0,Jordan Akins,jordan akins,1,1,3.0,0,0.0,0.0,3.0,0.0,0.0,-0.54357004,0,1.0,0.023255814,0.008902078,0.041115176,,,,,,,,,,,,,,,,,REG,CLE,JAX,Jordan Akins,AkinJo00,0.0,0.0,0.0,79.2
2023,REG,14,00-0036429,C.Woerner,TE,TE,SF,14984,527dfee0-a242-4dc7-830a-ab7028308259,19665.0,42257.0,7075.0,,4035020.0,32860.0,,2248629.0,WoerCh00,charlie-woerner-1,14608.0,,,32860.0,0.0,22119.0,922040.0,Charlie Woerner,charlie woerner,1,1,3.0,0,0.0,0.0,-1.0,4.0,0.0,-0.48615772,0,0.0,0.037037037,-0.0036764706,0.052982025,,,,,,,,,,,,,,,,,REG,SF,SEA,Charlie Woerner,WoerCh00,0.0,0.0,0.0,79.2
2023,REG,14,00-0033217,M.Alie-Cox,TE,TE,IND,13246,8809c0dd-786b-4255-a7d0-333c9498c19a,16579.0,12078.0,4054.0,moalie-cox/2558832,2998565.0,30112.0,,2815925.0,AlieMo00,,12196.0,12221.0,195.0,30112.0,712506.0,18900.0,712506.0,Mo Alie-Cox,mo alie-cox,1,1,2.0,1,0.0,0.0,2.0,0.0,1.0,3.0220125,0,1.0,0.02631579,0.00896861,0.04575171,,,,,,,,,,,,,,,,,REG,IND,CIN,Mo Alie-Cox,AlieMo00,0.0,0.0,0.0,118.7
2023,REG,14,00-0037005,T.Tremble,TE,TE,CAR,15332,cbee2fd3-e5f2-4316-bffd-531f1873f032,22795.0,84025.0,7694.0,,4372780.0,33471.0,,2969027.0,TremTo00,tommy-tremble-1,15371.0,,1054.0,33471.0,0.0,,1130555.0,Tommy Tremble,tommy tremble,1,3,2.0,0,0.0,0.0,33.0,2.0,0.0,-3.9625516,0,0.060606062,0.09375,0.07603686,0.1938508,,,,,,,,,,,,,,,,,REG,CAR,NO,Tommy Tremble,TremTo00,0.0,0.0,0.0,42.4
2023,REG,14,00-0035249,J.Oliver,TE,TE,MIN,14209,dc83f7af-7b30-4c4a-9c93-f67bd8db954b,18487.0,47083.0,5973.0,,3921690.0,31901.0,,2184618.0,OlivJo00,josh-oliver-1,13786.0,14127.0,7.0,31901.0,881779.0,20899.0,881779.0,Josh Oliver,josh oliver,0,1,0.0,0,0.0,0.0,0.0,0.0,0.0,-0.7205837,0,,0.030303031,0.0,0.045454547,,,,,,,,,,,,,,,,,REG,MIN,LV,Josh Oliver,OlivJo00,0.0,0.0,0.0,39.6
2023,REG,14,00-0035771,M.Wilcox,TE,TE,CIN,15563,b2d98b60-b4b3-4610-81d2-2154c723fdbb,19510.0,47234.0,6894.0,,3923392.0,33171.0,,2188431.0,,,14634.0,,,33171.0,0.0,21800.0,885394.0,Mitchell Wilcox,mitchell wilcox,1,1,0.0,0,0.0,0.0,-1.0,1.0,0.0,-0.4085116,0,0.0,0.04,-0.009345794,0.053457946,,,,,,,,,,,,,,,,,,,,,,,,,
2023,REG,14,00-0036438,S.Sullivan,TE,TE,CAR,15026,a41b8454-0326-4c56-87a2-f2aac3814961,19641.0,40411.0,6970.0,,4035426.0,32921.0,,2223251.0,SullSt00,stephen-sullivan-1,14570.0,,,32921.0,0.0,21865.0,910808.0,Stephen Sullivan,stephen sullivan,0,4,0.0,0,0.0,0.0,75.0,0.0,0.0,-2.7879403,0,0.0,0.125,0.17281106,0.30846775,,,,,,,,,,,,,,,,,REG,CAR,NO,Stephen Sullivan,SullSt00,0.0,0.0,0.0,39.6
2023,REG,14,00-0037292,A.Ogletree,TE,TE,IND,15916,59f460a8-b5af-40e6-840c-429762b278b3,24561.0,,8489.0,,4722908.0,34148.0,,2672594.0,OgleAn00,,16277.0,,1315.0,34148.0,0.0,,1271740.0,Andrew Ogletree,andrew ogletree,0,2,0.0,0,0.0,0.0,17.0,0.0,0.0,-1.7007024,0,0.0,0.05263158,0.076233186,0.1323106,,,,,,,,,,,,,,,,,REG,IND,CIN,Andrew Ogletree,OgleAn00,0.0,1.0,0.5,39.6
2023,REG,14,00-0037311,K.Kieft,TE,TE,TB,15929,f96b8338-4ffb-4612-8c29-58dc3b12db69,24568.0,,8484.0,,4034779.0,34174.0,,2239763.0,KiefKo00,ko-kieft-1,16282.0,,,34174.0,0.0,,911239.0,Ko Kieft,ko kieft,0,1,0.0,0,0.0,0.0,10.0,0.0,0.0,-0.6585569,0,0.0,0.03448276,0.03533569,0.07645912,,,,,,,,,,,,,,,,,REG,TB,ATL,Ko Kieft,KiefKo00,0.0,0.0,0.0,39.6
2023,REG,15,00-0033885,D.Njoku,TE,TE,CLE,13192,8f86fcea-90e8-49ea-bc78-5c7659313e57,16399.0,11784.0,4033.0,,3123076.0,30142.0,,2136474.0,NjokDa00,david-njoku-1,11734.0,12186.0,252.0,30142.0,832098.0,18876.0,832098.0,David Njoku,david njoku,10,14,104.0,1,0.0,0.0,72.0,58.0,3.0,-4.0549817,0,1.4444444,0.3181818,0.19251336,0.61203206,David Njoku,CLE,6.697142857142857,3.0287168862866665,5.819999999999999,22.461131326496854,71.42857142857143,104.0,1.0,5.755000000000001,3.6987674745100834,2.0562325254899174,00-0033885,David,Njoku,D.Njoku,REG,CLE,CHI,David Njoku,NjokDa00,1.0,0.0,0.0,86.6
2023,REG,15,00-0037744,T.McBride,TE,TE,ARI,15794,734d54cc-c869-4e2f-a60f-c59c493f5110,22936.0,,8130.0,,4361307.0,34010.0,,2963385.0,McBrTr01,trey-mcbride-1,15902.0,,1253.0,34010.0,0.0,,1108161.0,Trey McBride,trey mcbride,10,11,102.0,0,1.0,0.0,60.0,50.0,5.0,0.7908724,0,1.7,0.28947368,0.25,0.60921055,Trey McBride,ARI,6.849999999999999,5.387441937770302,5.574545454545455,24.341060654175937,90.9090909090909,102.0,0.0,5.023999999999999,4.98270981302399,0.04129018697600895,00-0037744,Trey,McBride,T.McBride,REG,ARI,SF,Trey McBride,McBrTr01,0.0,0.0,0.0,67.4
2023,REG,15,00-0037838,I.Likely,TE,TE,BAL,15798,f9279edb-cfa7-4f7d-91df-b81cbf3e133e,23781.0,,8131.0,,4361050.0,34095.0,,2961906.0,LikeIs00,isaiah-likely-1,16033.0,,1257.0,34095.0,0.0,,1125111.0,Isaiah Likely,isaiah likely,5,6,70.0,1,0.0,0.0,41.0,23.0,3.0,8.054247,0,1.7073171,0.26086956,0.2039801,0.5340904,Isaiah Likely,BAL,3.8939999999999997,4.779515188843451,6.173333333333332,19.318833776665098,83.33333333333334,70.0,1.0,5.384000000000002,5.450539772434803,-0.06653977243480114,00-0037838,Isaiah,Likely,I.Likely,REG,BAL,JAX,Isaiah Likely,LikeIs00,0.0,0.0,0.0,154.9
2023,REG,15,00-0033090,H.Henry,TE,TE,NE,12676,705899da-3c20-4bc3-b5d0-2e6e40655131,15561.0,10669.0,3214.0,,3046439.0,29269.0,,2079848.0,HenrHu00,hunter-henry-1,10735.0,11299.0,212.0,29269.0,744425.0,17975.0,744425.0,Hunter Henry,hunter henry,7,9,66.0,1,0.0,0.0,63.0,15.0,5.0,1.3803061,0,1.0476191,0.29032257,0.4883721,0.77734435,Hunter Henry,NE,4.646666666666667,2.727503233022436,7.405555555555555,47.66502181220053,77.77777777777779,66.0,1.0,2.05857142857143,2.374340265253839,-0.31576883668240896,00-0033090,Hunter,Henry,H.Henry,REG,NE,KC,Hunter Henry,HenrHu00,1.0,0.0,0.0,94.7
2023,REG,15,00-0035229,T.Hockenson,TE,TE,MIN,14138,bd1120b6-38b3-4225-a4b0-20660a149d0d,18290.0,40912.0,5844.0,,4036133.0,31840.0,,2251097.0,HockTJ00,tj-hockenson-1,13610.0,14051.0,247.0,31840.0,923915.0,20805.0,923915.0,T.J. Hockenson,tj hockenson,6,7,63.0,0,0.0,0.0,49.0,20.0,3.0,5.0302415,0,1.2857143,0.21875,0.199187,0.46755588,T.J. Hockenson,MIN,6.7316666666666665,3.915983313238045,6.382857142857142,18.34756898817345,85.71428571428571,63.0,0.0,4.125000000000001,4.66224642502137,-0.5372464250213689,00-0035229,Thomas,Hockenson,T.Hockenson,REG,MIN,CIN,T.J. Hockenson,HockTJ00,0.0,0.0,0.0,104.2
2023,REG,15,00-0033858,J.Smith,TE,TE,ATL,13193,e4f25a37-74de-4bfb-b6c9-f50a4fab0b87,16460.0,11855.0,4144.0,,3054212.0,30213.0,,2081506.0,SmitJo01,jonnu-smith-1,11807.0,12344.0,84.0,30213.0,743749.0,18990.0,743749.0,Jonnu Smith,jonnu smith,2,2,61.0,0,0.0,0.0,21.0,40.0,1.0,3.2131395,0,2.9047618,0.10526316,0.14482759,0.25927404,,,,,,,,,,,,,,,,,REG,ATL,CAR,Jonnu Smith,SmitJo01,0.0,0.0,0.0,118.7
2023,REG,15,00-0034383,D.Schultz,TE,TE,HOU,13772,8caec1b4-e0b6-4a84-b8c8-617d6e91ef6a,17349.0,47304.0,5001.0,,3117256.0,31107.0,,2136748.0,SchuDa00,dalton-schultz-1,12514.0,13198.0,487.0,31107.0,830523.0,19920.0,830523.0,Dalton Schultz,dalton schultz,4,5,58.0,0,0.0,0.0,59.0,8.0,4.0,5.859433,0,0.9830508,0.14705883,0.22180451,0.3758514,Dalton Schultz,HOU,3.378,3.0353993142676905,12.344,22.002780649531207,80.0,58.0,0.0,2.1075,1.2356324828383656,0.8718675171616344,00-0034383,Dalton,Schultz,D.Schultz,REG,HOU,TEN,Dalton Schultz,SchuDa00,1.0,0.0,0.0,115.0
2023,REG,15,00-0038996,T.Kraft,TE,TE,GB,16222,3a084c5f-6b9f-4703-a0c7-1566bc4b1129,25298.0,,9484.0,,4572680.0,40102.0,,3133332.0,KrafTu00,,16649.0,,1418.0,40102.0,0.0,,1181874.0,Tucker Kraft,tucker kraft,4,6,57.0,1,0.0,0.0,35.0,30.0,3.0,3.6204967,0,1.6285714,0.16666667,0.14957266,0.35470086,Tucker Kraft,GB,4.138,3.0696793308680212,5.106666666666668,13.342623236369977,66.66666666666666,57.0,1.0,7.717499999999999,8.674589416686104,-0.9570894166861041,00-0038996,Tucker,Kraft,T.Kraft,REG,GB,TB,Tucker Kraft,KrafTu00,0.0,0.0,0.0,136.8
2023,REG,15,00-0039065,S.LaPorta,TE,TE,DET,16214,3059f1e5-1871-4458-9e90-9b9917874c61,22978.0,,10859.0,,4430027.0,40064.0,,3124197.0,LaPoSa01,sam-laporta-1,17033.0,,1429.0,40064.0,0.0,,1168926.0,Sam LaPorta,sam laporta,5,6,56.0,3,0.0,0.0,45.0,26.0,5.0,10.545915,0,1.2444445,0.1875,0.15957446,0.3929521,Sam LaPorta,DET,5.773333333333333,2.9872018481437252,9.01333333333333,18.614897425306342,83.33333333333334,56.0,3.0,5.3320000000000025,3.6942060406791826,1.63779395932082,00-0039065,Sam,LaPorta,S.LaPorta,REG,DET,DEN,Sam LaPorta,LaPoSa01,1.0,0.0,0.0,145.1
2023,REG,15,00-0033288,G.Kittle,TE,TE,SF,13299,2ada91b0-036e-454f-83c3-6d939ff584a9,16499.0,11901.0,4217.0,,3040151.0,30259.0,,2818265.0,KittGe00,george-kittle-1,11892.0,12276.0,298.0,30259.0,733672.0,19063.0,733672.0,George Kittle,george kittle,2,4,54.0,0,0.0,0.0,65.0,25.0,2.0,4.972628,0,0.83076924,0.15384616,0.2138158,0.3804403,,,,,,,,,,,,,,,,,REG,SF,ARI,George Kittle,KittGe00,0.0,0.0,0.0,95.8
2023,REG,15,00-0034613,T.Hudson,TE,TE,CIN,14370,2fa75e05-cac4-4b40-8924-dbc9ae0c959c,17826.0,66924.0,5409.0,,3050481.0,31257.0,,2926606.0,,,13286.0,,,31257.0,1115394.0,20506.0,1115394.0,Tanner Hudson,tanner hudson,5,5,49.0,0,0.0,0.0,36.0,13.0,4.0,3.73083,0,1.3611112,0.125,0.10778443,0.2629491,Tanner Hudson,CIN,4.963333333333334,3.9047289877521747,7.250000000000002,10.97653292959879,100.0,49.0,0.0,2.5499999999999985,2.9151378672942885,-0.36513786729429,00-0034613,Tanner,Hudson,T.Hudson,,,,,,,,,
2023,REG,15,00-0038041,J.Ferguson,TE,TE,DAL,15799,f46eab3d-d7dd-4420-b3f9-6da9ac1308ab,22718.0,,8110.0,,4242355.0,34085.0,,2867159.0,FergJa00,jake-ferguson-1,15947.0,,1258.0,34085.0,0.0,,1065361.0,Jake Ferguson,jake ferguson,6,8,44.0,0,0.0,0.0,27.0,22.0,2.0,1.2689663,0,1.6296296,0.25,0.12107623,0.45975336,Jake Ferguson,DAL,6.077999999999999,2.9032898031424534,4.175000000000002,15.420129270544788,75.0,44.0,0.0,3.6016666666666652,2.1615327489244103,1.440133917742255,00-0038041,Jake,Ferguson,J.Ferguson,REG,DAL,BUF,Jake Ferguson,FergJa00,1.0,0.0,0.0,87.5
2023,REG,15,00-0038129,C.Otton,TE,TE,TB,15802,f23517bd-ae85-484a-8ecb-1f7a2d851e48,23181.0,,8111.0,,4243331.0,34062.0,,2815179.0,OttoCa00,cade-otton-1,16032.0,,1261.0,34062.0,0.0,,1049263.0,Cade Otton,cade otton,2,2,44.0,0,0.0,0.0,29.0,15.0,2.0,3.8863719,0,1.5172414,0.074074075,0.12340426,0.19749409,,,,,,,,,,,,,,,,,REG,TB,GB,Cade Otton,OttoCa00,0.0,0.0,0.0,118.7
2023,REG,15,00-0039041,E.Higgins,TE,TE,ARI,16333,a01b7698-d67f-4b60-b2fb-4c667336b718,23119.0,,10231.0,,4426844.0,40226.0,,3122914.0,HiggEl00,elijah-higgins-1,16959.0,,1469.0,40226.0,0.0,,1161853.0,Elijah Higgins,elijah higgins,4,4,44.0,1,0.0,0.0,31.0,13.0,3.0,6.0647497,0,1.4193548,0.10526316,0.12916666,0.2483114,,,,,,,,,,,,,,,,,REG,ARI,SF,Elijah Higgins,HiggEl00,0.0,0.0,0.0,152.1
2023,REG,15,00-0033895,G.Everett,TE,TE,LAC,13236,ebeceb00-57e0-4b74-9cf7-853da2afed18,16459.0,11799.0,4089.0,,3918639.0,30157.0,,2142692.0,EverGe00,gerald-everett-1,11737.0,12284.0,55.0,30157.0,838487.0,18935.0,838487.0,Gerald Everett,gerald everett,5,8,41.0,0,1.0,0.0,21.0,37.0,2.0,-0.06630103,0,1.9523809,0.2580645,0.1409396,0.4857545,Gerald Everett,LAC,7.04,2.5365407017719783,2.8325000000000022,16.098323387325955,62.5,41.0,0.0,7.291999999999999,7.842780207402711,-0.5507802074027124,00-0033895,Gerald,Everett,G.Everett,REG,LAC,LV,Gerald Everett,EverGe00,0.0,0.0,0.0,75.5
2023,REG,15,00-0031610,D.Waller,TE,TE,NYG,12263,14c97c9f-26e8-4944-9299-f90de6aeada3,14104.0,9637.0,2505.0,,2576925.0,28592.0,,1850793.0,WallDa01,darren-waller-1,10215.0,10433.0,,28592.0,600191.0,16964.0,600191.0,Darren Waller,darren waller,4,6,40.0,0,0.0,0.0,30.0,28.0,1.0,-0.22427204,0,1.3333334,0.1764706,0.14705883,0.36764705,Darren Waller,NYG,7.018000000000001,3.9989181191058605,5.003333333333334,14.825423477702607,66.66666666666666,40.0,0.0,7.012499999999999,5.671841078601801,1.340658921398198,00-0031610,Darren,Waller,D.Waller,REG,NYG,NO,Darren Waller,WallDa01,0.0,0.0,0.0,85.4
2023,REG,15,00-0039066,M.Mayer,TE,TE,LV,16212,31f4645a-7ccb-4633-8580-2fca361beb4f,23056.0,,9482.0,,4429086.0,40065.0,,3171673.0,MayeMi00,michael-mayer-1,16666.0,,1427.0,40065.0,0.0,,1232592.0,Michael Mayer,michael mayer,4,5,39.0,1,0.0,0.0,15.0,22.0,4.0,7.5338707,0,2.6,0.14705883,0.05357143,0.25808823,Michael Mayer,LV,6.663333333333333,4.536942353614212,3.2860000000000027,5.5732700135685285,80.0,39.0,1.0,5.374999999999998,4.024796143321851,1.3502038566781476,00-0039066,Michael,Mayer,M.Mayer,REG,LV,LAC,Michael Mayer,MayeMi00,1.0,0.0,0.0,138.7
2023,REG,15,00-0036040,J.Johnson,TE,TE,NO,14861,0226b03b-f91d-4223-9813-9fcd2e9c3acc,19562.0,28305.0,7002.0,,3929645.0,33113.0,,2186637.0,JohnJu02,,14630.0,,575.0,33113.0,0.0,21738.0,884609.0,Juwan Johnson,juwan johnson,2,2,38.0,1,0.0,0.0,36.0,2.0,2.0,3.5746071,0,1.0555556,0.071428575,0.18848167,0.23908003,,,,,,,,,,,,,,,,,REG,NO,NYG,Juwan Johnson,JohnJu02,0.0,0.0,0.0,158.3
2023,REG,15,00-0036637,N.Gray,TE,TE,KC,15337,c97dfcb6-b999-476f-8487-f3848e92df17,19539.0,60878.0,7828.0,,4240472.0,33550.0,,2866903.0,GrayNo00,noah-gray-1,15459.0,,1059.0,33550.0,0.0,,1056981.0,Noah Gray,noah gray,2,2,37.0,0,0.0,0.0,22.0,15.0,1.0,2.286309,0,1.6818181,0.057142857,0.11340206,0.16509573,,,,,,,,,,,,,,,,,REG,KC,NE,Noah Gray,GrayNo00,0.0,0.0,0.0,118.7
2023,REG,15,00-0036970,K.Pitts,TE,TE,ATL,15329,1f3deb24-9ff8-4769-8f42-825eff7742f6,20164.0,83964.0,7553.0,,4360248.0,33392.0,,2964514.0,PittKy00,kyle-pitts-1,15265.0,,1051.0,33392.0,0.0,,1123026.0,Kyle Pitts,kyle pitts,3,4,37.0,0,0.0,0.0,36.0,12.0,3.0,3.7307813,0,1.0277778,0.21052632,0.24827586,0.48958257,,,,,,,,,,,,,,,,,REG,ATL,CAR,Kyle Pitts,PittKy00,0.0,0.0,0.0,103.1
2023,REG,15,00-0033110,T.Higbee,TE,TE,LA,12678,0df7912d-9e81-47ea-b4f7-d04986df4ee8,15623.0,10744.0,3271.0,,2573401.0,29344.0,,1853103.0,HigbTy00,tyler-higbee-1,10854.0,11430.0,159.0,29344.0,604176.0,18032.0,604176.0,Tyler Higbee,tyler higbee,4,5,36.0,0,0.0,0.0,35.0,12.0,1.0,2.0999138,0,1.0285715,0.15625,0.20467836,0.37764984,Tyler Higbee,LAR,10.62,3.7086199956360417,6.965999999999999,19.23884224480777,80.0,36.0,0.0,3.0024999999999995,2.8954184127456983,0.10708158725430117,00-0033110,Tyler,Higbee,T.Higbee,REG,LA,WAS,Tyler Higbee,HigbTy00,0.0,0.0,0.0,96.7
2023,REG,15,00-0037809,C.Okonkwo,TE,TE,TEN,15889,14e11f9b-58c8-437f-abc0-a4e4df9a7c47,23982.0,,8210.0,,4360635.0,34099.0,,2965208.0,OkonCh00,chigoziem-okonkwo-1,16042.0,,1320.0,34099.0,0.0,,1106374.0,Chigoziem Okonkwo,chigoziem okonkwo,3,3,36.0,0,0.0,0.0,26.0,10.0,2.0,4.1165147,0,1.3846154,0.115384616,0.06532663,0.21880557,,,,,,,,,,,,,,,,,REG,TEN,HOU,Chigoziem Okonkwo,OkonCh00,0.0,0.0,0.0,116.7
2023,REG,15,00-0034798,D.Smythe,TE,TE,MIA,13676,7e42a22a-c47b-4387-aeeb-2cc2e76dc1d8,17508.0,47257.0,5008.0,,3052897.0,31093.0,,2082845.0,SmytDu00,durham-smythe-1,12807.0,13249.0,,31093.0,749968.0,19943.0,749968.0,Durham Smythe,durham smythe,4,4,32.0,0,0.0,0.0,16.0,16.0,2.0,2.4021473,0,2.0,0.15384616,0.18181819,0.35804197,,,,,,,,,,,,,,,,,REG,MIA,NYJ,Durham Smythe,SmytDu00,0.0,0.0,0.0,100.0
2023,REG,15,00-0037005,T.Tremble,TE,TE,CAR,15332,cbee2fd3-e5f2-4316-bffd-531f1873f032,22795.0,84025.0,7694.0,,4372780.0,33471.0,,2969027.0,TremTo00,tommy-tremble-1,15371.0,,1054.0,33471.0,0.0,,1130555.0,Tommy Tremble,tommy tremble,2,2,32.0,0,0.0,0.0,18.0,14.0,1.0,1.5244415,0,1.7777778,0.08695652,0.09677419,0.19817671,,,,,,,,,,,,,,,,,REG,CAR,ATL,Tommy Tremble,TremTo00,1.0,0.0,0.0,118.7
2023,REG,15,00-0034351,D.Goedert,TE,TE,PHI,13674,e8029983-87cf-49a2-bc04-04c8233a0630,17270.0,47272.0,5022.0,,3121023.0,31019.0,,2132551.0,GoedDa00,,12860.0,13151.0,382.0,31019.0,791365.0,19863.0,791365.0,Dallas Goedert,dallas goedert,4,9,30.0,0,0.0,0.0,43.0,14.0,1.0,-0.7700409,0,0.6976744,0.3,0.14576271,0.5520339,Dallas Goedert,PHI,7.791666666666667,2.156315347337695,5.614444444444445,16.361752420425475,44.44444444444444,30.0,0.0,3.4849999999999994,3.4967587133370444,-0.011758713337044924,00-0034351,Dallas,Goedert,D.Goedert,REG,PHI,SEA,Dallas Goedert,GoedDa00,0.0,0.0,0.0,53.0
2023,REG,15,00-0030506,T.Kelce,TE,TE,KC,11244,c3859e06-5f23-4302-a71b-04820a899d5f,11594.0,7844.0,1466.0,traviskelce/2540258,15847.0,26686.0,,1725130.0,KelcTr00,travis-kelce-1,8783.0,8411.0,264.0,26686.0,448240.0,15048.0,448240.0,Travis Kelce,travis kelce,5,7,28.0,0,0.0,0.0,25.0,28.0,1.0,-0.6558744,0,1.12,0.2,0.12886597,0.3902062,Travis Kelce,KC,7.714,2.612490684891231,5.6471428571428595,19.85334739591181,71.42857142857143,28.0,0.0,5.5299999999999985,6.021760494639603,-0.49176049463960414,00-0030506,Travis,Kelce,T.Kelce,REG,KC,NE,Travis Kelce,KelcTr00,1.0,1.0,0.143,78.3
2023,REG,15,00-0033881,E.Engram,TE,TE,JAX,13189,e21365af-8d66-416e-b0a5-8816d18fcfd9,16411.0,11778.0,4066.0,,3051876.0,30136.0,,2079887.0,EngrEv00,evan-engram-1,11805.0,12205.0,229.0,30136.0,749185.0,18912.0,749185.0,Evan Engram,evan engram,4,6,28.0,0,0.0,0.0,40.0,12.0,1.0,-3.9676552,0,0.7,0.14285715,0.091116175,0.27806702,Evan Engram,JAX,6.392,2.296629309293961,5.651666666666667,8.246394786119016,66.66666666666666,28.0,0.0,3.612499999999999,1.974064138129961,1.6384358618700379,00-0033881,Evan,Engram,E.Engram,REG,JAX,BAL,Evan Engram,EngrEv00,1.0,0.0,0.0,77.1
2023,REG,15,00-0036887,L.Farrell,TE,TE,JAX,15335,8a1f0e8e-6521-4a94-9934-ad4f76a25fd9,19501.0,42353.0,7842.0,,4040612.0,33533.0,,2260977.0,FarrLu00,luke-farrell-1,15566.0,,,33533.0,0.0,,946541.0,Luke Farrell,luke farrell,1,1,28.0,0,0.0,0.0,23.0,5.0,1.0,1.6612504,0,1.2173913,0.023809524,0.0523918,0.072388545,,,,,,,,,,,,,,,,,REG,JAX,BAL,Luke Farrell,FarrLu00,0.0,0.0,0.0,118.7
2023,REG,15,00-0032141,G.Swaim,TE,TE,ARI,12378,d0f9112d-2496-450a-9fc5-d2d01b4d2454,14164.0,9679.0,2545.0,geoffswaim/2553454,3046704.0,28634.0,,2174207.0,SwaiGe00,geoff-swaim-1,10507.0,10617.0,,28634.0,728021.0,17005.0,728021.0,Geoff Swaim,geoff swaim,1,1,26.0,0,0.0,0.0,24.0,2.0,1.0,2.1579864,0,1.0833334,0.02631579,0.1,0.10947368,,,,,,,,,,,,,,,,,REG,ARI,SF,Geoff Swaim,SwaiGe00,0.0,0.0,0.0,118.7
2023,REG,15,00-0036422,A.Trautman,TE,TE,DEN,14870,4e14183b-f974-4745-9d7f-8f5eb2a92a7d,19423.0,109795.0,6869.0,,3911853.0,32775.0,,2182228.0,TrauAd00,,14541.0,,566.0,32775.0,0.0,21786.0,875444.0,Adam Trautman,adam trautman,1,3,24.0,0,0.0,0.0,15.0,25.0,1.0,-0.928862,0,1.6,0.09375,0.06465517,0.18588363,,,,,,,,,,,,,,,,,REG,DEN,DET,Adam Trautman,TrauAd00,0.0,0.0,0.0,63.2
2023,REG,15,00-0036290,C.Kmet,TE,TE,CHI,14867,036feeb6-9a22-43c5-a8e3-7ac611d8ff49,19229.0,60995.0,6826.0,,4258595.0,32713.0,,2868619.0,KmetCo00,cole-kmet-1,14436.0,,569.0,32713.0,0.0,21772.0,1066765.0,Cole Kmet,cole kmet,5,7,23.0,1,0.0,0.0,25.0,13.0,2.0,1.7911059,0,0.92,0.2,0.0739645,0.35177514,Cole Kmet,CHI,6.921666666666667,3.894111389211642,4.858571428571428,8.096462410131885,71.42857142857143,23.0,1.0,3.222000000000002,3.6736065252392116,-0.4516065252392094,00-0036290,Cole,Kmet,C.Kmet,REG,CHI,CLE,Cole Kmet,KmetCo00,1.0,0.0,0.0,114.9
2023,REG,15,00-0033217,M.Alie-Cox,TE,TE,IND,13246,8809c0dd-786b-4255-a7d0-333c9498c19a,16579.0,12078.0,4054.0,moalie-cox/2558832,2998565.0,30112.0,,2815925.0,AlieMo00,,12196.0,12221.0,195.0,30112.0,712506.0,18900.0,712506.0,Mo Alie-Cox,mo alie-cox,2,3,21.0,1,0.0,0.0,34.0,4.0,1.0,0.88531137,0,0.61764705,0.11111111,0.18378378,0.29531533,,,,,,,,,,,,,,,,,REG,IND,PIT,Mo Alie-Cox,AlieMo00,0.0,0.0,0.0,126.4
2023,REG,15,00-0035771,M.Wilcox,TE,TE,CIN,15563,b2d98b60-b4b3-4610-81d2-2154c723fdbb,19510.0,47234.0,6894.0,,3923392.0,33171.0,,2188431.0,,,14634.0,,,33171.0,0.0,21800.0,885394.0,Mitchell Wilcox,mitchell wilcox,2,2,20.0,0,0.0,0.0,5.0,15.0,1.0,1.4766896,0,4.0,0.05,0.0149700595,0.08547904,,,,,,,,,,,,,,,,,,,,,,,,,
2023,REG,15,00-0034270,T.Conklin,TE,TE,NYJ,13675,f0d17dfa-ebf3-416c-a8d2-c6bc30675103,17598.0,47327.0,5133.0,,3915486.0,31220.0,,2165249.0,ConkTy00,tyler-conklin-1,12809.0,13220.0,489.0,31127.0,861278.0,19988.0,861278.0,Tyler Conklin,tyler conklin,4,7,18.0,0,0.0,0.0,34.0,2.0,2.0,0.6354954,0,0.5294118,0.21212122,0.116838485,0.39996877,Tyler Conklin,NYJ,4.543333333333334,3.375128475181055,6.048571428571427,14.489579412066664,57.14285714285714,18.0,0.0,0.7675000000000001,1.6531393073718164,-0.8856393073718163,00-0034270,Tyler,Conklin,T.Conklin,REG,NYJ,MIA,Tyler Conklin,ConkTy00,0.0,0.0,0.0,62.2
2023,REG,15,00-0034970,I.Smith,TE,TE,CIN,14141,ed0e6a30-83d5-4f4b-bf49-f7ff80e21304,18610.0,42060.0,6126.0,,4040980.0,31882.0,,2257888.0,SmitIr01,irv-smith-jr-1,13583.0,14052.0,,31882.0,944428.0,20949.0,944428.0,Irv Smith,irv smith,2,3,18.0,0,0.0,0.0,28.0,8.0,1.0,-3.350628,0,0.64285713,0.075,0.08383234,0.17118263,,,,,,,,,,,,,,,,,REG,CIN,MIN,Irv Smith Jr.,SmitIr01,0.0,0.0,0.0,43.1
2023,REG,15,00-0037539,L.Krull,TE,TE,DEN,15970,767b4820-cc9f-11ec-952e-a10f2c98fc4d,24240.0,,8249.0,,4360231.0,34654.0,,2961761.0,KrulLu00,,16259.0,,1328.0,34654.0,0.0,,1122323.0,Lucas Krull,lucas krull,1,3,18.0,0,0.0,0.0,46.0,2.0,1.0,0.3720892,0,0.39130434,0.09375,0.19827586,0.2794181,,,,,,,,,,,,,,,,,REG,DEN,DET,Lucas Krull,KrulLu00,0.0,0.0,0.0,54.9
2023,REG,15,00-0035644,N.Fant,TE,TE,SEA,14137,cdc98acc-9eb6-4b44-81bb-61d7b8a3b55f,17527.0,42388.0,5857.0,,4036131.0,31852.0,,2251095.0,FantNo00,noah-fant-1,13426.0,14050.0,243.0,31852.0,923911.0,20753.0,923911.0,Noah Fant,noah fant,3,5,16.0,0,0.0,0.0,21.0,1.0,0.0,-1.7571948,0,0.7619048,0.15625,0.088607594,0.2964003,Noah Fant,SEA,5.29,2.837107462497562,4.358000000000001,9.53902727312525,60.0,16.0,0.0,0.4366666666666674,0.9090649777360049,-0.4723983110693375,00-0035644,Noah,Fant,N.Fant,REG,SEA,PHI,Noah Fant,FantNo00,0.0,1.0,0.2,65.4
2023,REG,15,00-0036894,P.Freiermuth,TE,TE,PIT,15331,04f0fefe-9d9d-44f5-94ea-6df2a42df3c6,20163.0,84085.0,7600.0,,4361411.0,33443.0,,2961270.0,FreiPa00,pat-freiermuth-1,15267.0,,1053.0,33443.0,0.0,,1116662.0,Pat Freiermuth,pat freiermuth,3,4,16.0,0,0.0,0.0,23.0,1.0,1.0,0.19303569,0,0.6956522,0.15384616,0.08812261,0.29245505,,,,,,,,,,,,,,,,,REG,PIT,IND,Pat Freiermuth,FreiPa00,0.0,0.0,0.0,81.2
2023,REG,15,00-0037805,J.Ruckert,TE,TE,NYJ,15796,28f3732b-0910-4d09-9fd4-e43b821dc5bb,23742.0,,8145.0,,4361372.0,34057.0,,2965446.0,RuckJe00,jeremy-ruckert-1,15996.0,,1255.0,34057.0,0.0,,1122596.0,Jeremy Ruckert,jeremy ruckert,2,2,16.0,0,0.0,0.0,12.0,4.0,1.0,2.091503,0,1.3333334,0.060606062,0.041237112,0.11977507,,,,,,,,,,,,,,,,,REG,NYJ,MIA,Jeremy Ruckert,RuckJe00,0.0,0.0,0.0,100.0
2023,REG,15,00-0037475,S.Smartt,TE,TE,LAC,16113,6ee105f0-ca2e-11ec-be96-e90abdfa0fef,24621.0,,8583.0,,4250764.0,34637.0,,2864800.0,SmarSt00,,16321.0,,,34637.0,0.0,,1056865.0,Stone Smartt,stone smartt,3,3,15.0,0,0.0,0.0,8.0,7.0,2.0,1.6601858,0,1.875,0.09677419,0.053691275,0.18274519,,,,,,,,,,,,,,,,,REG,LAC,LV,Stone Smartt,SmarSt00,0.0,0.0,0.0,87.5
2023,REG,15,00-0038046,C.Kolar,TE,TE,BAL,15795,3c048ac9-2c0f-4bf0-9ddc-ce99c9387ac8,22756.0,,8127.0,,4241263.0,34084.0,,2866273.0,KolaCh00,charlie-kolar-1,15924.0,,,34084.0,0.0,,1058648.0,Charlie Kolar,charlie kolar,1,1,15.0,0,0.0,0.0,8.0,7.0,1.0,1.3730443,0,1.875,0.04347826,0.039800994,0.093078084,,,,,,,,,,,,,,,,,REG,BAL,JAX,Charlie Kolar,KolaCh00,0.0,0.0,0.0,118.7
2023,REG,15,00-0035249,J.Oliver,TE,TE,MIN,14209,dc83f7af-7b30-4c4a-9c93-f67bd8db954b,18487.0,47083.0,5973.0,,3921690.0,31901.0,,2184618.0,OlivJo00,josh-oliver-1,13786.0,14127.0,7.0,31901.0,881779.0,20899.0,881779.0,Josh Oliver,josh oliver,2,2,14.0,0,0.0,0.0,4.0,10.0,1.0,0.9314089,0,3.5,0.0625,0.016260162,0.10513211,,,,,,,,,,,,,,,,,REG,MIN,CIN,Josh Oliver,OlivJo00,0.0,0.0,0.0,95.8
2023,REG,15,00-0036438,S.Sullivan,TE,TE,CAR,15026,a41b8454-0326-4c56-87a2-f2aac3814961,19641.0,40411.0,6970.0,,4035426.0,32921.0,,2223251.0,SullSt00,stephen-sullivan-1,14570.0,,,32921.0,0.0,21865.0,910808.0,Stephen Sullivan,stephen sullivan,1,1,14.0,0,0.0,0.0,14.0,0.0,1.0,1.6909609,0,1.0,0.04347826,0.07526882,0.117905565,,,,,,,,,,,,,,,,,REG,CAR,ATL,Stephen Sullivan,SullSt00,0.0,0.0,0.0,118.7
2023,REG,15,00-0036556,B.Jordan,TE,TE,HOU,15330,8ffb5c07-4aa1-4796-b1ab-30c1ab0ccc4c,20162.0,77887.0,7568.0,,4362504.0,33535.0,,2964787.0,JordBr00,brevin-jordan-1,15369.0,,1052.0,33535.0,0.0,,1121871.0,Brevin Jordan,brevin jordan,1,1,14.0,0,0.0,0.0,10.0,4.0,1.0,1.4224049,0,1.4,0.029411765,0.037593983,0.07043344,,,,,,,,,,,,,,,,,REG,HOU,TEN,Brevin Jordan,JordBr00,0.0,0.0,0.0,118.7
2023,REG,15,00-0039074,D.Allen,TE,TE,LA,16219,02a77d8c-3b89-4a61-86a2-0c005c1e589a,23761.0,,10214.0,,4426553.0,40164.0,,3123267.0,AlleDa02,davis-allen-1,17030.0,,1434.0,40164.0,0.0,,1161664.0,Davis Allen,davis allen,1,1,14.0,0,0.0,0.0,-4.0,18.0,1.0,0.8069283,0,0.0,0.03125,-0.023391813,0.03050073,,,,,,,,,,,,,,,,,REG,LA,WAS,Davis Allen,AlleDa02,0.0,0.0,0.0,118.7
2023,REG,15,00-0034981,F.Moreau,TE,TE,NO,14239,9c3a67fd-5c6e-4689-9e08-9ff6d4db6c9a,18397.0,47043.0,5985.0,,3843945.0,31969.0,,2180634.0,MoreFo00,foster-moreau-1,13822.0,14154.0,179.0,31969.0,865573.0,20884.0,865573.0,Foster Moreau,foster moreau,3,5,13.0,0,0.0,0.0,10.0,9.0,0.0,-2.53159,0,1.3,0.17857143,0.05235602,0.30450636,Foster Moreau,NO,5.29,3.3445178781252,2.1620000000000017,5.419904738029586,60.0,13.0,0.0,2.8233333333333306,4.208371704211572,-1.3850383708782417,00-0034981,Foster,Moreau,F.Moreau,REG,NO,NYG,Foster Moreau,MoreFo00,0.0,0.0,0.0,64.6
2023,REG,15,00-0038115,D.Bellinger,TE,TE,NYG,15873,42a1c03e-790e-46ba-b0d5-d304e44c02c7,24238.0,,8225.0,,4361516.0,34068.0,,2963615.0,BellDa00,daniel-bellinger-1,16036.0,,1322.0,34068.0,0.0,,1122035.0,Daniel Bellinger,daniel bellinger,2,2,13.0,0,0.0,0.0,6.0,7.0,0.0,2.4108794,0,2.1666667,0.05882353,0.029411765,0.10882353,,,,,,,,,,,,,,,,,REG,NYG,NO,Daniel Bellinger,BellDa00,0.0,0.0,0.0,93.7
2023,REG,15,00-0027696,J.Graham,TE,TE,NO,9925,fd85786d-3900-4dc0-9b30-334ee30413ed,9712.0,5619.0,616.0,jimmygraham/497236,13232.0,24070.0,6610.0,1691166.0,GrahJi00,jimmy-graham-1,6532.0,5842.0,,24070.0,295918.0,11488.0,295918.0,Jimmy Graham,jimmy graham,2,2,9.0,1,0.0,0.0,6.0,3.0,2.0,1.9056079,0,1.5,0.071428575,0.03141361,0.12913239,,,,,,,,,,,,,,,,,REG,NO,NYG,Jimmy Graham,GrahJi00,0.0,0.0,0.0,125.0
2023,REG,15,00-0034159,W.Dissly,TE,TE,SEA,13763,383f4814-6836-4766-a297-fc063e8509cc,18049.0,30762.0,5010.0,,3127292.0,31090.0,,2139628.0,DissWi00,will-dissly-1,12986.0,13246.0,86.0,31090.0,837806.0,19950.0,837806.0,Will Dissly,will dissly,2,2,9.0,0,0.0,0.0,3.0,6.0,0.0,-0.35626417,0,3.0,0.0625,0.012658228,0.10261076,,,,,,,,,,,,,,,,,REG,SEA,PHI,Will Dissly,DissWi00,0.0,0.0,0.0,85.4
2023,REG,15,00-0036145,L.Cager,TE,TE,NYG,15041,2f2181f8-cb0a-42e4-9468-17f5f5a219cc,19701.0,34914.0,7106.0,,3917849.0,33329.0,,2183845.0,,,14597.0,,,33329.0,0.0,21728.0,880123.0,Lawrence Cager,lawrence cager,1,1,9.0,0,0.0,0.0,5.0,4.0,0.0,-0.009834461,0,1.8,0.029411765,0.024509804,0.06127451,,,,,,,,,,,,,,,,,,,,,,,,,
2023,REG,15,00-0034364,J.Akins,TE,TE,CLE,13753,0cb5a32a-a340-4671-ba2a-93f5fa6aee8d,17415.0,47050.0,5032.0,,3128452.0,31068.0,,2142712.0,AkinJo00,jordan-akins-1,12568.0,13238.0,,31068.0,838396.0,19903.0,838396.0,Jordan Akins,jordan akins,1,1,8.0,0,0.0,0.0,6.0,2.0,0.0,0.56519127,0,1.3333334,0.022727273,0.01604278,0.045320857,,,,,,,,,,,,,,,,,REG,CLE,CHI,Jordan Akins,AkinJo00,0.0,0.0,0.0,100.0
2023,REG,15,00-0031260,L.Thomas,TE,TE,WAS,11647,b24625a0-d402-4d59-a778-aa4b073bfe5e,12095.0,8755.0,2251.0,loganthomas/2543767,16813.0,27648.0,,1691193.0,ThomLo00,logan-thomas-1,9323.0,9354.0,,27648.0,507528.0,16656.0,507528.0,Logan Thomas,logan thomas,1,3,7.0,0,0.0,0.0,0.0,3.0,0.0,-6.5033927,0,0.0,0.0882353,0.0,0.13235295,,,,,,,,,,,,,,,,,REG,WAS,LA,Logan Thomas,ThomLo00,0.0,0.0,0.0,42.4
2023,REG,15,00-0034829,M.Gesicki,TE,TE,NE,13672,1012cbe0-7eba-4169-bfca-183a0204e1a7,17272.0,47153.0,4993.0,,3116164.0,31012.0,,2139298.0,GesiMi00,mike-gesicki-1,12764.0,13104.0,330.0,31012.0,836152.0,19853.0,836152.0,Mike Gesicki,mike gesicki,1,2,7.0,0,0.0,0.0,-2.0,5.0,0.0,-2.0914066,0,0.0,0.06451613,-0.015503876,0.08592148,,,,,,,,,,,,,,,,,REG,NE,KC,Mike Gesicki,GesiMi00,0.0,0.0,0.0,58.3
2023,REG,15,00-0036244,C.Parkinson,TE,TE,SEA,14871,1ea7affb-e5e7-491a-aaa3-55e200b2eb48,19372.0,52266.0,6865.0,,4242557.0,32803.0,,2867522.0,ParkCo02,colby-parkinson-1,14463.0,,565.0,32803.0,0.0,21807.0,1060312.0,Colby Parkinson,colby parkinson,1,1,6.0,0,0.0,0.0,4.0,2.0,0.0,0.1852312,0,1.5,0.03125,0.016877636,0.058689345,,,,,,,,,,,,,,,,,REG,SEA,PHI,Colby Parkinson,ParkCo02,0.0,0.0,0.0,91.7
2023,REG,15,00-0036876,K.Granson,TE,TE,IND,15419,bcc0167c-05fd-4b23-981e-60b8784ceb33,22841.0,40630.0,7602.0,,4039160.0,33515.0,,2247146.0,GranKy00,kylen-granson-1,15245.0,,1119.0,33515.0,0.0,,921050.0,Kylen Granson,kylen granson,1,1,6.0,0,0.0,0.0,1.0,5.0,0.0,-1.2347083,0,6.0,0.037037037,0.0054054055,0.05933934,,,,,,,,,,,,,,,,,REG,IND,PIT,Kylen Granson,GranKy00,0.0,0.0,0.0,91.7
2023,REG,15,00-0037569,P.Hendershot,TE,TE,DAL,16000,944893b0-d30e-11ec-8b77-45b1765fd110,22971.0,,8197.0,,4258248.0,34607.0,,2867545.0,HendPe01,,16041.0,,,34607.0,0.0,,1065138.0,Peyton Hendershot,peyton hendershot,1,1,5.0,0,0.0,0.0,4.0,1.0,0.0,0.13730016,0,1.25,0.03125,0.01793722,0.059431054,,,,,,,,,,,,,,,,,REG,DAL,BUF,Peyton Hendershot,HendPe01,0.0,0.0,0.0,87.5
2023,REG,15,00-0033357,T.Hill,TE,TE,NO,13424,3c8a55dd-20a8-4375-b711-49eb5e6e1d0e,17115.0,12112.0,4381.0,,2468609.0,30614.0,,2818935.0,HillTa00,,12063.0,12729.0,150.0,30614.0,503184.0,19238.0,503184.0,Taysom Hill,taysom hill,1,1,4.0,0,0.0,0.0,3.0,1.0,0.0,-0.8462039,0,1.3333334,0.035714287,0.015706806,0.064566195,,,,,,,,,,,,,,,,,REG,NO,NYG,Taysom Hill,HillTa00,0.0,0.0,0.0,83.3
2023,REG,15,00-0033439,P.Brown,TE,TE,NE,13994,6733b953-de77-44e5-acbf-c2d3a0940243,16937.0,12247.0,4443.0,,2971281.0,30627.0,,2819155.0,BrowPh01,,11887.0,12737.0,,30627.0,689689.0,19304.0,689689.0,Pharaoh Brown,pharaoh brown,1,1,4.0,0,0.0,0.0,4.0,0.0,0.0,-0.14768161,0,1.0,0.032258064,0.031007752,0.07009252,,,,,,,,,,,,,,,,,REG,NE,KC,Pharaoh Brown,BrowPh01,0.0,0.0,0.0,83.3
2023,REG,15,00-0033246,J.Mundt,TE,TE,MIN,13940,6414998b-5831-44aa-8bd8-39e42a323c2c,16743.0,12206.0,4314.0,,3052096.0,30373.0,,2818622.0,MundJo00,,12316.0,12525.0,,30373.0,740704.0,19165.0,740704.0,Johnny Mundt,johnny mundt,1,1,3.0,0,0.0,0.0,1.0,2.0,1.0,0.14857034,0,3.0,0.03125,0.0040650405,0.04972053,,,,,,,,,,,,,,,,,REG,MIN,CIN,Johnny Mundt,MundJo00,0.0,0.0,0.0,79.2
2023,REG,15,00-0037311,K.Kieft,TE,TE,TB,15929,f96b8338-4ffb-4612-8c29-58dc3b12db69,24568.0,,8484.0,,4034779.0,34174.0,,2239763.0,KiefKo00,ko-kieft-1,16282.0,,,34174.0,0.0,,911239.0,Ko Kieft,ko kieft,1,1,2.0,1,0.0,0.0,0.0,2.0,1.0,1.2442402,0,0.0,0.037037037,0.0,0.055555556,,,,,,,,,,,,,,,,,REG,TB,GB,Ko Kieft,KiefKo00,0.0,0.0,0.0,118.7
2023,REG,15,00-0032062,B.Bell,TE,TE,KC,12213,0cc4e449-185a-4b08-9f07-c907ad0c3e05,13966.0,9550.0,2422.0,,2514206.0,28505.0,,1737101.0,BellBl00,blake-bell-1,10248.0,10366.0,,28505.0,542871.0,16878.0,542871.0,Blake Bell,blake bell,0,1,0.0,0,0.0,0.0,3.0,0.0,0.0,-6.3943896,0,0.0,0.028571429,0.0154639175,0.053681884,,,,,,,,,,,,,,,,,REG,KC,NE,Blake Bell,BellBl00,0.0,0.0,0.0,0.0
2023,REG,15,00-0032392,A.Hooper,TE,TE,LV,12677,90c2a93f-d837-4e1b-b57c-56648903a8db,15581.0,10715.0,3202.0,,3043275.0,29315.0,,2067004.0,HoopAu00,austin-hooper-1,10748.0,11301.0,384.0,29315.0,739424.0,17963.0,739424.0,Austin Hooper,austin hooper,0,1,0.0,0,0.0,0.0,8.0,0.0,0.0,-0.8977838,0,0.0,0.029411765,0.028571429,0.06411765,,,,,,,,,,,,,,,,,REG,LV,LAC,Austin Hooper,HoopAu00,0.0,0.0,0.0,39.6
2023,REG,15,00-0033757,R.Tonyan,TE,TE,CHI,13427,7c9c7800-69d0-459b-812b-a07ac48e9f2a,16502.0,12193.0,4602.0,,2975674.0,30777.0,,2820026.0,TonyRo00,,12389.0,12868.0,,30777.0,660151.0,19491.0,660151.0,Robert Tonyan,robert tonyan,0,1,0.0,0,0.0,0.0,41.0,0.0,0.0,-0.38706377,0,0.0,0.028571429,0.12130178,0.12776838,,,,,,,,,,,,,,,,,REG,CHI,CLE,Robert Tonyan,TonyRo00,0.0,1.0,1.0,39.6
2023,REG,15,00-0035631,D.Sample,TE,TE,CIN,14146,15a4f552-ecaf-45bd-9006-aa5dda93bee6,18561.0,47259.0,6001.0,,3127310.0,31884.0,,2139646.0,SampDr00,drew-sample-1,13809.0,14111.0,435.0,31884.0,837824.0,20931.0,837824.0,Drew Sample,drew sample,0,1,0.0,0,0.0,0.0,1.0,0.0,0.0,-0.40685847,0,0.0,0.025,0.002994012,0.03959581,,,,,,,,,,,,,,,,,REG,CIN,MIN,Drew Sample,SampDr00,0.0,0.0,0.0,39.6
2023,REG,15,00-0036232,H.Bryant,TE,TE,CLE,14875,f58a5899-8b78-46e8-a29a-ba6273b7d872,19389.0,26394.0,6850.0,,4040774.0,32785.0,,2241240.0,BryaHa00,harrison-bryant-1,14576.0,,752.0,32785.0,0.0,21783.0,916467.0,Harrison Bryant,harrison bryant,0,1,0.0,0,0.0,0.0,2.0,0.0,0.0,-0.5432898,0,0.0,0.022727273,0.0053475937,0.037834223,,,,,,,,,,,,,,,,,REG,CLE,CHI,Harrison Bryant,BryaHa00,0.0,0.0,0.0,39.6
2023,REG,15,00-0036628,J.Bates,TE,TE,WAS,15344,3208880b-949f-4926-85eb-1940770550ea,22833.0,42275.0,7716.0,,4048228.0,33512.0,,2257291.0,BateJo00,john-bates-1,15289.0,,,33512.0,0.0,,944038.0,John Bates,john bates,0,1,0.0,0,0.0,0.0,20.0,0.0,0.0,-0.49226487,0,0.0,0.029411765,0.057636887,0.08446347,,,,,,,,,,,,,,,,,REG,WAS,LA,John Bates,BateJo00,0.0,0.0,0.0,39.6
2023,REG,15,00-0037292,A.Ogletree,TE,TE,IND,15916,59f460a8-b5af-40e6-840c-429762b278b3,24561.0,,8489.0,,4722908.0,34148.0,,2672594.0,OgleAn00,,16277.0,,1315.0,34148.0,0.0,,1271740.0,Andrew Ogletree,andrew ogletree,0,1,0.0,0,0.0,0.0,1.0,0.0,0.0,-1.1036297,0,0.0,0.037037037,0.0054054055,0.05933934,,,,,,,,,,,,,,,,,REG,IND,PIT,Andrew Ogletree,OgleAn00,0.0,0.0,0.0,39.6
2023,REG,15,00-0038809,B.Sims,TE,TE,GB,16483,cef32a80-e761-11ed-ac46-e3b4ebd723e5,25349.0,,11082.0,,4373030.0,40335.0,,2964709.0,SimsBe00,,17012.0,,,40335.0,0.0,,1129452.0,Ben Sims,ben sims,0,1,0.0,0,0.0,0.0,28.0,0.0,0.0,-0.7883291,0,0.0,0.027777778,0.11965812,0.12542735,,,,,,,,,,,,,,,,,REG,GB,TB,Ben Sims,SimsBe00,0.0,0.0,0.0,39.6
2023,REG,15,00-0038933,D.Kincaid,TE,TE,BUF,16213,b961fa15-0676-4948-b95f-56d06319d40e,25247.0,,10236.0,,4385690.0,40048.0,,2982991.0,KincDa00,dalton-kincaid-1,16697.0,,1428.0,40048.0,0.0,,1135513.0,Dalton Kincaid,dalton kincaid,0,2,0.0,0,0.0,0.0,6.0,0.0,0.0,-1.2088364,0,0.0,0.15384616,0.054054055,0.26860708,,,,,,,,,,,,,,,,,REG,BUF,DAL,Dalton Kincaid,KincDa00,0.0,2.0,1.0,39.6
2023,REG,16,00-0033288,G.Kittle,TE,TE,SF,13299,2ada91b0-036e-454f-83c3-6d939ff584a9,16499.0,11901.0,4217.0,,3040151.0,30259.0,,2818265.0,KittGe00,george-kittle-1,11892.0,12276.0,298.0,30259.0,733672.0,19063.0,733672.0,George Kittle,george kittle,7,10,126.0,0,0.0,0.0,101.0,64.0,5.0,1.0419214,0,1.2475247,0.22727273,0.3556338,0.58985275,George Kittle,SF,5.804444444444446,3.9037951539196505,10.538,35.62903607532881,70.0,126.0,0.0,9.070000000000002,3.7291977019961493,5.340802298003853,00-0033288,George,Kittle,G.Kittle,REG,SF,BAL,George Kittle,KittGe00,0.0,1.0,0.1,72.9
2023,REG,16,00-0036290,C.Kmet,TE,TE,CHI,14867,036feeb6-9a22-43c5-a8e3-7ac611d8ff49,19229.0,60995.0,6826.0,,4258595.0,32713.0,,2868619.0,KmetCo00,cole-kmet-1,14436.0,,569.0,32713.0,0.0,21772.0,1066765.0,Cole Kmet,cole kmet,4,5,107.0,0,0.0,0.0,104.0,6.0,3.0,5.4154916,0,1.0288461,0.2173913,0.4,0.60608697,Cole Kmet,CHI,6.684,2.2084835820102726,20.612000000000002,38.399344237862806,80.0,107.0,0.0,2.0375000000000005,2.6491762771922964,-0.6116762771922959,00-0036290,Cole,Kmet,C.Kmet,REG,CHI,ARI,Cole Kmet,KmetCo00,0.0,0.0,0.0,118.7
2023,REG,16,00-0033881,E.Engram,TE,TE,JAX,13189,e21365af-8d66-416e-b0a5-8816d18fcfd9,16411.0,11778.0,4066.0,,3051876.0,30136.0,,2079887.0,EngrEv00,evan-engram-1,11805.0,12205.0,229.0,30136.0,749185.0,18912.0,749185.0,Evan Engram,evan engram,10,15,95.0,0,1.0,1.0,102.0,44.0,5.0,-4.8696074,0,0.9313725,0.3409091,0.2451923,0.68299824,Evan Engram,JAX,5.798,3.3092380658508103,6.320666666666667,22.439174476947834,66.66666666666666,95.0,0.0,4.0969999999999995,3.8084195271903796,0.28858047280961996,00-0033881,Evan,Engram,E.Engram,REG,JAX,TB,Evan Engram,EngrEv00,0.0,1.0,0.067,56.2
2023,REG,16,00-0034351,D.Goedert,TE,TE,PHI,13674,e8029983-87cf-49a2-bc04-04c8233a0630,17270.0,47272.0,5022.0,,3121023.0,31019.0,,2132551.0,GoedDa00,,12860.0,13151.0,382.0,31019.0,791365.0,19863.0,791365.0,Dallas Goedert,dallas goedert,7,9,71.0,0,0.0,0.0,44.0,36.0,4.0,-3.010269,0,1.6136364,0.25,0.22335026,0.5313452,Dallas Goedert,PHI,6.8677777777777775,3.2031802109837577,4.757777777777779,20.666023166023166,77.77777777777779,71.0,0.0,5.721428571428571,4.310603850228064,1.4108247212005063,00-0034351,Dallas,Goedert,D.Goedert,REG,PHI,NYG,Dallas Goedert,GoedDa00,0.0,1.0,0.111,60.0
2023,REG,16,00-0037809,C.Okonkwo,TE,TE,TEN,15889,14e11f9b-58c8-437f-abc0-a4e4df9a7c47,23982.0,,8210.0,,4360635.0,34099.0,,2965208.0,OkonCh00,chigoziem-okonkwo-1,16042.0,,1320.0,34099.0,0.0,,1106374.0,Chigoziem Okonkwo,chigoziem okonkwo,6,7,63.0,1,0.0,0.0,54.0,14.0,4.0,4.274236,0,1.1666666,0.28,0.42519686,0.7176378,Chigoziem Okonkwo,TEN,3.46,3.3876387906166543,8.950000000000001,44.96841803043354,85.71428571428571,63.0,1.0,2.693333333333333,3.333248474535632,-0.639915141202299,00-0037809,Chigoziem,Okonkwo,C.Okonkwo,REG,TEN,SEA,Chigoziem Okonkwo,OkonCh00,0.0,0.0,0.0,150.0
2023,REG,16,00-0036876,K.Granson,TE,TE,IND,15419,bcc0167c-05fd-4b23-981e-60b8784ceb33,22841.0,40630.0,7602.0,,4039160.0,33515.0,,2247146.0,GranKy00,kylen-granson-1,15245.0,,1119.0,33515.0,0.0,,921050.0,Kylen Granson,kylen granson,5,7,62.0,0,0.0,0.0,56.0,20.0,4.0,6.2574677,0,1.1071428,0.2,0.15730338,0.41011235,Kylen Granson,IND,6.6571428571428575,3.3147371757834208,6.14,12.660912599051457,71.42857142857143,62.0,0.0,4.336,3.234336704116868,1.1016632958831325,00-0036876,Kylen,Granson,K.Granson,REG,IND,ATL,Kylen Granson,GranKy00,0.0,0.0,0.0,98.5
2023,REG,16,00-0034383,D.Schultz,TE,TE,HOU,13772,8caec1b4-e0b6-4a84-b8c8-617d6e91ef6a,17349.0,47304.0,5001.0,,3117256.0,31107.0,,2136748.0,SchuDa00,dalton-schultz-1,12514.0,13198.0,487.0,31107.0,830523.0,19920.0,830523.0,Dalton Schultz,dalton schultz,8,11,61.0,0,0.0,0.0,52.0,32.0,3.0,-1.0417031,0,1.1730769,0.22916667,0.14606741,0.44599718,Dalton Schultz,HOU,6.2871428571428565,3.7484866399185917,3.9536363636363645,13.09427031584018,72.72727272727273,61.0,0.0,4.412499999999999,2.6368499217363137,1.775650078263685,00-0034383,Dalton,Schultz,D.Schultz,REG,HOU,CLE,Dalton Schultz,SchuDa00,3.0,1.0,0.091,47.9
2023,REG,16,00-0038996,T.Kraft,TE,TE,GB,16222,3a084c5f-6b9f-4703-a0c7-1566bc4b1129,25298.0,,9484.0,,4572680.0,40102.0,,3133332.0,KrafTu00,,16649.0,,1418.0,40102.0,0.0,,1181874.0,Tucker Kraft,tucker kraft,4,6,60.0,0,0.0,0.0,25.0,42.0,3.0,3.7345653,0,2.4,0.23076923,0.11904762,0.42948717,Tucker Kraft,GB,5.276,3.9008491312177918,4.041666666666668,12.068279088285063,66.66666666666666,60.0,0.0,10.644999999999998,7.748975439606511,2.896024560393487,00-0038996,Tucker,Kraft,T.Kraft,REG,GB,CAR,Tucker Kraft,KrafTu00,2.0,0.0,0.0,99.3
2023,REG,16,00-0037005,T.Tremble,TE,TE,CAR,15332,cbee2fd3-e5f2-4316-bffd-531f1873f032,22795.0,84025.0,7694.0,,4372780.0,33471.0,,2969027.0,TremTo00,tommy-tremble-1,15371.0,,1054.0,33471.0,0.0,,1130555.0,Tommy Tremble,tommy tremble,4,6,59.0,0,0.0,0.0,55.0,37.0,2.0,1.9978966,0,1.0727273,0.1875,0.16224189,0.39481932,Tommy Tremble,CAR,6.46,3.613891029002668,8.991666666666665,15.846208071432766,66.66666666666666,59.0,0.0,9.69,6.250554224566599,3.4394457754334002,00-0037005,Tommy,Tremble,T.Tremble,REG,CAR,GB,Tommy Tremble,TremTo00,1.0,0.0,0.0,98.6
2023,REG,16,00-0035229,T.Hockenson,TE,TE,MIN,14138,bd1120b6-38b3-4225-a4b0-20660a149d0d,18290.0,40912.0,5844.0,,4036133.0,31840.0,,2251097.0,HockTJ00,tj-hockenson-1,13610.0,14051.0,247.0,31840.0,923915.0,20805.0,923915.0,T.J. Hockenson,tj hockenson,4,4,58.0,0,0.0,0.0,40.0,18.0,1.0,3.1670318,0,1.45,0.114285715,0.07590133,0.2245595,,,,,,,,,,,,,,,,,REG,MIN,DET,T.J. Hockenson,HockTJ00,0.0,0.0,0.0,118.7
2023,REG,16,00-0034798,D.Smythe,TE,TE,MIA,13676,7e42a22a-c47b-4387-aeeb-2cc2e76dc1d8,17508.0,47257.0,5008.0,,3052897.0,31093.0,,2082845.0,SmytDu00,durham-smythe-1,12807.0,13249.0,,31093.0,749968.0,19943.0,749968.0,Durham Smythe,durham smythe,5,5,56.0,0,0.0,0.0,34.0,22.0,4.0,3.2761307,0,1.6470588,0.1388889,0.0952381,0.275,Durham Smythe,MIA,4.272,4.50689918495021,5.938000000000001,8.484069152736105,100.0,56.0,0.0,5.261999999999999,4.257490433266867,1.004509566733132,00-0034798,Durham,Smythe,D.Smythe,REG,MIA,DAL,Durham Smythe,SmytDu00,0.0,0.0,0.0,113.3
2023,REG,16,00-0037838,I.Likely,TE,TE,BAL,15798,f9279edb-cfa7-4f7d-91df-b81cbf3e133e,23781.0,,8131.0,,4361050.0,34095.0,,2961906.0,LikeIs00,isaiah-likely-1,16033.0,,1257.0,34095.0,0.0,,1125111.0,Isaiah Likely,isaiah likely,3,4,56.0,0,0.0,0.0,51.0,24.0,1.0,2.9867506,0,1.0980393,0.11764706,0.2771739,0.37049234,,,,,,,,,,,,,,,,,REG,BAL,SF,Isaiah Likely,LikeIs00,1.0,0.0,0.0,116.7
2023,REG,16,00-0036970,K.Pitts,TE,TE,ATL,15329,1f3deb24-9ff8-4769-8f42-825eff7742f6,20164.0,83964.0,7553.0,,4360248.0,33392.0,,2964514.0,PittKy00,kyle-pitts-1,15265.0,,1051.0,33392.0,0.0,,1123026.0,Kyle Pitts,kyle pitts,3,4,49.0,1,0.0,0.0,39.0,3.0,2.0,2.2596111,0,1.2564102,0.125,0.26,0.3695,,,,,,,,,,,,,,,,,REG,ATL,IND,Kyle Pitts,PittKy00,0.0,1.0,0.25,155.2
2023,REG,16,00-0036040,J.Johnson,TE,TE,NO,14861,0226b03b-f91d-4223-9813-9fcd2e9c3acc,19562.0,28305.0,7002.0,,3929645.0,33113.0,,2186637.0,JohnJu02,,14630.0,,575.0,33113.0,0.0,21738.0,884609.0,Juwan Johnson,juwan johnson,4,7,48.0,1,0.0,0.0,68.0,19.0,3.0,-5.3792176,0,0.7058824,0.175,0.17989418,0.38842592,Juwan Johnson,NO,3.7340000000000004,1.8646466872263419,9.902857142857142,18.39995753039232,57.14285714285714,48.0,1.0,4.885,3.8540639974930286,1.0309360025069711,00-0036040,Juwan,Johnson,J.Johnson,REG,NO,LA,Juwan Johnson,JohnJu02,3.0,0.0,0.0,78.3
2023,REG,16,00-0038394,W.Mallory,TE,TE,IND,16220,5d4a5e4f-7c74-4b4c-b8e5-33bb831e3057,23821.0,,10220.0,,4362523.0,40180.0,,2962073.0,MallWi00,will-mallory-1,17014.0,,1435.0,,0.0,,1121873.0,Will Mallory,will mallory,4,4,47.0,0,1.0,0.0,36.0,11.0,4.0,5.8528137,0,1.3055556,0.114285715,0.101123594,0.24221508,,,,,,,,,,,,,,,,,REG,IND,ATL,Will Mallory,MallWi00,0.0,0.0,0.0,115.6
2023,REG,16,00-0038041,J.Ferguson,TE,TE,DAL,15799,f46eab3d-d7dd-4420-b3f9-6da9ac1308ab,22718.0,,8110.0,,4242355.0,34085.0,,2867159.0,FergJa00,jake-ferguson-1,15947.0,,1258.0,34085.0,0.0,,1065361.0,Jake Ferguson,jake ferguson,4,8,45.0,0,0.0,0.0,12.0,31.0,3.0,2.413496,0,3.75,0.25,0.06779661,0.42245764,Jake Ferguson,DAL,4.532,2.257344720498039,2.1374999999999993,8.307019674520278,50.0,45.0,0.0,7.892500000000002,7.515247792125706,0.3772522078742959,00-0038041,Jake,Ferguson,J.Ferguson,REG,DAL,MIA,Jake Ferguson,FergJa00,0.0,0.0,0.0,67.2
2023,REG,16,00-0030506,T.Kelce,TE,TE,KC,11244,c3859e06-5f23-4302-a71b-04820a899d5f,11594.0,7844.0,1466.0,traviskelce/2540258,15847.0,26686.0,,1725130.0,KelcTr00,travis-kelce-1,8783.0,8411.0,264.0,26686.0,448240.0,15048.0,448240.0,Travis Kelce,travis kelce,5,7,44.0,0,0.0,0.0,-10.0,57.0,1.0,0.49770567,0,0.0,0.17073171,-0.060240965,0.2139289,Travis Kelce,KC,6.537999999999999,4.990226126960053,-0.7871428571428564,-3.1530758226037148,71.42857142857143,44.0,0.0,10.482,8.176022307612765,2.305977692387234,00-0030506,Travis,Kelce,T.Kelce,REG,KC,LV,Travis Kelce,KelcTr00,0.0,2.0,0.286,87.8
2023,REG,16,00-0033885,D.Njoku,TE,TE,CLE,13192,8f86fcea-90e8-49ea-bc78-5c7659313e57,16399.0,11784.0,4033.0,,3123076.0,30142.0,,2136474.0,NjokDa00,david-njoku-1,11734.0,12186.0,252.0,30142.0,832098.0,18876.0,832098.0,David Njoku,david njoku,6,9,44.0,1,0.0,0.0,68.0,17.0,2.0,0.07397914,0,0.64705884,0.20930232,0.15111111,0.41973126,David Njoku,CLE,4.966666666666667,3.2160479281630026,6.478888888888889,13.190517124372258,66.66666666666666,44.0,1.0,2.988333333333332,3.571389363637536,-0.583056030304204,00-0033885,David,Njoku,D.Njoku,REG,CLE,HOU,David Njoku,NjokDa00,0.0,0.0,0.0,115.0
2023,REG,16,00-0038115,D.Bellinger,TE,TE,NYG,15873,42a1c03e-790e-46ba-b0d5-d304e44c02c7,24238.0,,8225.0,,4361516.0,34068.0,,2963615.0,BellDa00,daniel-bellinger-1,16036.0,,1322.0,34068.0,0.0,,1122035.0,Daniel Bellinger,daniel bellinger,4,5,43.0,0,0.0,0.0,31.0,15.0,2.0,1.7490215,0,1.3870968,0.18518518,0.13419913,0.37171718,Daniel Bellinger,NYG,6.3075,5.199609177424948,5.7219999999999995,12.25530092096809,80.0,43.0,0.0,4.59,3.6986677345907992,0.8913322654092006,00-0038115,Daniel,Bellinger,D.Bellinger,REG,NYG,PHI,Daniel Bellinger,BellDa00,0.0,1.0,0.2,102.5
2023,REG,16,00-0033895,G.Everett,TE,TE,LAC,13236,ebeceb00-57e0-4b74-9cf7-853da2afed18,16459.0,11799.0,4089.0,,3918639.0,30157.0,,2142692.0,EverGe00,gerald-everett-1,11737.0,12284.0,55.0,30157.0,838487.0,18935.0,838487.0,Gerald Everett,gerald everett,7,8,42.0,0,0.0,0.0,25.0,24.0,2.0,2.2436717,0,1.68,0.25,0.098425195,0.44389763,Gerald Everett,LAC,5.743333333333333,5.527473408201854,2.5649999999999995,8.074289761548755,87.5,42.0,0.0,3.8442857142857156,4.018044485274394,-0.1737587709886781,00-0033895,Gerald,Everett,G.Everett,REG,LAC,BUF,Gerald Everett,EverGe00,0.0,0.0,0.0,88.5
2023,REG,16,00-0035631,D.Sample,TE,TE,CIN,14146,15a4f552-ecaf-45bd-9006-aa5dda93bee6,18561.0,47259.0,6001.0,,3127310.0,31884.0,,2139646.0,SampDr00,drew-sample-1,13809.0,14111.0,435.0,31884.0,837824.0,20931.0,837824.0,Drew Sample,drew sample,3,3,38.0,0,0.0,0.0,-1.0,39.0,2.0,1.5399283,0,0.0,0.075,-0.004201681,0.10955882,,,,,,,,,,,,,,,,,REG,CIN,PIT,Drew Sample,SampDr00,0.0,0.0,0.0,118.7
2023,REG,16,00-0031260,L.Thomas,TE,TE,WAS,11647,b24625a0-d402-4d59-a778-aa4b073bfe5e,12095.0,8755.0,2251.0,loganthomas/2543767,16813.0,27648.0,,1691193.0,ThomLo00,logan-thomas-1,9323.0,9354.0,,27648.0,507528.0,16656.0,507528.0,Logan Thomas,logan thomas,5,6,36.0,1,0.0,0.0,35.0,5.0,1.0,-0.9392361,0,1.0285715,0.1875,0.23809524,0.44791666,Logan Thomas,WAS,9.825,2.1870232906138214,5.253333333333333,18.23546427538328,83.33333333333334,36.0,1.0,1.1960000000000002,1.1123067999798764,0.08369320002012381,00-0031260,Logan,Thomas,L.Thomas,REG,WAS,NYJ,Logan Thomas,ThomLo00,0.0,1.0,0.167,91.7
2023,REG,16,00-0034270,T.Conklin,TE,TE,NYJ,13675,f0d17dfa-ebf3-416c-a8d2-c6bc30675103,17598.0,47327.0,5133.0,,3915486.0,31220.0,,2165249.0,ConkTy00,tyler-conklin-1,12809.0,13220.0,489.0,31127.0,861278.0,19988.0,861278.0,Tyler Conklin,tyler conklin,4,7,36.0,0,0.0,0.0,22.0,32.0,2.0,0.33264336,0,1.6363636,0.15555556,0.1594203,0.34492755,Tyler Conklin,NYJ,6.367999999999999,4.300079155140674,3.8028571428571416,17.712422649544212,57.14285714285714,36.0,0.0,8.555000000000003,9.508118168386545,-0.953118168386542,00-0034270,Tyler,Conklin,T.Conklin,REG,NYJ,WAS,Tyler Conklin,ConkTy00,0.0,0.0,0.0,71.1
2023,REG,16,00-0035249,J.Oliver,TE,TE,MIN,14209,dc83f7af-7b30-4c4a-9c93-f67bd8db954b,18487.0,47083.0,5973.0,,3921690.0,31901.0,,2184618.0,OlivJo00,josh-oliver-1,13786.0,14127.0,7.0,31901.0,881779.0,20899.0,881779.0,Josh Oliver,josh oliver,1,2,33.0,0,0.0,0.0,3.0,32.0,1.0,1.5637206,0,11.0,0.057142857,0.0056926,0.089699104,,,,,,,,,,,,,,,,,REG,MIN,DET,Josh Oliver,OlivJo00,0.0,0.0,0.0,95.8
2023,REG,16,00-0031610,D.Waller,TE,TE,NYG,12263,14c97c9f-26e8-4944-9299-f90de6aeada3,14104.0,9637.0,2505.0,,2576925.0,28592.0,,1850793.0,WallDa01,darren-waller-1,10215.0,10433.0,,28592.0,600191.0,16964.0,600191.0,Darren Waller,darren waller,2,5,32.0,0,0.0,0.0,53.0,5.0,2.0,-1.42215,0,0.6037736,0.18518518,0.22943723,0.43838385,Darren Waller,NYG,5.362,1.8396553470401744,10.219999999999999,21.88905547226387,40.0,32.0,0.0,3.2749999999999986,1.7466725011373683,1.5283274988626303,00-0031610,Darren,Waller,D.Waller,REG,NYG,PHI,Darren Waller,WallDa01,0.0,0.0,0.0,62.1
2023,REG,16,00-0033858,J.Smith,TE,TE,ATL,13193,e4f25a37-74de-4bfb-b6c9-f50a4fab0b87,16460.0,11855.0,4144.0,,3054212.0,30213.0,,2081506.0,SmitJo01,jonnu-smith-1,11807.0,12344.0,84.0,30213.0,743749.0,18990.0,743749.0,Jonnu Smith,jonnu smith,4,6,32.0,0,0.0,0.0,16.0,28.0,3.0,2.6444566,0,2.0,0.1875,0.10666667,0.35591668,Jonnu Smith,ATL,8.208,3.5978236076260877,2.653333333333332,9.841132472028182,66.66666666666666,32.0,0.0,7.562500000000001,6.966393537476506,0.5961064625234949,00-0033858,Jonnu,Smith,J.Smith,REG,ATL,IND,Jonnu Smith,SmitJo01,1.0,0.0,0.0,79.9
2023,REG,16,00-0037744,T.McBride,TE,TE,ARI,15794,734d54cc-c869-4e2f-a60f-c59c493f5110,22936.0,,8130.0,,4361307.0,34010.0,,2963385.0,McBrTr01,trey-mcbride-1,15902.0,,1253.0,34010.0,0.0,,1108161.0,Trey McBride,trey mcbride,6,8,31.0,0,0.0,0.0,40.0,12.0,1.0,-1.1782603,0,0.775,0.21621622,0.18099548,0.45102116,Trey McBride,ARI,3.883333333333333,3.3780008550689518,4.8075,18.6889547597065,75.0,31.0,0.0,2.2733333333333334,4.0540939196043135,-1.78076058627098,00-0037744,Trey,McBride,T.McBride,REG,ARI,CHI,Trey McBride,McBrTr01,0.0,1.0,0.125,80.7
2023,REG,16,00-0033110,T.Higbee,TE,TE,LA,12678,0df7912d-9e81-47ea-b4f7-d04986df4ee8,15623.0,10744.0,3271.0,,2573401.0,29344.0,,1853103.0,HigbTy00,tyler-higbee-1,10854.0,11430.0,159.0,29344.0,604176.0,18032.0,604176.0,Tyler Higbee,tyler higbee,3,3,30.0,0,0.0,0.0,7.0,23.0,1.0,1.5150217,0,4.285714,0.09375,0.024647888,0.15787852,,,,,,,,,,,,,,,,,REG,LA,NO,Tyler Higbee,HigbTy00,1.0,0.0,0.0,108.3
2023,REG,16,00-0037539,L.Krull,TE,TE,DEN,15970,767b4820-cc9f-11ec-952e-a10f2c98fc4d,24240.0,,8249.0,,4360231.0,34654.0,,2961761.0,KrulLu00,,16259.0,,1328.0,34654.0,0.0,,1122323.0,Lucas Krull,lucas krull,4,5,28.0,1,0.0,0.0,21.0,21.0,2.0,2.0953453,0,1.3333334,0.14285715,0.07777778,0.26873016,Lucas Krull,DEN,5.865,3.5916989374789408,5.348000000000001,8.196168582375481,80.0,28.0,1.0,5.324999999999999,5.423207213531498,-0.09820721353149864,00-0037539,Lucas,Krull,L.Krull,REG,DEN,NE,Lucas Krull,KrulLu00,0.0,0.0,0.0,129.6
2023,REG,16,00-0036556,B.Jordan,TE,TE,HOU,15330,8ffb5c07-4aa1-4796-b1ab-30c1ab0ccc4c,20162.0,77887.0,7568.0,,4362504.0,33535.0,,2964787.0,JordBr00,brevin-jordan-1,15369.0,,1052.0,33535.0,0.0,,1121871.0,Brevin Jordan,brevin jordan,2,3,27.0,0,0.0,0.0,31.0,4.0,1.0,0.5129773,0,0.87096775,0.0625,0.08707865,0.15470506,,,,,,,,,,,,,,,,,REG,HOU,CLE,Brevin Jordan,JordBr00,0.0,0.0,0.0,95.1
2023,REG,16,00-0035689,D.Knox,TE,TE,BUF,14143,5fb525c5-4e70-4ede-8c49-94ad0cf66b7d,18631.0,35883.0,5906.0,,3930086.0,31928.0,,2186345.0,KnoxDa00,dawson-knox-1,13466.0,13953.0,88.0,31928.0,884083.0,20850.0,884083.0,Dawson Knox,dawson knox,2,2,26.0,0,0.0,0.0,13.0,13.0,1.0,1.6438721,0,2.0,0.0952381,0.04693141,0.17570913,,,,,,,,,,,,,,,,,REG,BUF,LAC,Dawson Knox,KnoxDa00,0.0,0.0,0.0,118.7
2023,REG,16,00-0033439,P.Brown,TE,TE,NE,13994,6733b953-de77-44e5-acbf-c2d3a0940243,16937.0,12247.0,4443.0,,2971281.0,30627.0,,2819155.0,BrowPh01,,11887.0,12737.0,,30627.0,689689.0,19304.0,689689.0,Pharaoh Brown,pharaoh brown,2,2,25.0,0,0.0,0.0,17.0,8.0,2.0,2.148004,0,1.4705882,0.06451613,0.0787037,0.15186678,,,,,,,,,,,,,,,,,REG,NE,DEN,Pharaoh Brown,BrowPh01,0.0,0.0,0.0,118.7
2023,REG,16,00-0039050,P.Durham,TE,TE,TB,16218,c4a8b4c9-5db8-4187-852b-9557bef8724e,25346.0,,10227.0,,4372505.0,40193.0,,2968469.0,DurhPa00,payne-durham-1,16720.0,,,40193.0,0.0,,1130260.0,Payne Durham,payne durham,1,1,25.0,0,0.0,0.0,21.0,4.0,1.0,1.9323472,0,1.1904762,0.028571429,0.09170306,0.10704928,,,,,,,,,,,,,,,,,REG,TB,JAX,Payne Durham,DurhPa00,0.0,0.0,0.0,118.7
2023,REG,16,00-0033246,J.Mundt,TE,TE,MIN,13940,6414998b-5831-44aa-8bd8-39e42a323c2c,16743.0,12206.0,4314.0,,3052096.0,30373.0,,2818622.0,MundJo00,,12316.0,12525.0,,30373.0,740704.0,19165.0,740704.0,Johnny Mundt,johnny mundt,1,3,23.0,0,0.0,0.0,52.0,2.0,1.0,-0.18214703,0,0.44230768,0.08571429,0.09867173,0.19764164,,,,,,,,,,,,,,,,,REG,MIN,DET,Johnny Mundt,MundJo00,0.0,0.0,0.0,61.8
2023,REG,16,00-0037475,S.Smartt,TE,TE,LAC,16113,6ee105f0-ca2e-11ec-be96-e90abdfa0fef,24621.0,,8583.0,,4250764.0,34637.0,,2864800.0,SmarSt00,,16321.0,,,34637.0,0.0,,1056865.0,Stone Smartt,stone smartt,1,1,23.0,0,0.0,0.0,22.0,1.0,1.0,2.471497,0,1.0454545,0.03125,0.08661418,0.10750492,,,,,,,,,,,,,,,,,REG,LAC,BUF,Stone Smartt,SmarSt00,0.0,0.0,0.0,118.7
2023,REG,16,00-0036438,S.Sullivan,TE,TE,CAR,15026,a41b8454-0326-4c56-87a2-f2aac3814961,19641.0,40411.0,6970.0,,4035426.0,32921.0,,2223251.0,SullSt00,stephen-sullivan-1,14570.0,,,32921.0,0.0,21865.0,910808.0,Stephen Sullivan,stephen sullivan,3,5,21.0,0,0.0,0.0,40.0,3.0,0.0,-2.0558207,0,0.525,0.15625,0.1179941,0.31697088,Stephen Sullivan,CAR,4.884,1.7265798994433204,8.3,12.189390824179053,60.0,21.0,0.0,0.75,1.2171670614284027,-0.4671670614284027,00-0036438,Stephen,Sullivan,S.Sullivan,REG,CAR,GB,Stephen Sullivan,SullSt00,0.0,0.0,0.0,69.6
2023,REG,16,00-0037086,G.Calcaterra,TE,TE,PHI,15804,f6988cfa-2dcf-490b-ac80-9af8e4292efa,24180.0,,8177.0,,4241374.0,34154.0,,2804129.0,CalcGr00,grant-calcaterra-1,16039.0,,,34154.0,0.0,,976221.0,Grant Calcaterra,grant calcaterra,2,2,21.0,0,0.0,0.0,2.0,19.0,2.0,1.993724,0,10.5,0.055555556,0.010152284,0.09043993,,,,,,,,,,,,,,,,,REG,PHI,NYG,Grant Calcaterra,CalcGr00,1.0,0.0,0.0,110.4
2023,REG,16,00-0034364,J.Akins,TE,TE,CLE,13753,0cb5a32a-a340-4671-ba2a-93f5fa6aee8d,17415.0,47050.0,5032.0,,3128452.0,31068.0,,2142712.0,AkinJo00,jordan-akins-1,12568.0,13238.0,,31068.0,838396.0,19903.0,838396.0,Jordan Akins,jordan akins,2,2,18.0,0,0.0,0.0,14.0,4.0,1.0,0.8702605,0,1.2857143,0.046511628,0.031111112,0.09154522,,,,,,,,,,,,,,,,,REG,CLE,HOU,Jordan Akins,AkinJo00,1.0,0.0,0.0,104.2
2023,REG,16,00-0039065,S.LaPorta,TE,TE,DET,16214,3059f1e5-1871-4458-9e90-9b9917874c61,22978.0,,10859.0,,4430027.0,40064.0,,3124197.0,LaPoSa01,sam-laporta-1,17033.0,,1429.0,40064.0,0.0,,1168926.0,Sam LaPorta,sam laporta,3,3,18.0,0,0.0,0.0,2.0,16.0,1.0,3.1397848,0,9.0,0.07692308,0.015037594,0.12591094,,,,,,,,,,,,,,,,,REG,DET,MIN,Sam LaPorta,LaPoSa01,0.0,0.0,0.0,91.7
2023,REG,16,00-0036244,C.Parkinson,TE,TE,SEA,14871,1ea7affb-e5e7-491a-aaa3-55e200b2eb48,19372.0,52266.0,6865.0,,4242557.0,32803.0,,2867522.0,ParkCo02,colby-parkinson-1,14463.0,,565.0,32803.0,0.0,21807.0,1060312.0,Colby Parkinson,colby parkinson,3,4,17.0,1,0.0,0.0,25.0,1.0,2.0,3.053932,0,0.68,0.11111111,0.10775862,0.2420977,,,,,,,,,,,,,,,,,REG,SEA,TEN,Colby Parkinson,ParkCo02,0.0,0.0,0.0,121.9
2023,REG,16,00-0038046,C.Kolar,TE,TE,BAL,15795,3c048ac9-2c0f-4bf0-9ddc-ce99c9387ac8,22756.0,,8127.0,,4241263.0,34084.0,,2866273.0,KolaCh00,charlie-kolar-1,15924.0,,,34084.0,0.0,,1058648.0,Charlie Kolar,charlie kolar,1,1,17.0,0,0.0,0.0,17.0,0.0,1.0,0.79494905,0,1.0,0.029411765,0.092391305,0.10879156,,,,,,,,,,,,,,,,,REG,BAL,SF,Charlie Kolar,KolaCh00,0.0,0.0,0.0,118.7
2023,REG,16,00-0039041,E.Higgins,TE,TE,ARI,16333,a01b7698-d67f-4b60-b2fb-4c667336b718,23119.0,,10231.0,,4426844.0,40226.0,,3122914.0,HiggEl00,elijah-higgins-1,16959.0,,1469.0,40226.0,0.0,,1161853.0,Elijah Higgins,elijah higgins,2,3,17.0,0,0.0,0.0,1.0,11.0,1.0,-0.23001213,0,17.0,0.08108108,0.004524887,0.124789044,,,,,,,,,,,,,,,,,REG,ARI,CHI,Elijah Higgins,HiggEl00,0.0,0.0,0.0,81.2
2023,REG,16,00-0034829,M.Gesicki,TE,TE,NE,13672,1012cbe0-7eba-4169-bfca-183a0204e1a7,17272.0,47153.0,4993.0,,3116164.0,31012.0,,2139298.0,GesiMi00,mike-gesicki-1,12764.0,13104.0,330.0,31012.0,836152.0,19853.0,836152.0,Mike Gesicki,mike gesicki,2,2,15.0,1,0.0,0.0,15.0,0.0,1.0,3.4448972,0,1.0,0.06451613,0.06944445,0.14538531,,,,,,,,,,,,,,,,,REG,NE,DEN,Mike Gesicki,GesiMi00,0.0,0.0,0.0,137.5
2023,REG,16,00-0033757,R.Tonyan,TE,TE,CHI,13427,7c9c7800-69d0-459b-812b-a07ac48e9f2a,16502.0,12193.0,4602.0,,2975674.0,30777.0,,2820026.0,TonyRo00,,12389.0,12868.0,,30777.0,660151.0,19491.0,660151.0,Robert Tonyan,robert tonyan,1,1,14.0,0,0.0,0.0,14.0,0.0,1.0,0.8284722,0,1.0,0.04347826,0.053846154,0.1029097,,,,,,,,,,,,,,,,,REG,CHI,ARI,Robert Tonyan,TonyRo00,0.0,0.0,0.0,118.7
2023,REG,16,00-0036628,J.Bates,TE,TE,WAS,15344,3208880b-949f-4926-85eb-1940770550ea,22833.0,42275.0,7716.0,,4048228.0,33512.0,,2257291.0,BateJo00,john-bates-1,15289.0,,,33512.0,0.0,,944038.0,John Bates,john bates,3,5,14.0,0,0.0,0.0,4.0,12.0,1.0,-0.81631684,0,3.5,0.15625,0.027210884,0.25342262,John Bates,WAS,6.82,4.398971746312493,1.152000000000001,3.332369106161414,60.0,14.0,0.0,3.8699999999999997,3.286075640622736,0.5839243593772636,00-0036628,John,Bates,J.Bates,REG,WAS,NYJ,John Bates,BateJo00,0.0,2.0,0.4,64.6
2023,REG,16,00-0032392,A.Hooper,TE,TE,LV,12677,90c2a93f-d837-4e1b-b57c-56648903a8db,15581.0,10715.0,3202.0,,3043275.0,29315.0,,2067004.0,HoopAu00,austin-hooper-1,10748.0,11301.0,384.0,29315.0,739424.0,17963.0,739424.0,Austin Hooper,austin hooper,2,3,13.0,0,0.0,0.0,10.0,6.0,0.0,0.34663537,0,1.3,0.15789473,0.06535948,0.28259373,,,,,,,,,,,,,,,,,REG,LV,KC,Austin Hooper,HoopAu00,0.0,1.0,0.333,75.7
2023,REG,16,00-0034981,F.Moreau,TE,TE,NO,14239,9c3a67fd-5c6e-4689-9e08-9ff6d4db6c9a,18397.0,47043.0,5985.0,,3843945.0,31969.0,,2180634.0,MoreFo00,foster-moreau-1,13822.0,14154.0,179.0,31969.0,865573.0,20884.0,865573.0,Foster Moreau,foster moreau,1,2,13.0,0,0.0,0.0,23.0,3.0,1.0,1.0239422,0,0.5652174,0.05,0.06084656,0.117592596,,,,,,,,,,,,,,,,,REG,NO,LA,Foster Moreau,MoreFo00,0.0,0.0,0.0,70.8
2023,REG,16,00-0038558,D.Washington,TE,TE,PIT,16216,1984b8b5-d206-4d6a-8204-c5dd0160e9f5,22967.0,,9479.0,,4430802.0,40094.0,,3163963.0,WashDa03,darnell-washington-1,16889.0,,1431.0,40094.0,0.0,,1218658.0,Darnell Washington,darnell washington,1,1,8.0,0,0.0,0.0,1.0,7.0,0.0,0.57417774,0,8.0,0.04,0.0041841003,0.06292887,,,,,,,,,,,,,,,,,REG,PIT,CIN,Darnell Washington,WashDa03,0.0,0.0,0.0,100.0
2023,REG,16,00-0038129,C.Otton,TE,TE,TB,15802,f23517bd-ae85-484a-8ecb-1f7a2d851e48,23181.0,,8111.0,,4243331.0,34062.0,,2815179.0,OttoCa00,cade-otton-1,16032.0,,1261.0,34062.0,0.0,,1049263.0,Cade Otton,cade otton,1,1,7.0,0,0.0,0.0,3.0,4.0,0.0,-0.21380188,0,2.3333333,0.028571429,0.013100437,0.05202745,,,,,,,,,,,,,,,,,REG,TB,JAX,Cade Otton,OttoCa00,0.0,0.0,0.0,95.8
2023,REG,16,00-0038933,D.Kincaid,TE,TE,BUF,16213,b961fa15-0676-4948-b95f-56d06319d40e,25247.0,,10236.0,,4385690.0,40048.0,,2982991.0,KincDa00,dalton-kincaid-1,16697.0,,1428.0,40048.0,0.0,,1135513.0,Dalton Kincaid,dalton kincaid,1,2,7.0,0,0.0,0.0,4.0,3.0,0.0,-1.5363573,0,1.75,0.0952381,0.014440433,0.15296544,,,,,,,,,,,,,,,,,REG,BUF,LAC,Dalton Kincaid,KincDa00,0.0,0.0,0.0,58.3
2023,REG,16,00-0034159,W.Dissly,TE,TE,SEA,13763,383f4814-6836-4766-a297-fc063e8509cc,18049.0,30762.0,5010.0,,3127292.0,31090.0,,2139628.0,DissWi00,will-dissly-1,12986.0,13246.0,86.0,31090.0,837806.0,19950.0,837806.0,Will Dissly,will dissly,1,1,6.0,0,0.0,0.0,-3.0,9.0,0.0,0.046506763,0,0.0,0.027777778,-0.012931035,0.032614943,,,,,,,,,,,,,,,,,REG,SEA,TEN,Will Dissly,DissWi00,0.0,0.0,0.0,91.7
2023,REG,16,00-0035771,M.Wilcox,TE,TE,CIN,15563,b2d98b60-b4b3-4610-81d2-2154c723fdbb,19510.0,47234.0,6894.0,,3923392.0,33171.0,,2188431.0,,,14634.0,,,33171.0,0.0,21800.0,885394.0,Mitchell Wilcox,mitchell wilcox,1,1,6.0,0,0.0,0.0,2.0,4.0,0.0,0.3249551,0,3.0,0.025,0.008403362,0.043382354,,,,,,,,,,,,,,,,,,,,,,,,,
2023,REG,16,00-0036232,H.Bryant,TE,TE,CLE,14875,f58a5899-8b78-46e8-a29a-ba6273b7d872,19389.0,26394.0,6850.0,,4040774.0,32785.0,,2241240.0,BryaHa00,harrison-bryant-1,14576.0,,752.0,32785.0,0.0,21783.0,916467.0,Harrison Bryant,harrison bryant,1,1,6.0,0,0.0,0.0,3.0,3.0,0.0,0.25784713,0,2.0,0.023255814,0.006666667,0.039550386,,,,,,,,,,,,,,,,,REG,CLE,HOU,Harrison Bryant,BryaHa00,0.0,0.0,0.0,91.7
2023,REG,16,00-0037506,C.Fotheringham,TE,TE,LV,16435,320bc720-d3a5-11ec-96a0-c3471a31202c,24886.0,,8840.0,,4361008.0,34543.0,,2240503.0,,,16556.0,,,34543.0,0.0,,913155.0,Cole Fotheringham,cole fotheringham,1,1,6.0,0,0.0,0.0,1.0,5.0,0.0,0.21242227,0,6.0,0.05263158,0.006535948,0.08352253,,,,,,,,,,,,,,,,,,,,,,,,,
2023,REG,16,00-0034613,T.Hudson,TE,TE,CIN,14370,2fa75e05-cac4-4b40-8924-dbc9ae0c959c,17826.0,66924.0,5409.0,,3050481.0,31257.0,,2926606.0,,,13286.0,,,31257.0,1115394.0,20506.0,1115394.0,Tanner Hudson,tanner hudson,1,2,5.0,0,0.0,0.0,9.0,0.0,0.0,-1.6538444,0,0.5555556,0.05,0.037815128,0.10147059,,,,,,,,,,,,,,,,,,,,,,,,,
2023,REG,16,00-0036637,N.Gray,TE,TE,KC,15337,c97dfcb6-b999-476f-8487-f3848e92df17,19539.0,60878.0,7828.0,,4240472.0,33550.0,,2866903.0,GrayNo00,noah-gray-1,15459.0,,1059.0,33550.0,0.0,,1056981.0,Noah Gray,noah gray,1,3,5.0,0,0.0,0.0,19.0,0.0,1.0,-0.94645816,0,0.2631579,0.07317073,0.11445783,0.18987659,,,,,,,,,,,,,,,,,REG,KC,LV,Noah Gray,GrayNo00,0.0,0.0,0.0,42.4
2023,REG,16,00-0032062,B.Bell,TE,TE,KC,12213,0cc4e449-185a-4b08-9f07-c907ad0c3e05,13966.0,9550.0,2422.0,,2514206.0,28505.0,,1737101.0,BellBl00,blake-bell-1,10248.0,10366.0,,28505.0,542871.0,16878.0,542871.0,Blake Bell,blake bell,1,1,4.0,0,0.0,0.0,-2.0,6.0,0.0,0.1256603,0,0.0,0.024390243,-0.012048192,0.028151631,,,,,,,,,,,,,,,,,REG,KC,LV,Blake Bell,BellBl00,0.0,0.0,0.0,83.3
2023,REG,16,00-0038547,L.Schoonmaker,TE,TE,DAL,16221,143957a7-4649-4a19-b351-e606edc75ebd,25267.0,,10871.0,,4372096.0,40061.0,,2968473.0,SchoLu00,luke-schoonmaker-1,16855.0,,1382.0,40061.0,0.0,,1130242.0,Luke Schoonmaker,luke schoonmaker,1,1,4.0,0,0.0,0.0,1.0,3.0,0.0,-0.13331282,0,4.0,0.03125,0.0056497175,0.0508298,,,,,,,,,,,,,,,,,REG,DAL,MIA,Luke Schoonmaker,SchoLu00,0.0,0.0,0.0,83.3
2023,REG,16,00-0024243,M.Lewis,TE,TE,CHI,8269,9c21e9af-681c-41ef-9b00-fbc9e1668ed1,9413.0,2973.0,111.0,marcedeslewis/2495888,9614.0,7777.0,4007.0,415313.0,LewiMa00,marcedes-lewis-1,4891.0,3615.0,,7777.0,214197.0,3061.0,214197.0,Marcedes Lewis,marcedes lewis,1,1,1.0,1,0.0,0.0,1.0,0.0,1.0,1.3030181,0,1.0,0.04347826,0.0038461538,0.0679097,,,,,,,,,,,,,,,,,REG,CHI,ARI,Marcedes Lewis,LewiMa00,0.0,0.0,0.0,118.7
2023,REG,16,00-0033217,M.Alie-Cox,TE,TE,IND,13246,8809c0dd-786b-4255-a7d0-333c9498c19a,16579.0,12078.0,4054.0,moalie-cox/2558832,2998565.0,30112.0,,2815925.0,AlieMo00,,12196.0,12221.0,195.0,30112.0,712506.0,18900.0,712506.0,Mo Alie-Cox,mo alie-cox,0,1,0.0,0,0.0,0.0,8.0,0.0,0.0,-0.764378,0,0.0,0.028571429,0.02247191,0.05858748,,,,,,,,,,,,,,,,,REG,IND,ATL,Mo Alie-Cox,AlieMo00,0.0,0.0,0.0,39.6
2023,REG,16,00-0033357,T.Hill,TE,TE,NO,13424,3c8a55dd-20a8-4375-b711-49eb5e6e1d0e,17115.0,12112.0,4381.0,,2468609.0,30614.0,,2818935.0,HillTa00,,12063.0,12729.0,150.0,30614.0,503184.0,19238.0,503184.0,Taysom Hill,taysom hill,0,0,0.0,0,0.0,0.0,0.0,0.0,0.0,,0,,,,,,,,,,,,,,,,,,,,,,,,,,,,,
2023,REG,16,00-0036422,A.Trautman,TE,TE,DEN,14870,4e14183b-f974-4745-9d7f-8f5eb2a92a7d,19423.0,109795.0,6869.0,,3911853.0,32775.0,,2182228.0,TrauAd00,,14541.0,,566.0,32775.0,0.0,21786.0,875444.0,Adam Trautman,adam trautman,0,1,0.0,0,0.0,0.0,2.0,0.0,0.0,-1.9987736,0,0.0,0.028571429,0.0074074073,0.048042327,,,,,,,,,,,,,,,,,REG,DEN,NE,Adam Trautman,TrauAd00,0.0,0.0,0.0,39.6
2023,REG,16,00-0036510,K.Yeboah,TE,TE,NYJ,15339,990c2825-ca25-4da9-9966-269363a9bb91,22815.0,42196.0,7597.0,,4044144.0,33705.0,,2256993.0,YeboKe00,,15339.0,,,33705.0,0.0,,943843.0,Kenny Yeboah,kenny yeboah,0,1,0.0,0,0.0,0.0,5.0,0.0,0.0,-0.55696404,0,0.0,0.022222223,0.036231883,0.05869565,,,,,,,,,,,,,,,,,REG,NYJ,WAS,Kenny Yeboah,YeboKe00,0.0,0.0,0.0,39.6
2023,REG,16,00-0037569,P.Hendershot,TE,TE,DAL,16000,944893b0-d30e-11ec-8b77-45b1765fd110,22971.0,,8197.0,,4258248.0,34607.0,,2867545.0,HendPe01,,16041.0,,,34607.0,0.0,,1065138.0,Peyton Hendershot,peyton hendershot,0,2,0.0,0,0.0,0.0,0.0,0.0,0.0,-2.2517207,0,,0.0625,0.0,0.09375,,,,,,,,,,,,,,,,,REG,DAL,MIA,Peyton Hendershot,HendPe01,0.0,1.0,0.5,39.6
2023,REG,17,00-0033885,D.Njoku,TE,TE,CLE,13192,8f86fcea-90e8-49ea-bc78-5c7659313e57,16399.0,11784.0,4033.0,,3123076.0,30142.0,,2136474.0,NjokDa00,david-njoku-1,11734.0,12186.0,252.0,30142.0,832098.0,18876.0,832098.0,David Njoku,david njoku,6,8,134.0,0,1.0,1.0,47.0,98.0,3.0,-3.5893886,0,2.8510637,0.27586207,0.26256984,0.597592,David Njoku,CLE,3.5512500000000005,4.022921456808852,5.925,25.441468520208254,75.0,134.0,0.0,17.583333333333336,10.765468231117666,6.81786510221567,00-0033885,David,Njoku,D.Njoku,REG,CLE,NYJ,David Njoku,NjokDa00,1.0,0.0,0.0,77.1
2023,REG,17,00-0036040,J.Johnson,TE,TE,NO,14861,0226b03b-f91d-4223-9813-9fcd2e9c3acc,19562.0,28305.0,7002.0,,3929645.0,33113.0,,2186637.0,JohnJu02,,14630.0,,575.0,33113.0,0.0,21738.0,884609.0,Juwan Johnson,juwan johnson,8,12,90.0,1,0.0,0.0,84.0,44.0,7.0,7.4194546,0,1.0714285,0.3529412,0.5153374,0.890148,Juwan Johnson,NO,3.968,3.231355745000323,7.406666666666667,53.33013320532821,66.66666666666666,90.0,1.0,5.644999999999999,4.761732240991553,0.8832677590084455,00-0036040,Juwan,Johnson,J.Johnson,REG,NO,TB,Juwan Johnson,JohnJu02,0.0,1.0,0.083,116.7
2023,REG,17,00-0038933,D.Kincaid,TE,TE,BUF,16213,b961fa15-0676-4948-b95f-56d06319d40e,25247.0,,10236.0,,4385690.0,40048.0,,2982991.0,KincDa00,dalton-kincaid-1,16697.0,,1428.0,40048.0,0.0,,1135513.0,Dalton Kincaid,dalton kincaid,4,7,87.0,0,0.0,0.0,129.0,35.0,3.0,1.4081353,0,0.6744186,0.25,0.38855422,0.646988,Dalton Kincaid,BUF,4.951666666666667,3.2524205513289184,18.455714285714286,40.7642307206866,57.14285714285714,87.0,0.0,9.6175,10.94296657148925,-1.325466571489251,00-0038933,Dalton,Kincaid,D.Kincaid,REG,BUF,NE,Dalton Kincaid,KincDa00,0.0,0.0,0.0,61.9
2023,REG,17,00-0039065,S.LaPorta,TE,TE,DET,16214,3059f1e5-1871-4458-9e90-9b9917874c61,22978.0,,10859.0,,4430027.0,40064.0,,3124197.0,LaPoSa01,sam-laporta-1,17033.0,,1429.0,40064.0,0.0,,1168926.0,Sam LaPorta,sam laporta,7,12,84.0,0,0.0,0.0,79.0,29.0,5.0,-2.1723557,0,1.0632912,0.375,0.3211382,0.7872968,Sam LaPorta,DET,6.638888888888889,2.9391718103547073,8.1275,41.003111073740854,58.333333333333336,84.0,0.0,4.731428571428572,3.8227879201714523,0.9086406512571199,00-0039065,Sam,LaPorta,S.LaPorta,REG,DET,DAL,Sam LaPorta,LaPoSa01,0.0,0.0,0.0,45.1
2023,REG,17,00-0033110,T.Higbee,TE,TE,LA,12678,0df7912d-9e81-47ea-b4f7-d04986df4ee8,15623.0,10744.0,3271.0,,2573401.0,29344.0,,1853103.0,HigbTy00,tyler-higbee-1,10854.0,11430.0,159.0,29344.0,604176.0,18032.0,604176.0,Tyler Higbee,tyler higbee,6,7,62.0,0,0.0,0.0,12.0,55.0,5.0,3.7838356,0,5.1666665,0.20588236,0.060606062,0.35124776,Tyler Higbee,LAR,6.255,5.062033904196723,1.327142857142858,5.244143381315273,85.71428571428571,62.0,0.0,9.554999999999998,7.036586448726922,2.518413551273076,00-0033110,Tyler,Higbee,T.Higbee,REG,LA,NYG,Tyler Higbee,HigbTy00,0.0,1.0,0.143,103.6
2023,REG,17,00-0033881,E.Engram,TE,TE,JAX,13189,e21365af-8d66-416e-b0a5-8816d18fcfd9,16411.0,11778.0,4066.0,,3051876.0,30136.0,,2079887.0,EngrEv00,evan-engram-1,11805.0,12205.0,229.0,30136.0,749185.0,18912.0,749185.0,Evan Engram,evan engram,6,6,60.0,0,0.0,0.0,31.0,29.0,4.0,7.0805593,0,1.9354838,0.26086956,0.21088435,0.5389234,Evan Engram,JAX,6.713333333333334,2.1302175523293885,4.314999999999999,16.01113172541744,100.0,60.0,0.0,5.685000000000001,5.652006521275553,0.0329934787244488,00-0033881,Evan,Engram,E.Engram,REG,JAX,CAR,Evan Engram,EngrEv00,2.0,0.0,0.0,108.3
2023,REG,17,00-0035644,N.Fant,TE,TE,SEA,14137,cdc98acc-9eb6-4b44-81bb-61d7b8a3b55f,17527.0,42388.0,5857.0,,4036131.0,31852.0,,2251095.0,FantNo00,noah-fant-1,13426.0,14050.0,243.0,31852.0,923911.0,20753.0,923911.0,Noah Fant,noah fant,5,6,59.0,0,0.0,0.0,49.0,21.0,3.0,2.43465,0,1.2040817,0.18181819,0.21777777,0.4251717,Noah Fant,SEA,6.416666666666667,5.315735779117776,8.659999999999998,21.496835050266846,83.33333333333334,59.0,0.0,4.74,4.1941413140234545,0.5458586859765457,00-0035644,Noah,Fant,N.Fant,REG,SEA,PIT,Noah Fant,FantNo00,0.0,0.0,0.0,107.6
2023,REG,17,00-0034798,D.Smythe,TE,TE,MIA,13676,7e42a22a-c47b-4387-aeeb-2cc2e76dc1d8,17508.0,47257.0,5008.0,,3052897.0,31093.0,,2082845.0,SmytDu00,durham-smythe-1,12807.0,13249.0,,31093.0,749968.0,19943.0,749968.0,Durham Smythe,durham smythe,3,3,54.0,0,0.0,0.0,38.0,16.0,3.0,5.505309,0,1.4210526,0.083333336,0.14393939,0.22575757,,,,,,,,,,,,,,,,,REG,MIA,BAL,Durham Smythe,SmytDu00,0.0,0.0,0.0,118.7
2023,REG,17,00-0031610,D.Waller,TE,TE,NYG,12263,14c97c9f-26e8-4944-9299-f90de6aeada3,14104.0,9637.0,2505.0,,2576925.0,28592.0,,1850793.0,WallDa01,darren-waller-1,10215.0,10433.0,,28592.0,600191.0,16964.0,600191.0,Darren Waller,darren waller,5,6,51.0,0,0.0,0.0,41.0,29.0,2.0,3.5666442,0,1.2439024,0.15384616,0.12732919,0.31989968,Darren Waller,NYG,9.163333333333332,5.710906934208185,6.360000000000002,11.889332003988038,83.33333333333334,51.0,0.0,6.123999999999998,5.058481921355815,1.0655180786441827,00-0031610,Darren,Waller,D.Waller,REG,NYG,LA,Darren Waller,WallDa01,0.0,1.0,0.167,102.1
2023,REG,17,00-0037744,T.McBride,TE,TE,ARI,15794,734d54cc-c869-4e2f-a60f-c59c493f5110,22936.0,,8130.0,,4361307.0,34010.0,,2963385.0,McBrTr01,trey-mcbride-1,15902.0,,1253.0,34010.0,0.0,,1108161.0,Trey McBride,trey mcbride,6,7,48.0,0,0.0,0.0,8.0,36.0,2.0,1.2644289,0,6.0,0.22580644,0.055944055,0.37787053,Trey McBride,ARI,4.952500000000001,3.6434318980403915,0.7700000000000001,4.193899782135077,85.71428571428571,48.0,0.0,6.266666666666666,5.200382998934837,1.0662836677318284,00-0037744,Trey,McBride,T.McBride,REG,ARI,PHI,Trey McBride,McBrTr01,0.0,0.0,0.0,95.2
2023,REG,17,00-0038996,T.Kraft,TE,TE,GB,16222,3a084c5f-6b9f-4703-a0c7-1566bc4b1129,25298.0,,9484.0,,4572680.0,40102.0,,3133332.0,KrafTu00,,16649.0,,1418.0,40102.0,0.0,,1181874.0,Tucker Kraft,tucker kraft,6,6,48.0,0,0.0,0.0,9.0,39.0,3.0,1.7766494,0,5.3333335,0.1764706,0.025210084,0.28235295,Tucker Kraft,GB,3.99,4.414337824530151,1.4166666666666667,2.3954458347424183,100.0,48.0,0.0,6.583333333333333,4.008725097101534,2.574608236231799,00-0038996,Tucker,Kraft,T.Kraft,REG,GB,MIN,Tucker Kraft,KrafTu00,1.0,0.0,0.0,100.0
2023,REG,17,00-0034351,D.Goedert,TE,TE,PHI,13674,e8029983-87cf-49a2-bc04-04c8233a0630,17270.0,47272.0,5022.0,,3121023.0,31019.0,,2132551.0,GoedDa00,,12860.0,13151.0,382.0,31019.0,791365.0,19863.0,791365.0,Dallas Goedert,dallas goedert,5,6,47.0,1,0.0,0.0,44.0,24.0,3.0,5.5014267,0,1.0681819,0.26086956,0.19555555,0.52819324,Dallas Goedert,PHI,5.5249999999999995,3.6069133036305665,7.675,15.868366643694005,83.33333333333334,47.0,1.0,4.758000000000001,2.956570894966353,1.8014291050336477,00-0034351,Dallas,Goedert,D.Goedert,REG,PHI,ARI,Dallas Goedert,GoedDa00,0.0,0.0,0.0,138.9
2023,REG,17,00-0034270,T.Conklin,TE,TE,NYJ,13675,f0d17dfa-ebf3-416c-a8d2-c6bc30675103,17598.0,47327.0,5133.0,,3915486.0,31220.0,,2165249.0,ConkTy00,tyler-conklin-1,12809.0,13220.0,489.0,31127.0,861278.0,19988.0,861278.0,Tyler Conklin,tyler conklin,5,5,45.0,0,0.0,0.0,35.0,10.0,3.0,2.1865442,0,1.2857143,0.11363637,0.19337016,0.30581367,Tyler Conklin,NYJ,7.13,3.1688659081828545,6.475999999999999,20.57309867208844,100.0,45.0,0.0,2.524000000000001,2.6029920881113355,-0.07899208811133462,00-0034270,Tyler,Conklin,T.Conklin,REG,NYJ,CLE,Tyler Conklin,ConkTy00,1.0,0.0,0.0,104.2
2023,REG,17,00-0036894,P.Freiermuth,TE,TE,PIT,15331,04f0fefe-9d9d-44f5-94ea-6df2a42df3c6,20163.0,84085.0,7600.0,,4361411.0,33443.0,,2961270.0,FreiPa00,pat-freiermuth-1,15267.0,,1053.0,33443.0,0.0,,1116662.0,Pat Freiermuth,pat freiermuth,3,4,44.0,0,0.0,0.0,13.0,31.0,1.0,2.7578368,0,3.3846154,0.1904762,0.072222225,0.33626986,,,,,,,,,,,,,,,,,REG,PIT,SEA,Pat Freiermuth,FreiPa00,0.0,0.0,0.0,110.4
2023,REG,17,00-0037838,I.Likely,TE,TE,BAL,15798,f9279edb-cfa7-4f7d-91df-b81cbf3e133e,23781.0,,8131.0,,4361050.0,34095.0,,2961906.0,LikeIs00,isaiah-likely-1,16033.0,,1257.0,34095.0,0.0,,1125111.0,Isaiah Likely,isaiah likely,2,3,42.0,2,0.0,0.0,28.0,27.0,2.0,6.675272,0,1.5,0.13636364,0.1124498,0.28326032,,,,,,,,,,,,,,,,,REG,BAL,MIA,Isaiah Likely,LikeIs00,1.0,1.0,0.333,149.3
2023,REG,17,00-0033757,R.Tonyan,TE,TE,CHI,13427,7c9c7800-69d0-459b-812b-a07ac48e9f2a,16502.0,12193.0,4602.0,,2975674.0,30777.0,,2820026.0,TonyRo00,,12389.0,12868.0,,30777.0,660151.0,19491.0,660151.0,Robert Tonyan,robert tonyan,3,4,40.0,0,0.0,0.0,39.0,21.0,2.0,1.4050697,0,1.0256411,0.13333334,0.14942528,0.3045977,,,,,,,,,,,,,,,,,REG,CHI,ATL,Robert Tonyan,TonyRo00,1.0,0.0,0.0,106.2
2023,REG,17,00-0033246,J.Mundt,TE,TE,MIN,13940,6414998b-5831-44aa-8bd8-39e42a323c2c,16743.0,12206.0,4314.0,,3052096.0,30373.0,,2818622.0,MundJo00,,12316.0,12525.0,,30373.0,740704.0,19165.0,740704.0,Johnny Mundt,johnny mundt,4,7,39.0,1,0.0,0.0,22.0,23.0,2.0,-4.471703,0,1.7727273,0.22580644,0.09053498,0.40208417,Johnny Mundt,MIN,3.724,4.701588321755095,2.8814285714285712,8.290517489415924,57.14285714285714,39.0,1.0,5.757500000000002,4.839631094921231,0.9178689050787714,00-0033246,Johnny,Mundt,J.Mundt,REG,MIN,GB,Johnny Mundt,MundJo00,0.0,0.0,0.0,72.9
2023,REG,17,00-0038115,D.Bellinger,TE,TE,NYG,15873,42a1c03e-790e-46ba-b0d5-d304e44c02c7,24238.0,,8225.0,,4361516.0,34068.0,,2963615.0,BellDa00,daniel-bellinger-1,16036.0,,1322.0,34068.0,0.0,,1122035.0,Daniel Bellinger,daniel bellinger,4,4,39.0,0,0.0,0.0,19.0,20.0,0.0,0.5682761,0,2.0526316,0.102564104,0.05900621,0.1951505,,,,,,,,,,,,,,,,,REG,NYG,LA,Daniel Bellinger,BellDa00,0.0,0.0,0.0,107.3
2023,REG,17,00-0034613,T.Hudson,TE,TE,CIN,14370,2fa75e05-cac4-4b40-8924-dbc9ae0c959c,17826.0,66924.0,5409.0,,3050481.0,31257.0,,2926606.0,,,13286.0,,,31257.0,1115394.0,20506.0,1115394.0,Tanner Hudson,tanner hudson,3,7,38.0,0,0.0,0.0,51.0,22.0,3.0,0.7526795,0,0.74509805,0.22580644,0.2125,0.4874597,Tanner Hudson,CIN,7.026666666666666,2.171100418983209,6.192857142857144,18.803678320465004,42.857142857142854,38.0,0.0,7.963333333333331,7.601730517952849,0.3616028153804818,00-0034613,Tanner,Hudson,T.Hudson,,,,,,,,,
2023,REG,17,00-0036244,C.Parkinson,TE,TE,SEA,14871,1ea7affb-e5e7-491a-aaa3-55e200b2eb48,19372.0,52266.0,6865.0,,4242557.0,32803.0,,2867522.0,ParkCo02,colby-parkinson-1,14463.0,,565.0,32803.0,0.0,21807.0,1060312.0,Colby Parkinson,colby parkinson,2,3,38.0,0,0.0,0.0,36.0,4.0,2.0,2.8743527,0,1.0555556,0.09090909,0.16,0.24836363,,,,,,,,,,,,,,,,,REG,SEA,PIT,Colby Parkinson,ParkCo02,0.0,1.0,0.333,109.7
2023,REG,17,00-0034829,M.Gesicki,TE,TE,NE,13672,1012cbe0-7eba-4169-bfca-183a0204e1a7,17272.0,47153.0,4993.0,,3116164.0,31012.0,,2139298.0,GesiMi00,mike-gesicki-1,12764.0,13104.0,330.0,31012.0,836152.0,19853.0,836152.0,Mike Gesicki,mike gesicki,4,6,35.0,0,0.0,0.0,36.0,14.0,1.0,-3.3169794,0,0.9722222,0.25,0.18274112,0.5029188,Mike Gesicki,NE,7.651666666666667,3.1718722882012345,5.403333333333333,16.747597892344253,66.66666666666666,35.0,0.0,4.09,4.30396644416561,-0.21396644416561017,00-0034829,Michael,Gesicki,M.Gesicki,REG,NE,BUF,Mike Gesicki,GesiMi00,0.0,0.0,0.0,42.4
2023,REG,17,00-0037809,C.Okonkwo,TE,TE,TEN,15889,14e11f9b-58c8-437f-abc0-a4e4df9a7c47,23982.0,,8210.0,,4360635.0,34099.0,,2965208.0,OkonCh00,chigoziem-okonkwo-1,16042.0,,1320.0,34099.0,0.0,,1106374.0,Chigoziem Okonkwo,chigoziem okonkwo,3,4,34.0,0,0.0,0.0,17.0,20.0,1.0,-1.2028657,0,2.0,0.16,0.09659091,0.30761364,,,,,,,,,,,,,,,,,REG,TEN,HOU,Chigoziem Okonkwo,OkonCh00,0.0,0.0,0.0,100.0
2023,REG,17,00-0038041,J.Ferguson,TE,TE,DAL,15799,f46eab3d-d7dd-4420-b3f9-6da9ac1308ab,22718.0,,8110.0,,4242355.0,34085.0,,2867159.0,FergJa00,jake-ferguson-1,15947.0,,1258.0,34085.0,0.0,,1065361.0,Jake Ferguson,jake ferguson,4,6,33.0,0,0.0,0.0,57.0,22.0,0.0,-1.0462248,0,0.57894737,0.16216215,0.14652957,0.34581393,Jake Ferguson,DAL,12.79,5.033695288266938,8.681666666666668,14.273579218501672,66.66666666666666,33.0,0.0,5.557499999999999,5.0832590617081905,0.4742409382918087,00-0038041,Jake,Ferguson,J.Ferguson,REG,DAL,DET,Jake Ferguson,FergJa00,0.0,0.0,0.0,80.6
2023,REG,17,00-0033895,G.Everett,TE,TE,LAC,13236,ebeceb00-57e0-4b74-9cf7-853da2afed18,16459.0,11799.0,4089.0,,3918639.0,30157.0,,2142692.0,EverGe00,gerald-everett-1,11737.0,12284.0,55.0,30157.0,838487.0,18935.0,838487.0,Gerald Everett,gerald everett,4,9,31.0,0,0.0,0.0,49.0,30.0,1.0,-3.1783934,0,0.63265306,0.24324325,0.175,0.48736486,Gerald Everett,LAC,5.526666666666666,3.2790424310273476,4.757777777777776,14.988274003290277,44.44444444444444,31.0,0.0,8.072500000000003,4.796474621725906,3.276025378274097,00-0033895,Gerald,Everett,G.Everett,REG,LAC,DEN,Gerald Everett,EverGe00,0.0,1.0,0.111,53.5
2023,REG,17,00-0033357,T.Hill,TE,TE,NO,13424,3c8a55dd-20a8-4375-b711-49eb5e6e1d0e,17115.0,12112.0,4381.0,,2468609.0,30614.0,,2818935.0,HillTa00,,12063.0,12729.0,150.0,30614.0,503184.0,19238.0,503184.0,Taysom Hill,taysom hill,2,2,30.0,1,0.0,0.0,25.0,5.0,1.0,3.4803228,0,1.2,0.05882353,0.15337424,0.19559726,,,,,,,,,,,,,,,,,REG,NO,TB,Taysom Hill,HillTa00,0.0,0.0,0.0,158.3
2023,REG,17,00-0033288,G.Kittle,TE,TE,SF,13299,2ada91b0-036e-454f-83c3-6d939ff584a9,16499.0,11901.0,4217.0,,3040151.0,30259.0,,2818265.0,KittGe00,george-kittle-1,11892.0,12276.0,298.0,30259.0,733672.0,19063.0,733672.0,George Kittle,george kittle,3,4,29.0,0,0.0,0.0,38.0,5.0,1.0,0.8753605,0,0.7631579,0.14814815,0.20652173,0.36678743,,,,,,,,,,,,,,,,,REG,SF,WAS,George Kittle,KittGe00,0.0,0.0,0.0,94.8
2023,REG,17,00-0032392,A.Hooper,TE,TE,LV,12677,90c2a93f-d837-4e1b-b57c-56648903a8db,15581.0,10715.0,3202.0,,3043275.0,29315.0,,2067004.0,HoopAu00,austin-hooper-1,10748.0,11301.0,384.0,29315.0,739424.0,17963.0,739424.0,Austin Hooper,austin hooper,3,3,28.0,0,0.0,0.0,9.0,19.0,2.0,2.4448633,0,3.1111112,0.06521739,0.022113021,0.1133052,,,,,,,,,,,,,,,,,REG,LV,IND,Austin Hooper,HoopAu00,1.0,0.0,0.0,105.6
2023,REG,17,00-0034364,J.Akins,TE,TE,CLE,13753,0cb5a32a-a340-4671-ba2a-93f5fa6aee8d,17415.0,47050.0,5032.0,,3128452.0,31068.0,,2142712.0,AkinJo00,jordan-akins-1,12568.0,13238.0,,31068.0,838396.0,19903.0,838396.0,Jordan Akins,jordan akins,1,1,28.0,0,0.0,0.0,22.0,6.0,1.0,1.8039758,0,1.2727273,0.03448276,0.12290503,0.13775766,,,,,,,,,,,,,,,,,REG,CLE,NYJ,Jordan Akins,AkinJo00,0.0,0.0,0.0,118.7
2023,REG,17,00-0036510,K.Yeboah,TE,TE,NYJ,15339,990c2825-ca25-4da9-9966-269363a9bb91,22815.0,42196.0,7597.0,,4044144.0,33705.0,,2256993.0,YeboKe00,,15339.0,,,33705.0,0.0,,943843.0,Kenny Yeboah,kenny yeboah,2,3,28.0,0,0.0,0.0,14.0,20.0,1.0,-2.0992365,0,2.0,0.06818182,0.07734807,0.15641637,,,,,,,,,,,,,,,,,REG,NYJ,CLE,Kenny Yeboah,YeboKe00,1.0,0.0,0.0,96.5
2023,REG,17,00-0037475,S.Smartt,TE,TE,LAC,16113,6ee105f0-ca2e-11ec-be96-e90abdfa0fef,24621.0,,8583.0,,4250764.0,34637.0,,2864800.0,SmarSt00,,16321.0,,,34637.0,0.0,,1056865.0,Stone Smartt,stone smartt,2,2,23.0,0,0.0,0.0,16.0,7.0,1.0,1.3159337,0,1.4375,0.054054055,0.057142857,0.121081084,,,,,,,,,,,,,,,,,REG,LAC,DEN,Stone Smartt,SmarSt00,1.0,0.0,0.0,114.6
2023,REG,17,00-0035631,D.Sample,TE,TE,CIN,14146,15a4f552-ecaf-45bd-9006-aa5dda93bee6,18561.0,47259.0,6001.0,,3127310.0,31884.0,,2139646.0,SampDr00,drew-sample-1,13809.0,14111.0,435.0,31884.0,837824.0,20931.0,837824.0,Drew Sample,drew sample,3,4,21.0,0,0.0,0.0,18.0,21.0,1.0,0.7280938,0,1.1666666,0.12903225,0.075,0.24604839,,,,,,,,,,,,,,,,,REG,CIN,KC,Drew Sample,SampDr00,0.0,0.0,0.0,86.5
2023,REG,17,00-0039041,E.Higgins,TE,TE,ARI,16333,a01b7698-d67f-4b60-b2fb-4c667336b718,23119.0,,10231.0,,4426844.0,40226.0,,3122914.0,HiggEl00,elijah-higgins-1,16959.0,,1469.0,40226.0,0.0,,1161853.0,Elijah Higgins,elijah higgins,2,2,21.0,0,0.0,0.0,16.0,5.0,2.0,2.3617063,0,1.3125,0.06451613,0.11188811,0.17509587,,,,,,,,,,,,,,,,,REG,ARI,PHI,Elijah Higgins,HiggEl00,0.0,0.0,0.0,110.4
2023,REG,17,00-0031260,L.Thomas,TE,TE,WAS,11647,b24625a0-d402-4d59-a778-aa4b073bfe5e,12095.0,8755.0,2251.0,loganthomas/2543767,16813.0,27648.0,,1691193.0,ThomLo00,logan-thomas-1,9323.0,9354.0,,27648.0,507528.0,16656.0,507528.0,Logan Thomas,logan thomas,3,4,20.0,0,0.0,0.0,23.0,6.0,0.0,0.006567092,0,0.8695652,0.15384616,0.15753424,0.3410432,,,,,,,,,,,,,,,,,REG,WAS,SF,Logan Thomas,ThomLo00,0.0,0.0,0.0,85.4
2023,REG,17,00-0034383,D.Schultz,TE,TE,HOU,13772,8caec1b4-e0b6-4a84-b8c8-617d6e91ef6a,17349.0,47304.0,5001.0,,3117256.0,31107.0,,2136748.0,SchuDa00,dalton-schultz-1,12514.0,13198.0,487.0,31107.0,830523.0,19920.0,830523.0,Dalton Schultz,dalton schultz,2,4,19.0,0,0.0,0.0,23.0,19.0,2.0,-0.00086226617,0,0.82608694,0.12903225,0.1503268,0.29877713,,,,,,,,,,,,,,,,,REG,HOU,TEN,Dalton Schultz,SchuDa00,1.0,0.0,0.0,63.5
2023,REG,17,00-0036556,B.Jordan,TE,TE,HOU,15330,8ffb5c07-4aa1-4796-b1ab-30c1ab0ccc4c,20162.0,77887.0,7568.0,,4362504.0,33535.0,,2964787.0,JordBr00,brevin-jordan-1,15369.0,,1052.0,33535.0,0.0,,1121871.0,Brevin Jordan,brevin jordan,2,2,19.0,1,0.0,0.0,-2.0,21.0,1.0,2.3522086,0,0.0,0.06451613,-0.013071896,0.087623864,,,,,,,,,,,,,,,,,REG,HOU,TEN,Brevin Jordan,JordBr00,0.0,0.0,0.0,145.8
2023,REG,17,00-0038046,C.Kolar,TE,TE,BAL,15795,3c048ac9-2c0f-4bf0-9ddc-ce99c9387ac8,22756.0,,8127.0,,4241263.0,34084.0,,2866273.0,KolaCh00,charlie-kolar-1,15924.0,,,34084.0,0.0,,1058648.0,Charlie Kolar,charlie kolar,1,1,19.0,1,0.0,0.0,19.0,0.0,1.0,4.225943,0,1.0,0.045454547,0.07630522,0.12159547,,,,,,,,,,,,,,,,,REG,BAL,MIA,Charlie Kolar,KolaCh00,0.0,0.0,0.0,158.3
2023,REG,17,00-0038394,W.Mallory,TE,TE,IND,16220,5d4a5e4f-7c74-4b4c-b8e5-33bb831e3057,23821.0,,10220.0,,4362523.0,40180.0,,2962073.0,MallWi00,will-mallory-1,17014.0,,1435.0,,0.0,,1121873.0,Will Mallory,will mallory,1,1,19.0,0,0.0,0.0,9.0,10.0,1.0,2.5740886,0,2.1111112,0.05,0.05625,0.114375,,,,,,,,,,,,,,,,,REG,IND,LV,Will Mallory,MallWi00,0.0,0.0,0.0,118.7
2023,REG,17,00-0033217,M.Alie-Cox,TE,TE,IND,13246,8809c0dd-786b-4255-a7d0-333c9498c19a,16579.0,12078.0,4054.0,moalie-cox/2558832,2998565.0,30112.0,,2815925.0,AlieMo00,,12196.0,12221.0,195.0,30112.0,712506.0,18900.0,712506.0,Mo Alie-Cox,mo alie-cox,2,3,18.0,0,0.0,0.0,11.0,11.0,1.0,-0.6433352,0,1.6363636,0.15,0.06875,0.273125,,,,,,,,,,,,,,,,,REG,IND,LV,Mo Alie-Cox,AlieMo00,0.0,1.0,0.333,82.6
2023,REG,17,00-0035249,J.Oliver,TE,TE,MIN,14209,dc83f7af-7b30-4c4a-9c93-f67bd8db954b,18487.0,47083.0,5973.0,,3921690.0,31901.0,,2184618.0,OlivJo00,josh-oliver-1,13786.0,14127.0,7.0,31901.0,881779.0,20899.0,881779.0,Josh Oliver,josh oliver,1,2,17.0,0,0.0,0.0,13.0,13.0,1.0,0.26765987,0,1.3076923,0.06451613,0.053497944,0.13422275,,,,,,,,,,,,,,,,,REG,MIN,GB,Josh Oliver,OlivJo00,1.0,0.0,0.0,79.2
2023,REG,17,00-0036637,N.Gray,TE,TE,KC,15337,c97dfcb6-b999-476f-8487-f3848e92df17,19539.0,60878.0,7828.0,,4240472.0,33550.0,,2866903.0,GrayNo00,noah-gray-1,15459.0,,1059.0,33550.0,0.0,,1056981.0,Noah Gray,noah gray,3,4,17.0,0,0.0,0.0,7.0,10.0,2.0,-1.0117004,0,2.4285715,0.14285715,0.044585988,0.2454959,,,,,,,,,,,,,,,,,REG,KC,CIN,Noah Gray,GrayNo00,1.0,0.0,0.0,82.3
2023,REG,17,00-0030506,T.Kelce,TE,TE,KC,11244,c3859e06-5f23-4302-a71b-04820a899d5f,11594.0,7844.0,1466.0,traviskelce/2540258,15847.0,26686.0,,1725130.0,KelcTr00,travis-kelce-1,8783.0,8411.0,264.0,26686.0,448240.0,15048.0,448240.0,Travis Kelce,travis kelce,3,4,16.0,0,0.0,0.0,14.0,5.0,1.0,-0.82474357,0,1.1428572,0.14285715,0.089171976,0.2767061,,,,,,,,,,,,,,,,,REG,KC,CIN,Travis Kelce,KelcTr00,0.0,0.0,0.0,81.2
2023,REG,17,00-0031585,M.Pruitt,TE,TE,ATL,12309,f22b34cf-6ecf-4522-9c77-1da275dfda7d,13964.0,9576.0,2446.0,,2508256.0,28531.0,,1760327.0,PruiMy00,,10251.0,10522.0,,28531.0,552586.0,16903.0,552586.0,MyCole Pruitt,mycole pruitt,1,1,14.0,0,0.0,0.0,14.0,0.0,1.0,2.6044092,0,1.0,0.03125,0.042168673,0.076393075,,,,,,,,,,,,,,,,,REG,ATL,CHI,MyCole Pruitt,PruiMy00,0.0,0.0,0.0,118.7
2023,REG,17,00-0036232,H.Bryant,TE,TE,CLE,14875,f58a5899-8b78-46e8-a29a-ba6273b7d872,19389.0,26394.0,6850.0,,4040774.0,32785.0,,2241240.0,BryaHa00,harrison-bryant-1,14576.0,,752.0,32785.0,0.0,21783.0,916467.0,Harrison Bryant,harrison bryant,2,3,14.0,0,0.0,0.0,7.0,12.0,0.0,0.4057285,0,2.0,0.10344828,0.039106146,0.18254672,,,,,,,,,,,,,,,,,REG,CLE,NYJ,Harrison Bryant,BryaHa00,1.0,0.0,0.0,77.1
2023,REG,17,00-0037539,L.Krull,TE,TE,DEN,15970,767b4820-cc9f-11ec-952e-a10f2c98fc4d,24240.0,,8249.0,,4360231.0,34654.0,,2961761.0,KrulLu00,,16259.0,,1328.0,34654.0,0.0,,1122323.0,Lucas Krull,lucas krull,2,2,14.0,0,0.0,0.0,-3.0,17.0,1.0,1.3302397,0,0.0,0.06666667,-0.01369863,0.090410955,,,,,,,,,,,,,,,,,REG,DEN,LAC,Lucas Krull,KrulLu00,0.0,0.0,0.0,95.8
2023,REG,17,00-0034981,F.Moreau,TE,TE,NO,14239,9c3a67fd-5c6e-4689-9e08-9ff6d4db6c9a,18397.0,47043.0,5985.0,,3843945.0,31969.0,,2180634.0,MoreFo00,foster-moreau-1,13822.0,14154.0,179.0,31969.0,865573.0,20884.0,865573.0,Foster Moreau,foster moreau,1,1,13.0,0,0.0,0.0,10.0,3.0,1.0,1.7117336,0,1.3,0.029411765,0.061349694,0.08706243,,,,,,,,,,,,,,,,,REG,NO,TB,Foster Moreau,MoreFo00,0.0,0.0,0.0,118.7
2023,REG,17,00-0036876,K.Granson,TE,TE,IND,15419,bcc0167c-05fd-4b23-981e-60b8784ceb33,22841.0,40630.0,7602.0,,4039160.0,33515.0,,2247146.0,GranKy00,kylen-granson-1,15245.0,,1119.0,33515.0,0.0,,921050.0,Kylen Granson,kylen granson,1,3,13.0,0,0.0,0.0,41.0,4.0,1.0,0.7520372,0,0.31707317,0.15,0.25625,0.404375,,,,,,,,,,,,,,,,,REG,IND,LV,Kylen Granson,GranKy00,0.0,0.0,0.0,47.9
2023,REG,17,00-0038129,C.Otton,TE,TE,TB,15802,f23517bd-ae85-484a-8ecb-1f7a2d851e48,23181.0,,8111.0,,4243331.0,34062.0,,2815179.0,OttoCa00,cade-otton-1,16032.0,,1261.0,34062.0,0.0,,1049263.0,Cade Otton,cade otton,2,6,10.0,0,0.0,0.0,49.0,3.0,1.0,-1.1891798,0,0.20408164,0.18181819,0.17132868,0.39265734,Cade Otton,TB,8.736666666666666,1.6745151064942376,7.1866666666666665,15.506329113924053,33.33333333333333,10.0,0.0,2.075000000000003,2.138885950524241,-0.06388595052423796,00-0038129,Cade,Otton,C.Otton,REG,TB,NO,Cade Otton,OttoCa00,0.0,1.0,0.167,42.4
2023,REG,17,00-0036422,A.Trautman,TE,TE,DEN,14870,4e14183b-f974-4745-9d7f-8f5eb2a92a7d,19423.0,109795.0,6869.0,,3911853.0,32775.0,,2182228.0,TrauAd00,,14541.0,,566.0,32775.0,0.0,21786.0,875444.0,Adam Trautman,adam trautman,1,2,9.0,0,0.0,0.0,8.0,6.0,0.0,0.19386749,0,1.125,0.06666667,0.03652968,0.12557077,,,,,,,,,,,,,,,,,REG,DEN,LAC,Adam Trautman,TrauAd00,0.0,0.0,0.0,62.5
2023,REG,17,00-0038720,J.Hill,TE,TE,MIA,16425,516da3c0-f016-11ed-a518-572ef5cb73b6,25824.0,,11371.0,,4365395.0,40629.0,,2961743.0,HillJu02,,17335.0,,,40629.0,0.0,,1123630.0,Julian Hill,julian hill,1,1,9.0,0,0.0,0.0,3.0,6.0,0.0,0.96448654,0,3.0,0.027777778,0.011363637,0.049621213,,,,,,,,,,,,,,,,,REG,MIA,BAL,Julian Hill,HillJu02,0.0,0.0,0.0,104.2
2023,REG,17,00-0036887,L.Farrell,TE,TE,JAX,15335,8a1f0e8e-6521-4a94-9934-ad4f76a25fd9,19501.0,42353.0,7842.0,,4040612.0,33533.0,,2260977.0,FarrLu00,luke-farrell-1,15566.0,,,33533.0,0.0,,946541.0,Luke Farrell,luke farrell,1,1,7.0,0,0.0,0.0,6.0,1.0,0.0,0.5520943,0,1.1666666,0.04347826,0.040816326,0.09378882,,,,,,,,,,,,,,,,,REG,JAX,CAR,Luke Farrell,FarrLu00,0.0,0.0,0.0,95.8
2023,REG,17,00-0034193,K.Rader,TE,TE,TEN,14363,1ea6e870-84ff-44ba-8302-f0f08623fa26,17802.0,30887.0,5171.0,,3049290.0,31441.0,,2925426.0,,,13119.0,13623.0,,31441.0,840531.0,20134.0,840531.0,Kevin Rader,kevin rader,1,1,6.0,0,0.0,0.0,2.0,4.0,0.0,0.071789205,0,3.0,0.04,0.011363637,0.06795455,,,,,,,,,,,,,,,,,,,,,,,,,
2023,REG,17,00-0036628,J.Bates,TE,TE,WAS,15344,3208880b-949f-4926-85eb-1940770550ea,22833.0,42275.0,7716.0,,4048228.0,33512.0,,2257291.0,BateJo00,john-bates-1,15289.0,,,33512.0,0.0,,944038.0,John Bates,john bates,1,1,6.0,0,0.0,0.0,2.0,4.0,0.0,-2.8496299,0,3.0,0.03846154,0.01369863,0.06728135,,,,,,,,,,,,,,,,,REG,WAS,SF,John Bates,BateJo00,0.0,0.0,0.0,56.2
2023,REG,17,00-0037005,T.Tremble,TE,TE,CAR,15332,cbee2fd3-e5f2-4316-bffd-531f1873f032,22795.0,84025.0,7694.0,,4372780.0,33471.0,,2969027.0,TremTo00,tommy-tremble-1,15371.0,,1054.0,33471.0,0.0,,1130555.0,Tommy Tremble,tommy tremble,1,3,6.0,0,0.0,0.0,24.0,6.0,0.0,-5.458832,0,0.25,0.09677419,0.097165994,0.21317749,,,,,,,,,,,,,,,,,REG,CAR,JAX,Tommy Tremble,TremTo00,0.0,0.0,0.0,2.8
2023,REG,17,00-0037569,P.Hendershot,TE,TE,DAL,16000,944893b0-d30e-11ec-8b77-45b1765fd110,22971.0,,8197.0,,4258248.0,34607.0,,2867545.0,HendPe01,,16041.0,,,34607.0,0.0,,1065138.0,Peyton Hendershot,peyton hendershot,1,1,6.0,0,0.0,0.0,6.0,0.0,0.0,0.2950542,0,1.0,0.027027028,0.015424165,0.051337454,,,,,,,,,,,,,,,,,REG,DAL,DET,Peyton Hendershot,HendPe01,0.0,0.0,0.0,91.7
2023,REG,17,00-0038809,B.Sims,TE,TE,GB,16483,cef32a80-e761-11ed-ac46-e3b4ebd723e5,25349.0,,11082.0,,4373030.0,40335.0,,2964709.0,SimsBe00,,17012.0,,,40335.0,0.0,,1129452.0,Ben Sims,ben sims,1,1,6.0,0,0.0,0.0,2.0,4.0,0.0,0.15851349,0,3.0,0.029411765,0.005602241,0.048039217,,,,,,,,,,,,,,,,,REG,GB,MIN,Ben Sims,SimsBe00,0.0,0.0,0.0,91.7
2023,REG,17,00-0033439,P.Brown,TE,TE,NE,13994,6733b953-de77-44e5-acbf-c2d3a0940243,16937.0,12247.0,4443.0,,2971281.0,30627.0,,2819155.0,BrowPh01,,11887.0,12737.0,,30627.0,689689.0,19304.0,689689.0,Pharaoh Brown,pharaoh brown,1,1,5.0,0,1.0,1.0,1.0,4.0,0.0,-4.4344177,0,5.0,0.041666668,0.005076142,0.0660533,,,,,,,,,,,,,,,,,REG,NE,BUF,Pharaoh Brown,BrowPh01,0.0,0.0,0.0,87.5
2023,REG,17,00-0036970,K.Pitts,TE,TE,ATL,15329,1f3deb24-9ff8-4769-8f42-825eff7742f6,20164.0,83964.0,7553.0,,4360248.0,33392.0,,2964514.0,PittKy00,kyle-pitts-1,15265.0,,1051.0,33392.0,0.0,,1123026.0,Kyle Pitts,kyle pitts,1,5,5.0,0,0.0,0.0,79.0,1.0,0.0,-2.7610798,0,0.06329114,0.15625,0.2379518,0.40094125,Kyle Pitts,ATL,7.272,2.1238158250734545,18.162,27.3055296629281,20.0,5.0,0.0,0.6899999999999977,0.6664295608109114,0.0235704391890863,00-0036970,Kyle,Pitts,K.Pitts,REG,ATL,CHI,Kyle Pitts,PittKy00,0.0,1.0,0.2,39.6
2023,REG,17,00-0037282,J.Mitchell,TE,TE,DET,15909,f461da0c-f764-414c-9e0d-2f02e22a68d8,23174.0,,8170.0,,4361988.0,34133.0,,2963242.0,MitcJa00,james-mitchell-2,16035.0,,,34133.0,0.0,,1123712.0,James Mitchell,james mitchell,1,1,4.0,0,0.0,0.0,1.0,3.0,0.0,-0.15008782,0,4.0,0.03125,0.0040650405,0.04972053,,,,,,,,,,,,,,,,,REG,DET,DAL,James Mitchell,MitcJa00,0.0,0.0,0.0,83.3
2023,REG,17,00-0033576,E.Saubert,TE,TE,HOU,13315,582dc00e-e7ec-4ca7-bff0-f7b1d604017b,16706.0,11929.0,4189.0,,2975863.0,30287.0,,2001018.0,SaubEr00,,11897.0,12300.0,,30287.0,694931.0,19035.0,694931.0,Eric Saubert,eric saubert,1,1,2.0,0,0.0,0.0,-3.0,5.0,0.0,0.024403555,0,0.0,0.032258064,-0.019607844,0.034661606,,,,,,,,,,,,,,,,,REG,HOU,TEN,Eric Saubert,SaubEr00,0.0,0.0,0.0,79.2
2023,REG,17,00-0038935,B.Strange,TE,TE,JAX,16269,94f135f7-9d54-4cbd-b560-fcaf83d414b0,25345.0,,9480.0,,4430539.0,40078.0,,3121696.0,StraBr00,brenton-strange-1,17017.0,,1461.0,40078.0,0.0,,1164940.0,Brenton Strange,brenton strange,1,2,1.0,0,0.0,0.0,4.0,1.0,0.0,-1.1440614,0,0.25,0.08695652,0.027210884,0.1494824,,,,,,,,,,,,,,,,,REG,JAX,CAR,Brenton Strange,StraBr00,0.0,0.0,0.0,56.2
2023,REG,17,00-0033858,J.Smith,TE,TE,ATL,13193,e4f25a37-74de-4bfb-b6c9-f50a4fab0b87,16460.0,11855.0,4144.0,,3054212.0,30213.0,,2081506.0,SmitJo01,jonnu-smith-1,11807.0,12344.0,84.0,30213.0,743749.0,18990.0,743749.0,Jonnu Smith,jonnu smith,0,4,0.0,0,0.0,0.0,56.0,0.0,0.0,-6.5038033,0,0.0,0.125,0.16867469,0.3055723,,,,,,,,,,,,,,,,,REG,ATL,CHI,Jonnu Smith,SmitJo01,0.0,0.0,0.0,0.0
2023,REG,17,00-0034365,I.Thomas,TE,TE,CAR,13678,ed8a8fd2-df67-45e7-a34f-984afb82f6ea,17387.0,42130.0,4995.0,,4045305.0,31071.0,,2253359.0,ThomIa00,ian-thomas-3,12858.0,13163.0,323.0,31071.0,943093.0,19910.0,943093.0,Ian Thomas,ian thomas,0,1,0.0,0,0.0,0.0,23.0,0.0,0.0,-1.6497337,0,0.0,0.032258064,0.09311741,0.11356928,,,,,,,,,,,,,,,,,REG,CAR,JAX,Ian Thomas,ThomIa00,0.0,0.0,0.0,39.6
2023,REG,17,00-0035771,M.Wilcox,TE,TE,CIN,15563,b2d98b60-b4b3-4610-81d2-2154c723fdbb,19510.0,47234.0,6894.0,,3923392.0,33171.0,,2188431.0,,,14634.0,,,33171.0,0.0,21800.0,885394.0,Mitchell Wilcox,mitchell wilcox,0,1,0.0,0,0.0,0.0,-4.0,0.0,0.0,-0.4668797,0,0.0,0.032258064,-0.016666668,0.03672043,,,,,,,,,,,,,,,,,,,,,,,,,
2023,REG,17,00-0036438,S.Sullivan,TE,TE,CAR,15026,a41b8454-0326-4c56-87a2-f2aac3814961,19641.0,40411.0,6970.0,,4035426.0,32921.0,,2223251.0,SullSt00,stephen-sullivan-1,14570.0,,,32921.0,0.0,21865.0,910808.0,Stephen Sullivan,stephen sullivan,0,2,0.0,0,0.0,0.0,18.0,0.0,0.0,-5.08768,0,0.0,0.06451613,0.072874494,0.14778633,,,,,,,,,,,,,,,,,REG,CAR,JAX,Stephen Sullivan,SullSt00,0.0,0.0,0.0,39.6
2023,REG,18,00-0038933,D.Kincaid,TE,TE,BUF,16213,b961fa15-0676-4948-b95f-56d06319d40e,25247.0,,10236.0,,4385690.0,40048.0,,2982991.0,KincDa00,dalton-kincaid-1,16697.0,,1428.0,40048.0,0.0,,1135513.0,Dalton Kincaid,dalton kincaid,7,8,84.0,0,0.0,0.0,59.0,29.0,3.0,4.559781,0,1.4237288,0.21621622,0.1643454,0.4393661,Dalton Kincaid,BUF,5.338333333333334,3.0542908997226754,7.3512499999999985,16.135316066725196,87.5,84.0,0.0,4.101428571428572,3.335517419221354,0.7659111522072184,00-0038933,Dalton,Kincaid,D.Kincaid,REG,BUF,MIA,Dalton Kincaid,KincDa00,0.0,0.0,0.0,110.4
2023,REG,18,00-0035329,D.Parham,TE,TE,LAC,14341,4f246e92-3d21-450f-977a-dc16892c7238,18835.0,91014.0,6074.0,,3912092.0,32456.0,,2183713.0,ParhDo00,,13602.0,14320.0,,32456.0,875649.0,20905.0,875649.0,Donald Parham,donald parham,5,6,83.0,0,0.0,0.0,46.0,40.0,5.0,8.641869,0,1.8043479,0.13333334,0.17037037,0.31925926,Donald Parham,LAC,6.596666666666667,3.3324641605497463,7.309999999999999,15.274778853520928,83.33333333333334,83.0,0.0,8.398,5.993250659201567,2.404749340798433,00-0035329,Donald,Parham,D.Parham,REG,LAC,KC,Donald Parham,ParhDo00,0.0,1.0,0.167,118.7
2023,REG,18,00-0033881,E.Engram,TE,TE,JAX,13189,e21365af-8d66-416e-b0a5-8816d18fcfd9,16411.0,11778.0,4066.0,,3051876.0,30136.0,,2079887.0,EngrEv00,evan-engram-1,11805.0,12205.0,229.0,30136.0,749185.0,18912.0,749185.0,Evan Engram,evan engram,10,13,79.0,1,0.0,0.0,69.0,30.0,5.0,0.74163413,0,1.1449275,0.31707317,0.22923589,0.6360749,Evan Engram,JAX,5.186000000000001,2.970078364692181,5.013846153846152,21.856347662799276,76.92307692307693,79.0,1.0,2.9480000000000026,2.583555261654091,0.36444473834591173,00-0033881,Evan,Engram,E.Engram,REG,JAX,TEN,Evan Engram,EngrEv00,0.0,1.0,0.077,85.1
2023,REG,18,00-0038041,J.Ferguson,TE,TE,DAL,15799,f46eab3d-d7dd-4420-b3f9-6da9ac1308ab,22718.0,,8110.0,,4242355.0,34085.0,,2867159.0,FergJa00,jake-ferguson-1,15947.0,,1258.0,34085.0,0.0,,1065361.0,Jake Ferguson,jake ferguson,6,6,69.0,0,0.0,0.0,25.0,44.0,5.0,8.252611,0,2.76,0.15,0.11737089,0.30715963,Jake Ferguson,DAL,5.9799999999999995,4.441564246415067,4.213333333333334,10.211253382881608,100.0,69.0,0.0,7.286666666666666,5.162014200373203,2.1246524662934636,00-0038041,Jake,Ferguson,J.Ferguson,REG,DAL,WAS,Jake Ferguson,FergJa00,0.0,0.0,0.0,114.6
2023,REG,18,00-0033246,J.Mundt,TE,TE,MIN,13940,6414998b-5831-44aa-8bd8-39e42a323c2c,16743.0,12206.0,4314.0,,3052096.0,30373.0,,2818622.0,MundJo00,,12316.0,12525.0,,30373.0,740704.0,19165.0,740704.0,Johnny Mundt,johnny mundt,5,6,58.0,0,0.0,0.0,43.0,14.0,2.0,4.7844043,0,1.3488373,0.13953489,0.10723192,0.28436467,Johnny Mundt,MIN,8.622499999999999,5.489129026905148,6.814999999999998,10.427132474818308,83.33333333333334,58.0,0.0,3.400000000000003,3.102461883288379,0.2975381167116242,00-0033246,Johnny,Mundt,J.Mundt,REG,MIN,DET,Johnny Mundt,MundJo00,0.0,0.0,0.0,106.9
2023,REG,18,00-0036424,B.Hopkins,TE,TE,LA,14868,39cb1520-dda8-4167-95c4-4947c8383bc4,19234.0,47338.0,6926.0,,3918003.0,32806.0,,2183906.0,HopkBr01,brycen-hopkins-1,14586.0,,,32806.0,0.0,21678.0,880294.0,Brycen Hopkins,brycen hopkins,2,3,47.0,0,0.0,0.0,53.0,13.0,2.0,2.5739388,0,0.8867925,0.13043478,0.34415585,0.43656126,,,,,,,,,,,,,,,,,REG,LA,SF,Brycen Hopkins,HopkBr01,0.0,0.0,0.0,109.7
2023,REG,18,00-0034159,W.Dissly,TE,TE,SEA,13763,383f4814-6836-4766-a297-fc063e8509cc,18049.0,30762.0,5010.0,,3127292.0,31090.0,,2139628.0,DissWi00,will-dissly-1,12986.0,13246.0,86.0,31090.0,837806.0,19950.0,837806.0,Will Dissly,will dissly,3,3,46.0,1,0.0,0.0,27.0,19.0,2.0,4.502391,0,1.7037038,0.115384616,0.16981132,0.29194486,,,,,,,,,,,,,,,,,REG,SEA,ARI,Will Dissly,DissWi00,0.0,0.0,0.0,158.3
2023,REG,18,00-0031610,D.Waller,TE,TE,NYG,12263,14c97c9f-26e8-4944-9299-f90de6aeada3,14104.0,9637.0,2505.0,,2576925.0,28592.0,,1850793.0,WallDa01,darren-waller-1,10215.0,10433.0,,28592.0,600191.0,16964.0,600191.0,Darren Waller,darren waller,5,6,45.0,0,0.0,0.0,43.0,7.0,2.0,2.929099,0,1.0465117,0.1875,0.13870968,0.37834677,Darren Waller,NYG,4.94,2.7772968527940645,6.436666666666665,13.545649047735958,83.33333333333334,45.0,0.0,1.9680000000000006,3.591509712691459,-1.6235097126914584,00-0031610,Darren,Waller,D.Waller,REG,NYG,PHI,Darren Waller,WallDa01,0.0,1.0,0.167,97.9
2023,REG,18,00-0034383,D.Schultz,TE,TE,HOU,13772,8caec1b4-e0b6-4a84-b8c8-617d6e91ef6a,17349.0,47304.0,5001.0,,3117256.0,31107.0,,2136748.0,SchuDa00,dalton-schultz-1,12514.0,13198.0,487.0,31107.0,830523.0,19920.0,830523.0,Dalton Schultz,dalton schultz,5,7,42.0,0,0.0,0.0,61.0,26.0,2.0,3.0533063,0,0.6885246,0.26923078,0.23371647,0.56744766,Dalton Schultz,HOU,6.881666666666667,3.581881433322674,7.937142857142854,21.181045328046967,71.42857142857143,42.0,0.0,5.338000000000003,4.178762146629969,1.1592378533700334,00-0034383,Dalton,Schultz,D.Schultz,REG,HOU,IND,Dalton Schultz,SchuDa00,1.0,0.0,0.0,86.6
2023,REG,18,00-0036290,C.Kmet,TE,TE,CHI,14867,036feeb6-9a22-43c5-a8e3-7ac611d8ff49,19229.0,60995.0,6826.0,,4258595.0,32713.0,,2868619.0,KmetCo00,cole-kmet-1,14436.0,,569.0,32713.0,0.0,21772.0,1066765.0,Cole Kmet,cole kmet,3,4,41.0,0,0.0,0.0,54.0,4.0,1.0,1.4206777,0,0.7592593,0.25,0.3802817,0.6411972,,,,,,,,,,,,,,,,,REG,CHI,GB,Cole Kmet,KmetCo00,0.0,0.0,0.0,107.3
2023,REG,18,00-0036040,J.Johnson,TE,TE,NO,14861,0226b03b-f91d-4223-9813-9fcd2e9c3acc,19562.0,28305.0,7002.0,,3929645.0,33113.0,,2186637.0,JohnJu02,,14630.0,,575.0,33113.0,0.0,21738.0,884609.0,Juwan Johnson,juwan johnson,3,3,40.0,0,0.0,0.0,15.0,25.0,3.0,5.1876574,0,2.6666667,0.12,0.07575758,0.2330303,,,,,,,,,,,,,,,,,REG,NO,ATL,Juwan Johnson,JohnJu02,0.0,0.0,0.0,118.7
2023,REG,18,00-0032392,A.Hooper,TE,TE,LV,12677,90c2a93f-d837-4e1b-b57c-56648903a8db,15581.0,10715.0,3202.0,,3043275.0,29315.0,,2067004.0,HoopAu00,austin-hooper-1,10748.0,11301.0,384.0,29315.0,739424.0,17963.0,739424.0,Austin Hooper,austin hooper,4,5,39.0,0,0.0,0.0,24.0,25.0,3.0,3.1703544,0,1.625,0.18518518,0.10958904,0.3544901,Austin Hooper,LV,6.44,3.8950025551777863,3.8480000000000003,8.807910639077093,80.0,39.0,0.0,6.35,3.966735638844966,2.3832643611550335,00-0032392,Austin,Hooper,A.Hooper,REG,LV,DEN,Austin Hooper,HoopAu00,1.0,0.0,0.0,99.2
2023,REG,18,00-0037809,C.Okonkwo,TE,TE,TEN,15889,14e11f9b-58c8-437f-abc0-a4e4df9a7c47,23982.0,,8210.0,,4360635.0,34099.0,,2965208.0,OkonCh00,chigoziem-okonkwo-1,16042.0,,1320.0,34099.0,0.0,,1106374.0,Chigoziem Okonkwo,chigoziem okonkwo,2,3,36.0,0,0.0,0.0,-5.0,42.0,2.0,1.3301222,0,0.0,0.115384616,-0.032894738,0.15005061,,,,,,,,,,,,,,,,,REG,TEN,JAX,Chigoziem Okonkwo,OkonCh00,1.0,1.0,0.333,107.6
2023,REG,18,00-0037744,T.McBride,TE,TE,ARI,15794,734d54cc-c869-4e2f-a60f-c59c493f5110,22936.0,,8130.0,,4361307.0,34010.0,,2963385.0,McBrTr01,trey-mcbride-1,15902.0,,1253.0,34010.0,0.0,,1108161.0,Trey McBride,trey mcbride,3,6,34.0,1,0.0,0.0,52.0,30.0,2.0,3.5123289,0,0.65384614,0.20689656,0.30588236,0.52446246,Trey McBride,ARI,4.8,2.3167303940262234,8.521666666666663,36.56321510297482,50.0,34.0,1.0,10.070000000000002,7.221399728045071,2.848600271954931,00-0037744,Trey,McBride,T.McBride,REG,ARI,SEA,Trey McBride,McBrTr01,0.0,1.0,0.167,106.9
2023,REG,18,00-0039041,E.Higgins,TE,TE,ARI,16333,a01b7698-d67f-4b60-b2fb-4c667336b718,23119.0,,10231.0,,4426844.0,40226.0,,3122914.0,HiggEl00,elijah-higgins-1,16959.0,,1469.0,40226.0,0.0,,1161853.0,Elijah Higgins,elijah higgins,2,2,32.0,0,0.0,0.0,22.0,10.0,1.0,1.8926741,0,1.4545455,0.06896552,0.12941177,0.19403651,,,,,,,,,,,,,,,,,REG,ARI,SEA,Elijah Higgins,HiggEl00,0.0,0.0,0.0,118.7
2023,REG,18,00-0035249,J.Oliver,TE,TE,MIN,14209,dc83f7af-7b30-4c4a-9c93-f67bd8db954b,18487.0,47083.0,5973.0,,3921690.0,31901.0,,2184618.0,OlivJo00,josh-oliver-1,13786.0,14127.0,7.0,31901.0,881779.0,20899.0,881779.0,Josh Oliver,josh oliver,2,3,31.0,0,0.0,0.0,-4.0,29.0,2.0,1.7845304,0,0.0,0.069767445,-0.009975063,0.09766862,,,,,,,,,,,,,,,,,REG,MIN,DET,Josh Oliver,OlivJo00,0.0,0.0,0.0,100.7
2023,REG,18,00-0037838,I.Likely,TE,TE,BAL,15798,f9279edb-cfa7-4f7d-91df-b81cbf3e133e,23781.0,,8131.0,,4361050.0,34095.0,,2961906.0,LikeIs00,isaiah-likely-1,16033.0,,1257.0,34095.0,0.0,,1125111.0,Isaiah Likely,isaiah likely,2,2,31.0,1,0.0,0.0,21.0,10.0,2.0,4.9887395,0,1.4761904,0.07692308,0.13725491,0.21146305,,,,,,,,,,,,,,,,,REG,BAL,PIT,Isaiah Likely,LikeIs00,2.0,0.0,0.0,158.3
2023,REG,18,00-0038996,T.Kraft,TE,TE,GB,16222,3a084c5f-6b9f-4703-a0c7-1566bc4b1129,25298.0,,9484.0,,4572680.0,40102.0,,3133332.0,KrafTu00,,16649.0,,1418.0,40102.0,0.0,,1181874.0,Tucker Kraft,tucker kraft,3,3,31.0,0,0.0,0.0,12.0,19.0,2.0,1.1876136,0,2.5833333,0.09375,0.054298643,0.17863405,,,,,,,,,,,,,,,,,REG,GB,CHI,Tucker Kraft,KrafTu00,0.0,0.0,0.0,109.7
2023,REG,18,00-0034798,D.Smythe,TE,TE,MIA,13676,7e42a22a-c47b-4387-aeeb-2cc2e76dc1d8,17508.0,47257.0,5008.0,,3052897.0,31093.0,,2082845.0,SmytDu00,durham-smythe-1,12807.0,13249.0,,31093.0,749968.0,19943.0,749968.0,Durham Smythe,durham smythe,3,3,30.0,0,0.0,0.0,21.0,9.0,2.0,1.3238561,0,1.4285715,0.11111111,0.06840391,0.2145494,,,,,,,,,,,,,,,,,REG,MIA,BUF,Durham Smythe,SmytDu00,0.0,0.0,0.0,108.3
2023,REG,18,00-0038129,C.Otton,TE,TE,TB,15802,f23517bd-ae85-484a-8ecb-1f7a2d851e48,23181.0,,8111.0,,4243331.0,34062.0,,2815179.0,OttoCa00,cade-otton-1,16032.0,,1261.0,34062.0,0.0,,1049263.0,Cade Otton,cade otton,2,3,30.0,0,0.0,0.0,9.0,25.0,2.0,2.2277954,0,3.3333333,0.09677419,0.0373444,0.17130236,,,,,,,,,,,,,,,,,REG,TB,CAR,Cade Otton,OttoCa00,1.0,0.0,0.0,99.3
2023,REG,18,00-0033858,J.Smith,TE,TE,ATL,13193,e4f25a37-74de-4bfb-b6c9-f50a4fab0b87,16460.0,11855.0,4144.0,,3054212.0,30213.0,,2081506.0,SmitJo01,jonnu-smith-1,11807.0,12344.0,84.0,30213.0,743749.0,18990.0,743749.0,Jonnu Smith,jonnu smith,3,3,29.0,1,0.0,0.0,19.0,10.0,1.0,2.7673469,0,1.5263158,0.0882353,0.09268293,0.197231,,,,,,,,,,,,,,,,,REG,ATL,NO,Jonnu Smith,SmitJo01,2.0,0.0,0.0,146.5
2023,REG,18,00-0039065,S.LaPorta,TE,TE,DET,16214,3059f1e5-1871-4458-9e90-9b9917874c61,22978.0,,10859.0,,4430027.0,40064.0,,3124197.0,LaPoSa01,sam-laporta-1,17033.0,,1429.0,40064.0,0.0,,1168926.0,Sam LaPorta,sam laporta,5,7,29.0,1,0.0,0.0,17.0,16.0,3.0,-0.7146264,0,1.7058823,0.22580644,0.06827309,0.38650084,Sam LaPorta,DET,5.1642857142857155,3.8027882318559185,2.9657142857142844,7.796304641730506,71.42857142857143,29.0,1.0,3.0000000000000013,2.8797543650563058,0.12024563494369556,00-0039065,Sam,LaPorta,S.LaPorta,REG,DET,MIN,Sam LaPorta,LaPoSa01,0.0,0.0,0.0,118.5
2023,REG,18,00-0033357,T.Hill,TE,TE,NO,13424,3c8a55dd-20a8-4375-b711-49eb5e6e1d0e,17115.0,12112.0,4381.0,,2468609.0,30614.0,,2818935.0,HillTa00,,12063.0,12729.0,150.0,30614.0,503184.0,19238.0,503184.0,Taysom Hill,taysom hill,4,4,28.0,0,0.0,0.0,7.0,21.0,2.0,0.79530126,0,4.0,0.16,0.035353534,0.26474747,,,,,,,,,,,,,,,,,REG,NO,ATL,Taysom Hill,HillTa00,1.0,0.0,0.0,95.8
2023,REG,18,00-0036970,K.Pitts,TE,TE,ATL,15329,1f3deb24-9ff8-4769-8f42-825eff7742f6,20164.0,83964.0,7553.0,,4360248.0,33392.0,,2964514.0,PittKy00,kyle-pitts-1,15265.0,,1051.0,33392.0,0.0,,1123026.0,Kyle Pitts,kyle pitts,2,3,27.0,0,0.0,0.0,38.0,3.0,1.0,-3.2249756,0,0.7105263,0.0882353,0.18536586,0.26210904,,,,,,,,,,,,,,,,,REG,ATL,NO,Kyle Pitts,PittKy00,0.0,0.0,0.0,55.6
2023,REG,18,00-0039074,D.Allen,TE,TE,LA,16219,02a77d8c-3b89-4a61-86a2-0c005c1e589a,23761.0,,10214.0,,4426553.0,40164.0,,3123267.0,AlleDa02,davis-allen-1,17030.0,,1434.0,40164.0,0.0,,1161664.0,Davis Allen,davis allen,4,4,25.0,0,0.0,0.0,12.0,13.0,2.0,3.8587458,0,2.0833333,0.17391305,0.077922076,0.31541502,,,,,,,,,,,,,,,,,REG,LA,SF,Davis Allen,AlleDa02,0.0,0.0,0.0,92.7
2023,REG,18,00-0034364,J.Akins,TE,TE,CLE,13753,0cb5a32a-a340-4671-ba2a-93f5fa6aee8d,17415.0,47050.0,5032.0,,3128452.0,31068.0,,2142712.0,AkinJo00,jordan-akins-1,12568.0,13238.0,,31068.0,838396.0,19903.0,838396.0,Jordan Akins,jordan akins,3,6,24.0,0,0.0,0.0,25.0,12.0,2.0,-1.2166722,0,0.96,0.24,0.10775862,0.43543103,Jordan Akins,CLE,5.49,3.8273712764402767,4.293333333333336,10.428305400372444,50.0,24.0,0.0,3.3133333333333326,3.6975968633609377,-0.38426353002760516,00-0034364,Jordan,Akins,J.Akins,REG,CLE,CIN,Jordan Akins,AkinJo00,1.0,2.0,0.333,60.4
2023,REG,18,00-0037282,J.Mitchell,TE,TE,DET,15909,f461da0c-f764-414c-9e0d-2f02e22a68d8,23174.0,,8170.0,,4361988.0,34133.0,,2963242.0,MitcJa00,james-mitchell-2,16035.0,,,34133.0,0.0,,1123712.0,James Mitchell,james mitchell,1,1,24.0,0,0.0,0.0,15.0,9.0,1.0,2.4358368,0,1.6,0.032258064,0.060240965,0.09055577,,,,,,,,,,,,,,,,,REG,DET,MIN,James Mitchell,MitcJa00,0.0,0.0,0.0,118.7
2023,REG,18,00-0037569,P.Hendershot,TE,TE,DAL,16000,944893b0-d30e-11ec-8b77-45b1765fd110,22971.0,,8197.0,,4258248.0,34607.0,,2867545.0,HendPe01,,16041.0,,,34607.0,0.0,,1065138.0,Peyton Hendershot,peyton hendershot,1,1,24.0,0,0.0,0.0,-1.0,25.0,1.0,1.4604499,0,0.0,0.025,-0.0046948357,0.034213614,,,,,,,,,,,,,,,,,REG,DAL,WAS,Peyton Hendershot,HendPe01,0.0,0.0,0.0,118.7
2023,REG,18,00-0036876,K.Granson,TE,TE,IND,15419,bcc0167c-05fd-4b23-981e-60b8784ceb33,22841.0,40630.0,7602.0,,4039160.0,33515.0,,2247146.0,GranKy00,kylen-granson-1,15245.0,,1119.0,33515.0,0.0,,921050.0,Kylen Granson,kylen granson,1,1,23.0,0,0.0,0.0,23.0,0.0,1.0,1.851054,0,1.0,0.04347826,0.0995671,0.13491437,,,,,,,,,,,,,,,,,REG,IND,HOU,Kylen Granson,GranKy00,0.0,0.0,0.0,118.7
2023,REG,18,00-0038046,C.Kolar,TE,TE,BAL,15795,3c048ac9-2c0f-4bf0-9ddc-ce99c9387ac8,22756.0,,8127.0,,4241263.0,34084.0,,2866273.0,KolaCh00,charlie-kolar-1,15924.0,,,34084.0,0.0,,1058648.0,Charlie Kolar,charlie kolar,3,4,23.0,0,0.0,0.0,26.0,3.0,1.0,1.0698323,0,0.88461536,0.15384616,0.16993465,0.3497235,,,,,,,,,,,,,,,,,REG,BAL,PIT,Charlie Kolar,KolaCh00,0.0,1.0,0.25,88.5
2023,REG,18,00-0035689,D.Knox,TE,TE,BUF,14143,5fb525c5-4e70-4ede-8c49-94ad0cf66b7d,18631.0,35883.0,5906.0,,3930086.0,31928.0,,2186345.0,KnoxDa00,dawson-knox-1,13466.0,13953.0,88.0,31928.0,884083.0,20850.0,884083.0,Dawson Knox,dawson knox,2,3,22.0,1,0.0,0.0,21.0,4.0,2.0,1.7644752,0,1.0476191,0.08108108,0.058495823,0.1625687,,,,,,,,,,,,,,,,,REG,BUF,MIA,Dawson Knox,KnoxDa00,0.0,0.0,0.0,127.8
2023,REG,18,00-0037317,N.Muse,TE,TE,MIN,15937,6b5dd4bc-9959-4e0f-94f6-74e2577a022a,24239.0,,8523.0,,4249624.0,34183.0,,2818056.0,MuseNi00,nick-muse-1,16286.0,,,34183.0,0.0,,1049792.0,Nick Muse,nick muse,1,1,22.0,0,0.0,0.0,12.0,10.0,1.0,1.35134,0,1.8333334,0.023255814,0.029925186,0.05583135,,,,,,,,,,,,,,,,,REG,MIN,DET,Nick Muse,MuseNi00,0.0,0.0,0.0,118.7
2023,REG,18,00-0036422,A.Trautman,TE,TE,DEN,14870,4e14183b-f974-4745-9d7f-8f5eb2a92a7d,19423.0,109795.0,6869.0,,3911853.0,32775.0,,2182228.0,TrauAd00,,14541.0,,566.0,32775.0,0.0,21786.0,875444.0,Adam Trautman,adam trautman,1,1,21.0,0,0.0,0.0,10.0,11.0,1.0,1.4541078,0,2.1,0.03125,0.034843206,0.07126524,,,,,,,,,,,,,,,,,REG,DEN,LV,Adam Trautman,TrauAd00,0.0,0.0,0.0,118.7
2023,REG,18,00-0036894,P.Freiermuth,TE,TE,PIT,15331,04f0fefe-9d9d-44f5-94ea-6df2a42df3c6,20163.0,84085.0,7600.0,,4361411.0,33443.0,,2961270.0,FreiPa00,pat-freiermuth-1,15267.0,,1053.0,33443.0,0.0,,1116662.0,Pat Freiermuth,pat freiermuth,2,2,21.0,0,0.0,0.0,14.0,7.0,1.0,1.7229719,0,1.5,0.1,0.19444445,0.28611112,,,,,,,,,,,,,,,,,REG,PIT,BAL,Pat Freiermuth,FreiPa00,0.0,0.0,0.0,110.4
2023,REG,18,00-0036429,C.Woerner,TE,TE,SF,14984,527dfee0-a242-4dc7-830a-ab7028308259,19665.0,42257.0,7075.0,,4035020.0,32860.0,,2248629.0,WoerCh00,charlie-woerner-1,14608.0,,,32860.0,0.0,22119.0,922040.0,Charlie Woerner,charlie woerner,1,1,20.0,0,0.0,0.0,11.0,9.0,1.0,1.3777941,0,1.8181819,0.04,0.043650795,0.090555556,,,,,,,,,,,,,,,,,REG,SF,LA,Charlie Woerner,WoerCh00,0.0,0.0,0.0,118.7
2023,REG,18,00-0033217,M.Alie-Cox,TE,TE,IND,13246,8809c0dd-786b-4255-a7d0-333c9498c19a,16579.0,12078.0,4054.0,moalie-cox/2558832,2998565.0,30112.0,,2815925.0,AlieMo00,,12196.0,12221.0,195.0,30112.0,712506.0,18900.0,712506.0,Mo Alie-Cox,mo alie-cox,2,4,18.0,0,0.0,0.0,64.0,7.0,1.0,-0.63214135,1,0.28125,0.17391305,0.27705628,0.45480895,,,,,,,,,,,,,,,,,REG,IND,HOU,Mo Alie-Cox,AlieMo00,0.0,0.0,0.0,62.5
2023,REG,18,00-0037086,G.Calcaterra,TE,TE,PHI,15804,f6988cfa-2dcf-490b-ac80-9af8e4292efa,24180.0,,8177.0,,4241374.0,34154.0,,2804129.0,CalcGr00,grant-calcaterra-1,16039.0,,,34154.0,0.0,,976221.0,Grant Calcaterra,grant calcaterra,2,2,18.0,0,0.0,0.0,5.0,13.0,1.0,1.0887767,0,3.6,0.060606062,0.015197569,0.10154739,,,,,,,,,,,,,,,,,REG,PHI,NYG,Grant Calcaterra,CalcGr00,0.0,0.0,0.0,104.2
2023,REG,18,00-0031585,M.Pruitt,TE,TE,ATL,12309,f22b34cf-6ecf-4522-9c77-1da275dfda7d,13964.0,9576.0,2446.0,,2508256.0,28531.0,,1760327.0,PruiMy00,,10251.0,10522.0,,28531.0,552586.0,16903.0,552586.0,MyCole Pruitt,mycole pruitt,1,1,17.0,0,0.0,0.0,5.0,12.0,1.0,1.3876643,0,3.4,0.029411765,0.024390243,0.061190818,,,,,,,,,,,,,,,,,REG,ATL,NO,MyCole Pruitt,PruiMy00,0.0,0.0,0.0,118.7
2023,REG,18,00-0034270,T.Conklin,TE,TE,NYJ,13675,f0d17dfa-ebf3-416c-a8d2-c6bc30675103,17598.0,47327.0,5133.0,,3915486.0,31220.0,,2165249.0,ConkTy00,tyler-conklin-1,12809.0,13220.0,489.0,31127.0,861278.0,19988.0,861278.0,Tyler Conklin,tyler conklin,2,3,16.0,0,0.0,0.0,9.0,10.0,0.0,-0.8716527,0,1.7777778,0.16666667,0.060402684,0.29228187,,,,,,,,,,,,,,,,,REG,NYJ,NE,Tyler Conklin,ConkTy00,0.0,0.0,0.0,79.9
2023,REG,18,00-0037475,S.Smartt,TE,TE,LAC,16113,6ee105f0-ca2e-11ec-be96-e90abdfa0fef,24621.0,,8583.0,,4250764.0,34637.0,,2864800.0,SmarSt00,,16321.0,,,34637.0,0.0,,1056865.0,Stone Smartt,stone smartt,2,3,14.0,0,0.0,0.0,31.0,3.0,0.0,-0.77152705,0,0.4516129,0.06666667,0.11481482,0.18037038,,,,,,,,,,,,,,,,,REG,LAC,KC,Stone Smartt,SmarSt00,0.0,0.0,0.0,77.1
2023,REG,18,00-0037306,J.FitzPatrick,TE,TE,ATL,15925,b221f4da-3c7c-4f51-b3f0-d2c68d5d9369,24181.0,,8500.0,,4379401.0,34169.0,,2975736.0,FitzJo00,john-fitzpatrick-2,16170.0,,,34169.0,0.0,,1131017.0,John FitzPatrick,john fitzpatrick,1,1,12.0,0,0.0,0.0,2.0,10.0,1.0,0.7121124,0,6.0,0.029411765,0.009756098,0.050946914,,,,,,,,,,,,,,,,,REG,ATL,NO,John FitzPatrick,FitzJo00,0.0,0.0,0.0,116.7
2023,REG,18,00-0034613,T.Hudson,TE,TE,CIN,14370,2fa75e05-cac4-4b40-8924-dbc9ae0c959c,17826.0,66924.0,5409.0,,3050481.0,31257.0,,2926606.0,,,13286.0,,,31257.0,1115394.0,20506.0,1115394.0,Tanner Hudson,tanner hudson,2,2,11.0,0,0.0,0.0,-9.0,20.0,0.0,-0.99725765,0,0.0,0.071428575,-0.091836736,0.042857144,,,,,,,,,,,,,,,,,,,,,,,,,
2023,REG,18,00-0036741,J.Stoll,TE,TE,PHI,15541,0560d134-d316-4cda-9d48-34d32267af68,23193.0,42058.0,7946.0,,4034862.0,33891.0,,2239684.0,StolJa00,,15510.0,,,33891.0,0.0,,911985.0,Jack Stoll,jack stoll,1,1,11.0,0,0.0,0.0,3.0,8.0,1.0,2.0907607,0,3.6666667,0.030303031,0.009118541,0.051837523,,,,,,,,,,,,,,,,,REG,PHI,NYG,Jack Stoll,StolJa00,0.0,0.0,0.0,112.5
2023,REG,18,00-0037005,T.Tremble,TE,TE,CAR,15332,cbee2fd3-e5f2-4316-bffd-531f1873f032,22795.0,84025.0,7694.0,,4372780.0,33471.0,,2969027.0,TremTo00,tommy-tremble-1,15371.0,,1054.0,33471.0,0.0,,1130555.0,Tommy Tremble,tommy tremble,2,2,11.0,0,0.0,0.0,1.0,10.0,0.0,-0.3926523,0,11.0,0.11111111,0.00952381,0.17333333,,,,,,,,,,,,,,,,,REG,CAR,TB,Tommy Tremble,TremTo00,0.0,0.0,0.0,89.6
2023,REG,18,00-0039144,L.Musgrave,TE,TE,GB,16215,77a4fb49-3c6c-4aa1-8a21-20956e2d2240,25282.0,,9481.0,,4428085.0,40074.0,,3129283.0,MusgLu00,luke-musgrave-1,16663.0,,1430.0,40074.0,0.0,,1179790.0,Luke Musgrave,luke musgrave,1,1,11.0,0,0.0,0.0,6.0,5.0,0.0,0.7659001,0,1.8333334,0.03125,0.027149322,0.065879524,,,,,,,,,,,,,,,,,REG,GB,CHI,Luke Musgrave,MusgLu00,0.0,0.0,0.0,112.5
2023,REG,18,00-0031260,L.Thomas,TE,TE,WAS,11647,b24625a0-d402-4d59-a778-aa4b073bfe5e,12095.0,8755.0,2251.0,loganthomas/2543767,16813.0,27648.0,,1691193.0,ThomLo00,logan-thomas-1,9323.0,9354.0,,27648.0,507528.0,16656.0,507528.0,Logan Thomas,logan thomas,1,2,9.0,0,0.0,0.0,12.0,0.0,0.0,0.20852262,0,0.75,0.071428575,0.077922076,0.16168831,,,,,,,,,,,,,,,,,REG,WAS,DAL,Logan Thomas,ThomLo00,0.0,0.0,0.0,62.5
2023,REG,18,00-0036244,C.Parkinson,TE,TE,SEA,14871,1ea7affb-e5e7-491a-aaa3-55e200b2eb48,19372.0,52266.0,6865.0,,4242557.0,32803.0,,2867522.0,ParkCo02,colby-parkinson-1,14463.0,,565.0,32803.0,0.0,21807.0,1060312.0,Colby Parkinson,colby parkinson,3,4,8.0,0,0.0,0.0,9.0,3.0,0.0,-1.9418106,0,0.8888889,0.15384616,0.056603774,0.27039188,,,,,,,,,,,,,,,,,REG,SEA,ARI,Colby Parkinson,ParkCo02,0.0,1.0,0.25,77.1
2023,REG,18,00-0035631,D.Sample,TE,TE,CIN,14146,15a4f552-ecaf-45bd-9006-aa5dda93bee6,18561.0,47259.0,6001.0,,3127310.0,31884.0,,2139646.0,SampDr00,drew-sample-1,13809.0,14111.0,435.0,31884.0,837824.0,20931.0,837824.0,Drew Sample,drew sample,2,2,7.0,0,0.0,0.0,-6.0,13.0,1.0,-0.20044729,0,0.0,0.071428575,-0.06122449,0.06428572,,,,,,,,,,,,,,,,,REG,CIN,CLE,Drew Sample,SampDr00,0.0,0.0,0.0,81.2
2023,REG,18,00-0033576,E.Saubert,TE,TE,HOU,13315,582dc00e-e7ec-4ca7-bff0-f7b1d604017b,16706.0,11929.0,4189.0,,2975863.0,30287.0,,2001018.0,SaubEr00,,11897.0,12300.0,,30287.0,694931.0,19035.0,694931.0,Eric Saubert,eric saubert,1,1,5.0,0,0.0,0.0,5.0,0.0,1.0,0.41896,0,1.0,0.03846154,0.019157087,0.07110227,,,,,,,,,,,,,,,,,REG,HOU,IND,Eric Saubert,SaubEr00,0.0,0.0,0.0,87.5
2023,REG,18,00-0034365,I.Thomas,TE,TE,CAR,13678,ed8a8fd2-df67-45e7-a34f-984afb82f6ea,17387.0,42130.0,4995.0,,4045305.0,31071.0,,2253359.0,ThomIa00,ian-thomas-3,12858.0,13163.0,323.0,31071.0,943093.0,19910.0,943093.0,Ian Thomas,ian thomas,1,2,5.0,0,0.0,0.0,28.0,8.0,0.0,-1.2711384,0,0.17857143,0.11111111,0.26666668,0.35333332,,,,,,,,,,,,,,,,,REG,CAR,TB,Ian Thomas,ThomIa00,0.0,1.0,0.5,56.2
2023,REG,18,00-0034829,M.Gesicki,TE,TE,NE,13672,1012cbe0-7eba-4169-bfca-183a0204e1a7,17272.0,47153.0,4993.0,,3116164.0,31012.0,,2139298.0,GesiMi00,mike-gesicki-1,12764.0,13104.0,330.0,31012.0,836152.0,19853.0,836152.0,Mike Gesicki,mike gesicki,1,3,5.0,0,0.0,0.0,31.0,3.0,0.0,-1.8839296,0,0.16129032,0.10344828,0.10508475,0.22873174,,,,,,,,,,,,,,,,,REG,NE,NYJ,Mike Gesicki,GesiMi00,0.0,0.0,0.0,42.4
2023,REG,18,00-0033895,G.Everett,TE,TE,LAC,13236,ebeceb00-57e0-4b74-9cf7-853da2afed18,16459.0,11799.0,4089.0,,3918639.0,30157.0,,2142692.0,EverGe00,gerald-everett-1,11737.0,12284.0,55.0,30157.0,838487.0,18935.0,838487.0,Gerald Everett,gerald everett,1,1,4.0,0,0.0,0.0,4.0,0.0,0.0,-0.09760175,0,1.0,0.022222223,0.014814815,0.043703705,,,,,,,,,,,,,,,,,REG,LAC,KC,Gerald Everett,EverGe00,0.0,0.0,0.0,83.3
2023,REG,18,00-0034351,D.Goedert,TE,TE,PHI,13674,e8029983-87cf-49a2-bc04-04c8233a0630,17270.0,47272.0,5022.0,,3121023.0,31019.0,,2132551.0,GoedDa00,,12860.0,13151.0,382.0,31019.0,791365.0,19863.0,791365.0,Dallas Goedert,dallas goedert,1,3,4.0,0,0.0,0.0,32.0,0.0,0.0,-3.8355536,0,0.125,0.09090909,0.09726444,0.20444874,,,,,,,,,,,,,,,,,REG,PHI,NYG,Dallas Goedert,GoedDa00,0.0,0.0,0.0,42.4
2023,REG,18,00-0037304,C.Heyward,TE,TE,PIT,15800,62e96d7c-e4dd-4a90-8c3a-8017eb69120d,24562.0,,8181.0,,4241961.0,34163.0,,2867599.0,HeywCo00,connor-heyward-1,15916.0,,,34163.0,0.0,,1057457.0,Connor Heyward,connor heyward,2,2,4.0,0,0.0,0.0,-2.0,6.0,1.0,-0.32543916,0,0.0,0.1,-0.027777778,0.13055556,,,,,,,,,,,,,,,,,REG,PIT,BAL,Connor Heyward,HeywCo00,0.0,0.0,0.0,79.2
2023,REG,18,00-0032062,B.Bell,TE,TE,KC,12213,0cc4e449-185a-4b08-9f07-c907ad0c3e05,13966.0,9550.0,2422.0,,2514206.0,28505.0,,1737101.0,BellBl00,blake-bell-1,10248.0,10366.0,,28505.0,542871.0,16878.0,542871.0,Blake Bell,blake bell,1,2,3.0,0,0.0,0.0,12.0,4.0,0.0,-1.9959024,0,0.25,0.06896552,0.07017544,0.15257108,,,,,,,,,,,,,,,,,REG,KC,LAC,Blake Bell,BellBl00,0.0,0.0,0.0,56.2
2023,REG,18,00-0032394,N.Vannett,TE,TE,LAC,12680,c731aa8a-778b-4ccd-a19f-517eb66f47b7,15645.0,10728.0,3258.0,,2576399.0,29328.0,,1871322.0,VannNi00,nick-vannett-1,10949.0,11329.0,,29328.0,606488.0,18019.0,606488.0,Nick Vannett,nick vannett,1,1,3.0,0,0.0,0.0,3.0,0.0,1.0,0.17008013,0,1.0,0.022222223,0.011111111,0.04111111,,,,,,,,,,,,,,,,,REG,LAC,KC,Nick Vannett,VannNi00,0.0,0.0,0.0,79.2
2023,REG,18,00-0034981,F.Moreau,TE,TE,NO,14239,9c3a67fd-5c6e-4689-9e08-9ff6d4db6c9a,18397.0,47043.0,5985.0,,3843945.0,31969.0,,2180634.0,MoreFo00,foster-moreau-1,13822.0,14154.0,179.0,31969.0,865573.0,20884.0,865573.0,Foster Moreau,foster moreau,1,1,3.0,0,0.0,0.0,1.0,2.0,0.0,-0.29903606,0,3.0,0.04,0.005050505,0.063535355,,,,,,,,,,,,,,,,,REG,NO,ATL,Foster Moreau,MoreFo00,0.0,0.0,0.0,79.2
2023,REG,18,00-0038720,J.Hill,TE,TE,MIA,16425,516da3c0-f016-11ed-a518-572ef5cb73b6,25824.0,,11371.0,,4365395.0,40629.0,,2961743.0,HillJu02,,17335.0,,,40629.0,0.0,,1123630.0,Julian Hill,julian hill,1,2,2.0,0,0.0,0.0,0.0,1.0,0.0,-1.3895571,0,0.0,0.074074075,0.0,0.11111111,,,,,,,,,,,,,,,,,REG,MIA,BUF,Julian Hill,HillJu02,0.0,0.0,0.0,56.2
2023,REG,18,00-0033439,P.Brown,TE,TE,NE,13994,6733b953-de77-44e5-acbf-c2d3a0940243,16937.0,12247.0,4443.0,,2971281.0,30627.0,,2819155.0,BrowPh01,,11887.0,12737.0,,30627.0,689689.0,19304.0,689689.0,Pharaoh Brown,pharaoh brown,1,3,0.0,0,0.0,0.0,17.0,0.0,0.0,-4.937883,0,0.0,0.10344828,0.05762712,0.1955114,,,,,,,,,,,,,,,,,REG,NE,NYJ,Pharaoh Brown,BrowPh01,0.0,0.0,0.0,42.4
2023,REG,18,00-0033757,R.Tonyan,TE,TE,CHI,13427,7c9c7800-69d0-459b-812b-a07ac48e9f2a,16502.0,12193.0,4602.0,,2975674.0,30777.0,,2820026.0,TonyRo00,,12389.0,12868.0,,30777.0,660151.0,19491.0,660151.0,Robert Tonyan,robert tonyan,0,1,0.0,0,0.0,0.0,17.0,0.0,0.0,-0.46885487,0,0.0,0.0625,0.11971831,0.17755282,,,,,,,,,,,,,,,,,REG,CHI,GB,Robert Tonyan,TonyRo00,0.0,0.0,0.0,39.6
2023,REG,18,00-0034193,K.Rader,TE,TE,TEN,14363,1ea6e870-84ff-44ba-8302-f0f08623fa26,17802.0,30887.0,5171.0,,3049290.0,31441.0,,2925426.0,,,13119.0,13623.0,,31441.0,840531.0,20134.0,840531.0,Kevin Rader,kevin rader,0,2,0.0,0,0.0,0.0,30.0,0.0,0.0,-1.1931139,0,0.0,0.07692308,0.19736843,0.2535425,,,,,,,,,,,,,,,,,,,,,,,,,
2023,REG,18,00-0036438,S.Sullivan,TE,TE,CAR,15026,a41b8454-0326-4c56-87a2-f2aac3814961,19641.0,40411.0,6970.0,,4035426.0,32921.0,,2223251.0,SullSt00,stephen-sullivan-1,14570.0,,,32921.0,0.0,21865.0,910808.0,Stephen Sullivan,stephen sullivan,0,2,0.0,0,0.0,0.0,5.0,0.0,0.0,-0.8445045,0,0.0,0.11111111,0.04761905,0.2,,,,,,,,,,,,,,,,,REG,CAR,TB,Stephen Sullivan,SullSt00,0.0,1.0,0.5,39.6
2023,REG,18,00-0036628,J.Bates,TE,TE,WAS,15344,3208880b-949f-4926-85eb-1940770550ea,22833.0,42275.0,7716.0,,4048228.0,33512.0,,2257291.0,BateJo00,john-bates-1,15289.0,,,33512.0,0.0,,944038.0,John Bates,john bates,0,1,0.0,0,0.0,0.0,30.0,0.0,0.0,-0.48415515,0,0.0,0.035714287,0.19480519,0.18993506,,,,,,,,,,,,,,,,,REG,WAS,DAL,John Bates,BateJo00,0.0,0.0,0.0,39.6
2023,REG,18,00-0036637,N.Gray,TE,TE,KC,15337,c97dfcb6-b999-476f-8487-f3848e92df17,19539.0,60878.0,7828.0,,4240472.0,33550.0,,2866903.0,GrayNo00,noah-gray-1,15459.0,,1059.0,33550.0,0.0,,1056981.0,Noah Gray,noah gray,0,3,0.0,0,0.0,0.0,6.0,0.0,0.0,-4.1900897,0,0.0,0.10344828,0.03508772,0.17973381,,,,,,,,,,,,,,,,,REG,KC,LAC,Noah Gray,GrayNo00,0.0,1.0,0.333,39.6
2023,REG,18,00-0037539,L.Krull,TE,TE,DEN,15970,767b4820-cc9f-11ec-952e-a10f2c98fc4d,24240.0,,8249.0,,4360231.0,34654.0,,2961761.0,KrulLu00,,16259.0,,1328.0,34654.0,0.0,,1122323.0,Lucas Krull,lucas krull,0,1,0.0,0,0.0,0.0,38.0,0.0,0.0,-0.5469443,0,0.0,0.03125,0.13240418,0.13955793,,,,,,,,,,,,,,,,,REG,DEN,LV,Lucas Krull,KrulLu00,0.0,0.0,0.0,39.6
2023,REG,18,00-0038394,W.Mallory,TE,TE,IND,16220,5d4a5e4f-7c74-4b4c-b8e5-33bb831e3057,23821.0,,10220.0,,4362523.0,40180.0,,2962073.0,MallWi00,will-mallory-1,17014.0,,1435.0,,0.0,,1121873.0,Will Mallory,will mallory,0,1,0.0,0,0.0,0.0,9.0,0.0,0.0,-0.78322613,0,0.0,0.04347826,0.038961038,0.09249012,,,,,,,,,,,,,,,,,REG,IND,HOU,Will Mallory,MallWi00,0.0,0.0,0.0,39.6
2023,POST,19,00-0033885,D.Njoku,TE,TE,CLE,13192,8f86fcea-90e8-49ea-bc78-5c7659313e57,16399.0,11784.0,4033.0,,3123076.0,30142.0,,2136474.0,NjokDa00,david-njoku-1,11734.0,12186.0,252.0,30142.0,832098.0,18876.0,832098.0,David Njoku,david njoku,7,11,93.0,0,0.0,0.0,135.0,19.0,4.0,1.9344398,0,0.6888889,0.25581396,0.4770318,0.7176432,David Njoku,CLE,4.858333333333334,2.6610238469688885,11.95727272727273,45.44606454287888,63.63636363636363,93.0,0.0,2.8485714285714274,2.088306280068726,0.7602651485027012,00-0033885,David,Njoku,D.Njoku,WC,CLE,HOU,David Njoku,NjokDa00,0.0,0.0,0.0,90.3
2023,POST,19,00-0038041,J.Ferguson,TE,TE,DAL,15799,f46eab3d-d7dd-4420-b3f9-6da9ac1308ab,22718.0,,8110.0,,4242355.0,34085.0,,2867159.0,FergJa00,jake-ferguson-1,15947.0,,1258.0,34085.0,0.0,,1065361.0,Jake Ferguson,jake ferguson,10,12,93.0,3,0.0,0.0,75.0,27.0,7.0,10.352435,0,1.24,0.20689656,0.1527495,0.41726947,Jake Ferguson,DAL,8.00625,3.2724798105309802,6.449166666666667,15.969872059430454,83.33333333333334,93.0,3.0,3.0419999999999994,2.542048172406601,0.4999518275933985,00-0038041,Jake,Ferguson,J.Ferguson,WC,DAL,GB,Jake Ferguson,FergJa00,0.0,0.0,0.0,138.5
2023,POST,19,00-0038129,C.Otton,TE,TE,TB,15802,f23517bd-ae85-484a-8ecb-1f7a2d851e48,23181.0,,8111.0,,4243331.0,34062.0,,2815179.0,OttoCa00,cade-otton-1,16032.0,,1261.0,34062.0,0.0,,1049263.0,Cade Otton,cade otton,8,11,89.0,0,0.0,0.0,60.0,51.0,5.0,5.2584496,0,1.4833333,0.31428573,0.18691589,0.6022697,Cade Otton,TB,5.30375,2.729366978309388,4.945454545454546,18.353576248313093,72.72727272727273,89.0,0.0,7.0525,5.6065608702959615,1.4459391297040387,00-0038129,Cade,Otton,C.Otton,WC,TB,PHI,Cade Otton,OttoCa00,0.0,3.0,0.273,96.4
2023,POST,19,00-0036556,B.Jordan,TE,TE,HOU,15330,8ffb5c07-4aa1-4796-b1ab-30c1ab0ccc4c,20162.0,77887.0,7568.0,,4362504.0,33535.0,,2964787.0,JordBr00,brevin-jordan-1,15369.0,,1052.0,33535.0,0.0,,1121871.0,Brevin Jordan,brevin jordan,1,1,76.0,1,0.0,0.0,4.0,72.0,1.0,5.6972885,0,19.0,0.045454547,0.019417476,0.08177405,,,,,,,,,,,,,,,,,WC,HOU,CLE,Brevin Jordan,JordBr00,0.0,0.0,0.0,158.3
2023,POST,19,00-0036894,P.Freiermuth,TE,TE,PIT,15331,04f0fefe-9d9d-44f5-94ea-6df2a42df3c6,20163.0,84085.0,7600.0,,4361411.0,33443.0,,2961270.0,FreiPa00,pat-freiermuth-1,15267.0,,1053.0,33443.0,0.0,,1116662.0,Pat Freiermuth,pat freiermuth,5,8,76.0,0,1.0,0.0,64.0,34.0,3.0,2.8319876,0,1.1875,0.21052632,0.22695035,0.47465473,Pat Freiermuth,PIT,6.221666666666667,4.117499290542012,8.215,22.046293190204633,62.5,76.0,0.0,7.003999999999998,5.760509437634118,1.2434905623658796,00-0036894,Pat,Freiermuth,P.Freiermuth,WC,PIT,BUF,Pat Freiermuth,FreiPa00,1.0,0.0,0.0,93.7
2023,POST,19,00-0030506,T.Kelce,TE,TE,KC,11244,c3859e06-5f23-4302-a71b-04820a899d5f,11594.0,7844.0,1466.0,traviskelce/2540258,15847.0,26686.0,,1725130.0,KelcTr00,travis-kelce-1,8783.0,8411.0,264.0,26686.0,448240.0,15048.0,448240.0,Travis Kelce,travis kelce,7,10,71.0,0,0.0,0.0,52.0,44.0,3.0,4.4132934,0,1.3653846,0.29411766,0.18705036,0.5721117,Travis Kelce,KC,7.933000000000002,5.376927424227199,4.747000000000001,17.592558277433938,70.0,71.0,0.0,6.378571428571427,6.054077966482899,0.3244934620885278,00-0030506,Travis,Kelce,T.Kelce,WC,KC,MIA,Travis Kelce,KelcTr00,0.0,0.0,0.0,90.0
2023,POST,19,00-0036232,H.Bryant,TE,TE,CLE,14875,f58a5899-8b78-46e8-a29a-ba6273b7d872,19389.0,26394.0,6850.0,,4040774.0,32785.0,,2241240.0,BryaHa00,harrison-bryant-1,14576.0,,752.0,32785.0,0.0,21783.0,916467.0,Harrison Bryant,harrison bryant,4,6,65.0,0,0.0,0.0,46.0,36.0,2.0,-2.251341,0,1.4130435,0.13953489,0.16254418,0.32308325,Harrison Bryant,CLE,6.863333333333333,2.619758657845527,7.631666666666665,15.821297767949691,66.66666666666666,65.0,0.0,9.695000000000002,9.066347579609655,0.6286524203903472,00-0036232,Harrison,Bryant,H.Bryant,WC,CLE,HOU,Harrison Bryant,BryaHa00,0.0,0.0,0.0,63.2
2023,POST,19,00-0038933,D.Kincaid,TE,TE,BUF,16213,b961fa15-0676-4948-b95f-56d06319d40e,25247.0,,10236.0,,4385690.0,40048.0,,2982991.0,KincDa00,dalton-kincaid-1,16697.0,,1428.0,40048.0,0.0,,1135513.0,Dalton Kincaid,dalton kincaid,3,6,59.0,1,0.0,0.0,85.0,11.0,3.0,1.995391,0,0.69411767,0.2,0.43814433,0.606701,Dalton Kincaid,BUF,5.612,1.660907763288769,14.183333333333332,45.00264410364885,50.0,59.0,1.0,3.849999999999999,2.345338678802212,1.504661321197787,00-0038933,Dalton,Kincaid,D.Kincaid,WC,BUF,PIT,Dalton Kincaid,KincDa00,0.0,1.0,0.167,124.3
2023,POST,19,00-0039144,L.Musgrave,TE,TE,GB,16215,77a4fb49-3c6c-4aa1-8a21-20956e2d2240,25282.0,,9481.0,,4428085.0,40074.0,,3129283.0,MusgLu00,luke-musgrave-1,16663.0,,1430.0,40074.0,0.0,,1179790.0,Luke Musgrave,luke musgrave,3,3,52.0,1,0.0,0.0,30.0,22.0,3.0,5.3661532,0,1.7333333,0.14285715,0.12875536,0.30441448,,,,,,,,,,,,,,,,,WC,GB,DAL,Luke Musgrave,MusgLu00,0.0,0.0,0.0,158.3
2023,POST,19,00-0034383,D.Schultz,TE,TE,HOU,13772,8caec1b4-e0b6-4a84-b8c8-617d6e91ef6a,17349.0,47304.0,5001.0,,3117256.0,31107.0,,2136748.0,SchuDa00,dalton-schultz-1,12514.0,13198.0,487.0,31107.0,830523.0,19920.0,830523.0,Dalton Schultz,dalton schultz,1,2,37.0,1,0.0,0.0,53.0,1.0,1.0,4.2928557,0,0.6981132,0.09090909,0.25728154,0.31646073,,,,,,,,,,,,,,,,,WC,HOU,CLE,Dalton Schultz,SchuDa00,0.0,0.0,0.0,135.4
2023,POST,19,00-0039074,D.Allen,TE,TE,LA,16219,02a77d8c-3b89-4a61-86a2-0c005c1e589a,23761.0,,10214.0,,4426553.0,40164.0,,3123267.0,AlleDa02,davis-allen-1,17030.0,,1434.0,40164.0,0.0,,1161664.0,Davis Allen,davis allen,2,2,28.0,0,0.0,0.0,9.0,19.0,1.0,2.1887522,0,3.1111112,0.05882353,0.028301887,0.10804661,,,,,,,,,,,,,,,,,WC,LA,DET,Davis Allen,AlleDa02,3.0,0.0,0.0,118.7
2023,POST,19,00-0034351,D.Goedert,TE,TE,PHI,13674,e8029983-87cf-49a2-bc04-04c8233a0630,17270.0,47272.0,5022.0,,3121023.0,31019.0,,2132551.0,GoedDa00,,12860.0,13151.0,382.0,31019.0,791365.0,19863.0,791365.0,Dallas Goedert,dallas goedert,4,6,21.0,1,0.0,0.0,37.0,7.0,1.0,-1.6885711,0,0.5675676,0.1875,0.1456693,0.3832185,Dallas Goedert,PHI,4.166666666666667,2.995256625138492,6.003333333333333,14.475746493590002,66.66666666666666,21.0,1.0,2.28,1.9248423423411163,0.3551576576588835,00-0034351,Dallas,Goedert,D.Goedert,WC,PHI,TB,Dallas Goedert,GoedDa00,0.0,1.0,0.167,111.8
2023,POST,19,00-0036637,N.Gray,TE,TE,KC,15337,c97dfcb6-b999-476f-8487-f3848e92df17,19539.0,60878.0,7828.0,,4240472.0,33550.0,,2866903.0,GrayNo00,noah-gray-1,15459.0,,1059.0,33550.0,0.0,,1056981.0,Noah Gray,noah gray,1,1,20.0,0,0.0,0.0,19.0,1.0,1.0,1.8712535,0,1.0526316,0.029411765,0.06834532,0.09195937,,,,,,,,,,,,,,,,,WC,KC,MIA,Noah Gray,GrayNo00,0.0,0.0,0.0,118.7
2023,POST,19,00-0039050,P.Durham,TE,TE,TB,16218,c4a8b4c9-5db8-4187-852b-9557bef8724e,25346.0,,10227.0,,4372505.0,40193.0,,2968469.0,DurhPa00,payne-durham-1,16720.0,,,40193.0,0.0,,1130260.0,Payne Durham,payne durham,1,1,18.0,0,0.0,0.0,7.0,11.0,1.0,1.1097155,0,2.5714285,0.028571429,0.021806853,0.058121942,,,,,,,,,,,,,,,,,WC,TB,PHI,Payne Durham,DurhPa00,0.0,0.0,0.0,118.7
2023,POST,19,00-0038996,T.Kraft,TE,TE,GB,16222,3a084c5f-6b9f-4703-a0c7-1566bc4b1129,25298.0,,9484.0,,4572680.0,40102.0,,3133332.0,KrafTu00,,16649.0,,1418.0,40102.0,0.0,,1181874.0,Tucker Kraft,tucker kraft,2,3,15.0,0,0.0,0.0,7.0,9.0,1.0,-0.19778986,0,2.142857,0.14285715,0.030042918,0.23531576,,,,,,,,,,,,,,,,,WC,GB,DAL,Tucker Kraft,KrafTu00,0.0,1.0,0.333,78.5
2023,POST,19,00-0039065,S.LaPorta,TE,TE,DET,16214,3059f1e5-1871-4458-9e90-9b9917874c61,22978.0,,10859.0,,4430027.0,40064.0,,3124197.0,LaPoSa01,sam-laporta-1,17033.0,,1429.0,40064.0,0.0,,1168926.0,Sam LaPorta,sam laporta,3,3,14.0,1,0.0,0.0,4.0,10.0,1.0,2.3536022,0,3.5,0.115384616,0.028985508,0.19336678,,,,,,,,,,,,,,,,,WC,DET,LA,Sam LaPorta,LaPoSa01,1.0,0.0,0.0,125.7
2023,POST,19,00-0034798,D.Smythe,TE,TE,MIA,13676,7e42a22a-c47b-4387-aeeb-2cc2e76dc1d8,17508.0,47257.0,5008.0,,3052897.0,31093.0,,2082845.0,SmytDu00,durham-smythe-1,12807.0,13249.0,,31093.0,749968.0,19943.0,749968.0,Durham Smythe,durham smythe,3,4,12.0,0,0.0,0.0,8.0,3.0,0.0,-3.61115,0,1.5,0.10526316,0.028070176,0.17754386,,,,,,,,,,,,,,,,,WC,MIA,KC,Durham Smythe,SmytDu00,0.0,0.0,0.0,77.1
2023,POST,19,00-0035689,D.Knox,TE,TE,BUF,14143,5fb525c5-4e70-4ede-8c49-94ad0cf66b7d,18631.0,35883.0,5906.0,,3930086.0,31928.0,,2186345.0,KnoxDa00,dawson-knox-1,13466.0,13953.0,88.0,31928.0,884083.0,20850.0,884083.0,Dawson Knox,dawson knox,1,2,9.0,1,0.0,0.0,19.0,0.0,1.0,1.3790604,0,0.47368422,0.06666667,0.09793814,0.1685567,,,,,,,,,,,,,,,,,WC,BUF,PIT,Dawson Knox,KnoxDa00,0.0,1.0,0.5,102.1
2023,POST,19,00-0038547,L.Schoonmaker,TE,TE,DAL,16221,143957a7-4649-4a19-b351-e606edc75ebd,25267.0,,10871.0,,4372096.0,40061.0,,2968473.0,SchoLu00,luke-schoonmaker-1,16855.0,,1382.0,40061.0,0.0,,1130242.0,Luke Schoonmaker,luke schoonmaker,1,1,7.0,0,0.0,0.0,2.0,5.0,0.0,0.5967301,0,3.5,0.01724138,0.00407332,0.028713392,,,,,,,,,,,,,,,,,WC,DAL,GB,Luke Schoonmaker,SchoLu00,0.0,0.0,0.0,95.8
2023,POST,19,00-0037304,C.Heyward,TE,TE,PIT,15800,62e96d7c-e4dd-4a90-8c3a-8017eb69120d,24562.0,,8181.0,,4241961.0,34163.0,,2867599.0,HeywCo00,connor-heyward-1,15916.0,,,34163.0,0.0,,1057457.0,Connor Heyward,connor heyward,1,1,5.0,0,0.0,0.0,5.0,0.0,0.0,0.061546344,0,1.0,0.02631579,0.017730497,0.05188503,,,,,,,,,,,,,,,,,WC,PIT,BUF,Connor Heyward,HeywCo00,0.0,0.0,0.0,87.5
2023,POST,19,00-0033110,T.Higbee,TE,TE,LA,12678,0df7912d-9e81-47ea-b4f7-d04986df4ee8,15623.0,10744.0,3271.0,,2573401.0,29344.0,,1853103.0,HigbTy00,tyler-higbee-1,10854.0,11430.0,159.0,29344.0,604176.0,18032.0,604176.0,Tyler Higbee,tyler higbee,0,1,0.0,0,0.0,0.0,10.0,0.0,0.0,-0.47049278,0,0.0,0.029411765,0.031446543,0.06613023,,,,,,,,,,,,,,,,,WC,LA,DET,Tyler Higbee,HigbTy00,0.0,0.0,0.0,39.6
2023,POST,19,00-0038558,D.Washington,TE,TE,PIT,16216,1984b8b5-d206-4d6a-8204-c5dd0160e9f5,22967.0,,9479.0,,4430802.0,40094.0,,3163963.0,WashDa03,darnell-washington-1,16889.0,,1431.0,40094.0,0.0,,1218658.0,Darnell Washington,darnell washington,0,1,0.0,0,0.0,0.0,0.0,0.0,0.0,-0.57281977,0,,0.02631579,0.0,0.039473683,,,,,,,,,,,,,,,,,WC,PIT,BUF,Darnell Washington,WashDa03,0.0,0.0,0.0,39.6
2023,POST,20,00-0033288,G.Kittle,TE,TE,SF,13299,2ada91b0-036e-454f-83c3-6d939ff584a9,16499.0,11901.0,4217.0,,3040151.0,30259.0,,2818265.0,KittGe00,george-kittle-1,11892.0,12276.0,298.0,30259.0,733672.0,19063.0,733672.0,George Kittle,george kittle,4,7,81.0,1,0.0,0.0,78.0,40.0,2.0,6.5846615,0,1.0384616,0.19444445,0.28467155,0.49093673,George Kittle,SF,6.446666666666666,3.558122648107471,10.692857142857145,29.60136043660524,57.14285714285714,81.0,1.0,9.51,4.631741107922039,4.878258892077961,00-0033288,George,Kittle,G.Kittle,DIV,SF,GB,George Kittle,KittGe00,2.0,1.0,0.143,137.5
2023,POST,20,00-0030506,T.Kelce,TE,TE,KC,11244,c3859e06-5f23-4302-a71b-04820a899d5f,11594.0,7844.0,1466.0,traviskelce/2540258,15847.0,26686.0,,1725130.0,KelcTr00,travis-kelce-1,8783.0,8411.0,264.0,26686.0,448240.0,15048.0,448240.0,Travis Kelce,travis kelce,5,6,75.0,2,0.0,0.0,63.0,22.0,5.0,7.207877,0,1.1904762,0.2857143,0.39375,0.70419645,Travis Kelce,KC,4.096,3.1118530673389135,11.278333333333334,40.676845395527764,83.33333333333334,75.0,2.0,5.147999999999999,4.133481393935881,1.0145186060641178,00-0030506,Travis,Kelce,T.Kelce,DIV,KC,BUF,Travis Kelce,KelcTr00,0.0,0.0,0.0,158.3
2023,POST,20,00-0038129,C.Otton,TE,TE,TB,15802,f23517bd-ae85-484a-8ecb-1f7a2d851e48,23181.0,,8111.0,,4243331.0,34062.0,,2815179.0,OttoCa00,cade-otton-1,16032.0,,1261.0,34062.0,0.0,,1049263.0,Cade Otton,cade otton,5,8,65.0,1,0.0,0.0,61.0,28.0,5.0,0.044335265,0,1.0655738,0.20512821,0.189441,0.440301,Cade Otton,TB,5.685,3.7270675881862525,7.529999999999999,19.805365597054184,62.5,65.0,1.0,5.7780000000000005,6.0570101225341375,-0.27901012253413704,00-0038129,Cade,Otton,C.Otton,DIV,TB,DET,Cade Otton,OttoCa00,0.0,0.0,0.0,88.0
2023,POST,20,00-0039065,S.LaPorta,TE,TE,DET,16214,3059f1e5-1871-4458-9e90-9b9917874c61,22978.0,,10859.0,,4430027.0,40064.0,,3124197.0,LaPoSa01,sam-laporta-1,17033.0,,1429.0,40064.0,0.0,,1168926.0,Sam LaPorta,sam laporta,9,11,65.0,0,0.0,0.0,54.0,32.0,5.0,2.6287227,0,1.2037038,0.26190478,0.21513945,0.54345477,Sam LaPorta,DET,5.629090909090909,3.474850684526314,5.3518181818181825,22.057776612087373,81.81818181818183,65.0,0.0,3.601111111111111,4.736073245140712,-1.1349621340296014,00-0039065,Sam,LaPorta,S.LaPorta,DIV,DET,TB,Sam LaPorta,LaPoSa01,0.0,0.0,0.0,91.3
2023,POST,20,00-0038933,D.Kincaid,TE,TE,BUF,16213,b961fa15-0676-4948-b95f-56d06319d40e,25247.0,,10236.0,,4385690.0,40048.0,,2982991.0,KincDa00,dalton-kincaid-1,16697.0,,1428.0,40048.0,0.0,,1135513.0,Dalton Kincaid,dalton kincaid,5,5,45.0,0,0.0,0.0,13.0,32.0,2.0,2.959243,0,3.4615386,0.13513513,0.060747664,0.24522607,Dalton Kincaid,BUF,5.2675,3.9357785155390084,2.236000000000003,5.4976396538159,100.0,45.0,0.0,6.763999999999998,5.383841951788173,1.3801580482118245,00-0038933,Dalton,Kincaid,D.Kincaid,DIV,BUF,KC,Dalton Kincaid,KincDa00,1.0,0.0,0.0,104.2
2023,POST,20,00-0034383,D.Schultz,TE,TE,HOU,13772,8caec1b4-e0b6-4a84-b8c8-617d6e91ef6a,17349.0,47304.0,5001.0,,3117256.0,31107.0,,2136748.0,SchuDa00,dalton-schultz-1,12514.0,13198.0,487.0,31107.0,830523.0,19920.0,830523.0,Dalton Schultz,dalton schultz,5,7,43.0,0,0.0,0.0,75.0,3.0,2.0,-1.0605328,0,0.5733333,0.22580644,0.3440367,0.57953537,Dalton Schultz,HOU,4.832857142857143,2.454687284662486,9.221428571428573,32.1608290568482,71.42857142857143,43.0,0.0,0.9920000000000002,1.9190794011435386,-0.9270794011435384,00-0034383,Dalton,Schultz,D.Schultz,DIV,HOU,BAL,Dalton Schultz,SchuDa00,1.0,1.0,0.143,87.2
2023,POST,20,00-0037838,I.Likely,TE,TE,BAL,15798,f9279edb-cfa7-4f7d-91df-b81cbf3e133e,23781.0,,8131.0,,4361050.0,34095.0,,2961906.0,LikeIs00,isaiah-likely-1,16033.0,,1257.0,34095.0,0.0,,1125111.0,Isaiah Likely,isaiah likely,2,3,34.0,1,0.0,0.0,35.0,14.0,2.0,2.278303,0,0.9714286,0.14285715,0.21084337,0.36187607,,,,,,,,,,,,,,,,,DIV,BAL,HOU,Isaiah Likely,LikeIs00,0.0,0.0,0.0,144.4
2023,POST,20,00-0036754,B.Wright,TE,TE,DET,15626,8f182089-7730-499e-8f2e-87bda32debfb,23341.0,60994.0,7891.0,,4242392.0,33774.0,,2807423.0,WrigBr01,,15681.0,,1162.0,33774.0,0.0,,978120.0,Brock Wright,brock wright,1,1,29.0,0,0.0,0.0,2.0,27.0,1.0,2.2748973,0,14.5,0.023809524,0.007968128,0.041291974,,,,,,,,,,,,,,,,,DIV,DET,TB,Brock Wright,WrigBr01,0.0,0.0,0.0,118.7
2023,POST,20,00-0036637,N.Gray,TE,TE,KC,15337,c97dfcb6-b999-476f-8487-f3848e92df17,19539.0,60878.0,7828.0,,4240472.0,33550.0,,2866903.0,GrayNo00,noah-gray-1,15459.0,,1059.0,33550.0,0.0,,1056981.0,Noah Gray,noah gray,3,3,16.0,0,0.0,0.0,11.0,5.0,1.0,-0.04358767,0,1.4545455,0.14285715,0.06875,0.2624107,,,,,,,,,,,,,,,,,DIV,KC,BUF,Noah Gray,GrayNo00,0.0,0.0,0.0,88.9
2023,POST,20,00-0039144,L.Musgrave,TE,TE,GB,16215,77a4fb49-3c6c-4aa1-8a21-20956e2d2240,25282.0,,9481.0,,4428085.0,40074.0,,3129283.0,MusgLu00,luke-musgrave-1,16663.0,,1430.0,40074.0,0.0,,1179790.0,Luke Musgrave,luke musgrave,3,4,14.0,0,0.0,0.0,29.0,7.0,2.0,1.1641027,0,0.4827586,0.121212125,0.15025906,0.28699952,,,,,,,,,,,,,,,,,DIV,GB,SF,Luke Musgrave,MusgLu00,0.0,0.0,0.0,79.2
2023,POST,20,00-0038996,T.Kraft,TE,TE,GB,16222,3a084c5f-6b9f-4703-a0c7-1566bc4b1129,25298.0,,9484.0,,4572680.0,40102.0,,3133332.0,KrafTu00,,16649.0,,1418.0,40102.0,0.0,,1181874.0,Tucker Kraft,tucker kraft,3,6,9.0,1,0.0,0.0,19.0,7.0,1.0,-4.032342,0,0.47368422,0.18181819,0.098445594,0.3416392,Tucker Kraft,GB,5.629999999999999,3.7013082413554215,3.751666666666665,11.015414729630537,50.0,9.0,1.0,2.6900000000000035,3.036919575668738,-0.34691957566873466,00-0038996,Tucker,Kraft,T.Kraft,DIV,GB,SF,Tucker Kraft,KrafTu00,0.0,0.0,0.0,56.2
2023,POST,20,00-0035689,D.Knox,TE,TE,BUF,14143,5fb525c5-4e70-4ede-8c49-94ad0cf66b7d,18631.0,35883.0,5906.0,,3930086.0,31928.0,,2186345.0,KnoxDa00,dawson-knox-1,13466.0,13953.0,88.0,31928.0,884083.0,20850.0,884083.0,Dawson Knox,dawson knox,1,1,4.0,0,0.0,0.0,-1.0,5.0,1.0,0.88331586,0,0.0,0.027027028,-0.004672897,0.037269514,,,,,,,,,,,,,,,,,DIV,BUF,KC,Dawson Knox,KnoxDa00,0.0,0.0,0.0,83.3
2023,POST,20,00-0038046,C.Kolar,TE,TE,BAL,15795,3c048ac9-2c0f-4bf0-9ddc-ce99c9387ac8,22756.0,,8127.0,,4241263.0,34084.0,,2866273.0,KolaCh00,charlie-kolar-1,15924.0,,,34084.0,0.0,,1058648.0,Charlie Kolar,charlie kolar,1,1,4.0,0,0.0,0.0,4.0,0.0,0.0,-0.11734447,0,1.0,0.04761905,0.024096385,0.08829604,,,,,,,,,,,,,,,,,DIV,BAL,HOU,Charlie Kolar,KolaCh00,0.0,0.0,0.0,83.3
2023,POST,20,00-0038809,B.Sims,TE,TE,GB,16483,cef32a80-e761-11ed-ac46-e3b4ebd723e5,25349.0,,11082.0,,4373030.0,40335.0,,2964709.0,SimsBe00,,17012.0,,,40335.0,0.0,,1129452.0,Ben Sims,ben sims,1,1,4.0,0,0.0,0.0,2.0,2.0,0.0,-0.30784687,0,2.0,0.030303031,0.010362694,0.052708432,,,,,,,,,,,,,,,,,DIV,GB,SF,Ben Sims,SimsBe00,0.0,0.0,0.0,83.3
2023,POST,20,00-0036556,B.Jordan,TE,TE,HOU,15330,8ffb5c07-4aa1-4796-b1ab-30c1ab0ccc4c,20162.0,77887.0,7568.0,,4362504.0,33535.0,,2964787.0,JordBr00,brevin-jordan-1,15369.0,,1052.0,33535.0,0.0,,1121871.0,Brevin Jordan,brevin jordan,0,1,0.0,0,0.0,0.0,2.0,0.0,0.0,-0.6098105,0,0.0,0.032258064,0.0091743115,0.054809116,,,,,,,,,,,,,,,,,DIV,HOU,BAL,Brevin Jordan,JordBr00,0.0,0.0,0.0,39.6
2023,POST,21,00-0030506,T.Kelce,TE,TE,KC,11244,c3859e06-5f23-4302-a71b-04820a899d5f,11594.0,7844.0,1466.0,traviskelce/2540258,15847.0,26686.0,,1725130.0,KelcTr00,travis-kelce-1,8783.0,8411.0,264.0,26686.0,448240.0,15048.0,448240.0,Travis Kelce,travis kelce,11,11,116.0,1,0.0,0.0,82.0,34.0,6.0,13.534379,0,1.4146341,0.30555555,0.38497654,0.7278169,Travis Kelce,KC,5.181428571428571,3.704348894757699,6.800909090909091,39.059155223724744,100.0,116.0,1.0,3.738181818181818,4.584372318260441,-0.8461905000786234,00-0030506,Travis,Kelce,T.Kelce,CON,KC,BAL,Travis Kelce,KelcTr00,0.0,0.0,0.0,140.9
2023,POST,21,00-0039065,S.LaPorta,TE,TE,DET,16214,3059f1e5-1871-4458-9e90-9b9917874c61,22978.0,,10859.0,,4430027.0,40064.0,,3124197.0,LaPoSa01,sam-laporta-1,17033.0,,1429.0,40064.0,0.0,,1168926.0,Sam LaPorta,sam laporta,9,13,97.0,0,0.0,0.0,112.0,53.0,5.0,4.1593714,0,0.8660714,0.325,0.3018868,0.69882077,Sam LaPorta,DET,7.664444444444445,3.482837900951397,8.93,30.212101496421596,69.23076923076923,97.0,0.0,5.786666666666667,5.3540745348522005,0.43259213181446654,00-0039065,Sam,LaPorta,S.LaPorta,CON,DET,SF,Sam LaPorta,LaPoSa01,0.0,0.0,0.0,90.9
2023,POST,21,00-0033288,G.Kittle,TE,TE,SF,13299,2ada91b0-036e-454f-83c3-6d939ff584a9,16499.0,11901.0,4217.0,,3040151.0,30259.0,,2818265.0,KittGe00,george-kittle-1,11892.0,12276.0,298.0,30259.0,733672.0,19063.0,733672.0,George Kittle,george kittle,2,3,27.0,0,0.0,0.0,35.0,14.0,1.0,0.30464622,0,0.7714286,0.1,0.123239435,0.23626761,,,,,,,,,,,,,,,,,CON,SF,DET,George Kittle,KittGe00,0.0,0.0,0.0,95.1
2023,POST,21,00-0037838,I.Likely,TE,TE,BAL,15798,f9279edb-cfa7-4f7d-91df-b81cbf3e133e,23781.0,,8131.0,,4361050.0,34095.0,,2961906.0,LikeIs00,isaiah-likely-1,16033.0,,1257.0,34095.0,0.0,,1125111.0,Isaiah Likely,isaiah likely,2,3,16.0,0,0.0,0.0,32.0,9.0,1.0,-2.8032336,0,0.5,0.0882353,0.09580839,0.19941881,,,,,,,,,,,,,,,,,CON,BAL,KC,Isaiah Likely,LikeIs00,0.0,0.0,0.0,40.3
2023,POST,21,00-0034753,M.Andrews,TE,TE,BAL,13671,0618f387-9b72-4270-8b8f-dec4cccc9e4a,17269.0,47436.0,5012.0,,3116365.0,31056.0,,2131121.0,AndrMa00,mark-andrews-1,12559.0,13182.0,366.0,31056.0,820699.0,19803.0,820699.0,Mark Andrews,mark andrews,2,2,15.0,0,0.0,0.0,15.0,0.0,0.0,0.7598862,0,1.0,0.05882353,0.04491018,0.11967242,,,,,,,,,,,,,,,,,CON,BAL,KC,Mark Andrews,AndrMa00,0.0,0.0,0.0,97.9
2023,POST,21,00-0033455,A.Firkser,TE,TE,DET,13919,b0719e3d-199b-46e5-a2b4-1091f6fd5c0d,16787.0,51837.0,4435.0,,3049698.0,30571.0,,2818971.0,FirkAn00,,12235.0,12691.0,,30571.0,767297.0,19296.0,767297.0,Anthony Firkser,anthony firkser,1,1,8.0,0,0.0,0.0,4.0,4.0,0.0,1.1716344,0,2.0,0.025,0.010781671,0.04504717,,,,,,,,,,,,,,,,,CON,DET,SF,Anthony Firkser,FirkAn00,0.0,0.0,0.0,100.0
2023,POST,21,00-0036637,N.Gray,TE,TE,KC,15337,c97dfcb6-b999-476f-8487-f3848e92df17,19539.0,60878.0,7828.0,,4240472.0,33550.0,,2866903.0,GrayNo00,noah-gray-1,15459.0,,1059.0,33550.0,0.0,,1056981.0,Noah Gray,noah gray,2,5,8.0,0,0.0,0.0,35.0,8.0,0.0,-2.84145,0,0.22857143,0.1388889,0.16431925,0.3233568,Noah Gray,KC,5.637499999999999,4.731021944408963,6.322000000000002,16.50394194121026,40.0,8.0,0.0,4.1899999999999995,3.947137462835144,0.2428625371648554,00-0036637,Noah,Gray,N.Gray,CON,KC,BAL,Noah Gray,GrayNo00,1.0,0.0,0.0,47.9
2023,POST,22,00-0030506,T.Kelce,TE,TE,KC,11244,c3859e06-5f23-4302-a71b-04820a899d5f,11594.0,7844.0,1466.0,traviskelce/2540258,15847.0,26686.0,,1725130.0,KelcTr00,travis-kelce-1,8783.0,8411.0,264.0,26686.0,448240.0,15048.0,448240.0,Travis Kelce,travis kelce,9,10,93.0,0,0.0,0.0,46.0,58.0,5.0,4.46323,0,2.0217392,0.23809524,0.17760618,0.4814672,,,,,,,,,,,,,,,,,SB,KC,SF,Travis Kelce,KelcTr00,1.0,0.0,0.0,105.4
2023,POST,22,00-0036637,N.Gray,TE,TE,KC,15337,c97dfcb6-b999-476f-8487-f3848e92df17,19539.0,60878.0,7828.0,,4240472.0,33550.0,,2866903.0,GrayNo00,noah-gray-1,15459.0,,1059.0,33550.0,0.0,,1056981.0,Noah Gray,noah gray,2,2,22.0,0,0.0,0.0,8.0,14.0,1.0,0.62421083,0,2.75,0.04761905,0.03088803,0.0930502,,,,,,,,,,,,,,,,,SB,KC,SF,Noah Gray,GrayNo00,0.0,0.0,0.0,112.5
2023,POST,22,00-0033288,G.Kittle,TE,TE,SF,13299,2ada91b0-036e-454f-83c3-6d939ff584a9,16499.0,11901.0,4217.0,,3040151.0,30259.0,,2818265.0,KittGe00,george-kittle-1,11892.0,12276.0,298.0,30259.0,733672.0,19063.0,733672.0,George Kittle,george kittle,2,3,4.0,0,0.0,0.0,30.0,2.0,1.0,0.7400604,0,0.13333334,0.08108108,0.09771987,0.19002552,,,,,,,,,,,,,,,,,SB,SF,KC,George Kittle,KittGe00,0.0,0.0,0.0,70.1
2024,REG,1,00-0037838,I.Likely,TE,TE,BAL,15798,f9279edb-cfa7-4f7d-91df-b81cbf3e133e,23781.0,,8131.0,,4361050.0,34095.0,,2961906.0,LikeIs00,isaiah-likely-1,16033.0,,1257.0,34095.0,0.0,,1125111.0,Isaiah Likely,isaiah likely,9,12,111.0,1,0.0,0.0,98.0,71.0,5.0,4.519134,0,1.1326531,0.3,0.3670412,0.70692885,Isaiah Likely,BAL,7.369090909090909,5.008181460874578,9.411666666666667,39.2793795430042,75.0,111.0,1.0,8.027777777777779,5.20449903514211,2.8232787426356687,00-0037838,Isaiah,Likely,I.Likely,REG,BAL,KC,Isaiah Likely,LikeIs00,0.0,0.0,0.0,130.9
2024,REG,1,00-0039338,B.Bowers,TE,TE,LV,16641,ad9fc7e3-0a6d-4e41-84c2-cf43b71aee13,22955.0,,11604.0,,4432665.0,40878.0,,26693971.0,BoweBr01,brock-bowers-1,17693.0,,1612.0,40878.0,0.0,,1285917.0,Brock Bowers,brock bowers,6,8,58.0,0,0.0,0.0,39.0,16.0,3.0,2.765296,0,1.4871795,0.25,0.26712328,0.5619863,Brock Bowers,LV,5.114,3.7463312222139837,4.653749999999999,26.378064333286094,75.0,58.0,0.0,2.736666666666668,2.850749376545366,-0.11408270987869784,00-0039338,Brock,Bowers,B.Bowers,REG,LV,LAC,Brock Bowers,BoweBr01,0.0,0.0,0.0,94.8
2024,REG,1,00-0036244,C.Parkinson,TE,TE,LA,14871,1ea7affb-e5e7-491a-aaa3-55e200b2eb48,19372.0,52266.0,6865.0,,4242557.0,32803.0,,2867522.0,ParkCo02,colby-parkinson-1,14463.0,,565.0,32803.0,0.0,21807.0,1060312.0,Colby Parkinson,colby parkinson,4,5,47.0,0,0.0,0.0,11.0,30.0,3.0,3.6867824,0,4.2727275,0.104166664,0.03846154,0.18317308,Colby Parkinson,LAR,10.06,4.14193343500243,2.3200000000000003,3.941556235134216,80.0,47.0,0.0,7.4399999999999995,6.0645626075859305,1.375437392414069,00-0036244,Colby,Parkinson,C.Parkinson,REG,LA,DET,Colby Parkinson,ParkCo02,0.0,1.0,0.2,105.8
2024,REG,1,00-0039065,S.LaPorta,TE,TE,DET,16214,3059f1e5-1871-4458-9e90-9b9917874c61,22978.0,,10859.0,,4430027.0,40064.0,,3124197.0,LaPoSa01,sam-laporta-1,17033.0,,1429.0,40064.0,0.0,,1168926.0,Sam LaPorta,sam laporta,4,5,45.0,0,0.0,0.0,30.0,22.0,2.0,0.9426454,0,1.5,0.17857143,0.16042781,0.3801566,Sam LaPorta,DET,4.24,3.642335615657062,7.420000000000002,19.57990289212582,80.0,45.0,0.0,5.794999999999998,4.322416147586068,1.4725838524139299,00-0039065,Sam,LaPorta,S.LaPorta,REG,DET,LA,Sam LaPorta,LaPoSa01,0.0,0.0,0.0,104.2
2024,REG,1,00-0033885,D.Njoku,TE,TE,CLE,13192,8f86fcea-90e8-49ea-bc78-5c7659313e57,16399.0,11784.0,4033.0,,3123076.0,30142.0,,2136474.0,NjokDa00,david-njoku-1,11734.0,12186.0,252.0,30142.0,832098.0,18876.0,832098.0,David Njoku,david njoku,4,5,44.0,0,0.0,0.0,21.0,28.0,1.0,1.0449793,0,2.0952382,0.11627907,0.05645161,0.21393473,David Njoku,CLE,6.535,5.954396829513489,3.674000000000001,4.8797981139593585,80.0,44.0,0.0,7.522499999999997,5.220992711124154,2.301507288875843,00-0033885,David,Njoku,D.Njoku,REG,CLE,DAL,David Njoku,NjokDa00,0.0,1.0,0.2,103.3
2024,REG,1,00-0034981,F.Moreau,TE,TE,NO,14239,9c3a67fd-5c6e-4689-9e08-9ff6d4db6c9a,18397.0,47043.0,5985.0,,3843945.0,31969.0,,2180634.0,MoreFo00,foster-moreau-1,13822.0,14154.0,179.0,31969.0,865573.0,20884.0,865573.0,Foster Moreau,foster moreau,4,4,43.0,1,0.0,0.0,35.0,8.0,2.0,3.2186065,0,1.2285714,0.16666667,0.16826923,0.36778846,,,,,,,,,,,,,,,,,REG,NO,CAR,Foster Moreau,MoreFo00,0.0,0.0,0.0,151.0
2024,REG,1,00-0033288,G.Kittle,TE,TE,SF,13299,2ada91b0-036e-454f-83c3-6d939ff584a9,16499.0,11901.0,4217.0,,3040151.0,30259.0,,2818265.0,KittGe00,george-kittle-1,11892.0,12276.0,298.0,30259.0,733672.0,19063.0,733672.0,George Kittle,george kittle,4,5,40.0,0,0.0,0.0,26.0,9.0,1.0,1.2682899,0,1.5384616,0.1724138,0.09219858,0.3231597,George Kittle,SF,4.157500000000001,4.295388100281359,4.952,9.00429122117972,80.0,40.0,0.0,2.577499999999999,1.6518462947035744,0.9256537052964244,00-0033288,George,Kittle,G.Kittle,REG,SF,NYJ,George Kittle,KittGe00,0.0,0.0,0.0,100.0
2024,REG,1,00-0036637,N.Gray,TE,TE,KC,15337,c97dfcb6-b999-476f-8487-f3848e92df17,19539.0,60878.0,7828.0,,4240472.0,33550.0,,2866903.0,GrayNo00,noah-gray-1,15459.0,,1059.0,33550.0,0.0,,1056981.0,Noah Gray,noah gray,3,3,37.0,0,0.0,0.0,21.0,16.0,2.0,2.2231545,0,1.7619047,0.11111111,0.13125,0.25854167,,,,,,,,,,,,,,,,,REG,KC,BAL,Noah Gray,GrayNo00,0.0,0.0,0.0,118.1
2024,REG,1,00-0038996,T.Kraft,TE,TE,GB,16222,3a084c5f-6b9f-4703-a0c7-1566bc4b1129,25298.0,,9484.0,,4572680.0,40102.0,,3133332.0,KrafTu00,,16649.0,,1418.0,40102.0,0.0,,1181874.0,Tucker Kraft,tucker kraft,2,3,37.0,0,0.0,0.0,11.0,30.0,1.0,1.8748455,0,3.3636363,0.09375,0.03914591,0.16802713,,,,,,,,,,,,,,,,,REG,GB,PHI,Tucker Kraft,KrafTu00,0.0,1.0,0.333,109.0
2024,REG,1,00-0030506,T.Kelce,TE,TE,KC,11244,c3859e06-5f23-4302-a71b-04820a899d5f,11594.0,7844.0,1466.0,traviskelce/2540258,15847.0,26686.0,,1725130.0,KelcTr00,travis-kelce-1,8783.0,8411.0,264.0,26686.0,448240.0,15048.0,448240.0,Travis Kelce,travis kelce,3,4,34.0,0,0.0,0.0,27.0,10.0,2.0,3.4729156,0,1.2592592,0.14814815,0.16875,0.34034723,,,,,,,,,,,,,,,,,REG,KC,BAL,Travis Kelce,KelcTr00,0.0,1.0,0.25,100.0
2024,REG,1,00-0034830,H.Hurst,TE,TE,LAC,13680,1b125fc4-5dd9-4eb9-a42f-048e61ca42b7,17283.0,47294.0,4973.0,,3924365.0,30995.0,,2185053.0,HursHa00,hayden-hurst-1,12467.0,13098.0,8.0,30995.0,881956.0,19843.0,881956.0,Hayden Hurst,hayden hurst,2,3,33.0,0,0.0,0.0,31.0,8.0,1.0,0.7506361,0,1.0645162,0.12,0.2012987,0.32090908,,,,,,,,,,,,,,,,,REG,LAC,LV,Hayden Hurst,HursHa00,0.0,0.0,0.0,103.5
2024,REG,1,00-0032392,A.Hooper,TE,TE,NE,12677,90c2a93f-d837-4e1b-b57c-56648903a8db,15581.0,10715.0,3202.0,,3043275.0,29315.0,,2067004.0,HoopAu00,austin-hooper-1,10748.0,11301.0,384.0,29315.0,739424.0,17963.0,739424.0,Austin Hooper,austin hooper,2,4,31.0,0,0.0,0.0,18.0,31.0,2.0,1.257343,0,1.7222222,0.17391305,0.12,0.34486955,,,,,,,,,,,,,,,,,REG,NE,CIN,Austin Hooper,HoopAu00,0.0,0.0,0.0,76.0
2024,REG,1,00-0034351,D.Goedert,TE,TE,PHI,13674,e8029983-87cf-49a2-bc04-04c8233a0630,17270.0,47272.0,5022.0,,3121023.0,31019.0,,2132551.0,GoedDa00,,12860.0,13151.0,382.0,31019.0,791365.0,19863.0,791365.0,Dallas Goedert,dallas goedert,4,5,31.0,0,0.0,0.0,-4.0,31.0,1.0,0.36690798,0,0.0,0.1724138,-0.018518519,0.24565773,Dallas Goedert,PHI,6.625,5.420265708301519,1.0039999999999991,2.1754203501473386,80.0,31.0,0.0,7.125,7.629355691571391,-0.5043556915713907,00-0034351,Dallas,Goedert,D.Goedert,REG,PHI,GB,Dallas Goedert,GoedDa00,0.0,0.0,0.0,92.5
2024,REG,1,00-0037744,T.McBride,TE,TE,ARI,15794,734d54cc-c869-4e2f-a60f-c59c493f5110,22936.0,,8130.0,,4361307.0,34010.0,,2963385.0,McBrTr01,trey-mcbride-1,15902.0,,1253.0,34010.0,0.0,,1108161.0,Trey McBride,trey mcbride,5,9,30.0,0,0.0,0.0,75.0,2.0,2.0,0.46334857,0,0.4,0.29032257,0.39267015,0.71035296,Trey McBride,ARI,6.858750000000001,2.761309114202844,8.33111111111111,40.79434167573449,55.55555555555556,30.0,0.0,0.6199999999999989,1.3353729078243533,-0.7153729078243544,00-0037744,Trey,McBride,T.McBride,REG,ARI,BUF,Trey McBride,McBrTr01,0.0,1.0,0.111,62.3
2024,REG,1,00-0030061,Z.Ertz,TE,TE,WAS,11247,de3421f7-2147-4835-89a5-724e87bad463,11689.0,7816.0,1339.0,zachertz/2540158,15835.0,26658.0,,1685963.0,ErtzZa00,zach-ertz-1,8781.0,8409.0,305.0,26658.0,503177.0,14856.0,503177.0,Zach Ertz,zach ertz,3,4,28.0,0,0.0,0.0,28.0,7.0,1.0,0.75295126,0,1.0,0.16666667,0.224,0.4068,,,,,,,,,,,,,,,,,REG,WAS,TB,Zach Ertz,ErtzZa00,0.0,0.0,0.0,93.7
2024,REG,1,00-0034364,J.Akins,TE,TE,CLE,13753,0cb5a32a-a340-4671-ba2a-93f5fa6aee8d,17415.0,47050.0,5032.0,,3128452.0,31068.0,,2142712.0,AkinJo00,jordan-akins-1,12568.0,13238.0,,31068.0,838396.0,19903.0,838396.0,Jordan Akins,jordan akins,3,4,27.0,0,0.0,0.0,25.0,8.0,1.0,1.4638327,0,1.08,0.093023255,0.067204304,0.1865779,,,,,,,,,,,,,,,,,REG,CLE,DAL,Jordan Akins,AkinJo00,0.0,0.0,0.0,92.7
2024,REG,1,00-0035249,J.Oliver,TE,TE,MIN,14209,dc83f7af-7b30-4c4a-9c93-f67bd8db954b,18487.0,47083.0,5973.0,,3921690.0,31901.0,,2184618.0,OlivJo00,josh-oliver-1,13786.0,14127.0,7.0,31901.0,881779.0,20899.0,881779.0,Josh Oliver,josh oliver,2,2,27.0,0,0.0,0.0,26.0,1.0,1.0,1.5066327,0,1.0384616,0.08695652,0.14606741,0.23268197,,,,,,,,,,,,,,,,,REG,MIN,NYG,Josh Oliver,OlivJo00,0.0,0.0,0.0,118.7
2024,REG,1,00-0036894,P.Freiermuth,TE,TE,PIT,15331,04f0fefe-9d9d-44f5-94ea-6df2a42df3c6,20163.0,84085.0,7600.0,,4361411.0,33443.0,,2961270.0,FreiPa00,pat-freiermuth-1,15267.0,,1053.0,33443.0,0.0,,1116662.0,Pat Freiermuth,pat freiermuth,4,4,27.0,0,0.0,0.0,12.0,15.0,2.0,0.6229275,0,2.25,0.18181819,0.08888889,0.3349495,,,,,,,,,,,,,,,,,REG,PIT,ATL,Pat Freiermuth,FreiPa00,0.0,0.0,0.0,94.8
2024,REG,1,00-0036040,J.Johnson,TE,TE,NO,14861,0226b03b-f91d-4223-9813-9fcd2e9c3acc,19562.0,28305.0,7002.0,,3929645.0,33113.0,,2186637.0,JohnJu02,,14630.0,,575.0,33113.0,0.0,21738.0,884609.0,Juwan Johnson,juwan johnson,2,3,26.0,1,0.0,0.0,42.0,4.0,1.0,2.4599843,0,0.61904764,0.125,0.20192307,0.32884616,,,,,,,,,,,,,,,,,REG,NO,CAR,Juwan Johnson,JohnJu02,0.0,0.0,0.0,133.3
2024,REG,1,00-0036970,K.Pitts,TE,TE,ATL,15329,1f3deb24-9ff8-4769-8f42-825eff7742f6,20164.0,83964.0,7553.0,,4360248.0,33392.0,,2964514.0,PittKy00,kyle-pitts-1,15265.0,,1051.0,33392.0,0.0,,1123026.0,Kyle Pitts,kyle pitts,3,3,26.0,1,0.0,0.0,24.0,2.0,1.0,2.0530388,0,1.0833334,0.13043478,0.16551724,0.31151423,,,,,,,,,,,,,,,,,REG,ATL,PIT,Kyle Pitts,PittKy00,0.0,0.0,0.0,142.4
2024,REG,1,00-0035689,D.Knox,TE,TE,BUF,14143,5fb525c5-4e70-4ede-8c49-94ad0cf66b7d,18631.0,35883.0,5906.0,,3930086.0,31928.0,,2186345.0,KnoxDa00,dawson-knox-1,13466.0,13953.0,88.0,31928.0,884083.0,20850.0,884083.0,Dawson Knox,dawson knox,1,2,23.0,0,0.0,0.0,19.0,17.0,1.0,1.0504236,0,1.2105263,0.08695652,0.11445783,0.21055527,,,,,,,,,,,,,,,,,REG,BUF,ARI,Dawson Knox,KnoxDa00,0.0,0.0,0.0,91.7
2024,REG,1,00-0033090,H.Henry,TE,TE,NE,12676,705899da-3c20-4bc3-b5d0-2e6e40655131,15561.0,10669.0,3214.0,,3046439.0,29269.0,,2079848.0,HenrHu00,hunter-henry-1,10735.0,11299.0,212.0,29269.0,744425.0,17975.0,744425.0,Hunter Henry,hunter henry,2,3,18.0,0,0.0,0.0,26.0,4.0,1.0,2.02805,0,0.6923077,0.13043478,0.17333333,0.31698552,,,,,,,,,,,,,,,,,REG,NE,CIN,Hunter Henry,HenrHu00,0.0,0.0,0.0,82.6
2024,REG,1,00-0034613,T.Hudson,TE,TE,CIN,14370,2fa75e05-cac4-4b40-8924-dbc9ae0c959c,17826.0,66924.0,5409.0,,3050481.0,31257.0,,2926606.0,,,13286.0,,,31257.0,1115394.0,20506.0,1115394.0,Tanner Hudson,tanner hudson,2,3,18.0,0,1.0,1.0,13.0,10.0,0.0,-5.744859,0,1.3846154,0.10344828,0.08024691,0.21134526,,,,,,,,,,,,,,,,,,,,,,,,,
2024,REG,1,00-0034829,M.Gesicki,TE,TE,CIN,13672,1012cbe0-7eba-4169-bfca-183a0204e1a7,17272.0,47153.0,4993.0,,3116164.0,31012.0,,2139298.0,GesiMi00,mike-gesicki-1,12764.0,13104.0,330.0,31012.0,836152.0,19853.0,836152.0,Mike Gesicki,mike gesicki,3,4,18.0,0,0.0,0.0,28.0,5.0,0.0,-1.1154137,0,0.64285713,0.13793103,0.17283951,0.3278842,,,,,,,,,,,,,,,,,REG,CIN,NE,Mike Gesicki,GesiMi00,0.0,0.0,0.0,83.3
2024,REG,1,00-0039847,T.Johnson,TE,TE,NYG,16649,a5d4bb1d-c130-47c2-808a-2dd1f85005fb,23104.0,,11597.0,,4429148.0,41003.0,,3162129.0,JohnTh00,theo-johnson-1,17021.0,,1620.0,41003.0,0.0,,1214414.0,Theo Johnson,theo johnson,1,4,18.0,0,0.0,0.0,33.0,5.0,1.0,-0.9912301,0,0.54545456,0.10526316,0.18232045,0.28551903,,,,,,,,,,,,,,,,,REG,NYG,MIN,Theo Johnson,JohnTh00,0.0,1.0,0.25,45.8
2024,REG,1,00-0034383,D.Schultz,TE,TE,HOU,13772,8caec1b4-e0b6-4a84-b8c8-617d6e91ef6a,17349.0,47304.0,5001.0,,3117256.0,31107.0,,2136748.0,SchuDa00,dalton-schultz-1,12514.0,13198.0,487.0,31107.0,830523.0,19920.0,830523.0,Dalton Schultz,dalton schultz,3,3,16.0,0,0.0,0.0,13.0,3.0,0.0,-1.894654,0,1.2307693,0.09677419,0.052419353,0.18185484,,,,,,,,,,,,,,,,,REG,HOU,IND,Dalton Schultz,SchuDa00,0.0,0.0,0.0,88.9
2024,REG,1,00-0033246,J.Mundt,TE,TE,MIN,13940,6414998b-5831-44aa-8bd8-39e42a323c2c,16743.0,12206.0,4314.0,,3052096.0,30373.0,,2818622.0,MundJo00,,12316.0,12525.0,,30373.0,740704.0,19165.0,740704.0,Johnny Mundt,johnny mundt,2,3,15.0,0,0.0,0.0,13.0,5.0,0.0,2.4391503,0,1.1538461,0.13043478,0.073033705,0.24677578,,,,,,,,,,,,,,,,,REG,MIN,NYG,Johnny Mundt,MundJo00,0.0,0.0,0.0,78.5
2024,REG,1,00-0037809,C.Okonkwo,TE,TE,TEN,15889,14e11f9b-58c8-437f-abc0-a4e4df9a7c47,23982.0,,8210.0,,4360635.0,34099.0,,2965208.0,OkonCh00,chigoziem-okonkwo-1,16042.0,,1320.0,34099.0,0.0,,1106374.0,Chigoziem Okonkwo,chigoziem okonkwo,2,2,15.0,1,0.0,0.0,15.0,0.0,1.0,2.128629,0,1.0,0.074074075,0.06550218,0.15696263,,,,,,,,,,,,,,,,,REG,TEN,CHI,Chigoziem Okonkwo,OkonCh00,0.0,0.0,0.0,137.5
2024,REG,1,00-0038041,J.Ferguson,TE,TE,DAL,15799,f46eab3d-d7dd-4420-b3f9-6da9ac1308ab,22718.0,,8110.0,,4242355.0,34085.0,,2867159.0,FergJa00,jake-ferguson-1,15947.0,,1258.0,34085.0,0.0,,1065361.0,Jake Ferguson,jake ferguson,3,5,15.0,0,0.0,0.0,36.0,15.0,0.0,-1.6062975,0,0.41666666,0.16129032,0.14173229,0.34114808,Jake Ferguson,DAL,5.65,4.076531360884603,6.186000000000001,12.824978231123277,60.0,15.0,0.0,4.736666666666668,2.4690642217716836,2.2676024448949845,00-0038041,Jake,Ferguson,J.Ferguson,REG,DAL,CLE,Jake Ferguson,FergJa00,0.0,0.0,0.0,64.6
2024,REG,1,00-0034753,M.Andrews,TE,TE,BAL,13671,0618f387-9b72-4270-8b8f-dec4cccc9e4a,17269.0,47436.0,5012.0,,3116365.0,31056.0,,2131121.0,AndrMa00,mark-andrews-1,12559.0,13182.0,366.0,31056.0,820699.0,19803.0,820699.0,Mark Andrews,mark andrews,2,2,14.0,0,0.0,0.0,11.0,3.0,1.0,0.25107086,0,1.2727273,0.05,0.041198503,0.10383895,,,,,,,,,,,,,,,,,REG,BAL,KC,Mark Andrews,AndrMa00,0.0,0.0,0.0,95.8
2024,REG,1,00-0034159,W.Dissly,TE,TE,LAC,13763,383f4814-6836-4766-a297-fc063e8509cc,18049.0,30762.0,5010.0,,3127292.0,31090.0,,2139628.0,DissWi00,will-dissly-1,12986.0,13246.0,86.0,31090.0,837806.0,19950.0,837806.0,Will Dissly,will dissly,1,1,13.0,0,0.0,0.0,0.0,13.0,1.0,0.6857592,0,0.0,0.04,0.0,0.06,,,,,,,,,,,,,,,,,REG,LAC,LV,Will Dissly,DissWi00,0.0,0.0,0.0,118.7
2024,REG,1,00-0037252,G.Dulcich,TE,TE,DEN,15797,b9e4a022-d15c-4cef-9879-170277f17207,23153.0,,8172.0,,4367209.0,34036.0,,2964274.0,DulcGr00,greg-dulcich-1,15891.0,,,34036.0,0.0,,1128085.0,Greg Dulcich,greg dulcich,2,3,12.0,0,0.0,0.0,8.0,5.0,0.0,-1.9275105,0,1.5,0.071428575,0.030303031,0.12835498,,,,,,,,,,,,,,,,,REG,DEN,SEA,Greg Dulcich,DulcGr00,0.0,0.0,0.0,74.3
2024,REG,1,00-0039041,E.Higgins,TE,TE,ARI,16333,a01b7698-d67f-4b60-b2fb-4c667336b718,23119.0,,10231.0,,4426844.0,40226.0,,3122914.0,HiggEl00,elijah-higgins-1,16959.0,,1469.0,40226.0,0.0,,1161853.0,Elijah Higgins,elijah higgins,2,2,12.0,0,0.0,0.0,3.0,9.0,1.0,0.8777706,0,4.0,0.06451613,0.015706806,0.10776896,,,,,,,,,,,,,,,,,REG,ARI,BUF,Elijah Higgins,HiggEl00,0.0,0.0,0.0,91.7
2024,REG,1,00-0032394,N.Vannett,TE,TE,TEN,12680,c731aa8a-778b-4ccd-a19f-517eb66f47b7,15645.0,10728.0,3258.0,,2576399.0,29328.0,,1871322.0,VannNi00,nick-vannett-1,10949.0,11329.0,,29328.0,606488.0,18019.0,606488.0,Nick Vannett,nick vannett,2,2,11.0,0,0.0,0.0,0.0,11.0,0.0,0.49160117,0,0.0,0.074074075,0.0,0.11111111,,,,,,,,,,,,,,,,,REG,TEN,CHI,Nick Vannett,VannNi00,0.0,0.0,0.0,89.6
2024,REG,1,00-0035644,N.Fant,TE,TE,SEA,14137,cdc98acc-9eb6-4b44-81bb-61d7b8a3b55f,17527.0,42388.0,5857.0,,4036131.0,31852.0,,2251095.0,FantNo00,noah-fant-1,13426.0,14050.0,243.0,31852.0,923911.0,20753.0,923911.0,Noah Fant,noah fant,2,4,11.0,0,0.0,0.0,18.0,9.0,0.0,-2.2658386,0,0.6111111,0.16,0.10778443,0.3154491,,,,,,,,,,,,,,,,,REG,SEA,DEN,Noah Fant,FantNo00,0.0,0.0,0.0,56.2
2024,REG,1,00-0037086,G.Calcaterra,TE,TE,PHI,15804,f6988cfa-2dcf-490b-ac80-9af8e4292efa,24180.0,,8177.0,,4241374.0,34154.0,,2804129.0,CalcGr00,grant-calcaterra-1,16039.0,,,34154.0,0.0,,976221.0,Grant Calcaterra,grant calcaterra,1,1,11.0,0,0.0,0.0,5.0,6.0,1.0,1.2489026,0,2.2,0.03448276,0.023148147,0.067927845,,,,,,,,,,,,,,,,,REG,PHI,GB,Grant Calcaterra,CalcGr00,0.0,0.0,0.0,112.5
2024,REG,1,00-0038933,D.Kincaid,TE,TE,BUF,16213,b961fa15-0676-4948-b95f-56d06319d40e,25247.0,,10236.0,,4385690.0,40048.0,,2982991.0,KincDa00,dalton-kincaid-1,16697.0,,1428.0,40048.0,0.0,,1135513.0,Dalton Kincaid,dalton kincaid,1,2,11.0,0,0.0,0.0,1.0,6.0,1.0,0.28669193,0,11.0,0.08695652,0.006024096,0.13465165,,,,,,,,,,,,,,,,,REG,BUF,ARI,Dalton Kincaid,KincDa00,0.0,0.0,0.0,66.7
2024,REG,1,00-0031585,M.Pruitt,TE,TE,PIT,12309,f22b34cf-6ecf-4522-9c77-1da275dfda7d,13964.0,9576.0,2446.0,,2508256.0,28531.0,,1760327.0,PruiMy00,,10251.0,10522.0,,28531.0,552586.0,16903.0,552586.0,MyCole Pruitt,mycole pruitt,1,2,9.0,0,0.0,0.0,11.0,1.0,0.0,0.3430653,0,0.8181818,0.09090909,0.08148148,0.19340067,,,,,,,,,,,,,,,,,REG,PIT,ATL,MyCole Pruitt,PruiMy00,0.0,0.0,0.0,62.5
2024,REG,1,00-0033858,J.Smith,TE,TE,MIA,13193,e4f25a37-74de-4bfb-b6c9-f50a4fab0b87,16460.0,11855.0,4144.0,,3054212.0,30213.0,,2081506.0,SmitJo01,jonnu-smith-1,11807.0,12344.0,84.0,30213.0,743749.0,18990.0,743749.0,Jonnu Smith,jonnu smith,1,2,7.0,0,0.0,0.0,2.0,1.0,0.0,-1.4904946,0,3.5,0.055555556,0.00913242,0.08972603,,,,,,,,,,,,,,,,,REG,MIA,JAX,Jonnu Smith,SmitJo01,0.0,1.0,0.5,58.3
2024,REG,1,00-0034270,T.Conklin,TE,TE,NYJ,13675,f0d17dfa-ebf3-416c-a8d2-c6bc30675103,17598.0,47327.0,5133.0,,3915486.0,31220.0,,2165249.0,ConkTy00,tyler-conklin-1,12809.0,13220.0,489.0,31127.0,861278.0,19988.0,861278.0,Tyler Conklin,tyler conklin,1,2,6.0,0,0.0,0.0,2.0,6.0,0.0,-1.1234256,0,3.0,0.06896552,0.010256411,0.11062776,,,,,,,,,,,,,,,,,REG,NYJ,SF,Tyler Conklin,ConkTy00,0.0,0.0,0.0,56.2
2024,REG,1,00-0038720,J.Hill,TE,TE,MIA,16425,516da3c0-f016-11ed-a518-572ef5cb73b6,25824.0,,11371.0,,4365395.0,40629.0,,2961743.0,HillJu02,,17335.0,,,40629.0,0.0,,1123630.0,Julian Hill,julian hill,1,1,6.0,0,0.0,0.0,3.0,3.0,0.0,0.18482673,0,2.0,0.027777778,0.01369863,0.051255707,,,,,,,,,,,,,,,,,REG,MIA,JAX,Julian Hill,HillJu02,0.0,0.0,0.0,91.7
2024,REG,1,00-0033881,E.Engram,TE,TE,JAX,13189,e21365af-8d66-416e-b0a5-8816d18fcfd9,16411.0,11778.0,4066.0,,3051876.0,30136.0,,2079887.0,EngrEv00,evan-engram-1,11805.0,12205.0,229.0,30136.0,749185.0,18912.0,749185.0,Evan Engram,evan engram,1,4,5.0,0,0.0,0.0,30.0,1.0,0.0,-2.6243231,0,0.16666667,0.21052632,0.16574585,0.43181157,,,,,,,,,,,,,,,,,REG,JAX,MIA,Evan Engram,EngrEv00,0.0,0.0,0.0,39.6
2024,REG,1,00-0038129,C.Otton,TE,TE,TB,15802,f23517bd-ae85-484a-8ecb-1f7a2d851e48,23181.0,,8111.0,,4243331.0,34062.0,,2815179.0,OttoCa00,cade-otton-1,16032.0,,1261.0,34062.0,0.0,,1049263.0,Cade Otton,cade otton,1,2,5.0,0,0.0,0.0,6.0,3.0,0.0,-0.3999844,0,0.8333333,0.06666667,0.042857144,0.13,,,,,,,,,,,,,,,,,REG,TB,WAS,Cade Otton,OttoCa00,0.0,0.0,0.0,56.2
2024,REG,1,00-0038558,D.Washington,TE,TE,PIT,16216,1984b8b5-d206-4d6a-8204-c5dd0160e9f5,22967.0,,9479.0,,4430802.0,40094.0,,3163963.0,WashDa03,darnell-washington-1,16889.0,,1431.0,40094.0,0.0,,1218658.0,Darnell Washington,darnell washington,1,1,5.0,0,0.0,0.0,4.0,1.0,0.0,0.3142062,0,1.25,0.045454547,0.02962963,0.08892256,,,,,,,,,,,,,,,,,REG,PIT,ATL,Darnell Washington,WashDa03,0.0,0.0,0.0,87.5
2024,REG,1,00-0036290,C.Kmet,TE,TE,CHI,14867,036feeb6-9a22-43c5-a8e3-7ac611d8ff49,19229.0,60995.0,6826.0,,4258595.0,32713.0,,2868619.0,KmetCo00,cole-kmet-1,14436.0,,569.0,32713.0,0.0,21772.0,1066765.0,Cole Kmet,cole kmet,1,1,4.0,0,0.0,0.0,2.0,2.0,0.0,0.09009827,0,2.0,0.03448276,0.009345794,0.058266193,,,,,,,,,,,,,,,,,REG,CHI,TEN,Cole Kmet,KmetCo00,0.0,0.0,0.0,83.3
2024,REG,1,00-0036429,C.Woerner,TE,TE,ATL,14984,527dfee0-a242-4dc7-830a-ab7028308259,19665.0,42257.0,7075.0,,4035020.0,32860.0,,2248629.0,WoerCh00,charlie-woerner-1,14608.0,,,32860.0,0.0,22119.0,922040.0,Charlie Woerner,charlie woerner,1,2,4.0,0,0.0,0.0,5.0,1.0,0.0,-1.3814425,0,0.8,0.08695652,0.03448276,0.15457271,,,,,,,,,,,,,,,,,REG,ATL,PIT,Charlie Woerner,WoerCh00,0.0,0.0,0.0,56.2
2024,REG,1,00-0039356,J.Sanders,TE,TE,CAR,16643,ffd2ff3f-4b56-4232-be8e-bf163c29f406,24334.0,,11600.0,,4431588.0,40995.0,,26731381.0,SandJa01,jatavion-sanders-1,17748.0,,1614.0,40995.0,0.0,,1326628.0,Ja'Tavion Sanders,jatavion sanders,1,1,4.0,0,0.0,0.0,-3.0,7.0,0.0,0.06431273,0,0.0,0.03448276,-0.0085227275,0.04575823,,,,,,,,,,,,,,,,,REG,CAR,NO,Ja'Tavion Sanders,SandJa01,0.0,0.0,0.0,83.3
2024,REG,1,00-0036556,B.Jordan,TE,TE,HOU,15330,8ffb5c07-4aa1-4796-b1ab-30c1ab0ccc4c,20162.0,77887.0,7568.0,,4362504.0,33535.0,,2964787.0,JordBr00,brevin-jordan-1,15369.0,,1052.0,33535.0,0.0,,1121871.0,Brevin Jordan,brevin jordan,1,2,3.0,0,0.0,0.0,-2.0,2.0,1.0,1.9105173,0,0.0,0.06451613,-0.008064516,0.091129035,,,,,,,,,,,,,,,,,REG,HOU,IND,Brevin Jordan,JordBr00,0.0,0.0,0.0,56.2
2024,REG,1,00-0038115,D.Bellinger,TE,TE,NYG,15873,42a1c03e-790e-46ba-b0d5-d304e44c02c7,24238.0,,8225.0,,4361516.0,34068.0,,2963615.0,BellDa00,daniel-bellinger-1,16036.0,,1322.0,34068.0,0.0,,1122035.0,Daniel Bellinger,daniel bellinger,1,1,3.0,0,0.0,0.0,2.0,1.0,0.0,-0.47979996,0,1.5,0.02631579,0.011049724,0.04720849,,,,,,,,,,,,,,,,,REG,NYG,MIN,Daniel Bellinger,BellDa00,0.0,0.0,0.0,79.2
2024,REG,1,00-0039066,M.Mayer,TE,TE,LV,16212,31f4645a-7ccb-4633-8580-2fca361beb4f,23056.0,,9482.0,,4429086.0,40065.0,,3171673.0,MayeMi00,michael-mayer-1,16666.0,,1427.0,40065.0,0.0,,1232592.0,Michael Mayer,michael mayer,2,3,3.0,0,0.0,0.0,4.0,2.0,1.0,-0.52668095,0,0.75,0.09375,0.02739726,0.15980308,,,,,,,,,,,,,,,,,REG,LV,LAC,Michael Mayer,MayeMi00,0.0,0.0,0.0,70.1
2024,REG,1,00-0036754,B.Wright,TE,TE,DET,15626,8f182089-7730-499e-8f2e-87bda32debfb,23341.0,60994.0,7891.0,,4242392.0,33774.0,,2807423.0,WrigBr01,,15681.0,,1162.0,33774.0,0.0,,978120.0,Brock Wright,brock wright,1,1,2.0,0,0.0,0.0,0.0,2.0,0.0,0.078401566,0,0.0,0.035714287,0.0,0.05357143,,,,,,,,,,,,,,,,,REG,DET,LA,Brock Wright,WrigBr01,0.0,0.0,0.0,79.2
2024,REG,1,00-0033357,T.Hill,TE,TE,NO,13424,3c8a55dd-20a8-4375-b711-49eb5e6e1d0e,17115.0,12112.0,4381.0,,2468609.0,30614.0,,2818935.0,HillTa00,,12063.0,12729.0,150.0,30614.0,503184.0,19238.0,503184.0,Taysom Hill,taysom hill,1,2,1.0,0,0.0,0.0,22.0,1.0,0.0,0.8398953,0,0.045454547,0.083333336,0.10576923,0.19903846,,,,,,,,,,,,,,,,,REG,NO,CAR,Taysom Hill,HillTa00,0.0,0.0,0.0,56.2
2024,REG,1,00-0031299,J.Matthews,TE,TE,CAR,11676,7b96a836-666b-47b6-a0a7-9dbb0b4c53e8,12124.0,8677.0,1800.0,jordanmatthews/2543500,16763.0,27570.0,,1759816.0,MattJo00,jordan-matthews-1,9273.0,9420.0,,27570.0,555648.0,15974.0,555648.0,Jordan Matthews,jordan matthews,0,1,0.0,0,0.0,0.0,16.0,0.0,0.0,-0.5819353,0,0.0,0.03448276,0.045454547,0.08354232,,,,,,,,,,,,,,,,,REG,CAR,NO,Jordan Matthews,MattJo00,0.0,0.0,0.0,39.6
2024,REG,1,00-0033217,M.Alie-Cox,TE,TE,IND,13246,8809c0dd-786b-4255-a7d0-333c9498c19a,16579.0,12078.0,4054.0,moalie-cox/2558832,2998565.0,30112.0,,2815925.0,AlieMo00,,12196.0,12221.0,195.0,30112.0,712506.0,18900.0,712506.0,Mo Alie-Cox,mo alie-cox,0,1,0.0,0,0.0,0.0,6.0,0.0,0.0,-0.50297713,0,0.0,0.05263158,0.01923077,0.09240891,,,,,,,,,,,,,,,,,REG,IND,HOU,Mo Alie-Cox,AlieMo00,0.0,0.0,0.0,39.6
2024,REG,1,00-0033576,E.Saubert,TE,TE,SF,13315,582dc00e-e7ec-4ca7-bff0-f7b1d604017b,16706.0,11929.0,4189.0,,2975863.0,30287.0,,2001018.0,SaubEr00,,11897.0,12300.0,,30287.0,694931.0,19035.0,694931.0,Eric Saubert,eric saubert,0,1,0.0,0,0.0,0.0,21.0,0.0,0.0,-2.4288409,0,0.0,0.03448276,0.07446808,0.103851795,,,,,,,,,,,,,,,,,REG,SF,NYJ,Eric Saubert,SaubEr00,0.0,0.0,0.0,39.6
2024,REG,1,00-0034798,D.Smythe,TE,TE,MIA,13676,7e42a22a-c47b-4387-aeeb-2cc2e76dc1d8,17508.0,47257.0,5008.0,,3052897.0,31093.0,,2082845.0,SmytDu00,durham-smythe-1,12807.0,13249.0,,31093.0,749968.0,19943.0,749968.0,Durham Smythe,durham smythe,0,3,0.0,0,0.0,0.0,17.0,0.0,0.0,-1.4911642,0,0.0,0.083333336,0.07762557,0.1793379,,,,,,,,,,,,,,,,,REG,MIA,JAX,Durham Smythe,SmytDu00,0.0,0.0,0.0,39.6
2024,REG,1,00-0036422,A.Trautman,TE,TE,DEN,14870,4e14183b-f974-4745-9d7f-8f5eb2a92a7d,19423.0,109795.0,6869.0,,3911853.0,32775.0,,2182228.0,TrauAd00,,14541.0,,566.0,32775.0,0.0,21786.0,875444.0,Adam Trautman,adam trautman,0,1,0.0,0,0.0,0.0,5.0,0.0,0.0,-0.83470166,0,0.0,0.023809524,0.018939395,0.04897186,,,,,,,,,,,,,,,,,REG,DEN,SEA,Adam Trautman,TrauAd00,0.0,1.0,1.0,39.6
2024,REG,1,00-0036628,J.Bates,TE,TE,WAS,15344,3208880b-949f-4926-85eb-1940770550ea,22833.0,42275.0,7716.0,,4048228.0,33512.0,,2257291.0,BateJo00,john-bates-1,15289.0,,,33512.0,0.0,,944038.0,John Bates,john bates,0,1,0.0,0,0.0,0.0,-3.0,0.0,0.0,-0.45712328,0,0.0,0.041666668,-0.024,0.0457,,,,,,,,,,,,,,,,,REG,WAS,TB,John Bates,BateJo00,0.0,0.0,0.0,39.6
2024,REG,1,00-0036876,K.Granson,TE,TE,IND,15419,bcc0167c-05fd-4b23-981e-60b8784ceb33,22841.0,40630.0,7602.0,,4039160.0,33515.0,,2247146.0,GranKy00,kylen-granson-1,15245.0,,1119.0,33515.0,0.0,,921050.0,Kylen Granson,kylen granson,0,1,0.0,0,0.0,0.0,12.0,0.0,0.0,-3.8699644,0,0.0,0.05263158,0.03846154,0.10587045,,,,,,,,,,,,,,,,,REG,IND,HOU,Kylen Granson,GranKy00,0.0,0.0,0.0,0.0
2024,REG,1,00-0039074,D.Allen,TE,TE,LA,16219,02a77d8c-3b89-4a61-86a2-0c005c1e589a,23761.0,,10214.0,,4426553.0,40164.0,,3123267.0,AlleDa02,davis-allen-1,17030.0,,1434.0,40164.0,0.0,,1161664.0,Davis Allen,davis allen,0,1,0.0,0,0.0,0.0,2.0,0.0,0.0,-0.5085446,0,0.0,0.020833334,0.006993007,0.036145106,,,,,,,,,,,,,,,,,REG,LA,DET,Davis Allen,AlleDa02,0.0,1.0,1.0,39.6
2024,REG,1,00-0039144,L.Musgrave,TE,TE,GB,16215,77a4fb49-3c6c-4aa1-8a21-20956e2d2240,25282.0,,9481.0,,4428085.0,40074.0,,3129283.0,MusgLu00,luke-musgrave-1,16663.0,,1430.0,40074.0,0.0,,1179790.0,Luke Musgrave,luke musgrave,0,2,0.0,0,0.0,0.0,33.0,0.0,0.0,-4.1101375,0,0.0,0.0625,0.11743772,0.1759564,,,,,,,,,,,,,,,,,REG,GB,PHI,Luke Musgrave,MusgLu00,0.0,0.0,0.0,0.0
2024,REG,1,00-0033895,G.Everett,TE,TE,CHI,13236,ebeceb00-57e0-4b74-9cf7-853da2afed18,16459.0,11799.0,4089.0,,3918639.0,30157.0,,2142692.0,EverGe00,gerald-everett-1,11737.0,12284.0,55.0,30157.0,838487.0,18935.0,838487.0,Gerald Everett,gerald everett,1,1,-1.0,0,0.0,0.0,-5.0,4.0,0.0,-0.76156837,0,0.0,0.03448276,-0.023364486,0.035368998,,,,,,,,,,,,,,,,,REG,CHI,TEN,Gerald Everett,EverGe00,0.0,0.0,0.0,79.2
2024,REG,2,00-0033090,H.Henry,TE,TE,NE,12676,705899da-3c20-4bc3-b5d0-2e6e40655131,15561.0,10669.0,3214.0,,3046439.0,29269.0,,2079848.0,HenrHu00,hunter-henry-1,10735.0,11299.0,212.0,29269.0,744425.0,17975.0,744425.0,Hunter Henry,hunter henry,8,12,109.0,0,0.0,0.0,68.0,64.0,7.0,7.419763,0,1.6029412,0.5,0.52307695,1.1161538,Hunter Henry,NE,5.075714285714286,3.286823754914972,6.555833333333332,49.50600969102006,66.66666666666666,109.0,0.0,8.236250000000002,8.05653832170782,0.1797116782921826,00-0033090,Hunter,Henry,H.Henry,REG,NE,SEA,Hunter Henry,HenrHu00,0.0,1.0,0.083,95.5
2024,REG,2,00-0039338,B.Bowers,TE,TE,LV,16641,ad9fc7e3-0a6d-4e41-84c2-cf43b71aee13,22955.0,,11604.0,,4432665.0,40878.0,,26693971.0,BoweBr01,brock-bowers-1,17693.0,,1612.0,40878.0,0.0,,1285917.0,Brock Bowers,brock bowers,9,9,98.0,0,0.0,0.0,56.0,42.0,5.0,8.203639,0,1.75,0.25,0.25339368,0.55237556,Brock Bowers,LV,8.01625,4.028900743893497,6.3966666666666665,25.242250186346293,100.0,98.0,0.0,4.492222222222222,5.541501185027958,-1.0492789628057357,00-0039338,Brock,Bowers,B.Bowers,REG,LV,BAL,Brock Bowers,BoweBr01,0.0,0.0,0.0,112.0
2024,REG,2,00-0034829,M.Gesicki,TE,TE,CIN,13672,1012cbe0-7eba-4169-bfca-183a0204e1a7,17272.0,47153.0,4993.0,,3116164.0,31012.0,,2139298.0,GesiMi00,mike-gesicki-1,12764.0,13104.0,330.0,31012.0,836152.0,19853.0,836152.0,Mike Gesicki,mike gesicki,7,9,91.0,0,0.0,0.0,62.0,52.0,3.0,8.035678,0,1.467742,0.2647059,0.26956522,0.58575445,Mike Gesicki,CIN,5.035555555555555,3.0921483918896464,6.544444444444443,22.753611991037616,77.77777777777779,91.0,0.0,7.972857142857144,7.2295970287809395,0.7432601140762047,00-0034829,Michael,Gesicki,M.Gesicki,REG,CIN,KC,Mike Gesicki,GesiMi00,0.0,1.0,0.111,108.8
2024,REG,2,00-0033288,G.Kittle,TE,TE,SF,13299,2ada91b0-036e-454f-83c3-6d939ff584a9,16499.0,11901.0,4217.0,,3040151.0,30259.0,,2818265.0,KittGe00,george-kittle-1,11892.0,12276.0,298.0,30259.0,733672.0,19063.0,733672.0,George Kittle,george kittle,7,8,76.0,1,0.0,0.0,58.0,45.0,4.0,7.117309,0,1.3103448,0.22222222,0.18892509,0.46558088,George Kittle,SF,4.19,3.9142976181312887,6.683750000000001,17.092896873601436,87.5,76.0,1.0,6.911428571428571,5.876848686263396,1.0345798851651749,00-0033288,George,Kittle,G.Kittle,REG,SF,MIN,George Kittle,KittGe00,0.0,0.0,0.0,145.8
2024,REG,2,00-0037744,T.McBride,TE,TE,ARI,15794,734d54cc-c869-4e2f-a60f-c59c493f5110,22936.0,,8130.0,,4361307.0,34010.0,,2963385.0,McBrTr01,trey-mcbride-1,15902.0,,1253.0,34010.0,0.0,,1108161.0,Trey McBride,trey mcbride,6,6,67.0,0,0.0,0.0,33.0,34.0,2.0,5.945027,0,2.030303,0.2857143,0.1542056,0.53651536,Trey McBride,ARI,4.71,3.599118805016263,5.003333333333333,13.57204213572042,100.0,67.0,0.0,6.163333333333334,4.664969560406935,1.4983637729263988,00-0037744,Trey,McBride,T.McBride,REG,ARI,LA,Trey McBride,McBrTr01,1.0,0.0,0.0,113.2
2024,REG,2,00-0038935,B.Strange,TE,TE,JAX,16269,94f135f7-9d54-4cbd-b560-fcaf83d414b0,25345.0,,9480.0,,4430539.0,40078.0,,3121696.0,StraBr00,brenton-strange-1,17017.0,,1461.0,40078.0,0.0,,1164940.0,Brenton Strange,brenton strange,3,6,65.0,0,0.0,0.0,82.0,11.0,2.0,3.962711,0,0.79268295,0.22222222,0.25076452,0.5088685,Brenton Strange,JAX,6.428,2.346146781749723,13.450000000000001,24.55499771793702,50.0,65.0,0.0,5.25,4.369302184295293,0.880697815704707,00-0038935,Brenton,Strange,B.Strange,REG,JAX,CLE,Brenton Strange,StraBr00,0.0,2.0,0.333,88.9
2024,REG,2,00-0030061,Z.Ertz,TE,TE,WAS,11247,de3421f7-2147-4835-89a5-724e87bad463,11689.0,7816.0,1339.0,zachertz/2540158,15835.0,26658.0,,1685963.0,ErtzZa00,zach-ertz-1,8781.0,8409.0,305.0,26658.0,503177.0,14856.0,503177.0,Zach Ertz,zach ertz,4,4,62.0,0,0.0,0.0,51.0,11.0,3.0,5.957274,0,1.2156863,0.13793103,0.4180328,0.4995195,,,,,,,,,,,,,,,,,REG,WAS,NYG,Zach Ertz,ErtzZa00,0.0,0.0,0.0,118.7
2024,REG,2,00-0033858,J.Smith,TE,TE,MIA,13193,e4f25a37-74de-4bfb-b6c9-f50a4fab0b87,16460.0,11855.0,4144.0,,3054212.0,30213.0,,2081506.0,SmitJo01,jonnu-smith-1,11807.0,12344.0,84.0,30213.0,743749.0,18990.0,743749.0,Jonnu Smith,jonnu smith,6,7,53.0,0,0.0,0.0,39.0,36.0,2.0,1.1140597,0,1.3589743,0.1891892,0.12913907,0.37418112,Jonnu Smith,MIA,9.087499999999999,3.851367008830927,4.307142857142857,10.87858560346383,85.71428571428571,53.0,0.0,6.238333333333333,5.28147672322811,0.9568566101052234,00-0033858,Jonnu,Smith,J.Smith,REG,MIA,BUF,Jonnu Smith,SmitJo01,1.0,0.0,0.0,98.2
2024,REG,2,00-0034753,M.Andrews,TE,TE,BAL,13671,0618f387-9b72-4270-8b8f-dec4cccc9e4a,17269.0,47436.0,5012.0,,3116365.0,31056.0,,2131121.0,AndrMa00,mark-andrews-1,12559.0,13182.0,366.0,31056.0,820699.0,19803.0,820699.0,Mark Andrews,mark andrews,4,5,51.0,0,0.0,0.0,67.0,13.0,4.0,1.9222054,0,0.76119405,0.16129032,0.24632353,0.41436195,Mark Andrews,BAL,4.744999999999999,3.8560412127775883,11.799999999999999,20.76002814919071,80.0,51.0,0.0,3.9650000000000016,4.298489505903035,-0.3334895059030334,00-0034753,Mark,Andrews,M.Andrews,REG,BAL,LV,Mark Andrews,AndrMa00,0.0,0.0,0.0,109.2
2024,REG,2,00-0038547,L.Schoonmaker,TE,TE,DAL,16221,143957a7-4649-4a19-b351-e606edc75ebd,25267.0,,10871.0,,4372096.0,40061.0,,2968473.0,SchoLu00,luke-schoonmaker-1,16855.0,,1382.0,40061.0,0.0,,1130242.0,Luke Schoonmaker,luke schoonmaker,6,6,43.0,0,0.0,0.0,15.0,28.0,3.0,0.69728535,0,2.8666666,0.14634146,0.04360465,0.25003546,Luke Schoonmaker,DAL,8.855,3.338106852843612,2.121666666666666,3.916320566066758,100.0,43.0,0.0,5.045000000000001,5.366737229731541,-0.3217372297315402,00-0038547,Luke,Schoonmaker,L.Schoonmaker,REG,DAL,NO,Luke Schoonmaker,SchoLu00,0.0,0.0,0.0,96.5
2024,REG,2,00-0036894,P.Freiermuth,TE,TE,PIT,15331,04f0fefe-9d9d-44f5-94ea-6df2a42df3c6,20163.0,84085.0,7600.0,,4361411.0,33443.0,,2961270.0,FreiPa00,pat-freiermuth-1,15267.0,,1053.0,33443.0,0.0,,1116662.0,Pat Freiermuth,pat freiermuth,4,4,39.0,0,0.0,0.0,22.0,17.0,2.0,1.5940397,0,1.7727273,0.22222222,0.16058394,0.4457421,,,,,,,,,,,,,,,,,REG,PIT,DEN,Pat Freiermuth,FreiPa00,0.0,0.0,0.0,107.3
2024,REG,2,00-0034351,D.Goedert,TE,TE,PHI,13674,e8029983-87cf-49a2-bc04-04c8233a0630,17270.0,47272.0,5022.0,,3121023.0,31019.0,,2132551.0,GoedDa00,,12860.0,13151.0,382.0,31019.0,791365.0,19863.0,791365.0,Dallas Goedert,dallas goedert,3,4,38.0,0,0.0,0.0,38.0,9.0,1.0,-1.890732,0,1.0,0.13793103,0.21468927,0.35717905,,,,,,,,,,,,,,,,,REG,PHI,ATL,Dallas Goedert,GoedDa00,0.0,0.0,0.0,104.2
2024,REG,2,00-0038933,D.Kincaid,TE,TE,BUF,16213,b961fa15-0676-4948-b95f-56d06319d40e,25247.0,,10236.0,,4385690.0,40048.0,,2982991.0,KincDa00,dalton-kincaid-1,16697.0,,1428.0,40048.0,0.0,,1135513.0,Dalton Kincaid,dalton kincaid,4,4,33.0,0,0.0,0.0,-8.0,41.0,0.0,2.3500416,0,0.0,0.22222222,-0.06349207,0.2888889,,,,,,,,,,,,,,,,,REG,BUF,MIA,Dalton Kincaid,KincDa00,2.0,0.0,0.0,101.0
2024,REG,2,00-0039814,E.All,TE,TE,CIN,16645,5523779b-db60-4158-b232-8391bc7db65b,23837.0,,11592.0,,4427834.0,40989.0,,3121555.0,AllxEr00,erick-all-1,17696.0,,1616.0,40989.0,0.0,,1164533.0,Erick All,erick all,4,4,32.0,0,0.0,0.0,18.0,14.0,1.0,1.3477987,0,1.7777778,0.11764706,0.07826087,0.23125319,,,,,,,,,,,,,,,,,REG,CIN,KC,Erick All,AllxEr00,0.0,0.0,0.0,100.0
2024,REG,2,00-0034159,W.Dissly,TE,TE,LAC,13763,383f4814-6836-4766-a297-fc063e8509cc,18049.0,30762.0,5010.0,,3127292.0,31090.0,,2139628.0,DissWi00,will-dissly-1,12986.0,13246.0,86.0,31090.0,837806.0,19950.0,837806.0,Will Dissly,will dissly,3,3,29.0,0,0.0,0.0,11.0,18.0,2.0,2.601489,0,2.6363637,0.15789473,0.080882356,0.29345974,,,,,,,,,,,,,,,,,REG,LAC,CAR,Will Dissly,DissWi00,1.0,0.0,0.0,106.9
2024,REG,2,00-0035631,D.Sample,TE,TE,CIN,14146,15a4f552-ecaf-45bd-9006-aa5dda93bee6,18561.0,47259.0,6001.0,,3127310.0,31884.0,,2139646.0,SampDr00,drew-sample-1,13809.0,14111.0,435.0,31884.0,837824.0,20931.0,837824.0,Drew Sample,drew sample,3,3,28.0,0,1.0,0.0,10.0,18.0,1.0,2.1602445,0,2.8,0.0882353,0.04347826,0.16278772,,,,,,,,,,,,,,,,,REG,CIN,KC,Drew Sample,SampDr00,0.0,0.0,0.0,105.6
2024,REG,2,00-0036290,C.Kmet,TE,TE,CHI,14867,036feeb6-9a22-43c5-a8e3-7ac611d8ff49,19229.0,60995.0,6826.0,,4258595.0,32713.0,,2868619.0,KmetCo00,cole-kmet-1,14436.0,,569.0,32713.0,0.0,21772.0,1066765.0,Cole Kmet,cole kmet,4,5,27.0,0,0.0,0.0,44.0,10.0,1.0,-1.6364654,0,0.6136364,0.14705883,0.17741935,0.3447818,Cole Kmet,CHI,10.483333333333334,4.2178875567533165,7.954000000000001,16.848125397161624,80.0,27.0,0.0,2.612499999999999,3.602870621591535,-0.990370621591536,00-0036290,Cole,Kmet,C.Kmet,REG,CHI,HOU,Cole Kmet,KmetCo00,0.0,0.0,0.0,49.6
2024,REG,2,00-0033576,E.Saubert,TE,TE,SF,13315,582dc00e-e7ec-4ca7-bff0-f7b1d604017b,16706.0,11929.0,4189.0,,2975863.0,30287.0,,2001018.0,SaubEr00,,11897.0,12300.0,,30287.0,694931.0,19035.0,694931.0,Eric Saubert,eric saubert,2,2,26.0,0,0.0,0.0,15.0,11.0,2.0,1.4695836,0,1.7333333,0.055555556,0.048859935,0.117535286,,,,,,,,,,,,,,,,,REG,SF,MIN,Eric Saubert,SaubEr00,0.0,0.0,0.0,118.7
2024,REG,2,00-0037838,I.Likely,TE,TE,BAL,15798,f9279edb-cfa7-4f7d-91df-b81cbf3e133e,23781.0,,8131.0,,4361050.0,34095.0,,2961906.0,LikeIs00,isaiah-likely-1,16033.0,,1257.0,34095.0,0.0,,1125111.0,Isaiah Likely,isaiah likely,2,3,26.0,0,0.0,0.0,26.0,24.0,2.0,2.4883816,0,1.0,0.09677419,0.09558824,0.21207306,,,,,,,,,,,,,,,,,REG,BAL,LV,Isaiah Likely,LikeIs00,0.0,0.0,0.0,93.7
2024,REG,2,00-0037005,T.Tremble,TE,TE,CAR,15332,cbee2fd3-e5f2-4316-bffd-531f1873f032,22795.0,84025.0,7694.0,,4372780.0,33471.0,,2969027.0,TremTo00,tommy-tremble-1,15371.0,,1054.0,33471.0,0.0,,1130555.0,Tommy Tremble,tommy tremble,3,4,23.0,0,0.0,0.0,15.0,18.0,1.0,-1.5228713,0,1.5333333,0.15384616,0.19480519,0.36713287,,,,,,,,,,,,,,,,,REG,CAR,LAC,Tommy Tremble,TremTo00,0.0,0.0,0.0,88.5
2024,REG,2,00-0033217,M.Alie-Cox,TE,TE,IND,13246,8809c0dd-786b-4255-a7d0-333c9498c19a,16579.0,12078.0,4054.0,moalie-cox/2558832,2998565.0,30112.0,,2815925.0,AlieMo00,,12196.0,12221.0,195.0,30112.0,712506.0,18900.0,712506.0,Mo Alie-Cox,mo alie-cox,1,1,22.0,0,0.0,0.0,13.0,9.0,1.0,1.622517,0,1.6923077,0.032258064,0.0362117,0.07373529,,,,,,,,,,,,,,,,,REG,IND,GB,Mo Alie-Cox,AlieMo00,0.0,0.0,0.0,118.7
2024,REG,2,00-0034383,D.Schultz,TE,TE,HOU,13772,8caec1b4-e0b6-4a84-b8c8-617d6e91ef6a,17349.0,47304.0,5001.0,,3117256.0,31107.0,,2136748.0,SchuDa00,dalton-schultz-1,12514.0,13198.0,487.0,31107.0,830523.0,19920.0,830523.0,Dalton Schultz,dalton schultz,2,3,21.0,0,0.0,0.0,26.0,12.0,1.0,1.6150817,0,0.8076923,0.0882353,0.1007752,0.20289558,,,,,,,,,,,,,,,,,REG,HOU,CHI,Dalton Schultz,SchuDa00,0.0,0.0,0.0,86.8
2024,REG,2,00-0036970,K.Pitts,TE,TE,ATL,15329,1f3deb24-9ff8-4769-8f42-825eff7742f6,20164.0,83964.0,7553.0,,4360248.0,33392.0,,2964514.0,PittKy00,kyle-pitts-1,15265.0,,1051.0,33392.0,0.0,,1123026.0,Kyle Pitts,kyle pitts,3,4,20.0,0,0.0,0.0,15.0,9.0,1.0,-1.1831698,0,1.3333334,0.13793103,0.06382979,0.2515774,,,,,,,,,,,,,,,,,REG,ATL,PHI,Kyle Pitts,PittKy00,1.0,0.0,0.0,85.4
2024,REG,2,00-0037086,G.Calcaterra,TE,TE,PHI,15804,f6988cfa-2dcf-490b-ac80-9af8e4292efa,24180.0,,8177.0,,4241374.0,34154.0,,2804129.0,CalcGr00,grant-calcaterra-1,16039.0,,,34154.0,0.0,,976221.0,Grant Calcaterra,grant calcaterra,2,2,19.0,0,0.0,0.0,14.0,5.0,2.0,1.0711195,0,1.3571428,0.06896552,0.07909604,0.1588155,,,,,,,,,,,,,,,,,REG,PHI,ATL,Grant Calcaterra,CalcGr00,0.0,0.0,0.0,106.2
2024,REG,2,00-0039041,E.Higgins,TE,TE,ARI,16333,a01b7698-d67f-4b60-b2fb-4c667336b718,23119.0,,10231.0,,4426844.0,40226.0,,3122914.0,HiggEl00,elijah-higgins-1,16959.0,,1469.0,40226.0,0.0,,1161853.0,Elijah Higgins,elijah higgins,1,1,18.0,1,0.0,0.0,18.0,0.0,1.0,2.8691726,0,1.0,0.04761905,0.08411215,0.13030708,,,,,,,,,,,,,,,,,REG,ARI,LA,Elijah Higgins,HiggEl00,0.0,0.0,0.0,158.3
2024,REG,2,00-0039359,C.Stover,TE,TE,HOU,16642,559d5222-0403-4a14-94c7-c7bd5072c939,25269.0,,11599.0,,4426496.0,40987.0,,3125978.0,StovCa00,cade-stover-1,17794.0,,1613.0,40987.0,0.0,,1175182.0,Cade Stover,cade stover,1,1,18.0,0,0.0,0.0,0.0,18.0,1.0,3.1681485,0,0.0,0.029411765,0.0,0.04411765,,,,,,,,,,,,,,,,,REG,HOU,CHI,Cade Stover,StovCa00,0.0,0.0,0.0,118.7
2024,REG,2,00-0037252,G.Dulcich,TE,TE,DEN,15797,b9e4a022-d15c-4cef-9879-170277f17207,23153.0,,8172.0,,4367209.0,34036.0,,2964274.0,DulcGr00,greg-dulcich-1,15891.0,,,34036.0,0.0,,1128085.0,Greg Dulcich,greg dulcich,3,8,16.0,0,0.0,0.0,63.0,10.0,0.0,-4.280115,0,0.25396827,0.24242425,0.21428572,0.51363635,Greg Dulcich,DEN,4.531428571428571,3.373464460169787,6.836250000000001,17.347035874012754,37.5,16.0,0.0,4.106666666666666,3.6936407647663905,0.4130259019002751,00-0037252,Greg,Dulcich,G.Dulcich,REG,DEN,PIT,Greg Dulcich,DulcGr00,0.0,2.0,0.25,45.8
2024,REG,2,00-0037809,C.Okonkwo,TE,TE,TEN,15889,14e11f9b-58c8-437f-abc0-a4e4df9a7c47,23982.0,,8210.0,,4360635.0,34099.0,,2965208.0,OkonCh00,chigoziem-okonkwo-1,16042.0,,1320.0,34099.0,0.0,,1106374.0,Chigoziem Okonkwo,chigoziem okonkwo,3,3,16.0,0,0.0,0.0,1.0,15.0,0.0,-0.85469764,0,16.0,0.11111111,0.0034013605,0.16904762,,,,,,,,,,,,,,,,,REG,TEN,NYJ,Chigoziem Okonkwo,OkonCh00,0.0,0.0,0.0,88.9
2024,REG,2,00-0038996,T.Kraft,TE,TE,GB,16222,3a084c5f-6b9f-4703-a0c7-1566bc4b1129,25298.0,,9484.0,,4572680.0,40102.0,,3133332.0,KrafTu00,,16649.0,,1418.0,40102.0,0.0,,1181874.0,Tucker Kraft,tucker kraft,2,2,16.0,0,0.0,0.0,1.0,15.0,1.0,1.5977802,0,16.0,0.15384616,0.012345679,0.2394112,,,,,,,,,,,,,,,,,REG,GB,IND,Tucker Kraft,KrafTu00,0.0,0.0,0.0,100.0
2024,REG,2,00-0035644,N.Fant,TE,TE,SEA,14137,cdc98acc-9eb6-4b44-81bb-61d7b8a3b55f,17527.0,42388.0,5857.0,,4036131.0,31852.0,,2251095.0,FantNo00,noah-fant-1,13426.0,14050.0,243.0,31852.0,923911.0,20753.0,923911.0,Noah Fant,noah fant,1,3,14.0,0,0.0,0.0,17.0,7.0,1.0,-0.7986134,0,0.8235294,0.069767445,0.046831954,0.13743353,,,,,,,,,,,,,,,,,REG,SEA,NE,Noah Fant,FantNo00,0.0,1.0,0.333,49.3
2024,REG,2,00-0036887,L.Farrell,TE,TE,JAX,15335,8a1f0e8e-6521-4a94-9934-ad4f76a25fd9,19501.0,42353.0,7842.0,,4040612.0,33533.0,,2260977.0,FarrLu00,luke-farrell-1,15566.0,,,33533.0,0.0,,946541.0,Luke Farrell,luke farrell,2,2,13.0,0,0.0,0.0,7.0,6.0,2.0,1.3329115,0,1.8571428,0.074074075,0.021406727,0.12609582,,,,,,,,,,,,,,,,,REG,JAX,CLE,Luke Farrell,FarrLu00,0.0,0.0,0.0,93.7
2024,REG,2,00-0038589,J.Whyle,TE,TE,TEN,16312,601467c7-b593-472d-a147-b8e7bfdbe990,22923.0,,10212.0,,4360086.0,40182.0,,2962513.0,WhylJo01,josh-whyle-1,16866.0,,1471.0,40182.0,0.0,,1107037.0,Josh Whyle,josh whyle,2,2,13.0,0,0.0,0.0,5.0,8.0,1.0,0.5410326,0,2.6,0.074074075,0.017006803,0.12301587,,,,,,,,,,,,,,,,,REG,TEN,NYJ,Josh Whyle,WhylJo01,1.0,0.0,0.0,93.7
2024,REG,2,00-0039065,S.LaPorta,TE,TE,DET,16214,3059f1e5-1871-4458-9e90-9b9917874c61,22978.0,,10859.0,,4430027.0,40064.0,,3124197.0,LaPoSa01,sam-laporta-1,17033.0,,1429.0,40064.0,0.0,,1168926.0,Sam LaPorta,sam laporta,2,3,13.0,0,0.0,0.0,2.0,5.0,1.0,0.83334965,0,6.5,0.056603774,0.005263158,0.08858987,,,,,,,,,,,,,,,,,REG,DET,TB,Sam LaPorta,LaPoSa01,0.0,0.0,0.0,75.7
2024,REG,2,00-0033246,J.Mundt,TE,TE,MIN,13940,6414998b-5831-44aa-8bd8-39e42a323c2c,16743.0,12206.0,4314.0,,3052096.0,30373.0,,2818622.0,MundJo00,,12316.0,12525.0,,30373.0,740704.0,19165.0,740704.0,Johnny Mundt,johnny mundt,2,3,12.0,0,0.0,0.0,7.0,6.0,0.0,-1.0533475,0,1.7142857,0.125,0.038674034,0.21457182,,,,,,,,,,,,,,,,,REG,MIN,SF,Johnny Mundt,MundJo00,0.0,0.0,0.0,74.3
2024,REG,2,00-0036244,C.Parkinson,TE,TE,LA,14871,1ea7affb-e5e7-491a-aaa3-55e200b2eb48,19372.0,52266.0,6865.0,,4242557.0,32803.0,,2867522.0,ParkCo02,colby-parkinson-1,14463.0,,565.0,32803.0,0.0,21807.0,1060312.0,Colby Parkinson,colby parkinson,1,2,12.0,0,0.0,0.0,15.0,6.0,1.0,0.95144844,0,0.8,0.074074075,0.094339624,0.17714885,,,,,,,,,,,,,,,,,REG,LA,ARI,Colby Parkinson,ParkCo02,0.0,1.0,0.5,68.7
2024,REG,2,00-0037292,A.Ogletree,TE,TE,IND,15916,59f460a8-b5af-40e6-840c-429762b278b3,24561.0,,8489.0,,4722908.0,34148.0,,2672594.0,OgleAn00,,16277.0,,1315.0,34148.0,0.0,,1271740.0,Andrew Ogletree,andrew ogletree,1,2,12.0,0,0.0,0.0,26.0,5.0,0.0,-0.19634862,0,0.46153846,0.06451613,0.0724234,0.14747058,,,,,,,,,,,,,,,,,REG,IND,GB,Andrew Ogletree,OgleAn00,0.0,0.0,0.0,68.7
2024,REG,2,00-0039066,M.Mayer,TE,TE,LV,16212,31f4645a-7ccb-4633-8580-2fca361beb4f,23056.0,,9482.0,,4429086.0,40065.0,,3171673.0,MayeMi00,michael-mayer-1,16666.0,,1427.0,40065.0,0.0,,1232592.0,Michael Mayer,michael mayer,1,1,11.0,0,0.0,0.0,6.0,5.0,1.0,0.60240513,0,1.8333334,0.027777778,0.027149322,0.06067119,,,,,,,,,,,,,,,,,REG,LV,BAL,Michael Mayer,MayeMi00,0.0,0.0,0.0,112.5
2024,REG,2,00-0034270,T.Conklin,TE,TE,NYJ,13675,f0d17dfa-ebf3-416c-a8d2-c6bc30675103,17598.0,47327.0,5133.0,,3915486.0,31220.0,,2165249.0,ConkTy00,tyler-conklin-1,12809.0,13220.0,489.0,31127.0,861278.0,19988.0,861278.0,Tyler Conklin,tyler conklin,1,2,10.0,0,0.0,0.0,1.0,5.0,1.0,-0.19856487,0,10.0,0.06896552,0.0065789474,0.10805354,,,,,,,,,,,,,,,,,REG,NYJ,TEN,Tyler Conklin,ConkTy00,0.0,0.0,0.0,64.6
2024,REG,2,00-0034364,J.Akins,TE,TE,CLE,13753,0cb5a32a-a340-4671-ba2a-93f5fa6aee8d,17415.0,47050.0,5032.0,,3128452.0,31068.0,,2142712.0,AkinJo00,jordan-akins-1,12568.0,13238.0,,31068.0,838396.0,19903.0,838396.0,Jordan Akins,jordan akins,1,1,10.0,0,0.0,0.0,-5.0,15.0,1.0,1.038967,0,0.0,0.030303031,-0.024154589,0.028546333,,,,,,,,,,,,,,,,,REG,CLE,JAX,Jordan Akins,AkinJo00,0.0,0.0,0.0,108.3
2024,REG,2,00-0036876,K.Granson,TE,TE,IND,15419,bcc0167c-05fd-4b23-981e-60b8784ceb33,22841.0,40630.0,7602.0,,4039160.0,33515.0,,2247146.0,GranKy00,kylen-granson-1,15245.0,,1119.0,33515.0,0.0,,921050.0,Kylen Granson,kylen granson,1,2,9.0,0,0.0,0.0,12.0,7.0,0.0,-0.15977405,0,0.75,0.06451613,0.033426184,0.12017252,,,,,,,,,,,,,,,,,REG,IND,GB,Kylen Granson,GranKy00,0.0,0.0,0.0,62.5
2024,REG,2,00-0034798,D.Smythe,TE,TE,MIA,13676,7e42a22a-c47b-4387-aeeb-2cc2e76dc1d8,17508.0,47257.0,5008.0,,3052897.0,31093.0,,2082845.0,SmytDu00,durham-smythe-1,12807.0,13249.0,,31093.0,749968.0,19943.0,749968.0,Durham Smythe,durham smythe,1,1,8.0,0,0.0,0.0,4.0,4.0,0.0,0.5499116,0,2.0,0.027027028,0.013245033,0.049812064,,,,,,,,,,,,,,,,,REG,MIA,BUF,Durham Smythe,SmytDu00,0.0,0.0,0.0,100.0
2024,REG,2,00-0039356,J.Sanders,TE,TE,CAR,16643,ffd2ff3f-4b56-4232-be8e-bf163c29f406,24334.0,,11600.0,,4431588.0,40995.0,,26731381.0,SandJa01,jatavion-sanders-1,17748.0,,1614.0,40995.0,0.0,,1326628.0,Ja'Tavion Sanders,jatavion sanders,2,2,8.0,0,0.0,0.0,3.0,5.0,0.0,-0.9227982,0,2.6666667,0.07692308,0.038961038,0.14265734,,,,,,,,,,,,,,,,,REG,CAR,LAC,Ja'Tavion Sanders,SandJa01,0.0,0.0,0.0,83.3
2024,REG,2,00-0039824,J.Wiley,TE,TE,KC,16648,a952a370-a43f-45ec-8371-0665f0b9551e,26343.0,,11595.0,,4430723.0,40978.0,,3123819.0,WileJa00,jared-wiley-1,17894.0,,1619.0,40978.0,0.0,,1163272.0,Jared Wiley,jared wiley,1,1,7.0,0,0.0,0.0,4.0,3.0,0.0,-0.14508837,0,1.75,0.04347826,0.045454547,0.09703557,,,,,,,,,,,,,,,,,REG,KC,CIN,Jared Wiley,WileJa00,0.0,0.0,0.0,95.8
2024,REG,2,00-0039144,L.Musgrave,TE,TE,GB,16215,77a4fb49-3c6c-4aa1-8a21-20956e2d2240,25282.0,,9481.0,,4428085.0,40074.0,,3129283.0,MusgLu00,luke-musgrave-1,16663.0,,1430.0,40074.0,0.0,,1179790.0,Luke Musgrave,luke musgrave,1,1,6.0,0,0.0,0.0,-1.0,7.0,0.0,0.30650324,0,0.0,0.07692308,-0.012345679,0.10674264,,,,,,,,,,,,,,,,,REG,GB,IND,Luke Musgrave,MusgLu00,0.0,0.0,0.0,91.7
2024,REG,2,00-0030506,T.Kelce,TE,TE,KC,11244,c3859e06-5f23-4302-a71b-04820a899d5f,11594.0,7844.0,1466.0,traviskelce/2540258,15847.0,26686.0,,1725130.0,KelcTr00,travis-kelce-1,8783.0,8411.0,264.0,26686.0,448240.0,15048.0,448240.0,Travis Kelce,travis kelce,1,3,5.0,0,0.0,0.0,21.0,0.0,0.0,-6.7255282,0,0.23809524,0.13043478,0.23863636,0.36269763,,,,,,,,,,,,,,,,,REG,KC,CIN,Travis Kelce,KelcTr00,0.0,0.0,0.0,2.8
2024,REG,2,00-0032392,A.Hooper,TE,TE,NE,12677,90c2a93f-d837-4e1b-b57c-56648903a8db,15581.0,10715.0,3202.0,,3043275.0,29315.0,,2067004.0,HoopAu00,austin-hooper-1,10748.0,11301.0,384.0,29315.0,739424.0,17963.0,739424.0,Austin Hooper,austin hooper,1,1,5.0,0,0.0,0.0,3.0,2.0,0.0,-0.084636845,0,1.6666666,0.041666668,0.023076924,0.07865385,,,,,,,,,,,,,,,,,REG,NE,SEA,Austin Hooper,HoopAu00,0.0,0.0,0.0,87.5
2024,REG,2,00-0034830,H.Hurst,TE,TE,LAC,13680,1b125fc4-5dd9-4eb9-a42f-048e61ca42b7,17283.0,47294.0,4973.0,,3924365.0,30995.0,,2185053.0,HursHa00,hayden-hurst-1,12467.0,13098.0,8.0,30995.0,881956.0,19843.0,881956.0,Hayden Hurst,hayden hurst,1,2,5.0,0,0.0,0.0,6.0,2.0,0.0,-0.63311297,0,0.8333333,0.10526316,0.04411765,0.18877709,,,,,,,,,,,,,,,,,REG,LAC,CAR,Hayden Hurst,HursHa00,0.0,0.0,0.0,56.2
2024,REG,2,00-0036628,J.Bates,TE,TE,WAS,15344,3208880b-949f-4926-85eb-1940770550ea,22833.0,42275.0,7716.0,,4048228.0,33512.0,,2257291.0,BateJo00,john-bates-1,15289.0,,,33512.0,0.0,,944038.0,John Bates,john bates,1,1,5.0,0,0.0,0.0,5.0,0.0,0.0,-0.33688295,0,1.0,0.03448276,0.040983606,0.08041266,,,,,,,,,,,,,,,,,REG,WAS,NYG,John Bates,BateJo00,0.0,0.0,0.0,87.5
2024,REG,2,00-0038558,D.Washington,TE,TE,PIT,16216,1984b8b5-d206-4d6a-8204-c5dd0160e9f5,22967.0,,9479.0,,4430802.0,40094.0,,3163963.0,WashDa03,darnell-washington-1,16889.0,,1431.0,40094.0,0.0,,1218658.0,Darnell Washington,darnell washington,1,1,5.0,1,0.0,0.0,5.0,0.0,1.0,2.7124653,0,1.0,0.055555556,0.03649635,0.10888078,,,,,,,,,,,,,,,,,REG,PIT,DEN,Darnell Washington,WashDa03,0.0,0.0,0.0,127.1
2024,REG,2,00-0036556,B.Jordan,TE,TE,HOU,15330,8ffb5c07-4aa1-4796-b1ab-30c1ab0ccc4c,20162.0,77887.0,7568.0,,4362504.0,33535.0,,2964787.0,JordBr00,brevin-jordan-1,15369.0,,1052.0,33535.0,0.0,,1121871.0,Brevin Jordan,brevin jordan,1,1,4.0,0,0.0,0.0,3.0,1.0,0.0,-0.45931298,0,1.3333334,0.029411765,0.011627907,0.05225718,,,,,,,,,,,,,,,,,REG,HOU,CHI,Brevin Jordan,JordBr00,0.0,0.0,0.0,83.3
2024,REG,2,00-0038046,C.Kolar,TE,TE,BAL,15795,3c048ac9-2c0f-4bf0-9ddc-ce99c9387ac8,22756.0,,8127.0,,4241263.0,34084.0,,2866273.0,KolaCh00,charlie-kolar-1,15924.0,,,34084.0,0.0,,1058648.0,Charlie Kolar,charlie kolar,1,1,4.0,0,0.0,0.0,4.0,0.0,0.0,-0.27497777,0,1.0,0.032258064,0.014705882,0.058681216,,,,,,,,,,,,,,,,,REG,BAL,LV,Charlie Kolar,KolaCh00,0.0,0.0,0.0,83.3
2024,REG,2,00-0033357,T.Hill,TE,TE,NO,13424,3c8a55dd-20a8-4375-b711-49eb5e6e1d0e,17115.0,12112.0,4381.0,,2468609.0,30614.0,,2818935.0,HillTa00,,12063.0,12729.0,150.0,30614.0,503184.0,19238.0,503184.0,Taysom Hill,taysom hill,1,1,1.0,0,0.0,0.0,-1.0,2.0,0.0,-0.65843767,0,0.0,0.06666667,-0.007246377,0.094927534,,,,,,,,,,,,,,,,,REG,NO,DAL,Taysom Hill,HillTa00,0.0,0.0,0.0,79.2
2024,REG,2,00-0033895,G.Everett,TE,TE,CHI,13236,ebeceb00-57e0-4b74-9cf7-853da2afed18,16459.0,11799.0,4089.0,,3918639.0,30157.0,,2142692.0,EverGe00,gerald-everett-1,11737.0,12284.0,55.0,30157.0,838487.0,18935.0,838487.0,Gerald Everett,gerald everett,2,3,1.0,0,0.0,0.0,1.0,5.0,0.0,-1.4139138,0,1.0,0.0882353,0.004032258,0.13517553,,,,,,,,,,,,,,,,,REG,CHI,HOU,Gerald Everett,EverGe00,0.0,1.0,0.333,70.1
2024,REG,2,00-0031690,E.Tomlinson,TE,TE,LAC,13065,b3d7169b-9cf6-4fea-815a-26e4fb0ec16a,14339.0,9786.0,2755.0,,2511973.0,28658.0,,1759992.0,TomlEr01,,10553.0,10747.0,,28658.0,554431.0,17223.0,554431.0,Eric Tomlinson,eric tomlinson,0,1,0.0,0,0.0,0.0,4.0,0.0,0.0,-0.6601723,0,0.0,0.05263158,0.029411765,0.09953561,,,,,,,,,,,,,,,,,REG,LAC,CAR,Eric Tomlinson,TomlEr01,0.0,0.0,0.0,39.6
2024,REG,2,00-0036232,H.Bryant,TE,TE,LV,14875,f58a5899-8b78-46e8-a29a-ba6273b7d872,19389.0,26394.0,6850.0,,4040774.0,32785.0,,2241240.0,BryaHa00,harrison-bryant-1,14576.0,,752.0,32785.0,0.0,21783.0,916467.0,Harrison Bryant,harrison bryant,0,1,0.0,0,0.0,0.0,18.0,0.0,0.0,-3.3840678,0,0.0,0.027777778,0.08144797,0.09868024,,,,,,,,,,,,,,,,,REG,LV,BAL,Harrison Bryant,BryaHa00,0.0,0.0,0.0,0.0
2024,REG,2,00-0037805,J.Ruckert,TE,TE,NYJ,15796,28f3732b-0910-4d09-9fd4-e43b821dc5bb,23742.0,,8145.0,,4361372.0,34057.0,,2965446.0,RuckJe00,jeremy-ruckert-1,15996.0,,1255.0,34057.0,0.0,,1122596.0,Jeremy Ruckert,jeremy ruckert,0,3,0.0,0,0.0,0.0,12.0,0.0,0.0,-1.9648231,0,0.0,0.10344828,0.078947365,0.21043557,,,,,,,,,,,,,,,,,REG,NYJ,TEN,Jeremy Ruckert,RuckJe00,0.0,0.0,0.0,39.6
2024,REG,2,00-0038129,C.Otton,TE,TE,TB,15802,f23517bd-ae85-484a-8ecb-1f7a2d851e48,23181.0,,8111.0,,4243331.0,34062.0,,2815179.0,OttoCa00,cade-otton-1,16032.0,,1261.0,34062.0,0.0,,1049263.0,Cade Otton,cade otton,0,2,0.0,0,0.0,0.0,0.0,0.0,0.0,-1.6334672,0,,0.10526316,0.0,0.15789473,,,,,,,,,,,,,,,,,REG,TB,DET,Cade Otton,OttoCa00,0.0,0.0,0.0,39.6
2024,REG,2,00-0038720,J.Hill,TE,TE,MIA,16425,516da3c0-f016-11ed-a518-572ef5cb73b6,25824.0,,11371.0,,4365395.0,40629.0,,2961743.0,HillJu02,,17335.0,,,40629.0,0.0,,1123630.0,Julian Hill,julian hill,0,2,0.0,0,0.0,0.0,38.0,0.0,0.0,-1.0445286,0,0.0,0.054054055,0.12582782,0.16916054,,,,,,,,,,,,,,,,,REG,MIA,BUF,Julian Hill,HillJu02,0.0,1.0,0.5,39.6
2024,REG,2,00-0038783,N.Adkins,TE,TE,DEN,16474,bcd0ae60-f31c-11ed-819c-fd03d0cc2698,25881.0,,11433.0,,4383440.0,40702.0,,2977285.0,AdkiNa00,,16992.0,,,40702.0,0.0,,1132517.0,Nate Adkins,nate adkins,0,1,0.0,0,0.0,0.0,23.0,0.0,0.0,-0.5027385,0,0.0,0.030303031,0.07823129,0.10021645,,,,,,,,,,,,,,,,,REG,DEN,PIT,Nate Adkins,AdkiNa00,0.0,0.0,0.0,39.6
2024,REG,2,00-0039530,B.Spann-Ford,TE,TE,DAL,16647,efc8d800-072b-11ef-892f-5b772aae3c25,26003.0,,11593.0,,4360967.0,41371.0,,2961760.0,,,17908.0,,,41371.0,0.0,,1108202.0,Brevyn Spann-Ford,brevyn spann-ford,0,1,0.0,0,0.0,0.0,6.0,0.0,0.0,-3.3379874,0,0.0,0.024390243,0.017441861,0.04879467,,,,,,,,,,,,,,,,,,,,,,,,,
2024,REG,3,00-0034351,D.Goedert,TE,TE,PHI,13674,e8029983-87cf-49a2-bc04-04c8233a0630,17270.0,47272.0,5022.0,,3121023.0,31019.0,,2132551.0,GoedDa00,,12860.0,13151.0,382.0,31019.0,791365.0,19863.0,791365.0,Dallas Goedert,dallas goedert,10,11,170.0,0,1.0,0.0,70.0,118.0,5.0,11.604897,0,2.4285715,0.30555555,0.27027026,0.6475225,Dallas Goedert,PHI,5.7875,3.1904003787127078,6.34090909090909,26.101111402162925,90.9090909090909,170.0,0.0,11.883000000000001,6.415930747649691,5.46706925235031,00-0034351,Dallas,Goedert,D.Goedert,REG,PHI,NO,Dallas Goedert,GoedDa00,1.0,0.0,0.0,118.7
2024,REG,3,00-0036290,C.Kmet,TE,TE,CHI,14867,036feeb6-9a22-43c5-a8e3-7ac611d8ff49,19229.0,60995.0,6826.0,,4258595.0,32713.0,,2868619.0,KmetCo00,cole-kmet-1,14436.0,,569.0,32713.0,0.0,21772.0,1066765.0,Cole Kmet,cole kmet,10,11,97.0,1,0.0,0.0,94.0,21.0,7.0,10.201196,0,1.031915,0.22916667,0.18613862,0.47404703,Cole Kmet,CHI,7.85375,4.624842304953017,7.800000000000001,17.54888325288391,90.9090909090909,97.0,1.0,2.81,2.2649376869274507,0.5450623130725494,00-0036290,Cole,Kmet,C.Kmet,REG,CHI,IND,Cole Kmet,KmetCo00,0.0,0.0,0.0,133.7
2024,REG,3,00-0038041,J.Ferguson,TE,TE,DAL,15799,f46eab3d-d7dd-4420-b3f9-6da9ac1308ab,22718.0,,8110.0,,4242355.0,34085.0,,2867159.0,FergJa00,jake-ferguson-1,15947.0,,1258.0,34085.0,0.0,,1065361.0,Jake Ferguson,jake ferguson,6,11,95.0,0,0.0,0.0,82.0,29.0,4.0,2.0454922,0,1.1585366,0.22,0.17596567,0.45317596,Jake Ferguson,DAL,4.777142857142858,3.00812611489704,7.197272727272726,16.697599865018766,54.54545454545454,95.0,0.0,6.451666666666669,7.105698265912015,-0.6540315992453465,00-0038041,Jake,Ferguson,J.Ferguson,REG,DAL,BAL,Jake Ferguson,FergJa00,0.0,0.0,0.0,83.5
2024,REG,3,00-0034270,T.Conklin,TE,TE,NYJ,13675,f0d17dfa-ebf3-416c-a8d2-c6bc30675103,17598.0,47327.0,5133.0,,3915486.0,31220.0,,2165249.0,ConkTy00,tyler-conklin-1,12809.0,13220.0,489.0,31127.0,861278.0,19988.0,861278.0,Tyler Conklin,tyler conklin,5,6,93.0,0,0.0,0.0,59.0,35.0,4.0,10.123794,0,1.5762712,0.1764706,0.2964824,0.47224358,Tyler Conklin,NYJ,5.0,4.054426417232894,10.691666666666668,31.97428101480338,83.33333333333334,93.0,0.0,7.75,5.068653142721177,2.6813468572788226,00-0034270,Tyler,Conklin,T.Conklin,REG,NYJ,NE,Tyler Conklin,ConkTy00,0.0,0.0,0.0,118.7
2024,REG,3,00-0035644,N.Fant,TE,TE,SEA,14137,cdc98acc-9eb6-4b44-81bb-61d7b8a3b55f,17527.0,42388.0,5857.0,,4036131.0,31852.0,,2251095.0,FantNo00,noah-fant-1,13426.0,14050.0,243.0,31852.0,923911.0,20753.0,923911.0,Noah Fant,noah fant,6,6,60.0,0,0.0,0.0,35.0,25.0,3.0,3.3996758,0,1.7142857,0.18181819,0.18134715,0.39967027,Noah Fant,SEA,5.3100000000000005,3.6599653759866,5.415000000000003,16.372707115500916,100.0,60.0,0.0,4.584999999999997,4.051386078948174,0.5336139210518231,00-0035644,Noah,Fant,N.Fant,REG,SEA,MIA,Noah Fant,FantNo00,2.0,0.0,0.0,108.3
2024,REG,3,00-0036970,K.Pitts,TE,TE,ATL,15329,1f3deb24-9ff8-4769-8f42-825eff7742f6,20164.0,83964.0,7553.0,,4360248.0,33392.0,,2964514.0,PittKy00,kyle-pitts-1,15265.0,,1051.0,33392.0,0.0,,1123026.0,Kyle Pitts,kyle pitts,2,5,59.0,0,0.0,0.0,66.0,25.0,2.0,-1.3404254,0,0.8939394,0.18518518,0.3815029,0.5448298,Kyle Pitts,ATL,5.2375,1.4192406510144229,15.889999999999997,42.94362466893682,40.0,59.0,0.0,12.880000000000003,9.476231969090918,3.4037680309090845,00-0036970,Kyle,Pitts,K.Pitts,REG,ATL,KC,Kyle Pitts,PittKy00,0.0,0.0,0.0,45.0
2024,REG,3,00-0034829,M.Gesicki,TE,TE,CIN,13672,1012cbe0-7eba-4169-bfca-183a0204e1a7,17272.0,47153.0,4993.0,,3116164.0,31012.0,,2139298.0,GesiMi00,mike-gesicki-1,12764.0,13104.0,330.0,31012.0,836152.0,19853.0,836152.0,Mike Gesicki,mike gesicki,4,5,47.0,0,0.0,0.0,47.0,17.0,4.0,1.6464891,0,1.0,0.13157895,0.16607773,0.31362283,Mike Gesicki,CIN,4.3725000000000005,4.148530459436406,8.806,16.235849404476568,80.0,47.0,0.0,4.887500000000001,4.7763157205333755,0.11118427946662557,00-0034829,Michael,Gesicki,M.Gesicki,REG,CIN,WAS,Mike Gesicki,GesiMi00,0.0,0.0,0.0,105.8
2024,REG,3,00-0038129,C.Otton,TE,TE,TB,15802,f23517bd-ae85-484a-8ecb-1f7a2d851e48,23181.0,,8111.0,,4243331.0,34062.0,,2815179.0,OttoCa00,cade-otton-1,16032.0,,1261.0,34062.0,0.0,,1049263.0,Cade Otton,cade otton,7,8,47.0,0,1.0,1.0,32.0,21.0,4.0,-4.2468224,0,1.46875,0.25,0.2962963,0.5824074,Cade Otton,TB,4.957142857142857,2.773213599308059,3.8687499999999995,26.850004337642048,87.5,47.0,0.0,3.2557142857142867,2.569328284196932,0.6863860015173548,00-0038129,Cade,Otton,C.Otton,REG,TB,DEN,Cade Otton,OttoCa00,0.0,1.0,0.125,91.1
2024,REG,3,00-0038589,J.Whyle,TE,TE,TEN,16312,601467c7-b593-472d-a147-b8e7bfdbe990,22923.0,,10212.0,,4360086.0,40182.0,,2962513.0,WhylJo01,josh-whyle-1,16866.0,,1471.0,40182.0,0.0,,1107037.0,Josh Whyle,josh whyle,4,5,43.0,0,0.0,0.0,33.0,12.0,3.0,3.0368032,0,1.3030303,0.14705883,0.14285715,0.32058823,Josh Whyle,TEN,7.2360000000000015,4.765518808286294,6.204000000000001,13.773199538229289,80.0,43.0,0.0,3.3774999999999995,4.864202923967696,-1.4867029239676963,00-0038589,Josh,Whyle,J.Whyle,REG,TEN,GB,Josh Whyle,WhylJo01,0.0,1.0,0.2,102.5
2024,REG,3,00-0033576,E.Saubert,TE,TE,SF,13315,582dc00e-e7ec-4ca7-bff0-f7b1d604017b,16706.0,11929.0,4189.0,,2975863.0,30287.0,,2001018.0,SaubEr00,,11897.0,12300.0,,30287.0,694931.0,19035.0,694931.0,Eric Saubert,eric saubert,2,2,41.0,0,0.0,0.0,21.0,20.0,0.0,1.5957016,0,1.9523809,0.06666667,0.06402439,0.14481707,,,,,,,,,,,,,,,,,REG,SF,LA,Eric Saubert,SaubEr00,0.0,0.0,0.0,118.7
2024,REG,3,00-0038933,D.Kincaid,TE,TE,BUF,16213,b961fa15-0676-4948-b95f-56d06319d40e,25247.0,,10236.0,,4385690.0,40048.0,,2982991.0,KincDa00,dalton-kincaid-1,16697.0,,1428.0,40048.0,0.0,,1135513.0,Dalton Kincaid,dalton kincaid,3,5,41.0,1,0.0,0.0,44.0,17.0,2.0,3.79468,0,0.9318182,0.16666667,0.26666668,0.43666667,Dalton Kincaid,BUF,6.0975,4.00673229356953,12.098000000000003,34.8063755106738,60.0,41.0,1.0,6.1166666666666645,4.35898711450136,1.7576795521653041,00-0038933,Dalton,Kincaid,D.Kincaid,REG,BUF,JAX,Dalton Kincaid,KincDa00,0.0,0.0,0.0,125.8
2024,REG,3,00-0039338,B.Bowers,TE,TE,LV,16641,ad9fc7e3-0a6d-4e41-84c2-cf43b71aee13,22955.0,,11604.0,,4432665.0,40878.0,,26693971.0,BoweBr01,brock-bowers-1,17693.0,,1612.0,40878.0,0.0,,1285917.0,Brock Bowers,brock bowers,3,4,41.0,0,0.0,0.0,22.0,23.0,2.0,-1.4655733,0,1.8636364,0.102564104,0.072607264,0.20467123,,,,,,,,,,,,,,,,,REG,LV,CAR,Brock Bowers,BoweBr01,0.0,0.0,0.0,107.3
2024,REG,3,00-0036876,K.Granson,TE,TE,IND,15419,bcc0167c-05fd-4b23-981e-60b8784ceb33,22841.0,40630.0,7602.0,,4039160.0,33515.0,,2247146.0,GranKy00,kylen-granson-1,15245.0,,1119.0,33515.0,0.0,,921050.0,Kylen Granson,kylen granson,1,1,40.0,0,0.0,0.0,16.0,24.0,1.0,3.08507,0,2.5,0.055555556,0.0855615,0.14322639,,,,,,,,,,,,,,,,,REG,IND,CHI,Kylen Granson,GranKy00,0.0,0.0,0.0,118.7
2024,REG,3,00-0030061,Z.Ertz,TE,TE,WAS,11247,de3421f7-2147-4835-89a5-724e87bad463,11689.0,7816.0,1339.0,zachertz/2540158,15835.0,26658.0,,1685963.0,ErtzZa00,zach-ertz-1,8781.0,8409.0,305.0,26658.0,503177.0,14856.0,503177.0,Zach Ertz,zach ertz,5,5,38.0,0,1.0,0.0,33.0,5.0,2.0,4.714723,0,1.1515151,0.2173913,0.15348837,0.4335288,Zach Ertz,WAS,8.326,4.654961069338649,6.4319999999999995,15.170526911646775,100.0,38.0,0.0,1.0420000000000003,2.8010090642285945,-1.7590090642285943,00-0030061,Zachary,Ertz,Z.Ertz,REG,WAS,CIN,Zach Ertz,ErtzZa00,0.0,0.0,0.0,98.3
2024,REG,3,00-0039065,S.LaPorta,TE,TE,DET,16214,3059f1e5-1871-4458-9e90-9b9917874c61,22978.0,,10859.0,,4430027.0,40064.0,,3124197.0,LaPoSa01,sam-laporta-1,17033.0,,1429.0,40064.0,0.0,,1168926.0,Sam LaPorta,sam laporta,2,2,36.0,0,0.0,0.0,25.0,11.0,2.0,3.4231188,0,1.44,0.09090909,0.13812155,0.23304872,,,,,,,,,,,,,,,,,REG,DET,ARI,Sam LaPorta,LaPoSa01,0.0,0.0,0.0,118.7
2024,REG,3,00-0036754,B.Wright,TE,TE,DET,15626,8f182089-7730-499e-8f2e-87bda32debfb,23341.0,60994.0,7891.0,,4242392.0,33774.0,,2807423.0,WrigBr01,,15681.0,,1162.0,33774.0,0.0,,978120.0,Brock Wright,brock wright,4,5,34.0,0,0.0,0.0,26.0,15.0,2.0,-2.3882911,0,1.3076923,0.22727273,0.1436464,0.44146156,Brock Wright,DET,4.3025,4.655979975150498,4.718000000000001,13.927264139803992,80.0,34.0,0.0,4.317499999999999,4.254858168990609,0.06264183100939036,00-0036754,Brock,Wright,B.Wright,REG,DET,ARI,Brock Wright,WrigBr01,0.0,0.0,0.0,55.4
2024,REG,3,00-0036894,P.Freiermuth,TE,TE,PIT,15331,04f0fefe-9d9d-44f5-94ea-6df2a42df3c6,20163.0,84085.0,7600.0,,4361411.0,33443.0,,2961270.0,FreiPa00,pat-freiermuth-1,15267.0,,1053.0,33443.0,0.0,,1116662.0,Pat Freiermuth,pat freiermuth,4,5,33.0,0,0.0,0.0,27.0,21.0,2.0,3.676567,0,1.2222222,0.16129032,0.15697674,0.35181922,Pat Freiermuth,PIT,7.91,3.5204475104433874,4.160000000000002,12.632857576677806,80.0,33.0,0.0,5.642499999999998,3.067792692742273,2.574707307257725,00-0036894,Pat,Freiermuth,P.Freiermuth,REG,PIT,LAC,Pat Freiermuth,FreiPa00,0.0,1.0,0.2,94.2
2024,REG,3,00-0030506,T.Kelce,TE,TE,KC,11244,c3859e06-5f23-4302-a71b-04820a899d5f,11594.0,7844.0,1466.0,traviskelce/2540258,15847.0,26686.0,,1725130.0,KelcTr00,travis-kelce-1,8783.0,8411.0,264.0,26686.0,448240.0,15048.0,448240.0,Travis Kelce,travis kelce,4,5,30.0,0,0.0,0.0,25.0,11.0,2.0,0.36015654,0,1.2,0.1388889,0.13812155,0.30501842,Travis Kelce,KC,5.510000000000001,3.209338197877379,4.611999999999999,14.044704305986958,80.0,30.0,0.0,3.2650000000000006,3.8902105081641025,-0.625210508164102,00-0030506,Travis,Kelce,T.Kelce,REG,KC,ATL,Travis Kelce,KelcTr00,0.0,0.0,0.0,91.7
2024,REG,3,00-0038046,C.Kolar,TE,TE,BAL,15795,3c048ac9-2c0f-4bf0-9ddc-ce99c9387ac8,22756.0,,8127.0,,4241263.0,34084.0,,2866273.0,KolaCh00,charlie-kolar-1,15924.0,,,34084.0,0.0,,1058648.0,Charlie Kolar,charlie kolar,1,1,30.0,0,0.0,0.0,1.0,29.0,1.0,1.9376278,0,30.0,0.06666667,0.021276595,0.114893615,,,,,,,,,,,,,,,,,REG,BAL,DAL,Charlie Kolar,KolaCh00,0.0,0.0,0.0,118.7
2024,REG,3,00-0034364,J.Akins,TE,TE,CLE,13753,0cb5a32a-a340-4671-ba2a-93f5fa6aee8d,17415.0,47050.0,5032.0,,3128452.0,31068.0,,2142712.0,AkinJo00,jordan-akins-1,12568.0,13238.0,,31068.0,838396.0,19903.0,838396.0,Jordan Akins,jordan akins,4,7,29.0,0,0.0,0.0,35.0,18.0,0.0,-2.0470812,0,0.82857144,0.2,0.12635379,0.38844764,Jordan Akins,CLE,3.733333333333333,3.3692269255325704,4.465714285714286,12.478045665016769,57.14285714285714,29.0,0.0,4.7524999999999995,5.7563072839391225,-1.003807283939123,00-0034364,Jordan,Akins,J.Akins,REG,CLE,NYG,Jordan Akins,AkinJo00,0.0,0.0,0.0,67.0
2024,REG,3,00-0037005,T.Tremble,TE,TE,CAR,15332,cbee2fd3-e5f2-4316-bffd-531f1873f032,22795.0,84025.0,7694.0,,4372780.0,33471.0,,2969027.0,TremTo00,tommy-tremble-1,15371.0,,1054.0,33471.0,0.0,,1130555.0,Tommy Tremble,tommy tremble,3,3,29.0,0,0.0,0.0,26.0,3.0,1.0,0.21658091,0,1.1153846,0.08108108,0.12149533,0.20666835,,,,,,,,,,,,,,,,,REG,CAR,LV,Tommy Tremble,TremTo00,0.0,0.0,0.0,106.9
2024,REG,3,00-0037744,T.McBride,TE,TE,ARI,15794,734d54cc-c869-4e2f-a60f-c59c493f5110,22936.0,,8130.0,,4361307.0,34010.0,,2963385.0,McBrTr01,trey-mcbride-1,15902.0,,1253.0,34010.0,0.0,,1108161.0,Trey McBride,trey mcbride,3,6,25.0,0,0.0,0.0,77.0,8.0,0.0,-2.6607788,0,0.32467532,0.1764706,0.19012345,0.3977923,Trey McBride,ARI,6.296,2.1454017622267094,11.286666666666667,17.163422546634223,50.0,25.0,0.0,2.386666666666668,2.8332801181901837,-0.4466134515235156,00-0037744,Trey,McBride,T.McBride,REG,ARI,DET,Trey McBride,McBrTr01,0.0,0.0,0.0,61.1
2024,REG,3,00-0038720,J.Hill,TE,TE,MIA,16425,516da3c0-f016-11ed-a518-572ef5cb73b6,25824.0,,11371.0,,4365395.0,40629.0,,2961743.0,HillJu02,,17335.0,,,40629.0,0.0,,1123630.0,Julian Hill,julian hill,2,2,24.0,0,0.0,0.0,11.0,13.0,2.0,2.4642313,0,2.1818182,0.06451613,0.054455444,0.134893,,,,,,,,,,,,,,,,,REG,MIA,SEA,Julian Hill,HillJu02,2.0,0.0,0.0,116.7
2024,REG,3,00-0038996,T.Kraft,TE,TE,GB,16222,3a084c5f-6b9f-4703-a0c7-1566bc4b1129,25298.0,,9484.0,,4572680.0,40102.0,,3133332.0,KrafTu00,,16649.0,,1418.0,40102.0,0.0,,1181874.0,Tucker Kraft,tucker kraft,2,3,24.0,0,0.0,0.0,8.0,20.0,1.0,0.51657885,0,3.0,0.15789473,0.05970149,0.27863315,,,,,,,,,,,,,,,,,REG,GB,TEN,Tucker Kraft,KrafTu00,1.0,1.0,0.333,91.0
2024,REG,3,00-0039814,E.All,TE,TE,CIN,16645,5523779b-db60-4158-b232-8391bc7db65b,23837.0,,11592.0,,4427834.0,40989.0,,3121555.0,AllxEr00,erick-all-1,17696.0,,1616.0,40989.0,0.0,,1164533.0,Erick All,erick all,4,4,22.0,0,0.0,0.0,6.0,16.0,2.0,1.104045,0,3.6666667,0.10526316,0.021201413,0.17273572,,,,,,,,,,,,,,,,,REG,CIN,WAS,Erick All,AllxEr00,0.0,0.0,0.0,89.6
2024,REG,3,00-0036244,C.Parkinson,TE,TE,LA,14871,1ea7affb-e5e7-491a-aaa3-55e200b2eb48,19372.0,52266.0,6865.0,,4242557.0,32803.0,,2867522.0,ParkCo02,colby-parkinson-1,14463.0,,565.0,32803.0,0.0,21807.0,1060312.0,Colby Parkinson,colby parkinson,3,5,21.0,0,0.0,0.0,32.0,8.0,1.0,-1.3798589,0,0.65625,0.2173913,0.11940298,0.40966904,Colby Parkinson,LAR,6.992500000000001,2.749079784081507,5.7120000000000015,11.474948772550125,60.0,21.0,0.0,2.7833333333333314,4.840757667344708,-2.057424334011377,00-0036244,Colby,Parkinson,C.Parkinson,REG,LA,SF,Colby Parkinson,ParkCo02,0.0,0.0,0.0,69.6
2024,REG,3,00-0032392,A.Hooper,TE,TE,NE,12677,90c2a93f-d837-4e1b-b57c-56648903a8db,15581.0,10715.0,3202.0,,3043275.0,29315.0,,2067004.0,HoopAu00,austin-hooper-1,10748.0,11301.0,384.0,29315.0,739424.0,17963.0,739424.0,Austin Hooper,austin hooper,1,4,19.0,0,0.0,0.0,28.0,22.0,1.0,-0.49831155,0,0.6785714,0.16666667,0.23728813,0.4161017,,,,,,,,,,,,,,,,,REG,NE,NYJ,Austin Hooper,HoopAu00,0.0,0.0,0.0,46.9
2024,REG,3,00-0034159,W.Dissly,TE,TE,LAC,13763,383f4814-6836-4766-a297-fc063e8509cc,18049.0,30762.0,5010.0,,3127292.0,31090.0,,2139628.0,DissWi00,will-dissly-1,12986.0,13246.0,86.0,31090.0,837806.0,19950.0,837806.0,Will Dissly,will dissly,3,3,19.0,0,0.0,0.0,5.0,14.0,1.0,1.2393163,0,3.8,0.15789473,0.035714287,0.2618421,,,,,,,,,,,,,,,,,REG,LAC,PIT,Will Dissly,DissWi00,0.0,0.0,0.0,93.1
2024,REG,3,00-0033858,J.Smith,TE,TE,MIA,13193,e4f25a37-74de-4bfb-b6c9-f50a4fab0b87,16460.0,11855.0,4144.0,,3054212.0,30213.0,,2081506.0,SmitJo01,jonnu-smith-1,11807.0,12344.0,84.0,30213.0,743749.0,18990.0,743749.0,Jonnu Smith,jonnu smith,2,3,18.0,0,0.0,0.0,16.0,2.0,1.0,-0.058704387,0,1.125,0.09677419,0.07920792,0.20060684,,,,,,,,,,,,,,,,,REG,MIA,SEA,Jonnu Smith,SmitJo01,0.0,0.0,0.0,82.6
2024,REG,3,00-0038115,D.Bellinger,TE,TE,NYG,15873,42a1c03e-790e-46ba-b0d5-d304e44c02c7,24238.0,,8225.0,,4361516.0,34068.0,,2963615.0,BellDa00,daniel-bellinger-1,16036.0,,1322.0,34068.0,0.0,,1122035.0,Daniel Bellinger,daniel bellinger,1,1,17.0,0,0.0,0.0,17.0,0.0,1.0,1.13117,0,1.0,0.030303031,0.07943925,0.10106202,,,,,,,,,,,,,,,,,REG,NYG,CLE,Daniel Bellinger,BellDa00,0.0,0.0,0.0,118.7
2024,REG,3,00-0034830,H.Hurst,TE,TE,LAC,13680,1b125fc4-5dd9-4eb9-a42f-048e61ca42b7,17283.0,47294.0,4973.0,,3924365.0,30995.0,,2185053.0,HursHa00,hayden-hurst-1,12467.0,13098.0,8.0,30995.0,881956.0,19843.0,881956.0,Hayden Hurst,hayden hurst,2,2,15.0,0,0.0,0.0,9.0,6.0,0.0,-0.043645166,0,1.6666666,0.10526316,0.06428572,0.20289473,,,,,,,,,,,,,,,,,REG,LAC,PIT,Hayden Hurst,HursHa00,0.0,0.0,0.0,97.9
2024,REG,3,00-0037805,J.Ruckert,TE,TE,NYJ,15796,28f3732b-0910-4d09-9fd4-e43b821dc5bb,23742.0,,8145.0,,4361372.0,34057.0,,2965446.0,RuckJe00,jeremy-ruckert-1,15996.0,,1255.0,34057.0,0.0,,1122596.0,Jeremy Ruckert,jeremy ruckert,2,2,15.0,0,0.0,0.0,4.0,11.0,2.0,1.3230157,0,3.75,0.05882353,0.020100502,0.10230564,,,,,,,,,,,,,,,,,REG,NYJ,NE,Jeremy Ruckert,RuckJe00,0.0,0.0,0.0,97.9
2024,REG,3,00-0037809,C.Okonkwo,TE,TE,TEN,15889,14e11f9b-58c8-437f-abc0-a4e4df9a7c47,23982.0,,8210.0,,4360635.0,34099.0,,2965208.0,OkonCh00,chigoziem-okonkwo-1,16042.0,,1320.0,34099.0,0.0,,1106374.0,Chigoziem Okonkwo,chigoziem okonkwo,2,2,15.0,0,0.0,0.0,7.0,8.0,0.0,0.4329451,0,2.142857,0.05882353,0.030303031,0.10944741,,,,,,,,,,,,,,,,,REG,TEN,GB,Chigoziem Okonkwo,OkonCh00,0.0,0.0,0.0,97.9
2024,REG,3,00-0036422,A.Trautman,TE,TE,DEN,14870,4e14183b-f974-4745-9d7f-8f5eb2a92a7d,19423.0,109795.0,6869.0,,3911853.0,32775.0,,2182228.0,TrauAd00,,14541.0,,566.0,32775.0,0.0,21786.0,875444.0,Adam Trautman,adam trautman,1,1,13.0,0,0.0,0.0,3.0,10.0,1.0,0.76412904,0,4.3333335,0.029411765,0.012345679,0.05275962,,,,,,,,,,,,,,,,,REG,DEN,TB,Adam Trautman,TrauAd00,0.0,0.0,0.0,118.7
2024,REG,3,00-0036637,N.Gray,TE,TE,KC,15337,c97dfcb6-b999-476f-8487-f3848e92df17,19539.0,60878.0,7828.0,,4240472.0,33550.0,,2866903.0,GrayNo00,noah-gray-1,15459.0,,1059.0,33550.0,0.0,,1056981.0,Noah Gray,noah gray,1,2,13.0,0,0.0,0.0,19.0,8.0,1.0,-4.944835,0,0.68421054,0.055555556,0.10497238,0.156814,,,,,,,,,,,,,,,,,REG,KC,ATL,Noah Gray,GrayNo00,0.0,0.0,0.0,31.2
2024,REG,3,00-0039793,A.Barner,TE,TE,SEA,16723,e96127b4-d381-43d4-b0ae-8790c706756f,26335.0,,11603.0,,4576297.0,41001.0,,3169283.0,BarnAJ00,aj-barner-1,17811.0,,1629.0,41001.0,0.0,,1229503.0,AJ Barner,aj barner,3,3,13.0,0,0.0,0.0,2.0,11.0,2.0,0.11143317,0,6.5,0.09090909,0.010362694,0.14361753,,,,,,,,,,,,,,,,,REG,SEA,MIA,AJ Barner,BarnAJ00,0.0,0.0,0.0,84.7
2024,REG,3,00-0039847,T.Johnson,TE,TE,NYG,16649,a5d4bb1d-c130-47c2-808a-2dd1f85005fb,23104.0,,11597.0,,4429148.0,41003.0,,3162129.0,JohnTh00,theo-johnson-1,17021.0,,1620.0,41003.0,0.0,,1214414.0,Theo Johnson,theo johnson,1,3,13.0,0,0.0,0.0,10.0,17.0,1.0,-0.25817007,0,1.3,0.09090909,0.046728972,0.16907391,,,,,,,,,,,,,,,,,REG,NYG,CLE,Theo Johnson,JohnTh00,0.0,1.0,0.333,47.9
2024,REG,3,00-0038935,B.Strange,TE,TE,JAX,16269,94f135f7-9d54-4cbd-b560-fcaf83d414b0,25345.0,,9480.0,,4430539.0,40078.0,,3121696.0,StraBr00,brenton-strange-1,17017.0,,1461.0,40078.0,0.0,,1164940.0,Brenton Strange,brenton strange,2,5,12.0,1,0.0,0.0,39.0,4.0,1.0,0.7036109,0,0.30769232,0.11363637,0.12264151,0.2563036,Brenton Strange,JAX,6.6625,3.840672464601733,8.928,13.647619921122626,40.0,12.0,1.0,2.504999999999999,2.6547510885275187,-0.14975108852751973,00-0038935,Brenton,Strange,B.Strange,REG,JAX,BUF,Brenton Strange,StraBr00,0.0,1.0,0.2,87.5
2024,REG,3,00-0034383,D.Schultz,TE,TE,HOU,13772,8caec1b4-e0b6-4a84-b8c8-617d6e91ef6a,17349.0,47304.0,5001.0,,3117256.0,31107.0,,2136748.0,SchuDa00,dalton-schultz-1,12514.0,13198.0,487.0,31107.0,830523.0,19920.0,830523.0,Dalton Schultz,dalton schultz,2,5,11.0,0,0.0,0.0,45.0,6.0,1.0,1.2244439,0,0.24444444,0.11627907,0.16981132,0.29328653,Dalton Schultz,HOU,3.9766666666666666,2.402723905029222,8.662,14.651060518926965,40.0,11.0,0.0,2.644999999999996,3.1774534138720583,-0.5324534138720622,00-0034383,Dalton,Schultz,D.Schultz,REG,HOU,MIN,Dalton Schultz,SchuDa00,0.0,0.0,0.0,47.9
2024,REG,3,00-0039041,E.Higgins,TE,TE,ARI,16333,a01b7698-d67f-4b60-b2fb-4c667336b718,23119.0,,10231.0,,4426844.0,40226.0,,3122914.0,HiggEl00,elijah-higgins-1,16959.0,,1469.0,40226.0,0.0,,1161853.0,Elijah Higgins,elijah higgins,1,1,11.0,0,0.0,0.0,2.0,9.0,1.0,0.65725833,0,5.5,0.029411765,0.004938272,0.04757444,,,,,,,,,,,,,,,,,REG,ARI,DET,Elijah Higgins,HiggEl00,0.0,0.0,0.0,112.5
2024,REG,3,00-0032394,N.Vannett,TE,TE,TEN,12680,c731aa8a-778b-4ccd-a19f-517eb66f47b7,15645.0,10728.0,3258.0,,2576399.0,29328.0,,1871322.0,VannNi00,nick-vannett-1,10949.0,11329.0,,29328.0,606488.0,18019.0,606488.0,Nick Vannett,nick vannett,2,2,9.0,1,0.0,0.0,6.0,3.0,1.0,1.061819,0,1.5,0.05882353,0.025974026,0.10641711,,,,,,,,,,,,,,,,,REG,TEN,GB,Nick Vannett,VannNi00,0.0,0.0,0.0,125.0
2024,REG,3,00-0033090,H.Henry,TE,TE,NE,12676,705899da-3c20-4bc3-b5d0-2e6e40655131,15561.0,10669.0,3214.0,,3046439.0,29269.0,,2079848.0,HenrHu00,hunter-henry-1,10735.0,11299.0,212.0,29269.0,744425.0,17975.0,744425.0,Hunter Henry,hunter henry,2,3,9.0,0,0.0,0.0,5.0,1.0,1.0,0.26164433,0,1.8,0.125,0.042372882,0.21716101,,,,,,,,,,,,,,,,,REG,NE,NYJ,Hunter Henry,HenrHu00,0.0,1.0,0.333,70.1
2024,REG,3,00-0033439,P.Brown,TE,TE,SEA,13994,6733b953-de77-44e5-acbf-c2d3a0940243,16937.0,12247.0,4443.0,,2971281.0,30627.0,,2819155.0,BrowPh01,,11887.0,12737.0,,30627.0,689689.0,19304.0,689689.0,Pharaoh Brown,pharaoh brown,1,2,9.0,0,0.0,0.0,8.0,5.0,0.0,-0.77924156,0,1.125,0.060606062,0.041450776,0.119924635,,,,,,,,,,,,,,,,,REG,SEA,MIA,Pharaoh Brown,BrowPh01,0.0,0.0,0.0,62.5
2024,REG,3,00-0036332,J.Deguara,TE,TE,JAX,14876,7874d188-0fcd-4af9-9289-27c27e2bbd16,19456.0,47034.0,7050.0,,3914151.0,32764.0,,2181108.0,DeguJo00,josiah-deguara-1,14629.0,,,32764.0,0.0,21798.0,866149.0,Josiah Deguara,josiah deguara,1,1,8.0,0,0.0,0.0,2.0,6.0,0.0,-0.19766638,0,4.0,0.022727273,0.006289308,0.038493425,,,,,,,,,,,,,,,,,REG,JAX,BUF,Josiah Deguara,DeguJo00,0.0,0.0,0.0,100.0
2024,REG,3,00-0039050,P.Durham,TE,TE,TB,16218,c4a8b4c9-5db8-4187-852b-9557bef8724e,25346.0,,10227.0,,4372505.0,40193.0,,2968469.0,DurhPa00,payne-durham-1,16720.0,,,40193.0,0.0,,1130260.0,Payne Durham,payne durham,1,1,8.0,0,0.0,0.0,2.0,6.0,0.0,0.7116213,0,4.0,0.03125,0.018518519,0.059837963,,,,,,,,,,,,,,,,,REG,TB,DEN,Payne Durham,DurhPa00,0.0,0.0,0.0,100.0
2024,REG,3,00-0035689,D.Knox,TE,TE,BUF,14143,5fb525c5-4e70-4ede-8c49-94ad0cf66b7d,18631.0,35883.0,5906.0,,3930086.0,31928.0,,2186345.0,KnoxDa00,dawson-knox-1,13466.0,13953.0,88.0,31928.0,884083.0,20850.0,884083.0,Dawson Knox,dawson knox,1,2,7.0,0,0.0,0.0,4.0,3.0,0.0,-0.19589646,0,1.75,0.06666667,0.024242423,0.1169697,,,,,,,,,,,,,,,,,REG,BUF,JAX,Dawson Knox,KnoxDa00,0.0,0.0,0.0,58.3
2024,REG,3,00-0039066,M.Mayer,TE,TE,LV,16212,31f4645a-7ccb-4633-8580-2fca361beb4f,23056.0,,9482.0,,4429086.0,40065.0,,3171673.0,MayeMi00,michael-mayer-1,16666.0,,1427.0,40065.0,0.0,,1232592.0,Michael Mayer,michael mayer,1,3,7.0,0,0.0,0.0,19.0,1.0,1.0,-0.71485156,0,0.36842105,0.07692308,0.06270627,0.159279,,,,,,,,,,,,,,,,,REG,LV,CAR,Michael Mayer,MayeMi00,0.0,0.0,0.0,42.4
2024,REG,3,00-0038783,N.Adkins,TE,TE,DEN,16474,bcd0ae60-f31c-11ed-819c-fd03d0cc2698,25881.0,,11433.0,,4383440.0,40702.0,,2977285.0,AdkiNa00,,16992.0,,,40702.0,0.0,,1132517.0,Nate Adkins,nate adkins,1,1,6.0,0,0.0,0.0,2.0,4.0,0.0,0.2608738,0,3.0,0.029411765,0.008230452,0.049878962,,,,,,,,,,,,,,,,,REG,DEN,TB,Nate Adkins,AdkiNa00,0.0,0.0,0.0,91.7
2024,REG,3,00-0038547,L.Schoonmaker,TE,TE,DAL,16221,143957a7-4649-4a19-b351-e606edc75ebd,25267.0,,10871.0,,4372096.0,40061.0,,2968473.0,SchoLu00,luke-schoonmaker-1,16855.0,,1382.0,40061.0,0.0,,1130242.0,Luke Schoonmaker,luke schoonmaker,1,2,5.0,0,0.0,0.0,20.0,0.0,0.0,-0.6939065,0,0.25,0.04,0.042918455,0.09004292,,,,,,,,,,,,,,,,,REG,DAL,BAL,Luke Schoonmaker,SchoLu00,0.0,0.0,0.0,56.2
2024,REG,3,00-0037838,I.Likely,TE,TE,BAL,15798,f9279edb-cfa7-4f7d-91df-b81cbf3e133e,23781.0,,8131.0,,4361050.0,34095.0,,2961906.0,LikeIs00,isaiah-likely-1,16033.0,,1257.0,34095.0,0.0,,1125111.0,Isaiah Likely,isaiah likely,1,1,4.0,0,0.0,0.0,3.0,1.0,0.0,-0.9243024,0,1.3333334,0.06666667,0.06382979,0.14468086,,,,,,,,,,,,,,,,,REG,BAL,DAL,Isaiah Likely,LikeIs00,0.0,0.0,0.0,83.3
2024,REG,3,00-0034798,D.Smythe,TE,TE,MIA,13676,7e42a22a-c47b-4387-aeeb-2cc2e76dc1d8,17508.0,47257.0,5008.0,,3052897.0,31093.0,,2082845.0,SmytDu00,durham-smythe-1,12807.0,13249.0,,31093.0,749968.0,19943.0,749968.0,Durham Smythe,durham smythe,1,2,3.0,0,0.0,0.0,5.0,0.0,0.0,-1.977631,0,0.6,0.06451613,0.024752475,0.114100926,,,,,,,,,,,,,,,,,REG,MIA,SEA,Durham Smythe,SmytDu00,0.0,1.0,0.5,56.2
2024,REG,3,00-0039144,L.Musgrave,TE,TE,GB,16215,77a4fb49-3c6c-4aa1-8a21-20956e2d2240,25282.0,,9481.0,,4428085.0,40074.0,,3129283.0,MusgLu00,luke-musgrave-1,16663.0,,1430.0,40074.0,0.0,,1179790.0,Luke Musgrave,luke musgrave,1,1,3.0,0,0.0,0.0,1.0,2.0,0.0,-0.58701104,0,3.0,0.05263158,0.0074626864,0.08417125,,,,,,,,,,,,,,,,,REG,GB,TEN,Luke Musgrave,MusgLu00,0.0,0.0,0.0,79.2
2024,REG,3,00-0033246,J.Mundt,TE,TE,MIN,13940,6414998b-5831-44aa-8bd8-39e42a323c2c,16743.0,12206.0,4314.0,,3052096.0,30373.0,,2818622.0,MundJo00,,12316.0,12525.0,,30373.0,740704.0,19165.0,740704.0,Johnny Mundt,johnny mundt,1,3,2.0,1,0.0,0.0,14.0,0.0,1.0,0.00032031105,0,0.14285715,0.12,0.07650273,0.23355192,,,,,,,,,,,,,,,,,REG,MIN,HOU,Johnny Mundt,MundJo00,0.0,0.0,0.0,81.9
2024,REG,3,00-0034981,F.Moreau,TE,TE,NO,14239,9c3a67fd-5c6e-4689-9e08-9ff6d4db6c9a,18397.0,47043.0,5985.0,,3843945.0,31969.0,,2180634.0,MoreFo00,foster-moreau-1,13822.0,14154.0,179.0,31969.0,865573.0,20884.0,865573.0,Foster Moreau,foster moreau,1,2,2.0,0,0.0,0.0,-2.0,2.0,1.0,-1.3462663,0,0.0,0.08695652,-0.011049724,0.122699976,,,,,,,,,,,,,,,,,REG,NO,PHI,Foster Moreau,MoreFo00,0.0,0.0,0.0,56.2
2024,REG,3,00-0037304,C.Heyward,TE,TE,PIT,15800,62e96d7c-e4dd-4a90-8c3a-8017eb69120d,24562.0,,8181.0,,4241961.0,34163.0,,2867599.0,HeywCo00,connor-heyward-1,15916.0,,,34163.0,0.0,,1057457.0,Connor Heyward,connor heyward,1,1,2.0,0,0.0,0.0,2.0,0.0,0.0,-0.6304442,0,1.0,0.032258064,0.011627907,0.05652663,,,,,,,,,,,,,,,,,REG,PIT,LAC,Connor Heyward,HeywCo00,0.0,0.0,0.0,79.2
2024,REG,3,00-0036887,L.Farrell,TE,TE,JAX,15335,8a1f0e8e-6521-4a94-9934-ad4f76a25fd9,19501.0,42353.0,7842.0,,4040612.0,33533.0,,2260977.0,FarrLu00,luke-farrell-1,15566.0,,,33533.0,0.0,,946541.0,Luke Farrell,luke farrell,1,2,1.0,0,0.0,0.0,5.0,0.0,0.0,-1.2821602,0,0.2,0.045454547,0.015723271,0.07918811,,,,,,,,,,,,,,,,,REG,JAX,BUF,Luke Farrell,FarrLu00,0.0,0.0,0.0,56.2
2024,REG,3,00-0033217,M.Alie-Cox,TE,TE,IND,13246,8809c0dd-786b-4255-a7d0-333c9498c19a,16579.0,12078.0,4054.0,moalie-cox/2558832,2998565.0,30112.0,,2815925.0,AlieMo00,,12196.0,12221.0,195.0,30112.0,712506.0,18900.0,712506.0,Mo Alie-Cox,mo alie-cox,0,1,0.0,0,0.0,0.0,11.0,0.0,0.0,-0.7523603,0,0.0,0.055555556,0.05882353,0.124509804,,,,,,,,,,,,,,,,,REG,IND,CHI,Mo Alie-Cox,AlieMo00,0.0,0.0,0.0,39.6
2024,REG,3,00-0033895,G.Everett,TE,TE,CHI,13236,ebeceb00-57e0-4b74-9cf7-853da2afed18,16459.0,11799.0,4089.0,,3918639.0,30157.0,,2142692.0,EverGe00,gerald-everett-1,11737.0,12284.0,55.0,30157.0,838487.0,18935.0,838487.0,Gerald Everett,gerald everett,0,1,0.0,0,0.0,0.0,19.0,0.0,0.0,-0.46614727,0,0.0,0.020833334,0.037623763,0.057586633,,,,,,,,,,,,,,,,,REG,CHI,IND,Gerald Everett,EverGe00,0.0,0.0,0.0,39.6
2024,REG,3,00-0034753,M.Andrews,TE,TE,BAL,13671,0618f387-9b72-4270-8b8f-dec4cccc9e4a,17269.0,47436.0,5012.0,,3116365.0,31056.0,,2131121.0,AndrMa00,mark-andrews-1,12559.0,13182.0,366.0,31056.0,820699.0,19803.0,820699.0,Mark Andrews,mark andrews,0,1,0.0,0,0.0,0.0,11.0,0.0,0.0,-1.8390198,0,0.0,0.06666667,0.23404256,0.2638298,,,,,,,,,,,,,,,,,REG,BAL,DAL,Mark Andrews,AndrMa00,0.0,0.0,0.0,39.6
2024,REG,3,00-0035249,J.Oliver,TE,TE,MIN,14209,dc83f7af-7b30-4c4a-9c93-f67bd8db954b,18487.0,47083.0,5973.0,,3921690.0,31901.0,,2184618.0,OlivJo00,josh-oliver-1,13786.0,14127.0,7.0,31901.0,881779.0,20899.0,881779.0,Josh Oliver,josh oliver,0,1,0.0,0,0.0,0.0,31.0,0.0,0.0,-0.75982517,0,0.0,0.04,0.1693989,0.17857924,,,,,,,,,,,,,,,,,REG,MIN,HOU,Josh Oliver,OlivJo00,0.0,0.0,0.0,39.6
2024,REG,3,00-0039356,J.Sanders,TE,TE,CAR,16643,ffd2ff3f-4b56-4232-be8e-bf163c29f406,24334.0,,11600.0,,4431588.0,40995.0,,26731381.0,SandJa01,jatavion-sanders-1,17748.0,,1614.0,40995.0,0.0,,1326628.0,Ja'Tavion Sanders,jatavion sanders,0,1,0.0,0,0.0,0.0,6.0,0.0,0.0,-0.67667866,0,0.0,0.027027028,0.028037382,0.06016671,,,,,,,,,,,,,,,,,REG,CAR,LV,Ja'Tavion Sanders,SandJa01,0.0,0.0,0.0,39.6
2024,REG,4,00-0030506,T.Kelce,TE,TE,KC,11244,c3859e06-5f23-4302-a71b-04820a899d5f,11594.0,7844.0,1466.0,traviskelce/2540258,15847.0,26686.0,,1725130.0,KelcTr00,travis-kelce-1,8783.0,8411.0,264.0,26686.0,448240.0,15048.0,448240.0,Travis Kelce,travis kelce,7,9,89.0,0,0.0,0.0,82.0,36.0,2.0,-1.1362101,0,1.0853659,0.32142857,0.43617022,0.787462,Travis Kelce,KC,4.848000000000001,2.4251084120209034,8.277777777777779,40.42322300596854,77.77777777777779,89.0,0.0,5.97,4.095150393009119,1.8748496069908809,00-0030506,Travis,Kelce,T.Kelce,REG,KC,LAC,Travis Kelce,KelcTr00,0.0,0.0,0.0,68.3
2024,REG,4,00-0034351,D.Goedert,TE,TE,PHI,13674,e8029983-87cf-49a2-bc04-04c8233a0630,17270.0,47272.0,5022.0,,3121023.0,31019.0,,2132551.0,GoedDa00,,12860.0,13151.0,382.0,31019.0,791365.0,19863.0,791365.0,Dallas Goedert,dallas goedert,7,8,62.0,0,0.0,0.0,67.0,9.0,1.0,2.9194062,0,0.92537314,0.27586207,0.26482213,0.5991686,Dallas Goedert,PHI,7.026666666666667,3.085298583569928,8.066249999999998,25.28902300427166,87.5,62.0,0.0,1.5128571428571438,1.8873897819581618,-0.374532639101018,00-0034351,Dallas,Goedert,D.Goedert,REG,PHI,TB,Dallas Goedert,GoedDa00,0.0,1.0,0.125,99.0
2024,REG,4,00-0036894,P.Freiermuth,TE,TE,PIT,15331,04f0fefe-9d9d-44f5-94ea-6df2a42df3c6,20163.0,84085.0,7600.0,,4361411.0,33443.0,,2961270.0,FreiPa00,pat-freiermuth-1,15267.0,,1053.0,33443.0,0.0,,1116662.0,Pat Freiermuth,pat freiermuth,5,7,57.0,1,0.0,0.0,37.0,25.0,2.0,0.20671143,0,1.5405406,0.21875,0.15879828,0.4392838,Pat Freiermuth,PIT,9.200000000000001,2.9430565909110853,6.401428571428574,19.106297701786556,71.42857142857143,57.0,1.0,5.2799999999999985,2.363571782499389,2.9164282175006093,00-0036894,Pat,Freiermuth,P.Freiermuth,REG,PIT,IND,Pat Freiermuth,FreiPa00,1.0,0.0,0.0,135.1
2024,REG,4,00-0038996,T.Kraft,TE,TE,GB,16222,3a084c5f-6b9f-4703-a0c7-1566bc4b1129,25298.0,,9484.0,,4572680.0,40102.0,,3133332.0,KrafTu00,,16649.0,,1418.0,40102.0,0.0,,1181874.0,Tucker Kraft,tucker kraft,6,9,53.0,1,1.0,1.0,56.0,46.0,2.0,-2.7275045,1,0.9464286,0.16666667,0.09756097,0.31829268,Tucker Kraft,GB,7.125,5.5691729954333375,5.582222222222222,8.776312341689229,66.66666666666666,53.0,1.0,8.473333333333333,8.400962500277728,0.07237083305560432,00-0038996,Tucker,Kraft,T.Kraft,REG,GB,MIN,Tucker Kraft,KrafTu00,2.0,0.0,0.0,119.2
2024,REG,4,00-0039065,S.LaPorta,TE,TE,DET,16214,3059f1e5-1871-4458-9e90-9b9917874c61,22978.0,,10859.0,,4430027.0,40064.0,,3124197.0,LaPoSa01,sam-laporta-1,17033.0,,1429.0,40064.0,0.0,,1168926.0,Sam LaPorta,sam laporta,4,4,53.0,0,0.0,0.0,-6.0,59.0,3.0,4.1360483,0,0.0,0.21052632,-0.07594936,0.26262492,,,,,,,,,,,,,,,,,REG,DET,SEA,Sam LaPorta,LaPoSa01,1.0,0.0,0.0,118.7
2024,REG,4,00-0038129,C.Otton,TE,TE,TB,15802,f23517bd-ae85-484a-8ecb-1f7a2d851e48,23181.0,,8111.0,,4243331.0,34062.0,,2815179.0,OttoCa00,cade-otton-1,16032.0,,1261.0,34062.0,0.0,,1049263.0,Cade Otton,cade otton,6,9,52.0,0,0.0,0.0,40.0,27.0,2.0,-0.3232042,0,1.3,0.19148937,0.13245033,0.37994927,Cade Otton,TB,5.721666666666667,2.928150572569953,4.676666666666666,13.665584415584414,66.66666666666666,52.0,0.0,4.906666666666665,2.546696118226786,2.3599705484398794,00-0038129,Cade,Otton,C.Otton,REG,TB,PHI,Cade Otton,OttoCa00,2.0,1.0,0.111,81.7
2024,REG,4,00-0038041,J.Ferguson,TE,TE,DAL,15799,f46eab3d-d7dd-4420-b3f9-6da9ac1308ab,22718.0,,8110.0,,4242355.0,34085.0,,2867159.0,FergJa00,jake-ferguson-1,15947.0,,1258.0,34085.0,0.0,,1065361.0,Jake Ferguson,jake ferguson,7,7,49.0,0,1.0,0.0,22.0,27.0,2.0,2.2250211,0,2.2272727,0.26923078,0.15277778,0.5107906,Jake Ferguson,DAL,4.172,3.4357712805769722,2.97857142857143,14.855717848236555,100.0,49.0,0.0,3.97142857142857,4.734592843426071,-0.7631642719975011,00-0038041,Jake,Ferguson,J.Ferguson,REG,DAL,NYG,Jake Ferguson,FergJa00,0.0,0.0,0.0,95.8
2024,REG,4,00-0038933,D.Kincaid,TE,TE,BUF,16213,b961fa15-0676-4948-b95f-56d06319d40e,25247.0,,10236.0,,4385690.0,40048.0,,2982991.0,KincDa00,dalton-kincaid-1,16697.0,,1428.0,40048.0,0.0,,1135513.0,Dalton Kincaid,dalton kincaid,5,7,47.0,0,0.0,0.0,51.0,31.0,3.0,1.6287895,0,0.92156863,0.25925925,0.17770036,0.51327914,Dalton Kincaid,BUF,8.162,3.1078382960523205,6.542857142857143,17.09720770494251,71.42857142857143,47.0,0.0,6.688000000000001,6.053063762898637,0.634936237101364,00-0038933,Dalton,Kincaid,D.Kincaid,REG,BUF,BAL,Dalton Kincaid,KincDa00,0.0,2.0,0.286,89.6
2024,REG,4,00-0033288,G.Kittle,TE,TE,SF,13299,2ada91b0-036e-454f-83c3-6d939ff584a9,16499.0,11901.0,4217.0,,3040151.0,30259.0,,2818265.0,KittGe00,george-kittle-1,11892.0,12276.0,298.0,30259.0,733672.0,19063.0,733672.0,George Kittle,george kittle,4,4,45.0,1,0.0,0.0,39.0,6.0,3.0,6.8057404,0,1.1538461,0.15384616,0.105405405,0.304553,,,,,,,,,,,,,,,,,REG,SF,NE,George Kittle,KittGe00,0.0,0.0,0.0,153.1
2024,REG,4,00-0036637,N.Gray,TE,TE,KC,15337,c97dfcb6-b999-476f-8487-f3848e92df17,19539.0,60878.0,7828.0,,4240472.0,33550.0,,2866903.0,GrayNo00,noah-gray-1,15459.0,,1059.0,33550.0,0.0,,1056981.0,Noah Gray,noah gray,4,4,40.0,0,0.0,0.0,23.0,17.0,1.0,0.80633116,0,1.7391304,0.14285715,0.122340426,0.29992402,,,,,,,,,,,,,,,,,REG,KC,LAC,Noah Gray,GrayNo00,0.0,0.0,0.0,108.3
2024,REG,4,00-0034383,D.Schultz,TE,TE,HOU,13772,8caec1b4-e0b6-4a84-b8c8-617d6e91ef6a,17349.0,47304.0,5001.0,,3117256.0,31107.0,,2136748.0,SchuDa00,dalton-schultz-1,12514.0,13198.0,487.0,31107.0,830523.0,19920.0,830523.0,Dalton Schultz,dalton schultz,3,5,34.0,0,0.0,0.0,36.0,10.0,2.0,-0.48432574,0,0.9444444,0.12820514,0.118421055,0.27520242,Dalton Schultz,HOU,7.46,3.679148608759489,7.606,12.388832784962704,60.0,34.0,0.0,2.5099999999999993,2.0878089819301144,0.4221910180698849,00-0034383,Dalton,Schultz,D.Schultz,REG,HOU,JAX,Dalton Schultz,SchuDa00,0.0,0.0,0.0,80.4
2024,REG,4,00-0036290,C.Kmet,TE,TE,CHI,14867,036feeb6-9a22-43c5-a8e3-7ac611d8ff49,19229.0,60995.0,6826.0,,4258595.0,32713.0,,2868619.0,KmetCo00,cole-kmet-1,14436.0,,569.0,32713.0,0.0,21772.0,1066765.0,Cole Kmet,cole kmet,3,3,34.0,0,0.0,0.0,23.0,11.0,2.0,1.4396486,0,1.4782609,0.13636364,0.15753424,0.31481943,,,,,,,,,,,,,,,,,REG,CHI,LA,Cole Kmet,KmetCo00,0.0,0.0,0.0,113.9
2024,REG,4,00-0036244,C.Parkinson,TE,TE,LA,14871,1ea7affb-e5e7-491a-aaa3-55e200b2eb48,19372.0,52266.0,6865.0,,4242557.0,32803.0,,2867522.0,ParkCo02,colby-parkinson-1,14463.0,,565.0,32803.0,0.0,21807.0,1060312.0,Colby Parkinson,colby parkinson,4,7,33.0,0,0.0,0.0,31.0,26.0,2.0,0.9953035,0,1.0645162,0.2413793,0.15422885,0.47002918,Colby Parkinson,LAR,7.779999999999999,4.399864203963291,4.338571428571429,14.874859185972477,57.14285714285714,33.0,0.0,6.877499999999998,11.238210767325768,-4.36071076732577,00-0036244,Colby,Parkinson,C.Parkinson,REG,LA,CHI,Colby Parkinson,ParkCo02,0.0,0.0,0.0,69.3
2024,REG,4,00-0038558,D.Washington,TE,TE,PIT,16216,1984b8b5-d206-4d6a-8204-c5dd0160e9f5,22967.0,,9479.0,,4430802.0,40094.0,,3163963.0,WashDa03,darnell-washington-1,16889.0,,1431.0,40094.0,0.0,,1218658.0,Darnell Washington,darnell washington,2,2,31.0,0,0.0,0.0,4.0,27.0,1.0,2.4329207,0,7.75,0.0625,0.017167382,0.10576717,,,,,,,,,,,,,,,,,REG,PIT,IND,Darnell Washington,WashDa03,1.0,0.0,0.0,118.7
2024,REG,4,00-0039814,E.All,TE,TE,CIN,16645,5523779b-db60-4158-b232-8391bc7db65b,23837.0,,11592.0,,4427834.0,40989.0,,3121555.0,AllxEr00,erick-all-1,17696.0,,1616.0,40989.0,0.0,,1164533.0,Erick All,erick all,4,4,28.0,0,0.0,0.0,4.0,24.0,2.0,1.4024404,0,7.0,0.13333334,0.023391813,0.21637426,,,,,,,,,,,,,,,,,REG,CIN,CAR,Erick All,AllxEr00,1.0,0.0,0.0,95.8
2024,REG,4,00-0039359,C.Stover,TE,TE,HOU,16642,559d5222-0403-4a14-94c7-c7bd5072c939,25269.0,,11599.0,,4426496.0,40987.0,,3125978.0,StovCa00,cade-stover-1,17794.0,,1613.0,40987.0,0.0,,1175182.0,Cade Stover,cade stover,1,1,27.0,0,0.0,0.0,14.0,13.0,1.0,2.686117,0,1.9285715,0.025641026,0.04605263,0.07069838,,,,,,,,,,,,,,,,,REG,HOU,JAX,Cade Stover,StovCa00,0.0,0.0,0.0,118.7
2024,REG,4,00-0039793,A.Barner,TE,TE,SEA,16723,e96127b4-d381-43d4-b0ae-8790c706756f,26335.0,,11603.0,,4576297.0,41001.0,,3169283.0,BarnAJ00,aj-barner-1,17811.0,,1629.0,41001.0,0.0,,1229503.0,AJ Barner,aj barner,2,2,27.0,1,0.0,0.0,4.0,23.0,2.0,3.446881,0,6.75,0.03773585,0.013114754,0.065784104,,,,,,,,,,,,,,,,,REG,SEA,DET,AJ Barner,BarnAJ00,0.0,0.0,0.0,158.3
2024,REG,4,00-0035644,N.Fant,TE,TE,SEA,14137,cdc98acc-9eb6-4b44-81bb-61d7b8a3b55f,17527.0,42388.0,5857.0,,4036131.0,31852.0,,2251095.0,FantNo00,noah-fant-1,13426.0,14050.0,243.0,31852.0,923911.0,20753.0,923911.0,Noah Fant,noah fant,2,2,26.0,0,0.0,0.0,21.0,5.0,2.0,2.1866002,0,1.2380953,0.03773585,0.06885246,0.10480049,,,,,,,,,,,,,,,,,REG,SEA,DET,Noah Fant,FantNo00,0.0,0.0,0.0,118.7
2024,REG,4,00-0037086,G.Calcaterra,TE,TE,PHI,15804,f6988cfa-2dcf-490b-ac80-9af8e4292efa,24180.0,,8177.0,,4241374.0,34154.0,,2804129.0,CalcGr00,grant-calcaterra-1,16039.0,,,34154.0,0.0,,976221.0,Grant Calcaterra,grant calcaterra,1,2,26.0,0,0.0,0.0,42.0,10.0,1.0,1.0451341,0,0.61904764,0.06896552,0.1660079,0.21965382,,,,,,,,,,,,,,,,,REG,PHI,TB,Grant Calcaterra,CalcGr00,0.0,0.0,0.0,95.8
2024,REG,4,00-0037838,I.Likely,TE,TE,BAL,15798,f9279edb-cfa7-4f7d-91df-b81cbf3e133e,23781.0,,8131.0,,4361050.0,34095.0,,2961906.0,LikeIs00,isaiah-likely-1,16033.0,,1257.0,34095.0,0.0,,1125111.0,Isaiah Likely,isaiah likely,1,2,26.0,0,0.0,0.0,30.0,4.0,1.0,1.2157501,0,0.8666667,0.11111111,0.234375,0.33072916,,,,,,,,,,,,,,,,,REG,BAL,BUF,Isaiah Likely,LikeIs00,0.0,1.0,0.5,95.8
2024,REG,4,00-0034159,W.Dissly,TE,TE,LAC,13763,383f4814-6836-4766-a297-fc063e8509cc,18049.0,30762.0,5010.0,,3127292.0,31090.0,,2139628.0,DissWi00,will-dissly-1,12986.0,13246.0,86.0,31090.0,837806.0,19950.0,837806.0,Will Dissly,will dissly,2,3,24.0,0,0.0,0.0,2.0,28.0,1.0,0.69475925,0,12.0,0.11111111,0.010362694,0.17392056,,,,,,,,,,,,,,,,,REG,LAC,KC,Will Dissly,DissWi00,0.0,0.0,0.0,91.0
2024,REG,4,00-0030061,Z.Ertz,TE,TE,WAS,11247,de3421f7-2147-4835-89a5-724e87bad463,11689.0,7816.0,1339.0,zachertz/2540158,15835.0,26658.0,,1685963.0,ErtzZa00,zach-ertz-1,8781.0,8409.0,305.0,26658.0,503177.0,14856.0,503177.0,Zach Ertz,zach ertz,3,3,22.0,0,0.0,0.0,15.0,7.0,1.0,0.6499125,1,1.4666667,0.1,0.0862069,0.21034482,,,,,,,,,,,,,,,,,REG,WAS,ARI,Zach Ertz,ErtzZa00,0.0,0.0,0.0,97.2
2024,REG,4,00-0036232,H.Bryant,TE,TE,LV,14875,f58a5899-8b78-46e8-a29a-ba6273b7d872,19389.0,26394.0,6850.0,,4040774.0,32785.0,,2241240.0,BryaHa00,harrison-bryant-1,14576.0,,752.0,32785.0,0.0,21783.0,916467.0,Harrison Bryant,harrison bryant,2,2,21.0,0,0.0,0.0,4.0,17.0,1.0,0.9814961,0,5.25,0.083333336,0.02020202,0.13914141,,,,,,,,,,,,,,,,,REG,LV,CLE,Harrison Bryant,BryaHa00,1.0,0.0,0.0,110.4
2024,REG,4,00-0038935,B.Strange,TE,TE,JAX,16269,94f135f7-9d54-4cbd-b560-fcaf83d414b0,25345.0,,9480.0,,4430539.0,40078.0,,3121696.0,StraBr00,brenton-strange-1,17017.0,,1461.0,40078.0,0.0,,1164940.0,Brenton Strange,brenton strange,3,3,19.0,0,0.0,0.0,10.0,9.0,1.0,0.38943583,0,1.9,0.09375,0.0265252,0.15919264,,,,,,,,,,,,,,,,,REG,JAX,HOU,Brenton Strange,StraBr00,0.0,0.0,0.0,93.1
2024,REG,4,00-0039338,B.Bowers,TE,TE,LV,16641,ad9fc7e3-0a6d-4e41-84c2-cf43b71aee13,22955.0,,11604.0,,4432665.0,40878.0,,26693971.0,BoweBr01,brock-bowers-1,17693.0,,1612.0,40878.0,0.0,,1285917.0,Brock Bowers,brock bowers,2,3,19.0,0,0.0,0.0,19.0,17.0,1.0,0.88451236,0,1.0,0.125,0.0959596,0.25467172,,,,,,,,,,,,,,,,,REG,LV,CLE,Brock Bowers,BoweBr01,2.0,1.0,0.333,84.0
2024,REG,4,00-0034270,T.Conklin,TE,TE,NYJ,13675,f0d17dfa-ebf3-416c-a8d2-c6bc30675103,17598.0,47327.0,5133.0,,3915486.0,31220.0,,2165249.0,ConkTy00,tyler-conklin-1,12809.0,13220.0,489.0,31127.0,861278.0,19988.0,861278.0,Tyler Conklin,tyler conklin,4,8,17.0,0,0.0,0.0,61.0,13.0,1.0,-2.961573,0,0.27868852,0.19512194,0.2,0.43268293,Tyler Conklin,NYJ,4.7787500000000005,2.4180715095414422,7.40375,20.534599916793788,50.0,17.0,0.0,3.4725,3.9333154940117083,-0.4608154940117082,00-0034270,Tyler,Conklin,T.Conklin,REG,NYJ,DEN,Tyler Conklin,ConkTy00,0.0,0.0,0.0,56.2
2024,REG,4,00-0039356,J.Sanders,TE,TE,CAR,16643,ffd2ff3f-4b56-4232-be8e-bf163c29f406,24334.0,,11600.0,,4431588.0,40995.0,,26731381.0,SandJa01,jatavion-sanders-1,17748.0,,1614.0,40995.0,0.0,,1326628.0,Ja'Tavion Sanders,jatavion sanders,2,2,16.0,0,0.0,0.0,1.0,15.0,1.0,1.031165,0,16.0,0.05,0.0033112583,0.07731788,,,,,,,,,,,,,,,,,REG,CAR,CIN,Ja'Tavion Sanders,SandJa01,0.0,0.0,0.0,100.0
2024,REG,4,00-0033246,J.Mundt,TE,TE,MIN,13940,6414998b-5831-44aa-8bd8-39e42a323c2c,16743.0,12206.0,4314.0,,3052096.0,30373.0,,2818622.0,MundJo00,,12316.0,12525.0,,30373.0,740704.0,19165.0,740704.0,Johnny Mundt,johnny mundt,2,2,15.0,0,0.0,0.0,8.0,7.0,0.0,0.92648643,0,1.875,0.074074075,0.02919708,0.13154906,,,,,,,,,,,,,,,,,REG,MIN,GB,Johnny Mundt,MundJo00,1.0,0.0,0.0,97.9
2024,REG,4,00-0037292,A.Ogletree,TE,TE,IND,15916,59f460a8-b5af-40e6-840c-429762b278b3,24561.0,,8489.0,,4722908.0,34148.0,,2672594.0,OgleAn00,,16277.0,,1315.0,34148.0,0.0,,1271740.0,Andrew Ogletree,andrew ogletree,1,1,15.0,1,0.0,0.0,5.0,10.0,1.0,3.082555,0,3.0,0.035714287,0.016129032,0.06486175,,,,,,,,,,,,,,,,,REG,IND,PIT,Andrew Ogletree,OgleAn00,0.0,0.0,0.0,158.3
2024,REG,4,00-0032392,A.Hooper,TE,TE,NE,12677,90c2a93f-d837-4e1b-b57c-56648903a8db,15581.0,10715.0,3202.0,,3043275.0,29315.0,,2067004.0,HoopAu00,austin-hooper-1,10748.0,11301.0,384.0,29315.0,739424.0,17963.0,739424.0,Austin Hooper,austin hooper,2,2,13.0,1,0.0,0.0,6.0,7.0,2.0,4.1981163,0,2.1666667,0.0625,0.03550296,0.118602075,,,,,,,,,,,,,,,,,REG,NE,SF,Austin Hooper,HoopAu00,0.0,0.0,0.0,133.3
2024,REG,4,00-0036040,J.Johnson,TE,TE,NO,14861,0226b03b-f91d-4223-9813-9fcd2e9c3acc,19562.0,28305.0,7002.0,,3929645.0,33113.0,,2186637.0,JohnJu02,,14630.0,,575.0,33113.0,0.0,21738.0,884609.0,Juwan Johnson,juwan johnson,2,3,13.0,0,0.0,0.0,3.0,10.0,0.0,-0.28580278,0,4.3333335,0.083333336,0.015544041,0.13588083,,,,,,,,,,,,,,,,,REG,NO,ATL,Juwan Johnson,JohnJu02,0.0,0.0,0.0,75.7
2024,REG,4,00-0036754,B.Wright,TE,TE,DET,15626,8f182089-7730-499e-8f2e-87bda32debfb,23341.0,60994.0,7891.0,,4242392.0,33774.0,,2807423.0,WrigBr01,,15681.0,,1162.0,33774.0,0.0,,978120.0,Brock Wright,brock wright,2,2,13.0,0,0.0,0.0,5.0,8.0,1.0,1.3662587,0,2.6,0.10526316,0.06329114,0.20219854,,,,,,,,,,,,,,,,,REG,DET,SEA,Brock Wright,WrigBr01,0.0,0.0,0.0,93.7
2024,REG,4,00-0039144,L.Musgrave,TE,TE,GB,16215,77a4fb49-3c6c-4aa1-8a21-20956e2d2240,25282.0,,9481.0,,4428085.0,40074.0,,3129283.0,MusgLu00,luke-musgrave-1,16663.0,,1430.0,40074.0,0.0,,1179790.0,Luke Musgrave,luke musgrave,3,3,13.0,0,0.0,0.0,7.0,6.0,1.0,0.067169555,0,1.8571428,0.055555556,0.0121951215,0.09186992,,,,,,,,,,,,,,,,,REG,GB,MIN,Luke Musgrave,MusgLu00,0.0,0.0,0.0,84.7
2024,REG,4,00-0033090,H.Henry,TE,TE,NE,12676,705899da-3c20-4bc3-b5d0-2e6e40655131,15561.0,10669.0,3214.0,,3046439.0,29269.0,,2079848.0,HenrHu00,hunter-henry-1,10735.0,11299.0,212.0,29269.0,744425.0,17975.0,744425.0,Hunter Henry,hunter henry,2,3,12.0,0,0.0,0.0,13.0,0.0,1.0,-0.71235675,0,0.9230769,0.09375,0.07692308,0.19447115,,,,,,,,,,,,,,,,,REG,NE,SF,Hunter Henry,HenrHu00,0.0,0.0,0.0,74.3
2024,REG,4,00-0039041,E.Higgins,TE,TE,ARI,16333,a01b7698-d67f-4b60-b2fb-4c667336b718,23119.0,,10231.0,,4426844.0,40226.0,,3122914.0,HiggEl00,elijah-higgins-1,16959.0,,1469.0,40226.0,0.0,,1161853.0,Elijah Higgins,elijah higgins,2,3,12.0,0,0.0,0.0,6.0,12.0,0.0,0.4864488,0,2.0,0.13636364,0.043165468,0.23476128,,,,,,,,,,,,,,,,,REG,ARI,WAS,Elijah Higgins,HiggEl00,0.0,1.0,0.333,74.3
2024,REG,4,00-0034364,J.Akins,TE,TE,CLE,13753,0cb5a32a-a340-4671-ba2a-93f5fa6aee8d,17415.0,47050.0,5032.0,,3128452.0,31068.0,,2142712.0,AkinJo00,jordan-akins-1,12568.0,13238.0,,31068.0,838396.0,19903.0,838396.0,Jordan Akins,jordan akins,1,2,10.0,0,0.0,0.0,-4.0,7.0,1.0,0.82245123,0,0.0,0.0625,-0.023255814,0.07747093,,,,,,,,,,,,,,,,,REG,CLE,LV,Jordan Akins,AkinJo00,0.0,0.0,0.0,64.6
2024,REG,4,00-0035249,J.Oliver,TE,TE,MIN,14209,dc83f7af-7b30-4c4a-9c93-f67bd8db954b,18487.0,47083.0,5973.0,,3921690.0,31901.0,,2184618.0,OlivJo00,josh-oliver-1,13786.0,14127.0,7.0,31901.0,881779.0,20899.0,881779.0,Josh Oliver,josh oliver,2,2,10.0,1,0.0,0.0,-2.0,12.0,1.0,1.8436964,0,0.0,0.074074075,-0.00729927,0.10600162,,,,,,,,,,,,,,,,,REG,MIN,GB,Josh Oliver,OlivJo00,0.0,0.0,0.0,127.1
2024,REG,4,00-0037805,J.Ruckert,TE,TE,NYJ,15796,28f3732b-0910-4d09-9fd4-e43b821dc5bb,23742.0,,8145.0,,4361372.0,34057.0,,2965446.0,RuckJe00,jeremy-ruckert-1,15996.0,,1255.0,34057.0,0.0,,1122596.0,Jeremy Ruckert,jeremy ruckert,2,2,10.0,0,0.0,0.0,-2.0,12.0,0.0,0.5125316,0,0.0,0.048780486,-0.006557377,0.06858057,,,,,,,,,,,,,,,,,REG,NYJ,DEN,Jeremy Ruckert,RuckJe00,0.0,0.0,0.0,87.5
2024,REG,4,00-0036628,J.Bates,TE,TE,WAS,15344,3208880b-949f-4926-85eb-1940770550ea,22833.0,42275.0,7716.0,,4048228.0,33512.0,,2257291.0,BateJo00,john-bates-1,15289.0,,,33512.0,0.0,,944038.0,John Bates,john bates,1,1,9.0,0,0.0,0.0,3.0,6.0,0.0,0.9330197,0,3.0,0.033333335,0.01724138,0.062068965,,,,,,,,,,,,,,,,,REG,WAS,ARI,John Bates,BateJo00,0.0,0.0,0.0,104.2
2024,REG,4,00-0034830,H.Hurst,TE,TE,LAC,13680,1b125fc4-5dd9-4eb9-a42f-048e61ca42b7,17283.0,47294.0,4973.0,,3924365.0,30995.0,,2185053.0,HursHa00,hayden-hurst-1,12467.0,13098.0,8.0,30995.0,881956.0,19843.0,881956.0,Hayden Hurst,hayden hurst,1,3,6.0,0,0.0,0.0,6.0,1.0,0.0,-5.248349,0,1.0,0.11111111,0.031088082,0.18842833,,,,,,,,,,,,,,,,,REG,LAC,KC,Hayden Hurst,HursHa00,0.0,1.0,0.333,42.4
2024,REG,4,00-0039847,T.Johnson,TE,TE,NYG,16649,a5d4bb1d-c130-47c2-808a-2dd1f85005fb,23104.0,,11597.0,,4429148.0,41003.0,,3162129.0,JohnTh00,theo-johnson-1,17021.0,,1620.0,41003.0,0.0,,1214414.0,Theo Johnson,theo johnson,1,1,6.0,0,0.0,0.0,5.0,1.0,0.0,0.052976076,0,1.2,0.02631579,0.01344086,0.048882287,,,,,,,,,,,,,,,,,REG,NYG,DAL,Theo Johnson,JohnTh00,0.0,0.0,0.0,91.7
2024,REG,4,00-0037809,C.Okonkwo,TE,TE,TEN,15889,14e11f9b-58c8-437f-abc0-a4e4df9a7c47,23982.0,,8210.0,,4360635.0,34099.0,,2965208.0,OkonCh00,chigoziem-okonkwo-1,16042.0,,1320.0,34099.0,0.0,,1106374.0,Chigoziem Okonkwo,chigoziem okonkwo,1,3,5.0,0,0.0,0.0,13.0,6.0,0.0,-1.9457012,0,0.3846154,0.16666667,0.14606741,0.35224718,,,,,,,,,,,,,,,,,REG,TEN,MIA,Chigoziem Okonkwo,OkonCh00,0.0,0.0,0.0,42.4
2024,REG,4,00-0038589,J.Whyle,TE,TE,TEN,16312,601467c7-b593-472d-a147-b8e7bfdbe990,22923.0,,10212.0,,4360086.0,40182.0,,2962513.0,WhylJo01,josh-whyle-1,16866.0,,1471.0,40182.0,0.0,,1107037.0,Josh Whyle,josh whyle,1,1,5.0,0,0.0,0.0,5.0,0.0,1.0,1.301281,0,1.0,0.055555556,0.056179777,0.12265918,,,,,,,,,,,,,,,,,REG,TEN,MIA,Josh Whyle,WhylJo01,0.0,0.0,0.0,87.5
2024,REG,4,00-0036741,J.Stoll,TE,TE,PHI,15541,0560d134-d316-4cda-9d48-34d32267af68,23193.0,42058.0,7946.0,,4034862.0,33891.0,,2239684.0,StolJa00,,15510.0,,,33891.0,0.0,,911985.0,Jack Stoll,jack stoll,1,2,4.0,0,0.0,0.0,7.0,1.0,0.0,-0.76278126,0,0.5714286,0.06896552,0.027667984,0.12281586,,,,,,,,,,,,,,,,,REG,PHI,TB,Jack Stoll,StolJa00,0.0,0.0,0.0,56.2
2024,REG,4,00-0033439,P.Brown,TE,TE,SEA,13994,6733b953-de77-44e5-acbf-c2d3a0940243,16937.0,12247.0,4443.0,,2971281.0,30627.0,,2819155.0,BrowPh01,,11887.0,12737.0,,30627.0,689689.0,19304.0,689689.0,Pharaoh Brown,pharaoh brown,1,2,3.0,0,0.0,0.0,4.0,4.0,0.0,-1.4111097,0,0.75,0.03773585,0.013114754,0.065784104,,,,,,,,,,,,,,,,,REG,SEA,DET,Pharaoh Brown,BrowPh01,0.0,1.0,0.5,56.2
2024,REG,4,00-0033357,T.Hill,TE,TE,NO,13424,3c8a55dd-20a8-4375-b711-49eb5e6e1d0e,17115.0,12112.0,4381.0,,2468609.0,30614.0,,2818935.0,HillTa00,,12063.0,12729.0,150.0,30614.0,503184.0,19238.0,503184.0,Taysom Hill,taysom hill,0,0,0.0,0,0.0,0.0,0.0,0.0,0.0,,0,,,,,,,,,,,,,,,,,,,,,,,,,,,,,
2024,REG,4,00-0033858,J.Smith,TE,TE,MIA,13193,e4f25a37-74de-4bfb-b6c9-f50a4fab0b87,16460.0,11855.0,4144.0,,3054212.0,30213.0,,2081506.0,SmitJo01,jonnu-smith-1,11807.0,12344.0,84.0,30213.0,743749.0,18990.0,743749.0,Jonnu Smith,jonnu smith,0,1,0.0,0,0.0,0.0,-5.0,0.0,0.0,-1.4290603,0,0.0,0.04761905,-0.0295858,0.050718512,,,,,,,,,,,,,,,,,REG,MIA,TEN,Jonnu Smith,SmitJo01,0.0,0.0,0.0,39.6
2024,REG,4,00-0034753,M.Andrews,TE,TE,BAL,13671,0618f387-9b72-4270-8b8f-dec4cccc9e4a,17269.0,47436.0,5012.0,,3116365.0,31056.0,,2131121.0,AndrMa00,mark-andrews-1,12559.0,13182.0,366.0,31056.0,820699.0,19803.0,820699.0,Mark Andrews,mark andrews,0,1,0.0,0,0.0,0.0,10.0,0.0,0.0,-0.47922492,0,0.0,0.055555556,0.078125,0.13802083,,,,,,,,,,,,,,,,,REG,BAL,BUF,Mark Andrews,AndrMa00,0.0,1.0,1.0,39.6
2024,REG,4,00-0035631,D.Sample,TE,TE,CIN,14146,15a4f552-ecaf-45bd-9006-aa5dda93bee6,18561.0,47259.0,6001.0,,3127310.0,31884.0,,2139646.0,SampDr00,drew-sample-1,13809.0,14111.0,435.0,31884.0,837824.0,20931.0,837824.0,Drew Sample,drew sample,1,1,0.0,0,0.0,0.0,-1.0,1.0,0.0,-0.8242395,0,0.0,0.033333335,-0.0058479533,0.045906432,,,,,,,,,,,,,,,,,REG,CIN,CAR,Drew Sample,SampDr00,0.0,0.0,0.0,79.2
2024,REG,4,00-0035689,D.Knox,TE,TE,BUF,14143,5fb525c5-4e70-4ede-8c49-94ad0cf66b7d,18631.0,35883.0,5906.0,,3930086.0,31928.0,,2186345.0,KnoxDa00,dawson-knox-1,13466.0,13953.0,88.0,31928.0,884083.0,20850.0,884083.0,Dawson Knox,dawson knox,1,1,0.0,0,0.0,0.0,0.0,0.0,0.0,-1.6042421,0,,0.037037037,0.0,0.055555556,,,,,,,,,,,,,,,,,REG,BUF,BAL,Dawson Knox,KnoxDa00,0.0,0.0,0.0,79.2
2024,REG,4,00-0036825,F.Franks,TE,TE,CAR,15244,79a849be-0552-4da9-89ff-11d20a7a764a,20081.0,40217.0,7531.0,,4034948.0,33729.0,,2221829.0,,,15324.0,,,33729.0,0.0,,910377.0,Feleipe Franks,feleipe franks,0,1,0.0,0,0.0,0.0,17.0,0.0,0.0,-3.028582,0,0.0,0.025,0.05629139,0.07690398,,,,,,,,,,,,,,,,,,,,,,,,,
2024,REG,4,00-0036887,L.Farrell,TE,TE,JAX,15335,8a1f0e8e-6521-4a94-9934-ad4f76a25fd9,19501.0,42353.0,7842.0,,4040612.0,33533.0,,2260977.0,FarrLu00,luke-farrell-1,15566.0,,,33533.0,0.0,,946541.0,Luke Farrell,luke farrell,0,1,0.0,0,0.0,0.0,4.0,0.0,0.0,-0.92018867,0,0.0,0.03125,0.010610079,0.054302055,,,,,,,,,,,,,,,,,REG,JAX,HOU,Luke Farrell,FarrLu00,0.0,1.0,1.0,39.6
2024,REG,4,00-0036970,K.Pitts,TE,TE,ATL,15329,1f3deb24-9ff8-4769-8f42-825eff7742f6,20164.0,83964.0,7553.0,,4360248.0,33392.0,,2964514.0,PittKy00,kyle-pitts-1,15265.0,,1051.0,33392.0,0.0,,1123026.0,Kyle Pitts,kyle pitts,0,3,0.0,0,0.0,0.0,23.0,0.0,0.0,-2.4624748,0,0.0,0.0882353,0.0694864,0.18099342,,,,,,,,,,,,,,,,,REG,ATL,NO,Kyle Pitts,PittKy00,0.0,1.0,0.333,39.6
2024,REG,4,00-0037252,G.Dulcich,TE,TE,DEN,15797,b9e4a022-d15c-4cef-9879-170277f17207,23153.0,,8172.0,,4367209.0,34036.0,,2964274.0,DulcGr00,greg-dulcich-1,15891.0,,,34036.0,0.0,,1128085.0,Greg Dulcich,greg dulcich,0,1,0.0,0,0.0,0.0,0.0,0.0,0.0,-1.3969487,0,,0.04,0.0,0.06,,,,,,,,,,,,,,,,,REG,DEN,NYJ,Greg Dulcich,DulcGr00,0.0,0.0,0.0,39.6
2024,REG,4,00-0038783,N.Adkins,TE,TE,DEN,16474,bcd0ae60-f31c-11ed-819c-fd03d0cc2698,25881.0,,11433.0,,4383440.0,40702.0,,2977285.0,AdkiNa00,,16992.0,,,40702.0,0.0,,1132517.0,Nate Adkins,nate adkins,1,1,0.0,0,0.0,0.0,0.0,0.0,0.0,-0.3924912,0,,0.04,0.0,0.06,,,,,,,,,,,,,,,,,REG,DEN,NYJ,Nate Adkins,AdkiNa00,0.0,0.0,0.0,79.2
2024,REG,4,00-0034829,M.Gesicki,TE,TE,CIN,13672,1012cbe0-7eba-4169-bfca-183a0204e1a7,17272.0,47153.0,4993.0,,3116164.0,31012.0,,2139298.0,GesiMi00,mike-gesicki-1,12764.0,13104.0,330.0,31012.0,836152.0,19853.0,836152.0,Mike Gesicki,mike gesicki,1,1,-9.0,0,0.0,0.0,2.0,-11.0,0.0,-2.2501218,0,-4.5,0.033333335,0.0116959065,0.058187135,,,,,,,,,,,,,,,,,REG,CIN,CAR,Mike Gesicki,GesiMi00,0.0,0.0,0.0,79.2
2024,REG,5,00-0039338,B.Bowers,TE,TE,LV,16641,ad9fc7e3-0a6d-4e41-84c2-cf43b71aee13,22955.0,,11604.0,,4432665.0,40878.0,,26693971.0,BoweBr01,brock-bowers-1,17693.0,,1612.0,40878.0,0.0,,1285917.0,Brock Bowers,brock bowers,8,12,97.0,1,0.0,0.0,82.0,63.0,4.0,-10.526003,0,1.1829268,0.33333334,0.26031747,0.68222225,Brock Bowers,LV,5.206666666666667,2.708967415879329,5.758333333333334,23.21908602150538,66.66666666666666,97.0,1.0,8.05375,3.383096599055939,4.670653400944062,00-0039338,Brock,Bowers,B.Bowers,REG,LV,DEN,Brock Bowers,BoweBr01,0.0,0.0,0.0,79.5
2024,REG,5,00-0036970,K.Pitts,TE,TE,ATL,15329,1f3deb24-9ff8-4769-8f42-825eff7742f6,20164.0,83964.0,7553.0,,4360248.0,33392.0,,2964514.0,PittKy00,kyle-pitts-1,15265.0,,1051.0,33392.0,0.0,,1123026.0,Kyle Pitts,kyle pitts,7,8,88.0,0,0.0,0.0,48.0,43.0,4.0,4.617606,0,1.8333334,0.14814815,0.112941176,0.30128103,Kyle Pitts,ATL,5.536666666666666,5.012383588071936,5.89125,11.299990409513766,87.5,88.0,0.0,6.364285714285715,6.427207448500407,-0.06292173421469194,00-0036970,Kyle,Pitts,K.Pitts,REG,ATL,TB,Kyle Pitts,PittKy00,0.0,0.0,0.0,112.5
2024,REG,5,00-0038996,T.Kraft,TE,TE,GB,16222,3a084c5f-6b9f-4703-a0c7-1566bc4b1129,25298.0,,9484.0,,4572680.0,40102.0,,3133332.0,KrafTu00,,16649.0,,1418.0,40102.0,0.0,,1181874.0,Tucker Kraft,tucker kraft,4,5,88.0,2,0.0,0.0,27.0,69.0,3.0,8.0114355,0,3.2592592,0.2,0.12676056,0.3887324,Tucker Kraft,GB,3.536,5.937576162318939,5.178000000000002,12.426802342325047,80.0,88.0,2.0,17.604999999999997,9.216466152102612,8.388533847897385,00-0038996,Tucker,Kraft,T.Kraft,REG,GB,LA,Tucker Kraft,KrafTu00,1.0,1.0,0.2,158.3
2024,REG,5,00-0030506,T.Kelce,TE,TE,KC,11244,c3859e06-5f23-4302-a71b-04820a899d5f,11594.0,7844.0,1466.0,traviskelce/2540258,15847.0,26686.0,,1725130.0,KelcTr00,travis-kelce-1,8783.0,8411.0,264.0,26686.0,448240.0,15048.0,448240.0,Travis Kelce,travis kelce,9,10,70.0,0,0.0,0.0,52.0,34.0,4.0,5.1519523,0,1.3461539,0.29411766,0.3489933,0.6854718,Travis Kelce,KC,6.6085714285714285,5.094167500263109,5.468999999999999,35.398058252427184,90.0,70.0,0.0,3.645555555555555,4.199565032565728,-0.5540094770101724,00-0030506,Travis,Kelce,T.Kelce,REG,KC,NO,Travis Kelce,KelcTr00,1.0,0.0,0.0,95.8
2024,REG,5,00-0038041,J.Ferguson,TE,TE,DAL,15799,f46eab3d-d7dd-4420-b3f9-6da9ac1308ab,22718.0,,8110.0,,4242355.0,34085.0,,2867159.0,FergJa00,jake-ferguson-1,15947.0,,1258.0,34085.0,0.0,,1065361.0,Jake Ferguson,jake ferguson,6,7,70.0,0,0.0,0.0,30.0,45.0,3.0,5.3846164,0,2.3333333,0.17073171,0.10489511,0.32952413,Jake Ferguson,DAL,6.2316666666666665,2.9261249116178467,3.7142857142857144,9.036563325455303,85.71428571428571,70.0,0.0,7.984999999999999,7.424740169474869,0.5602598305251307,00-0038041,Jake,Ferguson,J.Ferguson,REG,DAL,PIT,Jake Ferguson,FergJa00,0.0,0.0,0.0,108.3
2024,REG,5,00-0033288,G.Kittle,TE,TE,SF,13299,2ada91b0-036e-454f-83c3-6d939ff584a9,16499.0,11901.0,4217.0,,3040151.0,30259.0,,2818265.0,KittGe00,george-kittle-1,11892.0,12276.0,298.0,30259.0,733672.0,19063.0,733672.0,George Kittle,george kittle,8,12,64.0,1,0.0,0.0,78.0,22.0,5.0,-5.5725317,0,0.82051283,0.375,0.2736842,0.7540789,George Kittle,SF,3.6255555555555556,3.366163043692881,6.401666666666666,24.598142811399292,66.66666666666666,64.0,1.0,3.1637500000000003,2.8109390156545535,0.3528109843454468,00-0033288,George,Kittle,G.Kittle,REG,SF,ARI,George Kittle,KittGe00,1.0,1.0,0.083,72.9
2024,REG,5,00-0038046,C.Kolar,TE,TE,BAL,15795,3c048ac9-2c0f-4bf0-9ddc-ce99c9387ac8,22756.0,,8127.0,,4241263.0,34084.0,,2866273.0,KolaCh00,charlie-kolar-1,15924.0,,,34084.0,0.0,,1058648.0,Charlie Kolar,charlie kolar,3,4,64.0,1,0.0,0.0,40.0,32.0,2.0,4.8881717,0,1.6,0.09756097,0.10471204,0.2196399,,,,,,,,,,,,,,,,,REG,BAL,CIN,Charlie Kolar,KolaCh00,0.0,0.0,0.0,156.2
2024,REG,5,00-0033858,J.Smith,TE,TE,MIA,13193,e4f25a37-74de-4bfb-b6c9-f50a4fab0b87,16460.0,11855.0,4144.0,,3054212.0,30213.0,,2081506.0,SmitJo01,jonnu-smith-1,11807.0,12344.0,84.0,30213.0,743749.0,18990.0,743749.0,Jonnu Smith,jonnu smith,5,8,62.0,0,0.0,0.0,70.0,29.0,4.0,3.5122871,0,0.8857143,0.2580645,0.24475524,0.5584254,Jonnu Smith,MIA,3.9066666666666663,3.6023962111860137,7.6362499999999995,20.33824949229284,62.5,62.0,0.0,6.119999999999999,6.865795036543022,-0.745795036543023,00-0033858,Jonnu,Smith,J.Smith,REG,MIA,NE,Jonnu Smith,SmitJo01,0.0,1.0,0.125,86.5
2024,REG,5,00-0036290,C.Kmet,TE,TE,CHI,14867,036feeb6-9a22-43c5-a8e3-7ac611d8ff49,19229.0,60995.0,6826.0,,4258595.0,32713.0,,2868619.0,KmetCo00,cole-kmet-1,14436.0,,569.0,32713.0,0.0,21772.0,1066765.0,Cole Kmet,cole kmet,3,4,57.0,0,0.0,0.0,33.0,29.0,2.0,3.9372983,0,1.7272727,0.14285715,0.16666667,0.33095238,,,,,,,,,,,,,,,,,REG,CHI,CAR,Cole Kmet,KmetCo00,0.0,0.0,0.0,116.7
2024,REG,5,00-0034270,T.Conklin,TE,TE,NYJ,13675,f0d17dfa-ebf3-416c-a8d2-c6bc30675103,17598.0,47327.0,5133.0,,3915486.0,31220.0,,2165249.0,ConkTy00,tyler-conklin-1,12809.0,13220.0,489.0,31127.0,861278.0,19988.0,861278.0,Tyler Conklin,tyler conklin,6,9,55.0,0,0.0,0.0,40.0,34.0,2.0,0.6200876,0,1.375,0.1764706,0.102827765,0.33668533,Tyler Conklin,NYJ,6.307142857142856,4.99969178545199,4.663333333333332,11.148890954974094,66.66666666666666,55.0,0.0,6.686666666666667,5.811573870178999,0.8750927964876682,00-0034270,Tyler,Conklin,T.Conklin,REG,NYJ,MIN,Tyler Conklin,ConkTy00,0.0,1.0,0.111,83.1
2024,REG,5,00-0034753,M.Andrews,TE,TE,BAL,13671,0618f387-9b72-4270-8b8f-dec4cccc9e4a,17269.0,47436.0,5012.0,,3116365.0,31056.0,,2131121.0,AndrMa00,mark-andrews-1,12559.0,13182.0,366.0,31056.0,820699.0,19803.0,820699.0,Mark Andrews,mark andrews,4,5,55.0,0,0.0,0.0,49.0,19.0,3.0,4.1717,0,1.1224489,0.12195122,0.12827225,0.27271742,Mark Andrews,BAL,6.590000000000001,5.121825558570679,9.169999999999998,11.741056567053338,80.0,55.0,0.0,5.610000000000003,4.375212131383336,1.2347878686166673,00-0034753,Mark,Andrews,M.Andrews,REG,BAL,CIN,Mark Andrews,AndrMa00,0.0,0.0,0.0,112.5
2024,REG,5,00-0037744,T.McBride,TE,TE,ARI,15794,734d54cc-c869-4e2f-a60f-c59c493f5110,22936.0,,8130.0,,4361307.0,34010.0,,2963385.0,McBrTr01,trey-mcbride-1,15902.0,,1253.0,34010.0,0.0,,1108161.0,Trey McBride,trey mcbride,6,9,53.0,0,0.0,0.0,59.0,26.0,2.0,-0.90047604,0,0.89830506,0.3,0.26576576,0.63603604,Trey McBride,ARI,5.486,3.5275602966662283,6.235555555555558,25.068119891008177,66.66666666666666,53.0,0.0,4.556666666666665,4.205779606622627,0.35088706004403747,00-0037744,Trey,McBride,T.McBride,REG,ARI,SF,Trey McBride,McBrTr01,0.0,0.0,0.0,82.2
2024,REG,5,00-0036244,C.Parkinson,TE,TE,LA,14871,1ea7affb-e5e7-491a-aaa3-55e200b2eb48,19372.0,52266.0,6865.0,,4242557.0,32803.0,,2867522.0,ParkCo02,colby-parkinson-1,14463.0,,565.0,32803.0,0.0,21807.0,1060312.0,Colby Parkinson,colby parkinson,7,13,52.0,0,0.0,0.0,82.0,18.0,1.0,-5.5702906,0,0.63414633,0.2888889,0.22343324,0.5897366,Colby Parkinson,LAR,9.072222222222223,2.6926277055010455,7.198461538461539,25.372122658135176,53.84615384615385,52.0,0.0,2.7514285714285713,3.783954580128693,-1.0325260087001218,00-0036244,Colby,Parkinson,C.Parkinson,REG,LA,GB,Colby Parkinson,ParkCo02,0.0,0.0,0.0,63.6
2024,REG,5,00-0039847,T.Johnson,TE,TE,NYG,16649,a5d4bb1d-c130-47c2-808a-2dd1f85005fb,23104.0,,11597.0,,4429148.0,41003.0,,3162129.0,JohnTh00,theo-johnson-1,17021.0,,1620.0,41003.0,0.0,,1214414.0,Theo Johnson,theo johnson,5,5,48.0,0,0.0,0.0,24.0,24.0,2.0,2.7775807,0,2.0,0.16129032,0.14117648,0.340759,Theo Johnson,NYG,4.42,4.049446860467023,3.9640000000000013,12.788746935088401,100.0,48.0,0.0,5.635999999999998,6.322849802223755,-0.6868498022237564,00-0039847,Theodore,Johnson,T.Johnson,REG,NYG,SEA,Theo Johnson,JohnTh00,0.0,0.0,0.0,106.7
2024,REG,5,00-0038129,C.Otton,TE,TE,TB,15802,f23517bd-ae85-484a-8ecb-1f7a2d851e48,23181.0,,8111.0,,4243331.0,34062.0,,2815179.0,OttoCa00,cade-otton-1,16032.0,,1261.0,34062.0,0.0,,1049263.0,Cade Otton,cade otton,3,4,44.0,0,0.0,0.0,9.0,38.0,2.0,2.8535764,0,4.888889,0.16666667,0.07438017,0.30206612,,,,,,,,,,,,,,,,,REG,TB,ATL,Cade Otton,OttoCa00,0.0,1.0,0.25,110.4
2024,REG,5,00-0033217,M.Alie-Cox,TE,TE,IND,13246,8809c0dd-786b-4255-a7d0-333c9498c19a,16579.0,12078.0,4054.0,moalie-cox/2558832,2998565.0,30112.0,,2815925.0,AlieMo00,,12196.0,12221.0,195.0,30112.0,712506.0,18900.0,712506.0,Mo Alie-Cox,mo alie-cox,2,4,37.0,1,0.0,0.0,50.0,9.0,2.0,4.01709,0,0.74,0.08888889,0.14577259,0.23537415,,,,,,,,,,,,,,,,,REG,IND,JAX,Mo Alie-Cox,AlieMo00,0.0,0.0,0.0,121.9
2024,REG,5,00-0034383,D.Schultz,TE,TE,HOU,13772,8caec1b4-e0b6-4a84-b8c8-617d6e91ef6a,17349.0,47304.0,5001.0,,3117256.0,31107.0,,2136748.0,SchuDa00,dalton-schultz-1,12514.0,13198.0,487.0,31107.0,830523.0,19920.0,830523.0,Dalton Schultz,dalton schultz,4,6,34.0,0,0.0,0.0,42.0,14.0,2.0,-1.1177787,0,0.8095238,0.17142858,0.19444445,0.39325398,Dalton Schultz,HOU,5.213333333333334,3.778026430574433,6.491666666666668,19.949805367752514,66.66666666666666,34.0,0.0,3.612499999999999,4.53156282471223,-0.9190628247122312,00-0034383,Dalton,Schultz,D.Schultz,REG,HOU,BUF,Dalton Schultz,SchuDa00,0.0,1.0,0.167,81.2
2024,REG,5,00-0038933,D.Kincaid,TE,TE,BUF,16213,b961fa15-0676-4948-b95f-56d06319d40e,25247.0,,10236.0,,4385690.0,40048.0,,2982991.0,KincDa00,dalton-kincaid-1,16697.0,,1428.0,40048.0,0.0,,1135513.0,Dalton Kincaid,dalton kincaid,2,6,34.0,0,0.0,0.0,98.0,21.0,1.0,-0.74430496,0,0.3469388,0.20689656,0.2752809,0.50304145,Dalton Kincaid,BUF,3.5760000000000005,3.444389316866559,16.641666666666666,27.532675233000603,33.33333333333333,34.0,0.0,10.329999999999998,11.674089210729107,-1.3440892107291091,00-0038933,Dalton,Kincaid,D.Kincaid,REG,BUF,HOU,Dalton Kincaid,KincDa00,0.0,2.0,0.333,53.5
2024,REG,5,00-0033090,H.Henry,TE,TE,NE,12676,705899da-3c20-4bc3-b5d0-2e6e40655131,15561.0,10669.0,3214.0,,3046439.0,29269.0,,2079848.0,HenrHu00,hunter-henry-1,10735.0,11299.0,212.0,29269.0,744425.0,17975.0,744425.0,Hunter Henry,hunter henry,2,4,32.0,0,0.0,0.0,50.0,3.0,1.0,-4.5539966,0,0.64,0.13333334,0.19762845,0.33833992,,,,,,,,,,,,,,,,,REG,NE,MIA,Hunter Henry,HenrHu00,0.0,0.0,0.0,77.1
2024,REG,5,00-0033246,J.Mundt,TE,TE,MIN,13940,6414998b-5831-44aa-8bd8-39e42a323c2c,16743.0,12206.0,4314.0,,3052096.0,30373.0,,2818622.0,MundJo00,,12316.0,12525.0,,30373.0,740704.0,19165.0,740704.0,Johnny Mundt,johnny mundt,2,2,31.0,0,0.0,0.0,21.0,10.0,2.0,3.3447556,0,1.4761904,0.071428575,0.052238807,0.14371002,,,,,,,,,,,,,,,,,REG,MIN,NYJ,Johnny Mundt,MundJo00,0.0,0.0,0.0,118.7
2024,REG,5,00-0034829,M.Gesicki,TE,TE,CIN,13672,1012cbe0-7eba-4169-bfca-183a0204e1a7,17272.0,47153.0,4993.0,,3116164.0,31012.0,,2139298.0,GesiMi00,mike-gesicki-1,12764.0,13104.0,330.0,31012.0,836152.0,19853.0,836152.0,Mike Gesicki,mike gesicki,2,2,31.0,0,0.0,0.0,29.0,2.0,2.0,3.6946638,0,1.0689656,0.051282052,0.09006211,0.13996656,,,,,,,,,,,,,,,,,REG,CIN,BAL,Mike Gesicki,GesiMi00,0.0,0.0,0.0,118.7
2024,REG,5,00-0036040,J.Johnson,TE,TE,NO,14861,0226b03b-f91d-4223-9813-9fcd2e9c3acc,19562.0,28305.0,7002.0,,3929645.0,33113.0,,2186637.0,JohnJu02,,14630.0,,575.0,33113.0,0.0,21738.0,884609.0,Juwan Johnson,juwan johnson,5,5,31.0,0,0.0,0.0,20.0,11.0,2.0,1.4544317,0,1.55,0.15625,0.048309177,0.26819143,Juwan Johnson,NO,6.4275,3.491459086915813,3.906,4.998080614203455,100.0,31.0,0.0,2.2939999999999996,2.912918271039962,-0.6189182710399623,00-0036040,Juwan,Johnson,J.Johnson,REG,NO,KC,Juwan Johnson,JohnJu02,0.0,0.0,0.0,92.5
2024,REG,5,00-0036637,N.Gray,TE,TE,KC,15337,c97dfcb6-b999-476f-8487-f3848e92df17,19539.0,60878.0,7828.0,,4240472.0,33550.0,,2866903.0,GrayNo00,noah-gray-1,15459.0,,1059.0,33550.0,0.0,,1056981.0,Noah Gray,noah gray,2,2,29.0,0,0.0,0.0,8.0,21.0,2.0,1.883283,0,3.625,0.05882353,0.053691275,0.12581919,,,,,,,,,,,,,,,,,REG,KC,NO,Noah Gray,GrayNo00,0.0,0.0,0.0,118.7
2024,REG,5,00-0035644,N.Fant,TE,TE,SEA,14137,cdc98acc-9eb6-4b44-81bb-61d7b8a3b55f,17527.0,42388.0,5857.0,,4036131.0,31852.0,,2251095.0,FantNo00,noah-fant-1,13426.0,14050.0,243.0,31852.0,923911.0,20753.0,923911.0,Noah Fant,noah fant,3,3,24.0,0,0.0,0.0,14.0,10.0,1.0,1.2625762,0,1.7142857,0.07692308,0.07106599,0.16513081,,,,,,,,,,,,,,,,,REG,SEA,NYG,Noah Fant,FantNo00,0.0,0.0,0.0,100.0
2024,REG,5,00-0038935,B.Strange,TE,TE,JAX,16269,94f135f7-9d54-4cbd-b560-fcaf83d414b0,25345.0,,9480.0,,4430539.0,40078.0,,3121696.0,StraBr00,brenton-strange-1,17017.0,,1461.0,40078.0,0.0,,1164940.0,Brenton Strange,brenton strange,4,4,24.0,1,0.0,0.0,15.0,9.0,2.0,2.5637465,0,1.6,0.11764706,0.06666667,0.22313726,,,,,,,,,,,,,,,,,REG,JAX,IND,Brenton Strange,StraBr00,0.0,0.0,0.0,131.2
2024,REG,5,00-0037304,C.Heyward,TE,TE,PIT,15800,62e96d7c-e4dd-4a90-8c3a-8017eb69120d,24562.0,,8181.0,,4241961.0,34163.0,,2867599.0,HeywCo00,connor-heyward-1,15916.0,,,34163.0,0.0,,1057457.0,Connor Heyward,connor heyward,2,4,23.0,1,0.0,0.0,52.0,5.0,1.0,0.61619824,0,0.44230768,0.15384616,0.18705036,0.36170447,,,,,,,,,,,,,,,,,REG,PIT,DAL,Connor Heyward,HeywCo00,0.0,2.0,0.5,107.3
2024,REG,5,00-0033895,G.Everett,TE,TE,CHI,13236,ebeceb00-57e0-4b74-9cf7-853da2afed18,16459.0,11799.0,4089.0,,3918639.0,30157.0,,2142692.0,EverGe00,gerald-everett-1,11737.0,12284.0,55.0,30157.0,838487.0,18935.0,838487.0,Gerald Everett,gerald everett,2,2,22.0,0,0.0,0.0,5.0,17.0,1.0,2.3605685,0,4.4,0.071428575,0.025252525,0.12481962,,,,,,,,,,,,,,,,,REG,CHI,CAR,Gerald Everett,EverGe00,1.0,0.0,0.0,112.5
2024,REG,5,00-0034364,J.Akins,TE,TE,CLE,13753,0cb5a32a-a340-4671-ba2a-93f5fa6aee8d,17415.0,47050.0,5032.0,,3128452.0,31068.0,,2142712.0,AkinJo00,jordan-akins-1,12568.0,13238.0,,31068.0,838396.0,19903.0,838396.0,Jordan Akins,jordan akins,3,3,22.0,1,0.0,0.0,8.0,14.0,2.0,4.6905007,0,2.75,0.10714286,0.03265306,0.18357143,,,,,,,,,,,,,,,,,REG,CLE,WAS,Jordan Akins,AkinJo00,0.0,0.0,0.0,136.8
2024,REG,5,00-0036894,P.Freiermuth,TE,TE,PIT,15331,04f0fefe-9d9d-44f5-94ea-6df2a42df3c6,20163.0,84085.0,7600.0,,4361411.0,33443.0,,2961270.0,FreiPa00,pat-freiermuth-1,15267.0,,1053.0,33443.0,0.0,,1116662.0,Pat Freiermuth,pat freiermuth,3,3,22.0,1,1.0,1.0,12.0,10.0,2.0,2.651359,0,1.8333334,0.115384616,0.043165468,0.20329276,,,,,,,,,,,,,,,,,REG,PIT,DAL,Pat Freiermuth,FreiPa00,2.0,0.0,0.0,136.8
2024,REG,5,00-0039530,B.Spann-Ford,TE,TE,DAL,16647,efc8d800-072b-11ef-892f-5b772aae3c25,26003.0,,11593.0,,4360967.0,41371.0,,2961760.0,,,17908.0,,,41371.0,0.0,,1108202.0,Brevyn Spann-Ford,brevyn spann-ford,2,3,20.0,0,0.0,0.0,24.0,12.0,1.0,1.2185029,0,0.8333333,0.07317073,0.08391608,0.16849735,,,,,,,,,,,,,,,,,,,,,,,,,
2024,REG,5,00-0036422,A.Trautman,TE,TE,DEN,14870,4e14183b-f974-4745-9d7f-8f5eb2a92a7d,19423.0,109795.0,6869.0,,3911853.0,32775.0,,2182228.0,TrauAd00,,14541.0,,566.0,32775.0,0.0,21786.0,875444.0,Adam Trautman,adam trautman,1,1,19.0,0,0.0,0.0,4.0,15.0,1.0,2.0105855,0,4.75,0.03846154,0.027777778,0.077136755,,,,,,,,,,,,,,,,,REG,DEN,LV,Adam Trautman,TrauAd00,0.0,0.0,0.0,118.7
2024,REG,5,00-0036887,L.Farrell,TE,TE,JAX,15335,8a1f0e8e-6521-4a94-9934-ad4f76a25fd9,19501.0,42353.0,7842.0,,4040612.0,33533.0,,2260977.0,FarrLu00,luke-farrell-1,15566.0,,,33533.0,0.0,,946541.0,Luke Farrell,luke farrell,2,2,17.0,0,0.0,0.0,11.0,6.0,1.0,1.131065,0,1.5454545,0.05882353,0.04888889,0.12245752,,,,,,,,,,,,,,,,,REG,JAX,IND,Luke Farrell,FarrLu00,0.0,0.0,0.0,102.1
2024,REG,5,00-0037004,H.Long,TE,TE,LA,15334,ebc576d0-a98b-4f82-aaf9-901a3911487d,22783.0,60859.0,7535.0,,4239944.0,33469.0,,2867428.0,LongHu00,hunter-long-3,15246.0,,1056.0,33469.0,0.0,,1060550.0,Hunter Long,hunter long,2,2,16.0,0,0.0,0.0,7.0,9.0,0.0,0.48835278,0,2.2857144,0.044444446,0.01907357,0.08001816,,,,,,,,,,,,,,,,,REG,LA,GB,Hunter Long,LongHu00,0.0,0.0,0.0,100.0
2024,REG,5,00-0033885,D.Njoku,TE,TE,CLE,13192,8f86fcea-90e8-49ea-bc78-5c7659313e57,16399.0,11784.0,4033.0,,3123076.0,30142.0,,2136474.0,NjokDa00,david-njoku-1,11734.0,12186.0,252.0,30142.0,832098.0,18876.0,832098.0,David Njoku,david njoku,1,3,14.0,0,0.0,0.0,22.0,14.0,1.0,-0.51867795,0,0.6363636,0.10714286,0.08979592,0.22357143,,,,,,,,,,,,,,,,,REG,CLE,WAS,David Njoku,NjokDa00,0.0,0.0,0.0,49.3
2024,REG,5,00-0034981,F.Moreau,TE,TE,NO,14239,9c3a67fd-5c6e-4689-9e08-9ff6d4db6c9a,18397.0,47043.0,5985.0,,3843945.0,31969.0,,2180634.0,MoreFo00,foster-moreau-1,13822.0,14154.0,179.0,31969.0,865573.0,20884.0,865573.0,Foster Moreau,foster moreau,2,2,13.0,1,0.0,0.0,11.0,2.0,2.0,3.6924722,0,1.1818181,0.0625,0.026570048,0.11234903,,,,,,,,,,,,,,,,,REG,NO,KC,Foster Moreau,MoreFo00,0.0,0.0,0.0,133.3
2024,REG,5,00-0037838,I.Likely,TE,TE,BAL,15798,f9279edb-cfa7-4f7d-91df-b81cbf3e133e,23781.0,,8131.0,,4361050.0,34095.0,,2961906.0,LikeIs00,isaiah-likely-1,16033.0,,1257.0,34095.0,0.0,,1125111.0,Isaiah Likely,isaiah likely,3,3,13.0,2,0.0,0.0,4.0,9.0,2.0,3.2146087,0,3.25,0.07317073,0.010471204,0.11708594,,,,,,,,,,,,,,,,,REG,BAL,CIN,Isaiah Likely,LikeIs00,0.0,0.0,0.0,124.3
2024,REG,5,00-0039356,J.Sanders,TE,TE,CAR,16643,ffd2ff3f-4b56-4232-be8e-bf163c29f406,24334.0,,11600.0,,4431588.0,40995.0,,26731381.0,SandJa01,jatavion-sanders-1,17748.0,,1614.0,40995.0,0.0,,1326628.0,Ja'Tavion Sanders,jatavion sanders,3,5,13.0,0,0.0,0.0,9.0,10.0,1.0,-1.1134975,0,1.4444444,0.15151516,0.03557312,0.2521739,Ja'Tavion Sanders,CAR,6.776666666666666,5.109684300681568,1.666000000000001,3.399306264027752,60.0,13.0,0.0,3.3266666666666667,6.844671575578407,-3.5180049089117404,00-0039356,Ja'Tavion,Sanders,J.Sanders,REG,CAR,CHI,Ja'Tavion Sanders,SandJa01,0.0,1.0,0.2,64.6
2024,REG,5,00-0039793,A.Barner,TE,TE,SEA,16723,e96127b4-d381-43d4-b0ae-8790c706756f,26335.0,,11603.0,,4576297.0,41001.0,,3169283.0,BarnAJ00,aj-barner-1,17811.0,,1629.0,41001.0,0.0,,1229503.0,AJ Barner,aj barner,1,1,13.0,0,0.0,0.0,7.0,6.0,1.0,0.6924996,0,1.8571428,0.025641026,0.035532996,0.06333464,,,,,,,,,,,,,,,,,REG,SEA,NYG,AJ Barner,BarnAJ00,0.0,0.0,0.0,118.7
2024,REG,5,00-0030061,Z.Ertz,TE,TE,WAS,11247,de3421f7-2147-4835-89a5-724e87bad463,11689.0,7816.0,1339.0,zachertz/2540158,15835.0,26658.0,,1685963.0,ErtzZa00,zach-ertz-1,8781.0,8409.0,305.0,26658.0,503177.0,14856.0,503177.0,Zach Ertz,zach ertz,2,8,10.0,0,0.0,0.0,70.0,1.0,0.0,-8.837565,0,0.14285715,0.2962963,0.22950819,0.60510015,Zach Ertz,WAS,5.694285714285714,3.0780150677013562,8.41,22.072766641514384,25.0,10.0,0.0,0.8149999999999977,1.0203756917921396,-0.20537569179214188,00-0030061,Zachary,Ertz,Z.Ertz,REG,WAS,CLE,Zach Ertz,ErtzZa00,0.0,1.0,0.125,0.0
2024,REG,5,00-0039814,E.All,TE,TE,CIN,16645,5523779b-db60-4158-b232-8391bc7db65b,23837.0,,11592.0,,4427834.0,40989.0,,3121555.0,AllxEr00,erick-all-1,17696.0,,1616.0,40989.0,0.0,,1164533.0,Erick All,erick all,2,2,10.0,0,0.0,0.0,2.0,8.0,0.0,-0.23671848,0,5.0,0.051282052,0.0062111802,0.0812709,,,,,,,,,,,,,,,,,REG,CIN,BAL,Erick All,AllxEr00,0.0,0.0,0.0,87.5
2024,REG,5,00-0032392,A.Hooper,TE,TE,NE,12677,90c2a93f-d837-4e1b-b57c-56648903a8db,15581.0,10715.0,3202.0,,3043275.0,29315.0,,2067004.0,HoopAu00,austin-hooper-1,10748.0,11301.0,384.0,29315.0,739424.0,17963.0,739424.0,Austin Hooper,austin hooper,1,3,9.0,0,0.0,0.0,24.0,4.0,0.0,-1.2660571,0,0.375,0.1,0.09486166,0.21640316,,,,,,,,,,,,,,,,,REG,NE,MIA,Austin Hooper,HoopAu00,0.0,1.0,0.333,42.4
2024,REG,5,00-0038547,L.Schoonmaker,TE,TE,DAL,16221,143957a7-4649-4a19-b351-e606edc75ebd,25267.0,,10871.0,,4372096.0,40061.0,,2968473.0,SchoLu00,luke-schoonmaker-1,16855.0,,1382.0,40061.0,0.0,,1130242.0,Luke Schoonmaker,luke schoonmaker,1,2,8.0,0,0.0,0.0,8.0,0.0,0.0,-0.5001276,0,1.0,0.048780486,0.027972028,0.09275115,,,,,,,,,,,,,,,,,REG,DAL,PIT,Luke Schoonmaker,SchoLu00,0.0,0.0,0.0,60.4
2024,REG,5,00-0038783,N.Adkins,TE,TE,DEN,16474,bcd0ae60-f31c-11ed-819c-fd03d0cc2698,25881.0,,11433.0,,4383440.0,40702.0,,2977285.0,AdkiNa00,,16992.0,,,40702.0,0.0,,1132517.0,Nate Adkins,nate adkins,1,1,8.0,0,0.0,0.0,5.0,3.0,0.0,0.4188546,0,1.6,0.03846154,0.034722224,0.081997864,,,,,,,,,,,,,,,,,REG,DEN,LV,Nate Adkins,AdkiNa00,0.0,0.0,0.0,100.0
2024,REG,5,00-0033439,P.Brown,TE,TE,SEA,13994,6733b953-de77-44e5-acbf-c2d3a0940243,16937.0,12247.0,4443.0,,2971281.0,30627.0,,2819155.0,BrowPh01,,11887.0,12737.0,,30627.0,689689.0,19304.0,689689.0,Pharaoh Brown,pharaoh brown,1,1,7.0,0,0.0,0.0,5.0,2.0,0.0,0.28720394,0,1.4,0.025641026,0.02538071,0.056228034,,,,,,,,,,,,,,,,,REG,SEA,NYG,Pharaoh Brown,BrowPh01,0.0,0.0,0.0,95.8
2024,REG,5,00-0037005,T.Tremble,TE,TE,CAR,15332,cbee2fd3-e5f2-4316-bffd-531f1873f032,22795.0,84025.0,7694.0,,4372780.0,33471.0,,2969027.0,TremTo00,tommy-tremble-1,15371.0,,1054.0,33471.0,0.0,,1130555.0,Tommy Tremble,tommy tremble,1,2,7.0,0,1.0,1.0,6.0,6.0,0.0,-4.2922444,0,1.1666666,0.060606062,0.023715414,0.10750988,,,,,,,,,,,,,,,,,REG,CAR,CHI,Tommy Tremble,TremTo00,0.0,0.0,0.0,58.3
2024,REG,5,00-0038394,W.Mallory,TE,TE,IND,16220,5d4a5e4f-7c74-4b4c-b8e5-33bb831e3057,23821.0,,10220.0,,4362523.0,40180.0,,2962073.0,MallWi00,will-mallory-1,17014.0,,1435.0,,0.0,,1121873.0,Will Mallory,will mallory,1,1,7.0,0,0.0,0.0,7.0,0.0,1.0,1.1215346,0,1.0,0.022222223,0.020408163,0.04761905,,,,,,,,,,,,,,,,,REG,IND,JAX,Will Mallory,MallWi00,0.0,0.0,0.0,95.8
2024,REG,5,00-0039359,C.Stover,TE,TE,HOU,16642,559d5222-0403-4a14-94c7-c7bd5072c939,25269.0,,11599.0,,4426496.0,40987.0,,3125978.0,StovCa00,cade-stover-1,17794.0,,1613.0,40987.0,0.0,,1175182.0,Cade Stover,cade stover,2,2,6.0,0,0.0,0.0,4.0,2.0,0.0,-0.98785096,0,1.5,0.057142857,0.018518519,0.09867725,,,,,,,,,,,,,,,,,REG,HOU,BUF,Cade Stover,StovCa00,0.0,0.0,0.0,79.2
2024,REG,5,00-0035547,J.Fortson,TE,TE,KC,15070,a01ffd42-5fdb-42f8-95ab-157025e3fba8,18831.0,94384.0,6665.0,,4408854.0,32600.0,,3117124.0,FortJo01,,14306.0,,,32600.0,0.0,21383.0,1167484.0,Jody Fortson,jody fortson,1,1,5.0,0,0.0,0.0,3.0,2.0,1.0,0.31281838,0,1.6666666,0.029411765,0.020134227,0.058211606,,,,,,,,,,,,,,,,,REG,KC,NO,Jody Fortson,FortJo01,0.0,0.0,0.0,87.5
2024,REG,5,00-0037292,A.Ogletree,TE,TE,IND,15916,59f460a8-b5af-40e6-840c-429762b278b3,24561.0,,8489.0,,4722908.0,34148.0,,2672594.0,OgleAn00,,16277.0,,1315.0,34148.0,0.0,,1271740.0,Andrew Ogletree,andrew ogletree,1,1,5.0,0,0.0,0.0,5.0,0.0,0.0,-0.13382754,0,1.0,0.022222223,0.014577259,0.043537416,,,,,,,,,,,,,,,,,REG,IND,JAX,Andrew Ogletree,OgleAn00,0.0,0.0,0.0,87.5
2024,REG,5,00-0037539,L.Krull,TE,TE,DEN,15970,767b4820-cc9f-11ec-952e-a10f2c98fc4d,24240.0,,8249.0,,4360231.0,34654.0,,2961761.0,KrulLu00,,16259.0,,1328.0,34654.0,0.0,,1122323.0,Lucas Krull,lucas krull,1,1,5.0,0,0.0,0.0,1.0,4.0,0.0,-0.20842558,0,5.0,0.03846154,0.0069444445,0.06255342,,,,,,,,,,,,,,,,,REG,DEN,LV,Lucas Krull,KrulLu00,0.0,0.0,0.0,87.5
2024,REG,5,00-0038558,D.Washington,TE,TE,PIT,16216,1984b8b5-d206-4d6a-8204-c5dd0160e9f5,22967.0,,9479.0,,4430802.0,40094.0,,3163963.0,WashDa03,darnell-washington-1,16889.0,,1431.0,40094.0,0.0,,1218658.0,Darnell Washington,darnell washington,1,2,5.0,0,0.0,0.0,30.0,0.0,0.0,-0.23697595,0,0.16666667,0.07692308,0.107913665,0.19092418,,,,,,,,,,,,,,,,,REG,PIT,DAL,Darnell Washington,WashDa03,0.0,0.0,0.0,56.2
2024,REG,5,00-0039737,T.Reiman,TE,TE,ARI,16706,44767e85-080f-4212-b2f2-cba160c81a9f,26432.0,,11716.0,,4696700.0,40959.0,,3169268.0,ReimTi00,tip-reiman-1,17966.0,,1628.0,40959.0,0.0,,1229489.0,Tip Reiman,tip reiman,1,1,5.0,0,0.0,0.0,2.0,3.0,0.0,-0.13267516,0,2.5,0.033333335,0.009009009,0.056306306,,,,,,,,,,,,,,,,,REG,ARI,SF,Tip Reiman,ReimTi00,1.0,0.0,0.0,87.5
2024,REG,5,00-0036332,J.Deguara,TE,TE,JAX,14876,7874d188-0fcd-4af9-9289-27c27e2bbd16,19456.0,47034.0,7050.0,,3914151.0,32764.0,,2181108.0,DeguJo00,josiah-deguara-1,14629.0,,,32764.0,0.0,21798.0,866149.0,Josiah Deguara,josiah deguara,1,1,2.0,0,0.0,0.0,-2.0,4.0,0.0,-0.21920353,0,0.0,0.029411765,-0.008888889,0.037895426,,,,,,,,,,,,,,,,,REG,JAX,IND,Josiah Deguara,DeguJo00,0.0,0.0,0.0,79.2
2024,REG,5,00-0039041,E.Higgins,TE,TE,ARI,16333,a01b7698-d67f-4b60-b2fb-4c667336b718,23119.0,,10231.0,,4426844.0,40226.0,,3122914.0,HiggEl00,elijah-higgins-1,16959.0,,1469.0,40226.0,0.0,,1161853.0,Elijah Higgins,elijah higgins,1,1,2.0,1,0.0,0.0,2.0,0.0,1.0,0.8034074,0,1.0,0.033333335,0.009009009,0.056306306,,,,,,,,,,,,,,,,,REG,ARI,SF,Elijah Higgins,HiggEl00,0.0,0.0,0.0,118.7
2024,REG,5,00-0034798,D.Smythe,TE,TE,MIA,13676,7e42a22a-c47b-4387-aeeb-2cc2e76dc1d8,17508.0,47257.0,5008.0,,3052897.0,31093.0,,2082845.0,SmytDu00,durham-smythe-1,12807.0,13249.0,,31093.0,749968.0,19943.0,749968.0,Durham Smythe,durham smythe,0,1,0.0,0,0.0,0.0,24.0,0.0,0.0,-0.51025116,0,0.0,0.032258064,0.08391608,0.10712835,,,,,,,,,,,,,,,,,REG,MIA,NE,Durham Smythe,SmytDu00,0.0,0.0,0.0,39.6
2024,REG,5,00-0039074,D.Allen,TE,TE,LA,16219,02a77d8c-3b89-4a61-86a2-0c005c1e589a,23761.0,,10214.0,,4426553.0,40164.0,,3123267.0,AlleDa02,davis-allen-1,17030.0,,1434.0,40164.0,0.0,,1161664.0,Davis Allen,davis allen,0,1,0.0,0,0.0,0.0,-5.0,0.0,0.0,-0.46654126,0,0.0,0.022222223,-0.013623978,0.023796549,,,,,,,,,,,,,,,,,REG,LA,GB,Davis Allen,AlleDa02,0.0,0.0,0.0,39.6
2024,REG,6,00-0033881,E.Engram,TE,TE,JAX,13189,e21365af-8d66-416e-b0a5-8816d18fcfd9,16411.0,11778.0,4066.0,,3051876.0,30136.0,,2079887.0,EngrEv00,evan-engram-1,11805.0,12205.0,229.0,30136.0,749185.0,18912.0,749185.0,Evan Engram,evan engram,10,10,102.0,0,1.0,1.0,58.0,44.0,4.0,0.8920959,0,1.7586207,0.2857143,0.19727892,0.56666666,Evan Engram,JAX,9.181666666666667,4.247728068093322,4.899999999999999,15.956234328698423,100.0,102.0,0.0,5.226000000000001,7.427303366641979,-2.2013033666419783,00-0033881,Evan,Engram,E.Engram,REG,JAX,CHI,Evan Engram,EngrEv00,0.0,0.0,0.0,109.2
2024,REG,6,00-0037744,T.McBride,TE,TE,ARI,15794,734d54cc-c869-4e2f-a60f-c59c493f5110,22936.0,,8130.0,,4361307.0,34010.0,,2963385.0,McBrTr01,trey-mcbride-1,15902.0,,1253.0,34010.0,0.0,,1108161.0,Trey McBride,trey mcbride,8,8,96.0,0,0.0,0.0,66.0,30.0,5.0,7.8789144,0,1.4545455,0.25,0.34375,0.615625,Trey McBride,ARI,6.8575,4.391294453680583,7.859999999999999,35.533453887884264,100.0,96.0,0.0,4.140000000000001,4.088343279463476,0.05165672053652415,00-0037744,Trey,McBride,T.McBride,REG,ARI,GB,Trey McBride,McBrTr01,0.0,0.0,0.0,116.7
2024,REG,6,00-0039338,B.Bowers,TE,TE,LV,16641,ad9fc7e3-0a6d-4e41-84c2-cf43b71aee13,22955.0,,11604.0,,4432665.0,40878.0,,26693971.0,BoweBr01,brock-bowers-1,17693.0,,1612.0,40878.0,0.0,,1285917.0,Brock Bowers,brock bowers,9,10,71.0,0,0.0,0.0,53.0,45.0,2.0,-0.9046069,0,1.3396226,0.27027026,0.28961748,0.60813767,Brock Bowers,LV,6.137,3.0711182179118137,4.5520000000000005,27.463046757164406,90.0,71.0,0.0,5.231111111111111,4.12460708864819,1.1065040224629206,00-0039338,Brock,Bowers,B.Bowers,REG,LV,PIT,Brock Bowers,BoweBr01,2.0,0.0,0.0,56.7
2024,REG,6,00-0036290,C.Kmet,TE,TE,CHI,14867,036feeb6-9a22-43c5-a8e3-7ac611d8ff49,19229.0,60995.0,6826.0,,4258595.0,32713.0,,2868619.0,KmetCo00,cole-kmet-1,14436.0,,569.0,32713.0,0.0,21772.0,1066765.0,Cole Kmet,cole kmet,5,5,70.0,2,0.0,0.0,27.0,43.0,3.0,6.8817286,0,2.5925925,0.1923077,0.26213592,0.47195667,Cole Kmet,CHI,6.193333333333334,6.536853109718884,5.8740000000000006,25.18867924528302,100.0,70.0,2.0,9.440000000000001,11.75248170974437,-2.312481709744368,00-0036290,Cole,Kmet,C.Kmet,REG,CHI,JAX,Cole Kmet,KmetCo00,1.0,0.0,0.0,158.3
2024,REG,6,00-0036970,K.Pitts,TE,TE,ATL,15329,1f3deb24-9ff8-4769-8f42-825eff7742f6,20164.0,83964.0,7553.0,,4360248.0,33392.0,,2964514.0,PittKy00,kyle-pitts-1,15265.0,,1051.0,33392.0,0.0,,1123026.0,Kyle Pitts,kyle pitts,3,5,70.0,0,0.0,0.0,43.0,43.0,2.0,3.560366,0,1.6279069,0.1724138,0.23626374,0.4240053,Kyle Pitts,ATL,3.758,3.4744295921776343,9.633999999999999,23.996214008169765,60.0,70.0,0.0,14.343333333333334,7.468540610349312,6.874792722984021,00-0036970,Kyle,Pitts,K.Pitts,REG,ATL,CAR,Kyle Pitts,PittKy00,0.0,0.0,0.0,104.2
2024,REG,6,00-0030061,Z.Ertz,TE,TE,WAS,11247,de3421f7-2147-4835-89a5-724e87bad463,11689.0,7816.0,1339.0,zachertz/2540158,15835.0,26658.0,,1685963.0,ErtzZa00,zach-ertz-1,8781.0,8409.0,305.0,26658.0,503177.0,14856.0,503177.0,Zach Ertz,zach ertz,4,5,68.0,0,0.0,0.0,46.0,19.0,4.0,6.6439466,0,1.4782609,0.15151516,0.17557251,0.3501735,Zach Ertz,WAS,8.129999999999999,4.149762843942975,9.996,18.429883107784214,80.0,68.0,0.0,5.459999999999999,7.789715075894492,-2.3297150758944927,00-0030061,Zachary,Ertz,Z.Ertz,REG,WAS,BAL,Zach Ertz,ErtzZa00,0.0,0.0,0.0,118.7
2024,REG,6,00-0037086,G.Calcaterra,TE,TE,PHI,15804,f6988cfa-2dcf-490b-ac80-9af8e4292efa,24180.0,,8177.0,,4241374.0,34154.0,,2804129.0,CalcGr00,grant-calcaterra-1,16039.0,,,34154.0,0.0,,976221.0,Grant Calcaterra,grant calcaterra,4,4,67.0,0,0.0,0.0,23.0,44.0,3.0,4.186144,0,2.9130435,0.16666667,0.093877554,0.3157143,,,,,,,,,,,,,,,,,REG,PHI,CLE,Grant Calcaterra,CalcGr00,0.0,0.0,0.0,118.7
2024,REG,6,00-0034753,M.Andrews,TE,TE,BAL,13671,0618f387-9b72-4270-8b8f-dec4cccc9e4a,17269.0,47436.0,5012.0,,3116365.0,31056.0,,2131121.0,AndrMa00,mark-andrews-1,12559.0,13182.0,366.0,31056.0,820699.0,19803.0,820699.0,Mark Andrews,mark andrews,3,4,66.0,1,0.0,0.0,56.0,17.0,3.0,-0.53464156,0,1.1785715,0.16,0.22950819,0.40065575,,,,,,,,,,,,,,,,,REG,BAL,WAS,Mark Andrews,AndrMa00,0.0,1.0,0.25,116.7
2024,REG,6,00-0035644,N.Fant,TE,TE,SEA,14137,cdc98acc-9eb6-4b44-81bb-61d7b8a3b55f,17527.0,42388.0,5857.0,,4036131.0,31852.0,,2251095.0,FantNo00,noah-fant-1,13426.0,14050.0,243.0,31852.0,923911.0,20753.0,923911.0,Noah Fant,noah fant,6,6,63.0,0,0.0,0.0,30.0,33.0,4.0,6.6441317,0,2.1,0.125,0.07334963,0.23884474,Noah Fant,SEA,4.903333333333333,7.072126905118966,4.503333333333334,6.123790313441969,100.0,63.0,0.0,5.996666666666666,6.552960476217815,-0.5562938095511489,00-0035644,Noah,Fant,N.Fant,REG,SEA,SF,Noah Fant,FantNo00,0.0,0.0,0.0,110.4
2024,REG,6,00-0033288,G.Kittle,TE,TE,SF,13299,2ada91b0-036e-454f-83c3-6d939ff584a9,16499.0,11901.0,4217.0,,3040151.0,30259.0,,2818265.0,KittGe00,george-kittle-1,11892.0,12276.0,298.0,30259.0,733672.0,19063.0,733672.0,George Kittle,george kittle,5,6,58.0,2,0.0,0.0,52.0,15.0,3.0,6.554491,0,1.1153846,0.22222222,0.26943004,0.5219344,George Kittle,SF,7.468333333333334,2.585753404221132,8.285000000000002,27.03099510603589,83.33333333333334,58.0,2.0,3.451999999999999,2.2247119333326055,1.2272880666673935,00-0033288,George,Kittle,G.Kittle,REG,SF,SEA,George Kittle,KittGe00,0.0,0.0,0.0,146.5
2024,REG,6,00-0034981,F.Moreau,TE,TE,NO,14239,9c3a67fd-5c6e-4689-9e08-9ff6d4db6c9a,18397.0,47043.0,5985.0,,3843945.0,31969.0,,2180634.0,MoreFo00,foster-moreau-1,13822.0,14154.0,179.0,31969.0,865573.0,20884.0,865573.0,Foster Moreau,foster moreau,2,2,54.0,0,0.0,0.0,31.0,23.0,2.0,4.028082,0,1.7419355,0.05263158,0.10130719,0.1498624,,,,,,,,,,,,,,,,,REG,NO,TB,Foster Moreau,MoreFo00,0.0,0.0,0.0,118.7
2024,REG,6,00-0039065,S.LaPorta,TE,TE,DET,16214,3059f1e5-1871-4458-9e90-9b9917874c61,22978.0,,10859.0,,4430027.0,40064.0,,3124197.0,LaPoSa01,sam-laporta-1,17033.0,,1429.0,40064.0,0.0,,1168926.0,Sam LaPorta,sam laporta,1,1,52.0,1,0.0,0.0,20.0,32.0,1.0,4.422428,0,2.6,0.037037037,0.075187966,0.10818713,,,,,,,,,,,,,,,,,REG,DET,DAL,Sam LaPorta,LaPoSa01,0.0,0.0,0.0,158.3
2024,REG,6,00-0038933,D.Kincaid,TE,TE,BUF,16213,b961fa15-0676-4948-b95f-56d06319d40e,25247.0,,10236.0,,4385690.0,40048.0,,2982991.0,KincDa00,dalton-kincaid-1,16697.0,,1428.0,40048.0,0.0,,1135513.0,Dalton Kincaid,dalton kincaid,6,7,51.0,0,0.0,0.0,33.0,40.0,3.0,1.5742185,0,1.5454545,0.3043478,0.16666667,0.5731884,Dalton Kincaid,BUF,7.040000000000002,3.7979245616951696,3.818571428571428,13.541033434650455,85.71428571428571,51.0,0.0,7.050000000000001,5.512067863596106,1.537932136403895,00-0038933,Dalton,Kincaid,D.Kincaid,REG,BUF,NYJ,Dalton Kincaid,KincDa00,0.0,0.0,0.0,97.0
2024,REG,6,00-0039356,J.Sanders,TE,TE,CAR,16643,ffd2ff3f-4b56-4232-be8e-bf163c29f406,24334.0,,11600.0,,4431588.0,40995.0,,26731381.0,SandJa01,jatavion-sanders-1,17748.0,,1614.0,40995.0,0.0,,1326628.0,Ja'Tavion Sanders,jatavion sanders,5,7,49.0,0,1.0,0.0,42.0,28.0,1.0,-0.8272636,0,1.1666666,0.1891892,0.16535433,0.3995318,Ja'Tavion Sanders,CAR,6.557499999999999,5.364158543845763,5.9628571428571435,16.074867133944394,71.42857142857143,49.0,0.0,5.572,4.3569413107115,1.2150586892885,00-0039356,Ja'Tavion,Sanders,J.Sanders,REG,CAR,ATL,Ja'Tavion Sanders,SandJa01,0.0,1.0,0.143,90.8
2024,REG,6,00-0036040,J.Johnson,TE,TE,NO,14861,0226b03b-f91d-4223-9813-9fcd2e9c3acc,19562.0,28305.0,7002.0,,3929645.0,33113.0,,2186637.0,JohnJu02,,14630.0,,575.0,33113.0,0.0,21738.0,884609.0,Juwan Johnson,juwan johnson,3,3,48.0,0,0.0,0.0,34.0,14.0,2.0,3.284311,0,1.4117647,0.078947365,0.11111111,0.19619884,,,,,,,,,,,,,,,,,REG,NO,TB,Juwan Johnson,JohnJu02,0.0,0.0,0.0,118.7
2024,REG,6,00-0033090,H.Henry,TE,TE,NE,12676,705899da-3c20-4bc3-b5d0-2e6e40655131,15561.0,10669.0,3214.0,,3046439.0,29269.0,,2079848.0,HenrHu00,hunter-henry-1,10735.0,11299.0,212.0,29269.0,744425.0,17975.0,744425.0,Hunter Henry,hunter henry,3,5,41.0,1,0.0,0.0,28.0,27.0,3.0,1.736666,0,1.4642857,0.16129032,0.11914894,0.32533973,Hunter Henry,NE,9.995000000000001,3.5025874128737144,6.789999999999999,16.768744443346833,60.0,41.0,1.0,9.196666666666667,11.318067534373768,-2.1214008677071003,00-0033090,Hunter,Henry,H.Henry,REG,NE,HOU,Hunter Henry,HenrHu00,1.0,0.0,0.0,125.8
2024,REG,6,00-0033217,M.Alie-Cox,TE,TE,IND,13246,8809c0dd-786b-4255-a7d0-333c9498c19a,16579.0,12078.0,4054.0,moalie-cox/2558832,2998565.0,30112.0,,2815925.0,AlieMo00,,12196.0,12221.0,195.0,30112.0,712506.0,18900.0,712506.0,Mo Alie-Cox,mo alie-cox,4,4,41.0,0,0.0,0.0,27.0,14.0,1.0,3.583807,0,1.5185186,0.11111111,0.083076924,0.22482051,,,,,,,,,,,,,,,,,REG,IND,TEN,Mo Alie-Cox,AlieMo00,0.0,0.0,0.0,109.4
2024,REG,6,00-0038809,B.Sims,TE,TE,GB,16483,cef32a80-e761-11ed-ac46-e3b4ebd723e5,25349.0,,11082.0,,4373030.0,40335.0,,2964709.0,SimsBe00,,17012.0,,,40335.0,0.0,,1129452.0,Ben Sims,ben sims,2,2,38.0,0,0.0,0.0,23.0,15.0,1.0,3.145065,0,1.6521739,0.06451613,0.12041885,0.18106739,,,,,,,,,,,,,,,,,REG,GB,ARI,Ben Sims,SimsBe00,0.0,0.0,0.0,118.7
2024,REG,6,00-0033885,D.Njoku,TE,TE,CLE,13192,8f86fcea-90e8-49ea-bc78-5c7659313e57,16399.0,11784.0,4033.0,,3123076.0,30142.0,,2136474.0,NjokDa00,david-njoku-1,11734.0,12186.0,252.0,30142.0,832098.0,18876.0,832098.0,David Njoku,david njoku,5,7,31.0,0,0.0,0.0,16.0,26.0,2.0,0.7022602,0,1.9375,0.3043478,0.12307692,0.5426756,David Njoku,CLE,6.558333333333334,3.0208786541399015,2.1442857142857146,11.952540213409781,71.42857142857143,31.0,0.0,5.366,4.202611838349822,1.163388161650178,00-0033885,David,Njoku,D.Njoku,REG,CLE,PHI,David Njoku,NjokDa00,1.0,0.0,0.0,80.1
2024,REG,6,00-0039847,T.Johnson,TE,TE,NYG,16649,a5d4bb1d-c130-47c2-808a-2dd1f85005fb,23104.0,,11597.0,,4429148.0,41003.0,,3162129.0,JohnTh00,theo-johnson-1,17021.0,,1620.0,41003.0,0.0,,1214414.0,Theo Johnson,theo johnson,3,3,30.0,0,0.0,0.0,11.0,19.0,1.0,0.66591674,0,2.7272727,0.083333336,0.04526749,0.15668724,,,,,,,,,,,,,,,,,REG,NYG,CIN,Theo Johnson,JohnTh00,0.0,0.0,0.0,108.3
2024,REG,6,00-0034383,D.Schultz,TE,TE,HOU,13772,8caec1b4-e0b6-4a84-b8c8-617d6e91ef6a,17349.0,47304.0,5001.0,,3117256.0,31107.0,,2136748.0,SchuDa00,dalton-schultz-1,12514.0,13198.0,487.0,31107.0,830523.0,19920.0,830523.0,Dalton Schultz,dalton schultz,4,8,27.0,0,0.0,0.0,67.0,10.0,1.0,-6.185029,0,0.40298507,0.2580645,0.26482213,0.5724723,Dalton Schultz,HOU,7.95,3.120580961532741,7.6625000000000005,23.530766573260145,50.0,27.0,0.0,2.7624999999999993,2.54030088991081,0.22219911008918913,00-0034383,Dalton,Schultz,D.Schultz,REG,HOU,NE,Dalton Schultz,SchuDa00,0.0,1.0,0.125,18.2
2024,REG,6,00-0037838,I.Likely,TE,TE,BAL,15798,f9279edb-cfa7-4f7d-91df-b81cbf3e133e,23781.0,,8131.0,,4361050.0,34095.0,,2961906.0,LikeIs00,isaiah-likely-1,16033.0,,1257.0,34095.0,0.0,,1125111.0,Isaiah Likely,isaiah likely,2,4,27.0,0,0.0,0.0,48.0,10.0,1.0,-0.22638555,0,0.5625,0.16,0.19672132,0.37770492,,,,,,,,,,,,,,,,,REG,BAL,WAS,Isaiah Likely,LikeIs00,0.0,0.0,0.0,71.9
2024,REG,6,00-0034159,W.Dissly,TE,TE,LAC,13763,383f4814-6836-4766-a297-fc063e8509cc,18049.0,30762.0,5010.0,,3127292.0,31090.0,,2139628.0,DissWi00,will-dissly-1,12986.0,13246.0,86.0,31090.0,837806.0,19950.0,837806.0,Will Dissly,will dissly,4,5,26.0,0,0.0,0.0,5.0,28.0,1.0,-0.04540934,0,5.2,0.16129032,0.018726591,0.2550441,Will Dissly,LAC,4.163333333333333,2.0033517599887642,1.195999999999998,2.2194180522565286,80.0,26.0,0.0,6.780000000000001,5.996607270420313,0.7833927295796883,00-0034159,Will,Dissly,W.Dissly,REG,LAC,DEN,Will Dissly,DissWi00,0.0,0.0,0.0,88.3
2024,REG,6,00-0036232,H.Bryant,TE,TE,LV,14875,f58a5899-8b78-46e8-a29a-ba6273b7d872,19389.0,26394.0,6850.0,,4040774.0,32785.0,,2241240.0,BryaHa00,harrison-bryant-1,14576.0,,752.0,32785.0,0.0,21783.0,916467.0,Harrison Bryant,harrison bryant,3,5,24.0,0,0.0,0.0,13.0,19.0,1.0,-1.3526648,0,1.8461539,0.13513513,0.07103825,0.2524295,Harrison Bryant,LV,5.0249999999999995,3.922222768666818,3.2960000000000007,9.94268476621418,60.0,24.0,0.0,6.779999999999997,4.9881326502863885,1.7918673497136082,00-0036232,Harrison,Bryant,H.Bryant,REG,LV,PIT,Harrison Bryant,BryaHa00,1.0,0.0,0.0,72.1
2024,REG,6,00-0037292,A.Ogletree,TE,TE,IND,15916,59f460a8-b5af-40e6-840c-429762b278b3,24561.0,,8489.0,,4722908.0,34148.0,,2672594.0,OgleAn00,,16277.0,,1315.0,34148.0,0.0,,1271740.0,Andrew Ogletree,andrew ogletree,2,2,24.0,0,0.0,0.0,13.0,11.0,2.0,2.7722661,0,1.8461539,0.055555556,0.04,0.11133333,,,,,,,,,,,,,,,,,REG,IND,TEN,Andrew Ogletree,OgleAn00,0.0,0.0,0.0,116.7
2024,REG,6,00-0036894,P.Freiermuth,TE,TE,PIT,15331,04f0fefe-9d9d-44f5-94ea-6df2a42df3c6,20163.0,84085.0,7600.0,,4361411.0,33443.0,,2961270.0,FreiPa00,pat-freiermuth-1,15267.0,,1053.0,33443.0,0.0,,1116662.0,Pat Freiermuth,pat freiermuth,2,3,16.0,0,0.0,0.0,20.0,6.0,0.0,-0.2713423,0,0.8,0.13043478,0.08810572,0.2573262,,,,,,,,,,,,,,,,,REG,PIT,LV,Pat Freiermuth,FreiPa00,0.0,0.0,0.0,79.9
2024,REG,6,00-0038129,C.Otton,TE,TE,TB,15802,f23517bd-ae85-484a-8ecb-1f7a2d851e48,23181.0,,8111.0,,4243331.0,34062.0,,2815179.0,OttoCa00,cade-otton-1,16032.0,,1261.0,34062.0,0.0,,1049263.0,Cade Otton,cade otton,2,6,15.0,1,0.0,0.0,45.0,2.0,2.0,-2.4984915,0,0.33333334,0.16666667,0.20642202,0.39449543,Cade Otton,TB,8.5725,2.9115094986881895,7.2299999999999995,21.954552355888453,33.33333333333333,15.0,1.0,1.0900000000000034,0.6269188016808585,0.46308119831914496,00-0038129,Cade,Otton,C.Otton,REG,TB,NO,Cade Otton,OttoCa00,0.0,0.0,0.0,42.4
2024,REG,6,00-0038996,T.Kraft,TE,TE,GB,16222,3a084c5f-6b9f-4703-a0c7-1566bc4b1129,25298.0,,9484.0,,4572680.0,40102.0,,3133332.0,KrafTu00,,16649.0,,1418.0,40102.0,0.0,,1181874.0,Tucker Kraft,tucker kraft,2,4,13.0,0,0.0,0.0,14.0,5.0,1.0,-1.0113357,0,0.9285714,0.12903225,0.07329843,0.24485728,,,,,,,,,,,,,,,,,REG,GB,ARI,Tucker Kraft,KrafTu00,0.0,1.0,0.25,57.3
2024,REG,6,00-0039793,A.Barner,TE,TE,SEA,16723,e96127b4-d381-43d4-b0ae-8790c706756f,26335.0,,11603.0,,4576297.0,41001.0,,3169283.0,BarnAJ00,aj-barner-1,17811.0,,1629.0,41001.0,0.0,,1229503.0,AJ Barner,aj barner,1,1,13.0,0,0.0,0.0,10.0,3.0,1.0,0.5618091,0,1.3,0.020833334,0.024449877,0.048364915,,,,,,,,,,,,,,,,,REG,SEA,SF,AJ Barner,BarnAJ00,0.0,0.0,0.0,118.7
2024,REG,6,00-0035689,D.Knox,TE,TE,BUF,14143,5fb525c5-4e70-4ede-8c49-94ad0cf66b7d,18631.0,35883.0,5906.0,,3930086.0,31928.0,,2186345.0,KnoxDa00,dawson-knox-1,13466.0,13953.0,88.0,31928.0,884083.0,20850.0,884083.0,Dawson Knox,dawson knox,1,1,12.0,1,0.0,0.0,12.0,0.0,1.0,3.754776,0,1.0,0.04347826,0.060606062,0.10764164,,,,,,,,,,,,,,,,,REG,BUF,NYJ,Dawson Knox,KnoxDa00,0.0,0.0,0.0,156.2
2024,REG,6,00-0037539,L.Krull,TE,TE,DEN,15970,767b4820-cc9f-11ec-952e-a10f2c98fc4d,24240.0,,8249.0,,4360231.0,34654.0,,2961761.0,KrulLu00,,16259.0,,1328.0,34654.0,0.0,,1122323.0,Lucas Krull,lucas krull,2,4,11.0,0,0.0,0.0,12.0,3.0,0.0,-0.9484376,0,0.9166667,0.125,0.036036037,0.21272522,,,,,,,,,,,,,,,,,REG,DEN,LAC,Lucas Krull,KrulLu00,0.0,0.0,0.0,56.2
2024,REG,6,00-0038041,J.Ferguson,TE,TE,DAL,15799,f46eab3d-d7dd-4420-b3f9-6da9ac1308ab,22718.0,,8110.0,,4242355.0,34085.0,,2867159.0,FergJa00,jake-ferguson-1,15947.0,,1258.0,34085.0,0.0,,1065361.0,Jake Ferguson,jake ferguson,3,4,11.0,0,0.0,0.0,31.0,5.0,0.0,-2.4672127,0,0.3548387,0.093023255,0.094801225,0.20589574,,,,,,,,,,,,,,,,,REG,DAL,DET,Jake Ferguson,FergJa00,0.0,1.0,0.25,77.1
2024,REG,6,00-0038935,B.Strange,TE,TE,JAX,16269,94f135f7-9d54-4cbd-b560-fcaf83d414b0,25345.0,,9480.0,,4430539.0,40078.0,,3121696.0,StraBr00,brenton-strange-1,17017.0,,1461.0,40078.0,0.0,,1164940.0,Brenton Strange,brenton strange,1,2,11.0,0,0.0,0.0,18.0,8.0,1.0,0.10688759,0,0.6111111,0.057142857,0.06122449,0.12857144,,,,,,,,,,,,,,,,,REG,JAX,CHI,Brenton Strange,StraBr00,0.0,0.0,0.0,66.7
2024,REG,6,00-0034270,T.Conklin,TE,TE,NYJ,13675,f0d17dfa-ebf3-416c-a8d2-c6bc30675103,17598.0,47327.0,5133.0,,3915486.0,31220.0,,2165249.0,ConkTy00,tyler-conklin-1,12809.0,13220.0,489.0,31127.0,861278.0,19988.0,861278.0,Tyler Conklin,tyler conklin,2,3,10.0,0,0.0,0.0,-5.0,12.0,0.0,-0.31194577,0,0.0,0.0882353,-0.018939395,0.11909536,,,,,,,,,,,,,,,,,REG,NYJ,BUF,Tyler Conklin,ConkTy00,0.0,0.0,0.0,71.5
2024,REG,6,00-0037475,S.Smartt,TE,TE,LAC,16113,6ee105f0-ca2e-11ec-be96-e90abdfa0fef,24621.0,,8583.0,,4250764.0,34637.0,,2864800.0,SmarSt00,,16321.0,,,34637.0,0.0,,1056865.0,Stone Smartt,stone smartt,1,1,10.0,0,0.0,0.0,7.0,3.0,1.0,1.9201915,0,1.4285715,0.032258064,0.026217228,0.06673916,,,,,,,,,,,,,,,,,REG,LAC,DEN,Stone Smartt,SmarSt00,0.0,0.0,0.0,108.3
2024,REG,6,00-0039814,E.All,TE,TE,CIN,16645,5523779b-db60-4158-b232-8391bc7db65b,23837.0,,11592.0,,4427834.0,40989.0,,3121555.0,AllxEr00,erick-all-1,17696.0,,1616.0,40989.0,0.0,,1164533.0,Erick All,erick all,2,3,10.0,0,0.0,0.0,6.0,6.0,1.0,-0.39486766,0,1.6666666,0.13043478,0.045454547,0.22747035,,,,,,,,,,,,,,,,,REG,CIN,NYG,Erick All,AllxEr00,0.0,0.0,0.0,71.5
2024,REG,6,00-0038558,D.Washington,TE,TE,PIT,16216,1984b8b5-d206-4d6a-8204-c5dd0160e9f5,22967.0,,9479.0,,4430802.0,40094.0,,3163963.0,WashDa03,darnell-washington-1,16889.0,,1431.0,40094.0,0.0,,1218658.0,Darnell Washington,darnell washington,1,1,9.0,0,0.0,0.0,3.0,6.0,1.0,1.1782589,0,3.0,0.04347826,0.013215859,0.07446849,,,,,,,,,,,,,,,,,REG,PIT,LV,Darnell Washington,WashDa03,0.0,0.0,0.0,104.2
2024,REG,6,00-0037805,J.Ruckert,TE,TE,NYJ,15796,28f3732b-0910-4d09-9fd4-e43b821dc5bb,23742.0,,8145.0,,4361372.0,34057.0,,2965446.0,RuckJe00,jeremy-ruckert-1,15996.0,,1255.0,34057.0,0.0,,1122596.0,Jeremy Ruckert,jeremy ruckert,2,3,7.0,0,0.0,0.0,6.0,18.0,0.0,-0.8900697,0,1.1666666,0.0882353,0.022727273,0.14826204,,,,,,,,,,,,,,,,,REG,NYJ,BUF,Jeremy Ruckert,RuckJe00,0.0,0.0,0.0,70.1
2024,REG,6,00-0037809,C.Okonkwo,TE,TE,TEN,15889,14e11f9b-58c8-437f-abc0-a4e4df9a7c47,23982.0,,8210.0,,4360635.0,34099.0,,2965208.0,OkonCh00,chigoziem-okonkwo-1,16042.0,,1320.0,34099.0,0.0,,1106374.0,Chigoziem Okonkwo,chigoziem okonkwo,3,3,6.0,0,1.0,0.0,0.0,6.0,2.0,-0.32477948,0,0.0,0.11111111,0.0,0.16666667,,,,,,,,,,,,,,,,,REG,TEN,IND,Chigoziem Okonkwo,OkonCh00,0.0,0.0,0.0,79.2
2024,REG,6,00-0032392,A.Hooper,TE,TE,NE,12677,90c2a93f-d837-4e1b-b57c-56648903a8db,15581.0,10715.0,3202.0,,3043275.0,29315.0,,2067004.0,HoopAu00,austin-hooper-1,10748.0,11301.0,384.0,29315.0,739424.0,17963.0,739424.0,Austin Hooper,austin hooper,1,2,5.0,0,1.0,1.0,7.0,3.0,0.0,-5.726106,0,0.71428573,0.06451613,0.029787235,0.11762526,,,,,,,,,,,,,,,,,REG,NE,HOU,Austin Hooper,HoopAu00,1.0,0.0,0.0,56.2
2024,REG,6,00-0038783,N.Adkins,TE,TE,DEN,16474,bcd0ae60-f31c-11ed-819c-fd03d0cc2698,25881.0,,11433.0,,4383440.0,40702.0,,2977285.0,AdkiNa00,,16992.0,,,40702.0,0.0,,1132517.0,Nate Adkins,nate adkins,1,1,5.0,0,0.0,0.0,5.0,0.0,0.0,-0.0711439,0,1.0,0.03125,0.015015015,0.05738551,,,,,,,,,,,,,,,,,REG,DEN,LAC,Nate Adkins,AdkiNa00,0.0,0.0,0.0,87.5
2024,REG,6,00-0037304,C.Heyward,TE,TE,PIT,15800,62e96d7c-e4dd-4a90-8c3a-8017eb69120d,24562.0,,8181.0,,4241961.0,34163.0,,2867599.0,HeywCo00,connor-heyward-1,15916.0,,,34163.0,0.0,,1057457.0,Connor Heyward,connor heyward,1,1,4.0,0,0.0,0.0,2.0,2.0,0.0,-0.2533663,0,2.0,0.04347826,0.008810572,0.071384795,,,,,,,,,,,,,,,,,REG,PIT,LV,Connor Heyward,HeywCo00,0.0,0.0,0.0,83.3
2024,REG,6,00-0024243,M.Lewis,TE,TE,CHI,8269,9c21e9af-681c-41ef-9b00-fbc9e1668ed1,9413.0,2973.0,111.0,marcedeslewis/2495888,9614.0,7777.0,4007.0,415313.0,LewiMa00,marcedes-lewis-1,4891.0,3615.0,,7777.0,214197.0,3061.0,214197.0,Marcedes Lewis,marcedes lewis,1,1,2.0,0,0.0,0.0,1.0,1.0,1.0,0.064604744,0,2.0,0.03846154,0.009708738,0.064488426,,,,,,,,,,,,,,,,,REG,CHI,JAX,Marcedes Lewis,LewiMa00,0.0,0.0,0.0,79.2
2024,REG,6,00-0038589,J.Whyle,TE,TE,TEN,16312,601467c7-b593-472d-a147-b8e7bfdbe990,22923.0,,10212.0,,4360086.0,40182.0,,2962513.0,WhylJo01,josh-whyle-1,16866.0,,1471.0,40182.0,0.0,,1107037.0,Josh Whyle,josh whyle,1,1,2.0,0,0.0,0.0,1.0,1.0,0.0,-0.34343058,0,2.0,0.037037037,0.0040650405,0.058401085,,,,,,,,,,,,,,,,,REG,TEN,IND,Josh Whyle,WhylJo01,0.0,0.0,0.0,79.2
2024,REG,6,00-0033895,G.Everett,TE,TE,CHI,13236,ebeceb00-57e0-4b74-9cf7-853da2afed18,16459.0,11799.0,4089.0,,3918639.0,30157.0,,2142692.0,EverGe00,gerald-everett-1,11737.0,12284.0,55.0,30157.0,838487.0,18935.0,838487.0,Gerald Everett,gerald everett,0,1,0.0,0,0.0,0.0,-4.0,0.0,0.0,-0.7093407,0,0.0,0.03846154,-0.03883495,0.030507842,,,,,,,,,,,,,,,,,REG,CHI,JAX,Gerald Everett,EverGe00,0.0,0.0,0.0,39.6
2024,REG,6,00-0034351,D.Goedert,TE,TE,PHI,13674,e8029983-87cf-49a2-bc04-04c8233a0630,17270.0,47272.0,5022.0,,3121023.0,31019.0,,2132551.0,GoedDa00,,12860.0,13151.0,382.0,31019.0,791365.0,19863.0,791365.0,Dallas Goedert,dallas goedert,0,1,0.0,0,0.0,0.0,12.0,0.0,0.0,-1.4855607,0,0.0,0.041666668,0.04897959,0.09678572,,,,,,,,,,,,,,,,,REG,PHI,CLE,Dallas Goedert,GoedDa00,0.0,0.0,0.0,39.6
2024,REG,6,00-0034365,I.Thomas,TE,TE,CAR,13678,ed8a8fd2-df67-45e7-a34f-984afb82f6ea,17387.0,42130.0,4995.0,,4045305.0,31071.0,,2253359.0,ThomIa00,ian-thomas-3,12858.0,13163.0,323.0,31071.0,943093.0,19910.0,943093.0,Ian Thomas,ian thomas,0,3,0.0,0,0.0,0.0,23.0,0.0,0.0,-5.0246696,0,0.0,0.08108108,0.09055118,0.18500745,,,,,,,,,,,,,,,,,REG,CAR,ATL,Ian Thomas,ThomIa00,0.0,1.0,0.333,0.0
2024,REG,6,00-0036754,B.Wright,TE,TE,DET,15626,8f182089-7730-499e-8f2e-87bda32debfb,23341.0,60994.0,7891.0,,4242392.0,33774.0,,2807423.0,WrigBr01,,15681.0,,1162.0,33774.0,0.0,,978120.0,Brock Wright,brock wright,0,1,0.0,0,0.0,0.0,24.0,0.0,0.0,-0.5314428,0,0.0,0.037037037,0.09022556,0.11871345,,,,,,,,,,,,,,,,,REG,DET,DAL,Brock Wright,WrigBr01,0.0,0.0,0.0,39.6
2024,REG,6,00-0036876,K.Granson,TE,TE,IND,15419,bcc0167c-05fd-4b23-981e-60b8784ceb33,22841.0,40630.0,7602.0,,4039160.0,33515.0,,2247146.0,GranKy00,kylen-granson-1,15245.0,,1119.0,33515.0,0.0,,921050.0,Kylen Granson,kylen granson,0,1,0.0,0,0.0,0.0,23.0,0.0,0.0,-0.5973005,0,0.0,0.027777778,0.07076923,0.09120513,,,,,,,,,,,,,,,,,REG,IND,TEN,Kylen Granson,GranKy00,0.0,0.0,0.0,39.6
2024,REG,6,00-0038394,W.Mallory,TE,TE,IND,16220,5d4a5e4f-7c74-4b4c-b8e5-33bb831e3057,23821.0,,10220.0,,4362523.0,40180.0,,2962073.0,MallWi00,will-mallory-1,17014.0,,1435.0,,0.0,,1121873.0,Will Mallory,will mallory,0,1,0.0,0,0.0,0.0,19.0,0.0,0.0,-0.83391356,0,0.0,0.027777778,0.05846154,0.082589746,,,,,,,,,,,,,,,,,REG,IND,TEN,Will Mallory,MallWi00,0.0,0.0,0.0,39.6
2024,REG,6,00-0039359,C.Stover,TE,TE,HOU,16642,559d5222-0403-4a14-94c7-c7bd5072c939,25269.0,,11599.0,,4426496.0,40987.0,,3125978.0,StovCa00,cade-stover-1,17794.0,,1613.0,40987.0,0.0,,1175182.0,Cade Stover,cade stover,0,1,0.0,0,0.0,0.0,6.0,0.0,0.0,-0.57469904,0,0.0,0.032258064,0.023715414,0.06498789,,,,,,,,,,,,,,,,,REG,HOU,NE,Cade Stover,StovCa00,0.0,1.0,1.0,39.6
2024,REG,7,00-0038129,C.Otton,TE,TE,TB,15802,f23517bd-ae85-484a-8ecb-1f7a2d851e48,23181.0,,8111.0,,4243331.0,34062.0,,2815179.0,OttoCa00,cade-otton-1,16032.0,,1261.0,34062.0,0.0,,1049263.0,Cade Otton,cade otton,8,10,100.0,0,1.0,0.0,98.0,37.0,4.0,6.378978,0,1.0204082,0.22222222,0.25,0.5083333,Cade Otton,TB,3.9425,3.2139361689279,8.198,21.88642977280615,80.0,100.0,0.0,5.164999999999999,5.26873896483716,-0.10373896483716116,00-0038129,Cade,Otton,C.Otton,REG,TB,BAL,Cade Otton,OttoCa00,0.0,0.0,0.0,108.3
2024,REG,7,00-0033858,J.Smith,TE,TE,MIA,13193,e4f25a37-74de-4bfb-b6c9-f50a4fab0b87,16460.0,11855.0,4144.0,,3054212.0,30213.0,,2081506.0,SmitJo01,jonnu-smith-1,11807.0,12344.0,84.0,30213.0,743749.0,18990.0,743749.0,Jonnu Smith,jonnu smith,7,7,96.0,1,0.0,0.0,46.0,50.0,7.0,10.879464,0,2.0869565,0.3181818,0.2754491,0.6700871,Jonnu Smith,MIA,7.650000000000001,3.0984463294404185,6.5457142857142845,27.18158628462952,100.0,96.0,1.0,7.16857142857143,4.86421448325004,2.3043569453213903,00-0033858,Jonnu,Smith,J.Smith,REG,MIA,IND,Jonnu Smith,SmitJo01,0.0,0.0,0.0,158.3
2024,REG,7,00-0039338,B.Bowers,TE,TE,LV,16641,ad9fc7e3-0a6d-4e41-84c2-cf43b71aee13,22955.0,,11604.0,,4432665.0,40878.0,,26693971.0,BoweBr01,brock-bowers-1,17693.0,,1612.0,40878.0,0.0,,1285917.0,Brock Bowers,brock bowers,10,14,93.0,0,0.0,0.0,65.0,45.0,6.0,0.35972884,0,1.4307692,0.4,0.2801724,0.7961207,Brock Bowers,LV,5.741818181818181,3.1112798035470886,5.625000000000001,34.43676753542068,71.42857142857143,93.0,0.0,4.728999999999999,4.049268252718477,0.6797317472815223,00-0039338,Brock,Bowers,B.Bowers,REG,LV,LA,Brock Bowers,BoweBr01,0.0,0.0,0.0,59.5
2024,REG,7,00-0033090,H.Henry,TE,TE,NE,12676,705899da-3c20-4bc3-b5d0-2e6e40655131,15561.0,10669.0,3214.0,,3046439.0,29269.0,,2079848.0,HenrHu00,hunter-henry-1,10735.0,11299.0,212.0,29269.0,744425.0,17975.0,744425.0,Hunter Henry,hunter henry,8,9,92.0,0,0.0,0.0,103.0,31.0,4.0,3.0667403,0,0.89320385,0.25,0.3576389,0.6253472,Hunter Henry,NE,5.58,3.0630082993086183,11.071111111111113,37.32394366197184,88.88888888888889,92.0,0.0,4.3787499999999975,3.956038919091725,0.4227110809082726,00-0033090,Hunter,Henry,H.Henry,REG,NE,JAX,Hunter Henry,HenrHu00,0.0,0.0,0.0,109.3
2024,REG,7,00-0033288,G.Kittle,TE,TE,SF,13299,2ada91b0-036e-454f-83c3-6d939ff584a9,16499.0,11901.0,4217.0,,3040151.0,30259.0,,2818265.0,KittGe00,george-kittle-1,11892.0,12276.0,298.0,30259.0,733672.0,19063.0,733672.0,George Kittle,george kittle,6,7,92.0,0,0.0,0.0,77.0,26.0,3.0,0.39054462,0,1.1948051,0.22580644,0.2673611,0.52586246,George Kittle,SF,5.400000000000001,3.309180016509594,10.947142857142856,25.994775942196142,85.71428571428571,92.0,0.0,4.9366666666666665,4.129819851078423,0.8068468155882433,00-0033288,George,Kittle,G.Kittle,REG,SF,KC,George Kittle,KittGe00,0.0,0.0,0.0,79.2
2024,REG,7,00-0034159,W.Dissly,TE,TE,LAC,13763,383f4814-6836-4766-a297-fc063e8509cc,18049.0,30762.0,5010.0,,3127292.0,31090.0,,2139628.0,DissWi00,will-dissly-1,12986.0,13246.0,86.0,31090.0,837806.0,19950.0,837806.0,Will Dissly,will dissly,8,11,81.0,0,0.0,0.0,65.0,45.0,4.0,3.7035,0,1.2461538,0.2972973,0.1951952,0.5825826,Will Dissly,LAC,5.330000000000001,2.8925748133424922,5.66090909090909,19.793388429752067,72.72727272727273,81.0,0.0,5.80625,4.030564069490062,1.7756859305099386,00-0034159,Will,Dissly,W.Dissly,REG,LAC,ARI,Will Dissly,DissWi00,2.0,2.0,0.182,93.4
2024,REG,7,00-0033885,D.Njoku,TE,TE,CLE,13192,8f86fcea-90e8-49ea-bc78-5c7659313e57,16399.0,11784.0,4033.0,,3123076.0,30142.0,,2136474.0,NjokDa00,david-njoku-1,11734.0,12186.0,252.0,30142.0,832098.0,18876.0,832098.0,David Njoku,david njoku,10,14,76.0,1,0.0,0.0,61.0,32.0,4.0,3.3192132,0,1.2459016,0.29166666,0.18484849,0.56689394,David Njoku,CLE,6.670000000000002,3.6110760743983983,5.076428571428571,21.17447264926707,71.42857142857143,76.0,1.0,3.55,2.9130273751630282,0.6369726248369716,00-0033885,David,Njoku,D.Njoku,REG,CLE,CIN,David Njoku,NjokDa00,0.0,1.0,0.071,108.0
2024,REG,7,00-0036637,N.Gray,TE,TE,KC,15337,c97dfcb6-b999-476f-8487-f3848e92df17,19539.0,60878.0,7828.0,,4240472.0,33550.0,,2866903.0,GrayNo00,noah-gray-1,15459.0,,1059.0,33550.0,0.0,,1056981.0,Noah Gray,noah gray,4,4,66.0,0,0.0,0.0,41.0,25.0,4.0,5.728865,0,1.6097561,0.16,0.18981482,0.37287036,,,,,,,,,,,,,,,,,REG,KC,SF,Noah Gray,GrayNo00,0.0,0.0,0.0,118.7
2024,REG,7,00-0035644,N.Fant,TE,TE,SEA,14137,cdc98acc-9eb6-4b44-81bb-61d7b8a3b55f,17527.0,42388.0,5857.0,,4036131.0,31852.0,,2251095.0,FantNo00,noah-fant-1,13426.0,14050.0,243.0,31852.0,923911.0,20753.0,923911.0,Noah Fant,noah fant,4,4,65.0,0,0.0,0.0,30.0,35.0,3.0,4.9401155,0,2.1666667,0.14285715,0.08064516,0.27073732,,,,,,,,,,,,,,,,,REG,SEA,ATL,Noah Fant,FantNo00,0.0,0.0,0.0,118.7
2024,REG,7,00-0036970,K.Pitts,TE,TE,ATL,15329,1f3deb24-9ff8-4769-8f42-825eff7742f6,20164.0,83964.0,7553.0,,4360248.0,33392.0,,2964514.0,PittKy00,kyle-pitts-1,15265.0,,1051.0,33392.0,0.0,,1123026.0,Kyle Pitts,kyle pitts,7,9,65.0,0,0.0,0.0,71.0,24.0,2.0,-3.6997821,0,0.91549295,0.25,0.27099237,0.56469464,Kyle Pitts,ATL,8.075,4.572693943197452,7.412222222222222,25.638956147430715,77.77777777777779,65.0,0.0,3.4785714285714286,4.558964080414788,-1.0803926518433595,00-0036970,Kyle,Pitts,K.Pitts,REG,ATL,SEA,Kyle Pitts,PittKy00,0.0,0.0,0.0,57.2
2024,REG,7,00-0039356,J.Sanders,TE,TE,CAR,16643,ffd2ff3f-4b56-4232-be8e-bf163c29f406,24334.0,,11600.0,,4431588.0,40995.0,,26731381.0,SandJa01,jatavion-sanders-1,17748.0,,1614.0,40995.0,0.0,,1326628.0,Ja'Tavion Sanders,jatavion sanders,6,6,61.0,0,0.0,0.0,31.0,30.0,2.0,2.3939743,0,1.967742,0.3529412,0.4920635,0.8738562,Ja'Tavion Sanders,CAR,5.106666666666667,4.915747078042518,4.860000000000002,52.54054054054055,100.0,61.0,0.0,5.306666666666665,7.706687854428954,-2.400021187762289,00-0039356,Ja'Tavion,Sanders,J.Sanders,REG,CAR,WAS,Ja'Tavion Sanders,SandJa01,0.0,0.0,0.0,109.0
2024,REG,7,00-0038933,D.Kincaid,TE,TE,BUF,16213,b961fa15-0676-4948-b95f-56d06319d40e,25247.0,,10236.0,,4385690.0,40048.0,,2982991.0,KincDa00,dalton-kincaid-1,16697.0,,1428.0,40048.0,0.0,,1135513.0,Dalton Kincaid,dalton kincaid,3,6,52.0,0,1.0,0.0,77.0,5.0,3.0,4.981829,0,0.6753247,0.1875,0.2720848,0.47170937,Dalton Kincaid,BUF,4.27,1.2285486251729418,12.213333333333333,25.467435879613536,50.0,52.0,0.0,1.7666666666666668,1.9042821198000617,-0.13761545313339485,00-0038933,Dalton,Kincaid,D.Kincaid,REG,BUF,TEN,Dalton Kincaid,KincDa00,0.0,0.0,0.0,79.9
2024,REG,7,00-0036894,P.Freiermuth,TE,TE,PIT,15331,04f0fefe-9d9d-44f5-94ea-6df2a42df3c6,20163.0,84085.0,7600.0,,4361411.0,33443.0,,2961270.0,FreiPa00,pat-freiermuth-1,15267.0,,1053.0,33443.0,0.0,,1116662.0,Pat Freiermuth,pat freiermuth,2,3,51.0,0,0.0,0.0,22.0,29.0,2.0,3.100831,0,2.3181818,0.11111111,0.10045662,0.2369863,,,,,,,,,,,,,,,,,REG,PIT,NYJ,Pat Freiermuth,FreiPa00,0.0,0.0,0.0,109.7
2024,REG,7,00-0037744,T.McBride,TE,TE,ARI,15794,734d54cc-c869-4e2f-a60f-c59c493f5110,22936.0,,8130.0,,4361307.0,34010.0,,2963385.0,McBrTr01,trey-mcbride-1,15902.0,,1253.0,34010.0,0.0,,1108161.0,Trey McBride,trey mcbride,5,7,51.0,0,0.0,0.0,36.0,21.0,4.0,2.2932456,0,1.4166666,0.28,0.26666668,0.6066667,Trey McBride,ARI,4.628571428571429,3.6065703721702453,5.3728571428571446,26.588900671615427,71.42857142857143,51.0,0.0,4.719999999999999,2.968630225356108,1.7513697746438908,00-0037744,Trey,McBride,T.McBride,REG,ARI,LAC,Trey McBride,McBrTr01,0.0,0.0,0.0,92.0
2024,REG,7,00-0037809,C.Okonkwo,TE,TE,TEN,15889,14e11f9b-58c8-437f-abc0-a4e4df9a7c47,23982.0,,8210.0,,4360635.0,34099.0,,2965208.0,OkonCh00,chigoziem-okonkwo-1,16042.0,,1320.0,34099.0,0.0,,1106374.0,Chigoziem Okonkwo,chigoziem okonkwo,4,4,50.0,0,0.0,0.0,40.0,10.0,2.0,3.5415032,0,1.25,0.10526316,0.1724138,0.2785844,,,,,,,,,,,,,,,,,REG,TEN,BUF,Chigoziem Okonkwo,OkonCh00,0.0,0.0,0.0,118.7
2024,REG,7,00-0034364,J.Akins,TE,TE,CLE,13753,0cb5a32a-a340-4671-ba2a-93f5fa6aee8d,17415.0,47050.0,5032.0,,3128452.0,31068.0,,2142712.0,AkinJo00,jordan-akins-1,12568.0,13238.0,,31068.0,838396.0,19903.0,838396.0,Jordan Akins,jordan akins,4,4,42.0,0,0.0,0.0,28.0,14.0,2.0,2.5169518,0,1.5,0.083333336,0.084848486,0.18439394,,,,,,,,,,,,,,,,,REG,CLE,CIN,Jordan Akins,AkinJo00,1.0,0.0,0.0,110.4
2024,REG,7,00-0034753,M.Andrews,TE,TE,BAL,13671,0618f387-9b72-4270-8b8f-dec4cccc9e4a,17269.0,47436.0,5012.0,,3116365.0,31056.0,,2131121.0,AndrMa00,mark-andrews-1,12559.0,13182.0,366.0,31056.0,820699.0,19803.0,820699.0,Mark Andrews,mark andrews,4,4,41.0,2,0.0,0.0,32.0,9.0,3.0,7.9882417,0,1.28125,0.1904762,0.18181819,0.41298702,,,,,,,,,,,,,,,,,REG,BAL,TB,Mark Andrews,AndrMa00,0.0,0.0,0.0,149.0
2024,REG,7,00-0037539,L.Krull,TE,TE,DEN,15970,767b4820-cc9f-11ec-952e-a10f2c98fc4d,24240.0,,8249.0,,4360231.0,34654.0,,2961761.0,KrulLu00,,16259.0,,1328.0,34654.0,0.0,,1122323.0,Lucas Krull,lucas krull,3,4,41.0,0,0.0,0.0,52.0,14.0,2.0,2.3498673,0,0.78846157,0.16,0.30057803,0.4504046,,,,,,,,,,,,,,,,,REG,DEN,NO,Lucas Krull,KrulLu00,0.0,0.0,0.0,107.3
2024,REG,7,00-0030061,Z.Ertz,TE,TE,WAS,11247,de3421f7-2147-4835-89a5-724e87bad463,11689.0,7816.0,1339.0,zachertz/2540158,15835.0,26658.0,,1685963.0,ErtzZa00,zach-ertz-1,8781.0,8409.0,305.0,26658.0,503177.0,14856.0,503177.0,Zach Ertz,zach ertz,4,5,40.0,1,0.0,0.0,41.0,12.0,2.0,2.6341271,0,0.9756098,0.2,0.17226891,0.42058823,Zach Ertz,WAS,6.7299999999999995,2.9093378208712553,8.63,17.794548228792937,80.0,40.0,1.0,3.642499999999999,3.574885832839527,0.06761416716047197,00-0030061,Zachary,Ertz,Z.Ertz,REG,WAS,CAR,Zach Ertz,ErtzZa00,0.0,1.0,0.2,139.6
2024,REG,7,00-0034981,F.Moreau,TE,TE,NO,14239,9c3a67fd-5c6e-4689-9e08-9ff6d4db6c9a,18397.0,47043.0,5985.0,,3843945.0,31969.0,,2180634.0,MoreFo00,foster-moreau-1,13822.0,14154.0,179.0,31969.0,865573.0,20884.0,865573.0,Foster Moreau,foster moreau,2,2,38.0,0,0.0,0.0,21.0,17.0,1.0,2.0534952,0,1.8095238,0.051282052,0.076642334,0.1305727,,,,,,,,,,,,,,,,,REG,NO,DEN,Foster Moreau,MoreFo00,1.0,0.0,0.0,118.7
2024,REG,7,00-0038558,D.Washington,TE,TE,PIT,16216,1984b8b5-d206-4d6a-8204-c5dd0160e9f5,22967.0,,9479.0,,4430802.0,40094.0,,3163963.0,WashDa03,darnell-washington-1,16889.0,,1431.0,40094.0,0.0,,1218658.0,Darnell Washington,darnell washington,4,4,36.0,0,0.0,0.0,7.0,29.0,2.0,1.6591885,0,5.142857,0.14814815,0.03196347,0.24459665,,,,,,,,,,,,,,,,,REG,PIT,NYJ,Darnell Washington,WashDa03,0.0,0.0,0.0,104.2
2024,REG,7,00-0033881,E.Engram,TE,TE,JAX,13189,e21365af-8d66-416e-b0a5-8816d18fcfd9,16411.0,11778.0,4066.0,,3051876.0,30136.0,,2079887.0,EngrEv00,evan-engram-1,11805.0,12205.0,229.0,30136.0,749185.0,18912.0,749185.0,Evan Engram,evan engram,5,5,35.0,0,0.0,0.0,11.0,24.0,2.0,1.2024876,0,3.1818182,0.25,0.0990991,0.44436938,Evan Engram,JAX,9.396666666666667,6.060515349684947,1.8439999999999983,7.714835578612661,100.0,35.0,0.0,5.1560000000000015,7.220468625686135,-2.0644686256861338,00-0033881,Evan,Engram,E.Engram,REG,JAX,NE,Evan Engram,EngrEv00,0.0,0.0,0.0,95.8
2024,REG,7,00-0038589,J.Whyle,TE,TE,TEN,16312,601467c7-b593-472d-a147-b8e7bfdbe990,22923.0,,10212.0,,4360086.0,40182.0,,2962513.0,WhylJo01,josh-whyle-1,16866.0,,1471.0,40182.0,0.0,,1107037.0,Josh Whyle,josh whyle,3,4,34.0,0,0.0,0.0,13.0,29.0,3.0,1.5708923,0,2.6153846,0.10526316,0.056034483,0.19711888,,,,,,,,,,,,,,,,,REG,TEN,BUF,Josh Whyle,WhylJo01,0.0,0.0,0.0,100.0
2024,REG,7,00-0038996,T.Kraft,TE,TE,GB,16222,3a084c5f-6b9f-4703-a0c7-1566bc4b1129,25298.0,,9484.0,,4572680.0,40102.0,,3133332.0,KrafTu00,,16649.0,,1418.0,40102.0,0.0,,1181874.0,Tucker Kraft,tucker kraft,3,4,33.0,1,0.0,0.0,23.0,12.0,2.0,3.4089205,0,1.4347826,0.121212125,0.077441074,0.23602694,,,,,,,,,,,,,,,,,REG,GB,HOU,Tucker Kraft,KrafTu00,1.0,0.0,0.0,138.5
2024,REG,7,00-0032392,A.Hooper,TE,TE,NE,12677,90c2a93f-d837-4e1b-b57c-56648903a8db,15581.0,10715.0,3202.0,,3043275.0,29315.0,,2067004.0,HoopAu00,austin-hooper-1,10748.0,11301.0,384.0,29315.0,739424.0,17963.0,739424.0,Austin Hooper,austin hooper,4,5,32.0,0,0.0,0.0,35.0,13.0,3.0,1.240186,0,0.9142857,0.1388889,0.121527776,0.2934028,Austin Hooper,NE,5.653333333333333,4.4951001209355805,5.85,10.956697632604136,80.0,32.0,0.0,4.0,3.782238811468119,0.2177611885318811,00-0032392,Austin,Hooper,A.Hooper,REG,NE,JAX,Austin Hooper,HoopAu00,1.0,0.0,0.0,93.3
2024,REG,7,00-0036244,C.Parkinson,TE,TE,LA,14871,1ea7affb-e5e7-491a-aaa3-55e200b2eb48,19372.0,52266.0,6865.0,,4242557.0,32803.0,,2867522.0,ParkCo02,colby-parkinson-1,14463.0,,565.0,32803.0,0.0,21807.0,1060312.0,Colby Parkinson,colby parkinson,2,2,32.0,0,0.0,0.0,8.0,24.0,1.0,2.5163872,0,4.0,0.09090909,0.056737587,0.17607994,,,,,,,,,,,,,,,,,REG,LA,LV,Colby Parkinson,ParkCo02,1.0,0.0,0.0,118.7
2024,REG,7,00-0037475,S.Smartt,TE,TE,LAC,16113,6ee105f0-ca2e-11ec-be96-e90abdfa0fef,24621.0,,8583.0,,4250764.0,34637.0,,2864800.0,SmarSt00,,16321.0,,,34637.0,0.0,,1056865.0,Stone Smartt,stone smartt,1,2,31.0,0,0.0,0.0,41.0,9.0,1.0,2.010003,0,0.75609756,0.054054055,0.123123124,0.16726726,,,,,,,,,,,,,,,,,REG,LAC,ARI,Stone Smartt,SmarSt00,0.0,1.0,0.5,95.8
2024,REG,7,00-0034383,D.Schultz,TE,TE,HOU,13772,8caec1b4-e0b6-4a84-b8c8-617d6e91ef6a,17349.0,47304.0,5001.0,,3117256.0,31107.0,,2136748.0,SchuDa00,dalton-schultz-1,12514.0,13198.0,487.0,31107.0,830523.0,19920.0,830523.0,Dalton Schultz,dalton schultz,1,2,28.0,0,0.0,0.0,26.0,7.0,1.0,0.6390034,0,1.0769231,0.10526316,0.18978103,0.29074144,,,,,,,,,,,,,,,,,REG,HOU,GB,Dalton Schultz,SchuDa00,0.0,0.0,0.0,95.8
2024,REG,7,00-0032394,N.Vannett,TE,TE,TEN,12680,c731aa8a-778b-4ccd-a19f-517eb66f47b7,15645.0,10728.0,3258.0,,2576399.0,29328.0,,1871322.0,VannNi00,nick-vannett-1,10949.0,11329.0,,29328.0,606488.0,18019.0,606488.0,Nick Vannett,nick vannett,4,4,25.0,0,0.0,0.0,-3.0,28.0,1.0,1.6969388,0,0.0,0.10526316,-0.012931035,0.148843,,,,,,,,,,,,,,,,,REG,TEN,BUF,Nick Vannett,VannNi00,0.0,0.0,0.0,92.7
2024,REG,7,00-0039065,S.LaPorta,TE,TE,DET,16214,3059f1e5-1871-4458-9e90-9b9917874c61,22978.0,,10859.0,,4430027.0,40064.0,,3124197.0,LaPoSa01,sam-laporta-1,17033.0,,1429.0,40064.0,0.0,,1168926.0,Sam LaPorta,sam laporta,1,2,25.0,0,0.0,0.0,21.0,4.0,1.0,2.0702896,0,1.1904762,0.08,0.11931818,0.20352273,,,,,,,,,,,,,,,,,REG,DET,MIN,Sam LaPorta,LaPoSa01,0.0,0.0,0.0,95.8
2024,REG,7,00-0036232,H.Bryant,TE,TE,LV,14875,f58a5899-8b78-46e8-a29a-ba6273b7d872,19389.0,26394.0,6850.0,,4040774.0,32785.0,,2241240.0,BryaHa00,harrison-bryant-1,14576.0,,752.0,32785.0,0.0,21783.0,916467.0,Harrison Bryant,harrison bryant,2,2,19.0,0,0.0,0.0,2.0,17.0,2.0,2.2431657,0,9.5,0.057142857,0.00862069,0.09174877,,,,,,,,,,,,,,,,,REG,LV,LA,Harrison Bryant,BryaHa00,0.0,0.0,0.0,106.2
2024,REG,7,00-0036040,J.Johnson,TE,TE,NO,14861,0226b03b-f91d-4223-9813-9fcd2e9c3acc,19562.0,28305.0,7002.0,,3929645.0,33113.0,,2186637.0,JohnJu02,,14630.0,,575.0,33113.0,0.0,21738.0,884609.0,Juwan Johnson,juwan johnson,3,6,18.0,0,0.0,0.0,30.0,15.0,1.0,-1.1121622,0,0.6,0.15384616,0.10948905,0.30741158,Juwan Johnson,NO,2.596,2.8067016989536966,5.1383333333333345,11.7210964528761,50.0,18.0,0.0,5.456666666666666,4.41011987780098,1.0465467888656859,00-0036040,Juwan,Johnson,J.Johnson,REG,NO,DEN,Juwan Johnson,JohnJu02,0.0,1.0,0.167,56.2
2024,REG,7,00-0030506,T.Kelce,TE,TE,KC,11244,c3859e06-5f23-4302-a71b-04820a899d5f,11594.0,7844.0,1466.0,traviskelce/2540258,15847.0,26686.0,,1725130.0,KelcTr00,travis-kelce-1,8783.0,8411.0,264.0,26686.0,448240.0,15048.0,448240.0,Travis Kelce,travis kelce,4,5,17.0,0,0.0,0.0,38.0,12.0,2.0,0.41625667,0,0.4473684,0.2,0.17592593,0.42314816,Travis Kelce,KC,8.7575,2.554673186633322,7.264000000000001,17.413817902862352,80.0,17.0,0.0,3.157499999999999,4.624876435508952,-1.4673764355089531,00-0030506,Travis,Kelce,T.Kelce,REG,KC,SF,Travis Kelce,KelcTr00,0.0,0.0,0.0,80.8
2024,REG,7,00-0037838,I.Likely,TE,TE,BAL,15798,f9279edb-cfa7-4f7d-91df-b81cbf3e133e,23781.0,,8131.0,,4361050.0,34095.0,,2961906.0,LikeIs00,isaiah-likely-1,16033.0,,1257.0,34095.0,0.0,,1125111.0,Isaiah Likely,isaiah likely,2,4,17.0,0,0.0,0.0,33.0,6.0,2.0,-0.37432882,0,0.5151515,0.1904762,0.1875,0.4169643,,,,,,,,,,,,,,,,,REG,BAL,TB,Isaiah Likely,LikeIs00,0.0,0.0,0.0,61.5
2024,REG,7,00-0039359,C.Stover,TE,TE,HOU,16642,559d5222-0403-4a14-94c7-c7bd5072c939,25269.0,,11599.0,,4426496.0,40987.0,,3125978.0,StovCa00,cade-stover-1,17794.0,,1613.0,40987.0,0.0,,1175182.0,Cade Stover,cade stover,1,1,15.0,0,0.0,0.0,2.0,13.0,0.0,1.3897812,0,7.5,0.05263158,0.01459854,0.08916634,,,,,,,,,,,,,,,,,REG,HOU,GB,Cade Stover,StovCa00,1.0,0.0,0.0,118.7
2024,REG,7,00-0038046,C.Kolar,TE,TE,BAL,15795,3c048ac9-2c0f-4bf0-9ddc-ce99c9387ac8,22756.0,,8127.0,,4241263.0,34084.0,,2866273.0,KolaCh00,charlie-kolar-1,15924.0,,,34084.0,0.0,,1058648.0,Charlie Kolar,charlie kolar,1,1,14.0,0,0.0,0.0,11.0,3.0,1.0,0.90818036,0,1.2727273,0.04761905,0.0625,0.11517857,,,,,,,,,,,,,,,,,REG,BAL,TB,Charlie Kolar,KolaCh00,0.0,0.0,0.0,118.7
2024,REG,7,00-0038115,D.Bellinger,TE,TE,NYG,15873,42a1c03e-790e-46ba-b0d5-d304e44c02c7,24238.0,,8225.0,,4361516.0,34068.0,,2963615.0,BellDa00,daniel-bellinger-1,16036.0,,1322.0,34068.0,0.0,,1122035.0,Daniel Bellinger,daniel bellinger,1,1,11.0,0,0.0,0.0,3.0,8.0,1.0,0.824907,0,3.6666667,0.037037037,0.015625,0.06649306,,,,,,,,,,,,,,,,,REG,NYG,PHI,Daniel Bellinger,BellDa00,0.0,0.0,0.0,112.5
2024,REG,7,00-0033246,J.Mundt,TE,TE,MIN,13940,6414998b-5831-44aa-8bd8-39e42a323c2c,16743.0,12206.0,4314.0,,3052096.0,30373.0,,2818622.0,MundJo00,,12316.0,12525.0,,30373.0,740704.0,19165.0,740704.0,Johnny Mundt,johnny mundt,4,5,8.0,0,0.0,0.0,6.0,7.0,0.0,-3.5968142,0,1.3333334,0.1923077,0.027272727,0.30755246,Johnny Mundt,MIN,5.6899999999999995,3.935675760598806,1.2299999999999998,2.920921396342911,80.0,8.0,0.0,1.8949999999999996,2.5780399426857628,-0.6830399426857632,00-0033246,Johnny,Mundt,J.Mundt,REG,MIN,DET,Johnny Mundt,MundJo00,0.0,1.0,0.2,79.2
2024,REG,7,00-0031690,E.Tomlinson,TE,TE,LAC,13065,b3d7169b-9cf6-4fea-815a-26e4fb0ec16a,14339.0,9786.0,2755.0,,2511973.0,28658.0,,1759992.0,TomlEr01,,10553.0,10747.0,,28658.0,554431.0,17223.0,554431.0,Eric Tomlinson,eric tomlinson,1,1,7.0,0,0.0,0.0,-3.0,10.0,0.0,-0.19657573,0,0.0,0.027027028,-0.009009009,0.034234233,,,,,,,,,,,,,,,,,REG,LAC,ARI,Eric Tomlinson,TomlEr01,1.0,0.0,0.0,95.8
2024,REG,7,00-0034270,T.Conklin,TE,TE,NYJ,13675,f0d17dfa-ebf3-416c-a8d2-c6bc30675103,17598.0,47327.0,5133.0,,3915486.0,31220.0,,2165249.0,ConkTy00,tyler-conklin-1,12809.0,13220.0,489.0,31127.0,861278.0,19988.0,861278.0,Tyler Conklin,tyler conklin,4,4,7.0,1,0.0,0.0,-1.0,8.0,1.0,0.057696044,0,0.0,0.102564104,-0.0049261083,0.15039788,,,,,,,,,,,,,,,,,REG,NYJ,PIT,Tyler Conklin,ConkTy00,0.0,0.0,0.0,118.7
2024,REG,7,00-0039912,B.Sinnott,TE,TE,WAS,16644,b5c717af-9116-483c-9ab3-c9db0a988ab8,26310.0,,11596.0,,4690923.0,40931.0,,3168647.0,SinnBe00,ben-sinnott-1,17833.0,,1615.0,40931.0,0.0,,1228920.0,Ben Sinnott,ben sinnott,2,2,6.0,1,0.0,0.0,0.0,6.0,1.0,0.98926795,0,0.0,0.08,0.0,0.12,,,,,,,,,,,,,,,,,REG,WAS,CAR,Ben Sinnott,SinnBe00,0.0,0.0,0.0,118.7
2024,REG,7,00-0035249,J.Oliver,TE,TE,MIN,14209,dc83f7af-7b30-4c4a-9c93-f67bd8db954b,18487.0,47083.0,5973.0,,3921690.0,31901.0,,2184618.0,OlivJo00,josh-oliver-1,13786.0,14127.0,7.0,31901.0,881779.0,20899.0,881779.0,Josh Oliver,josh oliver,1,1,5.0,0,0.0,0.0,5.0,0.0,0.0,-0.22819413,0,1.0,0.03846154,0.022727273,0.073601395,,,,,,,,,,,,,,,,,REG,MIN,DET,Josh Oliver,OlivJo00,0.0,0.0,0.0,87.5
2024,REG,7,00-0035689,D.Knox,TE,TE,BUF,14143,5fb525c5-4e70-4ede-8c49-94ad0cf66b7d,18631.0,35883.0,5906.0,,3930086.0,31928.0,,2186345.0,KnoxDa00,dawson-knox-1,13466.0,13953.0,88.0,31928.0,884083.0,20850.0,884083.0,Dawson Knox,dawson knox,1,3,5.0,0,0.0,0.0,31.0,0.0,0.0,-1.8362468,0,0.16129032,0.09375,0.109540634,0.21730344,,,,,,,,,,,,,,,,,REG,BUF,TEN,Dawson Knox,KnoxDa00,0.0,0.0,0.0,42.4
2024,REG,7,00-0037004,H.Long,TE,TE,LA,15334,ebc576d0-a98b-4f82-aaf9-901a3911487d,22783.0,60859.0,7535.0,,4239944.0,33469.0,,2867428.0,LongHu00,hunter-long-3,15246.0,,1056.0,33469.0,0.0,,1060550.0,Hunter Long,hunter long,1,1,5.0,0,0.0,0.0,5.0,0.0,0.0,0.23131321,0,1.0,0.045454547,0.035460994,0.09300451,,,,,,,,,,,,,,,,,REG,LA,LV,Hunter Long,LongHu00,0.0,0.0,0.0,87.5
2024,REG,7,00-0037086,G.Calcaterra,TE,TE,PHI,15804,f6988cfa-2dcf-490b-ac80-9af8e4292efa,24180.0,,8177.0,,4241374.0,34154.0,,2804129.0,CalcGr00,grant-calcaterra-1,16039.0,,,34154.0,0.0,,976221.0,Grant Calcaterra,grant calcaterra,1,1,5.0,0,0.0,0.0,5.0,0.0,0.0,0.13340499,0,1.0,0.071428575,0.05,0.14214286,,,,,,,,,,,,,,,,,REG,PHI,NYG,Grant Calcaterra,CalcGr00,0.0,0.0,0.0,87.5
2024,REG,7,00-0038394,W.Mallory,TE,TE,IND,16220,5d4a5e4f-7c74-4b4c-b8e5-33bb831e3057,23821.0,,10220.0,,4362523.0,40180.0,,2962073.0,MallWi00,will-mallory-1,17014.0,,1435.0,,0.0,,1121873.0,Will Mallory,will mallory,1,1,5.0,0,0.0,0.0,5.0,0.0,0.0,-0.014406381,0,1.0,0.045454547,0.021551725,0.083268024,,,,,,,,,,,,,,,,,REG,IND,MIA,Will Mallory,MallWi00,1.0,0.0,0.0,87.5
2024,REG,7,00-0039793,A.Barner,TE,TE,SEA,16723,e96127b4-d381-43d4-b0ae-8790c706756f,26335.0,,11603.0,,4576297.0,41001.0,,3169283.0,BarnAJ00,aj-barner-1,17811.0,,1629.0,41001.0,0.0,,1229503.0,AJ Barner,aj barner,1,1,5.0,0,0.0,0.0,4.0,1.0,0.0,0.033153076,0,1.25,0.035714287,0.010752688,0.06109831,,,,,,,,,,,,,,,,,REG,SEA,ATL,AJ Barner,BarnAJ00,0.0,0.0,0.0,87.5
2024,REG,7,00-0034365,I.Thomas,TE,TE,CAR,13678,ed8a8fd2-df67-45e7-a34f-984afb82f6ea,17387.0,42130.0,4995.0,,4045305.0,31071.0,,2253359.0,ThomIa00,ian-thomas-3,12858.0,13163.0,323.0,31071.0,943093.0,19910.0,943093.0,Ian Thomas,ian thomas,2,2,4.0,0,0.0,0.0,-1.0,5.0,1.0,0.228282,0,0.0,0.11764706,-0.015873017,0.16535948,,,,,,,,,,,,,,,,,REG,CAR,WAS,Ian Thomas,ThomIa00,0.0,0.0,0.0,79.2
2024,REG,7,00-0038720,J.Hill,TE,TE,MIA,16425,516da3c0-f016-11ed-a518-572ef5cb73b6,25824.0,,11371.0,,4365395.0,40629.0,,2961743.0,HillJu02,,17335.0,,,40629.0,0.0,,1123630.0,Julian Hill,julian hill,1,2,4.0,0,0.0,0.0,14.0,2.0,0.0,-1.0784589,0,0.2857143,0.09090909,0.08383234,0.19504628,,,,,,,,,,,,,,,,,REG,MIA,IND,Julian Hill,HillJu02,0.0,0.0,0.0,56.2
2024,REG,7,00-0034829,M.Gesicki,TE,TE,CIN,13672,1012cbe0-7eba-4169-bfca-183a0204e1a7,17272.0,47153.0,4993.0,,3116164.0,31012.0,,2139298.0,GesiMi00,mike-gesicki-1,12764.0,13104.0,330.0,31012.0,836152.0,19853.0,836152.0,Mike Gesicki,mike gesicki,1,1,2.0,0,0.0,0.0,2.0,0.0,0.0,-0.3148673,0,1.0,0.041666668,0.0076923077,0.06788462,,,,,,,,,,,,,,,,,REG,CIN,CLE,Mike Gesicki,GesiMi00,0.0,0.0,0.0,79.2
2024,REG,7,00-0038809,B.Sims,TE,TE,GB,16483,cef32a80-e761-11ed-ac46-e3b4ebd723e5,25349.0,,11082.0,,4373030.0,40335.0,,2964709.0,SimsBe00,,17012.0,,,40335.0,0.0,,1129452.0,Ben Sims,ben sims,1,1,2.0,0,0.0,0.0,2.0,0.0,0.0,-0.32011917,0,1.0,0.030303031,0.0067340066,0.05016835,,,,,,,,,,,,,,,,,REG,GB,HOU,Ben Sims,SimsBe00,0.0,0.0,0.0,79.2
2024,REG,7,00-0039041,E.Higgins,TE,TE,ARI,16333,a01b7698-d67f-4b60-b2fb-4c667336b718,23119.0,,10231.0,,4426844.0,40226.0,,3122914.0,HiggEl00,elijah-higgins-1,16959.0,,1469.0,40226.0,0.0,,1161853.0,Elijah Higgins,elijah higgins,1,1,1.0,0,0.0,0.0,-2.0,3.0,0.0,-0.50494266,0,0.0,0.04,-0.014814815,0.04962963,,,,,,,,,,,,,,,,,REG,ARI,LAC,Elijah Higgins,HiggEl00,0.0,0.0,0.0,79.2
2024,REG,7,00-0039737,T.Reiman,TE,TE,ARI,16706,44767e85-080f-4212-b2f2-cba160c81a9f,26432.0,,11716.0,,4696700.0,40959.0,,3169268.0,ReimTi00,tip-reiman-1,17966.0,,1628.0,40959.0,0.0,,1229489.0,Tip Reiman,tip reiman,1,1,1.0,0,0.0,0.0,0.0,1.0,0.0,-0.58288467,0,0.0,0.04,0.0,0.06,,,,,,,,,,,,,,,,,REG,ARI,LAC,Tip Reiman,ReimTi00,0.0,0.0,0.0,79.2
2024,REG,7,00-0033217,M.Alie-Cox,TE,TE,IND,13246,8809c0dd-786b-4255-a7d0-333c9498c19a,16579.0,12078.0,4054.0,moalie-cox/2558832,2998565.0,30112.0,,2815925.0,AlieMo00,,12196.0,12221.0,195.0,30112.0,712506.0,18900.0,712506.0,Mo Alie-Cox,mo alie-cox,0,1,0.0,0,0.0,0.0,2.0,0.0,0.0,-0.46964765,0,0.0,0.045454547,0.00862069,0.0742163,,,,,,,,,,,,,,,,,REG,IND,MIA,Mo Alie-Cox,AlieMo00,0.0,0.0,0.0,39.6
2024,REG,7,00-0034613,T.Hudson,TE,TE,CIN,14370,2fa75e05-cac4-4b40-8924-dbc9ae0c959c,17826.0,66924.0,5409.0,,3050481.0,31257.0,,2926606.0,,,13286.0,,,31257.0,1115394.0,20506.0,1115394.0,Tanner Hudson,tanner hudson,0,1,0.0,0,0.0,0.0,30.0,0.0,0.0,-1.4842052,0,0.0,0.041666668,0.115384616,0.14326923,,,,,,,,,,,,,,,,,,,,,,,,,
2024,REG,7,00-0035547,J.Fortson,TE,TE,KC,15070,a01ffd42-5fdb-42f8-95ab-157025e3fba8,18831.0,94384.0,6665.0,,4408854.0,32600.0,,3117124.0,FortJo01,,14306.0,,,32600.0,0.0,21383.0,1167484.0,Jody Fortson,jody fortson,0,1,0.0,0,0.0,0.0,-6.0,0.0,0.0,-5.465654,0,0.0,0.04,-0.027777778,0.040555555,,,,,,,,,,,,,,,,,REG,KC,SF,Jody Fortson,FortJo01,0.0,0.0,0.0,0.0
2024,REG,7,00-0035631,D.Sample,TE,TE,CIN,14146,15a4f552-ecaf-45bd-9006-aa5dda93bee6,18561.0,47259.0,6001.0,,3127310.0,31884.0,,2139646.0,SampDr00,drew-sample-1,13809.0,14111.0,435.0,31884.0,837824.0,20931.0,837824.0,Drew Sample,drew sample,0,1,0.0,0,0.0,0.0,3.0,0.0,0.0,-1.0226877,0,0.0,0.041666668,0.011538462,0.07057692,,,,,,,,,,,,,,,,,REG,CIN,CLE,Drew Sample,SampDr00,0.0,0.0,0.0,39.6
2024,REG,7,00-0036422,A.Trautman,TE,TE,DEN,14870,4e14183b-f974-4745-9d7f-8f5eb2a92a7d,19423.0,109795.0,6869.0,,3911853.0,32775.0,,2182228.0,TrauAd00,,14541.0,,566.0,32775.0,0.0,21786.0,875444.0,Adam Trautman,adam trautman,0,3,0.0,0,0.0,0.0,0.0,0.0,0.0,-3.9041896,0,,0.12,0.0,0.18,,,,,,,,,,,,,,,,,REG,DEN,NO,Adam Trautman,TrauAd00,0.0,0.0,0.0,39.6
2024,REG,7,00-0036876,K.Granson,TE,TE,IND,15419,bcc0167c-05fd-4b23-981e-60b8784ceb33,22841.0,40630.0,7602.0,,4039160.0,33515.0,,2247146.0,GranKy00,kylen-granson-1,15245.0,,1119.0,33515.0,0.0,,921050.0,Kylen Granson,kylen granson,0,2,0.0,0,0.0,0.0,26.0,0.0,0.0,-1.4440838,0,0.0,0.09090909,0.112068966,0.2148119,,,,,,,,,,,,,,,,,REG,IND,MIA,Kylen Granson,GranKy00,0.0,0.0,0.0,39.6
2024,REG,7,00-0037292,A.Ogletree,TE,TE,IND,15916,59f460a8-b5af-40e6-840c-429762b278b3,24561.0,,8489.0,,4722908.0,34148.0,,2672594.0,OgleAn00,,16277.0,,1315.0,34148.0,0.0,,1271740.0,Andrew Ogletree,andrew ogletree,0,1,0.0,0,0.0,0.0,11.0,0.0,0.0,-0.6090527,0,0.0,0.045454547,0.047413792,0.101371475,,,,,,,,,,,,,,,,,REG,IND,MIA,Andrew Ogletree,OgleAn00,0.0,0.0,0.0,39.6
2024,REG,7,00-0039814,E.All,TE,TE,CIN,16645,5523779b-db60-4158-b232-8391bc7db65b,23837.0,,11592.0,,4427834.0,40989.0,,3121555.0,AllxEr00,erick-all-1,17696.0,,1616.0,40989.0,0.0,,1164533.0,Erick All,erick all,0,1,0.0,0,0.0,0.0,-1.0,0.0,0.0,-0.86866504,0,0.0,0.041666668,-0.0038461538,0.05980769,,,,,,,,,,,,,,,,,REG,CIN,CLE,Erick All,AllxEr00,0.0,1.0,1.0,39.6
2024,REG,8,00-0033288,G.Kittle,TE,TE,SF,13299,2ada91b0-036e-454f-83c3-6d939ff584a9,16499.0,11901.0,4217.0,,3040151.0,30259.0,,2818265.0,KittGe00,george-kittle-1,11892.0,12276.0,298.0,30259.0,733672.0,19063.0,733672.0,George Kittle,george kittle,6,7,128.0,1,0.0,0.0,81.0,71.0,5.0,8.1000395,0,1.5802469,0.28,0.43085107,0.72159576,George Kittle,SF,5.0249999999999995,4.7294215425605755,10.405714285714284,38.478605388272584,85.71428571428571,128.0,1.0,12.208333333333334,5.380986246849261,6.827347086484073,00-0033288,George,Kittle,G.Kittle,REG,SF,DAL,George Kittle,KittGe00,0.0,0.0,0.0,158.3
2024,REG,8,00-0037744,T.McBride,TE,TE,ARI,15794,734d54cc-c869-4e2f-a60f-c59c493f5110,22936.0,,8130.0,,4361307.0,34010.0,,2963385.0,McBrTr01,trey-mcbride-1,15902.0,,1253.0,34010.0,0.0,,1108161.0,Trey McBride,trey mcbride,9,11,124.0,0,0.0,0.0,76.0,43.0,6.0,6.2369637,0,1.6315789,0.33333334,0.2783883,0.6948718,Trey McBride,ARI,6.138,3.1954772053112177,8.268181818181821,30.43434613840183,81.81818181818183,124.0,0.0,5.095555555555553,3.7890160657506065,1.3065394898049463,00-0037744,Trey,McBride,T.McBride,REG,ARI,MIA,Trey McBride,McBrTr01,0.0,0.0,0.0,113.6
2024,REG,8,00-0036970,K.Pitts,TE,TE,ATL,15329,1f3deb24-9ff8-4769-8f42-825eff7742f6,20164.0,83964.0,7553.0,,4360248.0,33392.0,,2964514.0,PittKy00,kyle-pitts-1,15265.0,,1051.0,33392.0,0.0,,1123026.0,Kyle Pitts,kyle pitts,4,5,91.0,2,0.0,0.0,39.0,55.0,3.0,10.528334,0,2.3333333,0.17857143,0.2,0.40785715,Kyle Pitts,ATL,9.514,5.0053565828924675,7.121999999999998,19.42293007526999,80.0,91.0,2.0,14.4275,7.728995006242258,6.6985049937577426,00-0036970,Kyle,Pitts,K.Pitts,REG,ATL,TB,Kyle Pitts,PittKy00,1.0,1.0,0.2,158.3
2024,REG,8,00-0030506,T.Kelce,TE,TE,KC,11244,c3859e06-5f23-4302-a71b-04820a899d5f,11594.0,7844.0,1466.0,traviskelce/2540258,15847.0,26686.0,,1725130.0,KelcTr00,travis-kelce-1,8783.0,8411.0,264.0,26686.0,448240.0,15048.0,448240.0,Travis Kelce,travis kelce,10,12,90.0,1,1.0,0.0,78.0,32.0,6.0,2.6803281,0,1.1538461,0.34285715,0.31325302,0.7335628,Travis Kelce,KC,6.0874999999999995,3.4350368183502464,7.338333333333332,34.30062711798387,83.33333333333334,90.0,1.0,3.746,5.140656165997825,-1.3946561659978252,00-0030506,Travis,Kelce,T.Kelce,REG,KC,LV,Travis Kelce,KelcTr00,0.0,1.0,0.083,91.0
2024,REG,8,00-0036422,A.Trautman,TE,TE,DEN,14870,4e14183b-f974-4745-9d7f-8f5eb2a92a7d,19423.0,109795.0,6869.0,,3911853.0,32775.0,,2182228.0,TrauAd00,,14541.0,,566.0,32775.0,0.0,21786.0,875444.0,Adam Trautman,adam trautman,4,4,85.0,1,0.0,0.0,53.0,32.0,4.0,6.9781685,0,1.6037736,0.10526316,0.1318408,0.25018328,,,,,,,,,,,,,,,,,REG,DEN,CAR,Adam Trautman,TrauAd00,0.0,0.0,0.0,158.3
2024,REG,8,00-0038129,C.Otton,TE,TE,TB,15802,f23517bd-ae85-484a-8ecb-1f7a2d851e48,23181.0,,8111.0,,4243331.0,34062.0,,2815179.0,OttoCa00,cade-otton-1,16032.0,,1261.0,34062.0,0.0,,1049263.0,Cade Otton,cade otton,9,10,81.0,2,0.0,0.0,44.0,39.0,5.0,8.058998,0,1.8409091,0.2173913,0.1442623,0.42707056,Cade Otton,TB,6.8340000000000005,2.5149416239826308,4.512,14.491264131551901,90.0,81.0,2.0,4.313333333333334,2.675075001147244,1.6382583321860902,00-0038129,Cade,Otton,C.Otton,REG,TB,ATL,Cade Otton,OttoCa00,1.0,0.0,0.0,140.0
2024,REG,8,00-0038996,T.Kraft,TE,TE,GB,16222,3a084c5f-6b9f-4703-a0c7-1566bc4b1129,25298.0,,9484.0,,4572680.0,40102.0,,3133332.0,KrafTu00,,16649.0,,1418.0,40102.0,0.0,,1181874.0,Tucker Kraft,tucker kraft,3,3,78.0,1,0.0,0.0,31.0,47.0,3.0,6.7102814,0,2.516129,0.11111111,0.11151079,0.24472421,,,,,,,,,,,,,,,,,REG,GB,JAX,Tucker Kraft,KrafTu00,1.0,0.0,0.0,158.3
2024,REG,8,00-0030061,Z.Ertz,TE,TE,WAS,11247,de3421f7-2147-4835-89a5-724e87bad463,11689.0,7816.0,1339.0,zachertz/2540158,15835.0,26658.0,,1685963.0,ErtzZa00,zach-ertz-1,8781.0,8409.0,305.0,26658.0,503177.0,14856.0,503177.0,Zach Ertz,zach ertz,7,11,77.0,0,0.0,0.0,113.0,14.0,6.0,0.71378803,0,0.6814159,0.32352942,0.2716346,0.67543834,Zach Ertz,WAS,6.702727272727272,3.104335708979938,9.94090909090909,25.928911863040334,63.63636363636363,77.0,0.0,1.777142857142857,2.3370061934371376,-0.5598633362942806,00-0030061,Zachary,Ertz,Z.Ertz,REG,WAS,CHI,Zach Ertz,ErtzZa00,0.0,0.0,0.0,84.3
2024,REG,8,00-0034829,M.Gesicki,TE,TE,CIN,13672,1012cbe0-7eba-4169-bfca-183a0204e1a7,17272.0,47153.0,4993.0,,3116164.0,31012.0,,2139298.0,GesiMi00,mike-gesicki-1,12764.0,13104.0,330.0,31012.0,836152.0,19853.0,836152.0,Mike Gesicki,mike gesicki,7,8,73.0,0,1.0,1.0,56.0,19.0,6.0,4.44959,0,1.3035715,0.22222222,0.19243987,0.46804124,Mike Gesicki,CIN,8.663333333333334,2.824523567199947,7.89875,22.070483042855642,87.5,73.0,0.0,2.147142857142857,3.540815859428132,-1.3936730022852752,00-0034829,Michael,Gesicki,M.Gesicki,REG,CIN,PHI,Mike Gesicki,GesiMi00,0.0,0.0,0.0,104.7
2024,REG,8,00-0033885,D.Njoku,TE,TE,CLE,13192,8f86fcea-90e8-49ea-bc78-5c7659313e57,16399.0,11784.0,4033.0,,3123076.0,30142.0,,2136474.0,NjokDa00,david-njoku-1,11734.0,12186.0,252.0,30142.0,832098.0,18876.0,832098.0,David Njoku,david njoku,5,7,61.0,1,0.0,0.0,60.0,8.0,2.0,2.9203882,0,1.0166667,0.17073171,0.1459854,0.35828733,David Njoku,CLE,10.252500000000001,2.3053382813333676,7.925714285714285,12.897526501766784,71.42857142857143,61.0,1.0,2.5320000000000014,2.093102728105168,0.4388972718948332,00-0033885,David,Njoku,D.Njoku,REG,CLE,BAL,David Njoku,NjokDa00,0.0,1.0,0.143,137.5
2024,REG,8,00-0038935,B.Strange,TE,TE,JAX,16269,94f135f7-9d54-4cbd-b560-fcaf83d414b0,25345.0,,9480.0,,4430539.0,40078.0,,3121696.0,StraBr00,brenton-strange-1,17017.0,,1461.0,40078.0,0.0,,1164940.0,Brenton Strange,brenton strange,5,5,59.0,0,0.0,0.0,30.0,29.0,2.0,3.6853378,0,1.9666667,0.16666667,0.10273973,0.3219178,Brenton Strange,JAX,8.303333333333333,3.2491327216189148,5.166000000000001,9.459459459459461,100.0,59.0,0.0,6.633999999999999,4.519862255086605,2.1141377449133936,00-0038935,Brenton,Strange,B.Strange,REG,JAX,GB,Brenton Strange,StraBr00,1.0,0.0,0.0,115.8
2024,REG,8,00-0037086,G.Calcaterra,TE,TE,PHI,15804,f6988cfa-2dcf-490b-ac80-9af8e4292efa,24180.0,,8177.0,,4241374.0,34154.0,,2804129.0,CalcGr00,grant-calcaterra-1,16039.0,,,34154.0,0.0,,976221.0,Grant Calcaterra,grant calcaterra,3,3,58.0,0,0.0,0.0,29.0,29.0,3.0,4.075806,0,2.0,0.15789473,0.16111112,0.3496199,,,,,,,,,,,,,,,,,REG,PHI,CIN,Grant Calcaterra,CalcGr00,0.0,0.0,0.0,118.7
2024,REG,8,00-0039338,B.Bowers,TE,TE,LV,16641,ad9fc7e3-0a6d-4e41-84c2-cf43b71aee13,22955.0,,11604.0,,4432665.0,40878.0,,26693971.0,BoweBr01,brock-bowers-1,17693.0,,1612.0,40878.0,0.0,,1285917.0,Brock Bowers,brock bowers,5,5,58.0,0,0.0,0.0,29.0,29.0,3.0,5.8808765,0,2.0,0.18518518,0.21167883,0.42595297,Brock Bowers,LV,8.463333333333333,4.835191403331956,5.3359999999999985,21.303098051740655,100.0,58.0,0.0,6.264000000000001,5.0513275005478135,1.2126724994521876,00-0039338,Brock,Bowers,B.Bowers,REG,LV,KC,Brock Bowers,BoweBr01,0.0,0.0,0.0,115.0
2024,REG,8,00-0034383,D.Schultz,TE,TE,HOU,13772,8caec1b4-e0b6-4a84-b8c8-617d6e91ef6a,17349.0,47304.0,5001.0,,3117256.0,31107.0,,2136748.0,SchuDa00,dalton-schultz-1,12514.0,13198.0,487.0,31107.0,830523.0,19920.0,830523.0,Dalton Schultz,dalton schultz,4,6,52.0,0,0.0,0.0,52.0,21.0,3.0,1.5001285,0,1.0,0.16666667,0.18571429,0.38,Dalton Schultz,HOU,7.178333333333335,2.791672209082991,8.756666666666668,17.55839989305885,66.66666666666666,52.0,0.0,5.219999999999999,4.182532358096296,1.037467641903703,00-0034383,Dalton,Schultz,D.Schultz,REG,HOU,IND,Dalton Schultz,SchuDa00,0.0,0.0,0.0,93.7
2024,REG,8,00-0035689,D.Knox,TE,TE,BUF,14143,5fb525c5-4e70-4ede-8c49-94ad0cf66b7d,18631.0,35883.0,5906.0,,3930086.0,31928.0,,2186345.0,KnoxDa00,dawson-knox-1,13466.0,13953.0,88.0,31928.0,884083.0,20850.0,884083.0,Dawson Knox,dawson knox,2,2,50.0,0,0.0,0.0,41.0,9.0,2.0,3.3039258,0,1.2195122,0.0625,0.2,0.23375,,,,,,,,,,,,,,,,,REG,BUF,SEA,Dawson Knox,KnoxDa00,0.0,0.0,0.0,118.7
2024,REG,8,00-0036040,J.Johnson,TE,TE,NO,14861,0226b03b-f91d-4223-9813-9fcd2e9c3acc,19562.0,28305.0,7002.0,,3929645.0,33113.0,,2186637.0,JohnJu02,,14630.0,,575.0,33113.0,0.0,21738.0,884609.0,Juwan Johnson,juwan johnson,3,4,48.0,0,0.0,0.0,49.0,12.0,2.0,2.703258,0,0.97959185,0.10526316,0.17883211,0.2830772,,,,,,,,,,,,,,,,,REG,NO,LAC,Juwan Johnson,JohnJu02,0.0,1.0,0.25,114.6
2024,REG,8,00-0039065,S.LaPorta,TE,TE,DET,16214,3059f1e5-1871-4458-9e90-9b9917874c61,22978.0,,10859.0,,4430027.0,40064.0,,3124197.0,LaPoSa01,sam-laporta-1,17033.0,,1429.0,40064.0,0.0,,1168926.0,Sam LaPorta,sam laporta,6,6,48.0,1,0.0,0.0,3.0,45.0,4.0,4.644641,0,16.0,0.33333334,0.04477612,0.5313433,Sam LaPorta,DET,7.4575,3.537749112726322,1.3849999999999973,13.251475043852635,100.0,48.0,1.0,7.626666666666668,6.705058115734313,0.9216085509323548,00-0039065,Sam,LaPorta,S.LaPorta,REG,DET,TEN,Sam LaPorta,LaPoSa01,1.0,0.0,0.0,139.6
2024,REG,8,00-0037838,I.Likely,TE,TE,BAL,15798,f9279edb-cfa7-4f7d-91df-b81cbf3e133e,23781.0,,8131.0,,4361050.0,34095.0,,2961906.0,LikeIs00,isaiah-likely-1,16033.0,,1257.0,34095.0,0.0,,1125111.0,Isaiah Likely,isaiah likely,4,4,47.0,0,0.0,0.0,1.0,46.0,2.0,4.0230203,0,47.0,0.114285715,0.0027472528,0.17335165,,,,,,,,,,,,,,,,,REG,BAL,CLE,Isaiah Likely,LikeIs00,1.0,0.0,0.0,115.6
2024,REG,8,00-0033090,H.Henry,TE,TE,NE,12676,705899da-3c20-4bc3-b5d0-2e6e40655131,15561.0,10669.0,3214.0,,3046439.0,29269.0,,2079848.0,HenrHu00,hunter-henry-1,10735.0,11299.0,212.0,29269.0,744425.0,17975.0,744425.0,Hunter Henry,hunter henry,5,6,45.0,0,0.0,0.0,40.0,9.0,3.0,4.497026,0,1.125,0.20689656,0.15444015,0.41845295,Hunter Henry,NE,6.59,2.6463771395677327,6.0783333333333305,14.3661860868195,83.33333333333334,45.0,0.0,2.4940000000000024,1.7022801311394005,0.791719868860602,00-0033090,Hunter,Henry,H.Henry,REG,NE,NYJ,Hunter Henry,HenrHu00,0.0,0.0,0.0,97.9
2024,REG,8,00-0034270,T.Conklin,TE,TE,NYJ,13675,f0d17dfa-ebf3-416c-a8d2-c6bc30675103,17598.0,47327.0,5133.0,,3915486.0,31220.0,,2165249.0,ConkTy00,tyler-conklin-1,12809.0,13220.0,489.0,31127.0,861278.0,19988.0,861278.0,Tyler Conklin,tyler conklin,3,4,42.0,1,0.0,0.0,42.0,16.0,3.0,2.8287125,0,1.0,0.16,0.15555556,0.34888887,,,,,,,,,,,,,,,,,REG,NYJ,NE,Tyler Conklin,ConkTy00,0.0,0.0,0.0,147.9
2024,REG,8,00-0034159,W.Dissly,TE,TE,LAC,13763,383f4814-6836-4766-a297-fc063e8509cc,18049.0,30762.0,5010.0,,3127292.0,31090.0,,2139628.0,DissWi00,will-dissly-1,12986.0,13246.0,86.0,31090.0,837806.0,19950.0,837806.0,Will Dissly,will dissly,5,7,41.0,0,0.0,0.0,36.0,22.0,2.0,-0.90870017,0,1.1388888,0.23333333,0.15652174,0.45956522,Will Dissly,LAC,6.906000000000001,2.7276872213554584,4.917142857142857,14.839405044190556,71.42857142857143,41.0,0.0,4.3759999999999994,4.963481350975803,-0.5874813509758035,00-0034159,Will,Dissly,W.Dissly,REG,LAC,NO,Will Dissly,DissWi00,0.0,1.0,0.143,86.0
2024,REG,8,00-0033881,E.Engram,TE,TE,JAX,13189,e21365af-8d66-416e-b0a5-8816d18fcfd9,16411.0,11778.0,4066.0,,3051876.0,30136.0,,2079887.0,EngrEv00,evan-engram-1,11805.0,12205.0,229.0,30136.0,749185.0,18912.0,749185.0,Evan Engram,evan engram,4,5,36.0,1,0.0,0.0,35.0,8.0,2.0,3.0251474,0,1.0285715,0.16666667,0.11986301,0.33390412,Evan Engram,JAX,4.5200000000000005,3.2824658475145325,7.041999999999997,12.894601918992157,80.0,36.0,1.0,2.3950000000000014,1.6901149939201332,0.7048850060798681,00-0033881,Evan,Engram,E.Engram,REG,JAX,GB,Evan Engram,EngrEv00,0.0,0.0,0.0,136.2
2024,REG,8,00-0034753,M.Andrews,TE,TE,BAL,13671,0618f387-9b72-4270-8b8f-dec4cccc9e4a,17269.0,47436.0,5012.0,,3116365.0,31056.0,,2131121.0,AndrMa00,mark-andrews-1,12559.0,13182.0,366.0,31056.0,820699.0,19803.0,820699.0,Mark Andrews,mark andrews,5,5,36.0,1,0.0,0.0,29.0,7.0,2.0,2.6287198,0,1.2413793,0.14285715,0.07967033,0.27005494,Mark Andrews,BAL,3.705,4.052620203574476,5.794000000000001,7.568316003970951,100.0,36.0,1.0,1.592,2.714939365371083,-1.1229393653710829,00-0034753,Mark,Andrews,M.Andrews,REG,BAL,CLE,Mark Andrews,AndrMa00,0.0,0.0,0.0,136.2
2024,REG,8,00-0039847,T.Johnson,TE,TE,NYG,16649,a5d4bb1d-c130-47c2-808a-2dd1f85005fb,23104.0,,11597.0,,4429148.0,41003.0,,3162129.0,JohnTh00,theo-johnson-1,17021.0,,1620.0,41003.0,0.0,,1214414.0,Theo Johnson,theo johnson,3,4,35.0,0,0.0,0.0,36.0,4.0,1.0,0.37588772,0,0.9722222,0.10810811,0.10526316,0.23584637,,,,,,,,,,,,,,,,,REG,NYG,PIT,Theo Johnson,JohnTh00,0.0,1.0,0.25,101.0
2024,REG,8,00-0039793,A.Barner,TE,TE,SEA,16723,e96127b4-d381-43d4-b0ae-8790c706756f,26335.0,,11603.0,,4576297.0,41001.0,,3169283.0,BarnAJ00,aj-barner-1,17811.0,,1629.0,41001.0,0.0,,1229503.0,AJ Barner,aj barner,2,2,34.0,0,0.0,0.0,23.0,11.0,2.0,2.2793972,0,1.4782609,0.074074075,0.28395063,0.30987653,,,,,,,,,,,,,,,,,REG,SEA,BUF,AJ Barner,BarnAJ00,0.0,0.0,0.0,118.7
2024,REG,8,00-0038589,J.Whyle,TE,TE,TEN,16312,601467c7-b593-472d-a147-b8e7bfdbe990,22923.0,,10212.0,,4360086.0,40182.0,,2962513.0,WhylJo01,josh-whyle-1,16866.0,,1471.0,40182.0,0.0,,1107037.0,Josh Whyle,josh whyle,2,2,33.0,0,0.0,0.0,9.0,24.0,1.0,0.26368916,0,3.6666667,0.05263158,0.024657534,0.09620764,,,,,,,,,,,,,,,,,REG,TEN,DET,Josh Whyle,WhylJo01,0.0,0.0,0.0,118.7
2024,REG,8,00-0039814,E.All,TE,TE,CIN,16645,5523779b-db60-4158-b232-8391bc7db65b,23837.0,,11592.0,,4427834.0,40989.0,,3121555.0,AllxEr00,erick-all-1,17696.0,,1616.0,40989.0,0.0,,1164533.0,Erick All,erick all,2,2,32.0,0,0.0,0.0,21.0,11.0,1.0,1.5370929,0,1.5238096,0.055555556,0.072164945,0.1338488,,,,,,,,,,,,,,,,,REG,CIN,PHI,Erick All,AllxEr00,0.0,0.0,0.0,118.7
2024,REG,8,00-0038933,D.Kincaid,TE,TE,BUF,16213,b961fa15-0676-4948-b95f-56d06319d40e,25247.0,,10236.0,,4385690.0,40048.0,,2982991.0,KincDa00,dalton-kincaid-1,16697.0,,1428.0,40048.0,0.0,,1135513.0,Dalton Kincaid,dalton kincaid,4,7,31.0,1,0.0,0.0,50.0,20.0,3.0,2.9798877,0,0.62,0.21875,0.24390244,0.4988567,Dalton Kincaid,BUF,4.322,3.581934453856978,6.70857142857143,23.4319644728307,57.14285714285714,31.0,1.0,5.359999999999999,5.721059050280331,-0.3610590502803319,00-0038933,Dalton,Kincaid,D.Kincaid,REG,BUF,SEA,Dalton Kincaid,KincDa00,0.0,0.0,0.0,107.7
2024,REG,8,00-0035249,J.Oliver,TE,TE,MIN,14209,dc83f7af-7b30-4c4a-9c93-f67bd8db954b,18487.0,47083.0,5973.0,,3921690.0,31901.0,,2184618.0,OlivJo00,josh-oliver-1,13786.0,14127.0,7.0,31901.0,881779.0,20899.0,881779.0,Josh Oliver,josh oliver,2,2,30.0,1,0.0,0.0,8.0,22.0,2.0,2.7443063,0,3.75,0.08695652,0.033898305,0.1541636,,,,,,,,,,,,,,,,,REG,MIN,LA,Josh Oliver,OlivJo00,0.0,0.0,0.0,158.3
2024,REG,8,00-0038558,D.Washington,TE,TE,PIT,16216,1984b8b5-d206-4d6a-8204-c5dd0160e9f5,22967.0,,9479.0,,4430802.0,40094.0,,3163963.0,WashDa03,darnell-washington-1,16889.0,,1431.0,40094.0,0.0,,1218658.0,Darnell Washington,darnell washington,1,1,29.0,0,0.0,0.0,16.0,13.0,1.0,1.5657537,0,1.8125,0.037037037,0.06225681,0.099135324,,,,,,,,,,,,,,,,,REG,PIT,NYG,Darnell Washington,WashDa03,0.0,0.0,0.0,118.7
2024,REG,8,00-0036637,N.Gray,TE,TE,KC,15337,c97dfcb6-b999-476f-8487-f3848e92df17,19539.0,60878.0,7828.0,,4240472.0,33550.0,,2866903.0,GrayNo00,noah-gray-1,15459.0,,1059.0,33550.0,0.0,,1056981.0,Noah Gray,noah gray,3,3,23.0,0,0.0,0.0,18.0,5.0,2.0,2.95871,0,1.2777778,0.08571429,0.072289154,0.17917384,,,,,,,,,,,,,,,,,REG,KC,LV,Noah Gray,GrayNo00,0.0,0.0,0.0,98.6
2024,REG,8,00-0038041,J.Ferguson,TE,TE,DAL,15799,f46eab3d-d7dd-4420-b3f9-6da9ac1308ab,22718.0,,8110.0,,4242355.0,34085.0,,2867159.0,FergJa00,jake-ferguson-1,15947.0,,1258.0,34085.0,0.0,,1065361.0,Jake Ferguson,jake ferguson,6,8,23.0,0,1.0,0.0,16.0,31.0,1.0,-2.3262153,0,1.4375,0.21621622,0.046783626,0.35707286,Jake Ferguson,DAL,7.637499999999999,5.2664156301203935,1.0012499999999984,2.322883739813817,75.0,23.0,0.0,5.048333333333335,5.31952212360405,-0.2711887902707151,00-0038041,Jake,Ferguson,J.Ferguson,REG,DAL,SF,Jake Ferguson,FergJa00,2.0,0.0,0.0,77.1
2024,REG,8,00-0035644,N.Fant,TE,TE,SEA,14137,cdc98acc-9eb6-4b44-81bb-61d7b8a3b55f,17527.0,42388.0,5857.0,,4036131.0,31852.0,,2251095.0,FantNo00,noah-fant-1,13426.0,14050.0,243.0,31852.0,923911.0,20753.0,923911.0,Noah Fant,noah fant,3,4,22.0,0,0.0,0.0,-3.0,15.0,1.0,0.06288559,0,0.0,0.14814815,-0.037037037,0.19629629,,,,,,,,,,,,,,,,,REG,SEA,BUF,Noah Fant,FantNo00,0.0,0.0,0.0,87.5
2024,REG,8,00-0033357,T.Hill,TE,TE,NO,13424,3c8a55dd-20a8-4375-b711-49eb5e6e1d0e,17115.0,12112.0,4381.0,,2468609.0,30614.0,,2818935.0,HillTa00,,12063.0,12729.0,150.0,30614.0,503184.0,19238.0,503184.0,Taysom Hill,taysom hill,2,4,21.0,0,0.0,0.0,14.0,14.0,0.0,-2.0589,0,1.5,0.10526316,0.05109489,0.19366115,,,,,,,,,,,,,,,,,REG,NO,LAC,Taysom Hill,HillTa00,1.0,1.0,0.25,65.6
2024,REG,8,00-0033858,J.Smith,TE,TE,MIA,13193,e4f25a37-74de-4bfb-b6c9-f50a4fab0b87,16460.0,11855.0,4144.0,,3054212.0,30213.0,,2081506.0,SmitJo01,jonnu-smith-1,11807.0,12344.0,84.0,30213.0,743749.0,18990.0,743749.0,Jonnu Smith,jonnu smith,4,6,20.0,0,0.0,0.0,43.0,4.0,3.0,1.4157623,0,0.4651163,0.15789473,0.22395833,0.39361295,Jonnu Smith,MIA,6.208333333333333,1.5944422495190924,8.714000000000002,22.41255144032922,66.66666666666666,20.0,0.0,0.3349999999999991,3.0650193781646635,-2.7300193781646644,00-0033858,Jonnu,Smith,J.Smith,REG,MIA,ARI,Jonnu Smith,SmitJo01,0.0,2.0,0.333,71.5
2024,REG,8,00-0036628,J.Bates,TE,TE,WAS,15344,3208880b-949f-4926-85eb-1940770550ea,22833.0,42275.0,7716.0,,4048228.0,33512.0,,2257291.0,BateJo00,john-bates-1,15289.0,,,33512.0,0.0,,944038.0,John Bates,john bates,1,2,20.0,0,0.0,0.0,7.0,19.0,1.0,0.7409777,0,2.857143,0.05882353,0.016826924,0.10001414,,,,,,,,,,,,,,,,,REG,WAS,CHI,John Bates,BateJo00,1.0,0.0,0.0,85.4
2024,REG,8,00-0036894,P.Freiermuth,TE,TE,PIT,15331,04f0fefe-9d9d-44f5-94ea-6df2a42df3c6,20163.0,84085.0,7600.0,,4361411.0,33443.0,,2961270.0,FreiPa00,pat-freiermuth-1,15267.0,,1053.0,33443.0,0.0,,1116662.0,Pat Freiermuth,pat freiermuth,2,2,19.0,0,0.0,0.0,9.0,10.0,1.0,1.7079642,0,2.1111112,0.074074075,0.035019454,0.13562474,,,,,,,,,,,,,,,,,REG,PIT,NYG,Pat Freiermuth,FreiPa00,0.0,0.0,0.0,106.2
2024,REG,8,00-0039359,C.Stover,TE,TE,HOU,16642,559d5222-0403-4a14-94c7-c7bd5072c939,25269.0,,11599.0,,4426496.0,40987.0,,3125978.0,StovCa00,cade-stover-1,17794.0,,1613.0,40987.0,0.0,,1175182.0,Cade Stover,cade stover,2,3,19.0,0,0.0,0.0,25.0,14.0,1.0,0.14748247,0,0.76,0.083333336,0.08928572,0.1875,,,,,,,,,,,,,,,,,REG,HOU,IND,Cade Stover,StovCa00,1.0,0.0,0.0,84.0
2024,REG,8,00-0037004,H.Long,TE,TE,LA,15334,ebc576d0-a98b-4f82-aaf9-901a3911487d,22783.0,60859.0,7535.0,,4239944.0,33469.0,,2867428.0,LongHu00,hunter-long-3,15246.0,,1056.0,33469.0,0.0,,1060550.0,Hunter Long,hunter long,1,1,18.0,0,0.0,0.0,10.0,8.0,1.0,1.0013835,0,1.8,0.029411765,0.038610037,0.07114468,,,,,,,,,,,,,,,,,REG,LA,MIN,Hunter Long,LongHu00,0.0,0.0,0.0,118.7
2024,REG,8,00-0037539,L.Krull,TE,TE,DEN,15970,767b4820-cc9f-11ec-952e-a10f2c98fc4d,24240.0,,8249.0,,4360231.0,34654.0,,2961761.0,KrulLu00,,16259.0,,1328.0,34654.0,0.0,,1122323.0,Lucas Krull,lucas krull,2,2,18.0,0,0.0,0.0,9.0,9.0,1.0,-0.57809013,0,2.0,0.05263158,0.02238806,0.09461901,,,,,,,,,,,,,,,,,REG,DEN,CAR,Lucas Krull,KrulLu00,1.0,0.0,0.0,104.2
2024,REG,8,00-0036244,C.Parkinson,TE,TE,LA,14871,1ea7affb-e5e7-491a-aaa3-55e200b2eb48,19372.0,52266.0,6865.0,,4242557.0,32803.0,,2867522.0,ParkCo02,colby-parkinson-1,14463.0,,565.0,32803.0,0.0,21807.0,1060312.0,Colby Parkinson,colby parkinson,2,2,17.0,0,0.0,0.0,12.0,5.0,2.0,1.7198073,0,1.4166666,0.05882353,0.046332046,0.120667726,,,,,,,,,,,,,,,,,REG,LA,MIN,Colby Parkinson,ParkCo02,0.0,0.0,0.0,102.1
2024,REG,8,00-0032392,A.Hooper,TE,TE,NE,12677,90c2a93f-d837-4e1b-b57c-56648903a8db,15581.0,10715.0,3202.0,,3043275.0,29315.0,,2067004.0,HoopAu00,austin-hooper-1,10748.0,11301.0,384.0,29315.0,739424.0,17963.0,739424.0,Austin Hooper,austin hooper,3,4,15.0,0,0.0,0.0,13.0,19.0,1.0,0.72447515,0,1.1538461,0.13793103,0.05019305,0.2420317,,,,,,,,,,,,,,,,,REG,NE,NYJ,Austin Hooper,HoopAu00,1.0,0.0,0.0,80.2
2024,REG,8,00-0036290,C.Kmet,TE,TE,CHI,14867,036feeb6-9a22-43c5-a8e3-7ac611d8ff49,19229.0,60995.0,6826.0,,4258595.0,32713.0,,2868619.0,KmetCo00,cole-kmet-1,14436.0,,569.0,32713.0,0.0,21772.0,1066765.0,Cole Kmet,cole kmet,1,1,14.0,0,0.0,0.0,7.0,7.0,1.0,0.6420027,1,2.0,0.04761905,0.025179856,0.08905447,,,,,,,,,,,,,,,,,REG,CHI,WAS,Cole Kmet,KmetCo00,0.0,0.0,0.0,118.7
2024,REG,8,00-0037805,J.Ruckert,TE,TE,NYJ,15796,28f3732b-0910-4d09-9fd4-e43b821dc5bb,23742.0,,8145.0,,4361372.0,34057.0,,2965446.0,RuckJe00,jeremy-ruckert-1,15996.0,,1255.0,34057.0,0.0,,1122596.0,Jeremy Ruckert,jeremy ruckert,3,3,14.0,0,0.0,0.0,0.0,14.0,1.0,0.32996678,0,0.0,0.12,0.0,0.18,,,,,,,,,,,,,,,,,REG,NYJ,NE,Jeremy Ruckert,RuckJe00,0.0,0.0,0.0,86.1
2024,REG,8,00-0037809,C.Okonkwo,TE,TE,TEN,15889,14e11f9b-58c8-437f-abc0-a4e4df9a7c47,23982.0,,8210.0,,4360635.0,34099.0,,2965208.0,OkonCh00,chigoziem-okonkwo-1,16042.0,,1320.0,34099.0,0.0,,1106374.0,Chigoziem Okonkwo,chigoziem okonkwo,2,5,14.0,0,1.0,1.0,31.0,10.0,1.0,-12.398873,0,0.4516129,0.13157895,0.08493151,0.25682047,Chig Okonkwo,TEN,6.760000000000001,2.5525973507548754,6.803999999999998,9.071274298056153,40.0,14.0,0.0,5.314999999999998,6.868520246026492,-1.553520246026494,00-0037809,Chigoziem,Okonkwo,C.Okonkwo,REG,TEN,DET,Chigoziem Okonkwo,OkonCh00,0.0,0.0,0.0,8.3
2024,REG,8,00-0036429,C.Woerner,TE,TE,ATL,14984,527dfee0-a242-4dc7-830a-ab7028308259,19665.0,42257.0,7075.0,,4035020.0,32860.0,,2248629.0,WoerCh00,charlie-woerner-1,14608.0,,,32860.0,0.0,22119.0,922040.0,Charlie Woerner,charlie woerner,1,1,13.0,0,0.0,0.0,4.0,9.0,1.0,0.82645506,0,3.25,0.035714287,0.020512821,0.0679304,,,,,,,,,,,,,,,,,REG,ATL,TB,Charlie Woerner,WoerCh00,0.0,0.0,0.0,118.7
2024,REG,8,00-0037005,T.Tremble,TE,TE,CAR,15332,cbee2fd3-e5f2-4316-bffd-531f1873f032,22795.0,84025.0,7694.0,,4372780.0,33471.0,,2969027.0,TremTo00,tommy-tremble-1,15371.0,,1054.0,33471.0,0.0,,1130555.0,Tommy Tremble,tommy tremble,2,3,13.0,0,0.0,0.0,16.0,11.0,1.0,-1.6550963,0,0.8125,0.08571429,0.051948052,0.16493507,,,,,,,,,,,,,,,,,REG,CAR,DEN,Tommy Tremble,TremTo00,0.0,0.0,0.0,36.1
2024,REG,8,00-0039041,E.Higgins,TE,TE,ARI,16333,a01b7698-d67f-4b60-b2fb-4c667336b718,23119.0,,10231.0,,4426844.0,40226.0,,3122914.0,HiggEl00,elijah-higgins-1,16959.0,,1469.0,40226.0,0.0,,1161853.0,Elijah Higgins,elijah higgins,2,2,13.0,0,0.0,0.0,6.0,7.0,0.0,0.90902215,0,2.1666667,0.060606062,0.021978023,0.10629371,,,,,,,,,,,,,,,,,REG,ARI,MIA,Elijah Higgins,HiggEl00,0.0,0.0,0.0,93.7
2024,REG,8,00-0038720,J.Hill,TE,TE,MIA,16425,516da3c0-f016-11ed-a518-572ef5cb73b6,25824.0,,11371.0,,4365395.0,40629.0,,2961743.0,HillJu02,,17335.0,,,40629.0,0.0,,1123630.0,Julian Hill,julian hill,3,3,11.0,0,1.0,0.0,3.0,8.0,0.0,0.41379848,0,3.6666667,0.078947365,0.015625,0.12935856,,,,,,,,,,,,,,,,,REG,MIA,ARI,Julian Hill,HillJu02,0.0,0.0,0.0,81.9
2024,REG,8,00-0031585,M.Pruitt,TE,TE,PIT,12309,f22b34cf-6ecf-4522-9c77-1da275dfda7d,13964.0,9576.0,2446.0,,2508256.0,28531.0,,1760327.0,PruiMy00,,10251.0,10522.0,,28531.0,552586.0,16903.0,552586.0,MyCole Pruitt,mycole pruitt,1,1,10.0,0,0.0,0.0,7.0,3.0,0.0,0.69916147,0,1.4285715,0.037037037,0.027237354,0.0746217,,,,,,,,,,,,,,,,,REG,PIT,NYG,MyCole Pruitt,PruiMy00,0.0,0.0,0.0,108.3
2024,REG,8,00-0033246,J.Mundt,TE,TE,MIN,13940,6414998b-5831-44aa-8bd8-39e42a323c2c,16743.0,12206.0,4314.0,,3052096.0,30373.0,,2818622.0,MundJo00,,12316.0,12525.0,,30373.0,740704.0,19165.0,740704.0,Johnny Mundt,johnny mundt,1,2,10.0,0,0.0,0.0,31.0,5.0,1.0,0.0034376155,0,0.32258064,0.08695652,0.13135593,0.22238393,,,,,,,,,,,,,,,,,REG,MIN,LA,Johnny Mundt,MundJo00,0.0,0.0,0.0,64.6
2024,REG,8,00-0038046,C.Kolar,TE,TE,BAL,15795,3c048ac9-2c0f-4bf0-9ddc-ce99c9387ac8,22756.0,,8127.0,,4241263.0,34084.0,,2866273.0,KolaCh00,charlie-kolar-1,15924.0,,,34084.0,0.0,,1058648.0,Charlie Kolar,charlie kolar,1,2,9.0,0,0.0,0.0,3.0,9.0,0.0,0.55781275,0,3.0,0.057142857,0.008241759,0.09148352,,,,,,,,,,,,,,,,,REG,BAL,CLE,Charlie Kolar,KolaCh00,0.0,0.0,0.0,62.5
2024,REG,8,00-0036754,B.Wright,TE,TE,DET,15626,8f182089-7730-499e-8f2e-87bda32debfb,23341.0,60994.0,7891.0,,4242392.0,33774.0,,2807423.0,WrigBr01,,15681.0,,1162.0,33774.0,0.0,,978120.0,Brock Wright,brock wright,1,1,8.0,1,0.0,0.0,2.0,6.0,1.0,1.4760393,0,4.0,0.055555556,0.029850746,0.104228854,,,,,,,,,,,,,,,,,REG,DET,TEN,Brock Wright,WrigBr01,0.0,0.0,0.0,139.6
2024,REG,8,00-0032141,G.Swaim,TE,TE,CLE,12378,d0f9112d-2496-450a-9fc5-d2d01b4d2454,14164.0,9679.0,2545.0,geoffswaim/2553454,3046704.0,28634.0,,2174207.0,SwaiGe00,geoff-swaim-1,10507.0,10617.0,,28634.0,728021.0,17005.0,728021.0,Geoff Swaim,geoff swaim,1,1,7.0,0,0.0,0.0,2.0,5.0,0.0,0.3116976,0,3.5,0.024390243,0.00486618,0.03999169,,,,,,,,,,,,,,,,,REG,CLE,BAL,Geoff Swaim,SwaiGe00,0.0,0.0,0.0,95.8
2024,REG,8,00-0039356,J.Sanders,TE,TE,CAR,16643,ffd2ff3f-4b56-4232-be8e-bf163c29f406,24334.0,,11600.0,,4431588.0,40995.0,,26731381.0,SandJa01,jatavion-sanders-1,17748.0,,1614.0,40995.0,0.0,,1326628.0,Ja'Tavion Sanders,jatavion sanders,1,1,7.0,0,0.0,0.0,6.0,1.0,0.0,0.19352649,0,1.1666666,0.028571429,0.019480519,0.056493506,,,,,,,,,,,,,,,,,REG,CAR,DEN,Ja'Tavion Sanders,SandJa01,0.0,0.0,0.0,95.8
2024,REG,8,00-0036741,J.Stoll,TE,TE,PHI,15541,0560d134-d316-4cda-9d48-34d32267af68,23193.0,42058.0,7946.0,,4034862.0,33891.0,,2239684.0,StolJa00,,15510.0,,,33891.0,0.0,,911985.0,Jack Stoll,jack stoll,1,1,6.0,0,0.0,0.0,5.0,1.0,0.0,0.12008551,0,1.2,0.05263158,0.027777778,0.098391816,,,,,,,,,,,,,,,,,REG,PHI,CIN,Jack Stoll,StolJa00,0.0,0.0,0.0,91.7
2024,REG,8,00-0036876,K.Granson,TE,TE,IND,15419,bcc0167c-05fd-4b23-981e-60b8784ceb33,22841.0,40630.0,7602.0,,4039160.0,33515.0,,2247146.0,GranKy00,kylen-granson-1,15245.0,,1119.0,33515.0,0.0,,921050.0,Kylen Granson,kylen granson,1,2,4.0,0,0.0,0.0,5.0,1.0,0.0,-0.7214279,0,0.8,0.06451613,0.010224949,0.10393166,,,,,,,,,,,,,,,,,REG,IND,HOU,Kylen Granson,GranKy00,0.0,0.0,0.0,56.2
2024,REG,8,00-0033895,G.Everett,TE,TE,CHI,13236,ebeceb00-57e0-4b74-9cf7-853da2afed18,16459.0,11799.0,4089.0,,3918639.0,30157.0,,2142692.0,EverGe00,gerald-everett-1,11737.0,12284.0,55.0,30157.0,838487.0,18935.0,838487.0,Gerald Everett,gerald everett,1,2,3.0,0,0.0,0.0,4.0,2.0,0.0,-2.1608078,0,0.75,0.0952381,0.01438849,0.15292908,,,,,,,,,,,,,,,,,REG,CHI,WAS,Gerald Everett,EverGe00,0.0,0.0,0.0,56.2
2024,REG,8,00-0038783,N.Adkins,TE,TE,DEN,16474,bcd0ae60-f31c-11ed-819c-fd03d0cc2698,25881.0,,11433.0,,4383440.0,40702.0,,2977285.0,AdkiNa00,,16992.0,,,40702.0,0.0,,1132517.0,Nate Adkins,nate adkins,1,1,3.0,1,0.0,0.0,3.0,0.0,1.0,2.3138685,0,1.0,0.02631579,0.0074626864,0.044697564,,,,,,,,,,,,,,,,,REG,DEN,CAR,Nate Adkins,AdkiNa00,0.0,0.0,0.0,118.7
2024,REG,8,00-0031484,C.Manhertz,TE,TE,NYG,12955,7c7b5515-7786-4e24-9ce0-34e6a8bd5727,14014.0,10211.0,3048.0,,2531358.0,28365.0,,2167520.0,ManhCh00,,10033.0,10295.0,,28365.0,563293.0,17762.0,563293.0,Chris Manhertz,chris manhertz,0,1,0.0,0,0.0,0.0,4.0,0.0,0.0,-0.5752929,0,0.0,0.027027028,0.0116959065,0.048727676,,,,,,,,,,,,,,,,,REG,NYG,PIT,Chris Manhertz,ManhCh00,0.0,0.0,0.0,39.6
2024,REG,8,00-0031690,E.Tomlinson,TE,TE,LAC,13065,b3d7169b-9cf6-4fea-815a-26e4fb0ec16a,14339.0,9786.0,2755.0,,2511973.0,28658.0,,1759992.0,TomlEr01,,10553.0,10747.0,,28658.0,554431.0,17223.0,554431.0,Eric Tomlinson,eric tomlinson,0,1,0.0,0,0.0,0.0,7.0,0.0,0.0,-0.74351764,0,0.0,0.033333335,0.030434782,0.07130435,,,,,,,,,,,,,,,,,REG,LAC,NO,Eric Tomlinson,TomlEr01,0.0,1.0,1.0,39.6
2024,REG,8,00-0032394,N.Vannett,TE,TE,TEN,12680,c731aa8a-778b-4ccd-a19f-517eb66f47b7,15645.0,10728.0,3258.0,,2576399.0,29328.0,,1871322.0,VannNi00,nick-vannett-1,10949.0,11329.0,,29328.0,606488.0,18019.0,606488.0,Nick Vannett,nick vannett,0,1,0.0,0,0.0,0.0,-1.0,0.0,0.0,-5.8956585,0,0.0,0.02631579,-0.002739726,0.037555877,,,,,,,,,,,,,,,,,REG,TEN,DET,Nick Vannett,VannNi00,0.0,0.0,0.0,0.0
2024,REG,8,00-0033217,M.Alie-Cox,TE,TE,IND,13246,8809c0dd-786b-4255-a7d0-333c9498c19a,16579.0,12078.0,4054.0,moalie-cox/2558832,2998565.0,30112.0,,2815925.0,AlieMo00,,12196.0,12221.0,195.0,30112.0,712506.0,18900.0,712506.0,Mo Alie-Cox,mo alie-cox,0,1,0.0,0,0.0,0.0,21.0,0.0,0.0,-0.44853848,0,0.0,0.032258064,0.042944785,0.078448445,,,,,,,,,,,,,,,,,REG,IND,HOU,Mo Alie-Cox,AlieMo00,0.0,0.0,0.0,39.6
2024,REG,8,00-0034364,J.Akins,TE,TE,CLE,13753,0cb5a32a-a340-4671-ba2a-93f5fa6aee8d,17415.0,47050.0,5032.0,,3128452.0,31068.0,,2142712.0,AkinJo00,jordan-akins-1,12568.0,13238.0,,31068.0,838396.0,19903.0,838396.0,Jordan Akins,jordan akins,0,1,0.0,0,0.0,0.0,11.0,0.0,0.0,-0.74170136,0,0.0,0.024390243,0.02676399,0.05532016,,,,,,,,,,,,,,,,,REG,CLE,BAL,Jordan Akins,AkinJo00,0.0,0.0,0.0,39.6
2024,REG,8,00-0034981,F.Moreau,TE,TE,NO,14239,9c3a67fd-5c6e-4689-9e08-9ff6d4db6c9a,18397.0,47043.0,5985.0,,3843945.0,31969.0,,2180634.0,MoreFo00,foster-moreau-1,13822.0,14154.0,179.0,31969.0,865573.0,20884.0,865573.0,Foster Moreau,foster moreau,0,1,0.0,0,0.0,0.0,7.0,0.0,0.0,-0.87337935,0,0.0,0.02631579,0.025547445,0.057356898,,,,,,,,,,,,,,,,,REG,NO,LAC,Foster Moreau,MoreFo00,0.0,0.0,0.0,39.6
2024,REG,8,00-0035547,J.Fortson,TE,TE,KC,15070,a01ffd42-5fdb-42f8-95ab-157025e3fba8,18831.0,94384.0,6665.0,,4408854.0,32600.0,,3117124.0,FortJo01,,14306.0,,,32600.0,0.0,21383.0,1167484.0,Jody Fortson,jody fortson,0,1,0.0,0,0.0,0.0,7.0,0.0,0.0,-0.51438344,0,0.0,0.028571429,0.02811245,0.06253586,,,,,,,,,,,,,,,,,REG,KC,LV,Jody Fortson,FortJo01,0.0,0.0,0.0,39.6
2024,REG,8,00-0038394,W.Mallory,TE,TE,IND,16220,5d4a5e4f-7c74-4b4c-b8e5-33bb831e3057,23821.0,,10220.0,,4362523.0,40180.0,,2962073.0,MallWi00,will-mallory-1,17014.0,,1435.0,,0.0,,1121873.0,Will Mallory,will mallory,0,2,0.0,0,0.0,0.0,25.0,0.0,0.0,-1.1824977,0,0.0,0.06451613,0.051124744,0.13256152,,,,,,,,,,,,,,,,,REG,IND,HOU,Will Mallory,MallWi00,0.0,0.0,0.0,39.6
2024,REG,8,00-0038809,B.Sims,TE,TE,GB,16483,cef32a80-e761-11ed-ac46-e3b4ebd723e5,25349.0,,11082.0,,4373030.0,40335.0,,2964709.0,SimsBe00,,17012.0,,,40335.0,0.0,,1129452.0,Ben Sims,ben sims,0,1,0.0,0,0.0,0.0,14.0,0.0,0.0,-0.5321338,0,0.0,0.037037037,0.05035971,0.090807356,,,,,,,,,,,,,,,,,REG,GB,JAX,Ben Sims,SimsBe00,0.0,0.0,0.0,39.6
2024,REG,8,00-0039530,B.Spann-Ford,TE,TE,DAL,16647,efc8d800-072b-11ef-892f-5b772aae3c25,26003.0,,11593.0,,4360967.0,41371.0,,2961760.0,,,17908.0,,,41371.0,0.0,,1108202.0,Brevyn Spann-Ford,brevyn spann-ford,0,2,0.0,0,0.0,0.0,11.0,0.0,0.0,-1.2109079,0,0.0,0.054054055,0.032163743,0.103595704,,,,,,,,,,,,,,,,,,,,,,,,,
2024,REG,9,00-0030506,T.Kelce,TE,TE,KC,11244,c3859e06-5f23-4302-a71b-04820a899d5f,11594.0,7844.0,1466.0,traviskelce/2540258,15847.0,26686.0,,1725130.0,KelcTr00,travis-kelce-1,8783.0,8411.0,264.0,26686.0,448240.0,15048.0,448240.0,Travis Kelce,travis kelce,14,16,100.0,0,1.0,1.0,83.0,35.0,6.0,1.9625471,0,1.2048193,0.3809524,0.30402932,0.78424907,Travis Kelce,KC,5.925833333333333,3.4182392613578063,5.040625,29.931341621822234,87.5,100.0,0.0,2.5728571428571425,3.703541070536421,-1.1306839276792786,00-0030506,Travis,Kelce,T.Kelce,REG,KC,TB,Travis Kelce,KelcTr00,1.0,0.0,0.0,92.7
2024,REG,9,00-0034829,M.Gesicki,TE,TE,CIN,13672,1012cbe0-7eba-4169-bfca-183a0204e1a7,17272.0,47153.0,4993.0,,3116164.0,31012.0,,2139298.0,GesiMi00,mike-gesicki-1,12764.0,13104.0,330.0,31012.0,836152.0,19853.0,836152.0,Mike Gesicki,mike gesicki,5,6,100.0,2,0.0,0.0,78.0,45.0,5.0,10.556936,0,1.2820513,0.16216215,0.37320575,0.5044873,Mike Gesicki,CIN,4.12,2.7024059539486007,13.67,33.98102498239218,83.33333333333334,100.0,2.0,9.554000000000002,11.154935737471714,-1.600935737471712,00-0034829,Michael,Gesicki,M.Gesicki,REG,CIN,LV,Mike Gesicki,GesiMi00,0.0,0.0,0.0,158.3
2024,REG,9,00-0039356,J.Sanders,TE,TE,CAR,16643,ffd2ff3f-4b56-4232-be8e-bf163c29f406,24334.0,,11600.0,,4431588.0,40995.0,,26731381.0,SandJa01,jatavion-sanders-1,17748.0,,1614.0,40995.0,0.0,,1326628.0,Ja'Tavion Sanders,jatavion sanders,4,5,87.0,0,0.0,0.0,43.0,61.0,3.0,6.231542,0,2.0232558,0.20833333,0.21287128,0.4615099,Ja'Tavion Sanders,CAR,6.808,4.598964702335054,8.289999999999997,21.796287532208016,80.0,87.0,0.0,15.255,5.9182948764443495,9.336705123555651,00-0039356,Ja'Tavion,Sanders,J.Sanders,REG,CAR,NO,Ja'Tavion Sanders,SandJa01,1.0,0.0,0.0,118.7
2024,REG,9,00-0038129,C.Otton,TE,TE,TB,15802,f23517bd-ae85-484a-8ecb-1f7a2d851e48,23181.0,,8111.0,,4243331.0,34062.0,,2815179.0,OttoCa00,cade-otton-1,16032.0,,1261.0,34062.0,0.0,,1049263.0,Cade Otton,cade otton,8,11,77.0,1,0.0,0.0,49.0,43.0,3.0,4.921598,0,1.5714285,0.3548387,0.34751773,0.7755205,Cade Otton,TB,6.6033333333333335,3.219106842692842,4.159999999999999,30.918918918918912,72.72727272727273,77.0,1.0,5.8412500000000005,5.3363031004286015,0.504946899571399,00-0038129,Cade,Otton,C.Otton,REG,TB,KC,Cade Otton,OttoCa00,0.0,1.0,0.091,122.2
2024,REG,9,00-0038041,J.Ferguson,TE,TE,DAL,15799,f46eab3d-d7dd-4420-b3f9-6da9ac1308ab,22718.0,,8110.0,,4242355.0,34085.0,,2867159.0,FergJa00,jake-ferguson-1,15947.0,,1258.0,34085.0,0.0,,1065361.0,Jake Ferguson,jake ferguson,7,10,71.0,0,0.0,0.0,29.0,48.0,3.0,0.6415706,0,2.4482758,0.20833333,0.0976431,0.38085017,Jake Ferguson,DAL,6.386000000000001,3.61607211398625,2.8869999999999996,9.656487272970532,70.0,71.0,0.0,6.977142857142858,5.928392247473441,1.0487506096694164,00-0038041,Jake,Ferguson,J.Ferguson,REG,DAL,ATL,Jake Ferguson,FergJa00,1.0,0.0,0.0,90.0
2024,REG,9,00-0035249,J.Oliver,TE,TE,MIN,14209,dc83f7af-7b30-4c4a-9c93-f67bd8db954b,18487.0,47083.0,5973.0,,3921690.0,31901.0,,2184618.0,OlivJo00,josh-oliver-1,13786.0,14127.0,7.0,31901.0,881779.0,20899.0,881779.0,Josh Oliver,josh oliver,5,5,58.0,1,0.0,0.0,29.0,29.0,4.0,6.5139527,0,2.0,0.15151516,0.11740891,0.30945897,Josh Oliver,MIN,4.1475,4.946565753071768,5.629999999999998,11.786132976050908,100.0,58.0,1.0,5.974000000000001,4.141876329098136,1.832123670901865,00-0035249,Josh,Oliver,J.Oliver,REG,MIN,IND,Josh Oliver,OlivJo00,0.0,0.0,0.0,154.6
2024,REG,9,00-0033090,H.Henry,TE,TE,NE,12676,705899da-3c20-4bc3-b5d0-2e6e40655131,15561.0,10669.0,3214.0,,3046439.0,29269.0,,2079848.0,HenrHu00,hunter-henry-1,10735.0,11299.0,212.0,29269.0,744425.0,17975.0,744425.0,Hunter Henry,hunter henry,7,8,56.0,0,0.0,0.0,50.0,31.0,3.0,2.8564224,0,1.12,0.20512821,0.17482518,0.43006992,Hunter Henry,NE,6.784285714285715,3.348816680273536,5.736249999999999,16.523241997623593,87.5,56.0,0.0,4.902857142857143,6.968723171365419,-2.0658660285082764,00-0033090,Hunter,Henry,H.Henry,REG,NE,TEN,Hunter Henry,HenrHu00,0.0,0.0,0.0,95.8
2024,REG,9,00-0039847,T.Johnson,TE,TE,NYG,16649,a5d4bb1d-c130-47c2-808a-2dd1f85005fb,23104.0,,11597.0,,4429148.0,41003.0,,3162129.0,JohnTh00,theo-johnson-1,17021.0,,1620.0,41003.0,0.0,,1214414.0,Theo Johnson,theo johnson,3,6,51.0,1,0.0,0.0,81.0,15.0,2.0,1.2586367,0,0.6296296,0.23076923,0.41968912,0.6399362,Theo Johnson,NYG,4.508333333333333,2.2422677136571525,12.631666666666668,39.097240134124334,50.0,51.0,1.0,6.053333333333335,3.7122813175021747,2.34105201583116,00-0039847,Theodore,Johnson,T.Johnson,REG,NYG,WAS,Theo Johnson,JohnTh00,0.0,1.0,0.167,118.7
2024,REG,9,00-0033858,J.Smith,TE,TE,MIA,13193,e4f25a37-74de-4bfb-b6c9-f50a4fab0b87,16460.0,11855.0,4144.0,,3054212.0,30213.0,,2081506.0,SmitJo01,jonnu-smith-1,11807.0,12344.0,84.0,30213.0,743749.0,18990.0,743749.0,Jonnu Smith,jonnu smith,5,6,46.0,0,0.0,0.0,34.0,32.0,2.0,1.6486571,0,1.3529412,0.22222222,0.24285714,0.50333333,Jonnu Smith,MIA,7.096000000000001,3.4890296093897573,4.646666666666667,22.427801464081732,83.33333333333334,46.0,0.0,6.993999999999997,5.833702401759228,1.1602975982407688,00-0033858,Jonnu,Smith,J.Smith,REG,MIA,BUF,Jonnu Smith,SmitJo01,0.0,0.0,0.0,98.6
2024,REG,9,00-0033881,E.Engram,TE,TE,JAX,13189,e21365af-8d66-416e-b0a5-8816d18fcfd9,16411.0,11778.0,4066.0,,3051876.0,30136.0,,2079887.0,EngrEv00,evan-engram-1,11805.0,12205.0,229.0,30136.0,749185.0,18912.0,749185.0,Evan Engram,evan engram,5,10,45.0,0,0.0,0.0,68.0,16.0,2.0,-4.6157293,1,0.6617647,0.33333334,0.25468165,0.67827713,Evan Engram,JAX,6.2524999999999995,2.0957029471137623,6.981,27.468030690537088,50.0,45.0,0.0,3.400000000000001,4.285198012992147,-0.8851980129921464,00-0033881,Evan,Engram,E.Engram,REG,JAX,PHI,Evan Engram,EngrEv00,0.0,1.0,0.1,62.5
2024,REG,9,00-0039338,B.Bowers,TE,TE,LV,16641,ad9fc7e3-0a6d-4e41-84c2-cf43b71aee13,22955.0,,11604.0,,4432665.0,40878.0,,26693971.0,BoweBr01,brock-bowers-1,17693.0,,1612.0,40878.0,0.0,,1285917.0,Brock Bowers,brock bowers,5,8,45.0,1,0.0,0.0,47.0,20.0,2.0,3.5493448,0,0.9574468,0.25,0.1780303,0.4996212,Brock Bowers,LV,6.3975,3.6179124922062615,6.786250000000001,22.074489712938117,62.5,45.0,1.0,3.611999999999999,3.903476314297177,-0.2914763142971779,00-0039338,Brock,Bowers,B.Bowers,REG,LV,CIN,Brock Bowers,BoweBr01,0.0,1.0,0.125,117.2
2024,REG,9,00-0033357,T.Hill,TE,TE,NO,13424,3c8a55dd-20a8-4375-b711-49eb5e6e1d0e,17115.0,12112.0,4381.0,,2468609.0,30614.0,,2818935.0,HillTa00,,12063.0,12729.0,150.0,30614.0,503184.0,19238.0,503184.0,Taysom Hill,taysom hill,4,5,41.0,0,0.0,0.0,7.0,37.0,3.0,4.141717,0,5.857143,0.17857143,0.03846154,0.29478022,Taysom Hill,NO,6.782500000000001,4.189640837017743,1.656000000000001,4.446592556790723,80.0,41.0,0.0,9.077499999999999,6.513528403914961,2.5639715960850378,00-0033357,Taysom,Hill,T.Hill,REG,NO,CAR,Taysom Hill,HillTa00,0.0,1.0,0.2,100.8
2024,REG,9,00-0036040,J.Johnson,TE,TE,NO,14861,0226b03b-f91d-4223-9813-9fcd2e9c3acc,19562.0,28305.0,7002.0,,3929645.0,33113.0,,2186637.0,JohnJu02,,14630.0,,575.0,33113.0,0.0,21738.0,884609.0,Juwan Johnson,juwan johnson,2,2,41.0,0,0.0,0.0,27.0,14.0,2.0,4.595431,0,1.5185186,0.071428575,0.14835165,0.21098901,,,,,,,,,,,,,,,,,REG,NO,CAR,Juwan Johnson,JohnJu02,1.0,0.0,0.0,118.7
2024,REG,9,00-0037809,C.Okonkwo,TE,TE,TEN,15889,14e11f9b-58c8-437f-abc0-a4e4df9a7c47,23982.0,,8210.0,,4360635.0,34099.0,,2965208.0,OkonCh00,chigoziem-okonkwo-1,16042.0,,1320.0,34099.0,0.0,,1106374.0,Chigoziem Okonkwo,chigoziem okonkwo,3,4,38.0,0,0.0,0.0,34.0,7.0,1.0,-1.8325359,0,1.117647,0.14814815,0.12592593,0.31037036,,,,,,,,,,,,,,,,,REG,TEN,NE,Chigoziem Okonkwo,OkonCh00,0.0,1.0,0.25,64.6
2024,REG,9,00-0037744,T.McBride,TE,TE,ARI,15794,734d54cc-c869-4e2f-a60f-c59c493f5110,22936.0,,8130.0,,4361307.0,34010.0,,2963385.0,McBrTr01,trey-mcbride-1,15902.0,,1253.0,34010.0,0.0,,1108161.0,Trey McBride,trey mcbride,3,4,35.0,0,0.0,0.0,21.0,15.0,2.0,2.158531,0,1.6666666,0.21052632,0.1627907,0.42974296,,,,,,,,,,,,,,,,,REG,ARI,CHI,Trey McBride,McBrTr01,0.0,0.0,0.0,101.0
2024,REG,9,00-0038996,T.Kraft,TE,TE,GB,16222,3a084c5f-6b9f-4703-a0c7-1566bc4b1129,25298.0,,9484.0,,4572680.0,40102.0,,3133332.0,KrafTu00,,16649.0,,1418.0,40102.0,0.0,,1181874.0,Tucker Kraft,tucker kraft,4,6,34.0,0,0.0,0.0,34.0,15.0,1.0,0.50376743,0,1.0,0.16216215,0.09139785,0.30722174,Tucker Kraft,GB,7.304,4.87024268751627,6.396666666666668,10.375777237091109,66.66666666666666,34.0,0.0,4.1424999999999965,0.9937654554989308,3.1487345445010657,00-0038996,Tucker,Kraft,T.Kraft,REG,GB,DET,Tucker Kraft,KrafTu00,0.0,1.0,0.167,81.2
2024,REG,9,00-0039041,E.Higgins,TE,TE,ARI,16333,a01b7698-d67f-4b60-b2fb-4c667336b718,23119.0,,10231.0,,4426844.0,40226.0,,3122914.0,HiggEl00,elijah-higgins-1,16959.0,,1469.0,40226.0,0.0,,1161853.0,Elijah Higgins,elijah higgins,2,2,34.0,0,0.0,0.0,15.0,19.0,2.0,2.6968725,0,2.2666667,0.10526316,0.11627907,0.23929009,,,,,,,,,,,,,,,,,REG,ARI,CHI,Elijah Higgins,HiggEl00,0.0,0.0,0.0,118.7
2024,REG,9,00-0032394,N.Vannett,TE,TE,TEN,12680,c731aa8a-778b-4ccd-a19f-517eb66f47b7,15645.0,10728.0,3258.0,,2576399.0,29328.0,,1871322.0,VannNi00,nick-vannett-1,10949.0,11329.0,,29328.0,606488.0,18019.0,606488.0,Nick Vannett,nick vannett,2,2,33.0,1,0.0,0.0,16.0,17.0,2.0,3.4209476,0,2.0625,0.074074075,0.05925926,0.1525926,,,,,,,,,,,,,,,,,REG,TEN,NE,Nick Vannett,VannNi00,0.0,0.0,0.0,158.3
2024,REG,9,00-0034364,J.Akins,TE,TE,CLE,13753,0cb5a32a-a340-4671-ba2a-93f5fa6aee8d,17415.0,47050.0,5032.0,,3128452.0,31068.0,,2142712.0,AkinJo00,jordan-akins-1,12568.0,13238.0,,31068.0,838396.0,19903.0,838396.0,Jordan Akins,jordan akins,3,4,32.0,0,0.0,0.0,32.0,4.0,2.0,1.3828462,0,1.0,0.08695652,0.07804878,0.18506894,,,,,,,,,,,,,,,,,REG,CLE,LAC,Jordan Akins,AkinJo00,0.0,0.0,0.0,97.9
2024,REG,9,00-0038933,D.Kincaid,TE,TE,BUF,16213,b961fa15-0676-4948-b95f-56d06319d40e,25247.0,,10236.0,,4385690.0,40048.0,,2982991.0,KincDa00,dalton-kincaid-1,16697.0,,1428.0,40048.0,0.0,,1135513.0,Dalton Kincaid,dalton kincaid,4,10,32.0,0,0.0,0.0,72.0,11.0,1.0,-1.5317321,0,0.44444445,0.2777778,0.5496183,0.80139947,Dalton Kincaid,BUF,5.825555555555556,3.177166678977369,7.1389999999999985,53.77777777777777,40.0,32.0,0.0,3.4175000000000004,3.067894495207466,0.3496055047925344,00-0038933,Dalton,Kincaid,D.Kincaid,REG,BUF,MIA,Dalton Kincaid,KincDa00,1.0,2.0,0.2,48.7
2024,REG,9,00-0037086,G.Calcaterra,TE,TE,PHI,15804,f6988cfa-2dcf-490b-ac80-9af8e4292efa,24180.0,,8177.0,,4241374.0,34154.0,,2804129.0,CalcGr00,grant-calcaterra-1,16039.0,,,34154.0,0.0,,976221.0,Grant Calcaterra,grant calcaterra,5,5,30.0,0,0.0,0.0,8.0,22.0,2.0,0.89606345,0,3.75,0.2173913,0.03448276,0.35022488,Grant Calcaterra,PHI,7.333333333333333,5.457032692616939,1.542000000000001,3.5867138072199505,100.0,30.0,0.0,4.457999999999999,4.217731623528562,0.2402683764714375,00-0037086,Grant,Calcaterra,G.Calcaterra,REG,PHI,JAX,Grant Calcaterra,CalcGr00,0.0,0.0,0.0,91.7
2024,REG,9,00-0033885,D.Njoku,TE,TE,CLE,13192,8f86fcea-90e8-49ea-bc78-5c7659313e57,16399.0,11784.0,4033.0,,3123076.0,30142.0,,2136474.0,NjokDa00,david-njoku-1,11734.0,12186.0,252.0,30142.0,832098.0,18876.0,832098.0,David Njoku,david njoku,5,7,29.0,0,0.0,0.0,25.0,8.0,1.0,-1.4194312,0,1.16,0.1521739,0.06097561,0.2709438,David Njoku,CLE,4.37,2.343986422790856,2.962857142857142,5.174263403437867,71.42857142857143,29.0,0.0,2.5140000000000016,2.638184686990644,-0.12418468699064222,00-0033885,David,Njoku,D.Njoku,REG,CLE,LAC,David Njoku,NjokDa00,0.0,1.0,0.143,78.9
2024,REG,9,00-0039065,S.LaPorta,TE,TE,DET,16214,3059f1e5-1871-4458-9e90-9b9917874c61,22978.0,,10859.0,,4430027.0,40064.0,,3124197.0,LaPoSa01,sam-laporta-1,17033.0,,1429.0,40064.0,0.0,,1168926.0,Sam LaPorta,sam laporta,2,3,28.0,0,0.0,0.0,32.0,5.0,1.0,1.0394362,0,0.875,0.15,0.3902439,0.49817073,,,,,,,,,,,,,,,,,REG,DET,GB,Sam LaPorta,LaPoSa01,0.0,0.0,0.0,96.5
2024,REG,9,00-0035229,T.Hockenson,TE,TE,MIN,14138,bd1120b6-38b3-4225-a4b0-20660a149d0d,18290.0,40912.0,5844.0,,4036133.0,31840.0,,2251097.0,HockTJ00,tj-hockenson-1,13610.0,14051.0,247.0,31840.0,923915.0,20805.0,923915.0,T.J. Hockenson,tj hockenson,3,4,27.0,0,0.0,0.0,42.0,1.0,1.0,-4.985495,0,0.64285713,0.121212125,0.17004049,0.30084652,,,,,,,,,,,,,,,,,REG,MIN,IND,T.J. Hockenson,HockTJ00,0.0,0.0,0.0,53.1
2024,REG,9,00-0039793,A.Barner,TE,TE,SEA,16723,e96127b4-d381-43d4-b0ae-8790c706756f,26335.0,,11603.0,,4576297.0,41001.0,,3169283.0,BarnAJ00,aj-barner-1,17811.0,,1629.0,41001.0,0.0,,1229503.0,AJ Barner,aj barner,4,7,27.0,0,0.0,0.0,8.0,19.0,2.0,-3.4027922,0,3.375,0.20588236,0.022922637,0.32486936,AJ Barner,SEA,5.612,4.864427888759694,0.932857142857143,1.7431927389215163,57.14285714285714,27.0,0.0,5.172500000000001,4.7904458862348065,0.3820541137651947,00-0039793,A.J.,Barner,A.Barner,REG,SEA,LA,AJ Barner,BarnAJ00,0.0,1.0,0.143,26.2
2024,REG,9,00-0034753,M.Andrews,TE,TE,BAL,13671,0618f387-9b72-4270-8b8f-dec4cccc9e4a,17269.0,47436.0,5012.0,,3116365.0,31056.0,,2131121.0,AndrMa00,mark-andrews-1,12559.0,13182.0,366.0,31056.0,820699.0,19803.0,820699.0,Mark Andrews,mark andrews,2,2,26.0,0,0.0,0.0,19.0,7.0,2.0,2.165495,0,1.3684211,0.10526316,0.12666667,0.24656141,,,,,,,,,,,,,,,,,REG,BAL,DEN,Mark Andrews,AndrMa00,0.0,0.0,0.0,118.7
2024,REG,9,00-0039814,E.All,TE,TE,CIN,16645,5523779b-db60-4158-b232-8391bc7db65b,23837.0,,11592.0,,4427834.0,40989.0,,3121555.0,AllxEr00,erick-all-1,17696.0,,1616.0,40989.0,0.0,,1164533.0,Erick All,erick all,2,2,24.0,0,0.0,0.0,16.0,8.0,1.0,1.3571205,0,1.5,0.054054055,0.07655502,0.1346696,,,,,,,,,,,,,,,,,REG,CIN,LV,Erick All,AllxEr00,0.0,0.0,0.0,116.7
2024,REG,9,00-0036232,H.Bryant,TE,TE,LV,14875,f58a5899-8b78-46e8-a29a-ba6273b7d872,19389.0,26394.0,6850.0,,4040774.0,32785.0,,2241240.0,BryaHa00,harrison-bryant-1,14576.0,,752.0,32785.0,0.0,21783.0,916467.0,Harrison Bryant,harrison bryant,2,2,22.0,0,0.0,0.0,4.0,18.0,1.0,1.2344303,0,5.5,0.0625,0.015151516,0.10435606,,,,,,,,,,,,,,,,,REG,LV,CIN,Harrison Bryant,BryaHa00,0.0,0.0,0.0,112.5
2024,REG,9,00-0036876,K.Granson,TE,TE,IND,15419,bcc0167c-05fd-4b23-981e-60b8784ceb33,22841.0,40630.0,7602.0,,4039160.0,33515.0,,2247146.0,GranKy00,kylen-granson-1,15245.0,,1119.0,33515.0,0.0,,921050.0,Kylen Granson,kylen granson,1,1,22.0,0,0.0,0.0,18.0,4.0,1.0,1.9704318,0,1.2222222,0.037037037,0.086124405,0.11584264,,,,,,,,,,,,,,,,,REG,IND,MIN,Kylen Granson,GranKy00,0.0,0.0,0.0,118.7
2024,REG,9,00-0034383,D.Schultz,TE,TE,HOU,13772,8caec1b4-e0b6-4a84-b8c8-617d6e91ef6a,17349.0,47304.0,5001.0,,3117256.0,31107.0,,2136748.0,SchuDa00,dalton-schultz-1,12514.0,13198.0,487.0,31107.0,830523.0,19920.0,830523.0,Dalton Schultz,dalton schultz,3,6,21.0,0,0.0,0.0,92.0,11.0,0.0,-2.513869,0,0.22826087,0.20689656,0.20861678,0.45637658,Dalton Schultz,HOU,7.423333333333335,2.654440118883397,14.613333333333335,20.148910745472932,50.0,21.0,0.0,3.556666666666667,1.5634305833235278,1.9932360833431393,00-0034383,Dalton,Schultz,D.Schultz,REG,HOU,NYJ,Dalton Schultz,SchuDa00,0.0,0.0,0.0,58.3
2024,REG,9,00-0034981,F.Moreau,TE,TE,NO,14239,9c3a67fd-5c6e-4689-9e08-9ff6d4db6c9a,18397.0,47043.0,5985.0,,3843945.0,31969.0,,2180634.0,MoreFo00,foster-moreau-1,13822.0,14154.0,179.0,31969.0,865573.0,20884.0,865573.0,Foster Moreau,foster moreau,1,2,17.0,1,0.0,0.0,28.0,0.0,1.0,2.1185305,0,0.60714287,0.071428575,0.15384616,0.21483517,,,,,,,,,,,,,,,,,REG,NO,CAR,Foster Moreau,MoreFo00,0.0,0.0,0.0,118.7
2024,REG,9,00-0034613,T.Hudson,TE,TE,CIN,14370,2fa75e05-cac4-4b40-8924-dbc9ae0c959c,17826.0,66924.0,5409.0,,3050481.0,31257.0,,2926606.0,,,13286.0,,,31257.0,1115394.0,20506.0,1115394.0,Tanner Hudson,tanner hudson,2,3,14.0,0,0.0,0.0,6.0,9.0,2.0,3.1897397,0,2.3333333,0.08108108,0.028708134,0.14171731,,,,,,,,,,,,,,,,,,,,,,,,,
2024,REG,9,00-0035631,D.Sample,TE,TE,CIN,14146,15a4f552-ecaf-45bd-9006-aa5dda93bee6,18561.0,47259.0,6001.0,,3127310.0,31884.0,,2139646.0,SampDr00,drew-sample-1,13809.0,14111.0,435.0,31884.0,837824.0,20931.0,837824.0,Drew Sample,drew sample,4,4,14.0,1,0.0,0.0,5.0,9.0,2.0,1.9260764,0,2.8,0.10810811,0.023923445,0.17890857,,,,,,,,,,,,,,,,,REG,CIN,LV,Drew Sample,SampDr00,0.0,0.0,0.0,120.8
2024,REG,9,00-0036510,K.Yeboah,TE,TE,NYJ,15339,990c2825-ca25-4da9-9966-269363a9bb91,22815.0,42196.0,7597.0,,4044144.0,33705.0,,2256993.0,YeboKe00,,15339.0,,,33705.0,0.0,,943843.0,Kenny Yeboah,kenny yeboah,1,1,12.0,0,0.0,0.0,2.0,10.0,1.0,1.2246513,0,6.0,0.03125,0.010810811,0.054442566,,,,,,,,,,,,,,,,,REG,NYJ,HOU,Kenny Yeboah,YeboKe00,0.0,0.0,0.0,116.7
2024,REG,9,00-0038589,J.Whyle,TE,TE,TEN,16312,601467c7-b593-472d-a147-b8e7bfdbe990,22923.0,,10212.0,,4360086.0,40182.0,,2962513.0,WhylJo01,josh-whyle-1,16866.0,,1471.0,40182.0,0.0,,1107037.0,Josh Whyle,josh whyle,1,2,12.0,0,0.0,0.0,-5.0,14.0,1.0,-0.011548509,0,0.0,0.074074075,-0.018518519,0.098148145,,,,,,,,,,,,,,,,,REG,TEN,NE,Josh Whyle,WhylJo01,0.0,0.0,0.0,68.7
2024,REG,9,00-0039912,B.Sinnott,TE,TE,WAS,16644,b5c717af-9116-483c-9ab3-c9db0a988ab8,26310.0,,11596.0,,4690923.0,40931.0,,3168647.0,SinnBe00,ben-sinnott-1,17833.0,,1615.0,40931.0,0.0,,1228920.0,Ben Sinnott,ben sinnott,1,1,12.0,0,0.0,0.0,4.0,8.0,1.0,1.1722263,0,3.0,0.05263158,0.03305785,0.10208786,,,,,,,,,,,,,,,,,REG,WAS,NYG,Ben Sinnott,SinnBe00,0.0,0.0,0.0,116.7
2024,REG,9,00-0036970,K.Pitts,TE,TE,ATL,15329,1f3deb24-9ff8-4769-8f42-825eff7742f6,20164.0,83964.0,7553.0,,4360248.0,33392.0,,2964514.0,PittKy00,kyle-pitts-1,15265.0,,1051.0,33392.0,0.0,,1123026.0,Kyle Pitts,kyle pitts,1,1,11.0,0,0.0,0.0,2.0,9.0,0.0,0.28368148,0,5.5,0.041666668,0.014705882,0.07279412,,,,,,,,,,,,,,,,,REG,ATL,DAL,Kyle Pitts,PittKy00,1.0,0.0,0.0,112.5
2024,REG,9,00-0034159,W.Dissly,TE,TE,LAC,13763,383f4814-6836-4766-a297-fc063e8509cc,18049.0,30762.0,5010.0,,3127292.0,31090.0,,2139628.0,DissWi00,will-dissly-1,12986.0,13246.0,86.0,31090.0,837806.0,19950.0,837806.0,Will Dissly,will dissly,2,3,9.0,0,0.0,0.0,10.0,17.0,0.0,-2.3807993,0,0.9,0.115384616,0.03787879,0.19959207,,,,,,,,,,,,,,,,,REG,LAC,CLE,Will Dissly,DissWi00,0.0,0.0,0.0,70.1
2024,REG,9,00-0037569,P.Hendershot,TE,TE,KC,16000,944893b0-d30e-11ec-8b77-45b1765fd110,22971.0,,8197.0,,4258248.0,34607.0,,2867545.0,HendPe01,,16041.0,,,34607.0,0.0,,1065138.0,Peyton Hendershot,peyton hendershot,1,1,9.0,0,0.0,0.0,0.0,9.0,0.0,0.24488908,0,0.0,0.023809524,0.0,0.035714287,,,,,,,,,,,,,,,,,REG,KC,TB,Peyton Hendershot,HendPe01,0.0,0.0,0.0,104.2
2024,REG,9,00-0032392,A.Hooper,TE,TE,NE,12677,90c2a93f-d837-4e1b-b57c-56648903a8db,15581.0,10715.0,3202.0,,3043275.0,29315.0,,2067004.0,HoopAu00,austin-hooper-1,10748.0,11301.0,384.0,29315.0,739424.0,17963.0,739424.0,Austin Hooper,austin hooper,1,1,8.0,0,0.0,0.0,0.0,8.0,0.0,0.58018714,0,0.0,0.025641026,0.0,0.03846154,,,,,,,,,,,,,,,,,REG,NE,TEN,Austin Hooper,HoopAu00,0.0,0.0,0.0,100.0
2024,REG,9,00-0034830,H.Hurst,TE,TE,LAC,13680,1b125fc4-5dd9-4eb9-a42f-048e61ca42b7,17283.0,47294.0,4973.0,,3924365.0,30995.0,,2185053.0,HursHa00,hayden-hurst-1,12467.0,13098.0,8.0,30995.0,881956.0,19843.0,881956.0,Hayden Hurst,hayden hurst,1,1,6.0,0,0.0,0.0,6.0,0.0,0.0,-0.10908063,0,1.0,0.03846154,0.022727273,0.073601395,,,,,,,,,,,,,,,,,REG,LAC,CLE,Hayden Hurst,HursHa00,0.0,0.0,0.0,91.7
2024,REG,9,00-0030061,Z.Ertz,TE,TE,WAS,11247,de3421f7-2147-4835-89a5-724e87bad463,11689.0,7816.0,1339.0,zachertz/2540158,15835.0,26658.0,,1685963.0,ErtzZa00,zach-ertz-1,8781.0,8409.0,305.0,26658.0,503177.0,14856.0,503177.0,Zach Ertz,zach ertz,1,1,5.0,0,0.0,0.0,3.0,2.0,0.0,-0.14477365,0,1.6666666,0.05263158,0.024793388,0.09630274,,,,,,,,,,,,,,,,,REG,WAS,NYG,Zach Ertz,ErtzZa00,0.0,0.0,0.0,87.5
2024,REG,9,00-0033895,G.Everett,TE,TE,CHI,13236,ebeceb00-57e0-4b74-9cf7-853da2afed18,16459.0,11799.0,4089.0,,3918639.0,30157.0,,2142692.0,EverGe00,gerald-everett-1,11737.0,12284.0,55.0,30157.0,838487.0,18935.0,838487.0,Gerald Everett,gerald everett,1,1,5.0,0,0.0,0.0,-4.0,9.0,0.0,-0.13211286,0,0.0,0.027777778,-0.011267605,0.03377934,,,,,,,,,,,,,,,,,REG,CHI,ARI,Gerald Everett,EverGe00,1.0,0.0,0.0,87.5
2024,REG,9,00-0035689,D.Knox,TE,TE,BUF,14143,5fb525c5-4e70-4ede-8c49-94ad0cf66b7d,18631.0,35883.0,5906.0,,3930086.0,31928.0,,2186345.0,KnoxDa00,dawson-knox-1,13466.0,13953.0,88.0,31928.0,884083.0,20850.0,884083.0,Dawson Knox,dawson knox,1,2,5.0,0,0.0,0.0,4.0,5.0,1.0,0.2475219,0,1.25,0.055555556,0.030534351,0.10470738,,,,,,,,,,,,,,,,,REG,BUF,MIA,Dawson Knox,KnoxDa00,0.0,1.0,0.5,56.2
2024,REG,9,00-0036887,L.Farrell,TE,TE,JAX,15335,8a1f0e8e-6521-4a94-9934-ad4f76a25fd9,19501.0,42353.0,7842.0,,4040612.0,33533.0,,2260977.0,FarrLu00,luke-farrell-1,15566.0,,,33533.0,0.0,,946541.0,Luke Farrell,luke farrell,1,1,5.0,0,0.0,0.0,-3.0,8.0,0.0,-0.0734519,0,0.0,0.033333335,-0.011235955,0.042134833,,,,,,,,,,,,,,,,,REG,JAX,PHI,Luke Farrell,FarrLu00,1.0,0.0,0.0,87.5
2024,REG,9,00-0039074,D.Allen,TE,TE,LA,16219,02a77d8c-3b89-4a61-86a2-0c005c1e589a,23761.0,,10214.0,,4426553.0,40164.0,,3123267.0,AlleDa02,davis-allen-1,17030.0,,1434.0,40164.0,0.0,,1161664.0,Davis Allen,davis allen,1,3,5.0,0,0.0,0.0,19.0,3.0,0.0,-1.7675713,0,0.2631579,0.071428575,0.04481132,0.13851078,,,,,,,,,,,,,,,,,REG,LA,SEA,Davis Allen,AlleDa02,0.0,0.0,0.0,42.4
2024,REG,9,00-0034798,D.Smythe,TE,TE,MIA,13676,7e42a22a-c47b-4387-aeeb-2cc2e76dc1d8,17508.0,47257.0,5008.0,,3052897.0,31093.0,,2082845.0,SmytDu00,durham-smythe-1,12807.0,13249.0,,31093.0,749968.0,19943.0,749968.0,Durham Smythe,durham smythe,1,1,4.0,0,0.0,0.0,4.0,0.0,0.0,-0.11888572,0,1.0,0.037037037,0.028571429,0.075555556,,,,,,,,,,,,,,,,,REG,MIA,BUF,Durham Smythe,SmytDu00,0.0,0.0,0.0,83.3
2024,REG,9,00-0036422,A.Trautman,TE,TE,DEN,14870,4e14183b-f974-4745-9d7f-8f5eb2a92a7d,19423.0,109795.0,6869.0,,3911853.0,32775.0,,2182228.0,TrauAd00,,14541.0,,566.0,32775.0,0.0,21786.0,875444.0,Adam Trautman,adam trautman,1,1,4.0,0,0.0,0.0,2.0,2.0,0.0,-0.057126943,0,2.0,0.030303031,0.007905139,0.05098814,,,,,,,,,,,,,,,,,REG,DEN,BAL,Adam Trautman,TrauAd00,0.0,0.0,0.0,83.3
2024,REG,9,00-0037004,H.Long,TE,TE,LA,15334,ebc576d0-a98b-4f82-aaf9-901a3911487d,22783.0,60859.0,7535.0,,4239944.0,33469.0,,2867428.0,LongHu00,hunter-long-3,15246.0,,1056.0,33469.0,0.0,,1060550.0,Hunter Long,hunter long,1,1,4.0,0,0.0,0.0,1.0,3.0,0.0,-0.066889696,0,4.0,0.023809524,0.0023584906,0.037365228,,,,,,,,,,,,,,,,,REG,LA,SEA,Hunter Long,LongHu00,0.0,0.0,0.0,83.3
2024,REG,9,00-0037805,J.Ruckert,TE,TE,NYJ,15796,28f3732b-0910-4d09-9fd4-e43b821dc5bb,23742.0,,8145.0,,4361372.0,34057.0,,2965446.0,RuckJe00,jeremy-ruckert-1,15996.0,,1255.0,34057.0,0.0,,1122596.0,Jeremy Ruckert,jeremy ruckert,1,1,4.0,0,0.0,0.0,1.0,3.0,0.0,-0.1743912,0,4.0,0.03125,0.0054054055,0.050658785,,,,,,,,,,,,,,,,,REG,NYJ,HOU,Jeremy Ruckert,RuckJe00,0.0,0.0,0.0,83.3
2024,REG,9,00-0031484,C.Manhertz,TE,TE,NYG,12955,7c7b5515-7786-4e24-9ce0-34e6a8bd5727,14014.0,10211.0,3048.0,,2531358.0,28365.0,,2167520.0,ManhCh00,,10033.0,10295.0,,28365.0,563293.0,17762.0,563293.0,Chris Manhertz,chris manhertz,1,1,2.0,1,0.0,0.0,2.0,0.0,1.0,0.6933261,0,1.0,0.03846154,0.010362694,0.0649462,,,,,,,,,,,,,,,,,REG,NYG,WAS,Chris Manhertz,ManhCh00,0.0,0.0,0.0,118.7
2024,REG,9,00-0031690,E.Tomlinson,TE,TE,LAC,13065,b3d7169b-9cf6-4fea-815a-26e4fb0ec16a,14339.0,9786.0,2755.0,,2511973.0,28658.0,,1759992.0,TomlEr01,,10553.0,10747.0,,28658.0,554431.0,17223.0,554431.0,Eric Tomlinson,eric tomlinson,1,1,2.0,0,0.0,0.0,0.0,2.0,0.0,-0.22686803,0,0.0,0.03846154,0.0,0.057692308,,,,,,,,,,,,,,,,,REG,LAC,CLE,Eric Tomlinson,TomlEr01,0.0,0.0,0.0,79.2
2024,REG,9,00-0036590,Q.Morris,TE,TE,BUF,15341,eab74cbc-ed11-46b3-bd16-1d4c997adc22,22820.0,61182.0,7536.0,,4244049.0,33819.0,,2864581.0,,,15460.0,,,33819.0,0.0,,1059680.0,Quintin Morris,quintin morris,1,1,2.0,1,0.0,0.0,2.0,0.0,1.0,1.2499309,0,1.0,0.027777778,0.015267176,0.05235369,,,,,,,,,,,,,,,,,,,,,,,,,
2024,REG,9,00-0036754,B.Wright,TE,TE,DET,15626,8f182089-7730-499e-8f2e-87bda32debfb,23341.0,60994.0,7891.0,,4242392.0,33774.0,,2807423.0,WrigBr01,,15681.0,,1162.0,33774.0,0.0,,978120.0,Brock Wright,brock wright,1,1,1.0,0,0.0,0.0,-1.0,2.0,0.0,-0.47802615,0,0.0,0.05,-0.0121951215,0.06646342,,,,,,,,,,,,,,,,,REG,DET,GB,Brock Wright,WrigBr01,0.0,0.0,0.0,79.2
2024,REG,9,00-0039420,J.Bell,TE,TE,NE,16646,c9b2f6f5-b8bc-48ca-ac33-fa18883c2f6b,24747.0,,11605.0,,4429262.0,41106.0,,3169583.0,BellJa00,jaheim-bell-1,17848.0,,,41106.0,0.0,,1229765.0,Jaheim Bell,jaheim bell,1,1,1.0,0,0.0,0.0,-2.0,3.0,0.0,-0.83498573,0,0.0,0.025641026,-0.006993007,0.033566434,,,,,,,,,,,,,,,,,REG,NE,TEN,Jaheim Bell,BellJa00,0.0,0.0,0.0,79.2
2024,REG,9,00-0033246,J.Mundt,TE,TE,MIN,13940,6414998b-5831-44aa-8bd8-39e42a323c2c,16743.0,12206.0,4314.0,,3052096.0,30373.0,,2818622.0,MundJo00,,12316.0,12525.0,,30373.0,740704.0,19165.0,740704.0,Johnny Mundt,johnny mundt,0,1,0.0,0,0.0,0.0,14.0,0.0,0.0,-0.8241124,0,0.0,0.030303031,0.05668016,0.08513066,,,,,,,,,,,,,,,,,REG,MIN,IND,Johnny Mundt,MundJo00,0.0,1.0,1.0,39.6
2024,REG,9,00-0036637,N.Gray,TE,TE,KC,15337,c97dfcb6-b999-476f-8487-f3848e92df17,19539.0,60878.0,7828.0,,4240472.0,33550.0,,2866903.0,GrayNo00,noah-gray-1,15459.0,,1059.0,33550.0,0.0,,1056981.0,Noah Gray,noah gray,0,1,0.0,0,0.0,0.0,5.0,0.0,0.0,-0.5480069,0,0.0,0.023809524,0.01831502,0.0485348,,,,,,,,,,,,,,,,,REG,KC,TB,Noah Gray,GrayNo00,0.0,0.0,0.0,39.6
2024,REG,9,00-0037539,L.Krull,TE,TE,DEN,15970,767b4820-cc9f-11ec-952e-a10f2c98fc4d,24240.0,,8249.0,,4360231.0,34654.0,,2961761.0,KrulLu00,,16259.0,,1328.0,34654.0,0.0,,1122323.0,Lucas Krull,lucas krull,0,1,0.0,0,0.0,0.0,4.0,0.0,0.0,-0.4967739,0,0.0,0.030303031,0.015810277,0.05652174,,,,,,,,,,,,,,,,,REG,DEN,BAL,Lucas Krull,KrulLu00,0.0,0.0,0.0,39.6
2024,REG,9,00-0037838,I.Likely,TE,TE,BAL,15798,f9279edb-cfa7-4f7d-91df-b81cbf3e133e,23781.0,,8131.0,,4361050.0,34095.0,,2961906.0,LikeIs00,isaiah-likely-1,16033.0,,1257.0,34095.0,0.0,,1125111.0,Isaiah Likely,isaiah likely,0,1,0.0,0,0.0,0.0,7.0,0.0,0.0,-0.49679714,0,0.0,0.05263158,0.046666667,0.11161403,,,,,,,,,,,,,,,,,REG,BAL,DEN,Isaiah Likely,LikeIs00,0.0,0.0,0.0,39.6
2024,REG,9,00-0039359,C.Stover,TE,TE,HOU,16642,559d5222-0403-4a14-94c7-c7bd5072c939,25269.0,,11599.0,,4426496.0,40987.0,,3125978.0,StovCa00,cade-stover-1,17794.0,,1613.0,40987.0,0.0,,1175182.0,Cade Stover,cade stover,0,2,0.0,0,0.0,0.0,16.0,0.0,0.0,-1.0022321,0,0.0,0.06896552,0.03628118,0.1288451,,,,,,,,,,,,,,,,,REG,HOU,NYJ,Cade Stover,StovCa00,0.0,0.0,0.0,39.6
2024,REG,9,00-0034270,T.Conklin,TE,TE,NYJ,13675,f0d17dfa-ebf3-416c-a8d2-c6bc30675103,17598.0,47327.0,5133.0,,3915486.0,31220.0,,2165249.0,ConkTy00,tyler-conklin-1,12809.0,13220.0,489.0,31127.0,861278.0,19988.0,861278.0,Tyler Conklin,tyler conklin,1,2,-3.0,0,0.0,0.0,-1.0,0.0,0.0,-2.421518,0,0.0,0.0625,-0.0054054055,0.089966215,,,,,,,,,,,,,,,,,REG,NYJ,HOU,Tyler Conklin,ConkTy00,0.0,1.0,0.5,56.2
2024,REG,10,00-0035229,T.Hockenson,TE,TE,MIN,14138,bd1120b6-38b3-4225-a4b0-20660a149d0d,18290.0,40912.0,5844.0,,4036133.0,31840.0,,2251097.0,HockTJ00,tj-hockenson-1,13610.0,14051.0,247.0,31840.0,923915.0,20805.0,923915.0,T.J. Hockenson,tj hockenson,8,9,72.0,0,0.0,0.0,67.0,24.0,6.0,8.265633,0,1.0746269,0.24324325,0.19476745,0.50120205,T.J. Hockenson,MIN,6.632499999999999,2.0615409873196304,7.239999999999999,18.75323778276636,88.88888888888889,72.0,0.0,3.0987499999999994,3.2343741363928125,-0.135624136392813,00-0035229,Thomas,Hockenson,T.Hockenson,REG,MIN,JAX,T.J. Hockenson,HockTJ00,0.0,0.0,0.0,100.0
2024,REG,10,00-0037744,T.McBride,TE,TE,ARI,15794,734d54cc-c869-4e2f-a60f-c59c493f5110,22936.0,,8130.0,,4361307.0,34010.0,,2963385.0,McBrTr01,trey-mcbride-1,15902.0,,1253.0,34010.0,0.0,,1108161.0,Trey McBride,trey mcbride,4,5,71.0,0,0.0,0.0,47.0,25.0,4.0,7.5139074,0,1.5106384,0.20833333,0.4234234,0.6088964,Trey McBride,ARI,2.665,3.8255455991243963,10.382000000000001,44.340992568548735,80.0,71.0,0.0,6.3599999999999985,2.9606115626934297,3.399388437306569,00-0037744,Trey,McBride,T.McBride,REG,ARI,NYJ,Trey McBride,McBrTr01,1.0,1.0,0.2,118.7
2024,REG,10,00-0034753,M.Andrews,TE,TE,BAL,13671,0618f387-9b72-4270-8b8f-dec4cccc9e4a,17269.0,47436.0,5012.0,,3116365.0,31056.0,,2131121.0,AndrMa00,mark-andrews-1,12559.0,13182.0,366.0,31056.0,820699.0,19803.0,820699.0,Mark Andrews,mark andrews,6,7,68.0,1,0.0,0.0,69.0,26.0,4.0,6.027633,0,0.98550725,0.21875,0.28870293,0.53021705,Mark Andrews,BAL,8.34,5.006950190115992,9.302857142857144,26.727959284189783,85.71428571428571,68.0,1.0,4.948333333333333,5.68783726207009,-0.7395039287367569,00-0034753,Mark,Andrews,M.Andrews,REG,BAL,CIN,Mark Andrews,AndrMa00,0.0,0.0,0.0,146.7
2024,REG,10,00-0034383,D.Schultz,TE,TE,HOU,13772,8caec1b4-e0b6-4a84-b8c8-617d6e91ef6a,17349.0,47304.0,5001.0,,3117256.0,31107.0,,2136748.0,SchuDa00,dalton-schultz-1,12514.0,13198.0,487.0,31107.0,830523.0,19920.0,830523.0,Dalton Schultz,dalton schultz,3,4,66.0,0,0.0,0.0,48.0,25.0,3.0,4.292186,0,1.375,0.125,0.18972331,0.32030633,,,,,,,,,,,,,,,,,REG,HOU,DET,Dalton Schultz,SchuDa00,0.0,0.0,0.0,116.7
2024,REG,10,00-0039065,S.LaPorta,TE,TE,DET,16214,3059f1e5-1871-4458-9e90-9b9917874c61,22978.0,,10859.0,,4430027.0,40064.0,,3124197.0,LaPoSa01,sam-laporta-1,17033.0,,1429.0,40064.0,0.0,,1168926.0,Sam LaPorta,sam laporta,3,6,66.0,1,0.0,0.0,87.0,9.0,2.0,-4.265583,0,0.7586207,0.25,0.36708862,0.631962,Sam LaPorta,DET,3.4,3.2907336567265872,13.524999999999999,29.020491363587592,50.0,66.0,1.0,3.530000000000001,3.072056626608268,0.4579433733917333,00-0039065,Sam,LaPorta,S.LaPorta,REG,DET,HOU,Sam LaPorta,LaPoSa01,0.0,0.0,0.0,89.6
2024,REG,10,00-0030506,T.Kelce,TE,TE,KC,11244,c3859e06-5f23-4302-a71b-04820a899d5f,11594.0,7844.0,1466.0,traviskelce/2540258,15847.0,26686.0,,1725130.0,KelcTr00,travis-kelce-1,8783.0,8411.0,264.0,26686.0,448240.0,15048.0,448240.0,Travis Kelce,travis kelce,8,12,64.0,1,0.0,0.0,82.0,21.0,5.0,5.1688786,0,0.7804878,0.3,0.44808742,0.7636612,Travis Kelce,KC,5.4675,2.808882393966396,7.246666666666666,44.001416788949044,66.66666666666666,64.0,1.0,2.875000000000001,3.2972112005133454,-0.4222112005133445,00-0030506,Travis,Kelce,T.Kelce,REG,KC,DEN,Travis Kelce,KelcTr00,0.0,0.0,0.0,107.6
2024,REG,10,00-0032392,A.Hooper,TE,TE,NE,12677,90c2a93f-d837-4e1b-b57c-56648903a8db,15581.0,10715.0,3202.0,,3043275.0,29315.0,,2067004.0,HoopAu00,austin-hooper-1,10748.0,11301.0,384.0,29315.0,739424.0,17963.0,739424.0,Austin Hooper,austin hooper,3,4,64.0,0,0.0,0.0,55.0,16.0,3.0,0.33456308,0,1.1636363,0.17391305,0.2763819,0.4543369,,,,,,,,,,,,,,,,,REG,NE,CHI,Austin Hooper,HoopAu00,0.0,0.0,0.0,77.1
2024,REG,10,00-0033288,G.Kittle,TE,TE,SF,13299,2ada91b0-036e-454f-83c3-6d939ff584a9,16499.0,11901.0,4217.0,,3040151.0,30259.0,,2818265.0,KittGe00,george-kittle-1,11892.0,12276.0,298.0,30259.0,733672.0,19063.0,733672.0,George Kittle,george kittle,3,4,57.0,1,0.0,0.0,34.0,33.0,3.0,5.8553314,0,1.6764706,0.11764706,0.13654618,0.2720529,,,,,,,,,,,,,,,,,REG,SF,TB,George Kittle,KittGe00,1.0,0.0,0.0,156.2
2024,REG,10,00-0036970,K.Pitts,TE,TE,ATL,15329,1f3deb24-9ff8-4769-8f42-825eff7742f6,20164.0,83964.0,7553.0,,4360248.0,33392.0,,2964514.0,PittKy00,kyle-pitts-1,15265.0,,1051.0,33392.0,0.0,,1123026.0,Kyle Pitts,kyle pitts,4,6,55.0,0,0.0,0.0,69.0,14.0,1.0,2.896502,0,0.79710144,0.16216215,0.16546762,0.35907057,Kyle Pitts,ATL,2.4566666666666666,3.6182479643976055,11.463333333333333,16.26773888363292,66.66666666666666,55.0,0.0,4.074999999999999,3.7744247856163327,0.30057521438366663,00-0036970,Kyle,Pitts,K.Pitts,REG,ATL,NO,Kyle Pitts,PittKy00,0.0,0.0,0.0,95.8
2024,REG,10,00-0035249,J.Oliver,TE,TE,MIN,14209,dc83f7af-7b30-4c4a-9c93-f67bd8db954b,18487.0,47083.0,5973.0,,3921690.0,31901.0,,2184618.0,OlivJo00,josh-oliver-1,13786.0,14127.0,7.0,31901.0,881779.0,20899.0,881779.0,Josh Oliver,josh oliver,4,6,52.0,0,0.0,0.0,77.0,11.0,3.0,2.5054984,0,0.6753247,0.16216215,0.22383721,0.39992929,Josh Oliver,MIN,5.16,2.4931041203741353,13.183333333333332,22.765210383929084,66.66666666666666,52.0,0.0,3.5175,4.017657261763702,-0.500157261763702,00-0035249,Josh,Oliver,J.Oliver,REG,MIN,JAX,Josh Oliver,OlivJo00,0.0,1.0,0.167,93.7
2024,REG,10,00-0033858,J.Smith,TE,TE,MIA,13193,e4f25a37-74de-4bfb-b6c9-f50a4fab0b87,16460.0,11855.0,4144.0,,3054212.0,30213.0,,2081506.0,SmitJo01,jonnu-smith-1,11807.0,12344.0,84.0,30213.0,743749.0,18990.0,743749.0,Jonnu Smith,jonnu smith,3,4,45.0,0,0.0,0.0,16.0,36.0,2.0,3.7494888,0,2.8125,0.14285715,0.104575165,0.28748834,,,,,,,,,,,,,,,,,REG,MIA,LA,Jonnu Smith,SmitJo01,2.0,0.0,0.0,111.5
2024,REG,10,00-0034613,T.Hudson,TE,TE,CIN,14370,2fa75e05-cac4-4b40-8924-dbc9ae0c959c,17826.0,66924.0,5409.0,,3050481.0,31257.0,,2926606.0,,,13286.0,,,31257.0,1115394.0,20506.0,1115394.0,Tanner Hudson,tanner hudson,6,7,42.0,1,0.0,0.0,20.0,27.0,3.0,3.6185381,0,2.1,0.12962963,0.040816326,0.22301587,Tanner Hudson,CIN,3.6060000000000003,5.840854862589372,2.324285714285714,3.306104202227098,85.71428571428571,42.0,1.0,5.098333333333334,4.881576957934612,0.21675637539872117,00-0034613,Tanner,Hudson,T.Hudson,,,,,,,,,
2024,REG,10,00-0033881,E.Engram,TE,TE,JAX,13189,e21365af-8d66-416e-b0a5-8816d18fcfd9,16411.0,11778.0,4066.0,,3051876.0,30136.0,,2079887.0,EngrEv00,evan-engram-1,11805.0,12205.0,229.0,30136.0,749185.0,18912.0,749185.0,Evan Engram,evan engram,6,8,40.0,0,0.0,0.0,53.0,15.0,2.0,0.33301678,0,0.754717,0.3809524,0.30113637,0.782224,Evan Engram,JAX,5.058571428571428,4.703463991827248,6.385,31.640237859266605,75.0,40.0,0.0,2.818333333333334,3.3402723917045436,-0.5219390583712098,00-0033881,Evan,Engram,E.Engram,REG,JAX,MIN,Evan Engram,EngrEv00,0.0,2.0,0.25,85.4
2024,REG,10,00-0035689,D.Knox,TE,TE,BUF,14143,5fb525c5-4e70-4ede-8c49-94ad0cf66b7d,18631.0,35883.0,5906.0,,3930086.0,31928.0,,2186345.0,KnoxDa00,dawson-knox-1,13466.0,13953.0,88.0,31928.0,884083.0,20850.0,884083.0,Dawson Knox,dawson knox,2,3,40.0,0,0.0,0.0,31.0,8.0,1.0,2.1247017,0,1.2903225,0.08571429,0.12863071,0.21861292,,,,,,,,,,,,,,,,,REG,BUF,IND,Dawson Knox,KnoxDa00,0.0,0.0,0.0,109.7
2024,REG,10,00-0039847,T.Johnson,TE,TE,NYG,16649,a5d4bb1d-c130-47c2-808a-2dd1f85005fb,23104.0,,11597.0,,4429148.0,41003.0,,3162129.0,JohnTh00,theo-johnson-1,17021.0,,1620.0,41003.0,0.0,,1214414.0,Theo Johnson,theo johnson,4,6,37.0,0,0.0,0.0,47.0,4.0,3.0,-2.2931201,0,0.78723407,0.1875,0.17602997,0.40447098,Theo Johnson,NYG,7.884,1.98501350655559,8.035000000000002,17.687199618446645,66.66666666666666,37.0,0.0,1.3799999999999981,1.2081776880558888,0.17182231194410935,00-0039847,Theodore,Johnson,T.Johnson,REG,NYG,CAR,Theo Johnson,JohnTh00,0.0,0.0,0.0,43.7
2024,REG,10,00-0033357,T.Hill,TE,TE,NO,13424,3c8a55dd-20a8-4375-b711-49eb5e6e1d0e,17115.0,12112.0,4381.0,,2468609.0,30614.0,,2818935.0,HillTa00,,12063.0,12729.0,150.0,30614.0,503184.0,19238.0,503184.0,Taysom Hill,taysom hill,2,2,36.0,0,0.0,0.0,0.0,36.0,1.0,1.1472197,0,0.0,0.0952381,0.0,0.14285715,,,,,,,,,,,,,,,,,REG,NO,ATL,Taysom Hill,HillTa00,0.0,0.0,0.0,118.7
2024,REG,10,00-0038129,C.Otton,TE,TE,TB,15802,f23517bd-ae85-484a-8ecb-1f7a2d851e48,23181.0,,8111.0,,4243331.0,34062.0,,2815179.0,OttoCa00,cade-otton-1,16032.0,,1261.0,34062.0,0.0,,1049263.0,Cade Otton,cade otton,5,8,35.0,0,0.0,0.0,33.0,16.0,3.0,1.8091276,0,1.060606,0.27586207,0.21019109,0.56092685,Cade Otton,TB,5.364285714285715,2.1173091069401844,3.6949999999999994,19.694849756812573,62.5,35.0,0.0,3.7379999999999995,3.210971246292047,0.5270287537079525,00-0038129,Cade,Otton,C.Otton,REG,TB,SF,Cade Otton,OttoCa00,0.0,1.0,0.125,72.4
2024,REG,10,00-0036422,A.Trautman,TE,TE,DEN,14870,4e14183b-f974-4745-9d7f-8f5eb2a92a7d,19423.0,109795.0,6869.0,,3911853.0,32775.0,,2182228.0,TrauAd00,,14541.0,,566.0,32775.0,0.0,21786.0,875444.0,Adam Trautman,adam trautman,1,1,34.0,0,0.0,0.0,5.0,29.0,1.0,3.0531456,0,6.8,0.035714287,0.02202643,0.06898993,,,,,,,,,,,,,,,,,REG,DEN,KC,Adam Trautman,TrauAd00,0.0,0.0,0.0,118.7
2024,REG,10,00-0039074,D.Allen,TE,TE,LA,16219,02a77d8c-3b89-4a61-86a2-0c005c1e589a,23761.0,,10214.0,,4426553.0,40164.0,,3123267.0,AlleDa02,davis-allen-1,17030.0,,1434.0,40164.0,0.0,,1161664.0,Davis Allen,davis allen,5,6,34.0,0,0.0,0.0,16.0,18.0,2.0,-0.3367134,0,2.125,0.13636364,0.053333335,0.2418788,Davis Allen,LAR,5.6899999999999995,4.0858482149317465,2.3516666666666666,4.568117068117066,83.33333333333334,34.0,0.0,4.162000000000001,4.537897920176485,-0.3758979201764845,00-0039074,Davis,Allen,D.Allen,REG,LA,MIA,Davis Allen,AlleDa02,0.0,1.0,0.167,90.3
2024,REG,10,00-0030061,Z.Ertz,TE,TE,WAS,11247,de3421f7-2147-4835-89a5-724e87bad463,11689.0,7816.0,1339.0,zachertz/2540158,15835.0,26658.0,,1685963.0,ErtzZa00,zach-ertz-1,8781.0,8409.0,305.0,26658.0,503177.0,14856.0,503177.0,Zach Ertz,zach ertz,4,8,31.0,0,0.0,0.0,25.0,10.0,0.0,-4.60891,0,1.24,0.25,0.10729614,0.4501073,Zach Ertz,WAS,5.2,3.927690121687376,4.76125,15.379335405983769,50.0,31.0,0.0,2.0599999999999987,3.629756506679655,-1.5697565066796564,00-0030061,Zachary,Ertz,Z.Ertz,REG,WAS,PIT,Zach Ertz,ErtzZa00,0.0,1.0,0.125,59.9
2024,REG,10,00-0034159,W.Dissly,TE,TE,LAC,13763,383f4814-6836-4766-a297-fc063e8509cc,18049.0,30762.0,5010.0,,3127292.0,31090.0,,2139628.0,DissWi00,will-dissly-1,12986.0,13246.0,86.0,31090.0,837806.0,19950.0,837806.0,Will Dissly,will dissly,5,6,30.0,0,0.0,0.0,39.0,10.0,2.0,-0.48073363,0,0.7692308,0.33333334,0.34210527,0.7394737,Will Dissly,LAC,5.029999999999999,1.6619797239416692,6.19,25.03876491606553,83.33333333333334,30.0,0.0,2.2580000000000013,3.133108620095959,-0.8751086200959577,00-0034159,Will,Dissly,W.Dissly,REG,LAC,TEN,Will Dissly,DissWi00,0.0,0.0,0.0,87.5
2024,REG,10,00-0034829,M.Gesicki,TE,TE,CIN,13672,1012cbe0-7eba-4169-bfca-183a0204e1a7,17272.0,47153.0,4993.0,,3116164.0,31012.0,,2139298.0,GesiMi00,mike-gesicki-1,12764.0,13104.0,330.0,31012.0,836152.0,19853.0,836152.0,Mike Gesicki,mike gesicki,4,9,30.0,0,0.0,0.0,86.0,5.0,1.0,-2.7496681,0,0.3488372,0.16666667,0.1755102,0.37285715,Mike Gesicki,CIN,5.188888888888889,1.3575656542465127,9.426666666666668,17.23969763472324,44.44444444444444,30.0,0.0,1.3324999999999978,1.3748513591890834,-0.04235135918908561,00-0034829,Michael,Gesicki,M.Gesicki,REG,CIN,BAL,Mike Gesicki,GesiMi00,0.0,1.0,0.111,53.0
2024,REG,10,00-0034351,D.Goedert,TE,TE,PHI,13674,e8029983-87cf-49a2-bc04-04c8233a0630,17270.0,47272.0,5022.0,,3121023.0,31019.0,,2132551.0,GoedDa00,,12860.0,13151.0,382.0,31019.0,791365.0,19863.0,791365.0,Dallas Goedert,dallas goedert,2,3,25.0,1,0.0,0.0,30.0,7.0,2.0,-3.2292054,0,0.8333333,0.15,0.13392857,0.31875,,,,,,,,,,,,,,,,,REG,PHI,DAL,Dallas Goedert,GoedDa00,0.0,0.0,0.0,92.4
2024,REG,10,00-0038935,B.Strange,TE,TE,JAX,16269,94f135f7-9d54-4cbd-b560-fcaf83d414b0,25345.0,,9480.0,,4430539.0,40078.0,,3121696.0,StraBr00,brenton-strange-1,17017.0,,1461.0,40078.0,0.0,,1164940.0,Brenton Strange,brenton strange,2,3,25.0,0,0.0,0.0,9.0,24.0,1.0,-0.8513173,0,2.7777777,0.14285715,0.051136363,0.25008118,,,,,,,,,,,,,,,,,REG,JAX,MIN,Brenton Strange,StraBr00,0.0,0.0,0.0,92.4
2024,REG,10,00-0038041,J.Ferguson,TE,TE,DAL,15799,f46eab3d-d7dd-4420-b3f9-6da9ac1308ab,22718.0,,8110.0,,4242355.0,34085.0,,2867159.0,FergJa00,jake-ferguson-1,15947.0,,1258.0,34085.0,0.0,,1065361.0,Jake Ferguson,jake ferguson,4,5,24.0,0,1.0,1.0,0.0,21.0,1.0,-6.863918,0,0.0,0.1724138,0.0,0.25862068,Jake Ferguson,DAL,5.678,3.262075989220906,2.210000000000002,5.473006438831109,80.0,24.0,0.0,5.424999999999999,4.906677798221494,0.5183222017785045,00-0038041,Jake,Ferguson,J.Ferguson,REG,DAL,PHI,Jake Ferguson,FergJa00,2.0,0.0,0.0,86.7
2024,REG,10,00-0038933,D.Kincaid,TE,TE,BUF,16213,b961fa15-0676-4948-b95f-56d06319d40e,25247.0,,10236.0,,4385690.0,40048.0,,2982991.0,KincDa00,dalton-kincaid-1,16697.0,,1428.0,40048.0,0.0,,1135513.0,Dalton Kincaid,dalton kincaid,2,5,24.0,0,0.0,0.0,17.0,19.0,1.0,-0.8821168,0,1.4117647,0.14285715,0.07053942,0.26366332,Dalton Kincaid,BUF,5.580000000000001,5.076945903576326,5.376000000000002,10.77354709418838,40.0,24.0,0.0,9.96,5.6024600334912975,4.357539966508703,00-0038933,Dalton,Kincaid,D.Kincaid,REG,BUF,IND,Dalton Kincaid,KincDa00,0.0,0.0,0.0,55.4
2024,REG,10,00-0036040,J.Johnson,TE,TE,NO,14861,0226b03b-f91d-4223-9813-9fcd2e9c3acc,19562.0,28305.0,7002.0,,3929645.0,33113.0,,2186637.0,JohnJu02,,14630.0,,575.0,33113.0,0.0,21738.0,884609.0,Juwan Johnson,juwan johnson,2,3,22.0,0,0.0,0.0,26.0,7.0,1.0,-0.9633417,0,0.84615386,0.14285715,0.15028901,0.31948802,,,,,,,,,,,,,,,,,REG,NO,ATL,Juwan Johnson,JohnJu02,1.0,0.0,0.0,88.2
2024,REG,10,00-0037539,L.Krull,TE,TE,DEN,15970,767b4820-cc9f-11ec-952e-a10f2c98fc4d,24240.0,,8249.0,,4360231.0,34654.0,,2961761.0,KrulLu00,,16259.0,,1328.0,34654.0,0.0,,1122323.0,Lucas Krull,lucas krull,2,2,21.0,0,0.0,0.0,16.0,5.0,2.0,2.197606,0,1.3125,0.071428575,0.07048458,0.15648207,,,,,,,,,,,,,,,,,REG,DEN,KC,Lucas Krull,KrulLu00,0.0,0.0,0.0,110.4
2024,REG,10,00-0036637,N.Gray,TE,TE,KC,15337,c97dfcb6-b999-476f-8487-f3848e92df17,19539.0,60878.0,7828.0,,4240472.0,33550.0,,2866903.0,GrayNo00,noah-gray-1,15459.0,,1059.0,33550.0,0.0,,1056981.0,Noah Gray,noah gray,2,2,18.0,0,0.0,0.0,-1.0,19.0,1.0,2.0681365,0,0.0,0.05,-0.0054644807,0.07117486,,,,,,,,,,,,,,,,,REG,KC,DEN,Noah Gray,GrayNo00,0.0,0.0,0.0,104.2
2024,REG,10,00-0036894,P.Freiermuth,TE,TE,PIT,15331,04f0fefe-9d9d-44f5-94ea-6df2a42df3c6,20163.0,84085.0,7600.0,,4361411.0,33443.0,,2961270.0,FreiPa00,pat-freiermuth-1,15267.0,,1053.0,33443.0,0.0,,1116662.0,Pat Freiermuth,pat freiermuth,3,3,17.0,1,0.0,0.0,5.0,12.0,3.0,4.7729077,0,3.4,0.115384616,0.015243903,0.18374765,,,,,,,,,,,,,,,,,REG,PIT,WAS,Pat Freiermuth,FreiPa00,0.0,0.0,0.0,129.9
2024,REG,10,00-0037805,J.Ruckert,TE,TE,NYJ,15796,28f3732b-0910-4d09-9fd4-e43b821dc5bb,23742.0,,8145.0,,4361372.0,34057.0,,2965446.0,RuckJe00,jeremy-ruckert-1,15996.0,,1255.0,34057.0,0.0,,1122596.0,Jeremy Ruckert,jeremy ruckert,2,2,17.0,0,0.0,0.0,13.0,4.0,1.0,0.78132945,0,1.3076923,0.060606062,0.0625,0.1346591,,,,,,,,,,,,,,,,,REG,NYJ,ARI,Jeremy Ruckert,RuckJe00,0.0,0.0,0.0,102.1
2024,REG,10,00-0036887,L.Farrell,TE,TE,JAX,15335,8a1f0e8e-6521-4a94-9934-ad4f76a25fd9,19501.0,42353.0,7842.0,,4040612.0,33533.0,,2260977.0,FarrLu00,luke-farrell-1,15566.0,,,33533.0,0.0,,946541.0,Luke Farrell,luke farrell,2,2,16.0,0,0.0,0.0,8.0,8.0,0.0,1.3806905,0,2.0,0.0952381,0.045454547,0.17467533,,,,,,,,,,,,,,,,,REG,JAX,MIN,Luke Farrell,FarrLu00,0.0,0.0,0.0,100.0
2024,REG,10,00-0036876,K.Granson,TE,TE,IND,15419,bcc0167c-05fd-4b23-981e-60b8784ceb33,22841.0,40630.0,7602.0,,4039160.0,33515.0,,2247146.0,GranKy00,kylen-granson-1,15245.0,,1119.0,33515.0,0.0,,921050.0,Kylen Granson,kylen granson,2,2,15.0,0,0.0,0.0,12.0,3.0,1.0,1.1644392,0,1.25,0.057142857,0.04347826,0.11614907,,,,,,,,,,,,,,,,,REG,IND,BUF,Kylen Granson,GranKy00,0.0,0.0,0.0,97.9
2024,REG,10,00-0033090,H.Henry,TE,TE,NE,12676,705899da-3c20-4bc3-b5d0-2e6e40655131,15561.0,10669.0,3214.0,,3046439.0,29269.0,,2079848.0,HenrHu00,hunter-henry-1,10735.0,11299.0,212.0,29269.0,744425.0,17975.0,744425.0,Hunter Henry,hunter henry,1,4,14.0,0,0.0,0.0,11.0,10.0,1.0,-2.4686377,0,1.2727273,0.17391305,0.055276383,0.29956302,,,,,,,,,,,,,,,,,REG,NE,CHI,Hunter Henry,HenrHu00,0.0,0.0,0.0,41.7
2024,REG,10,00-0037809,C.Okonkwo,TE,TE,TEN,15889,14e11f9b-58c8-437f-abc0-a4e4df9a7c47,23982.0,,8210.0,,4360635.0,34099.0,,2965208.0,OkonCh00,chigoziem-okonkwo-1,16042.0,,1320.0,34099.0,0.0,,1106374.0,Chigoziem Okonkwo,chigoziem okonkwo,1,1,14.0,0,0.0,0.0,5.0,9.0,1.0,0.93717825,0,2.8,0.04347826,0.02631579,0.083638445,,,,,,,,,,,,,,,,,REG,TEN,LAC,Chigoziem Okonkwo,OkonCh00,0.0,0.0,0.0,118.7
2024,REG,10,00-0036290,C.Kmet,TE,TE,CHI,14867,036feeb6-9a22-43c5-a8e3-7ac611d8ff49,19229.0,60995.0,6826.0,,4258595.0,32713.0,,2868619.0,KmetCo00,cole-kmet-1,14436.0,,569.0,32713.0,0.0,21772.0,1066765.0,Cole Kmet,cole kmet,2,4,13.0,0,0.0,0.0,19.0,1.0,1.0,-0.1549078,0,0.68421054,0.15384616,0.11111111,0.30854702,,,,,,,,,,,,,,,,,REG,CHI,NE,Cole Kmet,KmetCo00,0.0,0.0,0.0,57.3
2024,REG,10,00-0039041,E.Higgins,TE,TE,ARI,16333,a01b7698-d67f-4b60-b2fb-4c667336b718,23119.0,,10231.0,,4426844.0,40226.0,,3122914.0,HiggEl00,elijah-higgins-1,16959.0,,1469.0,40226.0,0.0,,1161853.0,Elijah Higgins,elijah higgins,2,2,13.0,0,0.0,0.0,13.0,0.0,1.0,0.5174789,0,1.0,0.083333336,0.117117114,0.20698199,,,,,,,,,,,,,,,,,REG,ARI,NYJ,Elijah Higgins,HiggEl00,0.0,0.0,0.0,93.7
2024,REG,10,00-0038394,W.Mallory,TE,TE,IND,16220,5d4a5e4f-7c74-4b4c-b8e5-33bb831e3057,23821.0,,10220.0,,4362523.0,40180.0,,2962073.0,MallWi00,will-mallory-1,17014.0,,1435.0,,0.0,,1121873.0,Will Mallory,will mallory,1,1,10.0,0,0.0,0.0,6.0,4.0,0.0,0.19097848,0,1.6666666,0.028571429,0.02173913,0.058074534,,,,,,,,,,,,,,,,,REG,IND,BUF,Will Mallory,MallWi00,0.0,0.0,0.0,108.3
2024,REG,10,00-0034270,T.Conklin,TE,TE,NYJ,13675,f0d17dfa-ebf3-416c-a8d2-c6bc30675103,17598.0,47327.0,5133.0,,3915486.0,31220.0,,2165249.0,ConkTy00,tyler-conklin-1,12809.0,13220.0,489.0,31127.0,861278.0,19988.0,861278.0,Tyler Conklin,tyler conklin,1,2,8.0,0,0.0,0.0,8.0,4.0,0.0,-0.33287314,0,1.0,0.060606062,0.03846154,0.11783217,,,,,,,,,,,,,,,,,REG,NYJ,ARI,Tyler Conklin,ConkTy00,0.0,0.0,0.0,60.4
2024,REG,10,00-0039356,J.Sanders,TE,TE,CAR,16643,ffd2ff3f-4b56-4232-be8e-bf163c29f406,24334.0,,11600.0,,4431588.0,40995.0,,26731381.0,SandJa01,jatavion-sanders-1,17748.0,,1614.0,40995.0,0.0,,1326628.0,Ja'Tavion Sanders,jatavion sanders,2,2,8.0,1,0.0,0.0,8.0,0.0,1.0,2.9208188,0,1.0,0.08,0.048484847,0.1539394,,,,,,,,,,,,,,,,,REG,CAR,NYG,Ja'Tavion Sanders,SandJa01,0.0,0.0,0.0,122.9
2024,REG,10,00-0034798,D.Smythe,TE,TE,MIA,13676,7e42a22a-c47b-4387-aeeb-2cc2e76dc1d8,17508.0,47257.0,5008.0,,3052897.0,31093.0,,2082845.0,SmytDu00,durham-smythe-1,12807.0,13249.0,,31093.0,749968.0,19943.0,749968.0,Durham Smythe,durham smythe,1,1,6.0,0,0.0,0.0,6.0,0.0,0.0,0.041982897,0,1.0,0.035714287,0.039215688,0.08102241,,,,,,,,,,,,,,,,,REG,MIA,LA,Durham Smythe,SmytDu00,0.0,0.0,0.0,91.7
2024,REG,10,00-0037569,P.Hendershot,TE,TE,KC,16000,944893b0-d30e-11ec-8b77-45b1765fd110,22971.0,,8197.0,,4258248.0,34607.0,,2867545.0,HendPe01,,16041.0,,,34607.0,0.0,,1065138.0,Peyton Hendershot,peyton hendershot,1,1,6.0,0,0.0,0.0,0.0,6.0,0.0,0.2504193,0,0.0,0.025,0.0,0.0375,,,,,,,,,,,,,,,,,REG,KC,DEN,Peyton Hendershot,HendPe01,0.0,0.0,0.0,91.7
2024,REG,10,00-0038558,D.Washington,TE,TE,PIT,16216,1984b8b5-d206-4d6a-8204-c5dd0160e9f5,22967.0,,9479.0,,4430802.0,40094.0,,3163963.0,WashDa03,darnell-washington-1,16889.0,,1431.0,40094.0,0.0,,1218658.0,Darnell Washington,darnell washington,1,3,6.0,0,0.0,0.0,5.0,6.0,0.0,-0.72498643,0,1.2,0.115384616,0.015243903,0.18374765,,,,,,,,,,,,,,,,,REG,PIT,WAS,Darnell Washington,WashDa03,0.0,0.0,0.0,42.4
2024,REG,10,00-0036510,K.Yeboah,TE,TE,NYJ,15339,990c2825-ca25-4da9-9966-269363a9bb91,22815.0,42196.0,7597.0,,4044144.0,33705.0,,2256993.0,YeboKe00,,15339.0,,,33705.0,0.0,,943843.0,Kenny Yeboah,kenny yeboah,1,1,4.0,0,0.0,0.0,-3.0,7.0,0.0,-0.07799614,0,0.0,0.030303031,-0.014423077,0.03535839,,,,,,,,,,,,,,,,,REG,NYJ,ARI,Kenny Yeboah,YeboKe00,0.0,0.0,0.0,83.3
2024,REG,10,00-0038046,C.Kolar,TE,TE,BAL,15795,3c048ac9-2c0f-4bf0-9ddc-ce99c9387ac8,22756.0,,8127.0,,4241263.0,34084.0,,2866273.0,KolaCh00,charlie-kolar-1,15924.0,,,34084.0,0.0,,1058648.0,Charlie Kolar,charlie kolar,1,1,4.0,0,0.0,0.0,4.0,0.0,0.0,-0.09504129,0,1.0,0.03125,0.016736401,0.058590483,,,,,,,,,,,,,,,,,REG,BAL,CIN,Charlie Kolar,KolaCh00,0.0,0.0,0.0,83.3
2024,REG,10,00-0034365,I.Thomas,TE,TE,CAR,13678,ed8a8fd2-df67-45e7-a34f-984afb82f6ea,17387.0,42130.0,4995.0,,4045305.0,31071.0,,2253359.0,ThomIa00,ian-thomas-3,12858.0,13163.0,323.0,31071.0,943093.0,19910.0,943093.0,Ian Thomas,ian thomas,1,1,3.0,0,0.0,0.0,2.0,1.0,0.0,-0.32812592,0,1.5,0.04,0.012121212,0.06848485,,,,,,,,,,,,,,,,,REG,CAR,NYG,Ian Thomas,ThomIa00,0.0,0.0,0.0,79.2
2024,REG,10,00-0037292,A.Ogletree,TE,TE,IND,15916,59f460a8-b5af-40e6-840c-429762b278b3,24561.0,,8489.0,,4722908.0,34148.0,,2672594.0,OgleAn00,,16277.0,,1315.0,34148.0,0.0,,1271740.0,Andrew Ogletree,andrew ogletree,1,1,2.0,0,0.0,0.0,2.0,0.0,0.0,-0.38871083,0,1.0,0.028571429,0.007246377,0.047929607,,,,,,,,,,,,,,,,,REG,IND,BUF,Andrew Ogletree,OgleAn00,0.0,0.0,0.0,79.2
2024,REG,10,00-0039359,C.Stover,TE,TE,HOU,16642,559d5222-0403-4a14-94c7-c7bd5072c939,25269.0,,11599.0,,4426496.0,40987.0,,3125978.0,StovCa00,cade-stover-1,17794.0,,1613.0,40987.0,0.0,,1175182.0,Cade Stover,cade stover,1,2,2.0,0,0.0,0.0,20.0,1.0,0.0,-0.9094289,0,0.1,0.0625,0.07905138,0.14908597,,,,,,,,,,,,,,,,,REG,HOU,DET,Cade Stover,StovCa00,0.0,0.0,0.0,56.2
2024,REG,10,00-0031585,M.Pruitt,TE,TE,PIT,12309,f22b34cf-6ecf-4522-9c77-1da275dfda7d,13964.0,9576.0,2446.0,,2508256.0,28531.0,,1760327.0,PruiMy00,,10251.0,10522.0,,28531.0,552586.0,16903.0,552586.0,MyCole Pruitt,mycole pruitt,0,1,0.0,0,0.0,0.0,10.0,0.0,0.0,-0.8230396,0,0.0,0.03846154,0.030487806,0.07903377,,,,,,,,,,,,,,,,,REG,PIT,WAS,MyCole Pruitt,PruiMy00,0.0,0.0,0.0,39.6
2024,REG,10,00-0034830,H.Hurst,TE,TE,LAC,13680,1b125fc4-5dd9-4eb9-a42f-048e61ca42b7,17283.0,47294.0,4973.0,,3924365.0,30995.0,,2185053.0,HursHa00,hayden-hurst-1,12467.0,13098.0,8.0,30995.0,881956.0,19843.0,881956.0,Hayden Hurst,hayden hurst,0,1,0.0,0,0.0,0.0,-1.0,0.0,0.0,-0.96914357,0,0.0,0.055555556,-0.00877193,0.077192985,,,,,,,,,,,,,,,,,REG,LAC,TEN,Hayden Hurst,HursHa00,0.0,1.0,1.0,39.6
2024,REG,10,00-0034981,F.Moreau,TE,TE,NO,14239,9c3a67fd-5c6e-4689-9e08-9ff6d4db6c9a,18397.0,47043.0,5985.0,,3843945.0,31969.0,,2180634.0,MoreFo00,foster-moreau-1,13822.0,14154.0,179.0,31969.0,865573.0,20884.0,865573.0,Foster Moreau,foster moreau,0,2,0.0,0,0.0,0.0,25.0,0.0,0.0,-2.1299295,0,0.0,0.0952381,0.14450867,0.2440132,,,,,,,,,,,,,,,,,REG,NO,ATL,Foster Moreau,MoreFo00,0.0,0.0,0.0,39.6
2024,REG,10,00-0036429,C.Woerner,TE,TE,ATL,14984,527dfee0-a242-4dc7-830a-ab7028308259,19665.0,42257.0,7075.0,,4035020.0,32860.0,,2248629.0,WoerCh00,charlie-woerner-1,14608.0,,,32860.0,0.0,22119.0,922040.0,Charlie Woerner,charlie woerner,0,1,0.0,0,0.0,0.0,-5.0,0.0,0.0,-0.49727556,0,0.0,0.027027028,-0.0119904075,0.032147255,,,,,,,,,,,,,,,,,REG,ATL,NO,Charlie Woerner,WoerCh00,0.0,0.0,0.0,39.6
2024,REG,10,00-0037086,G.Calcaterra,TE,TE,PHI,15804,f6988cfa-2dcf-490b-ac80-9af8e4292efa,24180.0,,8177.0,,4241374.0,34154.0,,2804129.0,CalcGr00,grant-calcaterra-1,16039.0,,,34154.0,0.0,,976221.0,Grant Calcaterra,grant calcaterra,0,1,0.0,0,0.0,0.0,9.0,0.0,0.0,-1.4727113,0,0.0,0.05,0.04017857,0.103125,,,,,,,,,,,,,,,,,REG,PHI,DAL,Grant Calcaterra,CalcGr00,0.0,0.0,0.0,39.6
2024,REG,10,00-0038547,L.Schoonmaker,TE,TE,DAL,16221,143957a7-4649-4a19-b351-e606edc75ebd,25267.0,,10871.0,,4372096.0,40061.0,,2968473.0,SchoLu00,luke-schoonmaker-1,16855.0,,1382.0,40061.0,0.0,,1130242.0,Luke Schoonmaker,luke schoonmaker,0,1,0.0,0,0.0,0.0,2.0,0.0,0.0,-0.6545267,0,0.0,0.03448276,0.010204081,0.058866996,,,,,,,,,,,,,,,,,REG,DAL,PHI,Luke Schoonmaker,SchoLu00,0.0,0.0,0.0,39.6
2024,REG,10,00-0038589,J.Whyle,TE,TE,TEN,16312,601467c7-b593-472d-a147-b8e7bfdbe990,22923.0,,10212.0,,4360086.0,40182.0,,2962513.0,WhylJo01,josh-whyle-1,16866.0,,1471.0,40182.0,0.0,,1107037.0,Josh Whyle,josh whyle,0,1,0.0,0,0.0,0.0,8.0,0.0,0.0,-1.6529669,0,0.0,0.04347826,0.042105265,0.094691075,,,,,,,,,,,,,,,,,REG,TEN,LAC,Josh Whyle,WhylJo01,0.0,0.0,0.0,39.6
2024,REG,10,00-0038720,J.Hill,TE,TE,MIA,16425,516da3c0-f016-11ed-a518-572ef5cb73b6,25824.0,,11371.0,,4365395.0,40629.0,,2961743.0,HillJu02,,17335.0,,,40629.0,0.0,,1123630.0,Julian Hill,julian hill,0,1,0.0,0,0.0,0.0,5.0,0.0,0.0,0.90243125,0,0.0,0.035714287,0.03267974,0.07644725,,,,,,,,,,,,,,,,,REG,MIA,LA,Julian Hill,HillJu02,0.0,0.0,0.0,39.6
2024,REG,11,00-0039338,B.Bowers,TE,TE,LV,16641,ad9fc7e3-0a6d-4e41-84c2-cf43b71aee13,22955.0,,11604.0,,4432665.0,40878.0,,26693971.0,BoweBr01,brock-bowers-1,17693.0,,1612.0,40878.0,0.0,,1285917.0,Brock Bowers,brock bowers,13,16,126.0,1,0.0,0.0,64.0,78.0,10.0,10.603409,0,1.96875,0.41025642,0.4295302,0.91605574,Brock Bowers,LV,7.985384615384616,3.4657271999943964,3.633749999999999,39.91213015720463,81.25,126.0,1.0,6.070769230769232,3.950391246036757,2.1203779847324746,00-0039338,Brock,Bowers,B.Bowers,REG,LV,MIA,Brock Bowers,BoweBr01,1.0,1.0,0.063,120.3
2024,REG,11,00-0033858,J.Smith,TE,TE,MIA,13193,e4f25a37-74de-4bfb-b6c9-f50a4fab0b87,16460.0,11855.0,4144.0,,3054212.0,30213.0,,2081506.0,SmitJo01,jonnu-smith-1,11807.0,12344.0,84.0,30213.0,743749.0,18990.0,743749.0,Jonnu Smith,jonnu smith,6,8,101.0,2,0.0,0.0,43.0,59.0,6.0,8.875844,0,2.3488371,0.22857143,0.24157304,0.51195824,Jonnu Smith,MIA,7.9319999999999995,4.071840378954431,6.95375,28.23427904380044,75.0,101.0,2.0,9.979999999999999,9.032946941757151,0.9470530582428474,00-0033858,Jonnu,Smith,J.Smith,REG,MIA,LV,Jonnu Smith,SmitJo01,0.0,1.0,0.125,156.2
2024,REG,11,00-0033885,D.Njoku,TE,TE,CLE,13192,8f86fcea-90e8-49ea-bc78-5c7659313e57,16399.0,11784.0,4033.0,,3123076.0,30142.0,,2136474.0,NjokDa00,david-njoku-1,11734.0,12186.0,252.0,30142.0,832098.0,18876.0,832098.0,David Njoku,david njoku,9,9,81.0,0,0.0,0.0,21.0,60.0,4.0,4.54074,1,3.857143,0.2,0.046666667,0.33266667,David Njoku,CLE,8.195,5.1037392929456695,2.376666666666667,4.2957845480288395,100.0,81.0,0.0,6.623333333333333,4.720274393867233,1.9030589394661002,00-0033885,David,Njoku,D.Njoku,REG,CLE,NO,David Njoku,NjokDa00,1.0,0.0,0.0,104.2
2024,REG,11,00-0034159,W.Dissly,TE,TE,LAC,13763,383f4814-6836-4766-a297-fc063e8509cc,18049.0,30762.0,5010.0,,3127292.0,31090.0,,2139628.0,DissWi00,will-dissly-1,12986.0,13246.0,86.0,31090.0,837806.0,19950.0,837806.0,Will Dissly,will dissly,4,6,80.0,1,0.0,0.0,61.0,23.0,3.0,4.3562813,0,1.3114754,0.18181819,0.13616072,0.3680398,Will Dissly,LAC,8.790000000000001,3.2190301264454,9.260000000000002,12.896337217399381,66.66666666666666,80.0,1.0,6.909999999999999,3.590732738564782,3.3192672614352174,00-0034159,Will,Dissly,W.Dissly,REG,LAC,CIN,Will Dissly,DissWi00,0.0,1.0,0.167,149.3
2024,REG,11,00-0037838,I.Likely,TE,TE,BAL,15798,f9279edb-cfa7-4f7d-91df-b81cbf3e133e,23781.0,,8131.0,,4361050.0,34095.0,,2961906.0,LikeIs00,isaiah-likely-1,16033.0,,1257.0,34095.0,0.0,,1125111.0,Isaiah Likely,isaiah likely,4,5,75.0,0,1.0,1.0,54.0,42.0,3.0,0.89872885,0,1.3888888,0.16129032,0.17821783,0.36668795,Isaiah Likely,BAL,6.634,4.988242083959891,8.73,14.733182569953085,80.0,75.0,0.0,11.807500000000001,8.285622872383783,3.521877127616218,00-0037838,Isaiah,Likely,I.Likely,REG,BAL,PIT,Isaiah Likely,LikeIs00,0.0,0.0,0.0,118.7
2024,REG,11,00-0033090,H.Henry,TE,TE,NE,12676,705899da-3c20-4bc3-b5d0-2e6e40655131,15561.0,10669.0,3214.0,,3046439.0,29269.0,,2079848.0,HenrHu00,hunter-henry-1,10735.0,11299.0,212.0,29269.0,744425.0,17975.0,744425.0,Hunter Henry,hunter henry,6,9,63.0,0,0.0,0.0,59.0,16.0,4.0,5.307493,0,1.0677966,0.24324325,0.26576576,0.5509009,Hunter Henry,NE,4.61,1.4799137427549676,6.587777777777777,27.619136348814454,66.66666666666666,63.0,0.0,2.6866666666666656,2.183832622689065,0.5028340439776007,00-0033090,Hunter,Henry,H.Henry,REG,NE,LA,Hunter Henry,HenrHu00,0.0,0.0,0.0,86.8
2024,REG,11,00-0034351,D.Goedert,TE,TE,PHI,13674,e8029983-87cf-49a2-bc04-04c8233a0630,17270.0,47272.0,5022.0,,3121023.0,31019.0,,2132551.0,GoedDa00,,12860.0,13151.0,382.0,31019.0,791365.0,19863.0,791365.0,Dallas Goedert,dallas goedert,5,5,61.0,0,1.0,0.0,32.0,29.0,2.0,3.8058896,0,1.90625,0.2,0.19875777,0.43913043,Dallas Goedert,PHI,4.683333333333334,5.102035947199925,5.9719999999999995,20.886961387800778,100.0,61.0,0.0,6.268000000000001,8.107924019042548,-1.839924019042547,00-0034351,Dallas,Goedert,D.Goedert,REG,PHI,WAS,Dallas Goedert,GoedDa00,0.0,0.0,0.0,117.5
2024,REG,11,00-0038547,L.Schoonmaker,TE,TE,DAL,16221,143957a7-4649-4a19-b351-e606edc75ebd,25267.0,,10871.0,,4372096.0,40061.0,,2968473.0,SchoLu00,luke-schoonmaker-1,16855.0,,1382.0,40061.0,0.0,,1130242.0,Luke Schoonmaker,luke schoonmaker,6,10,56.0,0,0.0,0.0,86.0,13.0,2.0,2.7257996,0,0.6511628,0.18518518,0.25748503,0.4580173,Luke Schoonmaker,DAL,6.201666666666665,1.7253104100413938,8.209,25.76827698778919,60.0,56.0,0.0,2.4883333333333333,1.0503245041110851,1.4380088292222482,00-0038547,Luke,Schoonmaker,L.Schoonmaker,REG,DAL,HOU,Luke Schoonmaker,SchoLu00,0.0,0.0,0.0,75.4
2024,REG,11,00-0033357,T.Hill,TE,TE,NO,13424,3c8a55dd-20a8-4375-b711-49eb5e6e1d0e,17115.0,12112.0,4381.0,,2468609.0,30614.0,,2818935.0,HillTa00,,12063.0,12729.0,150.0,30614.0,503184.0,19238.0,503184.0,Taysom Hill,taysom hill,8,10,50.0,0,1.0,1.0,32.0,31.0,2.0,-3.4981308,0,1.5625,0.35714287,0.14611872,0.6379974,Taysom Hill,NO,5.7057142857142855,3.8923512082899783,2.497000000000001,11.646998460749108,80.0,50.0,0.0,4.154999999999999,4.22750648229345,-0.07250648229345025,00-0033357,Taysom,Hill,T.Hill,REG,NO,CLE,Taysom Hill,HillTa00,1.0,0.0,0.0,87.5
2024,REG,11,00-0034981,F.Moreau,TE,TE,NO,14239,9c3a67fd-5c6e-4689-9e08-9ff6d4db6c9a,18397.0,47043.0,5985.0,,3843945.0,31969.0,,2180634.0,MoreFo00,foster-moreau-1,13822.0,14154.0,179.0,31969.0,865573.0,20884.0,865573.0,Foster Moreau,foster moreau,3,4,50.0,0,0.0,0.0,73.0,11.0,2.0,3.2685497,0,0.6849315,0.14285715,0.33333334,0.44761905,,,,,,,,,,,,,,,,,REG,NO,CLE,Foster Moreau,MoreFo00,0.0,0.0,0.0,116.7
2024,REG,11,00-0030061,Z.Ertz,TE,TE,WAS,11247,de3421f7-2147-4835-89a5-724e87bad463,11689.0,7816.0,1339.0,zachertz/2540158,15835.0,26658.0,,1685963.0,ErtzZa00,zach-ertz-1,8781.0,8409.0,305.0,26658.0,503177.0,14856.0,503177.0,Zach Ertz,zach ertz,6,7,47.0,1,0.0,0.0,35.0,15.0,5.0,7.7017283,1,1.3428571,0.21875,0.30701753,0.5430373,Zach Ertz,WAS,6.32,3.413353469480563,4.775714285714286,28.998959056210964,85.71428571428571,47.0,1.0,2.828333333333333,3.4198659085405816,-0.5915325752072484,00-0030061,Zachary,Ertz,Z.Ertz,REG,WAS,PHI,Zach Ertz,ErtzZa00,0.0,0.0,0.0,134.2
2024,REG,11,00-0036290,C.Kmet,TE,TE,CHI,14867,036feeb6-9a22-43c5-a8e3-7ac611d8ff49,19229.0,60995.0,6826.0,,4258595.0,32713.0,,2868619.0,KmetCo00,cole-kmet-1,14436.0,,569.0,32713.0,0.0,21772.0,1066765.0,Cole Kmet,cole kmet,3,3,42.0,0,0.0,0.0,28.0,14.0,2.0,3.217958,0,1.5,0.09677419,0.13207547,0.23761413,,,,,,,,,,,,,,,,,REG,CHI,GB,Cole Kmet,KmetCo00,0.0,0.0,0.0,118.7
2024,REG,11,00-0038558,D.Washington,TE,TE,PIT,16216,1984b8b5-d206-4d6a-8204-c5dd0160e9f5,22967.0,,9479.0,,4430802.0,40094.0,,3163963.0,WashDa03,darnell-washington-1,16889.0,,1431.0,40094.0,0.0,,1218658.0,Darnell Washington,darnell washington,2,4,42.0,0,0.0,0.0,24.0,17.0,2.0,-1.5758816,0,1.75,0.125,0.13559322,0.28241524,,,,,,,,,,,,,,,,,REG,PIT,BAL,Darnell Washington,WashDa03,0.0,0.0,0.0,47.9
2024,REG,11,00-0039530,B.Spann-Ford,TE,TE,DAL,16647,efc8d800-072b-11ef-892f-5b772aae3c25,26003.0,,11593.0,,4360967.0,41371.0,,2961760.0,,,17908.0,,,41371.0,0.0,,1108202.0,Brevyn Spann-Ford,brevyn spann-ford,4,5,42.0,0,0.0,0.0,22.0,34.0,4.0,3.7099056,0,1.9090909,0.09259259,0.065868266,0.18499668,Brevyn Spann-Ford,DAL,8.36,5.600225848408806,4.239999999999998,6.654738362055435,80.0,42.0,0.0,8.880000000000003,9.436400665133533,-0.5564006651335305,00-0039530,Brevyn,Spann-Ford,B.Spann-Ford,,,,,,,,,
2024,REG,11,00-0035689,D.Knox,TE,TE,BUF,14143,5fb525c5-4e70-4ede-8c49-94ad0cf66b7d,18631.0,35883.0,5906.0,,3930086.0,31928.0,,2186345.0,KnoxDa00,dawson-knox-1,13466.0,13953.0,88.0,31928.0,884083.0,20850.0,884083.0,Dawson Knox,dawson knox,4,6,40.0,0,0.0,0.0,69.0,11.0,2.0,-3.240001,0,0.5797101,0.15789473,0.25842696,0.41774097,Dawson Knox,BUF,7.302,3.5293493227150274,10.313333333333333,25.26848789252318,66.66666666666666,40.0,0.0,3.0549999999999997,4.353954616539255,-1.2989546165392554,00-0035689,Dawson,Knox,D.Knox,REG,BUF,KC,Dawson Knox,KnoxDa00,0.0,0.0,0.0,45.8
2024,REG,11,00-0032392,A.Hooper,TE,TE,NE,12677,90c2a93f-d837-4e1b-b57c-56648903a8db,15581.0,10715.0,3202.0,,3043275.0,29315.0,,2067004.0,HoopAu00,austin-hooper-1,10748.0,11301.0,384.0,29315.0,739424.0,17963.0,739424.0,Austin Hooper,austin hooper,4,4,35.0,0,0.0,0.0,4.0,31.0,1.0,0.94782495,0,8.75,0.10810811,0.018018018,0.17477478,,,,,,,,,,,,,,,,,REG,NE,LA,Austin Hooper,HoopAu00,0.0,0.0,0.0,103.1
2024,REG,11,00-0035249,J.Oliver,TE,TE,MIN,14209,dc83f7af-7b30-4c4a-9c93-f67bd8db954b,18487.0,47083.0,5973.0,,3921690.0,31901.0,,2184618.0,OlivJo00,josh-oliver-1,13786.0,14127.0,7.0,31901.0,881779.0,20899.0,881779.0,Josh Oliver,josh oliver,3,3,34.0,0,0.0,0.0,12.0,22.0,1.0,1.8919138,0,2.8333333,0.1,0.04040404,0.17828283,,,,,,,,,,,,,,,,,REG,MIN,TEN,Josh Oliver,OlivJo00,0.0,0.0,0.0,113.9
2024,REG,11,00-0034383,D.Schultz,TE,TE,HOU,13772,8caec1b4-e0b6-4a84-b8c8-617d6e91ef6a,17349.0,47304.0,5001.0,,3117256.0,31107.0,,2136748.0,SchuDa00,dalton-schultz-1,12514.0,13198.0,487.0,31107.0,830523.0,19920.0,830523.0,Dalton Schultz,dalton schultz,5,7,33.0,0,0.0,0.0,28.0,14.0,2.0,-0.6354654,0,1.1785715,0.21212122,0.15819208,0.42891628,Dalton Schultz,HOU,7.742,2.5020622889213824,3.9028571428571435,15.638236977676021,71.42857142857143,33.0,0.0,2.9339999999999997,3.653788353903752,-0.7197883539037524,00-0034383,Dalton,Schultz,D.Schultz,REG,HOU,DAL,Dalton Schultz,SchuDa00,0.0,0.0,0.0,81.2
2024,REG,11,00-0036040,J.Johnson,TE,TE,NO,14861,0226b03b-f91d-4223-9813-9fcd2e9c3acc,19562.0,28305.0,7002.0,,3929645.0,33113.0,,2186637.0,JohnJu02,,14630.0,,575.0,33113.0,0.0,21738.0,884609.0,Juwan Johnson,juwan johnson,3,3,30.0,1,0.0,0.0,18.0,12.0,2.0,3.4232376,0,1.6666666,0.10714286,0.08219178,0.21824853,,,,,,,,,,,,,,,,,REG,NO,CLE,Juwan Johnson,JohnJu02,0.0,0.0,0.0,147.9
2024,REG,11,00-0033881,E.Engram,TE,TE,JAX,13189,e21365af-8d66-416e-b0a5-8816d18fcfd9,16411.0,11778.0,4066.0,,3051876.0,30136.0,,2079887.0,EngrEv00,evan-engram-1,11805.0,12205.0,229.0,30136.0,749185.0,18912.0,749185.0,Evan Engram,evan engram,5,7,28.0,0,0.0,0.0,57.0,6.0,2.0,0.28799096,0,0.49122807,0.25,0.16618076,0.49132654,Evan Engram,JAX,5.514285714285713,3.2690256040149714,7.591428571428571,17.21635456489341,71.42857142857143,28.0,0.0,1.374000000000001,2.399777284840127,-1.0257772848401259,00-0033881,Evan,Engram,E.Engram,REG,JAX,DET,Evan Engram,EngrEv00,0.0,0.0,0.0,78.3
2024,REG,11,00-0038720,J.Hill,TE,TE,MIA,16425,516da3c0-f016-11ed-a518-572ef5cb73b6,25824.0,,11371.0,,4365395.0,40629.0,,2961743.0,HillJu02,,17335.0,,,40629.0,0.0,,1123630.0,Julian Hill,julian hill,2,3,28.0,0,0.0,0.0,30.0,16.0,2.0,2.4319391,0,0.93333334,0.08571429,0.16853933,0.24654895,,,,,,,,,,,,,,,,,REG,MIA,LV,Julian Hill,HillJu02,0.0,0.0,0.0,96.5
2024,REG,11,00-0036637,N.Gray,TE,TE,KC,15337,c97dfcb6-b999-476f-8487-f3848e92df17,19539.0,60878.0,7828.0,,4240472.0,33550.0,,2866903.0,GrayNo00,noah-gray-1,15459.0,,1059.0,33550.0,0.0,,1056981.0,Noah Gray,noah gray,4,5,23.0,2,0.0,0.0,21.0,20.0,4.0,1.5200417,0,1.0952381,0.16129032,0.09677419,0.30967742,Noah Gray,KC,5.476666666666667,3.7911977894883266,4.837999999999999,11.511373370134192,80.0,23.0,2.0,5.3925,5.088261826965891,0.3042381730341095,00-0036637,Noah,Gray,N.Gray,REG,KC,BUF,Noah Gray,GrayNo00,0.0,0.0,0.0,85.8
2024,REG,11,00-0034753,M.Andrews,TE,TE,BAL,13671,0618f387-9b72-4270-8b8f-dec4cccc9e4a,17269.0,47436.0,5012.0,,3116365.0,31056.0,,2131121.0,AndrMa00,mark-andrews-1,12559.0,13182.0,366.0,31056.0,820699.0,19803.0,820699.0,Mark Andrews,mark andrews,2,3,22.0,0,0.0,0.0,42.0,4.0,1.0,1.748171,0,0.52380955,0.09677419,0.13861386,0.24219099,,,,,,,,,,,,,,,,,REG,BAL,PIT,Mark Andrews,AndrMa00,0.0,0.0,0.0,88.2
2024,REG,11,00-0036534,S.Zylstra,TE,TE,DET,15604,0cafaac9-20fb-4e5a-9362-158d8a4e7904,23461.0,,8041.0,,4608362.0,33803.0,,2668830.0,ZylsSh00,,15701.0,,,33803.0,0.0,,1284247.0,Shane Zylstra,shane zylstra,1,1,22.0,0,0.0,0.0,9.0,13.0,1.0,1.2436419,0,2.4444444,0.032258064,0.034883723,0.0728057,,,,,,,,,,,,,,,,,REG,DET,JAX,Shane Zylstra,ZylsSh00,0.0,0.0,0.0,118.7
2024,REG,11,00-0034364,J.Akins,TE,TE,CLE,13753,0cb5a32a-a340-4671-ba2a-93f5fa6aee8d,17415.0,47050.0,5032.0,,3128452.0,31068.0,,2142712.0,AkinJo00,jordan-akins-1,12568.0,13238.0,,31068.0,838396.0,19903.0,838396.0,Jordan Akins,jordan akins,1,4,19.0,0,0.0,0.0,24.0,7.0,1.0,0.8080541,0,0.7916667,0.08888889,0.053333335,0.17066666,,,,,,,,,,,,,,,,,REG,CLE,NO,Jordan Akins,AkinJo00,0.0,0.0,0.0,46.9
2024,REG,11,00-0036244,C.Parkinson,TE,TE,LA,14871,1ea7affb-e5e7-491a-aaa3-55e200b2eb48,19372.0,52266.0,6865.0,,4242557.0,32803.0,,2867522.0,ParkCo02,colby-parkinson-1,14463.0,,565.0,32803.0,0.0,21807.0,1060312.0,Colby Parkinson,colby parkinson,1,1,19.0,1,0.0,0.0,19.0,0.0,1.0,2.4316287,0,1.0,0.037037037,0.065743946,0.10157631,,,,,,,,,,,,,,,,,REG,LA,NE,Colby Parkinson,ParkCo02,0.0,0.0,0.0,158.3
2024,REG,11,00-0037809,C.Okonkwo,TE,TE,TEN,15889,14e11f9b-58c8-437f-abc0-a4e4df9a7c47,23982.0,,8210.0,,4360635.0,34099.0,,2965208.0,OkonCh00,chigoziem-okonkwo-1,16042.0,,1320.0,34099.0,0.0,,1106374.0,Chigoziem Okonkwo,chigoziem okonkwo,2,4,19.0,0,0.0,0.0,3.0,18.0,1.0,1.2362002,0,6.3333335,0.13793103,0.009259259,0.21337803,,,,,,,,,,,,,,,,,REG,TEN,MIN,Chigoziem Okonkwo,OkonCh00,0.0,0.0,0.0,63.5
2024,REG,11,00-0033217,M.Alie-Cox,TE,TE,IND,13246,8809c0dd-786b-4255-a7d0-333c9498c19a,16579.0,12078.0,4054.0,moalie-cox/2558832,2998565.0,30112.0,,2815925.0,AlieMo00,,12196.0,12221.0,195.0,30112.0,712506.0,18900.0,712506.0,Mo Alie-Cox,mo alie-cox,2,3,17.0,0,0.0,0.0,20.0,4.0,1.0,1.1652158,0,0.85,0.10714286,0.07168459,0.2108935,,,,,,,,,,,,,,,,,REG,IND,NYJ,Mo Alie-Cox,AlieMo00,0.0,1.0,0.333,81.2
2024,REG,11,00-0036628,J.Bates,TE,TE,WAS,15344,3208880b-949f-4926-85eb-1940770550ea,22833.0,42275.0,7716.0,,4048228.0,33512.0,,2257291.0,BateJo00,john-bates-1,15289.0,,,33512.0,0.0,,944038.0,John Bates,john bates,2,3,17.0,0,0.0,0.0,2.0,10.0,0.0,0.8264743,0,8.5,0.09375,0.01754386,0.1529057,,,,,,,,,,,,,,,,,REG,WAS,PHI,John Bates,BateJo00,0.0,1.0,0.333,81.2
2024,REG,11,00-0039359,C.Stover,TE,TE,HOU,16642,559d5222-0403-4a14-94c7-c7bd5072c939,25269.0,,11599.0,,4426496.0,40987.0,,3125978.0,StovCa00,cade-stover-1,17794.0,,1613.0,40987.0,0.0,,1175182.0,Cade Stover,cade stover,2,2,15.0,0,0.0,0.0,0.0,15.0,1.0,0.58102256,0,0.0,0.060606062,0.0,0.09090909,,,,,,,,,,,,,,,,,REG,HOU,DAL,Cade Stover,StovCa00,0.0,0.0,0.0,97.9
2024,REG,11,00-0039793,A.Barner,TE,TE,SEA,16723,e96127b4-d381-43d4-b0ae-8790c706756f,26335.0,,11603.0,,4576297.0,41001.0,,3169283.0,BarnAJ00,aj-barner-1,17811.0,,1629.0,41001.0,0.0,,1229503.0,AJ Barner,aj barner,2,4,15.0,0,0.0,0.0,30.0,10.0,0.0,-1.1249704,0,0.5,0.12903225,0.11070111,0.27103916,,,,,,,,,,,,,,,,,REG,SEA,SF,AJ Barner,BarnAJ00,1.0,1.0,0.25,59.4
2024,REG,11,00-0036894,P.Freiermuth,TE,TE,PIT,15331,04f0fefe-9d9d-44f5-94ea-6df2a42df3c6,20163.0,84085.0,7600.0,,4361411.0,33443.0,,2961270.0,FreiPa00,pat-freiermuth-1,15267.0,,1053.0,33443.0,0.0,,1116662.0,Pat Freiermuth,pat freiermuth,2,2,14.0,0,0.0,0.0,8.0,6.0,0.0,0.2648401,0,1.75,0.0625,0.04519774,0.12538841,,,,,,,,,,,,,,,,,REG,PIT,BAL,Pat Freiermuth,FreiPa00,0.0,0.0,0.0,95.8
2024,REG,11,00-0033246,J.Mundt,TE,TE,MIN,13940,6414998b-5831-44aa-8bd8-39e42a323c2c,16743.0,12206.0,4314.0,,3052096.0,30373.0,,2818622.0,MundJo00,,12316.0,12525.0,,30373.0,740704.0,19165.0,740704.0,Johnny Mundt,johnny mundt,1,1,13.0,0,0.0,0.0,0.0,13.0,1.0,1.0795547,0,0.0,0.033333335,0.0,0.05,,,,,,,,,,,,,,,,,REG,MIN,TEN,Johnny Mundt,MundJo00,0.0,0.0,0.0,118.7
2024,REG,11,00-0034613,T.Hudson,TE,TE,CIN,14370,2fa75e05-cac4-4b40-8924-dbc9ae0c959c,17826.0,66924.0,5409.0,,3050481.0,31257.0,,2926606.0,,,13286.0,,,31257.0,1115394.0,20506.0,1115394.0,Tanner Hudson,tanner hudson,2,2,13.0,0,0.0,0.0,10.0,3.0,0.0,0.20740296,0,1.3,0.04347826,0.02053388,0.07959111,,,,,,,,,,,,,,,,,,,,,,,,,
2024,REG,11,00-0035229,T.Hockenson,TE,TE,MIN,14138,bd1120b6-38b3-4225-a4b0-20660a149d0d,18290.0,40912.0,5844.0,,4036133.0,31840.0,,2251097.0,HockTJ00,tj-hockenson-1,13610.0,14051.0,247.0,31840.0,923915.0,20805.0,923915.0,T.J. Hockenson,tj hockenson,2,3,13.0,0,0.0,0.0,16.0,1.0,2.0,1.3434057,0,0.8125,0.1,0.053872053,0.18771043,,,,,,,,,,,,,,,,,REG,MIN,TEN,T.J. Hockenson,HockTJ00,0.0,1.0,0.333,75.7
2024,REG,11,00-0038783,N.Adkins,TE,TE,DEN,16474,bcd0ae60-f31c-11ed-819c-fd03d0cc2698,25881.0,,11433.0,,4383440.0,40702.0,,2977285.0,AdkiNa00,,16992.0,,,40702.0,0.0,,1132517.0,Nate Adkins,nate adkins,1,1,12.0,1,0.0,0.0,6.0,6.0,1.0,1.7300168,0,2.0,0.03125,0.045454547,0.07869318,,,,,,,,,,,,,,,,,REG,DEN,ATL,Nate Adkins,AdkiNa00,0.0,0.0,0.0,156.2
2024,REG,11,00-0036510,K.Yeboah,TE,TE,NYJ,15339,990c2825-ca25-4da9-9966-269363a9bb91,22815.0,42196.0,7597.0,,4044144.0,33705.0,,2256993.0,YeboKe00,,15339.0,,,33705.0,0.0,,943843.0,Kenny Yeboah,kenny yeboah,1,1,11.0,1,0.0,0.0,1.0,10.0,1.0,2.357276,0,11.0,0.03448276,0.008064516,0.0573693,,,,,,,,,,,,,,,,,REG,NYJ,IND,Kenny Yeboah,YeboKe00,0.0,0.0,0.0,152.1
2024,REG,11,00-0037569,P.Hendershot,TE,TE,KC,16000,944893b0-d30e-11ec-8b77-45b1765fd110,22971.0,,8197.0,,4258248.0,34607.0,,2867545.0,HendPe01,,16041.0,,,34607.0,0.0,,1065138.0,Peyton Hendershot,peyton hendershot,1,1,11.0,0,0.0,0.0,11.0,0.0,1.0,1.3119284,0,1.0,0.032258064,0.050691243,0.08387097,,,,,,,,,,,,,,,,,REG,KC,BUF,Peyton Hendershot,HendPe01,0.0,0.0,0.0,112.5
2024,REG,11,00-0038041,J.Ferguson,TE,TE,DAL,15799,f46eab3d-d7dd-4420-b3f9-6da9ac1308ab,22718.0,,8110.0,,4242355.0,34085.0,,2867159.0,FergJa00,jake-ferguson-1,15947.0,,1258.0,34085.0,0.0,,1065361.0,Jake Ferguson,jake ferguson,1,1,11.0,0,0.0,0.0,3.0,8.0,1.0,0.6430114,0,3.6666667,0.018518519,0.008982036,0.034065202,,,,,,,,,,,,,,,,,REG,DAL,HOU,Jake Ferguson,FergJa00,0.0,0.0,0.0,112.5
2024,REG,11,00-0035631,D.Sample,TE,TE,CIN,14146,15a4f552-ecaf-45bd-9006-aa5dda93bee6,18561.0,47259.0,6001.0,,3127310.0,31884.0,,2139646.0,SampDr00,drew-sample-1,13809.0,14111.0,435.0,31884.0,837824.0,20931.0,837824.0,Drew Sample,drew sample,1,2,9.0,0,0.0,0.0,7.0,5.0,0.0,0.15452942,0,1.2857143,0.04347826,0.014373717,0.07527899,,,,,,,,,,,,,,,,,REG,CIN,LAC,Drew Sample,SampDr00,0.0,0.0,0.0,62.5
2024,REG,11,00-0036970,K.Pitts,TE,TE,ATL,15329,1f3deb24-9ff8-4769-8f42-825eff7742f6,20164.0,83964.0,7553.0,,4360248.0,33392.0,,2964514.0,PittKy00,kyle-pitts-1,15265.0,,1051.0,33392.0,0.0,,1123026.0,Kyle Pitts,kyle pitts,1,3,9.0,0,0.0,0.0,35.0,3.0,0.0,-0.9365126,0,0.25714287,0.10344828,0.14830509,0.25898597,,,,,,,,,,,,,,,,,REG,ATL,DEN,Kyle Pitts,PittKy00,0.0,0.0,0.0,42.4
2024,REG,11,00-0030506,T.Kelce,TE,TE,KC,11244,c3859e06-5f23-4302-a71b-04820a899d5f,11594.0,7844.0,1466.0,traviskelce/2540258,15847.0,26686.0,,1725130.0,KelcTr00,travis-kelce-1,8783.0,8411.0,264.0,26686.0,448240.0,15048.0,448240.0,Travis Kelce,travis kelce,2,4,8.0,0,0.0,0.0,43.0,6.0,0.0,-1.4386574,0,0.18604651,0.12903225,0.19815668,0.33225808,,,,,,,,,,,,,,,,,REG,KC,BUF,Travis Kelce,KelcTr00,0.0,0.0,0.0,16.7
2024,REG,11,00-0037292,A.Ogletree,TE,TE,IND,15916,59f460a8-b5af-40e6-840c-429762b278b3,24561.0,,8489.0,,4722908.0,34148.0,,2672594.0,OgleAn00,,16277.0,,1315.0,34148.0,0.0,,1271740.0,Andrew Ogletree,andrew ogletree,1,1,8.0,0,0.0,0.0,-3.0,11.0,1.0,0.8531083,0,0.0,0.035714287,-0.010752688,0.046044547,,,,,,,,,,,,,,,,,REG,IND,NYJ,Andrew Ogletree,OgleAn00,0.0,0.0,0.0,100.0
2024,REG,11,00-0033576,E.Saubert,TE,TE,SF,13315,582dc00e-e7ec-4ca7-bff0-f7b1d604017b,16706.0,11929.0,4189.0,,2975863.0,30287.0,,2001018.0,SaubEr00,,11897.0,12300.0,,30287.0,694931.0,19035.0,694931.0,Eric Saubert,eric saubert,1,1,7.0,0,0.0,0.0,7.0,0.0,0.0,0.6058445,0,1.0,0.035714287,0.045751635,0.085597575,,,,,,,,,,,,,,,,,REG,SF,SEA,Eric Saubert,SaubEr00,0.0,0.0,0.0,95.8
2024,REG,11,00-0034270,T.Conklin,TE,TE,NYJ,13675,f0d17dfa-ebf3-416c-a8d2-c6bc30675103,17598.0,47327.0,5133.0,,3915486.0,31220.0,,2165249.0,ConkTy00,tyler-conklin-1,12809.0,13220.0,489.0,31127.0,861278.0,19988.0,861278.0,Tyler Conklin,tyler conklin,1,2,7.0,0,0.0,0.0,13.0,3.0,0.0,-1.9102035,0,0.53846157,0.06896552,0.10483871,0.17683537,,,,,,,,,,,,,,,,,REG,NYJ,IND,Tyler Conklin,ConkTy00,0.0,0.0,0.0,58.3
2024,REG,11,00-0032394,N.Vannett,TE,TE,TEN,12680,c731aa8a-778b-4ccd-a19f-517eb66f47b7,15645.0,10728.0,3258.0,,2576399.0,29328.0,,1871322.0,VannNi00,nick-vannett-1,10949.0,11329.0,,29328.0,606488.0,18019.0,606488.0,Nick Vannett,nick vannett,1,1,6.0,0,0.0,0.0,5.0,1.0,0.0,0.3181024,0,1.2,0.03448276,0.015432099,0.062526606,,,,,,,,,,,,,,,,,REG,TEN,MIN,Nick Vannett,VannNi00,0.0,0.0,0.0,91.7
2024,REG,11,00-0037805,J.Ruckert,TE,TE,NYJ,15796,28f3732b-0910-4d09-9fd4-e43b821dc5bb,23742.0,,8145.0,,4361372.0,34057.0,,2965446.0,RuckJe00,jeremy-ruckert-1,15996.0,,1255.0,34057.0,0.0,,1122596.0,Jeremy Ruckert,jeremy ruckert,1,2,6.0,0,0.0,0.0,1.0,1.0,1.0,0.6793259,0,6.0,0.06896552,0.008064516,0.109093435,,,,,,,,,,,,,,,,,REG,NYJ,IND,Jeremy Ruckert,RuckJe00,0.0,1.0,0.5,56.2
2024,REG,11,00-0038589,J.Whyle,TE,TE,TEN,16312,601467c7-b593-472d-a147-b8e7bfdbe990,22923.0,,10212.0,,4360086.0,40182.0,,2962513.0,WhylJo01,josh-whyle-1,16866.0,,1471.0,40182.0,0.0,,1107037.0,Josh Whyle,josh whyle,1,1,6.0,0,0.0,0.0,5.0,1.0,0.0,0.041831862,0,1.2,0.03448276,0.015432099,0.062526606,,,,,,,,,,,,,,,,,REG,TEN,MIN,Josh Whyle,WhylJo01,0.0,0.0,0.0,91.7
2024,REG,11,00-0038935,B.Strange,TE,TE,JAX,16269,94f135f7-9d54-4cbd-b560-fcaf83d414b0,25345.0,,9480.0,,4430539.0,40078.0,,3121696.0,StraBr00,brenton-strange-1,17017.0,,1461.0,40078.0,0.0,,1164940.0,Brenton Strange,brenton strange,1,1,6.0,0,0.0,0.0,0.0,6.0,1.0,0.66415274,0,0.0,0.035714287,0.0,0.05357143,,,,,,,,,,,,,,,,,REG,JAX,DET,Brenton Strange,StraBr00,0.0,0.0,0.0,91.7
2024,REG,11,00-0034073,R.Dwelley,TE,TE,ATL,13988,70473218-5ae3-47b4-86fd-151e68f1e8b9,17886.0,20994.0,5285.0,,3120303.0,31329.0,,2924888.0,DwelRo00,,13030.0,13522.0,,31329.0,752665.0,20361.0,752665.0,Ross Dwelley,ross dwelley,1,1,5.0,0,0.0,0.0,1.0,4.0,0.0,0.1368203,0,5.0,0.03448276,0.004237288,0.054690238,,,,,,,,,,,,,,,,,REG,ATL,DEN,Ross Dwelley,DwelRo00,0.0,0.0,0.0,87.5
2024,REG,11,00-0036640,Z.Davidson,TE,TE,BUF,15343,cb5e14e8-87a7-4bad-9fd4-abdd50628abb,23394.0,143780.0,7943.0,,4746079.0,33556.0,,2665324.0,DaviZa00,,15567.0,,,33556.0,0.0,,1283807.0,Zach Davidson,zach davidson,1,1,5.0,0,0.0,0.0,3.0,2.0,0.0,-0.0013987944,0,1.6666666,0.02631579,0.011235955,0.047338855,,,,,,,,,,,,,,,,,REG,BUF,KC,Zach Davidson,DaviZa00,0.0,0.0,0.0,87.5
2024,REG,11,00-0036754,B.Wright,TE,TE,DET,15626,8f182089-7730-499e-8f2e-87bda32debfb,23341.0,60994.0,7891.0,,4242392.0,33774.0,,2807423.0,WrigBr01,,15681.0,,1162.0,33774.0,0.0,,978120.0,Brock Wright,brock wright,1,1,5.0,1,0.0,0.0,5.0,0.0,1.0,0.983254,0,1.0,0.032258064,0.019379845,0.06195299,,,,,,,,,,,,,,,,,REG,DET,JAX,Brock Wright,WrigBr01,0.0,0.0,0.0,127.1
2024,REG,11,00-0039066,M.Mayer,TE,TE,LV,16212,31f4645a-7ccb-4633-8580-2fca361beb4f,23056.0,,9482.0,,4429086.0,40065.0,,3171673.0,MayeMi00,michael-mayer-1,16666.0,,1427.0,40065.0,0.0,,1232592.0,Michael Mayer,michael mayer,1,3,5.0,0,0.0,0.0,13.0,3.0,0.0,-1.0221575,0,0.3846154,0.07692308,0.087248325,0.17645845,,,,,,,,,,,,,,,,,REG,LV,MIA,Michael Mayer,MayeMi00,0.0,1.0,0.333,42.4
2024,REG,11,00-0036876,K.Granson,TE,TE,IND,15419,bcc0167c-05fd-4b23-981e-60b8784ceb33,22841.0,40630.0,7602.0,,4039160.0,33515.0,,2247146.0,GranKy00,kylen-granson-1,15245.0,,1119.0,33515.0,0.0,,921050.0,Kylen Granson,kylen granson,1,2,4.0,0,0.0,0.0,3.0,2.0,0.0,-1.3439729,0,1.3333334,0.071428575,0.010752688,0.11466974,,,,,,,,,,,,,,,,,REG,IND,NYJ,Kylen Granson,GranKy00,0.0,0.0,0.0,56.2
2024,REG,11,00-0034798,D.Smythe,TE,TE,MIA,13676,7e42a22a-c47b-4387-aeeb-2cc2e76dc1d8,17508.0,47257.0,5008.0,,3052897.0,31093.0,,2082845.0,SmytDu00,durham-smythe-1,12807.0,13249.0,,31093.0,749968.0,19943.0,749968.0,Durham Smythe,durham smythe,1,1,3.0,0,0.0,0.0,0.0,3.0,0.0,1.016592,0,0.0,0.028571429,0.0,0.042857144,,,,,,,,,,,,,,,,,REG,MIA,LV,Durham Smythe,SmytDu00,0.0,0.0,0.0,79.2
2024,REG,11,00-0036887,L.Farrell,TE,TE,JAX,15335,8a1f0e8e-6521-4a94-9934-ad4f76a25fd9,19501.0,42353.0,7842.0,,4040612.0,33533.0,,2260977.0,FarrLu00,luke-farrell-1,15566.0,,,33533.0,0.0,,946541.0,Luke Farrell,luke farrell,1,2,3.0,0,0.0,0.0,31.0,0.0,0.0,-4.798749,0,0.09677419,0.071428575,0.09037901,0.17040816,,,,,,,,,,,,,,,,,REG,JAX,DET,Luke Farrell,FarrLu00,0.0,0.0,0.0,16.7
2024,REG,11,00-0034829,M.Gesicki,TE,TE,CIN,13672,1012cbe0-7eba-4169-bfca-183a0204e1a7,17272.0,47153.0,4993.0,,3116164.0,31012.0,,2139298.0,GesiMi00,mike-gesicki-1,12764.0,13104.0,330.0,31012.0,836152.0,19853.0,836152.0,Mike Gesicki,mike gesicki,0,2,0.0,0,0.0,0.0,28.0,0.0,0.0,-2.1253436,0,0.0,0.04347826,0.057494868,0.105463795,,,,,,,,,,,,,,,,,REG,CIN,LAC,Mike Gesicki,GesiMi00,0.0,0.0,0.0,39.6
2024,REG,11,00-0036422,A.Trautman,TE,TE,DEN,14870,4e14183b-f974-4745-9d7f-8f5eb2a92a7d,19423.0,109795.0,6869.0,,3911853.0,32775.0,,2182228.0,TrauAd00,,14541.0,,566.0,32775.0,0.0,21786.0,875444.0,Adam Trautman,adam trautman,0,1,0.0,0,0.0,0.0,6.0,0.0,0.0,-2.0827754,0,0.0,0.03125,0.045454547,0.07869318,,,,,,,,,,,,,,,,,REG,DEN,ATL,Adam Trautman,TrauAd00,0.0,0.0,0.0,39.6
2024,REG,11,00-0036590,Q.Morris,TE,TE,BUF,15341,eab74cbc-ed11-46b3-bd16-1d4c997adc22,22820.0,61182.0,7536.0,,4244049.0,33819.0,,2864581.0,,,15460.0,,,33819.0,0.0,,1059680.0,Quintin Morris,quintin morris,0,1,0.0,0,0.0,0.0,31.0,0.0,0.0,-0.67918086,0,0.0,0.02631579,0.11610487,0.12074709,,,,,,,,,,,,,,,,,,,,,,,,,
2024,REG,11,00-0038996,T.Kraft,TE,TE,GB,16222,3a084c5f-6b9f-4703-a0c7-1566bc4b1129,25298.0,,9484.0,,4572680.0,40102.0,,3133332.0,KrafTu00,,16649.0,,1418.0,40102.0,0.0,,1181874.0,Tucker Kraft,tucker kraft,0,1,0.0,0,0.0,0.0,14.0,0.0,0.0,-3.981911,0,0.0,0.05882353,0.09859155,0.15724938,,,,,,,,,,,,,,,,,REG,GB,CHI,Tucker Kraft,KrafTu00,0.0,0.0,0.0,0.0
2024,REG,11,00-0039420,J.Bell,TE,TE,NE,16646,c9b2f6f5-b8bc-48ca-ac33-fa18883c2f6b,24747.0,,11605.0,,4429262.0,41106.0,,3169583.0,BellJa00,jaheim-bell-1,17848.0,,,41106.0,0.0,,1229765.0,Jaheim Bell,jaheim bell,0,1,0.0,0,0.0,0.0,8.0,0.0,0.0,-0.6644021,0,0.0,0.027027028,0.036036037,0.06576577,,,,,,,,,,,,,,,,,REG,NE,LA,Jaheim Bell,BellJa00,0.0,0.0,0.0,39.6
2024,REG,12,00-0037744,T.McBride,TE,TE,ARI,15794,734d54cc-c869-4e2f-a60f-c59c493f5110,22936.0,,8130.0,,4361307.0,34010.0,,2963385.0,McBrTr01,trey-mcbride-1,15902.0,,1253.0,34010.0,0.0,,1108161.0,Trey McBride,trey mcbride,12,15,133.0,0,0.0,0.0,90.0,72.0,8.0,6.1864367,0,1.4777777,0.44117647,0.31914893,0.88516897,Trey McBride,ARI,3.8175000000000003,4.8871952264563125,5.423333333333334,28.787289005272655,80.0,133.0,0.0,6.405833333333334,5.642106073354985,0.7637272599783484,00-0037744,Trey,McBride,T.McBride,REG,ARI,SEA,Trey McBride,McBrTr01,1.0,0.0,0.0,103.6
2024,REG,12,00-0035229,T.Hockenson,TE,TE,MIN,14138,bd1120b6-38b3-4225-a4b0-20660a149d0d,18290.0,40912.0,5844.0,,4036133.0,31840.0,,2251097.0,HockTJ00,tj-hockenson-1,13610.0,14051.0,247.0,31840.0,923915.0,20805.0,923915.0,T.J. Hockenson,tj hockenson,7,9,114.0,0,0.0,0.0,96.0,37.0,4.0,3.7445893,0,1.1875,0.28125,0.36226416,0.6754599,T.J. Hockenson,MIN,5.898,2.659202944772704,10.023333333333333,34.2873432155074,77.77777777777779,114.0,0.0,6.1,4.999664975656207,1.100335024343793,00-0035229,Thomas,Hockenson,T.Hockenson,REG,MIN,CHI,T.J. Hockenson,HockTJ00,0.0,0.0,0.0,118.7
2024,REG,12,00-0033858,J.Smith,TE,TE,MIA,13193,e4f25a37-74de-4bfb-b6c9-f50a4fab0b87,16460.0,11855.0,4144.0,,3054212.0,30213.0,,2081506.0,SmitJo01,jonnu-smith-1,11807.0,12344.0,84.0,30213.0,743749.0,18990.0,743749.0,Jonnu Smith,jonnu smith,9,11,87.0,1,0.0,0.0,36.0,58.0,6.0,5.197195,0,2.4166667,0.275,0.1585903,0.5235132,Jonnu Smith,MIA,4.914444444444444,3.2468493363624105,3.476363636363637,17.10579288749721,81.81818181818183,87.0,1.0,6.797777777777777,5.970727219287458,0.8270505584903196,00-0033858,Jonnu,Smith,J.Smith,REG,MIA,NE,Jonnu Smith,SmitJo01,3.0,0.0,0.0,129.9
2024,REG,12,00-0033288,G.Kittle,TE,TE,SF,13299,2ada91b0-036e-454f-83c3-6d939ff584a9,16499.0,11901.0,4217.0,,3040151.0,30259.0,,2818265.0,KittGe00,george-kittle-1,11892.0,12276.0,298.0,30259.0,733672.0,19063.0,733672.0,George Kittle,george kittle,6,6,82.0,1,0.0,0.0,51.0,31.0,4.0,8.527831,0,1.6078432,0.23076923,0.25888324,0.5273721,George Kittle,SF,3.915,3.253684198454671,8.91,28.096914910390502,100.0,82.0,1.0,6.071666666666668,5.787285808188244,0.284380858478424,00-0033288,George,Kittle,G.Kittle,REG,SF,GB,George Kittle,KittGe00,0.0,0.0,0.0,158.3
2024,REG,12,00-0037809,C.Okonkwo,TE,TE,TEN,15889,14e11f9b-58c8-437f-abc0-a4e4df9a7c47,23982.0,,8210.0,,4360635.0,34099.0,,2965208.0,OkonCh00,chigoziem-okonkwo-1,16042.0,,1320.0,34099.0,0.0,,1106374.0,Chigoziem Okonkwo,chigoziem okonkwo,1,1,70.0,1,0.0,0.0,9.0,61.0,1.0,5.5160007,0,7.7777777,0.04,0.04265403,0.08985782,,,,,,,,,,,,,,,,,REG,TEN,HOU,Chigoziem Okonkwo,OkonCh00,0.0,0.0,0.0,158.3
2024,REG,12,00-0036637,N.Gray,TE,TE,KC,15337,c97dfcb6-b999-476f-8487-f3848e92df17,19539.0,60878.0,7828.0,,4240472.0,33550.0,,2866903.0,GrayNo00,noah-gray-1,15459.0,,1059.0,33550.0,0.0,,1056981.0,Noah Gray,noah gray,4,4,66.0,2,0.0,0.0,43.0,23.0,3.0,8.20996,0,1.5348837,0.11111111,0.19634703,0.3041096,,,,,,,,,,,,,,,,,REG,KC,CAR,Noah Gray,GrayNo00,0.0,0.0,0.0,158.3
2024,REG,12,00-0036290,C.Kmet,TE,TE,CHI,14867,036feeb6-9a22-43c5-a8e3-7ac611d8ff49,19229.0,60995.0,6826.0,,4258595.0,32713.0,,2868619.0,KmetCo00,cole-kmet-1,14436.0,,569.0,32713.0,0.0,21772.0,1066765.0,Cole Kmet,cole kmet,7,10,64.0,0,0.0,0.0,84.0,23.0,2.0,0.22752133,0,0.7619048,0.21276596,0.2320442,0.48157987,Cole Kmet,CHI,4.835,3.2536518764898674,7.481999999999999,21.530935251798564,70.0,64.0,0.0,3.821428571428572,3.1160757275392825,0.7053528438892895,00-0036290,Cole,Kmet,C.Kmet,REG,CHI,MIN,Cole Kmet,KmetCo00,0.0,1.0,0.1,87.1
2024,REG,12,00-0030506,T.Kelce,TE,TE,KC,11244,c3859e06-5f23-4302-a71b-04820a899d5f,11594.0,7844.0,1466.0,traviskelce/2540258,15847.0,26686.0,,1725130.0,KelcTr00,travis-kelce-1,8783.0,8411.0,264.0,26686.0,448240.0,15048.0,448240.0,Travis Kelce,travis kelce,6,8,62.0,0,0.0,0.0,51.0,35.0,2.0,1.9520735,0,1.2156863,0.22222222,0.23287672,0.49634704,Travis Kelce,KC,9.686666666666666,3.7797519251087284,5.9175,21.02131438721137,75.0,62.0,0.0,6.314999999999998,5.012615354809024,1.3023846451909735,00-0030506,Travis,Kelce,T.Kelce,REG,KC,CAR,Travis Kelce,KelcTr00,1.0,1.0,0.125,96.9
2024,REG,12,00-0032392,A.Hooper,TE,TE,NE,12677,90c2a93f-d837-4e1b-b57c-56648903a8db,15581.0,10715.0,3202.0,,3043275.0,29315.0,,2067004.0,HoopAu00,austin-hooper-1,10748.0,11301.0,384.0,29315.0,739424.0,17963.0,739424.0,Austin Hooper,austin hooper,4,4,59.0,1,0.0,0.0,52.0,7.0,2.0,7.883794,0,1.1346154,0.10810811,0.1780822,0.2868197,,,,,,,,,,,,,,,,,REG,NE,MIA,Austin Hooper,HoopAu00,0.0,0.0,0.0,158.3
2024,REG,12,00-0036894,P.Freiermuth,TE,TE,PIT,15331,04f0fefe-9d9d-44f5-94ea-6df2a42df3c6,20163.0,84085.0,7600.0,,4361411.0,33443.0,,2961270.0,FreiPa00,pat-freiermuth-1,15267.0,,1053.0,33443.0,0.0,,1116662.0,Pat Freiermuth,pat freiermuth,4,4,59.0,0,0.0,0.0,34.0,25.0,3.0,5.661192,0,1.7352941,0.16,0.12142857,0.325,,,,,,,,,,,,,,,,,REG,PIT,CLE,Pat Freiermuth,FreiPa00,0.0,0.0,0.0,118.7
2024,REG,12,00-0038547,L.Schoonmaker,TE,TE,DAL,16221,143957a7-4649-4a19-b351-e606edc75ebd,25267.0,,10871.0,,4372096.0,40061.0,,2968473.0,SchoLu00,luke-schoonmaker-1,16855.0,,1382.0,40061.0,0.0,,1130242.0,Luke Schoonmaker,luke schoonmaker,3,4,55.0,1,0.0,0.0,26.0,26.0,2.0,4.9862866,0,2.1153846,0.125,0.13471502,0.2818005,,,,,,,,,,,,,,,,,REG,DAL,WAS,Luke Schoonmaker,SchoLu00,0.0,0.0,0.0,156.2
2024,REG,12,00-0039356,J.Sanders,TE,TE,CAR,16643,ffd2ff3f-4b56-4232-be8e-bf163c29f406,24334.0,,11600.0,,4431588.0,40995.0,,26731381.0,SandJa01,jatavion-sanders-1,17748.0,,1614.0,40995.0,0.0,,1326628.0,Ja'Tavion Sanders,jatavion sanders,3,3,49.0,0,0.0,0.0,37.0,12.0,2.0,2.164995,0,1.3243244,0.09090909,0.12714776,0.22536707,,,,,,,,,,,,,,,,,REG,CAR,KC,Ja'Tavion Sanders,SandJa01,0.0,0.0,0.0,118.7
2024,REG,12,00-0034159,W.Dissly,TE,TE,LAC,13763,383f4814-6836-4766-a297-fc063e8509cc,18049.0,30762.0,5010.0,,3127292.0,31090.0,,2139628.0,DissWi00,will-dissly-1,12986.0,13246.0,86.0,31090.0,837806.0,19950.0,837806.0,Will Dissly,will dissly,4,4,47.0,0,0.0,0.0,25.0,22.0,1.0,2.7222462,0,1.88,0.11111111,0.06811989,0.2143506,,,,,,,,,,,,,,,,,REG,LAC,BAL,Will Dissly,DissWi00,1.0,0.0,0.0,115.6
2024,REG,12,00-0033090,H.Henry,TE,TE,NE,12676,705899da-3c20-4bc3-b5d0-2e6e40655131,15561.0,10669.0,3214.0,,3046439.0,29269.0,,2079848.0,HenrHu00,hunter-henry-1,10735.0,11299.0,212.0,29269.0,744425.0,17975.0,744425.0,Hunter Henry,hunter henry,5,8,44.0,0,0.0,0.0,76.0,16.0,1.0,0.26182383,0,0.57894737,0.21621622,0.26027396,0.5065161,Hunter Henry,NE,7.37625,2.959172352422708,8.521249999999998,23.515005174198,62.5,44.0,0.0,3.4360000000000026,3.0206301142965457,0.4153698857034569,00-0033090,Hunter,Henry,H.Henry,REG,NE,MIA,Hunter Henry,HenrHu00,0.0,0.0,0.0,77.1
2024,REG,12,00-0034753,M.Andrews,TE,TE,BAL,13671,0618f387-9b72-4270-8b8f-dec4cccc9e4a,17269.0,47436.0,5012.0,,3116365.0,31056.0,,2131121.0,AndrMa00,mark-andrews-1,12559.0,13182.0,366.0,31056.0,820699.0,19803.0,820699.0,Mark Andrews,mark andrews,5,5,44.0,1,0.0,0.0,28.0,16.0,3.0,7.043183,0,1.5714285,0.23809524,0.13270143,0.45003384,Mark Andrews,BAL,7.163333333333334,2.9542477537770973,6.652000000000001,14.199112021857927,100.0,44.0,1.0,3.4899999999999984,3.510573998015745,-0.020573998015746664,00-0034753,Mark,Andrews,M.Andrews,REG,BAL,LAC,Mark Andrews,AndrMa00,0.0,0.0,0.0,142.9
2024,REG,12,00-0039847,T.Johnson,TE,TE,NYG,16649,a5d4bb1d-c130-47c2-808a-2dd1f85005fb,23104.0,,11597.0,,4429148.0,41003.0,,3162129.0,JohnTh00,theo-johnson-1,17021.0,,1620.0,41003.0,0.0,,1214414.0,Theo Johnson,theo johnson,3,6,39.0,0,0.0,0.0,16.0,31.0,3.0,-0.56750214,0,2.4375,0.2,0.09248555,0.3647399,Theo Johnson,NYG,4.51,5.489488287950427,2.4599999999999973,8.252725747833372,50.0,39.0,0.0,10.910000000000002,10.906159859759706,0.0038401402402961082,00-0039847,Theodore,Johnson,T.Johnson,REG,NYG,TB,Theo Johnson,JohnTh00,0.0,1.0,0.167,70.8
2024,REG,12,00-0030061,Z.Ertz,TE,TE,WAS,11247,de3421f7-2147-4835-89a5-724e87bad463,11689.0,7816.0,1339.0,zachertz/2540158,15835.0,26658.0,,1685963.0,ErtzZa00,zach-ertz-1,8781.0,8409.0,305.0,26658.0,503177.0,14856.0,503177.0,Zach Ertz,zach ertz,6,8,38.0,1,0.0,0.0,74.0,5.0,3.0,0.17370978,0,0.5135135,0.23529412,0.26241136,0.53662914,Zach Ertz,WAS,7.442,3.835832813952853,8.58625,20.208884966166522,75.0,38.0,1.0,0.8333333333333334,1.189989944099911,-0.35665661076657773,00-0030061,Zachary,Ertz,Z.Ertz,REG,WAS,DAL,Zach Ertz,ErtzZa00,0.0,0.0,0.0,124.0
2024,REG,12,00-0034364,J.Akins,TE,TE,CLE,13753,0cb5a32a-a340-4671-ba2a-93f5fa6aee8d,17415.0,47050.0,5032.0,,3128452.0,31068.0,,2142712.0,AkinJo00,jordan-akins-1,12568.0,13238.0,,31068.0,838396.0,19903.0,838396.0,Jordan Akins,jordan akins,3,4,38.0,0,1.0,0.0,39.0,7.0,2.0,2.1170342,0,0.974359,0.14814815,0.16386555,0.3369281,,,,,,,,,,,,,,,,,REG,CLE,PIT,Jordan Akins,AkinJo00,0.0,2.0,0.5,104.2
2024,REG,12,00-0039338,B.Bowers,TE,TE,LV,16641,ad9fc7e3-0a6d-4e41-84c2-cf43b71aee13,22955.0,,11604.0,,4432665.0,40878.0,,26693971.0,BoweBr01,brock-bowers-1,17693.0,,1612.0,40878.0,0.0,,1285917.0,Brock Bowers,brock bowers,4,10,38.0,0,0.0,0.0,42.0,17.0,0.0,-6.7468734,0,0.9047619,0.2173913,0.1660079,0.44229248,Brock Bowers,LV,5.51875,2.8868047365669343,5.141,19.505994839884657,40.0,38.0,0.0,3.8900000000000006,3.821147769257724,0.06885223074227653,00-0039338,Brock,Bowers,B.Bowers,REG,LV,DEN,Brock Bowers,BoweBr01,0.0,0.0,0.0,51.2
2024,REG,12,00-0038129,C.Otton,TE,TE,TB,15802,f23517bd-ae85-484a-8ecb-1f7a2d851e48,23181.0,,8111.0,,4243331.0,34062.0,,2815179.0,OttoCa00,cade-otton-1,16032.0,,1261.0,34062.0,0.0,,1049263.0,Cade Otton,cade otton,1,3,30.0,0,0.0,0.0,25.0,11.0,1.0,0.8319865,0,1.2,0.1,0.119617224,0.23373206,,,,,,,,,,,,,,,,,REG,TB,NYG,Cade Otton,OttoCa00,0.0,2.0,0.667,71.5
2024,REG,12,00-0038996,T.Kraft,TE,TE,GB,16222,3a084c5f-6b9f-4703-a0c7-1566bc4b1129,25298.0,,9484.0,,4572680.0,40102.0,,3133332.0,KrafTu00,,16649.0,,1418.0,40102.0,0.0,,1181874.0,Tucker Kraft,tucker kraft,2,2,26.0,1,0.0,0.0,1.0,25.0,2.0,3.6757848,0,26.0,0.09090909,0.0035971224,0.13888162,,,,,,,,,,,,,,,,,REG,GB,SF,Tucker Kraft,KrafTu00,1.0,0.0,0.0,158.3
2024,REG,12,00-0039050,P.Durham,TE,TE,TB,16218,c4a8b4c9-5db8-4187-852b-9557bef8724e,25346.0,,10227.0,,4372505.0,40193.0,,2968469.0,DurhPa00,payne-durham-1,16720.0,,,40193.0,0.0,,1130260.0,Payne Durham,payne durham,1,1,26.0,0,0.0,0.0,26.0,0.0,1.0,1.5659513,0,1.0,0.033333335,0.12440191,0.13708134,,,,,,,,,,,,,,,,,REG,TB,NYG,Payne Durham,DurhPa00,0.0,0.0,0.0,118.7
2024,REG,12,00-0039359,C.Stover,TE,TE,HOU,16642,559d5222-0403-4a14-94c7-c7bd5072c939,25269.0,,11599.0,,4426496.0,40987.0,,3125978.0,StovCa00,cade-stover-1,17794.0,,1613.0,40987.0,0.0,,1175182.0,Cade Stover,cade stover,3,4,26.0,1,0.0,0.0,13.0,15.0,1.0,1.5844197,0,2.0,0.12903225,0.04797048,0.22712772,,,,,,,,,,,,,,,,,REG,HOU,TEN,Cade Stover,StovCa00,0.0,0.0,0.0,131.2
2024,REG,12,00-0036754,B.Wright,TE,TE,DET,15626,8f182089-7730-499e-8f2e-87bda32debfb,23341.0,60994.0,7891.0,,4242392.0,33774.0,,2807423.0,WrigBr01,,15681.0,,1162.0,33774.0,0.0,,978120.0,Brock Wright,brock wright,2,2,24.0,0,0.0,0.0,-8.0,32.0,1.0,2.2716572,0,0.0,0.060606062,-0.039800994,0.06304839,,,,,,,,,,,,,,,,,REG,DET,IND,Brock Wright,WrigBr01,1.0,0.0,0.0,116.7
2024,REG,12,00-0039530,B.Spann-Ford,TE,TE,DAL,16647,efc8d800-072b-11ef-892f-5b772aae3c25,26003.0,,11593.0,,4360967.0,41371.0,,2961760.0,,,17908.0,,,41371.0,0.0,,1108202.0,Brevyn Spann-Ford,brevyn spann-ford,2,2,24.0,0,0.0,0.0,18.0,6.0,1.0,1.3115515,0,1.3333334,0.0625,0.09326425,0.15903497,,,,,,,,,,,,,,,,,,,,,,,,,
2024,REG,12,00-0034383,D.Schultz,TE,TE,HOU,13772,8caec1b4-e0b6-4a84-b8c8-617d6e91ef6a,17349.0,47304.0,5001.0,,3117256.0,31107.0,,2136748.0,SchuDa00,dalton-schultz-1,12514.0,13198.0,487.0,31107.0,830523.0,19920.0,830523.0,Dalton Schultz,dalton schultz,2,2,20.0,0,0.0,0.0,19.0,1.0,1.0,0.6979355,0,1.0526316,0.06451613,0.0701107,0.14585169,,,,,,,,,,,,,,,,,REG,HOU,TEN,Dalton Schultz,SchuDa00,0.0,0.0,0.0,108.3
2024,REG,12,00-0033439,P.Brown,TE,TE,SEA,13994,6733b953-de77-44e5-acbf-c2d3a0940243,16937.0,12247.0,4443.0,,2971281.0,30627.0,,2819155.0,BrowPh01,,11887.0,12737.0,,30627.0,689689.0,19304.0,689689.0,Pharaoh Brown,pharaoh brown,2,2,19.0,0,0.0,0.0,11.0,8.0,1.0,1.209877,0,1.7272727,0.071428575,0.07236842,0.15780075,,,,,,,,,,,,,,,,,REG,SEA,ARI,Pharaoh Brown,BrowPh01,1.0,0.0,0.0,106.2
2024,REG,12,00-0034351,D.Goedert,TE,TE,PHI,13674,e8029983-87cf-49a2-bc04-04c8233a0630,17270.0,47272.0,5022.0,,3121023.0,31019.0,,2132551.0,GoedDa00,,12860.0,13151.0,382.0,31019.0,791365.0,19863.0,791365.0,Dallas Goedert,dallas goedert,4,5,19.0,0,0.0,0.0,31.0,6.0,1.0,-0.7391418,0,0.61290324,0.2631579,0.28440368,0.59381944,Dallas Goedert,PHI,4.318,3.7701666260038715,6.813999999999998,27.595982504454874,80.0,19.0,0.0,1.9475000000000016,1.8042850165946902,0.14321498340531136,00-0034351,Dallas,Goedert,D.Goedert,REG,PHI,LA,Dallas Goedert,GoedDa00,0.0,0.0,0.0,82.5
2024,REG,12,00-0039065,S.LaPorta,TE,TE,DET,16214,3059f1e5-1871-4458-9e90-9b9917874c61,22978.0,,10859.0,,4430027.0,40064.0,,3124197.0,LaPoSa01,sam-laporta-1,17033.0,,1429.0,40064.0,0.0,,1168926.0,Sam LaPorta,sam laporta,3,6,19.0,0,0.0,0.0,36.0,16.0,0.0,-2.055184,0,0.5277778,0.18181819,0.17910448,0.3981004,Sam LaPorta,DET,7.031999999999999,3.852705367500528,4.6400000000000015,14.307739747147705,50.0,19.0,0.0,5.133333333333333,5.516240563777235,-0.3829072304439025,00-0039065,Sam,LaPorta,S.LaPorta,REG,DET,IND,Sam LaPorta,LaPoSa01,0.0,0.0,0.0,56.9
2024,REG,12,00-0039793,A.Barner,TE,TE,SEA,16723,e96127b4-d381-43d4-b0ae-8790c706756f,26335.0,,11603.0,,4576297.0,41001.0,,3169283.0,BarnAJ00,aj-barner-1,17811.0,,1629.0,41001.0,0.0,,1229503.0,AJ Barner,aj barner,3,4,19.0,0,0.0,0.0,8.0,12.0,1.0,0.5897766,0,2.375,0.14285715,0.05263158,0.2511278,,,,,,,,,,,,,,,,,REG,SEA,ARI,AJ Barner,BarnAJ00,0.0,0.0,0.0,84.4
2024,REG,12,00-0038558,D.Washington,TE,TE,PIT,16216,1984b8b5-d206-4d6a-8204-c5dd0160e9f5,22967.0,,9479.0,,4430802.0,40094.0,,3163963.0,WashDa03,darnell-washington-1,16889.0,,1431.0,40094.0,0.0,,1218658.0,Darnell Washington,darnell washington,3,3,14.0,0,0.0,0.0,0.0,14.0,0.0,0.22872294,0,0.0,0.12,0.0,0.18,,,,,,,,,,,,,,,,,REG,PIT,CLE,Darnell Washington,WashDa03,1.0,0.0,0.0,86.1
2024,REG,12,00-0036628,J.Bates,TE,TE,WAS,15344,3208880b-949f-4926-85eb-1940770550ea,22833.0,42275.0,7716.0,,4048228.0,33512.0,,2257291.0,BateJo00,john-bates-1,15289.0,,,33512.0,0.0,,944038.0,John Bates,john bates,1,1,13.0,0,1.0,1.0,10.0,3.0,0.0,-4.1596503,0,1.3,0.029411765,0.035460994,0.06894034,,,,,,,,,,,,,,,,,REG,WAS,DAL,John Bates,BateJo00,0.0,0.0,0.0,118.7
2024,REG,12,00-0039066,M.Mayer,TE,TE,LV,16212,31f4645a-7ccb-4633-8580-2fca361beb4f,23056.0,,9482.0,,4429086.0,40065.0,,3171673.0,MayeMi00,michael-mayer-1,16666.0,,1427.0,40065.0,0.0,,1232592.0,Michael Mayer,michael mayer,2,2,11.0,0,0.0,0.0,11.0,0.0,0.0,0.23979042,0,1.0,0.04347826,0.04347826,0.09565217,,,,,,,,,,,,,,,,,REG,LV,DEN,Michael Mayer,MayeMi00,0.0,0.0,0.0,89.6
2024,REG,12,00-0036244,C.Parkinson,TE,TE,LA,14871,1ea7affb-e5e7-491a-aaa3-55e200b2eb48,19372.0,52266.0,6865.0,,4242557.0,32803.0,,2867522.0,ParkCo02,colby-parkinson-1,14463.0,,565.0,32803.0,0.0,21807.0,1060312.0,Colby Parkinson,colby parkinson,1,2,10.0,0,0.0,0.0,6.0,8.0,1.0,-0.89993364,0,1.6666666,0.05882353,0.026666667,0.10690196,,,,,,,,,,,,,,,,,REG,LA,PHI,Colby Parkinson,ParkCo02,0.0,0.0,0.0,64.6
2024,REG,12,00-0033885,D.Njoku,TE,TE,CLE,13192,8f86fcea-90e8-49ea-bc78-5c7659313e57,16399.0,11784.0,4033.0,,3123076.0,30142.0,,2136474.0,NjokDa00,david-njoku-1,11734.0,12186.0,252.0,30142.0,832098.0,18876.0,832098.0,David Njoku,david njoku,1,5,9.0,0,0.0,0.0,23.0,6.0,0.0,-3.5360358,1,0.39130434,0.18518518,0.09663866,0.34542483,David Njoku,CLE,3.48,2.742015046316818,5.273999999999999,12.205507984262901,20.0,9.0,0.0,6.939999999999998,5.553854990868331,1.386145009131667,00-0033885,David,Njoku,D.Njoku,REG,CLE,PIT,David Njoku,NjokDa00,0.0,1.0,0.2,39.6
2024,REG,12,00-0034798,D.Smythe,TE,TE,MIA,13676,7e42a22a-c47b-4387-aeeb-2cc2e76dc1d8,17508.0,47257.0,5008.0,,3052897.0,31093.0,,2082845.0,SmytDu00,durham-smythe-1,12807.0,13249.0,,31093.0,749968.0,19943.0,749968.0,Durham Smythe,durham smythe,1,1,8.0,0,0.0,0.0,3.0,5.0,1.0,0.19407846,0,2.6666667,0.025,0.013215859,0.0467511,,,,,,,,,,,,,,,,,REG,MIA,NE,Durham Smythe,SmytDu00,0.0,0.0,0.0,100.0
2024,REG,12,00-0038720,J.Hill,TE,TE,MIA,16425,516da3c0-f016-11ed-a518-572ef5cb73b6,25824.0,,11371.0,,4365395.0,40629.0,,2961743.0,HillJu02,,17335.0,,,40629.0,0.0,,1123630.0,Julian Hill,julian hill,1,2,8.0,0,0.0,0.0,8.0,5.0,0.0,-0.4597885,0,1.0,0.05,0.03524229,0.099669605,,,,,,,,,,,,,,,,,REG,MIA,NE,Julian Hill,HillJu02,0.0,1.0,0.5,60.4
2024,REG,12,00-0033246,J.Mundt,TE,TE,MIN,13940,6414998b-5831-44aa-8bd8-39e42a323c2c,16743.0,12206.0,4314.0,,3052096.0,30373.0,,2818622.0,MundJo00,,12316.0,12525.0,,30373.0,740704.0,19165.0,740704.0,Johnny Mundt,johnny mundt,1,1,7.0,0,0.0,0.0,3.0,4.0,0.0,0.80535203,0,2.3333333,0.03125,0.011320755,0.054799527,,,,,,,,,,,,,,,,,REG,MIN,CHI,Johnny Mundt,MundJo00,0.0,0.0,0.0,95.8
2024,REG,12,00-0038046,C.Kolar,TE,TE,BAL,15795,3c048ac9-2c0f-4bf0-9ddc-ce99c9387ac8,22756.0,,8127.0,,4241263.0,34084.0,,2866273.0,KolaCh00,charlie-kolar-1,15924.0,,,34084.0,0.0,,1058648.0,Charlie Kolar,charlie kolar,1,1,6.0,0,0.0,0.0,3.0,3.0,0.0,0.26575762,0,2.0,0.04761905,0.014218009,0.08138118,,,,,,,,,,,,,,,,,REG,BAL,LAC,Charlie Kolar,KolaCh00,0.0,0.0,0.0,91.7
2024,REG,12,00-0037005,T.Tremble,TE,TE,CAR,15332,cbee2fd3-e5f2-4316-bffd-531f1873f032,22795.0,84025.0,7694.0,,4372780.0,33471.0,,2969027.0,TremTo00,tommy-tremble-1,15371.0,,1054.0,33471.0,0.0,,1130555.0,Tommy Tremble,tommy tremble,1,2,5.0,0,0.0,0.0,14.0,2.0,0.0,-1.3837839,0,0.35714287,0.060606062,0.048109967,0.12458607,,,,,,,,,,,,,,,,,REG,CAR,KC,Tommy Tremble,TremTo00,0.0,0.0,0.0,56.2
2024,REG,12,00-0039041,E.Higgins,TE,TE,ARI,16333,a01b7698-d67f-4b60-b2fb-4c667336b718,23119.0,,10231.0,,4426844.0,40226.0,,3122914.0,HiggEl00,elijah-higgins-1,16959.0,,1469.0,40226.0,0.0,,1161853.0,Elijah Higgins,elijah higgins,1,2,5.0,0,0.0,0.0,2.0,6.0,0.0,-1.2086228,0,2.5,0.05882353,0.0070921984,0.093199834,,,,,,,,,,,,,,,,,REG,ARI,SEA,Elijah Higgins,HiggEl00,1.0,0.0,0.0,56.2
2024,REG,12,00-0036422,A.Trautman,TE,TE,DEN,14870,4e14183b-f974-4745-9d7f-8f5eb2a92a7d,19423.0,109795.0,6869.0,,3911853.0,32775.0,,2182228.0,TrauAd00,,14541.0,,566.0,32775.0,0.0,21786.0,875444.0,Adam Trautman,adam trautman,1,2,3.0,0,0.0,0.0,8.0,2.0,0.0,-0.8641513,0,0.375,0.051282052,0.03018868,0.098055154,,,,,,,,,,,,,,,,,REG,DEN,LV,Adam Trautman,TrauAd00,0.0,0.0,0.0,56.2
2024,REG,12,00-0037306,J.FitzPatrick,TE,TE,GB,15925,b221f4da-3c7c-4f51-b3f0-d2c68d5d9369,24181.0,,8500.0,,4379401.0,34169.0,,2975736.0,FitzJo00,john-fitzpatrick-2,16170.0,,,34169.0,0.0,,1131017.0,John FitzPatrick,john fitzpatrick,1,1,2.0,0,0.0,0.0,2.0,0.0,0.0,-0.5207852,0,1.0,0.045454547,0.007194245,0.07321779,,,,,,,,,,,,,,,,,REG,GB,SF,John FitzPatrick,FitzJo00,0.0,0.0,0.0,79.2
2024,REG,12,00-0032394,N.Vannett,TE,TE,TEN,12680,c731aa8a-778b-4ccd-a19f-517eb66f47b7,15645.0,10728.0,3258.0,,2576399.0,29328.0,,1871322.0,VannNi00,nick-vannett-1,10949.0,11329.0,,29328.0,606488.0,18019.0,606488.0,Nick Vannett,nick vannett,0,1,0.0,0,0.0,0.0,-4.0,0.0,0.0,-0.84653306,0,0.0,0.04,-0.018957347,0.04672986,,,,,,,,,,,,,,,,,REG,TEN,HOU,Nick Vannett,VannNi00,0.0,0.0,0.0,39.6
2024,REG,12,00-0033576,E.Saubert,TE,TE,SF,13315,582dc00e-e7ec-4ca7-bff0-f7b1d604017b,16706.0,11929.0,4189.0,,2975863.0,30287.0,,2001018.0,SaubEr00,,11897.0,12300.0,,30287.0,694931.0,19035.0,694931.0,Eric Saubert,eric saubert,0,1,0.0,0,0.0,0.0,5.0,0.0,0.0,-1.151492,0,0.0,0.03846154,0.02538071,0.0754588,,,,,,,,,,,,,,,,,REG,SF,GB,Eric Saubert,SaubEr00,0.0,1.0,1.0,39.6
2024,REG,12,00-0036876,K.Granson,TE,TE,IND,15419,bcc0167c-05fd-4b23-981e-60b8784ceb33,22841.0,40630.0,7602.0,,4039160.0,33515.0,,2247146.0,GranKy00,kylen-granson-1,15245.0,,1119.0,33515.0,0.0,,921050.0,Kylen Granson,kylen granson,0,2,0.0,0,0.0,0.0,21.0,0.0,0.0,-1.4537432,0,0.0,0.08,0.05965909,0.16176136,,,,,,,,,,,,,,,,,REG,IND,DET,Kylen Granson,GranKy00,0.0,0.0,0.0,39.6
2024,REG,12,00-0037086,G.Calcaterra,TE,TE,PHI,15804,f6988cfa-2dcf-490b-ac80-9af8e4292efa,24180.0,,8177.0,,4241374.0,34154.0,,2804129.0,CalcGr00,grant-calcaterra-1,16039.0,,,34154.0,0.0,,976221.0,Grant Calcaterra,grant calcaterra,0,1,0.0,0,0.0,0.0,5.0,0.0,0.0,-0.22391026,0,0.0,0.05263158,0.04587156,0.11105746,,,,,,,,,,,,,,,,,REG,PHI,LA,Grant Calcaterra,CalcGr00,0.0,0.0,0.0,39.6
2024,REG,12,00-0037292,A.Ogletree,TE,TE,IND,15916,59f460a8-b5af-40e6-840c-429762b278b3,24561.0,,8489.0,,4722908.0,34148.0,,2672594.0,OgleAn00,,16277.0,,1315.0,34148.0,0.0,,1271740.0,Andrew Ogletree,andrew ogletree,0,1,0.0,0,0.0,0.0,10.0,0.0,0.0,-0.76380265,0,0.0,0.04,0.028409092,0.07988636,,,,,,,,,,,,,,,,,REG,IND,DET,Andrew Ogletree,OgleAn00,0.0,1.0,1.0,39.6
2024,REG,12,00-0039074,D.Allen,TE,TE,LA,16219,02a77d8c-3b89-4a61-86a2-0c005c1e589a,23761.0,,10214.0,,4426553.0,40164.0,,3123267.0,AlleDa02,davis-allen-1,17030.0,,1434.0,40164.0,0.0,,1161664.0,Davis Allen,davis allen,0,1,0.0,0,0.0,0.0,-1.0,0.0,0.0,-0.516014,0,0.0,0.029411765,-0.0044444446,0.041006535,,,,,,,,,,,,,,,,,REG,LA,PHI,Davis Allen,AlleDa02,0.0,0.0,0.0,39.6
2024,REG,13,00-0039338,B.Bowers,TE,TE,LV,16641,ad9fc7e3-0a6d-4e41-84c2-cf43b71aee13,22955.0,,11604.0,,4432665.0,40878.0,,26693971.0,BoweBr01,brock-bowers-1,17693.0,,1612.0,40878.0,0.0,,1285917.0,Brock Bowers,brock bowers,10,14,140.0,1,0.0,0.0,108.0,50.0,5.0,8.500532,0,1.2962962,0.4117647,0.40754718,0.9029301,Brock Bowers,LV,5.890000000000001,4.018288334427211,7.182857142857143,37.96722796949331,71.42857142857143,140.0,1.0,5.601000000000001,6.894228375866234,-1.2932283758662333,00-0039338,Brock,Bowers,B.Bowers,REG,LV,KC,Brock Bowers,BoweBr01,0.0,0.0,0.0,127.1
2024,REG,13,00-0033858,J.Smith,TE,TE,MIA,13193,e4f25a37-74de-4bfb-b6c9-f50a4fab0b87,16460.0,11855.0,4144.0,,3054212.0,30213.0,,2081506.0,SmitJo01,jonnu-smith-1,11807.0,12344.0,84.0,30213.0,743749.0,18990.0,743749.0,Jonnu Smith,jonnu smith,10,11,113.0,0,1.0,0.0,75.0,38.0,7.0,7.8087378,0,1.5066667,0.23913044,0.24038461,0.5269649,Jonnu Smith,MIA,6.0760000000000005,4.001514445642515,6.3881818181818195,23.317626758693933,90.9090909090909,113.0,0.0,4.212999999999999,3.7019359471064375,0.5110640528935617,00-0033858,Jonnu,Smith,J.Smith,REG,MIA,GB,Jonnu Smith,SmitJo01,0.0,0.0,0.0,109.5
2024,REG,13,00-0037744,T.McBride,TE,TE,ARI,15794,734d54cc-c869-4e2f-a60f-c59c493f5110,22936.0,,8130.0,,4361307.0,34010.0,,2963385.0,McBrTr01,trey-mcbride-1,15902.0,,1253.0,34010.0,0.0,,1108161.0,Trey McBride,trey mcbride,12,12,96.0,0,0.0,0.0,40.0,56.0,7.0,4.371525,0,2.4,0.27906978,0.13029316,0.50980985,Trey McBride,ARI,5.6927272727272715,3.874780992812483,3.5666666666666664,13.60847031890878,100.0,96.0,0.0,4.4333333333333345,4.156227869074617,0.2771054642587174,00-0037744,Trey,McBride,T.McBride,REG,ARI,MIN,Trey McBride,McBrTr01,1.0,0.0,0.0,100.0
2024,REG,13,00-0038996,T.Kraft,TE,TE,GB,16222,3a084c5f-6b9f-4703-a0c7-1566bc4b1129,25298.0,,9484.0,,4572680.0,40102.0,,3133332.0,KrafTu00,,16649.0,,1418.0,40102.0,0.0,,1181874.0,Tucker Kraft,tucker kraft,6,7,78.0,0,0.0,0.0,9.0,60.0,4.0,4.8800306,0,8.666667,0.25,0.04477612,0.40634328,Tucker Kraft,GB,4.798571428571428,5.624605060541868,2.1999999999999997,8.217277626594099,85.71428571428571,78.0,0.0,10.045,7.044468054471963,3.000531945528037,00-0038996,Tucker,Kraft,T.Kraft,REG,GB,MIA,Tucker Kraft,KrafTu00,0.0,0.0,0.0,113.1
2024,REG,13,00-0037005,T.Tremble,TE,TE,CAR,15332,cbee2fd3-e5f2-4316-bffd-531f1873f032,22795.0,84025.0,7694.0,,4372780.0,33471.0,,2969027.0,TremTo00,tommy-tremble-1,15371.0,,1054.0,33471.0,0.0,,1130555.0,Tommy Tremble,tommy tremble,5,8,77.0,0,0.0,0.0,54.0,37.0,4.0,3.1218784,0,1.425926,0.19512194,0.13466334,0.38694727,Tommy Tremble,CAR,7.930000000000001,2.91289079884424,5.811250000000001,11.617562535922236,62.5,77.0,0.0,7.712000000000001,6.491170640328451,1.2208293596715496,00-0037005,Tommy,Tremble,T.Tremble,REG,CAR,TB,Tommy Tremble,TremTo00,0.0,1.0,0.125,94.3
2024,REG,13,00-0033090,H.Henry,TE,TE,NE,12676,705899da-3c20-4bc3-b5d0-2e6e40655131,15561.0,10669.0,3214.0,,3046439.0,29269.0,,2079848.0,HenrHu00,hunter-henry-1,10735.0,11299.0,212.0,29269.0,744425.0,17975.0,744425.0,Hunter Henry,hunter henry,7,9,75.0,0,0.0,0.0,69.0,29.0,5.0,1.3141865,0,1.0869565,0.3,0.34848484,0.6939394,Hunter Henry,NE,6.621428571428573,3.8478180288040864,6.776666666666667,32.27838052394813,77.77777777777779,75.0,0.0,4.894285714285714,4.512929114784681,0.38135659950103307,00-0033090,Hunter,Henry,H.Henry,REG,NE,IND,Hunter Henry,HenrHu00,1.0,0.0,0.0,61.8
2024,REG,13,00-0030506,T.Kelce,TE,TE,KC,11244,c3859e06-5f23-4302-a71b-04820a899d5f,11594.0,7844.0,1466.0,traviskelce/2540258,15847.0,26686.0,,1725130.0,KelcTr00,travis-kelce-1,8783.0,8411.0,264.0,26686.0,448240.0,15048.0,448240.0,Travis Kelce,travis kelce,7,13,68.0,0,0.0,0.0,79.0,28.0,4.0,3.0015202,0,0.8607595,0.2888889,0.2051948,0.5769697,Travis Kelce,KC,4.3,2.92608210715998,5.43230769230769,18.77592257790067,53.84615384615385,68.0,0.0,4.477142857142859,4.4707717091939525,0.006371147948906142,00-0030506,Travis,Kelce,T.Kelce,REG,KC,LV,Travis Kelce,KelcTr00,0.0,0.0,0.0,68.7
2024,REG,13,00-0036894,P.Freiermuth,TE,TE,PIT,15331,04f0fefe-9d9d-44f5-94ea-6df2a42df3c6,20163.0,84085.0,7600.0,,4361411.0,33443.0,,2961270.0,FreiPa00,pat-freiermuth-1,15267.0,,1053.0,33443.0,0.0,,1116662.0,Pat Freiermuth,pat freiermuth,6,7,68.0,1,0.0,0.0,46.0,25.0,2.0,3.897399,0,1.4782609,0.19444445,0.2371134,0.45764604,Pat Freiermuth,PIT,8.059999999999999,4.144770494850773,6.368571428571429,24.145588474245788,85.71428571428571,68.0,1.0,4.414999999999998,3.362499501758691,1.052500498241307,00-0036894,Pat,Freiermuth,P.Freiermuth,REG,PIT,CIN,Pat Freiermuth,FreiPa00,0.0,1.0,0.143,146.7
2024,REG,13,00-0034753,M.Andrews,TE,TE,BAL,13671,0618f387-9b72-4270-8b8f-dec4cccc9e4a,17269.0,47436.0,5012.0,,3116365.0,31056.0,,2131121.0,AndrMa00,mark-andrews-1,12559.0,13182.0,366.0,31056.0,820699.0,19803.0,820699.0,Mark Andrews,mark andrews,6,7,67.0,1,0.0,0.0,72.0,9.0,3.0,5.2768264,0,0.9305556,0.2,0.20571429,0.444,Mark Andrews,BAL,2.886,3.3851056841281317,9.907142857142857,21.959405971945156,85.71428571428571,67.0,1.0,2.2016666666666667,2.0704234436090228,0.1312432230576439,00-0034753,Mark,Andrews,M.Andrews,REG,BAL,PHI,Mark Andrews,AndrMa00,0.0,1.0,0.143,146.1
2024,REG,13,00-0034383,D.Schultz,TE,TE,HOU,13772,8caec1b4-e0b6-4a84-b8c8-617d6e91ef6a,17349.0,47304.0,5001.0,,3117256.0,31107.0,,2136748.0,SchuDa00,dalton-schultz-1,12514.0,13198.0,487.0,31107.0,830523.0,19920.0,830523.0,Dalton Schultz,dalton schultz,5,7,61.0,1,0.0,0.0,34.0,35.0,4.0,7.171706,0,1.7941177,0.21212122,0.11888112,0.4013986,Dalton Schultz,HOU,8.355999999999998,3.469578788851567,4.3442857142857125,11.029305092122437,71.42857142857143,61.0,1.0,7.618000000000002,5.14777392266974,2.4702260773302624,00-0034383,Dalton,Schultz,D.Schultz,REG,HOU,JAX,Dalton Schultz,SchuDa00,0.0,0.0,0.0,137.5
2024,REG,13,00-0036637,N.Gray,TE,TE,KC,15337,c97dfcb6-b999-476f-8487-f3848e92df17,19539.0,60878.0,7828.0,,4240472.0,33550.0,,2866903.0,GrayNo00,noah-gray-1,15459.0,,1059.0,33550.0,0.0,,1056981.0,Noah Gray,noah gray,4,6,58.0,0,0.0,0.0,64.0,26.0,2.0,2.3057911,0,0.90625,0.13333334,0.16623376,0.31636363,Noah Gray,KC,6.66,4.1503535244387955,9.961666666666666,15.891204934595345,66.66666666666666,58.0,0.0,6.795,6.269292476071996,0.5257075239280038,00-0036637,Noah,Gray,N.Gray,REG,KC,LV,Noah Gray,GrayNo00,0.0,0.0,0.0,97.9
2024,REG,13,00-0035689,D.Knox,TE,TE,BUF,14143,5fb525c5-4e70-4ede-8c49-94ad0cf66b7d,18631.0,35883.0,5906.0,,3930086.0,31928.0,,2186345.0,KnoxDa00,dawson-knox-1,13466.0,13953.0,88.0,31928.0,884083.0,20850.0,884083.0,Dawson Knox,dawson knox,2,2,56.0,0,0.0,0.0,37.0,19.0,2.0,3.7290528,0,1.5135136,0.11111111,0.33333334,0.4,,,,,,,,,,,,,,,,,REG,BUF,SF,Dawson Knox,KnoxDa00,0.0,0.0,0.0,118.7
2024,REG,13,00-0039847,T.Johnson,TE,TE,NYG,16649,a5d4bb1d-c130-47c2-808a-2dd1f85005fb,23104.0,,11597.0,,4429148.0,41003.0,,3162129.0,JohnTh00,theo-johnson-1,17021.0,,1620.0,41003.0,0.0,,1214414.0,Theo Johnson,theo johnson,5,5,54.0,0,0.0,0.0,25.0,29.0,2.0,3.5216682,0,2.16,0.15625,0.1388889,0.3315972,Theo Johnson,NYG,7.016666666666666,7.959808542173474,4.659999999999999,11.444569969055454,100.0,54.0,0.0,6.140000000000001,4.658209586890552,1.4817904131094481,00-0039847,Theodore,Johnson,T.Johnson,REG,NYG,DAL,Theo Johnson,JohnTh00,0.0,0.0,0.0,111.7
2024,REG,13,00-0034829,M.Gesicki,TE,TE,CIN,13672,1012cbe0-7eba-4169-bfca-183a0204e1a7,17272.0,47153.0,4993.0,,3116164.0,31012.0,,2139298.0,GesiMi00,mike-gesicki-1,12764.0,13104.0,330.0,31012.0,836152.0,19853.0,836152.0,Mike Gesicki,mike gesicki,5,5,53.0,0,0.0,0.0,30.0,23.0,3.0,4.166862,0,1.7666667,0.13513513,0.13636364,0.29815724,Mike Gesicki,CIN,6.154,3.5439298405883677,6.656000000000001,13.34937825912555,100.0,53.0,0.0,3.943999999999999,4.92121282170001,-0.9772128217000109,00-0034829,Michael,Gesicki,M.Gesicki,REG,CIN,PIT,Mike Gesicki,GesiMi00,0.0,0.0,0.0,110.8
2024,REG,13,00-0033885,D.Njoku,TE,TE,CLE,13192,8f86fcea-90e8-49ea-bc78-5c7659313e57,16399.0,11784.0,4033.0,,3123076.0,30142.0,,2136474.0,NjokDa00,david-njoku-1,11734.0,12186.0,252.0,30142.0,832098.0,18876.0,832098.0,David Njoku,david njoku,9,17,52.0,2,0.0,0.0,91.0,17.0,3.0,-10.614773,0,0.5714286,0.2982456,0.18495935,0.57684,David Njoku,CLE,3.030769230769231,2.4179216812550006,5.685294117647058,19.674300254452927,52.94117647058824,52.0,2.0,1.9055555555555546,1.5027273415248095,0.4028282140307451,00-0033885,David,Njoku,D.Njoku,REG,CLE,DEN,David Njoku,NjokDa00,1.0,3.0,0.176,73.7
2024,REG,13,00-0032392,A.Hooper,TE,TE,NE,12677,90c2a93f-d837-4e1b-b57c-56648903a8db,15581.0,10715.0,3202.0,,3043275.0,29315.0,,2067004.0,HoopAu00,austin-hooper-1,10748.0,11301.0,384.0,29315.0,739424.0,17963.0,739424.0,Austin Hooper,austin hooper,4,4,42.0,1,1.0,0.0,31.0,11.0,3.0,4.806383,0,1.3548387,0.13333334,0.15656565,0.30959597,,,,,,,,,,,,,,,,,REG,NE,IND,Austin Hooper,HoopAu00,0.0,0.0,0.0,150.0
2024,REG,13,00-0033881,E.Engram,TE,TE,JAX,13189,e21365af-8d66-416e-b0a5-8816d18fcfd9,16411.0,11778.0,4066.0,,3051876.0,30136.0,,2079887.0,EngrEv00,evan-engram-1,11805.0,12205.0,229.0,30136.0,749185.0,18912.0,749185.0,Evan Engram,evan engram,7,9,41.0,0,0.0,0.0,34.0,20.0,2.0,1.4245425,0,1.2058823,0.21428572,0.07188161,0.3717457,Evan Engram,JAX,8.098333333333334,2.763131476594862,3.2844444444444454,6.592622329274278,77.77777777777779,41.0,0.0,3.1885714285714277,2.353243962051841,0.8353274665195869,00-0033881,Evan,Engram,E.Engram,REG,JAX,HOU,Evan Engram,EngrEv00,0.0,0.0,0.0,85.6
2024,REG,13,00-0037838,I.Likely,TE,TE,BAL,15798,f9279edb-cfa7-4f7d-91df-b81cbf3e133e,23781.0,,8131.0,,4361050.0,34095.0,,2961906.0,LikeIs00,isaiah-likely-1,16033.0,,1257.0,34095.0,0.0,,1125111.0,Isaiah Likely,isaiah likely,5,8,38.0,1,0.0,0.0,81.0,14.0,2.0,3.702911,0,0.4691358,0.22857143,0.23142858,0.5048571,Isaiah Likely,BAL,5.804285714285713,4.971648887959965,9.811250000000001,24.85355118583959,62.5,38.0,1.0,2.797999999999999,2.6998098414255765,0.0981901585744227,00-0037838,Isaiah,Likely,I.Likely,REG,BAL,PHI,Isaiah Likely,LikeIs00,1.0,1.0,0.125,113.5
2024,REG,13,00-0033357,T.Hill,TE,TE,NO,13424,3c8a55dd-20a8-4375-b711-49eb5e6e1d0e,17115.0,12112.0,4381.0,,2468609.0,30614.0,,2818935.0,HillTa00,,12063.0,12729.0,150.0,30614.0,503184.0,19238.0,503184.0,Taysom Hill,taysom hill,5,7,37.0,0,0.0,0.0,34.0,16.0,2.0,1.3002717,0,1.0882353,0.20588236,0.14782609,0.41230178,Taysom Hill,NO,7.6025,3.214017856967826,4.555714285714285,13.0120776889179,71.42857142857143,37.0,0.0,3.2140000000000013,2.94869243427764,0.26530756572236136,00-0033357,Taysom,Hill,T.Hill,REG,NO,LA,Taysom Hill,HillTa00,0.0,0.0,0.0,83.6
2024,REG,13,00-0036040,J.Johnson,TE,TE,NO,14861,0226b03b-f91d-4223-9813-9fcd2e9c3acc,19562.0,28305.0,7002.0,,3929645.0,33113.0,,2186637.0,JohnJu02,,14630.0,,575.0,33113.0,0.0,21738.0,884609.0,Juwan Johnson,juwan johnson,5,7,36.0,0,0.0,0.0,46.0,21.0,2.0,-5.486622,0,0.7826087,0.20588236,0.2,0.44882354,Juwan Johnson,NO,6.856666666666668,3.8239725310936836,8.657142857142857,24.726619879223104,71.42857142857143,36.0,0.0,3.9160000000000004,1.5969639015184611,2.319036098481539,00-0036040,Juwan,Johnson,J.Johnson,REG,NO,LA,Juwan Johnson,JohnJu02,0.0,0.0,0.0,83.0
2024,REG,13,00-0030061,Z.Ertz,TE,TE,WAS,11247,de3421f7-2147-4835-89a5-724e87bad463,11689.0,7816.0,1339.0,zachertz/2540158,15835.0,26658.0,,1685963.0,ErtzZa00,zach-ertz-1,8781.0,8409.0,305.0,26658.0,503177.0,14856.0,503177.0,Zach Ertz,zach ertz,3,6,35.0,1,0.0,0.0,40.0,18.0,2.0,-2.0614877,0,0.875,0.2,0.24096386,0.4686747,Zach Ertz,WAS,3.858333333333333,3.252115655001598,7.631666666666667,27.268937589328246,50.0,35.0,1.0,6.730000000000001,4.495842515855959,2.234157484144042,00-0030061,Zachary,Ertz,Z.Ertz,REG,WAS,TEN,Zach Ertz,ErtzZa00,0.0,0.0,0.0,68.1
2024,REG,13,00-0034351,D.Goedert,TE,TE,PHI,13674,e8029983-87cf-49a2-bc04-04c8233a0630,17270.0,47272.0,5022.0,,3121023.0,31019.0,,2132551.0,GoedDa00,,12860.0,13151.0,382.0,31019.0,791365.0,19863.0,791365.0,Dallas Goedert,dallas goedert,3,4,35.0,1,0.0,0.0,23.0,22.0,3.0,3.9153948,0,1.5217391,0.23529412,0.16428572,0.46794116,,,,,,,,,,,,,,,,,REG,PHI,BAL,Dallas Goedert,GoedDa00,1.0,0.0,0.0,140.6
2024,REG,13,00-0038547,L.Schoonmaker,TE,TE,DAL,16221,143957a7-4649-4a19-b351-e606edc75ebd,25267.0,,10871.0,,4372096.0,40061.0,,2968473.0,SchoLu00,luke-schoonmaker-1,16855.0,,1382.0,40061.0,0.0,,1130242.0,Luke Schoonmaker,luke schoonmaker,5,6,33.0,0,0.0,0.0,23.0,8.0,2.0,1.2068952,0,1.4347826,0.16666667,0.08455882,0.30919117,Luke Schoonmaker,DAL,2.84,3.2635924642341725,4.506666666666667,9.347991426398398,83.33333333333334,33.0,0.0,2.1180000000000008,2.436342813274223,-0.3183428132742221,00-0038547,Luke,Schoonmaker,L.Schoonmaker,REG,DAL,NYG,Luke Schoonmaker,SchoLu00,0.0,0.0,0.0,89.6
2024,REG,13,00-0034270,T.Conklin,TE,TE,NYJ,13675,f0d17dfa-ebf3-416c-a8d2-c6bc30675103,17598.0,47327.0,5133.0,,3915486.0,31220.0,,2165249.0,ConkTy00,tyler-conklin-1,12809.0,13220.0,489.0,31127.0,861278.0,19988.0,861278.0,Tyler Conklin,tyler conklin,4,5,32.0,0,0.0,0.0,19.0,21.0,2.0,1.420195,0,1.6842105,0.13157895,0.061290324,0.24027164,Tyler Conklin,NYJ,10.71,4.8524669032050705,5.084000000000001,7.965405947419548,80.0,32.0,0.0,5.7749999999999995,8.659307584621786,-2.8843075846217863,00-0034270,Tyler,Conklin,T.Conklin,REG,NYJ,SEA,Tyler Conklin,ConkTy00,0.0,0.0,0.0,93.3
2024,REG,13,00-0034613,T.Hudson,TE,TE,CIN,14370,2fa75e05-cac4-4b40-8924-dbc9ae0c959c,17826.0,66924.0,5409.0,,3050481.0,31257.0,,2926606.0,,,13286.0,,,31257.0,1115394.0,20506.0,1115394.0,Tanner Hudson,tanner hudson,4,4,28.0,0,0.0,0.0,6.0,22.0,2.0,2.7138524,0,4.6666665,0.10810811,0.027272727,0.18125308,,,,,,,,,,,,,,,,,,,,,,,,,
2024,REG,13,00-0035229,T.Hockenson,TE,TE,MIN,14138,bd1120b6-38b3-4225-a4b0-20660a149d0d,18290.0,40912.0,5844.0,,4036133.0,31840.0,,2251097.0,HockTJ00,tj-hockenson-1,13610.0,14051.0,247.0,31840.0,923915.0,20805.0,923915.0,T.J. Hockenson,tj hockenson,3,6,28.0,0,0.0,0.0,17.0,14.0,3.0,0.7099735,0,1.6470588,0.2,0.08292683,0.35804877,T.J. Hockenson,MIN,6.826666666666667,4.132163449369995,6.935000000000001,16.000153810659075,50.0,28.0,0.0,4.513333333333331,2.063186005898084,2.4501473274352468,00-0035229,Thomas,Hockenson,T.Hockenson,REG,MIN,ARI,T.J. Hockenson,HockTJ00,0.0,0.0,0.0,63.2
2024,REG,13,00-0037809,C.Okonkwo,TE,TE,TEN,15889,14e11f9b-58c8-437f-abc0-a4e4df9a7c47,23982.0,,8210.0,,4360635.0,34099.0,,2965208.0,OkonCh00,chigoziem-okonkwo-1,16042.0,,1320.0,34099.0,0.0,,1106374.0,Chigoziem Okonkwo,chigoziem okonkwo,3,6,27.0,0,0.0,0.0,53.0,5.0,1.0,-0.66479075,0,0.509434,0.16666667,0.13554987,0.3448849,Chig Okonkwo,TEN,5.7875,4.070127929778694,8.558333333333332,12.823394266307062,50.0,27.0,0.0,2.0766666666666667,1.5040428891389368,0.5726237775277299,00-0037809,Chigoziem,Okonkwo,C.Okonkwo,REG,TEN,WAS,Chigoziem Okonkwo,OkonCh00,0.0,2.0,0.333,62.5
2024,REG,13,00-0035644,N.Fant,TE,TE,SEA,14137,cdc98acc-9eb6-4b44-81bb-61d7b8a3b55f,17527.0,42388.0,5857.0,,4036131.0,31852.0,,2251095.0,FantNo00,noah-fant-1,13426.0,14050.0,243.0,31852.0,923911.0,20753.0,923911.0,Noah Fant,noah fant,3,4,26.0,0,0.0,0.0,15.0,12.0,0.0,0.0809282,0,1.7333333,0.13793103,0.07653061,0.26046798,,,,,,,,,,,,,,,,,REG,SEA,NYJ,Noah Fant,FantNo00,0.0,0.0,0.0,91.7
2024,REG,13,00-0036290,C.Kmet,TE,TE,CHI,14867,036feeb6-9a22-43c5-a8e3-7ac611d8ff49,19229.0,60995.0,6826.0,,4258595.0,32713.0,,2868619.0,KmetCo00,cole-kmet-1,14436.0,,569.0,32713.0,0.0,21772.0,1066765.0,Cole Kmet,cole kmet,3,3,26.0,0,0.0,0.0,23.0,3.0,2.0,1.3051649,0,1.1304348,0.083333336,0.050772626,0.16054083,,,,,,,,,,,,,,,,,REG,CHI,DET,Cole Kmet,KmetCo00,0.0,0.0,0.0,102.8
2024,REG,13,00-0037539,L.Krull,TE,TE,DEN,15970,767b4820-cc9f-11ec-952e-a10f2c98fc4d,24240.0,,8249.0,,4360231.0,34654.0,,2961761.0,KrulLu00,,16259.0,,1328.0,34654.0,0.0,,1122323.0,Lucas Krull,lucas krull,3,3,24.0,0,0.0,0.0,14.0,10.0,1.0,1.1958666,0,1.7142857,0.09677419,0.03448276,0.16929922,,,,,,,,,,,,,,,,,REG,DEN,CLE,Lucas Krull,KrulLu00,0.0,0.0,0.0,100.0
2024,REG,13,00-0039041,E.Higgins,TE,TE,ARI,16333,a01b7698-d67f-4b60-b2fb-4c667336b718,23119.0,,10231.0,,4426844.0,40226.0,,3122914.0,HiggEl00,elijah-higgins-1,16959.0,,1469.0,40226.0,0.0,,1161853.0,Elijah Higgins,elijah higgins,2,2,23.0,0,0.0,0.0,21.0,2.0,1.0,1.0454508,0,1.0952381,0.046511628,0.06840391,0.11765018,,,,,,,,,,,,,,,,,REG,ARI,MIN,Elijah Higgins,HiggEl00,0.0,0.0,0.0,114.6
2024,REG,13,00-0033246,J.Mundt,TE,TE,MIN,13940,6414998b-5831-44aa-8bd8-39e42a323c2c,16743.0,12206.0,4314.0,,3052096.0,30373.0,,2818622.0,MundJo00,,12316.0,12525.0,,30373.0,740704.0,19165.0,740704.0,Johnny Mundt,johnny mundt,2,2,22.0,1,0.0,0.0,1.0,21.0,2.0,1.9602271,0,22.0,0.06666667,0.004878049,0.10341463,,,,,,,,,,,,,,,,,REG,MIN,ARI,Johnny Mundt,MundJo00,0.0,0.0,0.0,152.1
2024,REG,13,00-0037292,A.Ogletree,TE,TE,IND,15916,59f460a8-b5af-40e6-840c-429762b278b3,24561.0,,8489.0,,4722908.0,34148.0,,2672594.0,OgleAn00,,16277.0,,1315.0,34148.0,0.0,,1271740.0,Andrew Ogletree,andrew ogletree,1,2,22.0,0,0.0,0.0,48.0,4.0,1.0,0.99015754,0,0.45833334,0.083333336,0.12182741,0.21027918,,,,,,,,,,,,,,,,,REG,IND,NE,Andrew Ogletree,OgleAn00,0.0,0.0,0.0,89.6
2024,REG,13,00-0031585,M.Pruitt,TE,TE,PIT,12309,f22b34cf-6ecf-4522-9c77-1da275dfda7d,13964.0,9576.0,2446.0,,2508256.0,28531.0,,1760327.0,PruiMy00,,10251.0,10522.0,,28531.0,552586.0,16903.0,552586.0,MyCole Pruitt,mycole pruitt,2,3,21.0,0,0.0,0.0,6.0,10.0,1.0,0.3458335,0,3.5,0.083333336,0.030927835,0.14664948,,,,,,,,,,,,,,,,,REG,PIT,CIN,MyCole Pruitt,PruiMy00,0.0,0.0,0.0,86.8
2024,REG,13,00-0038129,C.Otton,TE,TE,TB,15802,f23517bd-ae85-484a-8ecb-1f7a2d851e48,23181.0,,8111.0,,4243331.0,34062.0,,2815179.0,OttoCa00,cade-otton-1,16032.0,,1261.0,34062.0,0.0,,1049263.0,Cade Otton,cade otton,4,7,20.0,0,0.0,0.0,8.0,14.0,1.0,-6.2405367,0,2.5,0.20588236,0.034782607,0.33317137,Cade Otton,TB,5.771428571428571,3.173330579815833,1.000000000000001,3.199853720972759,57.14285714285714,20.0,0.0,4.199999999999999,4.69674936766728,-0.49674936766728095,00-0038129,Cade,Otton,C.Otton,REG,TB,CAR,Cade Otton,OttoCa00,0.0,1.0,0.143,22.6
2024,REG,13,00-0038783,N.Adkins,TE,TE,DEN,16474,bcd0ae60-f31c-11ed-819c-fd03d0cc2698,25881.0,,11433.0,,4383440.0,40702.0,,2977285.0,AdkiNa00,,16992.0,,,40702.0,0.0,,1132517.0,Nate Adkins,nate adkins,1,1,16.0,0,0.0,0.0,6.0,10.0,1.0,0.9253954,0,2.6666667,0.032258064,0.014778325,0.058731925,,,,,,,,,,,,,,,,,REG,DEN,CLE,Nate Adkins,AdkiNa00,0.0,0.0,0.0,118.7
2024,REG,13,00-0033217,M.Alie-Cox,TE,TE,IND,13246,8809c0dd-786b-4255-a7d0-333c9498c19a,16579.0,12078.0,4054.0,moalie-cox/2558832,2998565.0,30112.0,,2815925.0,AlieMo00,,12196.0,12221.0,195.0,30112.0,712506.0,18900.0,712506.0,Mo Alie-Cox,mo alie-cox,2,2,15.0,0,0.0,0.0,11.0,4.0,1.0,2.8591075,0,1.3636364,0.083333336,0.027918782,0.14454314,,,,,,,,,,,,,,,,,REG,IND,NE,Mo Alie-Cox,AlieMo00,0.0,0.0,0.0,97.9
2024,REG,13,00-0036590,Q.Morris,TE,TE,BUF,15341,eab74cbc-ed11-46b3-bd16-1d4c997adc22,22820.0,61182.0,7536.0,,4244049.0,33819.0,,2864581.0,,,15460.0,,,33819.0,0.0,,1059680.0,Quintin Morris,quintin morris,1,1,14.0,0,0.0,0.0,6.0,8.0,1.0,0.78854394,0,2.3333333,0.055555556,0.054054055,0.12117117,,,,,,,,,,,,,,,,,,,,,,,,,
2024,REG,13,00-0038935,B.Strange,TE,TE,JAX,16269,94f135f7-9d54-4cbd-b560-fcaf83d414b0,25345.0,,9480.0,,4430539.0,40078.0,,3121696.0,StraBr00,brenton-strange-1,17017.0,,1461.0,40078.0,0.0,,1164940.0,Brenton Strange,brenton strange,1,2,14.0,0,0.0,0.0,14.0,17.0,1.0,-0.073169485,0,1.0,0.04761905,0.029598309,0.09214739,,,,,,,,,,,,,,,,,REG,JAX,HOU,Brenton Strange,StraBr00,1.0,0.0,0.0,72.9
2024,REG,13,00-0039793,A.Barner,TE,TE,SEA,16723,e96127b4-d381-43d4-b0ae-8790c706756f,26335.0,,11603.0,,4576297.0,41001.0,,3169283.0,BarnAJ00,aj-barner-1,17811.0,,1629.0,41001.0,0.0,,1229503.0,AJ Barner,aj barner,2,2,14.0,1,0.0,0.0,-4.0,18.0,1.0,1.9413308,0,0.0,0.06896552,-0.020408163,0.08916256,,,,,,,,,,,,,,,,,REG,SEA,NYJ,AJ Barner,BarnAJ00,0.0,0.0,0.0,135.4
2024,REG,13,00-0036244,C.Parkinson,TE,TE,LA,14871,1ea7affb-e5e7-491a-aaa3-55e200b2eb48,19372.0,52266.0,6865.0,,4242557.0,32803.0,,2867522.0,ParkCo02,colby-parkinson-1,14463.0,,565.0,32803.0,0.0,21807.0,1060312.0,Colby Parkinson,colby parkinson,1,1,13.0,0,0.0,0.0,2.0,11.0,1.0,0.8631186,0,6.5,0.04347826,0.010362694,0.072471276,,,,,,,,,,,,,,,,,REG,LA,NO,Colby Parkinson,ParkCo02,0.0,0.0,0.0,118.7
2024,REG,13,00-0036754,B.Wright,TE,TE,DET,15626,8f182089-7730-499e-8f2e-87bda32debfb,23341.0,60994.0,7891.0,,4242392.0,33774.0,,2807423.0,WrigBr01,,15681.0,,1162.0,33774.0,0.0,,978120.0,Brock Wright,brock wright,1,1,13.0,0,0.0,0.0,3.0,10.0,1.0,0.7566127,0,4.3333335,0.032258064,0.013636364,0.057932552,,,,,,,,,,,,,,,,,REG,DET,CHI,Brock Wright,WrigBr01,0.0,0.0,0.0,118.7
2024,REG,13,00-0038558,D.Washington,TE,TE,PIT,16216,1984b8b5-d206-4d6a-8204-c5dd0160e9f5,22967.0,,9479.0,,4430802.0,40094.0,,3163963.0,WashDa03,darnell-washington-1,16889.0,,1431.0,40094.0,0.0,,1218658.0,Darnell Washington,darnell washington,1,1,10.0,0,0.0,0.0,0.0,10.0,1.0,1.1770204,0,0.0,0.027777778,0.0,0.041666668,,,,,,,,,,,,,,,,,REG,PIT,CIN,Darnell Washington,WashDa03,0.0,0.0,0.0,108.3
2024,REG,13,00-0039737,T.Reiman,TE,TE,ARI,16706,44767e85-080f-4212-b2f2-cba160c81a9f,26432.0,,11716.0,,4696700.0,40959.0,,3169268.0,ReimTi00,tip-reiman-1,17966.0,,1628.0,40959.0,0.0,,1229489.0,Tip Reiman,tip reiman,1,1,9.0,0,0.0,0.0,5.0,4.0,0.0,0.88378465,0,1.8,0.023255814,0.016286645,0.046284374,,,,,,,,,,,,,,,,,REG,ARI,MIN,Tip Reiman,ReimTi00,0.0,0.0,0.0,104.2
2024,REG,13,00-0034798,D.Smythe,TE,TE,MIA,13676,7e42a22a-c47b-4387-aeeb-2cc2e76dc1d8,17508.0,47257.0,5008.0,,3052897.0,31093.0,,2082845.0,SmytDu00,durham-smythe-1,12807.0,13249.0,,31093.0,749968.0,19943.0,749968.0,Durham Smythe,durham smythe,1,1,8.0,0,0.0,0.0,7.0,1.0,0.0,-0.030218523,0,1.1428572,0.02173913,0.022435898,0.048313823,,,,,,,,,,,,,,,,,REG,MIA,GB,Durham Smythe,SmytDu00,0.0,0.0,0.0,100.0
2024,REG,13,00-0035631,D.Sample,TE,TE,CIN,14146,15a4f552-ecaf-45bd-9006-aa5dda93bee6,18561.0,47259.0,6001.0,,3127310.0,31884.0,,2139646.0,SampDr00,drew-sample-1,13809.0,14111.0,435.0,31884.0,837824.0,20931.0,837824.0,Drew Sample,drew sample,2,2,8.0,0,0.0,0.0,3.0,5.0,0.0,-0.34120628,0,2.6666667,0.054054055,0.013636364,0.09062654,,,,,,,,,,,,,,,,,REG,CIN,PIT,Drew Sample,SampDr00,0.0,0.0,0.0,83.3
2024,REG,13,00-0033288,G.Kittle,TE,TE,SF,13299,2ada91b0-036e-454f-83c3-6d939ff584a9,16499.0,11901.0,4217.0,,3040151.0,30259.0,,2818265.0,KittGe00,george-kittle-1,11892.0,12276.0,298.0,30259.0,733672.0,19063.0,733672.0,George Kittle,george kittle,1,2,7.0,0,0.0,0.0,6.0,1.0,0.0,-0.7227036,0,1.1666666,0.11764706,0.06521739,0.22212276,,,,,,,,,,,,,,,,,REG,SF,BUF,George Kittle,KittGe00,0.0,1.0,0.5,58.3
2024,REG,13,00-0038394,W.Mallory,TE,TE,IND,16220,5d4a5e4f-7c74-4b4c-b8e5-33bb831e3057,23821.0,,10220.0,,4362523.0,40180.0,,2962073.0,MallWi00,will-mallory-1,17014.0,,1435.0,,0.0,,1121873.0,Will Mallory,will mallory,1,1,7.0,0,0.0,0.0,7.0,0.0,0.0,-0.730175,0,1.0,0.041666668,0.017766498,0.07493655,,,,,,,,,,,,,,,,,REG,IND,NE,Will Mallory,MallWi00,0.0,0.0,0.0,95.8
2024,REG,13,00-0032394,N.Vannett,TE,TE,TEN,12680,c731aa8a-778b-4ccd-a19f-517eb66f47b7,15645.0,10728.0,3258.0,,2576399.0,29328.0,,1871322.0,VannNi00,nick-vannett-1,10949.0,11329.0,,29328.0,606488.0,18019.0,606488.0,Nick Vannett,nick vannett,1,1,6.0,0,0.0,0.0,-2.0,8.0,0.0,-0.019342333,0,0.0,0.027777778,-0.0051150895,0.038086105,,,,,,,,,,,,,,,,,REG,TEN,WAS,Nick Vannett,VannNi00,0.0,0.0,0.0,91.7
2024,REG,13,00-0034981,F.Moreau,TE,TE,NO,14239,9c3a67fd-5c6e-4689-9e08-9ff6d4db6c9a,18397.0,47043.0,5985.0,,3843945.0,31969.0,,2180634.0,MoreFo00,foster-moreau-1,13822.0,14154.0,179.0,31969.0,865573.0,20884.0,865573.0,Foster Moreau,foster moreau,2,4,6.0,0,0.0,0.0,40.0,1.0,0.0,-2.699592,0,0.15,0.11764706,0.17391305,0.29820973,,,,,,,,,,,,,,,,,REG,NO,LA,Foster Moreau,MoreFo00,0.0,0.0,0.0,56.2
2024,REG,13,00-0039065,S.LaPorta,TE,TE,DET,16214,3059f1e5-1871-4458-9e90-9b9917874c61,22978.0,,10859.0,,4430027.0,40064.0,,3124197.0,LaPoSa01,sam-laporta-1,17033.0,,1429.0,40064.0,0.0,,1168926.0,Sam LaPorta,sam laporta,3,6,6.0,2,0.0,0.0,33.0,1.0,2.0,-0.812695,0,0.18181819,0.19354838,0.15,0.3953226,Sam LaPorta,DET,5.586666666666666,1.8119017278038028,9.086666666666668,22.19869706840391,50.0,6.0,2.0,0.2566666666666653,0.15906695810402502,0.0975997085626403,00-0039065,Sam,LaPorta,S.LaPorta,REG,DET,CHI,Sam LaPorta,LaPoSa01,0.0,0.0,0.0,95.8
2024,REG,13,00-0036429,C.Woerner,TE,TE,ATL,14984,527dfee0-a242-4dc7-830a-ab7028308259,19665.0,42257.0,7075.0,,4035020.0,32860.0,,2248629.0,WoerCh00,charlie-woerner-1,14608.0,,,32860.0,0.0,22119.0,922040.0,Charlie Woerner,charlie woerner,1,1,5.0,0,0.0,0.0,3.0,2.0,1.0,0.43755856,0,1.6666666,0.02631579,0.010416667,0.04676535,,,,,,,,,,,,,,,,,REG,ATL,LAC,Charlie Woerner,WoerCh00,0.0,0.0,0.0,87.5
2024,REG,13,00-0038720,J.Hill,TE,TE,MIA,16425,516da3c0-f016-11ed-a518-572ef5cb73b6,25824.0,,11371.0,,4365395.0,40629.0,,2961743.0,HillJu02,,17335.0,,,40629.0,0.0,,1123630.0,Julian Hill,julian hill,1,1,5.0,0,0.0,0.0,2.0,3.0,0.0,0.12414097,0,2.5,0.02173913,0.0064102565,0.037095875,,,,,,,,,,,,,,,,,REG,MIA,GB,Julian Hill,HillJu02,0.0,0.0,0.0,87.5
2024,REG,13,00-0039066,M.Mayer,TE,TE,LV,16212,31f4645a-7ccb-4633-8580-2fca361beb4f,23056.0,,9482.0,,4429086.0,40065.0,,3171673.0,MayeMi00,michael-mayer-1,16666.0,,1427.0,40065.0,0.0,,1232592.0,Michael Mayer,michael mayer,1,2,5.0,0,0.0,0.0,6.0,1.0,0.0,-1.0442718,0,0.8333333,0.05882353,0.02264151,0.10408435,,,,,,,,,,,,,,,,,REG,LV,KC,Michael Mayer,MayeMi00,0.0,0.0,0.0,56.2
2024,REG,13,00-0039359,C.Stover,TE,TE,HOU,16642,559d5222-0403-4a14-94c7-c7bd5072c939,25269.0,,11599.0,,4426496.0,40987.0,,3125978.0,StovCa00,cade-stover-1,17794.0,,1613.0,40987.0,0.0,,1175182.0,Cade Stover,cade stover,1,1,4.0,0,0.0,0.0,4.0,0.0,0.0,-0.020222293,0,1.0,0.030303031,0.013986014,0.055244755,,,,,,,,,,,,,,,,,REG,HOU,JAX,Cade Stover,StovCa00,0.0,0.0,0.0,83.3
2024,REG,13,00-0037475,S.Smartt,TE,TE,LAC,16113,6ee105f0-ca2e-11ec-be96-e90abdfa0fef,24621.0,,8583.0,,4250764.0,34637.0,,2864800.0,SmarSt00,,16321.0,,,34637.0,0.0,,1056865.0,Stone Smartt,stone smartt,1,2,3.0,0,0.0,0.0,10.0,7.0,0.0,-3.148342,0,0.3,0.083333336,0.060240965,0.16716868,,,,,,,,,,,,,,,,,REG,LAC,ATL,Stone Smartt,SmarSt00,0.0,0.0,0.0,56.2
2024,REG,13,00-0037805,J.Ruckert,TE,TE,NYJ,15796,28f3732b-0910-4d09-9fd4-e43b821dc5bb,23742.0,,8145.0,,4361372.0,34057.0,,2965446.0,RuckJe00,jeremy-ruckert-1,15996.0,,1255.0,34057.0,0.0,,1122596.0,Jeremy Ruckert,jeremy ruckert,1,2,3.0,0,0.0,0.0,17.0,0.0,0.0,-0.82091963,0,0.1764706,0.05263158,0.05483871,0.11733446,,,,,,,,,,,,,,,,,REG,NYJ,SEA,Jeremy Ruckert,RuckJe00,0.0,0.0,0.0,56.2
2024,REG,13,00-0038589,J.Whyle,TE,TE,TEN,16312,601467c7-b593-472d-a147-b8e7bfdbe990,22923.0,,10212.0,,4360086.0,40182.0,,2962513.0,WhylJo01,josh-whyle-1,16866.0,,1471.0,40182.0,0.0,,1107037.0,Josh Whyle,josh whyle,1,3,3.0,0,0.0,0.0,51.0,4.0,0.0,-2.5929432,0,0.05882353,0.083333336,0.13043478,0.21630435,,,,,,,,,,,,,,,,,REG,TEN,WAS,Josh Whyle,WhylJo01,0.0,0.0,0.0,42.4
2024,REG,13,00-0039912,B.Sinnott,TE,TE,WAS,16644,b5c717af-9116-483c-9ab3-c9db0a988ab8,26310.0,,11596.0,,4690923.0,40931.0,,3168647.0,SinnBe00,ben-sinnott-1,17833.0,,1615.0,40931.0,0.0,,1228920.0,Ben Sinnott,ben sinnott,1,1,3.0,0,0.0,0.0,2.0,1.0,0.0,-0.259048,0,1.5,0.033333335,0.012048192,0.058433734,,,,,,,,,,,,,,,,,REG,WAS,TEN,Ben Sinnott,SinnBe00,0.0,0.0,0.0,79.2
2024,REG,13,00-0033439,P.Brown,TE,TE,SEA,13994,6733b953-de77-44e5-acbf-c2d3a0940243,16937.0,12247.0,4443.0,,2971281.0,30627.0,,2819155.0,BrowPh01,,11887.0,12737.0,,30627.0,689689.0,19304.0,689689.0,Pharaoh Brown,pharaoh brown,0,1,0.0,0,0.0,0.0,5.0,0.0,0.0,-0.51040787,0,0.0,0.03448276,0.025510205,0.06958128,,,,,,,,,,,,,,,,,REG,SEA,NYJ,Pharaoh Brown,BrowPh01,0.0,0.0,0.0,39.6
2024,REG,13,00-0034159,W.Dissly,TE,TE,LAC,13763,383f4814-6836-4766-a297-fc063e8509cc,18049.0,30762.0,5010.0,,3127292.0,31090.0,,2139628.0,DissWi00,will-dissly-1,12986.0,13246.0,86.0,31090.0,837806.0,19950.0,837806.0,Will Dissly,will dissly,0,1,0.0,0,0.0,0.0,14.0,0.0,0.0,-0.61894435,0,0.0,0.041666668,0.084337346,0.12153614,,,,,,,,,,,,,,,,,REG,LAC,ATL,Will Dissly,DissWi00,0.0,0.0,0.0,39.6
2024,REG,13,00-0034364,J.Akins,TE,TE,CLE,13753,0cb5a32a-a340-4671-ba2a-93f5fa6aee8d,17415.0,47050.0,5032.0,,3128452.0,31068.0,,2142712.0,AkinJo00,jordan-akins-1,12568.0,13238.0,,31068.0,838396.0,19903.0,838396.0,Jordan Akins,jordan akins,0,1,0.0,0,0.0,0.0,0.0,0.0,0.0,-10.501522,0,,0.01754386,0.0,0.02631579,,,,,,,,,,,,,,,,,REG,CLE,DEN,Jordan Akins,AkinJo00,0.0,0.0,0.0,0.0
2024,REG,13,00-0036422,A.Trautman,TE,TE,DEN,14870,4e14183b-f974-4745-9d7f-8f5eb2a92a7d,19423.0,109795.0,6869.0,,3911853.0,32775.0,,2182228.0,TrauAd00,,14541.0,,566.0,32775.0,0.0,21786.0,875444.0,Adam Trautman,adam trautman,0,1,0.0,0,0.0,0.0,5.0,0.0,0.0,-0.76870394,0,0.0,0.032258064,0.0123152705,0.057007786,,,,,,,,,,,,,,,,,REG,DEN,CLE,Adam Trautman,TrauAd00,0.0,0.0,0.0,39.6
2024,REG,13,00-0036438,S.Sullivan,TE,TE,CAR,15026,a41b8454-0326-4c56-87a2-f2aac3814961,19641.0,40411.0,6970.0,,4035426.0,32921.0,,2223251.0,SullSt00,stephen-sullivan-1,14570.0,,,32921.0,0.0,21865.0,910808.0,Stephen Sullivan,stephen sullivan,0,1,0.0,0,0.0,0.0,16.0,0.0,0.0,-0.53215957,0,0.0,0.024390243,0.03990025,0.06451554,,,,,,,,,,,,,,,,,REG,CAR,TB,Stephen Sullivan,SullSt00,0.0,0.0,0.0,39.6
2024,REG,13,00-0036640,Z.Davidson,TE,TE,BUF,15343,cb5e14e8-87a7-4bad-9fd4-abdd50628abb,23394.0,143780.0,7943.0,,4746079.0,33556.0,,2665324.0,DaviZa00,,15567.0,,,33556.0,0.0,,1283807.0,Zach Davidson,zach davidson,0,1,0.0,0,0.0,0.0,7.0,0.0,0.0,-0.7144431,0,0.0,0.055555556,0.06306306,0.12747748,,,,,,,,,,,,,,,,,,,,,,,,,
2024,REG,13,00-0036825,F.Franks,TE,TE,CAR,15244,79a849be-0552-4da9-89ff-11d20a7a764a,20081.0,40217.0,7531.0,,4034948.0,33729.0,,2221829.0,,,15324.0,,,33729.0,0.0,,910377.0,Feleipe Franks,feleipe franks,0,1,0.0,0,0.0,0.0,20.0,0.0,0.0,-0.84828526,0,0.0,0.024390243,0.04987531,0.07149808,,,,,,,,,,,,,,,,,,,,,,,,,
2024,REG,13,00-0036876,K.Granson,TE,TE,IND,15419,bcc0167c-05fd-4b23-981e-60b8784ceb33,22841.0,40630.0,7602.0,,4039160.0,33515.0,,2247146.0,GranKy00,kylen-granson-1,15245.0,,1119.0,33515.0,0.0,,921050.0,Kylen Granson,kylen granson,0,3,0.0,0,0.0,0.0,109.0,0.0,0.0,-1.9064637,0,0.0,0.125,0.27664974,0.38115484,,,,,,,,,,,,,,,,,REG,IND,NE,Kylen Granson,GranKy00,0.0,1.0,0.333,39.6
2024,REG,13,00-0036887,L.Farrell,TE,TE,JAX,15335,8a1f0e8e-6521-4a94-9934-ad4f76a25fd9,19501.0,42353.0,7842.0,,4040612.0,33533.0,,2260977.0,FarrLu00,luke-farrell-1,15566.0,,,33533.0,0.0,,946541.0,Luke Farrell,luke farrell,0,1,0.0,0,0.0,0.0,7.0,0.0,0.0,-0.89200574,0,0.0,0.023809524,0.014799154,0.046073694,,,,,,,,,,,,,,,,,REG,JAX,HOU,Luke Farrell,FarrLu00,0.0,0.0,0.0,39.6
2024,REG,13,00-0036970,K.Pitts,TE,TE,ATL,15329,1f3deb24-9ff8-4769-8f42-825eff7742f6,20164.0,83964.0,7553.0,,4360248.0,33392.0,,2964514.0,PittKy00,kyle-pitts-1,15265.0,,1051.0,33392.0,0.0,,1123026.0,Kyle Pitts,kyle pitts,0,2,0.0,0,0.0,0.0,17.0,0.0,0.0,-2.0588458,0,0.0,0.05263158,0.059027776,0.12026681,,,,,,,,,,,,,,,,,REG,ATL,LAC,Kyle Pitts,PittKy00,0.0,0.0,0.0,39.6
2024,REG,13,00-0037004,H.Long,TE,TE,LA,15334,ebc576d0-a98b-4f82-aaf9-901a3911487d,22783.0,60859.0,7535.0,,4239944.0,33469.0,,2867428.0,LongHu00,hunter-long-3,15246.0,,1056.0,33469.0,0.0,,1060550.0,Hunter Long,hunter long,0,1,0.0,0,0.0,0.0,-2.0,0.0,0.0,-0.45133996,0,0.0,0.04347826,-0.010362694,0.057963505,,,,,,,,,,,,,,,,,REG,LA,NO,Hunter Long,LongHu00,0.0,0.0,0.0,39.6
2024,REG,14,00-0033288,G.Kittle,TE,TE,SF,13299,2ada91b0-036e-454f-83c3-6d939ff584a9,16499.0,11901.0,4217.0,,3040151.0,30259.0,,2818265.0,KittGe00,george-kittle-1,11892.0,12276.0,298.0,30259.0,733672.0,19063.0,733672.0,George Kittle,george kittle,6,6,151.0,0,0.0,0.0,48.0,103.0,6.0,13.389875,0,3.1458333,0.23076923,0.18181819,0.47342658,George Kittle,SF,5.066666666666666,5.131063170006852,7.61,17.085126286248837,100.0,151.0,0.0,17.55666666666667,8.7248237903259,8.831842876340769,00-0033288,George,Kittle,G.Kittle,REG,SF,CHI,George Kittle,KittGe00,1.0,0.0,0.0,118.7
2024,REG,14,00-0037744,T.McBride,TE,TE,ARI,15794,734d54cc-c869-4e2f-a60f-c59c493f5110,22936.0,,8130.0,,4361307.0,34010.0,,2963385.0,McBrTr01,trey-mcbride-1,15902.0,,1253.0,34010.0,0.0,,1108161.0,Trey McBride,trey mcbride,7,14,70.0,0,0.0,0.0,35.0,39.0,4.0,1.8738714,0,2.0,0.36842105,0.22292994,0.70868254,Trey McBride,ARI,4.47,2.7904540546822214,4.517142857142858,31.43609882189194,50.0,70.0,0.0,5.8342857142857145,4.61120967304244,1.2230760412432744,00-0037744,Trey,McBride,T.McBride,REG,ARI,SEA,Trey McBride,McBrTr01,0.0,0.0,0.0,64.6
2024,REG,14,00-0038129,C.Otton,TE,TE,TB,15802,f23517bd-ae85-484a-8ecb-1f7a2d851e48,23181.0,,8111.0,,4243331.0,34062.0,,2815179.0,OttoCa00,cade-otton-1,16032.0,,1261.0,34062.0,0.0,,1049263.0,Cade Otton,cade otton,3,4,70.0,0,0.0,0.0,45.0,45.0,2.0,1.3386476,0,1.5555556,0.14285715,0.20737328,0.359447,,,,,,,,,,,,,,,,,REG,TB,LV,Cade Otton,OttoCa00,3.0,0.0,0.0,77.1
2024,REG,14,00-0039066,M.Mayer,TE,TE,LV,16212,31f4645a-7ccb-4633-8580-2fca361beb4f,23056.0,,9482.0,,4429086.0,40065.0,,3171673.0,MayeMi00,michael-mayer-1,16666.0,,1427.0,40065.0,0.0,,1232592.0,Michael Mayer,michael mayer,7,9,68.0,0,0.0,0.0,67.0,22.0,2.0,3.4681258,0,1.0149254,0.25714287,0.25,0.5607143,Michael Mayer,LV,6.837777777777777,4.6910630992272715,7.068888888888888,24.749085816540877,77.77777777777779,68.0,0.0,3.1271428571428594,2.4963106422997208,0.6308322148431387,00-0039066,Michael,Mayer,M.Mayer,REG,LV,TB,Michael Mayer,MayeMi00,1.0,1.0,0.111,98.1
2024,REG,14,00-0037475,S.Smartt,TE,TE,LAC,16113,6ee105f0-ca2e-11ec-be96-e90abdfa0fef,24621.0,,8583.0,,4250764.0,34637.0,,2864800.0,SmarSt00,,16321.0,,,34637.0,0.0,,1056865.0,Stone Smartt,stone smartt,3,3,54.0,0,0.0,0.0,44.0,10.0,3.0,4.4697123,0,1.2272727,0.10344828,0.14715719,0.25818244,,,,,,,,,,,,,,,,,REG,LAC,KC,Stone Smartt,SmarSt00,0.0,0.0,0.0,118.7
2024,REG,14,00-0039065,S.LaPorta,TE,TE,DET,16214,3059f1e5-1871-4458-9e90-9b9917874c61,22978.0,,10859.0,,4430027.0,40064.0,,3124197.0,LaPoSa01,sam-laporta-1,17033.0,,1429.0,40064.0,0.0,,1168926.0,Sam LaPorta,sam laporta,5,7,54.0,0,0.0,0.0,57.0,19.0,4.0,2.7829375,0,0.94736844,0.175,0.2544643,0.440625,Sam LaPorta,DET,5.325,2.9934191632875873,9.447142857142856,28.447905015916707,71.42857142857143,54.0,0.0,3.786,3.2849582384655833,0.5010417615344167,00-0039065,Sam,LaPorta,S.LaPorta,REG,DET,GB,Sam LaPorta,LaPoSa01,0.0,1.0,0.143,93.7
2024,REG,14,00-0036040,J.Johnson,TE,TE,NO,14861,0226b03b-f91d-4223-9813-9fcd2e9c3acc,19562.0,28305.0,7002.0,,3929645.0,33113.0,,2186637.0,JohnJu02,,14630.0,,575.0,33113.0,0.0,21738.0,884609.0,Juwan Johnson,juwan johnson,4,5,50.0,1,1.0,0.0,52.0,16.0,3.0,2.9356475,0,0.96153843,0.16129032,0.1595092,0.35359192,Juwan Johnson,NO,7.504,4.211614345990293,8.563999999999998,13.638245692263592,80.0,50.0,1.0,4.527500000000002,8.353228854498525,-3.8257288544985233,00-0036040,Juwan,Johnson,J.Johnson,REG,NO,NYG,Juwan Johnson,JohnJu02,1.0,0.0,0.0,147.9
2024,REG,14,00-0039338,B.Bowers,TE,TE,LV,16641,ad9fc7e3-0a6d-4e41-84c2-cf43b71aee13,22955.0,,11604.0,,4432665.0,40878.0,,26693971.0,BoweBr01,brock-bowers-1,17693.0,,1612.0,40878.0,0.0,,1285917.0,Brock Bowers,brock bowers,3,5,49.0,0,0.0,0.0,33.0,21.0,3.0,-1.8354849,0,1.4848485,0.14285715,0.12313433,0.30047974,Brock Bowers,LV,6.9375,3.0760817537577307,6.796000000000002,13.218703804559247,60.0,49.0,0.0,7.603333333333332,6.015532737468978,1.587800595864354,00-0039338,Brock,Bowers,B.Bowers,REG,LV,TB,Brock Bowers,BoweBr01,0.0,0.0,0.0,53.3
2024,REG,14,00-0036894,P.Freiermuth,TE,TE,PIT,15331,04f0fefe-9d9d-44f5-94ea-6df2a42df3c6,20163.0,84085.0,7600.0,,4361411.0,33443.0,,2961270.0,FreiPa00,pat-freiermuth-1,15267.0,,1053.0,33443.0,0.0,,1116662.0,Pat Freiermuth,pat freiermuth,3,3,48.0,1,0.0,0.0,32.0,16.0,2.0,5.708775,0,1.5,0.125,0.16666667,0.30416667,,,,,,,,,,,,,,,,,REG,PIT,CLE,Pat Freiermuth,FreiPa00,0.0,0.0,0.0,158.3
2024,REG,14,00-0030506,T.Kelce,TE,TE,KC,11244,c3859e06-5f23-4302-a71b-04820a899d5f,11594.0,7844.0,1466.0,traviskelce/2540258,15847.0,26686.0,,1725130.0,KelcTr00,travis-kelce-1,8783.0,8411.0,264.0,26686.0,448240.0,15048.0,448240.0,Travis Kelce,travis kelce,5,6,45.0,0,0.0,0.0,48.0,14.0,3.0,2.6956367,0,0.9375,0.16666667,0.18461539,0.37923077,Travis Kelce,KC,7.462000000000001,3.832106647186492,7.680000000000002,19.850945590832726,83.33333333333334,45.0,0.0,2.7159999999999984,2.9242566535574497,-0.20825665355745127,00-0030506,Travis,Kelce,T.Kelce,REG,KC,LAC,Travis Kelce,KelcTr00,0.0,0.0,0.0,97.9
2024,REG,14,00-0035229,T.Hockenson,TE,TE,MIN,14138,bd1120b6-38b3-4225-a4b0-20660a149d0d,18290.0,40912.0,5844.0,,4036133.0,31840.0,,2251097.0,HockTJ00,tj-hockenson-1,13610.0,14051.0,247.0,31840.0,923915.0,20805.0,923915.0,T.J. Hockenson,tj hockenson,4,5,45.0,0,0.0,0.0,40.0,21.0,3.0,4.1782017,0,1.125,0.17857143,0.13745704,0.36407706,T.J. Hockenson,MIN,7.6899999999999995,3.5549217019906836,9.389999999999999,14.800453943635333,80.0,45.0,0.0,5.755000000000001,5.719698037931607,0.03530196206839342,00-0035229,Thomas,Hockenson,T.Hockenson,REG,MIN,ATL,T.J. Hockenson,HockTJ00,1.0,0.0,0.0,104.2
2024,REG,14,00-0038115,D.Bellinger,TE,TE,NYG,15873,42a1c03e-790e-46ba-b0d5-d304e44c02c7,24238.0,,8225.0,,4361516.0,34068.0,,2963615.0,BellDa00,daniel-bellinger-1,16036.0,,1322.0,34068.0,0.0,,1122035.0,Daniel Bellinger,daniel bellinger,5,7,45.0,0,0.0,0.0,22.0,20.0,3.0,2.0296159,0,2.0454545,0.1521739,0.059620596,0.26999527,Daniel Bellinger,NYG,10.108,3.1927675478674034,5.5514285714285725,9.391237100944926,71.42857142857143,45.0,0.0,3.987999999999998,2.435521034134001,1.5524789658659972,00-0038115,Daniel,Bellinger,D.Bellinger,REG,NYG,NO,Daniel Bellinger,BellDa00,0.0,0.0,0.0,88.4
2024,REG,14,00-0033858,J.Smith,TE,TE,MIA,13193,e4f25a37-74de-4bfb-b6c9-f50a4fab0b87,16460.0,11855.0,4144.0,,3054212.0,30213.0,,2081506.0,SmitJo01,jonnu-smith-1,11807.0,12344.0,84.0,30213.0,743749.0,18990.0,743749.0,Jonnu Smith,jonnu smith,3,4,44.0,1,0.0,0.0,2.0,42.0,3.0,4.4259195,0,22.0,0.08888889,0.007380074,0.13849938,,,,,,,,,,,,,,,,,REG,MIA,NYJ,Jonnu Smith,SmitJo01,0.0,1.0,0.25,150.0
2024,REG,14,00-0033885,D.Njoku,TE,TE,CLE,13192,8f86fcea-90e8-49ea-bc78-5c7659313e57,16399.0,11784.0,4033.0,,3123076.0,30142.0,,2136474.0,NjokDa00,david-njoku-1,11734.0,12186.0,252.0,30142.0,832098.0,18876.0,832098.0,David Njoku,david njoku,7,13,42.0,1,0.0,0.0,112.0,10.0,2.0,-1.118163,0,0.375,0.35135135,0.34355828,0.7675178,David Njoku,CLE,8.23,2.1659905577450753,8.455384615384615,35.0231002071053,53.84615384615385,42.0,1.0,1.4171428571428575,1.9123745258312397,-0.4952316686883822,00-0033885,David,Njoku,D.Njoku,REG,CLE,PIT,David Njoku,NjokDa00,0.0,0.0,0.0,86.1
2024,REG,14,00-0038996,T.Kraft,TE,TE,GB,16222,3a084c5f-6b9f-4703-a0c7-1566bc4b1129,25298.0,,9484.0,,4572680.0,40102.0,,3133332.0,KrafTu00,,16649.0,,1418.0,40102.0,0.0,,1181874.0,Tucker Kraft,tucker kraft,3,5,41.0,1,0.0,0.0,35.0,13.0,2.0,3.6212094,0,1.1714286,0.2631579,0.19337016,0.53009593,Tucker Kraft,GB,7.58,3.509766820197806,6.1419999999999995,17.18426501035196,60.0,41.0,1.0,4.560000000000001,4.257630137244026,0.30236986275597566,00-0038996,Tucker,Kraft,T.Kraft,REG,GB,DET,Tucker Kraft,KrafTu00,0.0,0.0,0.0,125.8
2024,REG,14,00-0034981,F.Moreau,TE,TE,NO,14239,9c3a67fd-5c6e-4689-9e08-9ff6d4db6c9a,18397.0,47043.0,5985.0,,3843945.0,31969.0,,2180634.0,MoreFo00,foster-moreau-1,13822.0,14154.0,179.0,31969.0,865573.0,20884.0,865573.0,Foster Moreau,foster moreau,2,2,40.0,0,0.0,0.0,20.0,20.0,1.0,3.2809725,0,2.0,0.06451613,0.061349694,0.13971898,,,,,,,,,,,,,,,,,REG,NO,NYG,Foster Moreau,MoreFo00,0.0,0.0,0.0,118.7
2024,REG,14,00-0033881,E.Engram,TE,TE,JAX,13189,e21365af-8d66-416e-b0a5-8816d18fcfd9,16411.0,11778.0,4066.0,,3051876.0,30136.0,,2079887.0,EngrEv00,evan-engram-1,11805.0,12205.0,229.0,30136.0,749185.0,18912.0,749185.0,Evan Engram,evan engram,4,6,33.0,0,0.0,0.0,14.0,16.0,1.0,0.03200802,0,2.357143,0.2,0.09150327,0.3640523,Evan Engram,JAX,4.526,4.724461432258939,2.9133333333333336,11.393560161647763,66.66666666666666,33.0,0.0,4.8875,4.185437991263825,0.7020620087361751,00-0033881,Evan,Engram,E.Engram,REG,JAX,TEN,Evan Engram,EngrEv00,0.0,1.0,0.167,80.6
2024,REG,14,00-0034270,T.Conklin,TE,TE,NYJ,13675,f0d17dfa-ebf3-416c-a8d2-c6bc30675103,17598.0,47327.0,5133.0,,3915486.0,31220.0,,2165249.0,ConkTy00,tyler-conklin-1,12809.0,13220.0,489.0,31127.0,861278.0,19988.0,861278.0,Tyler Conklin,tyler conklin,3,5,33.0,0,0.0,0.0,30.0,20.0,2.0,-1.5830079,0,1.1,0.12820514,0.11406844,0.2721556,Tyler Conklin,NYJ,7.69,3.348058648418545,5.859999999999999,11.707823863182288,60.0,33.0,0.0,7.083333333333333,6.292838134720417,0.7904951986129163,00-0034270,Tyler,Conklin,T.Conklin,REG,NYJ,MIA,Tyler Conklin,ConkTy00,0.0,0.0,0.0,79.6
2024,REG,14,00-0038041,J.Ferguson,TE,TE,DAL,15799,f46eab3d-d7dd-4420-b3f9-6da9ac1308ab,22718.0,,8110.0,,4242355.0,34085.0,,2867159.0,FergJa00,jake-ferguson-1,15947.0,,1258.0,34085.0,0.0,,1065361.0,Jake Ferguson,jake ferguson,3,6,32.0,0,0.0,0.0,40.0,14.0,1.0,-1.1574713,0,0.8,0.19354838,0.17167382,0.41049427,Jake Ferguson,DAL,8.405,2.479404258315042,4.926666666666667,13.124361763530617,50.0,32.0,0.0,5.263333333333333,3.1554421776974473,2.1078911556358855,00-0038041,Jake,Ferguson,J.Ferguson,REG,DAL,CIN,Jake Ferguson,FergJa00,0.0,0.0,0.0,66.0
2024,REG,14,00-0038589,J.Whyle,TE,TE,TEN,16312,601467c7-b593-472d-a147-b8e7bfdbe990,22923.0,,10212.0,,4360086.0,40182.0,,2962513.0,WhylJo01,josh-whyle-1,16866.0,,1471.0,40182.0,0.0,,1107037.0,Josh Whyle,josh whyle,2,2,31.0,0,0.0,0.0,1.0,30.0,1.0,1.4671849,0,31.0,0.0625,0.0058479533,0.097843565,,,,,,,,,,,,,,,,,REG,TEN,JAX,Josh Whyle,WhylJo01,0.0,0.0,0.0,118.7
2024,REG,14,00-0035249,J.Oliver,TE,TE,MIN,14209,dc83f7af-7b30-4c4a-9c93-f67bd8db954b,18487.0,47083.0,5973.0,,3921690.0,31901.0,,2184618.0,OlivJo00,josh-oliver-1,13786.0,14127.0,7.0,31901.0,881779.0,20899.0,881779.0,Josh Oliver,josh oliver,1,2,26.0,0,0.0,0.0,9.0,22.0,1.0,1.2205625,0,2.8888888,0.071428575,0.030927835,0.12879235,,,,,,,,,,,,,,,,,REG,MIN,ATL,Josh Oliver,OlivJo00,0.0,0.0,0.0,95.8
2024,REG,14,00-0036637,N.Gray,TE,TE,KC,15337,c97dfcb6-b999-476f-8487-f3848e92df17,19539.0,60878.0,7828.0,,4240472.0,33550.0,,2866903.0,GrayNo00,noah-gray-1,15459.0,,1059.0,33550.0,0.0,,1056981.0,Noah Gray,noah gray,4,5,26.0,0,0.0,0.0,12.0,19.0,1.0,0.8536136,0,2.1666667,0.1388889,0.046153847,0.24064103,Noah Gray,KC,7.466666666666666,4.038401585713012,2.1780000000000017,4.691336750958517,80.0,26.0,0.0,4.514999999999999,3.996992489323304,0.5180075106766946,00-0036637,Noah,Gray,N.Gray,REG,KC,LAC,Noah Gray,GrayNo00,0.0,0.0,0.0,88.3
2024,REG,14,00-0034829,M.Gesicki,TE,TE,CIN,13672,1012cbe0-7eba-4169-bfca-183a0204e1a7,17272.0,47153.0,4993.0,,3116164.0,31012.0,,2139298.0,GesiMi00,mike-gesicki-1,12764.0,13104.0,330.0,31012.0,836152.0,19853.0,836152.0,Mike Gesicki,mike gesicki,3,3,24.0,0,0.0,0.0,9.0,15.0,1.0,1.0846647,0,2.6666667,0.069767445,0.032967035,0.12772809,,,,,,,,,,,,,,,,,REG,CIN,DAL,Mike Gesicki,GesiMi00,0.0,0.0,0.0,100.0
2024,REG,14,00-0038547,L.Schoonmaker,TE,TE,DAL,16221,143957a7-4649-4a19-b351-e606edc75ebd,25267.0,,10871.0,,4372096.0,40061.0,,2968473.0,SchoLu00,luke-schoonmaker-1,16855.0,,1382.0,40061.0,0.0,,1130242.0,Luke Schoonmaker,luke schoonmaker,2,2,22.0,0,0.0,0.0,11.0,11.0,1.0,1.7501535,0,2.0,0.06451613,0.047210302,0.1298214,,,,,,,,,,,,,,,,,REG,DAL,CIN,Luke Schoonmaker,SchoLu00,0.0,0.0,0.0,112.5
2024,REG,14,00-0038935,B.Strange,TE,TE,JAX,16269,94f135f7-9d54-4cbd-b560-fcaf83d414b0,25345.0,,9480.0,,4430539.0,40078.0,,3121696.0,StraBr00,brenton-strange-1,17017.0,,1461.0,40078.0,0.0,,1164940.0,Brenton Strange,brenton strange,1,1,21.0,0,0.0,0.0,13.0,8.0,1.0,1.4827491,0,1.6153846,0.033333335,0.08496732,0.109477125,,,,,,,,,,,,,,,,,REG,JAX,TEN,Brenton Strange,StraBr00,0.0,0.0,0.0,118.7
2024,REG,14,00-0034159,W.Dissly,TE,TE,LAC,13763,383f4814-6836-4766-a297-fc063e8509cc,18049.0,30762.0,5010.0,,3127292.0,31090.0,,2139628.0,DissWi00,will-dissly-1,12986.0,13246.0,86.0,31090.0,837806.0,19950.0,837806.0,Will Dissly,will dissly,2,2,19.0,0,0.0,0.0,3.0,16.0,1.0,-0.8480273,0,6.3333335,0.06896552,0.0100334445,0.11047169,,,,,,,,,,,,,,,,,REG,LAC,KC,Will Dissly,DissWi00,0.0,0.0,0.0,106.2
2024,REG,14,00-0034613,T.Hudson,TE,TE,CIN,14370,2fa75e05-cac4-4b40-8924-dbc9ae0c959c,17826.0,66924.0,5409.0,,3050481.0,31257.0,,2926606.0,,,13286.0,,,31257.0,1115394.0,20506.0,1115394.0,Tanner Hudson,tanner hudson,1,1,19.0,0,0.0,0.0,5.0,14.0,1.0,1.5716041,0,3.8,0.023255814,0.01831502,0.047704235,,,,,,,,,,,,,,,,,,,,,,,,,
2024,REG,14,00-0035644,N.Fant,TE,TE,SEA,14137,cdc98acc-9eb6-4b44-81bb-61d7b8a3b55f,17527.0,42388.0,5857.0,,4036131.0,31852.0,,2251095.0,FantNo00,noah-fant-1,13426.0,14050.0,243.0,31852.0,923911.0,20753.0,923911.0,Noah Fant,noah fant,3,4,18.0,0,0.0,0.0,37.0,10.0,2.0,0.43912715,0,0.4864865,0.13793103,0.23125,0.36877155,,,,,,,,,,,,,,,,,REG,SEA,ARI,Noah Fant,FantNo00,0.0,0.0,0.0,83.3
2024,REG,14,00-0037086,G.Calcaterra,TE,TE,PHI,15804,f6988cfa-2dcf-490b-ac80-9af8e4292efa,24180.0,,8177.0,,4241374.0,34154.0,,2804129.0,CalcGr00,grant-calcaterra-1,16039.0,,,34154.0,0.0,,976221.0,Grant Calcaterra,grant calcaterra,3,3,16.0,1,0.0,0.0,10.0,6.0,1.0,1.6193519,0,1.6,0.15789473,0.08928572,0.2993421,,,,,,,,,,,,,,,,,REG,PHI,CAR,Grant Calcaterra,CalcGr00,0.0,0.0,0.0,128.5
2024,REG,14,00-0034364,J.Akins,TE,TE,CLE,13753,0cb5a32a-a340-4671-ba2a-93f5fa6aee8d,17415.0,47050.0,5032.0,,3128452.0,31068.0,,2142712.0,AkinJo00,jordan-akins-1,12568.0,13238.0,,31068.0,838396.0,19903.0,838396.0,Jordan Akins,jordan akins,1,1,14.0,0,0.0,0.0,14.0,0.0,1.0,2.0936646,0,1.0,0.027027028,0.042944785,0.07060189,,,,,,,,,,,,,,,,,REG,CLE,PIT,Jordan Akins,AkinJo00,0.0,0.0,0.0,118.7
2024,REG,14,00-0036970,K.Pitts,TE,TE,ATL,15329,1f3deb24-9ff8-4769-8f42-825eff7742f6,20164.0,83964.0,7553.0,,4360248.0,33392.0,,2964514.0,PittKy00,kyle-pitts-1,15265.0,,1051.0,33392.0,0.0,,1123026.0,Kyle Pitts,kyle pitts,1,6,14.0,0,0.0,0.0,83.0,10.0,1.0,-8.317504,0,0.16867469,0.16216215,0.28522336,0.4428996,Kyle Pitts,ATL,6.691666666666667,2.905955935583989,13.766666666666667,26.08805508180153,16.666666666666664,14.0,0.0,11.229999999999997,8.235861091518018,2.994138908481979,00-0036970,Kyle,Pitts,K.Pitts,REG,ATL,MIN,Kyle Pitts,PittKy00,0.0,2.0,0.333,0.0
2024,REG,14,00-0038720,J.Hill,TE,TE,MIA,16425,516da3c0-f016-11ed-a518-572ef5cb73b6,25824.0,,11371.0,,4365395.0,40629.0,,2961743.0,HillJu02,,17335.0,,,40629.0,0.0,,1123630.0,Julian Hill,julian hill,1,1,14.0,0,0.0,0.0,6.0,8.0,1.0,0.8554487,0,2.3333333,0.022222223,0.022140222,0.04883149,,,,,,,,,,,,,,,,,REG,MIA,NYJ,Julian Hill,HillJu02,1.0,0.0,0.0,118.7
2024,REG,14,00-0039737,T.Reiman,TE,TE,ARI,16706,44767e85-080f-4212-b2f2-cba160c81a9f,26432.0,,11716.0,,4696700.0,40959.0,,3169268.0,ReimTi00,tip-reiman-1,17966.0,,1628.0,40959.0,0.0,,1229489.0,Tip Reiman,tip reiman,1,1,14.0,0,0.0,0.0,-1.0,15.0,1.0,0.6661242,0,0.0,0.02631579,-0.006369427,0.035015084,,,,,,,,,,,,,,,,,REG,ARI,SEA,Tip Reiman,ReimTi00,0.0,0.0,0.0,118.7
2024,REG,14,00-0035631,D.Sample,TE,TE,CIN,14146,15a4f552-ecaf-45bd-9006-aa5dda93bee6,18561.0,47259.0,6001.0,,3127310.0,31884.0,,2139646.0,SampDr00,drew-sample-1,13809.0,14111.0,435.0,31884.0,837824.0,20931.0,837824.0,Drew Sample,drew sample,2,2,13.0,0,0.0,0.0,8.0,5.0,1.0,0.65729755,0,1.625,0.046511628,0.02930403,0.090280265,,,,,,,,,,,,,,,,,REG,CIN,DAL,Drew Sample,SampDr00,0.0,0.0,0.0,93.7
2024,REG,14,00-0039793,A.Barner,TE,TE,SEA,16723,e96127b4-d381-43d4-b0ae-8790c706756f,26335.0,,11603.0,,4576297.0,41001.0,,3169283.0,BarnAJ00,aj-barner-1,17811.0,,1629.0,41001.0,0.0,,1229503.0,AJ Barner,aj barner,1,1,13.0,0,0.0,0.0,-1.0,14.0,1.0,0.8729655,0,0.0,0.03448276,-0.00625,0.047349136,,,,,,,,,,,,,,,,,REG,SEA,ARI,AJ Barner,BarnAJ00,0.0,0.0,0.0,118.7
2024,REG,14,00-0036244,C.Parkinson,TE,TE,LA,14871,1ea7affb-e5e7-491a-aaa3-55e200b2eb48,19372.0,52266.0,6865.0,,4242557.0,32803.0,,2867522.0,ParkCo02,colby-parkinson-1,14463.0,,565.0,32803.0,0.0,21807.0,1060312.0,Colby Parkinson,colby parkinson,1,1,11.0,0,0.0,0.0,6.0,5.0,0.0,0.20366913,0,1.8333334,0.033333335,0.021582734,0.06510791,,,,,,,,,,,,,,,,,REG,LA,BUF,Colby Parkinson,ParkCo02,0.0,0.0,0.0,112.5
2024,REG,14,00-0036429,C.Woerner,TE,TE,ATL,14984,527dfee0-a242-4dc7-830a-ab7028308259,19665.0,42257.0,7075.0,,4035020.0,32860.0,,2248629.0,WoerCh00,charlie-woerner-1,14608.0,,,32860.0,0.0,22119.0,922040.0,Charlie Woerner,charlie woerner,1,1,11.0,0,0.0,0.0,11.0,0.0,1.0,1.2725149,0,1.0,0.027027028,0.03780069,0.06700102,,,,,,,,,,,,,,,,,REG,ATL,MIN,Charlie Woerner,WoerCh00,0.0,0.0,0.0,112.5
2024,REG,14,00-0039613,D.Holker,TE,TE,NO,16807,254a1f40-0572-11ef-8aed-f73fbdbd4575,24732.0,,11606.0,,4373634.0,41180.0,,2975555.0,,,17824.0,,,41180.0,0.0,,1131206.0,Dallin Holker,dallin holker,1,1,10.0,0,0.0,0.0,-1.0,11.0,1.0,0.6718133,0,0.0,0.032258064,-0.0030674846,0.046239857,,,,,,,,,,,,,,,,,,,,,,,,,
2024,REG,14,00-0037809,C.Okonkwo,TE,TE,TEN,15889,14e11f9b-58c8-437f-abc0-a4e4df9a7c47,23982.0,,8210.0,,4360635.0,34099.0,,2965208.0,OkonCh00,chigoziem-okonkwo-1,16042.0,,1320.0,34099.0,0.0,,1106374.0,Chigoziem Okonkwo,chigoziem okonkwo,3,4,8.0,0,0.0,0.0,22.0,7.0,2.0,0.51916105,0,0.36363637,0.125,0.12865497,0.27755848,,,,,,,,,,,,,,,,,REG,TEN,JAX,Chigoziem Okonkwo,OkonCh00,0.0,0.0,0.0,77.1
2024,REG,14,00-0033439,P.Brown,TE,TE,SEA,13994,6733b953-de77-44e5-acbf-c2d3a0940243,16937.0,12247.0,4443.0,,2971281.0,30627.0,,2819155.0,BrowPh01,,11887.0,12737.0,,30627.0,689689.0,19304.0,689689.0,Pharaoh Brown,pharaoh brown,1,2,6.0,0,0.0,0.0,4.0,4.0,0.0,-1.8647146,0,1.5,0.06896552,0.025,0.12094828,,,,,,,,,,,,,,,,,REG,SEA,ARI,Pharaoh Brown,BrowPh01,0.0,0.0,0.0,56.2
2024,REG,14,00-0035689,D.Knox,TE,TE,BUF,14143,5fb525c5-4e70-4ede-8c49-94ad0cf66b7d,18631.0,35883.0,5906.0,,3930086.0,31928.0,,2186345.0,KnoxDa00,dawson-knox-1,13466.0,13953.0,88.0,31928.0,884083.0,20850.0,884083.0,Dawson Knox,dawson knox,1,1,5.0,0,0.0,0.0,-2.0,7.0,0.0,0.085358985,0,0.0,0.027027028,-0.004255319,0.03756182,,,,,,,,,,,,,,,,,REG,BUF,LA,Dawson Knox,KnoxDa00,0.0,0.0,0.0,87.5
2024,REG,14,00-0032394,N.Vannett,TE,TE,TEN,12680,c731aa8a-778b-4ccd-a19f-517eb66f47b7,15645.0,10728.0,3258.0,,2576399.0,29328.0,,1871322.0,VannNi00,nick-vannett-1,10949.0,11329.0,,29328.0,606488.0,18019.0,606488.0,Nick Vannett,nick vannett,1,2,4.0,0,0.0,0.0,-1.0,7.0,0.0,-2.8776705,0,0.0,0.0625,-0.0058479533,0.089656435,,,,,,,,,,,,,,,,,REG,TEN,JAX,Nick Vannett,VannNi00,0.0,0.0,0.0,56.2
2024,REG,14,00-0033576,E.Saubert,TE,TE,SF,13315,582dc00e-e7ec-4ca7-bff0-f7b1d604017b,16706.0,11929.0,4189.0,,2975863.0,30287.0,,2001018.0,SaubEr00,,11897.0,12300.0,,30287.0,694931.0,19035.0,694931.0,Eric Saubert,eric saubert,1,1,4.0,0,0.0,0.0,3.0,1.0,0.0,1.7066627,0,1.3333334,0.03846154,0.011363637,0.06564685,,,,,,,,,,,,,,,,,REG,SF,CHI,Eric Saubert,SaubEr00,0.0,0.0,0.0,83.3
2024,REG,14,00-0037005,T.Tremble,TE,TE,CAR,15332,cbee2fd3-e5f2-4316-bffd-531f1873f032,22795.0,84025.0,7694.0,,4372780.0,33471.0,,2969027.0,TremTo00,tommy-tremble-1,15371.0,,1054.0,33471.0,0.0,,1130555.0,Tommy Tremble,tommy tremble,1,2,3.0,1,0.0,0.0,9.0,1.0,1.0,3.4899411,0,0.33333334,0.060606062,0.024657534,0.10816936,,,,,,,,,,,,,,,,,REG,CAR,PHI,Tommy Tremble,TremTo00,0.0,0.0,0.0,95.8
2024,REG,14,00-0038809,B.Sims,TE,TE,GB,16483,cef32a80-e761-11ed-ac46-e3b4ebd723e5,25349.0,,11082.0,,4373030.0,40335.0,,2964709.0,SimsBe00,,17012.0,,,40335.0,0.0,,1129452.0,Ben Sims,ben sims,1,1,2.0,0,0.0,0.0,1.0,1.0,0.0,-0.13854444,0,2.0,0.05263158,0.005524862,0.082814775,,,,,,,,,,,,,,,,,REG,GB,DET,Ben Sims,SimsBe00,0.0,0.0,0.0,79.2
2024,REG,14,00-0034798,D.Smythe,TE,TE,MIA,13676,7e42a22a-c47b-4387-aeeb-2cc2e76dc1d8,17508.0,47257.0,5008.0,,3052897.0,31093.0,,2082845.0,SmytDu00,durham-smythe-1,12807.0,13249.0,,31093.0,749968.0,19943.0,749968.0,Durham Smythe,durham smythe,0,1,0.0,0,0.0,0.0,4.0,0.0,0.0,-0.8570719,0,0.0,0.022222223,0.014760148,0.043665435,,,,,,,,,,,,,,,,,REG,MIA,NYJ,Durham Smythe,SmytDu00,0.0,0.0,0.0,39.6
2024,REG,14,00-0036754,B.Wright,TE,TE,DET,15626,8f182089-7730-499e-8f2e-87bda32debfb,23341.0,60994.0,7891.0,,4242392.0,33774.0,,2807423.0,WrigBr01,,15681.0,,1162.0,33774.0,0.0,,978120.0,Brock Wright,brock wright,0,1,0.0,0,0.0,0.0,25.0,0.0,0.0,-0.45488763,0,0.0,0.025,0.11160714,0.115625,,,,,,,,,,,,,,,,,REG,DET,GB,Brock Wright,WrigBr01,0.0,0.0,0.0,39.6
2024,REG,14,00-0037004,H.Long,TE,TE,LA,15334,ebc576d0-a98b-4f82-aaf9-901a3911487d,22783.0,60859.0,7535.0,,4239944.0,33469.0,,2867428.0,LongHu00,hunter-long-3,15246.0,,1056.0,33469.0,0.0,,1060550.0,Hunter Long,hunter long,0,1,0.0,0,0.0,0.0,3.0,0.0,0.0,-0.5696712,0,0.0,0.033333335,0.010791367,0.05755396,,,,,,,,,,,,,,,,,REG,LA,BUF,Hunter Long,LongHu00,0.0,1.0,1.0,39.6
2024,REG,14,00-0037805,J.Ruckert,TE,TE,NYJ,15796,28f3732b-0910-4d09-9fd4-e43b821dc5bb,23742.0,,8145.0,,4361372.0,34057.0,,2965446.0,RuckJe00,jeremy-ruckert-1,15996.0,,1255.0,34057.0,0.0,,1122596.0,Jeremy Ruckert,jeremy ruckert,0,1,0.0,0,0.0,0.0,15.0,0.0,0.0,-0.47212064,0,0.0,0.025641026,0.05703422,0.078385495,,,,,,,,,,,,,,,,,REG,NYJ,MIA,Jeremy Ruckert,RuckJe00,0.0,1.0,1.0,39.6
2024,REG,14,00-0038558,D.Washington,TE,TE,PIT,16216,1984b8b5-d206-4d6a-8204-c5dd0160e9f5,22967.0,,9479.0,,4430802.0,40094.0,,3163963.0,WashDa03,darnell-washington-1,16889.0,,1431.0,40094.0,0.0,,1218658.0,Darnell Washington,darnell washington,0,1,0.0,0,0.0,0.0,5.0,0.0,0.0,-0.54908496,0,0.0,0.041666668,0.026041666,0.080729164,,,,,,,,,,,,,,,,,REG,PIT,CLE,Darnell Washington,WashDa03,0.0,0.0,0.0,39.6
2024,REG,14,00-0039356,J.Sanders,TE,TE,CAR,16643,ffd2ff3f-4b56-4232-be8e-bf163c29f406,24334.0,,11600.0,,4431588.0,40995.0,,26731381.0,SandJa01,jatavion-sanders-1,17748.0,,1614.0,40995.0,0.0,,1326628.0,Ja'Tavion Sanders,jatavion sanders,0,1,0.0,0,0.0,0.0,39.0,0.0,0.0,-0.8889486,0,0.0,0.030303031,0.10684931,0.12024906,,,,,,,,,,,,,,,,,REG,CAR,PHI,Ja'Tavion Sanders,SandJa01,0.0,0.0,0.0,39.6
2024,REG,14,00-0039648,D.Martin-Robinson,TE,TE,TEN,16831,dad0d560-0c9e-11ef-b2f4-ab1e3a869265,,,12357.0,,4360978.0,,,2962690.0,,,18301.0,,,41662.0,0.0,,1124199.0,David Martin-Robinson,david martin-robinson,0,1,0.0,0,0.0,0.0,0.0,0.0,0.0,-0.5494191,0,,0.03125,0.0,0.046875,,,,,,,,,,,,,,,,,,,,,,,,,
2024,REG,14,00-0031585,M.Pruitt,TE,TE,PIT,12309,f22b34cf-6ecf-4522-9c77-1da275dfda7d,13964.0,9576.0,2446.0,,2508256.0,28531.0,,1760327.0,PruiMy00,,10251.0,10522.0,,28531.0,552586.0,16903.0,552586.0,MyCole Pruitt,mycole pruitt,1,1,-1.0,0,0.0,0.0,-3.0,2.0,0.0,-1.0238948,0,0.0,0.041666668,-0.015625,0.0515625,,,,,,,,,,,,,,,,,REG,PIT,CLE,MyCole Pruitt,PruiMy00,0.0,0.0,0.0,79.2
2024,REG,15,00-0039065,S.LaPorta,TE,TE,DET,16214,3059f1e5-1871-4458-9e90-9b9917874c61,22978.0,,10859.0,,4430027.0,40064.0,,3124197.0,LaPoSa01,sam-laporta-1,17033.0,,1429.0,40064.0,0.0,,1168926.0,Sam LaPorta,sam laporta,7,10,111.0,0,0.0,0.0,115.0,45.0,7.0,4.801047,0,0.9652174,0.18518518,0.28606966,0.47802654,Sam LaPorta,DET,6.1825,3.980242495397442,11.229999999999999,25.971923494992943,70.0,111.0,0.0,6.622857142857143,3.630513895342444,2.992343247514699,00-0039065,Sam,LaPorta,S.LaPorta,REG,DET,BUF,Sam LaPorta,LaPoSa01,1.0,0.0,0.0,106.7
2024,REG,15,00-0037744,T.McBride,TE,TE,ARI,15794,734d54cc-c869-4e2f-a60f-c59c493f5110,22936.0,,8130.0,,4361307.0,34010.0,,2963385.0,McBrTr01,trey-mcbride-1,15902.0,,1253.0,34010.0,0.0,,1108161.0,Trey McBride,trey mcbride,9,10,87.0,0,0.0,0.0,57.0,35.0,3.0,4.0710735,0,1.5263158,0.32258064,0.35403726,0.7316971,Trey McBride,ARI,4.6850000000000005,3.3664030795843325,5.243000000000001,34.39611625008202,90.0,87.0,0.0,4.229999999999999,3.3227599461137154,0.9072400538862833,00-0037744,Trey,McBride,T.McBride,REG,ARI,NE,Trey McBride,McBrTr01,0.0,1.0,0.1,102.9
2024,REG,15,00-0038935,B.Strange,TE,TE,JAX,16269,94f135f7-9d54-4cbd-b560-fcaf83d414b0,25345.0,,9480.0,,4430539.0,40078.0,,3121696.0,StraBr00,brenton-strange-1,17017.0,,1461.0,40078.0,0.0,,1164940.0,Brenton Strange,brenton strange,11,12,73.0,0,0.0,0.0,54.0,21.0,3.0,2.6056905,0,1.3518518,0.27906978,0.1849315,0.5480567,Brenton Strange,JAX,6.802222222222222,2.478449318009954,4.179166666666667,19.08876370280146,91.66666666666666,73.0,0.0,2.2927272727272725,2.487898311867856,-0.19517103914058342,00-0038935,Brenton,Strange,B.Strange,REG,JAX,NYJ,Brenton Strange,StraBr00,0.0,0.0,0.0,92.0
2024,REG,15,00-0033288,G.Kittle,TE,TE,SF,13299,2ada91b0-036e-454f-83c3-6d939ff584a9,16499.0,11901.0,4217.0,,3040151.0,30259.0,,2818265.0,KittGe00,george-kittle-1,11892.0,12276.0,298.0,30259.0,733672.0,19063.0,733672.0,George Kittle,george kittle,4,7,61.0,0,0.0,0.0,119.0,22.0,3.0,1.2262753,0,0.5126051,0.22580644,0.31989247,0.5626344,George Kittle,SF,5.235714285714286,1.8001695769793895,15.984285714285717,32.644784828592265,57.14285714285714,61.0,0.0,5.7225,8.963735922971182,-3.241235922971182,00-0033288,George,Kittle,G.Kittle,REG,SF,LA,George Kittle,KittGe00,0.0,0.0,0.0,86.0
2024,REG,15,00-0037809,C.Okonkwo,TE,TE,TEN,15889,14e11f9b-58c8-437f-abc0-a4e4df9a7c47,23982.0,,8210.0,,4360635.0,34099.0,,2965208.0,OkonCh00,chigoziem-okonkwo-1,16042.0,,1320.0,34099.0,0.0,,1106374.0,Chigoziem Okonkwo,chigoziem okonkwo,8,10,59.0,0,0.0,0.0,58.0,29.0,2.0,-9.558401,0,1.0172414,0.27027026,0.28019324,0.6015407,Chig Okonkwo,TEN,9.555555555555555,4.16885063405959,5.476999999999999,26.711861100273122,80.0,59.0,0.0,3.7787500000000005,2.52882974575256,1.2499202542474404,00-0037809,Chigoziem,Okonkwo,C.Okonkwo,REG,TEN,CIN,Chigoziem Okonkwo,OkonCh00,2.0,0.0,0.0,51.7
2024,REG,15,00-0038933,D.Kincaid,TE,TE,BUF,16213,b961fa15-0676-4948-b95f-56d06319d40e,25247.0,,10236.0,,4385690.0,40048.0,,2982991.0,KincDa00,dalton-kincaid-1,16697.0,,1428.0,40048.0,0.0,,1135513.0,Dalton Kincaid,dalton kincaid,4,7,53.0,0,0.0,0.0,84.0,23.0,2.0,0.8650015,0,0.63095236,0.21875,0.24489796,0.49955356,Dalton Kincaid,BUF,6.384999999999999,4.271675009263826,12.058571428571428,23.92031285422806,57.14285714285714,53.0,0.0,5.792499999999999,5.155349975382194,0.6371500246178048,00-0038933,Dalton,Kincaid,D.Kincaid,REG,BUF,DET,Dalton Kincaid,KincDa00,0.0,0.0,0.0,81.2
2024,REG,15,00-0035229,T.Hockenson,TE,TE,MIN,14138,bd1120b6-38b3-4225-a4b0-20660a149d0d,18290.0,40912.0,5844.0,,4036133.0,31840.0,,2251097.0,HockTJ00,tj-hockenson-1,13610.0,14051.0,247.0,31840.0,923915.0,20805.0,923915.0,T.J. Hockenson,tj hockenson,5,7,52.0,0,0.0,0.0,55.0,21.0,4.0,4.145688,0,0.94545454,0.1891892,0.18394649,0.41254634,T.J. Hockenson,MIN,7.958571428571427,3.40105772843181,7.721428571428573,16.629745861793122,71.42857142857143,52.0,0.0,4.1259999999999994,3.3482119622459323,0.7777880377540671,00-0035229,Thomas,Hockenson,T.Hockenson,REG,MIN,CHI,T.J. Hockenson,HockTJ00,0.0,0.0,0.0,92.6
2024,REG,15,00-0037475,S.Smartt,TE,TE,LAC,16113,6ee105f0-ca2e-11ec-be96-e90abdfa0fef,24621.0,,8583.0,,4250764.0,34637.0,,2864800.0,SmarSt00,,16321.0,,,34637.0,0.0,,1056865.0,Stone Smartt,stone smartt,5,6,50.0,0,1.0,1.0,56.0,11.0,2.0,-4.2619314,0,0.89285713,0.1875,0.20817845,0.4269749,Stone Smartt,LAC,5.541666666666667,4.359800434338668,8.816666666666665,20.15391648887534,83.33333333333334,50.0,0.0,2.5140000000000002,3.6911167136610628,-1.1771167136610625,00-0037475,Stone,Smartt,S.Smartt,REG,LAC,TB,Stone Smartt,SmarSt00,0.0,1.0,0.167,101.4
2024,REG,15,00-0033858,J.Smith,TE,TE,MIA,13193,e4f25a37-74de-4bfb-b6c9-f50a4fab0b87,16460.0,11855.0,4144.0,,3054212.0,30213.0,,2081506.0,SmitJo01,jonnu-smith-1,11807.0,12344.0,84.0,30213.0,743749.0,18990.0,743749.0,Jonnu Smith,jonnu smith,9,11,48.0,1,0.0,0.0,39.0,25.0,3.0,8.826454,0,1.2307693,0.2820513,0.21910113,0.5764477,Jonnu Smith,MIA,7.0042857142857144,3.8103037306459084,3.727272727272727,24.05256365129649,81.81818181818183,48.0,1.0,3.1899999999999995,2.8846022909571807,0.3053977090428188,00-0033858,Jonnu,Smith,J.Smith,REG,MIA,HOU,Jonnu Smith,SmitJo01,2.0,0.0,0.0,115.2
2024,REG,15,00-0036876,K.Granson,TE,TE,IND,15419,bcc0167c-05fd-4b23-981e-60b8784ceb33,22841.0,40630.0,7602.0,,4039160.0,33515.0,,2247146.0,GranKy00,kylen-granson-1,15245.0,,1119.0,33515.0,0.0,,921050.0,Kylen Granson,kylen granson,3,4,47.0,0,0.0,0.0,23.0,33.0,3.0,1.5586202,0,2.0434783,0.11111111,0.073015876,0.21777777,,,,,,,,,,,,,,,,,REG,IND,DEN,Kylen Granson,GranKy00,0.0,0.0,0.0,113.5
2024,REG,15,00-0035689,D.Knox,TE,TE,BUF,14143,5fb525c5-4e70-4ede-8c49-94ad0cf66b7d,18631.0,35883.0,5906.0,,3930086.0,31928.0,,2186345.0,KnoxDa00,dawson-knox-1,13466.0,13953.0,88.0,31928.0,884083.0,20850.0,884083.0,Dawson Knox,dawson knox,2,3,42.0,0,0.0,0.0,26.0,12.0,1.0,2.5963967,0,1.6153846,0.09375,0.07580175,0.19368622,,,,,,,,,,,,,,,,,REG,BUF,DET,Dawson Knox,KnoxDa00,0.0,0.0,0.0,109.7
2024,REG,15,00-0034981,F.Moreau,TE,TE,NO,14239,9c3a67fd-5c6e-4689-9e08-9ff6d4db6c9a,18397.0,47043.0,5985.0,,3843945.0,31969.0,,2180634.0,MoreFo00,foster-moreau-1,13822.0,14154.0,179.0,31969.0,865573.0,20884.0,865573.0,Foster Moreau,foster moreau,4,4,39.0,1,0.0,0.0,10.0,29.0,4.0,7.4939475,0,3.9,0.13793103,0.035842296,0.23198615,,,,,,,,,,,,,,,,,REG,NO,WAS,Foster Moreau,MoreFo00,1.0,0.0,0.0,146.9
2024,REG,15,00-0032392,A.Hooper,TE,TE,NE,12677,90c2a93f-d837-4e1b-b57c-56648903a8db,15581.0,10715.0,3202.0,,3043275.0,29315.0,,2067004.0,HoopAu00,austin-hooper-1,10748.0,11301.0,384.0,29315.0,739424.0,17963.0,739424.0,Austin Hooper,austin hooper,3,3,38.0,0,0.0,0.0,22.0,16.0,1.0,2.8978968,0,1.7272727,0.13043478,0.12716763,0.28466952,,,,,,,,,,,,,,,,,REG,NE,ARI,Austin Hooper,HoopAu00,0.0,0.0,0.0,118.7
2024,REG,15,00-0034829,M.Gesicki,TE,TE,CIN,13672,1012cbe0-7eba-4169-bfca-183a0204e1a7,17272.0,47153.0,4993.0,,3116164.0,31012.0,,2139298.0,GesiMi00,mike-gesicki-1,12764.0,13104.0,330.0,31012.0,836152.0,19853.0,836152.0,Mike Gesicki,mike gesicki,3,4,37.0,0,0.0,0.0,26.0,13.0,2.0,4.199153,0,1.4230769,0.114285715,0.10655738,0.24601874,,,,,,,,,,,,,,,,,REG,CIN,TEN,Mike Gesicki,GesiMi00,0.0,1.0,0.25,103.1
2024,REG,15,00-0038589,J.Whyle,TE,TE,TEN,16312,601467c7-b593-472d-a147-b8e7bfdbe990,22923.0,,10212.0,,4360086.0,40182.0,,2962513.0,WhylJo01,josh-whyle-1,16866.0,,1471.0,40182.0,0.0,,1107037.0,Josh Whyle,josh whyle,5,5,37.0,1,0.0,0.0,30.0,7.0,2.0,5.475876,0,1.2333333,0.13513513,0.14492753,0.30415198,Josh Whyle,TEN,7.11,3.963042861999715,7.581999999999999,18.489075302380026,100.0,37.0,1.0,1.55,1.846269074872589,-0.2962690748725889,00-0038589,Josh,Whyle,J.Whyle,REG,TEN,CIN,Josh Whyle,WhylJo01,0.0,0.0,0.0,137.1
2024,REG,15,00-0038115,D.Bellinger,TE,TE,NYG,15873,42a1c03e-790e-46ba-b0d5-d304e44c02c7,24238.0,,8225.0,,4361516.0,34068.0,,2963615.0,BellDa00,daniel-bellinger-1,16036.0,,1322.0,34068.0,0.0,,1122035.0,Daniel Bellinger,daniel bellinger,3,3,35.0,0,0.0,0.0,19.0,16.0,2.0,1.8824455,0,1.8421053,0.0882353,0.1,0.20235294,,,,,,,,,,,,,,,,,REG,NYG,BAL,Daniel Bellinger,BellDa00,0.0,0.0,0.0,115.3
2024,REG,15,00-0039338,B.Bowers,TE,TE,LV,16641,ad9fc7e3-0a6d-4e41-84c2-cf43b71aee13,22955.0,,11604.0,,4432665.0,40878.0,,26693971.0,BoweBr01,brock-bowers-1,17693.0,,1612.0,40878.0,0.0,,1285917.0,Brock Bowers,brock bowers,3,6,35.0,0,0.0,0.0,72.0,19.0,1.0,-1.0202684,0,0.4861111,0.1764706,0.23684211,0.43049535,Brock Bowers,LV,5.33,1.5710097167847152,10.796666666666665,17.969486823855753,50.0,35.0,0.0,6.976666666666669,4.513793462941787,2.4628732037248824,00-0039338,Brock,Bowers,B.Bowers,REG,LV,ATL,Brock Bowers,BoweBr01,0.0,0.0,0.0,68.1
2024,REG,15,00-0038996,T.Kraft,TE,TE,GB,16222,3a084c5f-6b9f-4703-a0c7-1566bc4b1129,25298.0,,9484.0,,4572680.0,40102.0,,3133332.0,KrafTu00,,16649.0,,1418.0,40102.0,0.0,,1181874.0,Tucker Kraft,tucker kraft,2,2,34.0,0,0.0,0.0,26.0,8.0,1.0,2.2073717,0,1.3076923,0.07692308,0.14772727,0.2187937,,,,,,,,,,,,,,,,,REG,GB,SEA,Tucker Kraft,KrafTu00,0.0,0.0,0.0,118.7
2024,REG,15,00-0034364,J.Akins,TE,TE,CLE,13753,0cb5a32a-a340-4671-ba2a-93f5fa6aee8d,17415.0,47050.0,5032.0,,3128452.0,31068.0,,2142712.0,AkinJo00,jordan-akins-1,12568.0,13238.0,,31068.0,838396.0,19903.0,838396.0,Jordan Akins,jordan akins,3,4,30.0,0,0.0,0.0,9.0,31.0,2.0,2.8265567,0,3.3333333,0.125,0.033834588,0.2111842,,,,,,,,,,,,,,,,,REG,CLE,KC,Jordan Akins,AkinJo00,0.0,0.0,0.0,95.8
2024,REG,15,00-0036970,K.Pitts,TE,TE,ATL,15329,1f3deb24-9ff8-4769-8f42-825eff7742f6,20164.0,83964.0,7553.0,,4360248.0,33392.0,,2964514.0,PittKy00,kyle-pitts-1,15265.0,,1051.0,33392.0,0.0,,1123026.0,Kyle Pitts,kyle pitts,4,4,28.0,0,0.0,0.0,19.0,9.0,1.0,0.3062739,0,1.4736842,0.25,0.17592593,0.49814814,,,,,,,,,,,,,,,,,REG,ATL,LV,Kyle Pitts,PittKy00,1.0,0.0,0.0,95.8
2024,REG,15,00-0030506,T.Kelce,TE,TE,KC,11244,c3859e06-5f23-4302-a71b-04820a899d5f,11594.0,7844.0,1466.0,traviskelce/2540258,15847.0,26686.0,,1725130.0,KelcTr00,travis-kelce-1,8783.0,8411.0,264.0,26686.0,448240.0,15048.0,448240.0,Travis Kelce,travis kelce,4,8,27.0,0,0.0,0.0,90.0,11.0,2.0,-0.2766274,0,0.3,0.21052632,0.2631579,0.5,Travis Kelce,KC,4.478,2.730230859226351,10.487499999999999,24.601941178195467,50.0,27.0,0.0,3.0774999999999997,4.3585751732343425,-1.2810751732343428,00-0030506,Travis,Kelce,T.Kelce,REG,KC,CLE,Travis Kelce,KelcTr00,0.0,1.0,0.125,57.8
2024,REG,15,00-0030061,Z.Ertz,TE,TE,WAS,11247,de3421f7-2147-4835-89a5-724e87bad463,11689.0,7816.0,1339.0,zachertz/2540158,15835.0,26658.0,,1685963.0,ErtzZa00,zach-ertz-1,8781.0,8409.0,305.0,26658.0,503177.0,14856.0,503177.0,Zach Ertz,zach ertz,2,2,25.0,0,0.0,0.0,15.0,10.0,1.0,2.4532354,0,1.6666666,0.06451613,0.056818184,0.13654692,,,,,,,,,,,,,,,,,REG,WAS,NO,Zach Ertz,ErtzZa00,0.0,0.0,0.0,118.7
2024,REG,15,00-0033090,H.Henry,TE,TE,NE,12676,705899da-3c20-4bc3-b5d0-2e6e40655131,15561.0,10669.0,3214.0,,3046439.0,29269.0,,2079848.0,HenrHu00,hunter-henry-1,10735.0,11299.0,212.0,29269.0,744425.0,17975.0,744425.0,Hunter Henry,hunter henry,4,4,25.0,0,0.0,0.0,10.0,15.0,1.0,0.55470675,0,2.5,0.17391305,0.057803467,0.301332,,,,,,,,,,,,,,,,,REG,NE,ARI,Hunter Henry,HenrHu00,0.0,0.0,0.0,92.7
2024,REG,15,00-0034753,M.Andrews,TE,TE,BAL,13671,0618f387-9b72-4270-8b8f-dec4cccc9e4a,17269.0,47436.0,5012.0,,3116365.0,31056.0,,2131121.0,AndrMa00,mark-andrews-1,12559.0,13182.0,366.0,31056.0,820699.0,19803.0,820699.0,Mark Andrews,mark andrews,2,2,24.0,1,0.0,0.0,24.0,0.0,2.0,4.3432612,0,1.0,0.083333336,0.1,0.195,,,,,,,,,,,,,,,,,REG,BAL,NYG,Mark Andrews,AndrMa00,0.0,0.0,0.0,156.2
2024,REG,15,00-0038129,C.Otton,TE,TE,TB,15802,f23517bd-ae85-484a-8ecb-1f7a2d851e48,23181.0,,8111.0,,4243331.0,34062.0,,2815179.0,OttoCa00,cade-otton-1,16032.0,,1261.0,34062.0,0.0,,1049263.0,Cade Otton,cade otton,2,3,24.0,0,0.0,0.0,37.0,15.0,2.0,1.6822871,0,0.6486486,0.115384616,0.15163934,0.27922446,,,,,,,,,,,,,,,,,REG,TB,LAC,Cade Otton,OttoCa00,0.0,0.0,0.0,91.0
2024,REG,15,00-0038041,J.Ferguson,TE,TE,DAL,15799,f46eab3d-d7dd-4420-b3f9-6da9ac1308ab,22718.0,,8110.0,,4242355.0,34085.0,,2867159.0,FergJa00,jake-ferguson-1,15947.0,,1258.0,34085.0,0.0,,1065361.0,Jake Ferguson,jake ferguson,2,4,23.0,0,0.0,0.0,19.0,17.0,0.0,0.8686812,0,1.2105263,0.14285715,0.11309524,0.29345238,,,,,,,,,,,,,,,,,REG,DAL,CAR,Jake Ferguson,FergJa00,1.0,1.0,0.25,67.7
2024,REG,15,00-0036894,P.Freiermuth,TE,TE,PIT,15331,04f0fefe-9d9d-44f5-94ea-6df2a42df3c6,20163.0,84085.0,7600.0,,4361411.0,33443.0,,2961270.0,FreiPa00,pat-freiermuth-1,15267.0,,1053.0,33443.0,0.0,,1116662.0,Pat Freiermuth,pat freiermuth,3,6,22.0,1,1.0,0.0,50.0,5.0,2.0,2.3371453,0,0.44,0.2857143,0.33557048,0.66347075,Pat Freiermuth,PIT,5.421666666666667,3.0700809272321052,8.608333333333333,34.950602246582754,50.0,22.0,1.0,1.650000000000001,2.548053434656443,-0.8980534346564422,00-0036894,Pat,Freiermuth,P.Freiermuth,REG,PIT,PHI,Pat Freiermuth,FreiPa00,1.0,1.0,0.167,98.6
2024,REG,15,00-0037086,G.Calcaterra,TE,TE,PHI,15804,f6988cfa-2dcf-490b-ac80-9af8e4292efa,24180.0,,8177.0,,4241374.0,34154.0,,2804129.0,CalcGr00,grant-calcaterra-1,16039.0,,,34154.0,0.0,,976221.0,Grant Calcaterra,grant calcaterra,1,1,22.0,0,0.0,0.0,22.0,0.0,1.0,1.2980944,0,1.0,0.032258064,0.10628019,0.12278323,,,,,,,,,,,,,,,,,REG,PHI,PIT,Grant Calcaterra,CalcGr00,0.0,0.0,0.0,118.7
2024,REG,15,00-0036244,C.Parkinson,TE,TE,LA,14871,1ea7affb-e5e7-491a-aaa3-55e200b2eb48,19372.0,52266.0,6865.0,,4242557.0,32803.0,,2867522.0,ParkCo02,colby-parkinson-1,14463.0,,565.0,32803.0,0.0,21807.0,1060312.0,Colby Parkinson,colby parkinson,2,5,21.0,0,0.0,0.0,32.0,13.0,1.0,-1.6182588,0,0.65625,0.1923077,0.18079096,0.41501522,Colby Parkinson,LAR,4.35,3.382339513173464,7.750000000000002,22.04585537918872,40.0,21.0,0.0,6.41,4.301173544807398,2.1088264551926024,00-0036244,Colby,Parkinson,C.Parkinson,REG,LA,SF,Colby Parkinson,ParkCo02,0.0,0.0,0.0,52.9
2024,REG,15,00-0036637,N.Gray,TE,TE,KC,15337,c97dfcb6-b999-476f-8487-f3848e92df17,19539.0,60878.0,7828.0,,4240472.0,33550.0,,2866903.0,GrayNo00,noah-gray-1,15459.0,,1059.0,33550.0,0.0,,1056981.0,Noah Gray,noah gray,2,5,21.0,1,0.0,0.0,29.0,0.0,2.0,-0.3276348,0,0.7241379,0.13157895,0.08479532,0.25672513,Noah Gray,KC,4.708,2.221778232620319,7.5,10.996100049848987,40.0,21.0,1.0,0.3500000000000014,0.6115129779579433,-0.26151297795794193,00-0036637,Noah,Gray,N.Gray,REG,KC,CLE,Noah Gray,GrayNo00,0.0,2.0,0.4,92.5
2024,REG,15,00-0036422,A.Trautman,TE,TE,DEN,14870,4e14183b-f974-4745-9d7f-8f5eb2a92a7d,19423.0,109795.0,6869.0,,3911853.0,32775.0,,2182228.0,TrauAd00,,14541.0,,566.0,32775.0,0.0,21786.0,875444.0,Adam Trautman,adam trautman,2,2,20.0,1,0.0,0.0,19.0,1.0,1.0,2.9918299,0,1.0526316,0.0625,0.10982659,0.1706286,,,,,,,,,,,,,,,,,REG,DEN,IND,Adam Trautman,TrauAd00,0.0,0.0,0.0,147.9
2024,REG,15,00-0037004,H.Long,TE,TE,LA,15334,ebc576d0-a98b-4f82-aaf9-901a3911487d,22783.0,60859.0,7535.0,,4239944.0,33469.0,,2867428.0,LongHu00,hunter-long-3,15246.0,,1056.0,33469.0,0.0,,1060550.0,Hunter Long,hunter long,2,2,17.0,0,0.0,0.0,7.0,10.0,1.0,1.6264484,0,2.4285715,0.07692308,0.03954802,0.14306822,,,,,,,,,,,,,,,,,REG,LA,SF,Hunter Long,LongHu00,0.0,0.0,0.0,102.1
2024,REG,15,00-0037838,I.Likely,TE,TE,BAL,15798,f9279edb-cfa7-4f7d-91df-b81cbf3e133e,23781.0,,8131.0,,4361050.0,34095.0,,2961906.0,LikeIs00,isaiah-likely-1,16033.0,,1257.0,34095.0,0.0,,1125111.0,Isaiah Likely,isaiah likely,2,2,17.0,0,0.0,0.0,8.0,9.0,1.0,1.5888065,0,2.125,0.083333336,0.033333335,0.14833333,,,,,,,,,,,,,,,,,REG,BAL,NYG,Isaiah Likely,LikeIs00,1.0,0.0,0.0,102.1
2024,REG,15,00-0035644,N.Fant,TE,TE,SEA,14137,cdc98acc-9eb6-4b44-81bb-61d7b8a3b55f,17527.0,42388.0,5857.0,,4036131.0,31852.0,,2251095.0,FantNo00,noah-fant-1,13426.0,14050.0,243.0,31852.0,923911.0,20753.0,923911.0,Noah Fant,noah fant,3,7,15.0,0,0.0,0.0,54.0,3.0,0.0,-11.074842,0,0.2777778,0.22580644,0.26341462,0.5230999,Noah Fant,SEA,7.048571428571429,1.9912246413069596,8.857142857142856,32.05791106514994,42.857142857142854,15.0,0.0,0.4733333333333339,2.0982736862566527,-1.6249403529233188,00-0035644,Noah,Fant,N.Fant,REG,SEA,GB,Noah Fant,FantNo00,0.0,0.0,0.0,10.7
2024,REG,15,00-0037005,T.Tremble,TE,TE,CAR,15332,cbee2fd3-e5f2-4316-bffd-531f1873f032,22795.0,84025.0,7694.0,,4372780.0,33471.0,,2969027.0,TremTo00,tommy-tremble-1,15371.0,,1054.0,33471.0,0.0,,1130555.0,Tommy Tremble,tommy tremble,2,2,15.0,0,0.0,0.0,9.0,6.0,0.0,0.896653,0,1.6666666,0.074074075,0.042857144,0.1411111,,,,,,,,,,,,,,,,,REG,CAR,DAL,Tommy Tremble,TremTo00,0.0,0.0,0.0,97.9
2024,REG,15,00-0038783,N.Adkins,TE,TE,DEN,16474,bcd0ae60-f31c-11ed-819c-fd03d0cc2698,25881.0,,11433.0,,4383440.0,40702.0,,2977285.0,AdkiNa00,,16992.0,,,40702.0,0.0,,1132517.0,Nate Adkins,nate adkins,1,1,15.0,1,0.0,0.0,5.0,10.0,1.0,2.4568887,0,3.0,0.03125,0.028901733,0.06710622,,,,,,,,,,,,,,,,,REG,DEN,IND,Nate Adkins,AdkiNa00,1.0,0.0,0.0,158.3
2024,REG,15,00-0036290,C.Kmet,TE,TE,CHI,14867,036feeb6-9a22-43c5-a8e3-7ac611d8ff49,19229.0,60995.0,6826.0,,4258595.0,32713.0,,2868619.0,KmetCo00,cole-kmet-1,14436.0,,569.0,32713.0,0.0,21772.0,1066765.0,Cole Kmet,cole kmet,1,1,14.0,0,0.0,0.0,0.0,14.0,1.0,1.0135237,0,0.0,0.032258064,0.0,0.048387095,,,,,,,,,,,,,,,,,REG,CHI,MIN,Cole Kmet,KmetCo00,0.0,0.0,0.0,118.7
2024,REG,15,00-0034383,D.Schultz,TE,TE,HOU,13772,8caec1b4-e0b6-4a84-b8c8-617d6e91ef6a,17349.0,47304.0,5001.0,,3117256.0,31107.0,,2136748.0,SchuDa00,dalton-schultz-1,12514.0,13198.0,487.0,31107.0,830523.0,19920.0,830523.0,Dalton Schultz,dalton schultz,2,4,13.0,0,0.0,0.0,37.0,4.0,1.0,-0.9002307,0,0.35135135,0.16,0.19680852,0.37776595,,,,,,,,,,,,,,,,,REG,HOU,MIA,Dalton Schultz,SchuDa00,0.0,0.0,0.0,57.3
2024,REG,15,00-0036040,J.Johnson,TE,TE,NO,14861,0226b03b-f91d-4223-9813-9fcd2e9c3acc,19562.0,28305.0,7002.0,,3929645.0,33113.0,,2186637.0,JohnJu02,,14630.0,,575.0,33113.0,0.0,21738.0,884609.0,Juwan Johnson,juwan johnson,2,3,12.0,0,0.0,0.0,30.0,0.0,0.0,-0.5193014,0,0.4,0.10344828,0.10752688,0.23044123,,,,,,,,,,,,,,,,,REG,NO,WAS,Juwan Johnson,JohnJu02,0.0,0.0,0.0,74.3
2024,REG,15,00-0037805,J.Ruckert,TE,TE,NYJ,15796,28f3732b-0910-4d09-9fd4-e43b821dc5bb,23742.0,,8145.0,,4361372.0,34057.0,,2965446.0,RuckJe00,jeremy-ruckert-1,15996.0,,1255.0,34057.0,0.0,,1122596.0,Jeremy Ruckert,jeremy ruckert,1,3,12.0,0,0.0,0.0,21.0,8.0,1.0,0.27488443,0,0.5714286,0.10714286,0.06051873,0.20307739,,,,,,,,,,,,,,,,,REG,NYJ,JAX,Jeremy Ruckert,RuckJe00,0.0,0.0,0.0,46.5
2024,REG,15,00-0039066,M.Mayer,TE,TE,LV,16212,31f4645a-7ccb-4633-8580-2fca361beb4f,23056.0,,9482.0,,4429086.0,40065.0,,3171673.0,MayeMi00,michael-mayer-1,16666.0,,1427.0,40065.0,0.0,,1232592.0,Michael Mayer,michael mayer,1,2,11.0,0,0.0,0.0,37.0,6.0,1.0,-0.23706193,0,0.2972973,0.05882353,0.121710524,0.17343266,,,,,,,,,,,,,,,,,REG,LV,ATL,Michael Mayer,MayeMi00,0.0,0.0,0.0,66.7
2024,REG,15,00-0034613,T.Hudson,TE,TE,CIN,14370,2fa75e05-cac4-4b40-8924-dbc9ae0c959c,17826.0,66924.0,5409.0,,3050481.0,31257.0,,2926606.0,,,13286.0,,,31257.0,1115394.0,20506.0,1115394.0,Tanner Hudson,tanner hudson,1,1,9.0,0,0.0,0.0,5.0,4.0,0.0,0.5971815,0,1.8,0.028571429,0.020491803,0.057201404,,,,,,,,,,,,,,,,,,,,,,,,,
2024,REG,15,00-0034798,D.Smythe,TE,TE,MIA,13676,7e42a22a-c47b-4387-aeeb-2cc2e76dc1d8,17508.0,47257.0,5008.0,,3052897.0,31093.0,,2082845.0,SmytDu00,durham-smythe-1,12807.0,13249.0,,31093.0,749968.0,19943.0,749968.0,Durham Smythe,durham smythe,1,1,8.0,0,0.0,0.0,6.0,2.0,0.0,0.560164,0,1.3333334,0.025641026,0.033707865,0.062057044,,,,,,,,,,,,,,,,,REG,MIA,HOU,Durham Smythe,SmytDu00,0.0,0.0,0.0,100.0
2024,REG,15,00-0035631,D.Sample,TE,TE,CIN,14146,15a4f552-ecaf-45bd-9006-aa5dda93bee6,18561.0,47259.0,6001.0,,3127310.0,31884.0,,2139646.0,SampDr00,drew-sample-1,13809.0,14111.0,435.0,31884.0,837824.0,20931.0,837824.0,Drew Sample,drew sample,1,1,8.0,0,0.0,0.0,0.0,8.0,1.0,0.9587118,0,0.0,0.028571429,0.0,0.042857144,,,,,,,,,,,,,,,,,REG,CIN,TEN,Drew Sample,SampDr00,0.0,0.0,0.0,100.0
2024,REG,15,00-0037539,L.Krull,TE,TE,DEN,15970,767b4820-cc9f-11ec-952e-a10f2c98fc4d,24240.0,,8249.0,,4360231.0,34654.0,,2961761.0,KrulLu00,,16259.0,,1328.0,34654.0,0.0,,1122323.0,Lucas Krull,lucas krull,2,2,8.0,0,0.0,0.0,3.0,5.0,0.0,-0.44261414,0,2.6666667,0.0625,0.01734104,0.10588873,,,,,,,,,,,,,,,,,REG,DEN,IND,Lucas Krull,KrulLu00,1.0,0.0,0.0,83.3
2024,REG,15,00-0039737,T.Reiman,TE,TE,ARI,16706,44767e85-080f-4212-b2f2-cba160c81a9f,26432.0,,11716.0,,4696700.0,40959.0,,3169268.0,ReimTi00,tip-reiman-1,17966.0,,1628.0,40959.0,0.0,,1229489.0,Tip Reiman,tip reiman,2,3,8.0,0,0.0,0.0,6.0,6.0,0.0,-0.42148143,0,1.3333334,0.09677419,0.03726708,0.17124824,,,,,,,,,,,,,,,,,REG,ARI,NE,Tip Reiman,ReimTi00,0.0,0.0,0.0,70.1
2024,REG,15,00-0032394,N.Vannett,TE,TE,TEN,12680,c731aa8a-778b-4ccd-a19f-517eb66f47b7,15645.0,10728.0,3258.0,,2576399.0,29328.0,,1871322.0,VannNi00,nick-vannett-1,10949.0,11329.0,,29328.0,606488.0,18019.0,606488.0,Nick Vannett,nick vannett,1,1,7.0,0,0.0,0.0,4.0,3.0,0.0,0.26458266,0,1.75,0.027027028,0.019323671,0.05406711,,,,,,,,,,,,,,,,,REG,TEN,CIN,Nick Vannett,VannNi00,0.0,0.0,0.0,95.8
2024,REG,15,00-0036429,C.Woerner,TE,TE,ATL,14984,527dfee0-a242-4dc7-830a-ab7028308259,19665.0,42257.0,7075.0,,4035020.0,32860.0,,2248629.0,WoerCh00,charlie-woerner-1,14608.0,,,32860.0,0.0,22119.0,922040.0,Charlie Woerner,charlie woerner,2,3,7.0,0,0.0,0.0,7.0,9.0,0.0,-5.6171937,0,1.0,0.1875,0.06481481,0.32662037,,,,,,,,,,,,,,,,,REG,ATL,LV,Charlie Woerner,WoerCh00,0.0,0.0,0.0,30.6
2024,REG,15,00-0039912,B.Sinnott,TE,TE,WAS,16644,b5c717af-9116-483c-9ab3-c9db0a988ab8,26310.0,,11596.0,,4690923.0,40931.0,,3168647.0,SinnBe00,ben-sinnott-1,17833.0,,1615.0,40931.0,0.0,,1228920.0,Ben Sinnott,ben sinnott,1,1,7.0,0,0.0,0.0,3.0,4.0,0.0,-0.4529595,0,2.3333333,0.032258064,0.011363637,0.05634164,,,,,,,,,,,,,,,,,REG,WAS,NO,Ben Sinnott,SinnBe00,0.0,0.0,0.0,95.8
2024,REG,15,00-0036628,J.Bates,TE,TE,WAS,15344,3208880b-949f-4926-85eb-1940770550ea,22833.0,42275.0,7716.0,,4048228.0,33512.0,,2257291.0,BateJo00,john-bates-1,15289.0,,,33512.0,0.0,,944038.0,John Bates,john bates,1,1,6.0,0,0.0,0.0,3.0,3.0,1.0,1.0604821,0,2.0,0.032258064,0.011363637,0.05634164,,,,,,,,,,,,,,,,,REG,WAS,NO,John Bates,BateJo00,0.0,0.0,0.0,91.7
2024,REG,15,00-0039041,E.Higgins,TE,TE,ARI,16333,a01b7698-d67f-4b60-b2fb-4c667336b718,23119.0,,10231.0,,4426844.0,40226.0,,3122914.0,HiggEl00,elijah-higgins-1,16959.0,,1469.0,40226.0,0.0,,1161853.0,Elijah Higgins,elijah higgins,1,1,5.0,0,0.0,0.0,3.0,2.0,0.0,0.048487157,0,1.6666666,0.032258064,0.01863354,0.061430573,,,,,,,,,,,,,,,,,REG,ARI,NE,Elijah Higgins,HiggEl00,0.0,0.0,0.0,87.5
2024,REG,15,00-0039793,A.Barner,TE,TE,SEA,16723,e96127b4-d381-43d4-b0ae-8790c706756f,26335.0,,11603.0,,4576297.0,41001.0,,3169283.0,BarnAJ00,aj-barner-1,17811.0,,1629.0,41001.0,0.0,,1229503.0,AJ Barner,aj barner,1,3,5.0,0,0.0,0.0,34.0,0.0,0.0,-1.3873336,0,0.14705883,0.09677419,0.16585366,0.26125884,,,,,,,,,,,,,,,,,REG,SEA,GB,AJ Barner,BarnAJ00,0.0,1.0,0.333,42.4
2024,REG,15,00-0039530,B.Spann-Ford,TE,TE,DAL,16647,efc8d800-072b-11ef-892f-5b772aae3c25,26003.0,,11593.0,,4360967.0,41371.0,,2961760.0,,,17908.0,,,41371.0,0.0,,1108202.0,Brevyn Spann-Ford,brevyn spann-ford,1,1,2.0,0,0.0,0.0,1.0,1.0,0.0,-0.3590083,0,2.0,0.035714287,0.005952381,0.057738096,,,,,,,,,,,,,,,,,,,,,,,,,
2024,REG,15,00-0033246,J.Mundt,TE,TE,MIN,13940,6414998b-5831-44aa-8bd8-39e42a323c2c,16743.0,12206.0,4314.0,,3052096.0,30373.0,,2818622.0,MundJo00,,12316.0,12525.0,,30373.0,740704.0,19165.0,740704.0,Johnny Mundt,johnny mundt,0,1,0.0,0,0.0,0.0,-5.0,0.0,0.0,-0.6596501,0,0.0,0.027027028,-0.016722407,0.028834855,,,,,,,,,,,,,,,,,REG,MIN,CHI,Johnny Mundt,MundJo00,0.0,0.0,0.0,39.6
2024,REG,15,00-0038394,W.Mallory,TE,TE,IND,16220,5d4a5e4f-7c74-4b4c-b8e5-33bb831e3057,23821.0,,10220.0,,4362523.0,40180.0,,2962073.0,MallWi00,will-mallory-1,17014.0,,1435.0,,0.0,,1121873.0,Will Mallory,will mallory,0,1,0.0,0,0.0,0.0,14.0,0.0,0.0,-4.469003,0,0.0,0.027777778,0.044444446,0.07277778,,,,,,,,,,,,,,,,,REG,IND,DEN,Will Mallory,MallWi00,0.0,0.0,0.0,0.0
2024,REG,15,00-0039356,J.Sanders,TE,TE,CAR,16643,ffd2ff3f-4b56-4232-be8e-bf163c29f406,24334.0,,11600.0,,4431588.0,40995.0,,26731381.0,SandJa01,jatavion-sanders-1,17748.0,,1614.0,40995.0,0.0,,1326628.0,Ja'Tavion Sanders,jatavion sanders,0,1,0.0,0,0.0,0.0,2.0,0.0,0.0,-0.44240957,0,0.0,0.037037037,0.00952381,0.062222224,,,,,,,,,,,,,,,,,REG,CAR,DAL,Ja'Tavion Sanders,SandJa01,0.0,0.0,0.0,39.6
2024,REG,16,00-0033288,G.Kittle,TE,TE,SF,13299,2ada91b0-036e-454f-83c3-6d939ff584a9,16499.0,11901.0,4217.0,,3040151.0,30259.0,,2818265.0,KittGe00,george-kittle-1,11892.0,12276.0,298.0,30259.0,733672.0,19063.0,733672.0,George Kittle,george kittle,8,9,106.0,0,0.0,0.0,37.0,72.0,4.0,6.949933,0,2.8648648,0.24324325,0.2032967,0.5071726,George Kittle,SF,6.9675,3.846246245083568,4.024444444444444,19.544571551910202,88.88888888888889,106.0,0.0,9.1725,5.666233983407437,3.506266016592562,00-0033288,George,Kittle,G.Kittle,REG,SF,MIA,George Kittle,KittGe00,0.0,0.0,0.0,115.7
2024,REG,16,00-0039338,B.Bowers,TE,TE,LV,16641,ad9fc7e3-0a6d-4e41-84c2-cf43b71aee13,22955.0,,11604.0,,4432665.0,40878.0,,26693971.0,BoweBr01,brock-bowers-1,17693.0,,1612.0,40878.0,0.0,,1285917.0,Brock Bowers,brock bowers,11,13,99.0,0,0.0,0.0,43.0,64.0,6.0,4.954842,0,2.3023255,0.35135135,0.18614718,0.65733004,Brock Bowers,LV,7.11125,3.554439640983408,3.3861538461538463,19.377558656512743,84.61538461538461,99.0,0.0,5.788181818181818,4.659035172911362,1.1291466452704562,00-0039338,Brock,Bowers,B.Bowers,REG,LV,JAX,Brock Bowers,BoweBr01,0.0,2.0,0.154,98.4
2024,REG,16,00-0037809,C.Okonkwo,TE,TE,TEN,15889,14e11f9b-58c8-437f-abc0-a4e4df9a7c47,23982.0,,8210.0,,4360635.0,34099.0,,2965208.0,OkonCh00,chigoziem-okonkwo-1,16042.0,,1320.0,34099.0,0.0,,1106374.0,Chigoziem Okonkwo,chigoziem okonkwo,9,11,81.0,0,0.0,0.0,69.0,43.0,3.0,3.2057877,1,1.173913,0.33333334,0.3122172,0.71855205,Chig Okonkwo,TEN,7.411428571428571,4.138046839302756,6.159090909090907,29.84975988016037,81.81818181818183,81.0,0.0,5.028888888888891,3.625833057059923,1.4030558318289676,00-0037809,Chigoziem,Okonkwo,C.Okonkwo,REG,TEN,IND,Chigoziem Okonkwo,OkonCh00,3.0,0.0,0.0,97.3
2024,REG,16,00-0033885,D.Njoku,TE,TE,CLE,13192,8f86fcea-90e8-49ea-bc78-5c7659313e57,16399.0,11784.0,4033.0,,3123076.0,30142.0,,2136474.0,NjokDa00,david-njoku-1,11734.0,12186.0,252.0,30142.0,832098.0,18876.0,832098.0,David Njoku,david njoku,8,10,66.0,0,0.0,0.0,58.0,42.0,3.0,-2.6329803,0,1.137931,0.32258064,0.31351352,0.7033304,David Njoku,CLE,8.441428571428572,3.013848318393771,4.874,33.913164486501515,80.0,66.0,0.0,5.64375,4.000801548479311,1.642948451520689,00-0033885,David,Njoku,D.Njoku,REG,CLE,CIN,David Njoku,NjokDa00,1.0,0.0,0.0,54.6
2024,REG,16,00-0038996,T.Kraft,TE,TE,GB,16222,3a084c5f-6b9f-4703-a0c7-1566bc4b1129,25298.0,,9484.0,,4572680.0,40102.0,,3133332.0,KrafTu00,,16649.0,,1418.0,40102.0,0.0,,1181874.0,Tucker Kraft,tucker kraft,3,4,63.0,0,0.0,0.0,19.0,40.0,3.0,5.140028,0,3.3157895,0.14814815,0.084070794,0.28107178,,,,,,,,,,,,,,,,,REG,GB,NO,Tucker Kraft,KrafTu00,0.0,0.0,0.0,116.7
2024,REG,16,00-0033858,J.Smith,TE,TE,MIA,13193,e4f25a37-74de-4bfb-b6c9-f50a4fab0b87,16460.0,11855.0,4144.0,,3054212.0,30213.0,,2081506.0,SmitJo01,jonnu-smith-1,11807.0,12344.0,84.0,30213.0,743749.0,18990.0,743749.0,Jonnu Smith,jonnu smith,6,6,62.0,0,0.0,0.0,17.0,45.0,3.0,5.3595476,0,3.6470587,0.19354838,0.085427135,0.3501216,Jonnu Smith,MIA,5.476666666666667,3.8760866700992604,2.383333333333333,6.925610228593566,100.0,62.0,0.0,7.95,5.454584314194221,2.4954156858057788,00-0033858,Jonnu,Smith,J.Smith,REG,MIA,SF,Jonnu Smith,SmitJo01,0.0,0.0,0.0,109.7
2024,REG,16,00-0034270,T.Conklin,TE,TE,NYJ,13675,f0d17dfa-ebf3-416c-a8d2-c6bc30675103,17598.0,47327.0,5133.0,,3915486.0,31220.0,,2165249.0,ConkTy00,tyler-conklin-1,12809.0,13220.0,489.0,31127.0,861278.0,19988.0,861278.0,Tyler Conklin,tyler conklin,5,7,59.0,0,0.0,0.0,55.0,31.0,3.0,-0.09182505,0,1.0727273,0.16666667,0.24886878,0.42420813,Tyler Conklin,NYJ,5.676666666666666,4.473580794535786,6.952857142857144,21.997740112994354,71.42857142857143,59.0,0.0,6.353999999999997,6.326187621978079,0.027812378021918605,00-0034270,Tyler,Conklin,T.Conklin,REG,NYJ,LA,Tyler Conklin,ConkTy00,0.0,0.0,0.0,96.7
2024,REG,16,00-0032392,A.Hooper,TE,TE,NE,12677,90c2a93f-d837-4e1b-b57c-56648903a8db,15581.0,10715.0,3202.0,,3043275.0,29315.0,,2067004.0,HoopAu00,austin-hooper-1,10748.0,11301.0,384.0,29315.0,739424.0,17963.0,739424.0,Austin Hooper,austin hooper,4,5,55.0,0,0.0,0.0,48.0,23.0,4.0,-1.2653704,0,1.1458334,0.16129032,0.20869565,0.38802245,Austin Hooper,NE,5.275,3.6027903061521203,10.297999999999998,21.359827428855883,80.0,55.0,0.0,6.417500000000001,6.209410071656521,0.2080899283434805,00-0032392,Austin,Hooper,A.Hooper,REG,NE,BUF,Austin Hooper,HoopAu00,0.0,0.0,0.0,72.9
2024,REG,16,00-0035644,N.Fant,TE,TE,SEA,14137,cdc98acc-9eb6-4b44-81bb-61d7b8a3b55f,17527.0,42388.0,5857.0,,4036131.0,31852.0,,2251095.0,FantNo00,noah-fant-1,13426.0,14050.0,243.0,31852.0,923911.0,20753.0,923911.0,Noah Fant,noah fant,3,6,50.0,0,0.0,0.0,37.0,37.0,3.0,-4.1916623,0,1.3513514,0.14285715,0.11349693,0.29373357,Noah Fant,SEA,3.8833333333333333,4.144379838589775,6.849999999999998,12.65900760772476,50.0,50.0,0.0,12.700000000000003,5.5552288417808695,7.144771158219133,00-0035644,Noah,Fant,N.Fant,REG,SEA,MIN,Noah Fant,FantNo00,0.0,0.0,0.0,38.9
2024,REG,16,00-0034383,D.Schultz,TE,TE,HOU,13772,8caec1b4-e0b6-4a84-b8c8-617d6e91ef6a,17349.0,47304.0,5001.0,,3117256.0,31107.0,,2136748.0,SchuDa00,dalton-schultz-1,12514.0,13198.0,487.0,31107.0,830523.0,19920.0,830523.0,Dalton Schultz,dalton schultz,5,8,45.0,1,0.0,0.0,44.0,30.0,2.0,2.200447,0,1.0227273,0.21621622,0.123595506,0.41084117,Dalton Schultz,HOU,6.653999999999999,4.709554874885981,5.599999999999997,10.94471453350597,62.5,45.0,1.0,6.326000000000003,6.851012963298854,-0.5250129632988507,00-0034383,Dalton,Schultz,D.Schultz,REG,HOU,KC,Dalton Schultz,SchuDa00,0.0,1.0,0.125,117.2
2024,REG,16,00-0039065,S.LaPorta,TE,TE,DET,16214,3059f1e5-1871-4458-9e90-9b9917874c61,22978.0,,10859.0,,4430027.0,40064.0,,3124197.0,LaPoSa01,sam-laporta-1,17033.0,,1429.0,40064.0,0.0,,1168926.0,Sam LaPorta,sam laporta,4,7,43.0,1,0.0,0.0,34.0,19.0,2.0,1.1702222,0,1.2647059,0.21875,0.18888889,0.46034724,Sam LaPorta,DET,8.088,3.341549608210316,4.837142857142858,18.394176445023902,57.14285714285714,43.0,1.0,4.812500000000001,4.234530796326908,0.577969203673093,00-0039065,Sam,LaPorta,S.LaPorta,REG,DET,CHI,Sam LaPorta,LaPoSa01,0.0,0.0,0.0,114.9
2024,REG,16,00-0038041,J.Ferguson,TE,TE,DAL,15799,f46eab3d-d7dd-4420-b3f9-6da9ac1308ab,22718.0,,8110.0,,4242355.0,34085.0,,2867159.0,FergJa00,jake-ferguson-1,15947.0,,1258.0,34085.0,0.0,,1065361.0,Jake Ferguson,jake ferguson,6,9,40.0,0,0.0,0.0,17.0,33.0,1.0,-3.6457942,0,2.3529413,0.27272728,0.074235804,0.46105596,Jake Ferguson,DAL,5.614444444444445,2.855018055725524,1.193333333333332,5.065320945149264,66.66666666666666,40.0,0.0,5.658333333333334,6.215475603279363,-0.5571422699460289,00-0038041,Jake,Ferguson,J.Ferguson,REG,DAL,TB,Jake Ferguson,FergJa00,0.0,0.0,0.0,76.2
2024,REG,16,00-0033090,H.Henry,TE,TE,NE,12676,705899da-3c20-4bc3-b5d0-2e6e40655131,15561.0,10669.0,3214.0,,3046439.0,29269.0,,2079848.0,HenrHu00,hunter-henry-1,10735.0,11299.0,212.0,29269.0,744425.0,17975.0,744425.0,Hunter Henry,hunter henry,4,8,39.0,1,0.0,0.0,50.0,12.0,4.0,4.905747,0,0.78,0.2580645,0.2173913,0.5392707,Hunter Henry,NE,4.156666666666666,1.363809494596552,7.7425,25.694847755745453,50.0,39.0,1.0,2.539999999999999,2.5776922700538307,-0.03769227005383158,00-0033090,Hunter,Henry,H.Henry,REG,NE,BUF,Hunter Henry,HenrHu00,0.0,0.0,0.0,94.2
2024,REG,16,00-0034753,M.Andrews,TE,TE,BAL,13671,0618f387-9b72-4270-8b8f-dec4cccc9e4a,17269.0,47436.0,5012.0,,3116365.0,31056.0,,2131121.0,AndrMa00,mark-andrews-1,12559.0,13182.0,366.0,31056.0,820699.0,19803.0,820699.0,Mark Andrews,mark andrews,4,6,37.0,1,0.0,0.0,68.0,8.0,3.0,2.9017212,0,0.5441176,0.26086956,0.30357143,0.60380435,Mark Andrews,BAL,5.081666666666667,1.9518451925914597,11.85,31.677433726887937,66.66666666666666,37.0,1.0,1.7850000000000001,1.9524956936682685,-0.16749569366826833,00-0034753,Mark,Andrews,M.Andrews,REG,BAL,PIT,Mark Andrews,AndrMa00,0.0,0.0,0.0,122.9
2024,REG,16,00-0037475,S.Smartt,TE,TE,LAC,16113,6ee105f0-ca2e-11ec-be96-e90abdfa0fef,24621.0,,8583.0,,4250764.0,34637.0,,2864800.0,SmarSt00,,16321.0,,,34637.0,0.0,,1056865.0,Stone Smartt,stone smartt,3,3,37.0,0,0.0,0.0,12.0,25.0,2.0,4.181158,0,3.0833333,0.1,0.06593407,0.19615385,,,,,,,,,,,,,,,,,REG,LAC,DEN,Stone Smartt,SmarSt00,0.0,0.0,0.0,118.1
2024,REG,16,00-0034981,F.Moreau,TE,TE,NO,14239,9c3a67fd-5c6e-4689-9e08-9ff6d4db6c9a,18397.0,47043.0,5985.0,,3843945.0,31969.0,,2180634.0,MoreFo00,foster-moreau-1,13822.0,14154.0,179.0,31969.0,865573.0,20884.0,865573.0,Foster Moreau,foster moreau,2,3,33.0,0,0.0,0.0,34.0,19.0,2.0,-3.3283672,0,0.9705882,0.10714286,0.15525115,0.26939008,,,,,,,,,,,,,,,,,REG,NO,GB,Foster Moreau,MoreFo00,0.0,0.0,0.0,63.9
2024,REG,16,00-0037005,T.Tremble,TE,TE,CAR,15332,cbee2fd3-e5f2-4316-bffd-531f1873f032,22795.0,84025.0,7694.0,,4372780.0,33471.0,,2969027.0,TremTo00,tommy-tremble-1,15371.0,,1054.0,33471.0,0.0,,1130555.0,Tommy Tremble,tommy tremble,3,3,32.0,0,0.0,0.0,9.0,23.0,2.0,2.4582157,0,3.5555556,0.125,0.059602648,0.22922185,,,,,,,,,,,,,,,,,REG,CAR,ARI,Tommy Tremble,TremTo00,1.0,0.0,0.0,111.1
2024,REG,16,00-0030506,T.Kelce,TE,TE,KC,11244,c3859e06-5f23-4302-a71b-04820a899d5f,11594.0,7844.0,1466.0,traviskelce/2540258,15847.0,26686.0,,1725130.0,KelcTr00,travis-kelce-1,8783.0,8411.0,264.0,26686.0,448240.0,15048.0,448240.0,Travis Kelce,travis kelce,5,7,30.0,0,0.0,0.0,33.0,3.0,2.0,0.06368801,0,0.90909094,0.17073171,0.1416309,0.35523918,Travis Kelce,KC,6.6875,4.355066708974808,4.942857142857141,15.468526466380538,71.42857142857143,30.0,0.0,0.4240000000000023,1.7855760659979865,-1.361576065997984,00-0030506,Travis,Kelce,T.Kelce,REG,KC,HOU,Travis Kelce,KelcTr00,0.0,1.0,0.143,79.5
2024,REG,16,00-0037838,I.Likely,TE,TE,BAL,15798,f9279edb-cfa7-4f7d-91df-b81cbf3e133e,23781.0,,8131.0,,4361050.0,34095.0,,2961906.0,LikeIs00,isaiah-likely-1,16033.0,,1257.0,34095.0,0.0,,1125111.0,Isaiah Likely,isaiah likely,3,3,29.0,1,0.0,0.0,23.0,6.0,2.0,2.8453739,0,1.2608696,0.13043478,0.102678575,0.26752716,,,,,,,,,,,,,,,,,REG,BAL,PIT,Isaiah Likely,LikeIs00,0.0,0.0,0.0,146.5
2024,REG,16,00-0039050,P.Durham,TE,TE,TB,16218,c4a8b4c9-5db8-4187-852b-9557bef8724e,25346.0,,10227.0,,4372505.0,40193.0,,2968469.0,DurhPa00,payne-durham-1,16720.0,,,40193.0,0.0,,1130260.0,Payne Durham,payne durham,5,7,29.0,0,1.0,0.0,47.0,4.0,1.0,0.6727651,0,0.61702126,0.1627907,0.11380145,0.32384706,Payne Durham,TB,6.53,4.672575211656269,6.107142857142857,10.444151275285838,71.42857142857143,29.0,0.0,1.8739999999999981,1.9199063721270022,-0.0459063721270041,00-0039050,Payne,Durham,P.Durham,REG,TB,DAL,Payne Durham,DurhPa00,0.0,0.0,0.0,78.9
2024,REG,16,00-0035229,T.Hockenson,TE,TE,MIN,14138,bd1120b6-38b3-4225-a4b0-20660a149d0d,18290.0,40912.0,5844.0,,4036133.0,31840.0,,2251097.0,HockTJ00,tj-hockenson-1,13610.0,14051.0,247.0,31840.0,923915.0,20805.0,923915.0,T.J. Hockenson,tj hockenson,2,5,27.0,0,0.0,0.0,45.0,3.0,2.0,0.9030906,0,0.6,0.14285715,0.16791044,0.33182302,T.J. Hockenson,MIN,5.9625,3.524197322908175,9.288000000000004,16.768975229291545,40.0,27.0,0.0,2.859999999999996,4.853016915531206,-1.9930169155312099,00-0035229,Thomas,Hockenson,T.Hockenson,REG,MIN,SEA,T.J. Hockenson,HockTJ00,0.0,1.0,0.2,57.9
2024,REG,16,00-0036040,J.Johnson,TE,TE,NO,14861,0226b03b-f91d-4223-9813-9fcd2e9c3acc,19562.0,28305.0,7002.0,,3929645.0,33113.0,,2186637.0,JohnJu02,,14630.0,,575.0,33113.0,0.0,21738.0,884609.0,Juwan Johnson,juwan johnson,2,2,27.0,0,0.0,0.0,22.0,5.0,2.0,2.8213282,0,1.2272727,0.071428575,0.10045662,0.17746249,,,,,,,,,,,,,,,,,REG,NO,GB,Juwan Johnson,JohnJu02,0.0,0.0,0.0,118.7
2024,REG,16,00-0035689,D.Knox,TE,TE,BUF,14143,5fb525c5-4e70-4ede-8c49-94ad0cf66b7d,18631.0,35883.0,5906.0,,3930086.0,31928.0,,2186345.0,KnoxDa00,dawson-knox-1,13466.0,13953.0,88.0,31928.0,884083.0,20850.0,884083.0,Dawson Knox,dawson knox,2,2,22.0,0,0.0,0.0,20.0,2.0,1.0,1.3823143,0,1.1,0.074074075,0.063897766,0.15583955,,,,,,,,,,,,,,,,,REG,BUF,NE,Dawson Knox,KnoxDa00,0.0,0.0,0.0,112.5
2024,REG,16,00-0038935,B.Strange,TE,TE,JAX,16269,94f135f7-9d54-4cbd-b560-fcaf83d414b0,25345.0,,9480.0,,4430539.0,40078.0,,3121696.0,StraBr00,brenton-strange-1,17017.0,,1461.0,40078.0,0.0,,1164940.0,Brenton Strange,brenton strange,2,4,22.0,0,1.0,1.0,17.0,13.0,1.0,-1.1233408,0,1.2941177,0.114285715,0.074235804,0.22339363,,,,,,,,,,,,,,,,,REG,JAX,LV,Brenton Strange,StraBr00,0.0,0.0,0.0,66.7
2024,REG,16,00-0037539,L.Krull,TE,TE,DEN,15970,767b4820-cc9f-11ec-952e-a10f2c98fc4d,24240.0,,8249.0,,4360231.0,34654.0,,2961761.0,KrulLu00,,16259.0,,1328.0,34654.0,0.0,,1122323.0,Lucas Krull,lucas krull,3,3,21.0,0,0.0,0.0,8.0,13.0,1.0,1.5170478,0,2.625,0.07692308,0.06349207,0.15982907,,,,,,,,,,,,,,,,,REG,DEN,LAC,Lucas Krull,KrulLu00,0.0,0.0,0.0,95.8
2024,REG,16,00-0037744,T.McBride,TE,TE,ARI,15794,734d54cc-c869-4e2f-a60f-c59c493f5110,22936.0,,8130.0,,4361307.0,34010.0,,2963385.0,McBrTr01,trey-mcbride-1,15902.0,,1253.0,34010.0,0.0,,1108161.0,Trey McBride,trey mcbride,3,4,20.0,0,0.0,0.0,20.0,5.0,2.0,0.09060565,0,1.0,0.13793103,0.10869565,0.2829835,,,,,,,,,,,,,,,,,REG,ARI,CAR,Trey McBride,McBrTr01,0.0,0.0,0.0,85.4
2024,REG,16,00-0038783,N.Adkins,TE,TE,DEN,16474,bcd0ae60-f31c-11ed-819c-fd03d0cc2698,25881.0,,11433.0,,4383440.0,40702.0,,2977285.0,AdkiNa00,,16992.0,,,40702.0,0.0,,1132517.0,Nate Adkins,nate adkins,2,2,18.0,0,0.0,0.0,3.0,15.0,1.0,0.6284205,0,6.0,0.051282052,0.023809524,0.093589745,,,,,,,,,,,,,,,,,REG,DEN,LAC,Nate Adkins,AdkiNa00,0.0,0.0,0.0,104.2
2024,REG,16,00-0033439,P.Brown,TE,TE,SEA,13994,6733b953-de77-44e5-acbf-c2d3a0940243,16937.0,12247.0,4443.0,,2971281.0,30627.0,,2819155.0,BrowPh01,,11887.0,12737.0,,30627.0,689689.0,19304.0,689689.0,Pharaoh Brown,pharaoh brown,1,1,17.0,0,0.0,0.0,15.0,2.0,1.0,1.1877788,0,1.1333333,0.023809524,0.04601227,0.067922875,,,,,,,,,,,,,,,,,REG,SEA,MIN,Pharaoh Brown,BrowPh01,0.0,0.0,0.0,118.7
2024,REG,16,00-0036894,P.Freiermuth,TE,TE,PIT,15331,04f0fefe-9d9d-44f5-94ea-6df2a42df3c6,20163.0,84085.0,7600.0,,4361411.0,33443.0,,2961270.0,FreiPa00,pat-freiermuth-1,15267.0,,1053.0,33443.0,0.0,,1116662.0,Pat Freiermuth,pat freiermuth,3,3,16.0,0,0.0,0.0,16.0,0.0,1.0,-0.2085472,0,1.0,0.115384616,0.08080808,0.22964258,,,,,,,,,,,,,,,,,REG,PIT,BAL,Pat Freiermuth,FreiPa00,0.0,0.0,0.0,88.9
2024,REG,16,00-0033217,M.Alie-Cox,TE,TE,IND,13246,8809c0dd-786b-4255-a7d0-333c9498c19a,16579.0,12078.0,4054.0,moalie-cox/2558832,2998565.0,30112.0,,2815925.0,AlieMo00,,12196.0,12221.0,195.0,30112.0,712506.0,18900.0,712506.0,Mo Alie-Cox,mo alie-cox,1,2,15.0,0,0.0,0.0,9.0,9.0,1.0,1.0043888,0,1.6666666,0.18181819,0.101123594,0.3435138,,,,,,,,,,,,,,,,,REG,IND,TEN,Mo Alie-Cox,AlieMo00,0.0,0.0,0.0,75.0
2024,REG,16,00-0038933,D.Kincaid,TE,TE,BUF,16213,b961fa15-0676-4948-b95f-56d06319d40e,25247.0,,10236.0,,4385690.0,40048.0,,2982991.0,KincDa00,dalton-kincaid-1,16697.0,,1428.0,40048.0,0.0,,1135513.0,Dalton Kincaid,dalton kincaid,4,7,15.0,0,0.0,0.0,56.0,14.0,1.0,-2.207474,0,0.26785713,0.25925925,0.17891374,0.5141285,Dalton Kincaid,BUF,5.1579999999999995,2.7628154055169074,9.312857142857142,20.10795805058606,57.14285714285714,15.0,0.0,3.5775000000000006,3.2000314295257226,0.37746857047427795,00-0038933,Dalton,Kincaid,D.Kincaid,REG,BUF,NE,Dalton Kincaid,KincDa00,1.0,0.0,0.0,62.2
2024,REG,16,00-0034829,M.Gesicki,TE,TE,CIN,13672,1012cbe0-7eba-4169-bfca-183a0204e1a7,17272.0,47153.0,4993.0,,3116164.0,31012.0,,2139298.0,GesiMi00,mike-gesicki-1,12764.0,13104.0,330.0,31012.0,836152.0,19853.0,836152.0,Mike Gesicki,mike gesicki,2,2,14.0,0,0.0,0.0,8.0,6.0,0.0,-0.16680355,0,1.75,0.071428575,0.03652968,0.13271363,,,,,,,,,,,,,,,,,REG,CIN,CLE,Mike Gesicki,GesiMi00,0.0,0.0,0.0,95.8
2024,REG,16,00-0039793,A.Barner,TE,TE,SEA,16723,e96127b4-d381-43d4-b0ae-8790c706756f,26335.0,,11603.0,,4576297.0,41001.0,,3169283.0,BarnAJ00,aj-barner-1,17811.0,,1629.0,41001.0,0.0,,1229503.0,AJ Barner,aj barner,2,2,13.0,1,0.0,0.0,4.0,9.0,1.0,3.0941665,0,3.25,0.04761905,0.012269938,0.08001753,,,,,,,,,,,,,,,,,REG,SEA,MIN,AJ Barner,BarnAJ00,0.0,0.0,0.0,133.3
2024,REG,16,00-0030061,Z.Ertz,TE,TE,WAS,11247,de3421f7-2147-4835-89a5-724e87bad463,11689.0,7816.0,1339.0,zachertz/2540158,15835.0,26658.0,,1685963.0,ErtzZa00,zach-ertz-1,8781.0,8409.0,305.0,26658.0,503177.0,14856.0,503177.0,Zach Ertz,zach ertz,1,2,12.0,0,0.0,0.0,17.0,1.0,1.0,0.2925737,0,0.7058824,0.055555556,0.059859157,0.12523474,,,,,,,,,,,,,,,,,REG,WAS,PHI,Zach Ertz,ErtzZa00,0.0,0.0,0.0,68.7
2024,REG,16,00-0035631,D.Sample,TE,TE,CIN,14146,15a4f552-ecaf-45bd-9006-aa5dda93bee6,18561.0,47259.0,6001.0,,3127310.0,31884.0,,2139646.0,SampDr00,drew-sample-1,13809.0,14111.0,435.0,31884.0,837824.0,20931.0,837824.0,Drew Sample,drew sample,1,1,12.0,0,0.0,0.0,2.0,10.0,1.0,0.5174506,0,6.0,0.035714287,0.00913242,0.059964124,,,,,,,,,,,,,,,,,REG,CIN,CLE,Drew Sample,SampDr00,0.0,0.0,0.0,116.7
2024,REG,16,00-0037805,J.Ruckert,TE,TE,NYJ,15796,28f3732b-0910-4d09-9fd4-e43b821dc5bb,23742.0,,8145.0,,4361372.0,34057.0,,2965446.0,RuckJe00,jeremy-ruckert-1,15996.0,,1255.0,34057.0,0.0,,1122596.0,Jeremy Ruckert,jeremy ruckert,2,2,12.0,0,0.0,0.0,2.0,10.0,0.0,0.39515305,0,6.0,0.04761905,0.009049774,0.077763416,,,,,,,,,,,,,,,,,REG,NYJ,LA,Jeremy Ruckert,RuckJe00,0.0,0.0,0.0,91.7
2024,REG,16,00-0033110,T.Higbee,TE,TE,LA,12678,0df7912d-9e81-47ea-b4f7-d04986df4ee8,15623.0,10744.0,3271.0,,2573401.0,29344.0,,1853103.0,HigbTy00,tyler-higbee-1,10854.0,11430.0,159.0,29344.0,604176.0,18032.0,604176.0,Tyler Higbee,tyler higbee,1,2,11.0,1,0.0,0.0,7.0,11.0,1.0,1.5912281,0,1.5714285,0.10526316,0.10144927,0.22890922,,,,,,,,,,,,,,,,,REG,LA,NYJ,Tyler Higbee,HigbTy00,0.0,0.0,0.0,106.2
2024,REG,16,00-0036637,N.Gray,TE,TE,KC,15337,c97dfcb6-b999-476f-8487-f3848e92df17,19539.0,60878.0,7828.0,,4240472.0,33550.0,,2866903.0,GrayNo00,noah-gray-1,15459.0,,1059.0,33550.0,0.0,,1056981.0,Noah Gray,noah gray,1,1,10.0,0,0.0,0.0,6.0,4.0,0.0,0.93523175,0,1.6666666,0.024390243,0.025751073,0.054611117,,,,,,,,,,,,,,,,,REG,KC,HOU,Noah Gray,GrayNo00,0.0,0.0,0.0,108.3
2024,REG,16,00-0036290,C.Kmet,TE,TE,CHI,14867,036feeb6-9a22-43c5-a8e3-7ac611d8ff49,19229.0,60995.0,6826.0,,4258595.0,32713.0,,2868619.0,KmetCo00,cole-kmet-1,14436.0,,569.0,32713.0,0.0,21772.0,1066765.0,Cole Kmet,cole kmet,2,2,9.0,1,0.0,0.0,6.0,3.0,1.0,2.0185676,0,1.5,0.054054055,0.017804155,0.09354399,,,,,,,,,,,,,,,,,REG,CHI,DET,Cole Kmet,KmetCo00,0.0,0.0,0.0,125.0
2024,REG,16,00-0034364,J.Akins,TE,TE,CLE,13753,0cb5a32a-a340-4671-ba2a-93f5fa6aee8d,17415.0,47050.0,5032.0,,3128452.0,31068.0,,2142712.0,AkinJo00,jordan-akins-1,12568.0,13238.0,,31068.0,838396.0,19903.0,838396.0,Jordan Akins,jordan akins,1,2,8.0,0,0.0,0.0,14.0,10.0,0.0,-0.5827477,0,0.5714286,0.06451613,0.075675674,0.14974716,,,,,,,,,,,,,,,,,REG,CLE,CIN,Jordan Akins,AkinJo00,0.0,0.0,0.0,60.4
2024,REG,16,00-0034830,H.Hurst,TE,TE,LAC,13680,1b125fc4-5dd9-4eb9-a42f-048e61ca42b7,17283.0,47294.0,4973.0,,3924365.0,30995.0,,2185053.0,HursHa00,hayden-hurst-1,12467.0,13098.0,8.0,30995.0,881956.0,19843.0,881956.0,Hayden Hurst,hayden hurst,1,1,8.0,0,0.0,0.0,5.0,3.0,1.0,1.4111383,0,1.6,0.033333335,0.027472528,0.06923077,,,,,,,,,,,,,,,,,REG,LAC,DEN,Hayden Hurst,HursHa00,0.0,0.0,0.0,100.0
2024,REG,16,00-0036887,L.Farrell,TE,TE,JAX,15335,8a1f0e8e-6521-4a94-9934-ad4f76a25fd9,19501.0,42353.0,7842.0,,4040612.0,33533.0,,2260977.0,FarrLu00,luke-farrell-1,15566.0,,,33533.0,0.0,,946541.0,Luke Farrell,luke farrell,2,3,8.0,0,0.0,0.0,9.0,1.0,1.0,-0.28264758,0,0.8888889,0.08571429,0.03930131,0.15608235,,,,,,,,,,,,,,,,,REG,JAX,LV,Luke Farrell,FarrLu00,0.0,0.0,0.0,70.1
2024,REG,16,00-0036970,K.Pitts,TE,TE,ATL,15329,1f3deb24-9ff8-4769-8f42-825eff7742f6,20164.0,83964.0,7553.0,,4360248.0,33392.0,,2964514.0,PittKy00,kyle-pitts-1,15265.0,,1051.0,33392.0,0.0,,1123026.0,Kyle Pitts,kyle pitts,1,2,7.0,0,0.0,0.0,11.0,3.0,0.0,-3.244445,0,0.6363636,0.07692308,0.06918239,0.1638123,,,,,,,,,,,,,,,,,REG,ATL,NYG,Kyle Pitts,PittKy00,0.0,0.0,0.0,18.7
2024,REG,16,00-0033895,G.Everett,TE,TE,CHI,13236,ebeceb00-57e0-4b74-9cf7-853da2afed18,16459.0,11799.0,4089.0,,3918639.0,30157.0,,2142692.0,EverGe00,gerald-everett-1,11737.0,12284.0,55.0,30157.0,838487.0,18935.0,838487.0,Gerald Everett,gerald everett,1,1,6.0,0,0.0,0.0,2.0,4.0,0.0,2.2679257,0,3.0,0.027027028,0.005934718,0.044694845,,,,,,,,,,,,,,,,,REG,CHI,DET,Gerald Everett,EverGe00,0.0,0.0,0.0,91.7
2024,REG,16,00-0039648,D.Martin-Robinson,TE,TE,TEN,16831,dad0d560-0c9e-11ef-b2f4-ab1e3a869265,,,12357.0,,4360978.0,,,2962690.0,,,18301.0,,,41662.0,0.0,,1124199.0,David Martin-Robinson,david martin-robinson,1,1,6.0,0,0.0,0.0,0.0,6.0,1.0,0.81852823,0,0.0,0.030303031,0.0,0.045454547,,,,,,,,,,,,,,,,,,,,,,,,,
2024,REG,16,00-0034798,D.Smythe,TE,TE,MIA,13676,7e42a22a-c47b-4387-aeeb-2cc2e76dc1d8,17508.0,47257.0,5008.0,,3052897.0,31093.0,,2082845.0,SmytDu00,durham-smythe-1,12807.0,13249.0,,31093.0,749968.0,19943.0,749968.0,Durham Smythe,durham smythe,1,2,5.0,0,0.0,0.0,10.0,1.0,0.0,-0.60830593,0,0.5,0.06451613,0.050251257,0.13195008,,,,,,,,,,,,,,,,,REG,MIA,SF,Durham Smythe,SmytDu00,0.0,0.0,0.0,56.2
2024,REG,16,00-0036422,A.Trautman,TE,TE,DEN,14870,4e14183b-f974-4745-9d7f-8f5eb2a92a7d,19423.0,109795.0,6869.0,,3911853.0,32775.0,,2182228.0,TrauAd00,,14541.0,,566.0,32775.0,0.0,21786.0,875444.0,Adam Trautman,adam trautman,1,1,5.0,0,0.0,0.0,1.0,4.0,0.0,-0.18255971,0,5.0,0.025641026,0.007936508,0.044017095,,,,,,,,,,,,,,,,,REG,DEN,LAC,Adam Trautman,TrauAd00,0.0,0.0,0.0,87.5
2024,REG,16,00-0038115,D.Bellinger,TE,TE,NYG,15873,42a1c03e-790e-46ba-b0d5-d304e44c02c7,24238.0,,8225.0,,4361516.0,34068.0,,2963615.0,BellDa00,daniel-bellinger-1,16036.0,,1322.0,34068.0,0.0,,1122035.0,Daniel Bellinger,daniel bellinger,1,2,5.0,0,0.0,0.0,5.0,0.0,1.0,0.8686298,0,1.0,0.054054055,0.02293578,0.097136125,,,,,,,,,,,,,,,,,REG,NYG,ATL,Daniel Bellinger,BellDa00,0.0,0.0,0.0,56.2
2024,REG,16,00-0036332,J.Deguara,TE,TE,JAX,14876,7874d188-0fcd-4af9-9289-27c27e2bbd16,19456.0,47034.0,7050.0,,3914151.0,32764.0,,2181108.0,DeguJo00,josiah-deguara-1,14629.0,,,32764.0,0.0,21798.0,866149.0,Josiah Deguara,josiah deguara,1,1,4.0,0,0.0,0.0,2.0,2.0,0.0,-0.89682287,0,2.0,0.028571429,0.008733625,0.04897068,,,,,,,,,,,,,,,,,REG,JAX,LV,Josiah Deguara,DeguJo00,0.0,0.0,0.0,83.3
2024,REG,16,00-0037304,C.Heyward,TE,TE,PIT,15800,62e96d7c-e4dd-4a90-8c3a-8017eb69120d,24562.0,,8181.0,,4241961.0,34163.0,,2867599.0,HeywCo00,connor-heyward-1,15916.0,,,34163.0,0.0,,1057457.0,Connor Heyward,connor heyward,1,1,3.0,0,0.0,0.0,3.0,0.0,1.0,0.104704656,0,1.0,0.03846154,0.015151516,0.06829837,,,,,,,,,,,,,,,,,REG,PIT,BAL,Connor Heyward,HeywCo00,0.0,0.0,0.0,79.2
2024,REG,16,00-0038547,L.Schoonmaker,TE,TE,DAL,16221,143957a7-4649-4a19-b351-e606edc75ebd,25267.0,,10871.0,,4372096.0,40061.0,,2968473.0,SchoLu00,luke-schoonmaker-1,16855.0,,1382.0,40061.0,0.0,,1130242.0,Luke Schoonmaker,luke schoonmaker,1,1,3.0,0,0.0,0.0,1.0,2.0,0.0,-1.0081456,0,3.0,0.030303031,0.0043668123,0.048511315,,,,,,,,,,,,,,,,,REG,DAL,TB,Luke Schoonmaker,SchoLu00,0.0,0.0,0.0,79.2
2024,REG,16,00-0033576,E.Saubert,TE,TE,SF,13315,582dc00e-e7ec-4ca7-bff0-f7b1d604017b,16706.0,11929.0,4189.0,,2975863.0,30287.0,,2001018.0,SaubEr00,,11897.0,12300.0,,30287.0,694931.0,19035.0,694931.0,Eric Saubert,eric saubert,1,1,2.0,1,0.0,0.0,2.0,0.0,1.0,1.194619,0,1.0,0.027027028,0.010989011,0.04823285,,,,,,,,,,,,,,,,,REG,SF,MIA,Eric Saubert,SaubEr00,0.0,0.0,0.0,118.7
2024,REG,16,00-0031585,M.Pruitt,TE,TE,PIT,12309,f22b34cf-6ecf-4522-9c77-1da275dfda7d,13964.0,9576.0,2446.0,,2508256.0,28531.0,,1760327.0,PruiMy00,,10251.0,10522.0,,28531.0,552586.0,16903.0,552586.0,MyCole Pruitt,mycole pruitt,1,2,1.0,1,0.0,0.0,2.0,0.0,1.0,-7.5417256,0,0.5,0.07692308,0.01010101,0.12245532,,,,,,,,,,,,,,,,,REG,PIT,BAL,MyCole Pruitt,PruiMy00,0.0,0.0,0.0,56.2
2024,REG,16,00-0035249,J.Oliver,TE,TE,MIN,14209,dc83f7af-7b30-4c4a-9c93-f67bd8db954b,18487.0,47083.0,5973.0,,3921690.0,31901.0,,2184618.0,OlivJo00,josh-oliver-1,13786.0,14127.0,7.0,31901.0,881779.0,20899.0,881779.0,Josh Oliver,josh oliver,0,1,0.0,0,0.0,0.0,7.0,0.0,0.0,-0.43782452,0,0.0,0.028571429,0.026119404,0.061140724,,,,,,,,,,,,,,,,,REG,MIN,SEA,Josh Oliver,OlivJo00,0.0,1.0,1.0,39.6
2024,REG,16,00-0036244,C.Parkinson,TE,TE,LA,14871,1ea7affb-e5e7-491a-aaa3-55e200b2eb48,19372.0,52266.0,6865.0,,4242557.0,32803.0,,2867522.0,ParkCo02,colby-parkinson-1,14463.0,,565.0,32803.0,0.0,21807.0,1060312.0,Colby Parkinson,colby parkinson,0,1,0.0,0,0.0,0.0,-1.0,0.0,0.0,-0.5614707,0,0.0,0.05263158,-0.014492754,0.06880244,,,,,,,,,,,,,,,,,REG,LA,NYJ,Colby Parkinson,ParkCo02,0.0,0.0,0.0,39.6
2024,REG,16,00-0036429,C.Woerner,TE,TE,ATL,14984,527dfee0-a242-4dc7-830a-ab7028308259,19665.0,42257.0,7075.0,,4035020.0,32860.0,,2248629.0,WoerCh00,charlie-woerner-1,14608.0,,,32860.0,0.0,22119.0,922040.0,Charlie Woerner,charlie woerner,0,2,0.0,0,0.0,0.0,4.0,0.0,0.0,-1.0317595,0,0.0,0.07692308,0.025157232,0.13299468,,,,,,,,,,,,,,,,,REG,ATL,NYG,Charlie Woerner,WoerCh00,0.0,1.0,0.5,39.6
2024,REG,16,00-0036510,K.Yeboah,TE,TE,NYJ,15339,990c2825-ca25-4da9-9966-269363a9bb91,22815.0,42196.0,7597.0,,4044144.0,33705.0,,2256993.0,YeboKe00,,15339.0,,,33705.0,0.0,,943843.0,Kenny Yeboah,kenny yeboah,0,1,0.0,0,0.0,0.0,10.0,0.0,0.0,-0.54391915,0,0.0,0.023809524,0.04524887,0.0673885,,,,,,,,,,,,,,,,,REG,NYJ,LA,Kenny Yeboah,YeboKe00,0.0,0.0,0.0,39.6
2024,REG,16,00-0036628,J.Bates,TE,TE,WAS,15344,3208880b-949f-4926-85eb-1940770550ea,22833.0,42275.0,7716.0,,4048228.0,33512.0,,2257291.0,BateJo00,john-bates-1,15289.0,,,33512.0,0.0,,944038.0,John Bates,john bates,0,1,0.0,0,0.0,0.0,-2.0,0.0,0.0,-0.41465333,0,0.0,0.027777778,-0.0070422534,0.036737088,,,,,,,,,,,,,,,,,REG,WAS,PHI,John Bates,BateJo00,0.0,0.0,0.0,39.6
2024,REG,16,00-0037292,A.Ogletree,TE,TE,IND,15916,59f460a8-b5af-40e6-840c-429762b278b3,24561.0,,8489.0,,4722908.0,34148.0,,2672594.0,OgleAn00,,16277.0,,1315.0,34148.0,0.0,,1271740.0,Andrew Ogletree,andrew ogletree,0,1,0.0,0,0.0,0.0,21.0,0.0,0.0,-5.5478773,0,0.0,0.09090909,0.23595506,0.30153218,,,,,,,,,,,,,,,,,REG,IND,TEN,Andrew Ogletree,OgleAn00,0.0,0.0,0.0,0.0
2024,REG,16,00-0039041,E.Higgins,TE,TE,ARI,16333,a01b7698-d67f-4b60-b2fb-4c667336b718,23119.0,,10231.0,,4426844.0,40226.0,,3122914.0,HiggEl00,elijah-higgins-1,16959.0,,1469.0,40226.0,0.0,,1161853.0,Elijah Higgins,elijah higgins,0,1,0.0,0,0.0,0.0,12.0,0.0,0.0,-0.57685405,0,0.0,0.03448276,0.06521739,0.09737631,,,,,,,,,,,,,,,,,REG,ARI,CAR,Elijah Higgins,HiggEl00,0.0,0.0,0.0,39.6
2024,REG,16,00-0039066,M.Mayer,TE,TE,LV,16212,31f4645a-7ccb-4633-8580-2fca361beb4f,23056.0,,9482.0,,4429086.0,40065.0,,3171673.0,MayeMi00,michael-mayer-1,16666.0,,1427.0,40065.0,0.0,,1232592.0,Michael Mayer,michael mayer,0,1,0.0,0,0.0,0.0,10.0,0.0,0.0,-0.87867194,0,0.0,0.027027028,0.043290045,0.07084357,,,,,,,,,,,,,,,,,REG,LV,JAX,Michael Mayer,MayeMi00,0.0,0.0,0.0,39.6
2024,REG,16,00-0039144,L.Musgrave,TE,TE,GB,16215,77a4fb49-3c6c-4aa1-8a21-20956e2d2240,25282.0,,9481.0,,4428085.0,40074.0,,3129283.0,MusgLu00,luke-musgrave-1,16663.0,,1430.0,40074.0,0.0,,1179790.0,Luke Musgrave,luke musgrave,0,1,0.0,0,0.0,0.0,6.0,0.0,0.0,-0.5627146,0,0.0,0.037037037,0.026548672,0.074139625,,,,,,,,,,,,,,,,,REG,GB,NO,Luke Musgrave,MusgLu00,0.0,0.0,0.0,39.6
2024,REG,17,00-0037744,T.McBride,TE,TE,ARI,15794,734d54cc-c869-4e2f-a60f-c59c493f5110,22936.0,,8130.0,,4361307.0,34010.0,,2963385.0,McBrTr01,trey-mcbride-1,15902.0,,1253.0,34010.0,0.0,,1108161.0,Trey McBride,trey mcbride,12,16,123.0,1,0.0,0.0,88.0,69.0,6.0,3.4629815,0,1.3977273,0.35555556,0.2820513,0.7307692,Trey McBride,ARI,3.012,3.216552300703816,5.399375,29.304613297150617,75.0,123.0,1.0,6.103333333333334,5.971960956498684,0.13137237683465042,00-0037744,Trey,McBride,T.McBride,REG,ARI,LA,Trey McBride,McBrTr01,0.0,0.0,0.0,91.4
2024,REG,17,00-0033288,G.Kittle,TE,TE,SF,13299,2ada91b0-036e-454f-83c3-6d939ff584a9,16499.0,11901.0,4217.0,,3040151.0,30259.0,,2818265.0,KittGe00,george-kittle-1,11892.0,12276.0,298.0,30259.0,733672.0,19063.0,733672.0,George Kittle,george kittle,8,8,112.0,0,0.0,0.0,58.0,54.0,5.0,7.7626567,0,1.9310344,0.22222222,0.17313433,0.45452738,George Kittle,SF,6.786000000000001,4.211235555760339,7.305000000000001,17.752665633828492,100.0,112.0,0.0,6.694999999999999,5.118354058817147,1.5766459411828526,00-0033288,George,Kittle,G.Kittle,REG,SF,DET,George Kittle,KittGe00,1.0,0.0,0.0,118.7
2024,REG,17,00-0034829,M.Gesicki,TE,TE,CIN,13672,1012cbe0-7eba-4169-bfca-183a0204e1a7,17272.0,47153.0,4993.0,,3116164.0,31012.0,,2139298.0,GesiMi00,mike-gesicki-1,12764.0,13104.0,330.0,31012.0,836152.0,19853.0,836152.0,Mike Gesicki,mike gesicki,10,12,86.0,0,0.0,0.0,67.0,31.0,5.0,3.9523084,0,1.2835821,0.24489796,0.19533528,0.5040816,Mike Gesicki,CIN,4.924545454545456,2.9005831250882905,5.704166666666666,18.92504631037629,83.33333333333334,86.0,0.0,3.0810000000000004,2.834318185698282,0.2466818143017182,00-0034829,Michael,Gesicki,M.Gesicki,REG,CIN,DEN,Mike Gesicki,GesiMi00,0.0,2.0,0.167,96.5
2024,REG,17,00-0030506,T.Kelce,TE,TE,KC,11244,c3859e06-5f23-4302-a71b-04820a899d5f,11594.0,7844.0,1466.0,traviskelce/2540258,15847.0,26686.0,,1725130.0,KelcTr00,travis-kelce-1,8783.0,8411.0,264.0,26686.0,448240.0,15048.0,448240.0,Travis Kelce,travis kelce,8,11,84.0,1,0.0,0.0,51.0,53.0,4.0,4.224821,0,1.6470588,0.28947368,0.2361111,0.5994883,Travis Kelce,KC,6.603333333333333,4.340512625685897,5.876363636363638,29.738682370261323,72.72727272727273,84.0,1.0,6.729999999999999,7.704962896875031,-0.9749628968750326,00-0030506,Travis,Kelce,T.Kelce,REG,KC,PIT,Travis Kelce,KelcTr00,0.0,0.0,0.0,124.8
2024,REG,17,00-0039338,B.Bowers,TE,TE,LV,16641,ad9fc7e3-0a6d-4e41-84c2-cf43b71aee13,22955.0,,11604.0,,4432665.0,40878.0,,26693971.0,BoweBr01,brock-bowers-1,17693.0,,1612.0,40878.0,0.0,,1285917.0,Brock Bowers,brock bowers,7,7,77.0,0,0.0,0.0,49.0,28.0,5.0,6.037022,0,1.5714285,0.2,0.14454277,0.40117994,Brock Bowers,LV,5.8500000000000005,3.291695786055135,7.302857142857143,14.402028454711932,100.0,77.0,0.0,3.697142857142856,4.448646999052552,-0.7515041419096957,00-0039338,Brock,Bowers,B.Bowers,REG,LV,NO,Brock Bowers,BoweBr01,0.0,0.0,0.0,112.5
2024,REG,17,00-0030061,Z.Ertz,TE,TE,WAS,11247,de3421f7-2147-4835-89a5-724e87bad463,11689.0,7816.0,1339.0,zachertz/2540158,15835.0,26658.0,,1685963.0,ErtzZa00,zach-ertz-1,8781.0,8409.0,305.0,26658.0,503177.0,14856.0,503177.0,Zach Ertz,zach ertz,6,7,72.0,2,0.0,0.0,48.0,38.0,4.0,9.0524025,0,1.5,0.2,0.1983471,0.43884298,Zach Ertz,WAS,6.6819999999999995,3.6169413636537366,7.688571428571429,22.277412144542406,85.71428571428571,72.0,2.0,6.6000000000000005,3.573823234018789,3.0261767659812113,00-0030061,Zachary,Ertz,Z.Ertz,REG,WAS,ATL,Zach Ertz,ErtzZa00,0.0,1.0,0.143,149.1
2024,REG,17,00-0034753,M.Andrews,TE,TE,BAL,13671,0618f387-9b72-4270-8b8f-dec4cccc9e4a,17269.0,47436.0,5012.0,,3116365.0,31056.0,,2131121.0,AndrMa00,mark-andrews-1,12559.0,13182.0,366.0,31056.0,820699.0,19803.0,820699.0,Mark Andrews,mark andrews,2,2,68.0,1,0.0,0.0,18.0,50.0,2.0,5.207618,0,3.7777777,0.125,0.0952381,0.25416666,,,,,,,,,,,,,,,,,REG,BAL,HOU,Mark Andrews,AndrMa00,1.0,0.0,0.0,158.3
2024,REG,17,00-0035229,T.Hockenson,TE,TE,MIN,14138,bd1120b6-38b3-4225-a4b0-20660a149d0d,18290.0,40912.0,5844.0,,4036133.0,31840.0,,2251097.0,HockTJ00,tj-hockenson-1,13610.0,14051.0,247.0,31840.0,923915.0,20805.0,923915.0,T.J. Hockenson,tj hockenson,5,6,68.0,0,0.0,0.0,65.0,23.0,4.0,-1.7047305,0,1.0461539,0.14634146,0.21103896,0.36723948,T.J. Hockenson,MIN,6.3,4.334665724765268,10.363333333333332,19.373130608175472,83.33333333333334,68.0,0.0,4.796000000000001,5.393479114052115,-0.5974791140521143,00-0035229,Thomas,Hockenson,T.Hockenson,REG,MIN,GB,T.J. Hockenson,HockTJ00,0.0,0.0,0.0,74.3
2024,REG,17,00-0036040,J.Johnson,TE,TE,NO,14861,0226b03b-f91d-4223-9813-9fcd2e9c3acc,19562.0,28305.0,7002.0,,3929645.0,33113.0,,2186637.0,JohnJu02,,14630.0,,575.0,33113.0,0.0,21738.0,884609.0,Juwan Johnson,juwan johnson,6,10,66.0,0,1.0,0.0,91.0,33.0,3.0,-3.0995488,0,0.72527474,0.29411766,0.3669355,0.6980313,Juwan Johnson,NO,5.71875,3.0743818602656283,9.305000000000001,37.291599871753775,60.0,66.0,0.0,5.508333333333334,4.220768798651865,1.2875645346814686,00-0036040,Juwan,Johnson,J.Johnson,REG,NO,LV,Juwan Johnson,JohnJu02,0.0,1.0,0.1,40.0
2024,REG,17,00-0039065,S.LaPorta,TE,TE,DET,16214,3059f1e5-1871-4458-9e90-9b9917874c61,22978.0,,10859.0,,4430027.0,40064.0,,3124197.0,LaPoSa01,sam-laporta-1,17033.0,,1429.0,40064.0,0.0,,1168926.0,Sam LaPorta,sam laporta,6,8,64.0,1,0.0,0.0,52.0,27.0,4.0,4.197899,0,1.2307693,0.24242425,0.33333334,0.5969697,Sam LaPorta,DET,5.696666666666666,2.50613697503505,6.997500000000001,33.30160618679358,75.0,64.0,1.0,4.988333333333331,3.5712148076284698,1.4171185257048609,00-0039065,Sam,LaPorta,S.LaPorta,REG,DET,SF,Sam LaPorta,LaPoSa01,0.0,0.0,0.0,137.5
2024,REG,17,00-0036894,P.Freiermuth,TE,TE,PIT,15331,04f0fefe-9d9d-44f5-94ea-6df2a42df3c6,20163.0,84085.0,7600.0,,4361411.0,33443.0,,2961270.0,FreiPa00,pat-freiermuth-1,15267.0,,1053.0,33443.0,0.0,,1116662.0,Pat Freiermuth,pat freiermuth,7,8,60.0,0,1.0,1.0,57.0,21.0,2.0,-3.6986687,0,1.0526316,0.22857143,0.23360656,0.50638175,Pat Freiermuth,PIT,6.005714285714285,3.797808653363769,7.26875,23.31221937139192,87.5,60.0,0.0,2.9057142857142852,3.2184446567518665,-0.3127303710375813,00-0036894,Pat,Freiermuth,P.Freiermuth,REG,PIT,KC,Pat Freiermuth,FreiPa00,0.0,0.0,0.0,58.3
2024,REG,17,00-0034270,T.Conklin,TE,TE,NYJ,13675,f0d17dfa-ebf3-416c-a8d2-c6bc30675103,17598.0,47327.0,5133.0,,3915486.0,31220.0,,2165249.0,ConkTy00,tyler-conklin-1,12809.0,13220.0,489.0,31127.0,861278.0,19988.0,861278.0,Tyler Conklin,tyler conklin,8,8,57.0,1,0.0,0.0,12.0,45.0,3.0,5.1640353,1,4.75,0.2580645,0.0952381,0.45376346,Tyler Conklin,NYJ,7.82,4.896237328735613,1.722500000000001,8.660130718954253,100.0,57.0,1.0,5.402499999999999,6.6820654973771525,-1.2795654973771535,00-0034270,Tyler,Conklin,T.Conklin,REG,NYJ,BUF,Tyler Conklin,ConkTy00,0.0,0.0,0.0,135.9
2024,REG,17,00-0038996,T.Kraft,TE,TE,GB,16222,3a084c5f-6b9f-4703-a0c7-1566bc4b1129,25298.0,,9484.0,,4572680.0,40102.0,,3133332.0,KrafTu00,,16649.0,,1418.0,40102.0,0.0,,1181874.0,Tucker Kraft,tucker kraft,2,3,53.0,0,0.0,0.0,28.0,32.0,2.0,3.2353067,0,1.8928572,0.10344828,0.096219935,0.22252637,,,,,,,,,,,,,,,,,REG,GB,MIN,Tucker Kraft,KrafTu00,0.0,0.0,0.0,109.7
2024,REG,17,00-0039754,D.Culp,TE,TE,TB,16796,c62dcaf1-79e3-4e15-8fb0-e7cb30a18fe4,26440.0,,11820.0,,4361112.0,41120.0,,2967413.0,CulpDe00,devin-culp-1,17965.0,,,41120.0,0.0,,1107536.0,Devin Culp,devin culp,3,4,52.0,0,0.0,0.0,50.0,18.0,2.0,3.2719991,0,1.04,0.125,0.19157088,0.3215996,,,,,,,,,,,,,,,,,REG,TB,CAR,Devin Culp,CulpDe00,0.0,0.0,0.0,116.7
2024,REG,17,00-0034364,J.Akins,TE,TE,CLE,13753,0cb5a32a-a340-4671-ba2a-93f5fa6aee8d,17415.0,47050.0,5032.0,,3128452.0,31068.0,,2142712.0,AkinJo00,jordan-akins-1,12568.0,13238.0,,31068.0,838396.0,19903.0,838396.0,Jordan Akins,jordan akins,6,8,49.0,0,0.0,0.0,43.0,28.0,2.0,0.83771515,0,1.1395348,0.18604651,0.17991632,0.40501118,Jordan Akins,CLE,4.2542857142857144,4.187597815476242,3.802500000000001,14.913226786939903,75.0,49.0,0.0,5.428333333333334,3.6282913219331854,1.8000420114001483,00-0034364,Jordan,Akins,J.Akins,REG,CLE,MIA,Jordan Akins,AkinJo00,0.0,0.0,0.0,90.1
2024,REG,17,00-0034981,F.Moreau,TE,TE,NO,14239,9c3a67fd-5c6e-4689-9e08-9ff6d4db6c9a,18397.0,47043.0,5985.0,,3843945.0,31969.0,,2180634.0,MoreFo00,foster-moreau-1,13822.0,14154.0,179.0,31969.0,865573.0,20884.0,865573.0,Foster Moreau,foster moreau,3,5,47.0,1,0.0,0.0,51.0,8.0,1.0,0.70577174,0,0.92156863,0.14705883,0.20564516,0.36453986,Foster Moreau,NO,6.376,4.519159671988871,11.276000000000002,22.5953831356204,60.0,47.0,1.0,2.6133333333333346,4.563348841967127,-1.950015508633792,00-0034981,Foster,Moreau,F.Moreau,REG,NO,LV,Foster Moreau,MoreFo00,0.0,0.0,0.0,130.8
2024,REG,17,00-0036970,K.Pitts,TE,TE,ATL,15329,1f3deb24-9ff8-4769-8f42-825eff7742f6,20164.0,83964.0,7553.0,,4360248.0,33392.0,,2964514.0,PittKy00,kyle-pitts-1,15265.0,,1051.0,33392.0,0.0,,1123026.0,Kyle Pitts,kyle pitts,4,5,44.0,1,0.0,0.0,55.0,17.0,2.0,5.668169,0,0.8,0.14285715,0.12585813,0.3023864,Kyle Pitts,ATL,6.912000000000001,1.623215860074828,10.456000000000001,11.901834904156992,80.0,44.0,1.0,4.015,1.6509574827906057,2.364042517209394,00-0036970,Kyle,Pitts,K.Pitts,REG,ATL,WAS,Kyle Pitts,PittKy00,0.0,0.0,0.0,142.9
2024,REG,17,00-0035644,N.Fant,TE,TE,SEA,14137,cdc98acc-9eb6-4b44-81bb-61d7b8a3b55f,17527.0,42388.0,5857.0,,4036131.0,31852.0,,2251095.0,FantNo00,noah-fant-1,13426.0,14050.0,243.0,31852.0,923911.0,20753.0,923911.0,Noah Fant,noah fant,4,5,43.0,0,0.0,0.0,-3.0,43.0,2.0,1.8549001,0,0.0,0.22727273,-0.03797468,0.31432682,Noah Fant,SEA,7.045,5.217446233222955,0.7219999999999984,4.882997430001343,80.0,43.0,0.0,11.215000000000002,8.213667397491331,3.00133260250867,00-0035644,Noah,Fant,N.Fant,REG,SEA,CHI,Noah Fant,FantNo00,0.0,0.0,0.0,102.5
2024,REG,17,00-0037809,C.Okonkwo,TE,TE,TEN,15889,14e11f9b-58c8-437f-abc0-a4e4df9a7c47,23982.0,,8210.0,,4360635.0,34099.0,,2965208.0,OkonCh00,chigoziem-okonkwo-1,16042.0,,1320.0,34099.0,0.0,,1106374.0,Chigoziem Okonkwo,chigoziem okonkwo,5,7,42.0,0,0.0,0.0,55.0,15.0,2.0,1.6740654,0,0.76363635,0.23333333,0.19784173,0.4884892,Chig Okonkwo,TEN,5.7299999999999995,4.343859067322928,6.897142857142858,18.28787878787879,71.42857142857143,42.0,0.0,3.611999999999999,3.837111303518813,-0.2251113035188137,00-0037809,Chigoziem,Okonkwo,C.Okonkwo,REG,TEN,JAX,Chigoziem Okonkwo,OkonCh00,0.0,0.0,0.0,86.6
2024,REG,17,00-0039050,P.Durham,TE,TE,TB,16218,c4a8b4c9-5db8-4187-852b-9557bef8724e,25346.0,,10227.0,,4372505.0,40193.0,,2968469.0,DurhPa00,payne-durham-1,16720.0,,,40193.0,0.0,,1130260.0,Payne Durham,payne durham,2,3,36.0,1,0.0,0.0,34.0,13.0,2.0,4.3016453,0,1.0588236,0.09375,0.1302682,0.23181275,,,,,,,,,,,,,,,,,REG,TB,CAR,Payne Durham,DurhPa00,0.0,0.0,0.0,147.2
2024,REG,17,00-0036876,K.Granson,TE,TE,IND,15419,bcc0167c-05fd-4b23-981e-60b8784ceb33,22841.0,40630.0,7602.0,,4039160.0,33515.0,,2247146.0,GranKy00,kylen-granson-1,15245.0,,1119.0,33515.0,0.0,,921050.0,Kylen Granson,kylen granson,3,4,34.0,0,0.0,0.0,16.0,30.0,2.0,-0.72975624,0,2.125,0.10810811,0.042666666,0.19202884,,,,,,,,,,,,,,,,,REG,IND,NYG,Kylen Granson,GranKy00,0.0,0.0,0.0,60.4
2024,REG,17,00-0037086,G.Calcaterra,TE,TE,PHI,15804,f6988cfa-2dcf-490b-ac80-9af8e4292efa,24180.0,,8177.0,,4241374.0,34154.0,,2804129.0,CalcGr00,grant-calcaterra-1,16039.0,,,34154.0,0.0,,976221.0,Grant Calcaterra,grant calcaterra,1,2,34.0,0,0.0,0.0,34.0,0.0,1.0,2.791091,0,1.0,0.11111111,0.18681319,0.2974359,,,,,,,,,,,,,,,,,REG,PHI,DAL,Grant Calcaterra,CalcGr00,0.0,0.0,0.0,95.8
2024,REG,17,00-0033858,J.Smith,TE,TE,MIA,13193,e4f25a37-74de-4bfb-b6c9-f50a4fab0b87,16460.0,11855.0,4144.0,,3054212.0,30213.0,,2081506.0,SmitJo01,jonnu-smith-1,11807.0,12344.0,84.0,30213.0,743749.0,18990.0,743749.0,Jonnu Smith,jonnu smith,3,4,26.0,1,0.0,0.0,9.0,23.0,2.0,2.946016,0,2.8888888,0.16666667,0.0647482,0.29532373,,,,,,,,,,,,,,,,,REG,MIA,CLE,Jonnu Smith,SmitJo01,0.0,0.0,0.0,131.2
2024,REG,17,00-0038933,D.Kincaid,TE,TE,BUF,16213,b961fa15-0676-4948-b95f-56d06319d40e,25247.0,,10236.0,,4385690.0,40048.0,,2982991.0,KincDa00,dalton-kincaid-1,16697.0,,1428.0,40048.0,0.0,,1135513.0,Dalton Kincaid,dalton kincaid,2,2,24.0,0,0.0,0.0,-2.0,26.0,2.0,1.710537,0,0.0,0.074074075,-0.009433962,0.104507335,,,,,,,,,,,,,,,,,REG,BUF,NYJ,Dalton Kincaid,KincDa00,0.0,0.0,0.0,116.7
2024,REG,17,00-0037475,S.Smartt,TE,TE,LAC,16113,6ee105f0-ca2e-11ec-be96-e90abdfa0fef,24621.0,,8583.0,,4250764.0,34637.0,,2864800.0,SmarSt00,,16321.0,,,34637.0,0.0,,1056865.0,Stone Smartt,stone smartt,2,2,23.0,0,0.0,0.0,22.0,1.0,2.0,2.2655497,0,1.0454545,0.05,0.05820106,0.11574074,,,,,,,,,,,,,,,,,REG,LAC,NE,Stone Smartt,SmarSt00,0.0,0.0,0.0,114.6
2024,REG,17,00-0039041,E.Higgins,TE,TE,ARI,16333,a01b7698-d67f-4b60-b2fb-4c667336b718,23119.0,,10231.0,,4426844.0,40226.0,,3122914.0,HiggEl00,elijah-higgins-1,16959.0,,1469.0,40226.0,0.0,,1161853.0,Elijah Higgins,elijah higgins,2,3,23.0,0,0.0,0.0,7.0,21.0,2.0,0.9100482,0,3.2857144,0.06666667,0.022435898,0.115705125,,,,,,,,,,,,,,,,,REG,ARI,LA,Elijah Higgins,HiggEl00,0.0,0.0,0.0,89.6
2024,REG,17,00-0034159,W.Dissly,TE,TE,LAC,13763,383f4814-6836-4766-a297-fc063e8509cc,18049.0,30762.0,5010.0,,3127292.0,31090.0,,2139628.0,DissWi00,will-dissly-1,12986.0,13246.0,86.0,31090.0,837806.0,19950.0,837806.0,Will Dissly,will dissly,2,3,21.0,0,0.0,0.0,0.0,21.0,2.0,1.6463786,0,0.0,0.075,0.0,0.1125,,,,,,,,,,,,,,,,,REG,LAC,NE,Will Dissly,DissWi00,0.0,0.0,0.0,86.8
2024,REG,17,00-0034383,D.Schultz,TE,TE,HOU,13772,8caec1b4-e0b6-4a84-b8c8-617d6e91ef6a,17349.0,47304.0,5001.0,,3117256.0,31107.0,,2136748.0,SchuDa00,dalton-schultz-1,12514.0,13198.0,487.0,31107.0,830523.0,19920.0,830523.0,Dalton Schultz,dalton schultz,2,6,21.0,0,0.0,0.0,50.0,7.0,1.0,-4.166453,0,0.42,0.19354838,0.1633987,0.40470168,Dalton Schultz,HOU,5.62,2.953430747656307,6.226666666666666,12.66698311520987,33.33333333333333,21.0,0.0,4.205000000000005,2.625741179716215,1.5792588202837905,00-0034383,Dalton,Schultz,D.Schultz,REG,HOU,BAL,Dalton Schultz,SchuDa00,0.0,1.0,0.167,44.4
2024,REG,17,00-0032392,A.Hooper,TE,TE,NE,12677,90c2a93f-d837-4e1b-b57c-56648903a8db,15581.0,10715.0,3202.0,,3043275.0,29315.0,,2067004.0,HoopAu00,austin-hooper-1,10748.0,11301.0,384.0,29315.0,739424.0,17963.0,739424.0,Austin Hooper,austin hooper,3,3,19.0,0,0.0,0.0,15.0,4.0,1.0,-1.8952233,0,1.2666667,0.13043478,0.07009346,0.2447176,,,,,,,,,,,,,,,,,REG,NE,LAC,Austin Hooper,HoopAu00,0.0,0.0,0.0,93.1
2024,REG,17,00-0038041,J.Ferguson,TE,TE,DAL,15799,f46eab3d-d7dd-4420-b3f9-6da9ac1308ab,22718.0,,8110.0,,4242355.0,34085.0,,2867159.0,FergJa00,jake-ferguson-1,15947.0,,1258.0,34085.0,0.0,,1065361.0,Jake Ferguson,jake ferguson,3,5,18.0,0,1.0,1.0,27.0,8.0,0.0,-4.8481574,0,0.6666667,0.1724138,0.10227273,0.3302116,Jake Ferguson,DAL,5.5200000000000005,2.6004872080478787,5.284000000000002,10.321118837409175,60.0,18.0,0.0,2.8999999999999986,2.7780101268617727,0.12198987313822585,00-0038041,Jake,Ferguson,J.Ferguson,REG,DAL,PHI,Jake Ferguson,FergJa00,0.0,0.0,0.0,67.1
2024,REG,17,00-0036628,J.Bates,TE,TE,WAS,15344,3208880b-949f-4926-85eb-1940770550ea,22833.0,42275.0,7716.0,,4048228.0,33512.0,,2257291.0,BateJo00,john-bates-1,15289.0,,,33512.0,0.0,,944038.0,John Bates,john bates,1,1,14.0,0,0.0,0.0,6.0,8.0,1.0,1.6885636,0,2.3333333,0.028571429,0.024793388,0.060212515,,,,,,,,,,,,,,,,,REG,WAS,ATL,John Bates,BateJo00,0.0,0.0,0.0,118.7
2024,REG,17,00-0039066,M.Mayer,TE,TE,LV,16212,31f4645a-7ccb-4633-8580-2fca361beb4f,23056.0,,9482.0,,4429086.0,40065.0,,3171673.0,MayeMi00,michael-mayer-1,16666.0,,1427.0,40065.0,0.0,,1232592.0,Michael Mayer,michael mayer,1,2,14.0,0,0.0,0.0,14.0,10.0,1.0,0.016018353,0,1.0,0.057142857,0.041297935,0.11462284,,,,,,,,,,,,,,,,,REG,LV,NO,Michael Mayer,MayeMi00,0.0,0.0,0.0,72.9
2024,REG,17,00-0031484,C.Manhertz,TE,TE,NYG,12955,7c7b5515-7786-4e24-9ce0-34e6a8bd5727,14014.0,10211.0,3048.0,,2531358.0,28365.0,,2167520.0,ManhCh00,,10033.0,10295.0,,28365.0,563293.0,17762.0,563293.0,Chris Manhertz,chris manhertz,1,1,12.0,0,0.0,0.0,7.0,5.0,0.0,0.9875829,0,1.7142857,0.045454547,0.038251366,0.09495778,,,,,,,,,,,,,,,,,REG,NYG,IND,Chris Manhertz,ManhCh00,0.0,0.0,0.0,116.7
2024,REG,17,00-0033110,T.Higbee,TE,TE,LA,12678,0df7912d-9e81-47ea-b4f7-d04986df4ee8,15623.0,10744.0,3271.0,,2573401.0,29344.0,,1853103.0,HigbTy00,tyler-higbee-1,10854.0,11430.0,159.0,29344.0,604176.0,18032.0,604176.0,Tyler Higbee,tyler higbee,2,3,9.0,0,0.0,0.0,7.0,3.0,1.0,-0.50226724,0,1.2857143,0.10714286,0.040697675,0.18920265,,,,,,,,,,,,,,,,,REG,LA,ARI,Tyler Higbee,HigbTy00,0.0,0.0,0.0,70.1
2024,REG,17,00-0037838,I.Likely,TE,TE,BAL,15798,f9279edb-cfa7-4f7d-91df-b81cbf3e133e,23781.0,,8131.0,,4361050.0,34095.0,,2961906.0,LikeIs00,isaiah-likely-1,16033.0,,1257.0,34095.0,0.0,,1125111.0,Isaiah Likely,isaiah likely,1,1,9.0,1,0.0,0.0,9.0,0.0,1.0,2.3409376,0,1.0,0.0625,0.04761905,0.12708333,,,,,,,,,,,,,,,,,REG,BAL,HOU,Isaiah Likely,LikeIs00,0.0,0.0,0.0,143.7
2024,REG,17,00-0032394,N.Vannett,TE,TE,TEN,12680,c731aa8a-778b-4ccd-a19f-517eb66f47b7,15645.0,10728.0,3258.0,,2576399.0,29328.0,,1871322.0,VannNi00,nick-vannett-1,10949.0,11329.0,,29328.0,606488.0,18019.0,606488.0,Nick Vannett,nick vannett,1,1,8.0,1,0.0,0.0,4.0,4.0,1.0,2.2646334,0,2.0,0.033333335,0.01438849,0.06007194,,,,,,,,,,,,,,,,,REG,TEN,JAX,Nick Vannett,VannNi00,0.0,0.0,0.0,139.6
2024,REG,17,00-0037304,C.Heyward,TE,TE,PIT,15800,62e96d7c-e4dd-4a90-8c3a-8017eb69120d,24562.0,,8181.0,,4241961.0,34163.0,,2867599.0,HeywCo00,connor-heyward-1,15916.0,,,34163.0,0.0,,1057457.0,Connor Heyward,connor heyward,1,1,8.0,0,0.0,0.0,8.0,0.0,1.0,0.31793305,0,1.0,0.028571429,0.032786883,0.06580796,,,,,,,,,,,,,,,,,REG,PIT,KC,Connor Heyward,HeywCo00,0.0,0.0,0.0,100.0
2024,REG,17,00-0038558,D.Washington,TE,TE,PIT,16216,1984b8b5-d206-4d6a-8204-c5dd0160e9f5,22967.0,,9479.0,,4430802.0,40094.0,,3163963.0,WashDa03,darnell-washington-1,16889.0,,1431.0,40094.0,0.0,,1218658.0,Darnell Washington,darnell washington,1,1,8.0,0,0.0,0.0,5.0,3.0,0.0,0.42363954,0,1.6,0.028571429,0.020491803,0.057201404,,,,,,,,,,,,,,,,,REG,PIT,KC,Darnell Washington,WashDa03,0.0,0.0,0.0,100.0
2024,REG,17,00-0033246,J.Mundt,TE,TE,MIN,13940,6414998b-5831-44aa-8bd8-39e42a323c2c,16743.0,12206.0,4314.0,,3052096.0,30373.0,,2818622.0,MundJo00,,12316.0,12525.0,,30373.0,740704.0,19165.0,740704.0,Johnny Mundt,johnny mundt,1,1,7.0,0,0.0,0.0,2.0,5.0,1.0,0.44582546,0,3.5,0.024390243,0.0064935065,0.041130822,,,,,,,,,,,,,,,,,REG,MIN,GB,Johnny Mundt,MundJo00,1.0,0.0,0.0,95.8
2024,REG,17,00-0038783,N.Adkins,TE,TE,DEN,16474,bcd0ae60-f31c-11ed-819c-fd03d0cc2698,25881.0,,11433.0,,4383440.0,40702.0,,2977285.0,AdkiNa00,,16992.0,,,40702.0,0.0,,1132517.0,Nate Adkins,nate adkins,1,1,7.0,0,0.0,0.0,-4.0,11.0,0.0,0.0661189,0,0.0,0.032258064,-0.017857144,0.035887096,,,,,,,,,,,,,,,,,REG,DEN,CIN,Nate Adkins,AdkiNa00,0.0,0.0,0.0,95.8
2024,REG,17,00-0036429,C.Woerner,TE,TE,ATL,14984,527dfee0-a242-4dc7-830a-ab7028308259,19665.0,42257.0,7075.0,,4035020.0,32860.0,,2248629.0,WoerCh00,charlie-woerner-1,14608.0,,,32860.0,0.0,22119.0,922040.0,Charlie Woerner,charlie woerner,1,1,6.0,0,0.0,0.0,6.0,0.0,0.0,0.28374487,0,1.0,0.028571429,0.013729977,0.05246813,,,,,,,,,,,,,,,,,REG,ATL,WAS,Charlie Woerner,WoerCh00,0.0,0.0,0.0,91.7
2024,REG,17,00-0036637,N.Gray,TE,TE,KC,15337,c97dfcb6-b999-476f-8487-f3848e92df17,19539.0,60878.0,7828.0,,4240472.0,33550.0,,2866903.0,GrayNo00,noah-gray-1,15459.0,,1059.0,33550.0,0.0,,1056981.0,Noah Gray,noah gray,1,1,6.0,0,0.0,0.0,0.0,6.0,0.0,0.259405,0,0.0,0.02631579,0.0,0.039473683,,,,,,,,,,,,,,,,,REG,KC,PIT,Noah Gray,GrayNo00,0.0,0.0,0.0,91.7
2024,REG,17,00-0036422,A.Trautman,TE,TE,DEN,14870,4e14183b-f974-4745-9d7f-8f5eb2a92a7d,19423.0,109795.0,6869.0,,3911853.0,32775.0,,2182228.0,TrauAd00,,14541.0,,566.0,32775.0,0.0,21786.0,875444.0,Adam Trautman,adam trautman,1,3,5.0,0,0.0,0.0,14.0,3.0,0.0,-1.2300423,0,0.35714287,0.09677419,0.0625,0.18891129,,,,,,,,,,,,,,,,,REG,DEN,CIN,Adam Trautman,TrauAd00,0.0,0.0,0.0,42.4
2024,REG,17,00-0039356,J.Sanders,TE,TE,CAR,16643,ffd2ff3f-4b56-4232-be8e-bf163c29f406,24334.0,,11600.0,,4431588.0,40995.0,,26731381.0,SandJa01,jatavion-sanders-1,17748.0,,1614.0,40995.0,0.0,,1326628.0,Ja'Tavion Sanders,jatavion sanders,1,1,5.0,0,0.0,0.0,3.0,2.0,0.0,-0.04338482,0,1.6666666,0.045454547,0.009868421,0.075089715,,,,,,,,,,,,,,,,,REG,CAR,TB,Ja'Tavion Sanders,SandJa01,0.0,0.0,0.0,87.5
2024,REG,17,00-0033439,P.Brown,TE,TE,SEA,13994,6733b953-de77-44e5-acbf-c2d3a0940243,16937.0,12247.0,4443.0,,2971281.0,30627.0,,2819155.0,BrowPh01,,11887.0,12737.0,,30627.0,689689.0,19304.0,689689.0,Pharaoh Brown,pharaoh brown,1,1,4.0,0,1.0,1.0,-1.0,5.0,0.0,-4.590662,0,0.0,0.045454547,-0.012658228,0.059321057,,,,,,,,,,,,,,,,,REG,SEA,CHI,Pharaoh Brown,BrowPh01,0.0,0.0,0.0,83.3
2024,REG,17,00-0035689,D.Knox,TE,TE,BUF,14143,5fb525c5-4e70-4ede-8c49-94ad0cf66b7d,18631.0,35883.0,5906.0,,3930086.0,31928.0,,2186345.0,KnoxDa00,dawson-knox-1,13466.0,13953.0,88.0,31928.0,884083.0,20850.0,884083.0,Dawson Knox,dawson knox,1,3,4.0,0,0.0,0.0,24.0,1.0,0.0,-1.2920917,0,0.16666667,0.11111111,0.11320755,0.24591196,,,,,,,,,,,,,,,,,REG,BUF,NYJ,Dawson Knox,KnoxDa00,0.0,0.0,0.0,42.4
2024,REG,17,00-0039144,L.Musgrave,TE,TE,GB,16215,77a4fb49-3c6c-4aa1-8a21-20956e2d2240,25282.0,,9481.0,,4428085.0,40074.0,,3129283.0,MusgLu00,luke-musgrave-1,16663.0,,1430.0,40074.0,0.0,,1179790.0,Luke Musgrave,luke musgrave,1,1,4.0,0,0.0,0.0,1.0,3.0,0.0,-1.2112421,0,4.0,0.03448276,0.0034364262,0.054129638,,,,,,,,,,,,,,,,,REG,GB,MIN,Luke Musgrave,MusgLu00,0.0,0.0,0.0,83.3
2024,REG,17,00-0035631,D.Sample,TE,TE,CIN,14146,15a4f552-ecaf-45bd-9006-aa5dda93bee6,18561.0,47259.0,6001.0,,3127310.0,31884.0,,2139646.0,SampDr00,drew-sample-1,13809.0,14111.0,435.0,31884.0,837824.0,20931.0,837824.0,Drew Sample,drew sample,1,1,3.0,0,0.0,0.0,2.0,1.0,1.0,0.52016276,0,1.5,0.020408163,0.005830904,0.03469388,,,,,,,,,,,,,,,,,REG,CIN,DEN,Drew Sample,SampDr00,0.0,0.0,0.0,79.2
2024,REG,17,00-0037539,L.Krull,TE,TE,DEN,15970,767b4820-cc9f-11ec-952e-a10f2c98fc4d,24240.0,,8249.0,,4360231.0,34654.0,,2961761.0,KrulLu00,,16259.0,,1328.0,34654.0,0.0,,1122323.0,Lucas Krull,lucas krull,1,1,3.0,0,0.0,0.0,-1.0,4.0,0.0,-0.09163924,0,0.0,0.032258064,-0.004464286,0.0452621,,,,,,,,,,,,,,,,,REG,DEN,CIN,Lucas Krull,KrulLu00,0.0,0.0,0.0,79.2
2024,REG,17,00-0039359,C.Stover,TE,TE,HOU,16642,559d5222-0403-4a14-94c7-c7bd5072c939,25269.0,,11599.0,,4426496.0,40987.0,,3125978.0,StovCa00,cade-stover-1,17794.0,,1613.0,40987.0,0.0,,1175182.0,Cade Stover,cade stover,1,1,1.0,0,0.0,0.0,-2.0,3.0,0.0,-0.6766209,0,0.0,0.032258064,-0.006535948,0.043811932,,,,,,,,,,,,,,,,,REG,HOU,BAL,Cade Stover,StovCa00,0.0,0.0,0.0,79.2
2024,REG,17,00-0033090,H.Henry,TE,TE,NE,12676,705899da-3c20-4bc3-b5d0-2e6e40655131,15561.0,10669.0,3214.0,,3046439.0,29269.0,,2079848.0,HenrHu00,hunter-henry-1,10735.0,11299.0,212.0,29269.0,744425.0,17975.0,744425.0,Hunter Henry,hunter henry,0,2,0.0,0,0.0,0.0,24.0,0.0,0.0,-2.2766225,0,0.0,0.08695652,0.11214953,0.20893946,,,,,,,,,,,,,,,,,REG,NE,LAC,Hunter Henry,HenrHu00,0.0,0.0,0.0,39.6
2024,REG,17,00-0033217,M.Alie-Cox,TE,TE,IND,13246,8809c0dd-786b-4255-a7d0-333c9498c19a,16579.0,12078.0,4054.0,moalie-cox/2558832,2998565.0,30112.0,,2815925.0,AlieMo00,,12196.0,12221.0,195.0,30112.0,712506.0,18900.0,712506.0,Mo Alie-Cox,mo alie-cox,0,1,0.0,0,0.0,0.0,23.0,0.0,0.0,-3.6496308,0,0.0,0.027027028,0.061333332,0.083473876,,,,,,,,,,,,,,,,,REG,IND,NYG,Mo Alie-Cox,AlieMo00,0.0,0.0,0.0,0.0
2024,REG,17,00-0033895,G.Everett,TE,TE,CHI,13236,ebeceb00-57e0-4b74-9cf7-853da2afed18,16459.0,11799.0,4089.0,,3918639.0,30157.0,,2142692.0,EverGe00,gerald-everett-1,11737.0,12284.0,55.0,30157.0,838487.0,18935.0,838487.0,Gerald Everett,gerald everett,0,1,0.0,0,0.0,0.0,17.0,0.0,0.0,-0.4576827,0,0.0,0.03846154,0.1017964,0.12894979,,,,,,,,,,,,,,,,,REG,CHI,SEA,Gerald Everett,EverGe00,0.0,0.0,0.0,39.6
2024,REG,17,00-0036244,C.Parkinson,TE,TE,LA,14871,1ea7affb-e5e7-491a-aaa3-55e200b2eb48,19372.0,52266.0,6865.0,,4242557.0,32803.0,,2867522.0,ParkCo02,colby-parkinson-1,14463.0,,565.0,32803.0,0.0,21807.0,1060312.0,Colby Parkinson,colby parkinson,0,1,0.0,0,0.0,0.0,8.0,0.0,0.0,-0.44750598,0,0.0,0.035714287,0.046511628,0.08612957,,,,,,,,,,,,,,,,,REG,LA,ARI,Colby Parkinson,ParkCo02,0.0,0.0,0.0,39.6
2024,REG,17,00-0036510,K.Yeboah,TE,TE,NYJ,15339,990c2825-ca25-4da9-9966-269363a9bb91,22815.0,42196.0,7597.0,,4044144.0,33705.0,,2256993.0,YeboKe00,,15339.0,,,33705.0,0.0,,943843.0,Kenny Yeboah,kenny yeboah,0,2,0.0,0,0.0,0.0,14.0,0.0,0.0,-1.597656,0,0.0,0.06451613,0.11111111,0.17455198,,,,,,,,,,,,,,,,,REG,NYJ,BUF,Kenny Yeboah,YeboKe00,0.0,2.0,1.0,39.6
2024,REG,17,00-0036590,Q.Morris,TE,TE,BUF,15341,eab74cbc-ed11-46b3-bd16-1d4c997adc22,22820.0,61182.0,7536.0,,4244049.0,33819.0,,2864581.0,,,15460.0,,,33819.0,0.0,,1059680.0,Quintin Morris,quintin morris,0,1,0.0,0,0.0,0.0,24.0,0.0,0.0,-0.41020802,0,0.0,0.037037037,0.11320755,0.13480084,,,,,,,,,,,,,,,,,,,,,,,,,
2024,REG,17,00-0038589,J.Whyle,TE,TE,TEN,16312,601467c7-b593-472d-a147-b8e7bfdbe990,22923.0,,10212.0,,4360086.0,40182.0,,2962513.0,WhylJo01,josh-whyle-1,16866.0,,1471.0,40182.0,0.0,,1107037.0,Josh Whyle,josh whyle,0,1,0.0,0,0.0,0.0,20.0,0.0,0.0,-0.25089917,0,0.0,0.033333335,0.07194245,0.100359716,,,,,,,,,,,,,,,,,REG,TEN,JAX,Josh Whyle,WhylJo01,0.0,0.0,0.0,39.6
2024,REG,17,00-0038935,B.Strange,TE,TE,JAX,16269,94f135f7-9d54-4cbd-b560-fcaf83d414b0,25345.0,,9480.0,,4430539.0,40078.0,,3121696.0,StraBr00,brenton-strange-1,17017.0,,1461.0,40078.0,0.0,,1164940.0,Brenton Strange,brenton strange,0,1,0.0,0,0.0,0.0,4.0,0.0,0.0,-1.6469574,0,0.0,0.04761905,0.031496063,0.09347582,,,,,,,,,,,,,,,,,REG,JAX,TEN,Brenton Strange,StraBr00,0.0,0.0,0.0,39.6
2024,REG,17,00-0039074,D.Allen,TE,TE,LA,16219,02a77d8c-3b89-4a61-86a2-0c005c1e589a,23761.0,,10214.0,,4426553.0,40164.0,,3123267.0,AlleDa02,davis-allen-1,17030.0,,1434.0,40164.0,0.0,,1161664.0,Davis Allen,davis allen,0,1,0.0,0,0.0,0.0,19.0,0.0,0.0,-0.39827204,0,0.0,0.035714287,0.11046512,0.13089702,,,,,,,,,,,,,,,,,REG,LA,ARI,Davis Allen,AlleDa02,0.0,0.0,0.0,39.6
2024,REG,18,00-0036894,P.Freiermuth,TE,TE,PIT,15331,04f0fefe-9d9d-44f5-94ea-6df2a42df3c6,20163.0,84085.0,7600.0,,4361411.0,33443.0,,2961270.0,FreiPa00,pat-freiermuth-1,15267.0,,1053.0,33443.0,0.0,,1116662.0,Pat Freiermuth,pat freiermuth,8,11,85.0,1,0.0,0.0,68.0,36.0,4.0,3.8771317,0,1.25,0.37931034,0.33009708,0.80003345,Pat Freiermuth,PIT,10.467142857142857,3.860131886164136,6.053636363636364,34.3070582174137,72.72727272727273,85.0,1.0,4.7475000000000005,4.1197366757995955,0.627763324200405,00-0036894,Pat,Freiermuth,P.Freiermuth,REG,PIT,CIN,Pat Freiermuth,FreiPa00,0.0,1.0,0.091,125.2
2024,REG,18,00-0036040,J.Johnson,TE,TE,NO,14861,0226b03b-f91d-4223-9813-9fcd2e9c3acc,19562.0,28305.0,7002.0,,3929645.0,33113.0,,2186637.0,JohnJu02,,14630.0,,575.0,33113.0,0.0,21738.0,884609.0,Juwan Johnson,juwan johnson,6,7,80.0,0,0.0,0.0,57.0,38.0,4.0,6.5537205,0,1.4035088,0.17948718,0.17378049,0.3908771,Juwan Johnson,NO,6.579999999999999,3.3667062658321614,7.924285714285714,17.18774207541908,85.71428571428571,80.0,0.0,6.5566666666666675,6.051563355415401,0.5051033112512666,00-0036040,Juwan,Johnson,J.Johnson,REG,NO,TB,Juwan Johnson,JohnJu02,0.0,0.0,0.0,114.3
2024,REG,18,00-0034829,M.Gesicki,TE,TE,CIN,13672,1012cbe0-7eba-4169-bfca-183a0204e1a7,17272.0,47153.0,4993.0,,3116164.0,31012.0,,2139298.0,GesiMi00,mike-gesicki-1,12764.0,13104.0,330.0,31012.0,836152.0,19853.0,836152.0,Mike Gesicki,mike gesicki,8,10,68.0,0,0.0,0.0,57.0,23.0,6.0,0.70344853,0,1.1929824,0.2173913,0.3015873,0.53719807,Mike Gesicki,CIN,4.691,3.3952202755680774,5.542,28.222233538727913,80.0,68.0,0.0,3.1675000000000004,3.6725820939000187,-0.5050820939000182,00-0034829,Michael,Gesicki,M.Gesicki,REG,CIN,PIT,Mike Gesicki,GesiMi00,0.0,0.0,0.0,95.0
2024,REG,18,00-0037744,T.McBride,TE,TE,ARI,15794,734d54cc-c869-4e2f-a60f-c59c493f5110,22936.0,,8130.0,,4361307.0,34010.0,,2963385.0,McBrTr01,trey-mcbride-1,15902.0,,1253.0,34010.0,0.0,,1108161.0,Trey McBride,trey mcbride,7,11,65.0,1,0.0,0.0,82.0,33.0,6.0,0.08621726,0,0.79268295,0.34375,0.367713,0.7730241,Trey McBride,ARI,4.861666666666666,2.522056343053735,7.513636363636363,36.767649806486055,63.63636363636363,65.0,1.0,4.941428571428572,5.580529242793042,-0.6391006713644698,00-0037744,Trey,McBride,T.McBride,REG,ARI,SF,Trey McBride,McBrTr01,1.0,0.0,0.0,110.0
2024,REG,18,00-0035644,N.Fant,TE,TE,SEA,14137,cdc98acc-9eb6-4b44-81bb-61d7b8a3b55f,17527.0,42388.0,5857.0,,4036131.0,31852.0,,2251095.0,FantNo00,noah-fant-1,13426.0,14050.0,243.0,31852.0,923911.0,20753.0,923911.0,Noah Fant,noah fant,5,6,63.0,1,0.0,0.0,37.0,33.0,3.0,3.9737492,0,1.7027028,0.22222222,0.17209302,0.45379844,Noah Fant,SEA,3.718,4.259230866843412,5.673333333333335,15.554032442312089,83.33333333333334,63.0,1.0,6.907999999999999,5.545978133209064,1.3620218667909345,00-0035644,Noah,Fant,N.Fant,REG,SEA,LA,Noah Fant,FantNo00,0.0,0.0,0.0,150.0
2024,REG,18,00-0039065,S.LaPorta,TE,TE,DET,16214,3059f1e5-1871-4458-9e90-9b9917874c61,22978.0,,10859.0,,4430027.0,40064.0,,3124197.0,LaPoSa01,sam-laporta-1,17033.0,,1429.0,40064.0,0.0,,1168926.0,Sam LaPorta,sam laporta,7,7,63.0,0,0.0,0.0,39.0,24.0,3.0,4.092756,0,1.6153846,0.21875,0.22941177,0.48871323,Sam LaPorta,DET,5.955000000000001,4.3918131913821785,5.147142857142858,23.069535151747978,100.0,63.0,0.0,3.8528571428571428,3.2515309308279337,0.6013262120292091,00-0039065,Sam,LaPorta,S.LaPorta,REG,DET,MIN,Sam LaPorta,LaPoSa01,0.0,0.0,0.0,104.2
2024,REG,18,00-0034364,J.Akins,TE,TE,CLE,13753,0cb5a32a-a340-4671-ba2a-93f5fa6aee8d,17415.0,47050.0,5032.0,,3128452.0,31068.0,,2142712.0,AkinJo00,jordan-akins-1,12568.0,13238.0,,31068.0,838396.0,19903.0,838396.0,Jordan Akins,jordan akins,6,8,60.0,1,0.0,0.0,66.0,24.0,3.0,4.2680383,0,0.90909094,0.24242425,0.26190478,0.5469697,Jordan Akins,CLE,4.456666666666667,3.6806524897856074,7.61875,25.607091841021763,75.0,60.0,1.0,4.528333333333332,4.996662284777462,-0.46832895144412934,00-0034364,Jordan,Akins,J.Akins,REG,CLE,BAL,Jordan Akins,AkinJo00,0.0,0.0,0.0,135.4
2024,REG,18,00-0038935,B.Strange,TE,TE,JAX,16269,94f135f7-9d54-4cbd-b560-fcaf83d414b0,25345.0,,9480.0,,4430539.0,40078.0,,3121696.0,StraBr00,brenton-strange-1,17017.0,,1461.0,40078.0,0.0,,1164940.0,Brenton Strange,brenton strange,4,4,60.0,0,0.0,0.0,36.0,24.0,4.0,6.477677,0,1.6666666,0.12903225,0.13333334,0.28688172,,,,,,,,,,,,,,,,,REG,JAX,IND,Brenton Strange,StraBr00,1.0,0.0,0.0,118.7
2024,REG,18,00-0033858,J.Smith,TE,TE,MIA,13193,e4f25a37-74de-4bfb-b6c9-f50a4fab0b87,16460.0,11855.0,4144.0,,3054212.0,30213.0,,2081506.0,SmitJo01,jonnu-smith-1,11807.0,12344.0,84.0,30213.0,743749.0,18990.0,743749.0,Jonnu Smith,jonnu smith,9,12,56.0,1,1.0,1.0,60.0,30.0,4.0,-3.072005,0,0.93333334,0.3243243,0.2173913,0.6386604,Jonnu Smith,MIA,5.630909090909091,3.0789250997577287,4.639166666666667,21.178574145933197,75.0,56.0,1.0,3.848888888888889,4.465335825491049,-0.6164469366021605,00-0033858,Jonnu,Smith,J.Smith,REG,MIA,NYJ,Jonnu Smith,SmitJo01,0.0,0.0,0.0,111.8
2024,REG,18,00-0034351,D.Goedert,TE,TE,PHI,13674,e8029983-87cf-49a2-bc04-04c8233a0630,17270.0,47272.0,5022.0,,3121023.0,31019.0,,2132551.0,GoedDa00,,12860.0,13151.0,382.0,31019.0,791365.0,19863.0,791365.0,Dallas Goedert,dallas goedert,4,6,55.0,0,0.0,0.0,44.0,26.0,4.0,4.0983825,0,1.25,0.14634146,0.16296296,0.33358628,Dallas Goedert,PHI,6.8066666666666675,2.6681942526628837,7.231666666666668,16.348291322858973,66.66666666666666,55.0,0.0,6.444999999999999,6.9237988906527335,-0.47879889065273407,00-0034351,Dallas,Goedert,D.Goedert,REG,PHI,NYG,Dallas Goedert,GoedDa00,0.0,0.0,0.0,95.8
2024,REG,18,00-0034753,M.Andrews,TE,TE,BAL,13671,0618f387-9b72-4270-8b8f-dec4cccc9e4a,17269.0,47436.0,5012.0,,3116365.0,31056.0,,2131121.0,AndrMa00,mark-andrews-1,12559.0,13182.0,366.0,31056.0,820699.0,19803.0,820699.0,Mark Andrews,mark andrews,4,8,54.0,1,0.0,0.0,126.0,0.0,3.0,1.276004,0,0.42857143,0.26666668,0.4532374,0.7172662,Mark Andrews,BAL,4.97625,1.376561781688416,15.46625,44.11838117311463,50.0,54.0,1.0,0.8324999999999996,1.263476348126737,-0.43097634812673746,00-0034753,Mark,Andrews,M.Andrews,REG,BAL,CLE,Mark Andrews,AndrMa00,0.0,1.0,0.125,111.5
2024,REG,18,00-0039338,B.Bowers,TE,TE,LV,16641,ad9fc7e3-0a6d-4e41-84c2-cf43b71aee13,22955.0,,11604.0,,4432665.0,40878.0,,26693971.0,BoweBr01,brock-bowers-1,17693.0,,1612.0,40878.0,0.0,,1285917.0,Brock Bowers,brock bowers,4,9,50.0,1,0.0,0.0,100.0,19.0,3.0,-2.1348116,0,0.5,0.2647059,0.33898306,0.63434696,Brock Bowers,LV,7.02125,2.584424670205557,11.833333333333334,34.92375799311362,44.44444444444444,50.0,1.0,4.8975,2.710090299152455,2.187409700847545,00-0039338,Brock,Bowers,B.Bowers,REG,LV,LAC,Brock Bowers,BoweBr01,1.0,1.0,0.111,99.3
2024,REG,18,00-0033110,T.Higbee,TE,TE,LA,12678,0df7912d-9e81-47ea-b4f7-d04986df4ee8,15623.0,10744.0,3271.0,,2573401.0,29344.0,,1853103.0,HigbTy00,tyler-higbee-1,10854.0,11430.0,159.0,29344.0,604176.0,18032.0,604176.0,Tyler Higbee,tyler higbee,5,7,46.0,1,0.0,0.0,12.0,34.0,3.0,3.8691945,0,3.8333333,0.175,0.05970149,0.30429104,Tyler Higbee,LAR,4.930000000000001,3.298474844864358,1.1828571428571435,4.250731557061453,71.42857142857143,46.0,1.0,7.064,5.317162351078059,1.7468376489219413,00-0033110,Tyler,Higbee,T.Higbee,REG,LA,SEA,Tyler Higbee,HigbTy00,0.0,0.0,0.0,128.6
2024,REG,18,00-0030061,Z.Ertz,TE,TE,WAS,11247,de3421f7-2147-4835-89a5-724e87bad463,11689.0,7816.0,1339.0,zachertz/2540158,15835.0,26658.0,,1685963.0,ErtzZa00,zach-ertz-1,8781.0,8409.0,305.0,26658.0,503177.0,14856.0,503177.0,Zach Ertz,zach ertz,5,5,44.0,1,0.0,0.0,32.0,12.0,3.0,2.7889059,0,1.375,0.16666667,0.103896104,0.32272726,Zach Ertz,WAS,6.712000000000001,2.076891859830647,6.0120000000000005,9.851538688427883,100.0,44.0,1.0,2.788,2.216444064956508,0.571555935043492,00-0030061,Zachary,Ertz,Z.Ertz,REG,WAS,DAL,Zach Ertz,ErtzZa00,0.0,0.0,0.0,142.9
2024,REG,18,00-0034159,W.Dissly,TE,TE,LAC,13763,383f4814-6836-4766-a297-fc063e8509cc,18049.0,30762.0,5010.0,,3127292.0,31090.0,,2139628.0,DissWi00,will-dissly-1,12986.0,13246.0,86.0,31090.0,837806.0,19950.0,837806.0,Will Dissly,will dissly,5,6,42.0,1,0.0,0.0,19.0,26.0,3.0,3.096574,0,2.2105262,0.17142858,0.07037037,0.30640212,Will Dissly,LAC,6.872,3.6422588699486327,4.446666666666666,9.402643171806167,83.33333333333334,42.0,1.0,5.084000000000001,4.18501717829381,0.8989828217061913,00-0034159,Will,Dissly,W.Dissly,REG,LAC,LV,Will Dissly,DissWi00,0.0,0.0,0.0,135.4
2024,REG,18,00-0037838,I.Likely,TE,TE,BAL,15798,f9279edb-cfa7-4f7d-91df-b81cbf3e133e,23781.0,,8131.0,,4361050.0,34095.0,,2961906.0,LikeIs00,isaiah-likely-1,16033.0,,1257.0,34095.0,0.0,,1125111.0,Isaiah Likely,isaiah likely,3,5,38.0,0,0.0,0.0,42.0,14.0,2.0,2.8906612,0,0.9047619,0.16666667,0.15107913,0.3557554,Isaiah Likely,BAL,10.586666666666666,3.3275403604031033,7.901999999999999,14.0880727402389,60.0,38.0,0.0,5.173333333333335,5.91202741221385,-0.7386940788805152,00-0037838,Isaiah,Likely,I.Likely,REG,BAL,CLE,Isaiah Likely,LikeIs00,0.0,0.0,0.0,83.7
2024,REG,18,00-0038996,T.Kraft,TE,TE,GB,16222,3a084c5f-6b9f-4703-a0c7-1566bc4b1129,25298.0,,9484.0,,4572680.0,40102.0,,3133332.0,KrafTu00,,16649.0,,1418.0,40102.0,0.0,,1181874.0,Tucker Kraft,tucker kraft,4,7,36.0,0,0.0,0.0,37.0,19.0,1.0,-1.4665623,0,0.972973,0.28,0.17961165,0.54572815,Tucker Kraft,GB,9.2425,3.3440555159436913,4.977142857142858,17.660178426601785,57.14285714285714,36.0,0.0,5.705000000000001,6.800084821429664,-1.095084821429663,00-0038996,Tucker,Kraft,T.Kraft,REG,GB,CHI,Tucker Kraft,KrafTu00,1.0,0.0,0.0,71.1
2024,REG,18,00-0039754,D.Culp,TE,TE,TB,16796,c62dcaf1-79e3-4e15-8fb0-e7cb30a18fe4,26440.0,,11820.0,,4361112.0,41120.0,,2967413.0,CulpDe00,devin-culp-1,17965.0,,,41120.0,0.0,,1107536.0,Devin Culp,devin culp,2,2,36.0,0,0.0,0.0,23.0,13.0,2.0,4.577544,0,1.5652174,0.06451613,0.092369474,0.16143283,,,,,,,,,,,,,,,,,REG,TB,NO,Devin Culp,CulpDe00,0.0,0.0,0.0,118.7
2024,REG,18,00-0039356,J.Sanders,TE,TE,CAR,16643,ffd2ff3f-4b56-4232-be8e-bf163c29f406,24334.0,,11600.0,,4431588.0,40995.0,,26731381.0,SandJa01,jatavion-sanders-1,17748.0,,1614.0,40995.0,0.0,,1326628.0,Ja'Tavion Sanders,jatavion sanders,3,5,35.0,0,0.0,0.0,41.0,19.0,2.0,1.5652086,0,0.85365856,0.14285715,0.13225806,0.30686635,Ja'Tavion Sanders,CAR,8.14,3.571702880399414,7.090000000000003,12.144986124910075,60.0,35.0,0.0,6.656666666666662,6.663315066730926,-0.006648400064264592,00-0039356,Ja'Tavion,Sanders,J.Sanders,REG,CAR,ATL,Ja'Tavion Sanders,SandJa01,0.0,0.0,0.0,81.2
2024,REG,18,00-0039793,A.Barner,TE,TE,SEA,16723,e96127b4-d381-43d4-b0ae-8790c706756f,26335.0,,11603.0,,4576297.0,41001.0,,3169283.0,BarnAJ00,aj-barner-1,17811.0,,1629.0,41001.0,0.0,,1229503.0,AJ Barner,aj barner,5,5,34.0,1,0.0,0.0,7.0,27.0,4.0,3.3783255,0,4.857143,0.18518518,0.03255814,0.30056846,AJ Barner,SEA,7.283333333333334,3.3324168798587173,1.276000000000001,2.915238748000916,100.0,34.0,1.0,5.707999999999999,3.3636631989189483,2.344336801081051,00-0039793,A.J.,Barner,A.Barner,REG,SEA,LA,AJ Barner,BarnAJ00,0.0,0.0,0.0,134.6
2024,REG,18,00-0034981,F.Moreau,TE,TE,NO,14239,9c3a67fd-5c6e-4689-9e08-9ff6d4db6c9a,18397.0,47043.0,5985.0,,3843945.0,31969.0,,2180634.0,MoreFo00,foster-moreau-1,13822.0,14154.0,179.0,31969.0,865573.0,20884.0,865573.0,Foster Moreau,foster moreau,4,4,31.0,0,0.0,0.0,13.0,18.0,2.0,0.43412358,0,2.3846154,0.102564104,0.039634146,0.18159005,,,,,,,,,,,,,,,,,REG,NO,TB,Foster Moreau,MoreFo00,0.0,0.0,0.0,99.0
2024,REG,18,00-0037005,T.Tremble,TE,TE,CAR,15332,cbee2fd3-e5f2-4316-bffd-531f1873f032,22795.0,84025.0,7694.0,,4372780.0,33471.0,,2969027.0,TremTo00,tommy-tremble-1,15371.0,,1054.0,33471.0,0.0,,1130555.0,Tommy Tremble,tommy tremble,2,3,30.0,1,0.0,0.0,24.0,18.0,2.0,3.659929,0,1.25,0.08571429,0.077419356,0.18276498,,,,,,,,,,,,,,,,,REG,CAR,ATL,Tommy Tremble,TremTo00,0.0,0.0,0.0,138.9
2024,REG,18,00-0034383,D.Schultz,TE,TE,HOU,13772,8caec1b4-e0b6-4a84-b8c8-617d6e91ef6a,17349.0,47304.0,5001.0,,3117256.0,31107.0,,2136748.0,SchuDa00,dalton-schultz-1,12514.0,13198.0,487.0,31107.0,830523.0,19920.0,830523.0,Dalton Schultz,dalton schultz,3,3,29.0,0,0.0,0.0,25.0,4.0,1.0,1.8827801,0,1.16,0.10714286,0.13812155,0.25739938,,,,,,,,,,,,,,,,,REG,HOU,TEN,Dalton Schultz,SchuDa00,0.0,0.0,0.0,106.9
2024,REG,18,00-0038589,J.Whyle,TE,TE,TEN,16312,601467c7-b593-472d-a147-b8e7bfdbe990,22923.0,,10212.0,,4360086.0,40182.0,,2962513.0,WhylJo01,josh-whyle-1,16866.0,,1471.0,40182.0,0.0,,1107037.0,Josh Whyle,josh whyle,5,7,29.0,0,0.0,0.0,33.0,13.0,1.0,-0.882168,1,0.8787879,0.26923078,0.110367894,0.4811037,Josh Whyle,TEN,5.854,3.97616046728627,3.5457142857142863,9.150230414746547,71.42857142857143,29.0,0.0,2.2059999999999995,2.2745412006443075,-0.06854120064430802,00-0038589,Josh,Whyle,J.Whyle,REG,TEN,HOU,Josh Whyle,WhylJo01,0.0,0.0,0.0,78.9
2024,REG,18,00-0032392,A.Hooper,TE,TE,NE,12677,90c2a93f-d837-4e1b-b57c-56648903a8db,15581.0,10715.0,3202.0,,3043275.0,29315.0,,2067004.0,HoopAu00,austin-hooper-1,10748.0,11301.0,384.0,29315.0,739424.0,17963.0,739424.0,Austin Hooper,austin hooper,4,6,27.0,0,0.0,0.0,25.0,8.0,1.0,-1.4303313,0,1.08,0.21428572,0.08802817,0.3830483,Austin Hooper,NE,6.9799999999999995,1.4553305874239262,4.239999999999999,8.865965010106642,66.66666666666666,27.0,0.0,1.8550000000000004,1.4807413620447107,0.3742586379552897,00-0032392,Austin,Hooper,A.Hooper,REG,NE,BUF,Austin Hooper,HoopAu00,0.0,0.0,0.0,76.4
2024,REG,18,00-0033288,G.Kittle,TE,TE,SF,13299,2ada91b0-036e-454f-83c3-6d939ff584a9,16499.0,11901.0,4217.0,,3040151.0,30259.0,,2818265.0,KittGe00,george-kittle-1,11892.0,12276.0,298.0,30259.0,733672.0,19063.0,733672.0,George Kittle,george kittle,2,3,27.0,0,0.0,0.0,36.0,12.0,1.0,0.2918446,0,0.75,0.071428575,0.10746269,0.18236674,,,,,,,,,,,,,,,,,REG,SF,ARI,George Kittle,KittGe00,0.0,0.0,0.0,95.1
2024,REG,18,00-0032394,N.Vannett,TE,TE,TEN,12680,c731aa8a-778b-4ccd-a19f-517eb66f47b7,15645.0,10728.0,3258.0,,2576399.0,29328.0,,1871322.0,VannNi00,nick-vannett-1,10949.0,11329.0,,29328.0,606488.0,18019.0,606488.0,Nick Vannett,nick vannett,2,2,26.0,0,0.0,0.0,-2.0,28.0,2.0,1.9470367,0,0.0,0.07692308,-0.006688963,0.11070234,,,,,,,,,,,,,,,,,REG,TEN,HOU,Nick Vannett,VannNi00,0.0,0.0,0.0,118.7
2024,REG,18,00-0037569,P.Hendershot,TE,TE,KC,16000,944893b0-d30e-11ec-8b77-45b1765fd110,22971.0,,8197.0,,4258248.0,34607.0,,2867545.0,HendPe01,,16041.0,,,34607.0,0.0,,1065138.0,Peyton Hendershot,peyton hendershot,2,2,25.0,0,0.0,0.0,8.0,17.0,1.0,0.8687995,0,3.125,0.11764706,0.06666667,0.22313726,,,,,,,,,,,,,,,,,REG,KC,DEN,Peyton Hendershot,HendPe01,0.0,0.0,0.0,118.7
2024,REG,18,00-0038783,N.Adkins,TE,TE,DEN,16474,bcd0ae60-f31c-11ed-819c-fd03d0cc2698,25881.0,,11433.0,,4383440.0,40702.0,,2977285.0,AdkiNa00,,16992.0,,,40702.0,0.0,,1132517.0,Nate Adkins,nate adkins,3,3,25.0,0,0.0,0.0,8.0,17.0,1.0,1.2468512,0,3.125,0.10344828,0.048780486,0.18931876,,,,,,,,,,,,,,,,,REG,DEN,KC,Nate Adkins,AdkiNa00,0.0,0.0,0.0,101.4
2024,REG,18,00-0037292,A.Ogletree,TE,TE,IND,15916,59f460a8-b5af-40e6-840c-429762b278b3,24561.0,,8489.0,,4722908.0,34148.0,,2672594.0,OgleAn00,,16277.0,,1315.0,34148.0,0.0,,1271740.0,Andrew Ogletree,andrew ogletree,1,1,21.0,0,0.0,0.0,12.0,9.0,1.0,1.233296,0,1.75,0.025641026,0.032258064,0.061042182,,,,,,,,,,,,,,,,,REG,IND,JAX,Andrew Ogletree,OgleAn00,0.0,0.0,0.0,118.7
2024,REG,18,00-0039066,M.Mayer,TE,TE,LV,16212,31f4645a-7ccb-4633-8580-2fca361beb4f,23056.0,,9482.0,,4429086.0,40065.0,,3171673.0,MayeMi00,michael-mayer-1,16666.0,,1427.0,40065.0,0.0,,1232592.0,Michael Mayer,michael mayer,4,4,21.0,0,0.0,0.0,10.0,11.0,1.0,0.08334623,0,2.1,0.11764706,0.033898305,0.2001994,,,,,,,,,,,,,,,,,REG,LV,LAC,Michael Mayer,MayeMi00,1.0,0.0,0.0,88.5
2024,REG,18,00-0036510,K.Yeboah,TE,TE,NYJ,15339,990c2825-ca25-4da9-9966-269363a9bb91,22815.0,42196.0,7597.0,,4044144.0,33705.0,,2256993.0,YeboKe00,,15339.0,,,33705.0,0.0,,943843.0,Kenny Yeboah,kenny yeboah,2,2,20.0,0,0.0,0.0,13.0,7.0,1.0,1.3561878,0,1.5384616,0.057142857,0.06403941,0.13054188,,,,,,,,,,,,,,,,,REG,NYJ,MIA,Kenny Yeboah,YeboKe00,0.0,0.0,0.0,108.3
2024,REG,18,00-0036590,Q.Morris,TE,TE,BUF,15341,eab74cbc-ed11-46b3-bd16-1d4c997adc22,22820.0,61182.0,7536.0,,4244049.0,33819.0,,2864581.0,,,15460.0,,,33819.0,0.0,,1059680.0,Quintin Morris,quintin morris,3,4,20.0,0,0.0,0.0,11.0,14.0,1.0,0.3853022,0,1.8181819,0.12903225,0.047413792,0.22673804,,,,,,,,,,,,,,,,,,,,,,,,,
2024,REG,18,00-0039144,L.Musgrave,TE,TE,GB,16215,77a4fb49-3c6c-4aa1-8a21-20956e2d2240,25282.0,,9481.0,,4428085.0,40074.0,,3129283.0,MusgLu00,luke-musgrave-1,16663.0,,1430.0,40074.0,0.0,,1179790.0,Luke Musgrave,luke musgrave,1,1,19.0,0,0.0,0.0,19.0,0.0,1.0,1.2998139,0,1.0,0.04,0.09223301,0.124563105,,,,,,,,,,,,,,,,,REG,GB,CHI,Luke Musgrave,MusgLu00,0.0,0.0,0.0,118.7
2024,REG,18,00-0039420,J.Bell,TE,TE,NE,16646,c9b2f6f5-b8bc-48ca-ac33-fa18883c2f6b,24747.0,,11605.0,,4429262.0,41106.0,,3169583.0,BellJa00,jaheim-bell-1,17848.0,,,41106.0,0.0,,1229765.0,Jaheim Bell,jaheim bell,1,1,19.0,0,0.0,0.0,17.0,2.0,1.0,1.4942634,0,1.117647,0.035714287,0.059859157,0.095472835,,,,,,,,,,,,,,,,,REG,NE,BUF,Jaheim Bell,BellJa00,0.0,0.0,0.0,118.7
2024,REG,18,00-0033576,E.Saubert,TE,TE,SF,13315,582dc00e-e7ec-4ca7-bff0-f7b1d604017b,16706.0,11929.0,4189.0,,2975863.0,30287.0,,2001018.0,SaubEr00,,11897.0,12300.0,,30287.0,694931.0,19035.0,694931.0,Eric Saubert,eric saubert,4,5,17.0,0,1.0,0.0,20.0,3.0,2.0,-1.0858461,0,0.85,0.11904762,0.05970149,0.22036247,Eric Saubert,SF,5.79,1.9895350153553881,4.258,7.174872779968322,80.0,17.0,0.0,0.8700000000000001,0.8351400539212364,0.03485994607876375,00-0033576,Eric,Saubert,E.Saubert,REG,SF,ARI,Eric Saubert,SaubEr00,0.0,0.0,0.0,80.8
2024,REG,18,00-0031484,C.Manhertz,TE,TE,NYG,12955,7c7b5515-7786-4e24-9ce0-34e6a8bd5727,14014.0,10211.0,3048.0,,2531358.0,28365.0,,2167520.0,ManhCh00,,10033.0,10295.0,,28365.0,563293.0,17762.0,563293.0,Chris Manhertz,chris manhertz,1,1,16.0,0,0.0,0.0,2.0,14.0,1.0,1.4441313,0,8.0,0.035714287,0.01980198,0.06743281,,,,,,,,,,,,,,,,,REG,NYG,PHI,Chris Manhertz,ManhCh00,0.0,0.0,0.0,118.7
2024,REG,18,00-0034270,T.Conklin,TE,TE,NYJ,13675,f0d17dfa-ebf3-416c-a8d2-c6bc30675103,17598.0,47327.0,5133.0,,3915486.0,31220.0,,2165249.0,ConkTy00,tyler-conklin-1,12809.0,13220.0,489.0,31127.0,861278.0,19988.0,861278.0,Tyler Conklin,tyler conklin,2,3,16.0,1,0.0,0.0,23.0,9.0,2.0,0.80222905,0,0.6956522,0.08571429,0.113300495,0.20788178,,,,,,,,,,,,,,,,,REG,NYJ,MIA,Tyler Conklin,ConkTy00,0.0,0.0,0.0,119.4
2024,REG,18,00-0035249,J.Oliver,TE,TE,MIN,14209,dc83f7af-7b30-4c4a-9c93-f67bd8db954b,18487.0,47083.0,5973.0,,3921690.0,31901.0,,2184618.0,OlivJo00,josh-oliver-1,13786.0,14127.0,7.0,31901.0,881779.0,20899.0,881779.0,Josh Oliver,josh oliver,2,3,16.0,0,0.0,0.0,16.0,10.0,1.0,0.16225588,0,1.0,0.078947365,0.056537103,0.15799703,,,,,,,,,,,,,,,,,REG,MIN,DET,Josh Oliver,OlivJo00,0.0,0.0,0.0,79.9
2024,REG,18,00-0038547,L.Schoonmaker,TE,TE,DAL,16221,143957a7-4649-4a19-b351-e606edc75ebd,25267.0,,10871.0,,4372096.0,40061.0,,2968473.0,SchoLu00,luke-schoonmaker-1,16855.0,,1382.0,40061.0,0.0,,1130242.0,Luke Schoonmaker,luke schoonmaker,2,2,16.0,0,0.0,0.0,7.0,9.0,1.0,0.89620095,0,2.2857144,0.060606062,0.030837005,0.112495,,,,,,,,,,,,,,,,,REG,DAL,WAS,Luke Schoonmaker,SchoLu00,0.0,0.0,0.0,100.0
2024,REG,18,00-0039050,P.Durham,TE,TE,TB,16218,c4a8b4c9-5db8-4187-852b-9557bef8724e,25346.0,,10227.0,,4372505.0,40193.0,,2968469.0,DurhPa00,payne-durham-1,16720.0,,,40193.0,0.0,,1130260.0,Payne Durham,payne durham,2,2,16.0,1,0.0,0.0,15.0,1.0,1.0,3.1446686,0,1.0666667,0.06451613,0.060240965,0.13894287,,,,,,,,,,,,,,,,,REG,TB,NO,Payne Durham,DurhPa00,0.0,0.0,0.0,139.6
2024,REG,18,00-0036970,K.Pitts,TE,TE,ATL,15329,1f3deb24-9ff8-4769-8f42-825eff7742f6,20164.0,83964.0,7553.0,,4360248.0,33392.0,,2964514.0,PittKy00,kyle-pitts-1,15265.0,,1051.0,33392.0,0.0,,1123026.0,Kyle Pitts,kyle pitts,2,3,15.0,0,0.0,0.0,3.0,6.0,1.0,0.27269438,0,5.0,0.08108108,0.0071770335,0.12664555,,,,,,,,,,,,,,,,,REG,ATL,CAR,Kyle Pitts,PittKy00,0.0,0.0,0.0,78.5
2024,REG,18,00-0035631,D.Sample,TE,TE,CIN,14146,15a4f552-ecaf-45bd-9006-aa5dda93bee6,18561.0,47259.0,6001.0,,3127310.0,31884.0,,2139646.0,SampDr00,drew-sample-1,13809.0,14111.0,435.0,31884.0,837824.0,20931.0,837824.0,Drew Sample,drew sample,4,4,14.0,0,0.0,0.0,-5.0,19.0,1.0,0.057666335,0,0.0,0.08695652,-0.026455026,0.11191627,,,,,,,,,,,,,,,,,REG,CIN,PIT,Drew Sample,SampDr00,1.0,0.0,0.0,81.2
2024,REG,18,00-0036825,F.Franks,TE,TE,CAR,15244,79a849be-0552-4da9-89ff-11d20a7a764a,20081.0,40217.0,7531.0,,4034948.0,33729.0,,2221829.0,,,15324.0,,,33729.0,0.0,,910377.0,Feleipe Franks,feleipe franks,1,1,12.0,0,0.0,0.0,12.0,0.0,1.0,1.0012416,0,1.0,0.028571429,0.038709678,0.06995392,,,,,,,,,,,,,,,,,,,,,,,,,
2024,REG,18,00-0038041,J.Ferguson,TE,TE,DAL,15799,f46eab3d-d7dd-4420-b3f9-6da9ac1308ab,22718.0,,8110.0,,4242355.0,34085.0,,2867159.0,FergJa00,jake-ferguson-1,15947.0,,1258.0,34085.0,0.0,,1065361.0,Jake Ferguson,jake ferguson,2,4,12.0,0,0.0,0.0,8.0,8.0,1.0,-1.6043918,0,1.5,0.121212125,0.03524229,0.20648779,,,,,,,,,,,,,,,,,REG,DAL,WAS,Jake Ferguson,FergJa00,0.0,1.0,0.25,56.2
2024,REG,18,00-0034613,T.Hudson,TE,TE,CIN,14370,2fa75e05-cac4-4b40-8924-dbc9ae0c959c,17826.0,66924.0,5409.0,,3050481.0,31257.0,,2926606.0,,,13286.0,,,31257.0,1115394.0,20506.0,1115394.0,Tanner Hudson,tanner hudson,1,1,11.0,0,0.0,0.0,3.0,8.0,1.0,1.657077,0,3.6666667,0.02173913,0.015873017,0.043719806,,,,,,,,,,,,,,,,,,,,,,,,,
2024,REG,18,00-0039613,D.Holker,TE,TE,NO,16807,254a1f40-0572-11ef-8aed-f73fbdbd4575,24732.0,,11606.0,,4373634.0,41180.0,,2975555.0,,,17824.0,,,41180.0,0.0,,1131206.0,Dallin Holker,dallin holker,2,3,11.0,0,0.0,0.0,37.0,2.0,0.0,-1.6164029,0,0.2972973,0.07692308,0.112804875,0.19434804,,,,,,,,,,,,,,,,,,,,,,,,,
2024,REG,18,00-0037086,G.Calcaterra,TE,TE,PHI,15804,f6988cfa-2dcf-490b-ac80-9af8e4292efa,24180.0,,8177.0,,4241374.0,34154.0,,2804129.0,CalcGr00,grant-calcaterra-1,16039.0,,,34154.0,0.0,,976221.0,Grant Calcaterra,grant calcaterra,2,4,10.0,0,0.0,0.0,14.0,4.0,0.0,-0.77389103,0,0.71428573,0.09756097,0.05185185,0.18263777,,,,,,,,,,,,,,,,,REG,PHI,NYG,Grant Calcaterra,CalcGr00,0.0,0.0,0.0,56.2
2024,REG,18,00-0035229,T.Hockenson,TE,TE,MIN,14138,bd1120b6-38b3-4225-a4b0-20660a149d0d,18290.0,40912.0,5844.0,,4036133.0,31840.0,,2251097.0,HockTJ00,tj-hockenson-1,13610.0,14051.0,247.0,31840.0,923915.0,20805.0,923915.0,T.J. Hockenson,tj hockenson,2,8,9.0,0,0.0,0.0,77.0,0.0,1.0,-7.1425667,0,0.116883114,0.21052632,0.2720848,0.50624883,T.J. Hockenson,MIN,3.19,2.3584729471702905,9.055000000000003,24.1426428928512,25.0,9.0,0.0,1.0100000000000016,1.5262339156128064,-0.5162339156128049,00-0035229,Thomas,Hockenson,T.Hockenson,REG,MIN,DET,T.J. Hockenson,HockTJ00,0.0,0.0,0.0,39.6
2024,REG,18,00-0038115,D.Bellinger,TE,TE,NYG,15873,42a1c03e-790e-46ba-b0d5-d304e44c02c7,24238.0,,8225.0,,4361516.0,34068.0,,2963615.0,BellDa00,daniel-bellinger-1,16036.0,,1322.0,34068.0,0.0,,1122035.0,Daniel Bellinger,daniel bellinger,2,2,9.0,0,0.0,0.0,1.0,8.0,0.0,-0.9093807,0,9.0,0.071428575,0.00990099,0.11407355,,,,,,,,,,,,,,,,,REG,NYG,PHI,Daniel Bellinger,BellDa00,0.0,0.0,0.0,85.4
2024,REG,18,00-0036876,K.Granson,TE,TE,IND,15419,bcc0167c-05fd-4b23-981e-60b8784ceb33,22841.0,40630.0,7602.0,,4039160.0,33515.0,,2247146.0,GranKy00,kylen-granson-1,15245.0,,1119.0,33515.0,0.0,,921050.0,Kylen Granson,kylen granson,1,4,7.0,0,0.0,0.0,56.0,5.0,0.0,-3.9701147,0,0.125,0.102564104,0.15053764,0.2592225,,,,,,,,,,,,,,,,,REG,IND,JAX,Kylen Granson,GranKy00,0.0,0.0,0.0,39.6
2024,REG,18,00-0036244,C.Parkinson,TE,TE,LA,14871,1ea7affb-e5e7-491a-aaa3-55e200b2eb48,19372.0,52266.0,6865.0,,4242557.0,32803.0,,2867522.0,ParkCo02,colby-parkinson-1,14463.0,,565.0,32803.0,0.0,21807.0,1060312.0,Colby Parkinson,colby parkinson,1,1,6.0,0,0.0,0.0,0.0,6.0,0.0,0.30780926,0,0.0,0.025,0.0,0.0375,,,,,,,,,,,,,,,,,REG,LA,SEA,Colby Parkinson,ParkCo02,0.0,0.0,0.0,91.7
2024,REG,18,00-0037805,J.Ruckert,TE,TE,NYJ,15796,28f3732b-0910-4d09-9fd4-e43b821dc5bb,23742.0,,8145.0,,4361372.0,34057.0,,2965446.0,RuckJe00,jeremy-ruckert-1,15996.0,,1255.0,34057.0,0.0,,1122596.0,Jeremy Ruckert,jeremy ruckert,1,2,5.0,0,0.0,0.0,6.0,3.0,0.0,-1.54308,0,0.8333333,0.057142857,0.02955665,0.10640394,,,,,,,,,,,,,,,,,REG,NYJ,MIA,Jeremy Ruckert,RuckJe00,0.0,0.0,0.0,56.2
2024,REG,18,00-0036887,L.Farrell,TE,TE,JAX,15335,8a1f0e8e-6521-4a94-9934-ad4f76a25fd9,19501.0,42353.0,7842.0,,4040612.0,33533.0,,2260977.0,FarrLu00,luke-farrell-1,15566.0,,,33533.0,0.0,,946541.0,Luke Farrell,luke farrell,1,1,4.0,0,0.0,0.0,3.0,1.0,0.0,-0.23446901,0,1.3333334,0.032258064,0.011111111,0.056164876,,,,,,,,,,,,,,,,,REG,JAX,IND,Luke Farrell,FarrLu00,0.0,0.0,0.0,83.3
2024,REG,18,00-0036290,C.Kmet,TE,TE,CHI,14867,036feeb6-9a22-43c5-a8e3-7ac611d8ff49,19229.0,60995.0,6826.0,,4258595.0,32713.0,,2868619.0,KmetCo00,cole-kmet-1,14436.0,,569.0,32713.0,0.0,21772.0,1066765.0,Cole Kmet,cole kmet,2,2,3.0,0,0.0,0.0,3.0,0.0,0.0,-1.2733828,0,1.0,0.083333336,0.046153847,0.1573077,,,,,,,,,,,,,,,,,REG,CHI,GB,Cole Kmet,KmetCo00,0.0,0.0,0.0,79.2
2024,REG,18,00-0036637,N.Gray,TE,TE,KC,15337,c97dfcb6-b999-476f-8487-f3848e92df17,19539.0,60878.0,7828.0,,4240472.0,33550.0,,2866903.0,GrayNo00,noah-gray-1,15459.0,,1059.0,33550.0,0.0,,1056981.0,Noah Gray,noah gray,1,1,1.0,0,0.0,0.0,0.0,1.0,0.0,-0.755803,0,0.0,0.05882353,0.0,0.0882353,,,,,,,,,,,,,,,,,REG,KC,DEN,Noah Gray,GrayNo00,0.0,0.0,0.0,79.2
2024,REG,18,00-0033217,M.Alie-Cox,TE,TE,IND,13246,8809c0dd-786b-4255-a7d0-333c9498c19a,16579.0,12078.0,4054.0,moalie-cox/2558832,2998565.0,30112.0,,2815925.0,AlieMo00,,12196.0,12221.0,195.0,30112.0,712506.0,18900.0,712506.0,Mo Alie-Cox,mo alie-cox,0,1,0.0,0,0.0,0.0,18.0,0.0,0.0,-0.54730177,0,0.0,0.025641026,0.048387095,0.07233251,,,,,,,,,,,,,,,,,REG,IND,JAX,Mo Alie-Cox,AlieMo00,0.0,0.0,0.0,39.6
2024,REG,18,00-0034798,D.Smythe,TE,TE,MIA,13676,7e42a22a-c47b-4387-aeeb-2cc2e76dc1d8,17508.0,47257.0,5008.0,,3052897.0,31093.0,,2082845.0,SmytDu00,durham-smythe-1,12807.0,13249.0,,31093.0,749968.0,19943.0,749968.0,Durham Smythe,durham smythe,0,1,0.0,0,0.0,0.0,4.0,0.0,0.0,-0.40374297,0,0.0,0.027027028,0.014492754,0.05068547,,,,,,,,,,,,,,,,,REG,MIA,NYJ,Durham Smythe,SmytDu00,0.0,0.0,0.0,39.6
2024,REG,18,00-0036628,J.Bates,TE,TE,WAS,15344,3208880b-949f-4926-85eb-1940770550ea,22833.0,42275.0,7716.0,,4048228.0,33512.0,,2257291.0,BateJo00,john-bates-1,15289.0,,,33512.0,0.0,,944038.0,John Bates,john bates,0,1,0.0,0,0.0,0.0,32.0,0.0,0.0,-0.5318425,0,0.0,0.033333335,0.103896104,0.122727275,,,,,,,,,,,,,,,,,REG,WAS,DAL,John Bates,BateJo00,0.0,0.0,0.0,39.6
2024,REG,18,00-0038643,B.Willis,TE,TE,SF,16367,733cc366-53e3-4703-a2fc-2aa860272cf3,25469.0,,10224.0,,4360290.0,40261.0,,2963088.0,WillBr06,brayden-willis-1,17010.0,,,40261.0,0.0,,1125589.0,Brayden Willis,brayden willis,0,2,0.0,0,0.0,0.0,11.0,0.0,0.0,-1.446141,0,0.0,0.04761905,0.032835823,0.094413646,,,,,,,,,,,,,,,,,REG,SF,ARI,Brayden Willis,WillBr06,0.0,1.0,0.5,39.6
2024,REG,18,00-0038720,J.Hill,TE,TE,MIA,16425,516da3c0-f016-11ed-a518-572ef5cb73b6,25824.0,,11371.0,,4365395.0,40629.0,,2961743.0,HillJu02,,17335.0,,,40629.0,0.0,,1123630.0,Julian Hill,julian hill,0,1,0.0,0,0.0,0.0,0.0,0.0,0.0,-0.5391252,0,,0.027027028,0.0,0.04054054,,,,,,,,,,,,,,,,,REG,MIA,NYJ,Julian Hill,HillJu02,0.0,0.0,0.0,39.6
2024,REG,18,00-0039359,C.Stover,TE,TE,HOU,16642,559d5222-0403-4a14-94c7-c7bd5072c939,25269.0,,11599.0,,4426496.0,40987.0,,3125978.0,StovCa00,cade-stover-1,17794.0,,1613.0,40987.0,0.0,,1175182.0,Cade Stover,cade stover,0,1,0.0,0,0.0,0.0,16.0,0.0,0.0,-0.76258105,0,0.0,0.035714287,0.08839779,0.11544988,,,,,,,,,,,,,,,,,REG,HOU,TEN,Cade Stover,StovCa00,0.0,0.0,0.0,39.6
2024,POST,19,00-0035229,T.Hockenson,TE,TE,MIN,14138,bd1120b6-38b3-4225-a4b0-20660a149d0d,18290.0,40912.0,5844.0,,4036133.0,31840.0,,2251097.0,HockTJ00,tj-hockenson-1,13610.0,14051.0,247.0,31840.0,923915.0,20805.0,923915.0,T.J. Hockenson,tj hockenson,5,5,64.0,1,0.0,0.0,33.0,31.0,3.0,6.590606,0,1.939394,0.125,0.07857143,0.2425,T.J. Hockenson,MIN,4.287999999999999,2.5422289521717696,6.248,7.93618534701758,100.0,64.0,1.0,6.552,4.978852518388567,1.573147481611433,00-0035229,Thomas,Hockenson,T.Hockenson,WC,MIN,LA,T.J. Hockenson,HockTJ00,0.0,0.0,0.0,158.3
2024,POST,19,00-0033110,T.Higbee,TE,TE,LA,12678,0df7912d-9e81-47ea-b4f7-d04986df4ee8,15623.0,10744.0,3271.0,,2573401.0,29344.0,,1853103.0,HigbTy00,tyler-higbee-1,10854.0,11430.0,159.0,29344.0,604176.0,18032.0,604176.0,Tyler Higbee,tyler higbee,5,5,58.0,0,0.0,0.0,30.0,28.0,2.0,1.6946157,0,1.9333333,0.1923077,0.14634146,0.39090055,Tyler Higbee,LAR,4.212000000000001,4.238923367322565,4.855999999999997,12.804556481383822,100.0,58.0,0.0,6.744000000000002,3.1305517942045755,3.613448205795427,00-0033110,Tyler,Higbee,T.Higbee,WC,LA,MIN,Tyler Higbee,HigbTy00,0.0,0.0,0.0,115.0
2024,POST,19,00-0037838,I.Likely,TE,TE,BAL,15798,f9279edb-cfa7-4f7d-91df-b81cbf3e133e,23781.0,,8131.0,,4361050.0,34095.0,,2961906.0,LikeIs00,isaiah-likely-1,16033.0,,1257.0,34095.0,0.0,,1125111.0,Isaiah Likely,isaiah likely,3,4,53.0,0,0.0,0.0,36.0,24.0,2.0,2.9557748,0,1.4722222,0.21052632,0.31858408,0.53879833,,,,,,,,,,,,,,,,,WC,BAL,PIT,Isaiah Likely,LikeIs00,1.0,0.0,0.0,116.7
2024,POST,19,00-0034351,D.Goedert,TE,TE,PHI,13674,e8029983-87cf-49a2-bc04-04c8233a0630,17270.0,47272.0,5022.0,,3121023.0,31019.0,,2132551.0,GoedDa00,,12860.0,13151.0,382.0,31019.0,791365.0,19863.0,791365.0,Dallas Goedert,dallas goedert,4,6,47.0,1,0.0,0.0,25.0,39.0,2.0,1.381504,0,1.88,0.33333334,0.20833333,0.6458333,Dallas Goedert,PHI,8.07,4.092363597083088,4.126666666666668,19.257991755463955,66.66666666666666,47.0,1.0,9.745,4.545555517736432,5.1994444822635675,00-0034351,Dallas,Goedert,D.Goedert,WC,PHI,GB,Dallas Goedert,GoedDa00,1.0,0.0,0.0,129.9
2024,POST,19,00-0038933,D.Kincaid,TE,TE,BUF,16213,b961fa15-0676-4948-b95f-56d06319d40e,25247.0,,10236.0,,4385690.0,40048.0,,2982991.0,KincDa00,dalton-kincaid-1,16697.0,,1428.0,40048.0,0.0,,1135513.0,Dalton Kincaid,dalton kincaid,3,3,47.0,0,0.0,0.0,41.0,6.0,1.0,3.3875256,0,1.1463414,0.12,0.16872428,0.298107,,,,,,,,,,,,,,,,,WC,BUF,DEN,Dalton Kincaid,KincDa00,0.0,0.0,0.0,118.7
2024,POST,19,00-0035689,D.Knox,TE,TE,BUF,14143,5fb525c5-4e70-4ede-8c49-94ad0cf66b7d,18631.0,35883.0,5906.0,,3930086.0,31928.0,,2186345.0,KnoxDa00,dawson-knox-1,13466.0,13953.0,88.0,31928.0,884083.0,20850.0,884083.0,Dawson Knox,dawson knox,2,3,38.0,0,0.0,0.0,43.0,3.0,2.0,2.0153067,0,0.88372093,0.12,0.17695473,0.30386832,,,,,,,,,,,,,,,,,WC,BUF,DEN,Dawson Knox,KnoxDa00,0.0,0.0,0.0,109.7
2024,POST,19,00-0038129,C.Otton,TE,TE,TB,15802,f23517bd-ae85-484a-8ecb-1f7a2d851e48,23181.0,,8111.0,,4243331.0,34062.0,,2815179.0,OttoCa00,cade-otton-1,16032.0,,1261.0,34062.0,0.0,,1049263.0,Cade Otton,cade otton,2,2,32.0,0,0.0,0.0,13.0,19.0,2.0,2.514217,0,2.4615386,0.11764706,0.09489051,0.24289395,,,,,,,,,,,,,,,,,WC,TB,WAS,Cade Otton,OttoCa00,0.0,0.0,0.0,118.7
2024,POST,19,00-0033246,J.Mundt,TE,TE,MIN,13940,6414998b-5831-44aa-8bd8-39e42a323c2c,16743.0,12206.0,4314.0,,3052096.0,30373.0,,2818622.0,MundJo00,,12316.0,12525.0,,30373.0,740704.0,19165.0,740704.0,Johnny Mundt,johnny mundt,2,3,28.0,0,0.0,0.0,11.0,19.0,2.0,1.6995888,0,2.5454545,0.075,0.026190476,0.13083333,,,,,,,,,,,,,,,,,WC,MIN,LA,Johnny Mundt,MundJo00,0.0,0.0,0.0,96.5
2024,POST,19,00-0039359,C.Stover,TE,TE,HOU,16642,559d5222-0403-4a14-94c7-c7bd5072c939,25269.0,,11599.0,,4426496.0,40987.0,,3125978.0,StovCa00,cade-stover-1,17794.0,,1613.0,40987.0,0.0,,1175182.0,Cade Stover,cade stover,4,4,28.0,0,0.0,0.0,9.0,19.0,1.0,0.6378559,0,3.1111112,0.125,0.029032258,0.20782258,,,,,,,,,,,,,,,,,WC,HOU,LAC,Cade Stover,StovCa00,0.0,0.0,0.0,95.8
2024,POST,19,00-0034753,M.Andrews,TE,TE,BAL,13671,0618f387-9b72-4270-8b8f-dec4cccc9e4a,17269.0,47436.0,5012.0,,3116365.0,31056.0,,2131121.0,AndrMa00,mark-andrews-1,12559.0,13182.0,366.0,31056.0,820699.0,19803.0,820699.0,Mark Andrews,mark andrews,2,3,27.0,0,0.0,0.0,22.0,18.0,2.0,1.6884127,0,1.2272727,0.15789473,0.19469027,0.37312528,,,,,,,,,,,,,,,,,WC,BAL,PIT,Mark Andrews,AndrMa00,0.0,0.0,0.0,95.1
2024,POST,19,00-0038996,T.Kraft,TE,TE,GB,16222,3a084c5f-6b9f-4703-a0c7-1566bc4b1129,25298.0,,9484.0,,4572680.0,40102.0,,3133332.0,KrafTu00,,16649.0,,1418.0,40102.0,0.0,,1181874.0,Tucker Kraft,tucker kraft,5,5,26.0,0,0.0,0.0,5.0,21.0,1.0,0.11215661,0,5.2,0.15151516,0.018050542,0.2399081,Tucker Kraft,GB,4.997999999999999,4.271940234645243,0.9879999999999995,1.7844886753603288,100.0,26.0,0.0,4.212000000000001,3.8730056159528656,0.338994384047135,00-0038996,Tucker,Kraft,T.Kraft,WC,GB,PHI,Tucker Kraft,KrafTu00,0.0,0.0,0.0,88.3
2024,POST,19,00-0030061,Z.Ertz,TE,TE,WAS,11247,de3421f7-2147-4835-89a5-724e87bad463,11689.0,7816.0,1339.0,zachertz/2540158,15835.0,26658.0,,1685963.0,ErtzZa00,zach-ertz-1,8781.0,8409.0,305.0,26658.0,503177.0,14856.0,503177.0,Zach Ertz,zach ertz,2,4,23.0,0,0.0,0.0,30.0,3.0,2.0,0.78662246,0,0.76666665,0.125,0.15789473,0.29802632,,,,,,,,,,,,,,,,,WC,WAS,TB,Zach Ertz,ErtzZa00,0.0,1.0,0.25,67.7
2024,POST,19,00-0034383,D.Schultz,TE,TE,HOU,13772,8caec1b4-e0b6-4a84-b8c8-617d6e91ef6a,17349.0,47304.0,5001.0,,3117256.0,31107.0,,2136748.0,SchuDa00,dalton-schultz-1,12514.0,13198.0,487.0,31107.0,830523.0,19920.0,830523.0,Dalton Schultz,dalton schultz,2,4,23.0,0,0.0,0.0,42.0,11.0,1.0,-2.0789795,0,0.54761904,0.125,0.13548388,0.2823387,,,,,,,,,,,,,,,,,WC,HOU,LAC,Dalton Schultz,SchuDa00,0.0,0.0,0.0,67.7
2024,POST,19,00-0034159,W.Dissly,TE,TE,LAC,13763,383f4814-6836-4766-a297-fc063e8509cc,18049.0,30762.0,5010.0,,3127292.0,31090.0,,2139628.0,DissWi00,will-dissly-1,12986.0,13246.0,86.0,31090.0,837806.0,19950.0,837806.0,Will Dissly,will dissly,2,5,16.0,0,0.0,0.0,31.0,14.0,0.0,-8.747309,0,0.516129,0.15625,0.07654321,0.28795525,Will Dissly,LAC,6.6925,4.074660819989575,6.663999999999999,8.613825551936301,40.0,16.0,0.0,7.550000000000001,7.993551336900282,-0.44355133690028126,00-0034159,Will,Dissly,W.Dissly,WC,LAC,HOU,Will Dissly,DissWi00,0.0,2.0,0.4,9.2
2024,POST,19,00-0036894,P.Freiermuth,TE,TE,PIT,15331,04f0fefe-9d9d-44f5-94ea-6df2a42df3c6,20163.0,84085.0,7600.0,,4361411.0,33443.0,,2961270.0,FreiPa00,pat-freiermuth-1,15267.0,,1053.0,33443.0,0.0,,1116662.0,Pat Freiermuth,pat freiermuth,3,4,15.0,0,0.0,0.0,14.0,5.0,0.0,-3.1080594,0,1.0714285,0.15384616,0.068292685,0.2785741,,,,,,,,,,,,,,,,,WC,PIT,BAL,Pat Freiermuth,FreiPa00,1.0,1.0,0.25,80.2
2024,POST,19,00-0036244,C.Parkinson,TE,TE,LA,14871,1ea7affb-e5e7-491a-aaa3-55e200b2eb48,19372.0,52266.0,6865.0,,4242557.0,32803.0,,2867522.0,ParkCo02,colby-parkinson-1,14463.0,,565.0,32803.0,0.0,21807.0,1060312.0,Colby Parkinson,colby parkinson,2,2,13.0,0,0.0,0.0,6.0,7.0,0.0,0.62770784,0,2.1666667,0.07692308,0.029268293,0.13587242,,,,,,,,,,,,,,,,,WC,LA,MIN,Colby Parkinson,ParkCo02,0.0,0.0,0.0,93.7
2024,POST,19,00-0037004,H.Long,TE,TE,LA,15334,ebc576d0-a98b-4f82-aaf9-901a3911487d,22783.0,60859.0,7535.0,,4239944.0,33469.0,,2867428.0,LongHu00,hunter-long-3,15246.0,,1056.0,33469.0,0.0,,1060550.0,Hunter Long,hunter long,1,2,13.0,0,0.0,0.0,49.0,0.0,1.0,0.37687516,0,0.26530612,0.07692308,0.23902439,0.2827017,,,,,,,,,,,,,,,,,WC,LA,MIN,Hunter Long,LongHu00,0.0,0.0,0.0,70.8
2024,POST,19,00-0039074,D.Allen,TE,TE,LA,16219,02a77d8c-3b89-4a61-86a2-0c005c1e589a,23761.0,,10214.0,,4426553.0,40164.0,,3123267.0,AlleDa02,davis-allen-1,17030.0,,1434.0,40164.0,0.0,,1161664.0,Davis Allen,davis allen,1,2,13.0,1,0.0,0.0,10.0,8.0,1.0,2.3003979,0,1.3,0.07692308,0.048780486,0.14953096,,,,,,,,,,,,,,,,,WC,LA,MIN,Davis Allen,AlleDa02,0.0,0.0,0.0,110.4
2024,POST,19,00-0038558,D.Washington,TE,TE,PIT,16216,1984b8b5-d206-4d6a-8204-c5dd0160e9f5,22967.0,,9479.0,,4430802.0,40094.0,,3163963.0,WashDa03,darnell-washington-1,16889.0,,1431.0,40094.0,0.0,,1218658.0,Darnell Washington,darnell washington,1,3,9.0,0,0.0,0.0,15.0,5.0,0.0,0.1775161,0,0.6,0.115384616,0.07317073,0.22429644,,,,,,,,,,,,,,,,,WC,PIT,BAL,Darnell Washington,WashDa03,0.0,1.0,0.333,42.4
2024,POST,19,00-0035249,J.Oliver,TE,TE,MIN,14209,dc83f7af-7b30-4c4a-9c93-f67bd8db954b,18487.0,47083.0,5973.0,,3921690.0,31901.0,,2184618.0,OlivJo00,josh-oliver-1,13786.0,14127.0,7.0,31901.0,881779.0,20899.0,881779.0,Josh Oliver,josh oliver,1,1,5.0,0,0.0,0.0,-2.0,7.0,0.0,0.039519448,0,0.0,0.025,-0.004761905,0.034166668,,,,,,,,,,,,,,,,,WC,MIN,LA,Josh Oliver,OlivJo00,0.0,0.0,0.0,87.5
2024,POST,19,00-0037086,G.Calcaterra,TE,TE,PHI,15804,f6988cfa-2dcf-490b-ac80-9af8e4292efa,24180.0,,8177.0,,4241374.0,34154.0,,2804129.0,CalcGr00,grant-calcaterra-1,16039.0,,,34154.0,0.0,,976221.0,Grant Calcaterra,grant calcaterra,1,1,4.0,0,0.0,0.0,4.0,0.0,0.0,-0.3771426,0,1.0,0.055555556,0.033333335,0.10666667,,,,,,,,,,,,,,,,,WC,PHI,GB,Grant Calcaterra,CalcGr00,0.0,0.0,0.0,83.3
2024,POST,19,00-0036422,A.Trautman,TE,TE,DEN,14870,4e14183b-f974-4745-9d7f-8f5eb2a92a7d,19423.0,109795.0,6869.0,,3911853.0,32775.0,,2182228.0,TrauAd00,,14541.0,,566.0,32775.0,0.0,21786.0,875444.0,Adam Trautman,adam trautman,1,1,2.0,0,0.0,0.0,2.0,0.0,0.0,-0.37420085,0,1.0,0.04347826,0.0072727273,0.0703083,,,,,,,,,,,,,,,,,WC,DEN,BUF,Adam Trautman,TrauAd00,0.0,0.0,0.0,79.2
2024,POST,19,00-0037539,L.Krull,TE,TE,DEN,15970,767b4820-cc9f-11ec-952e-a10f2c98fc4d,24240.0,,8249.0,,4360231.0,34654.0,,2961761.0,KrulLu00,,16259.0,,1328.0,34654.0,0.0,,1122323.0,Lucas Krull,lucas krull,1,1,2.0,0,0.0,0.0,2.0,0.0,0.0,-0.017251486,0,1.0,0.04347826,0.0072727273,0.0703083,,,,,,,,,,,,,,,,,WC,DEN,BUF,Lucas Krull,KrulLu00,0.0,0.0,0.0,79.2
2024,POST,19,00-0036628,J.Bates,TE,TE,WAS,15344,3208880b-949f-4926-85eb-1940770550ea,22833.0,42275.0,7716.0,,4048228.0,33512.0,,2257291.0,BateJo00,john-bates-1,15289.0,,,33512.0,0.0,,944038.0,John Bates,john bates,0,1,0.0,0,0.0,0.0,0.0,0.0,0.0,-0.27392194,0,,0.03125,0.0,0.046875,,,,,,,,,,,,,,,,,WC,WAS,TB,John Bates,BateJo00,0.0,0.0,0.0,39.6
2024,POST,20,00-0030506,T.Kelce,TE,TE,KC,11244,c3859e06-5f23-4302-a71b-04820a899d5f,11594.0,7844.0,1466.0,traviskelce/2540258,15847.0,26686.0,,1725130.0,KelcTr00,travis-kelce-1,8783.0,8411.0,264.0,26686.0,448240.0,15048.0,448240.0,Travis Kelce,travis kelce,7,8,117.0,1,0.0,0.0,67.0,57.0,5.0,10.224191,0,1.7462686,0.33333334,0.43506494,0.80454546,Travis Kelce,KC,6.715714285714285,3.8269993923309933,8.225000000000001,45.034563000479096,87.5,117.0,1.0,8.77142857142857,4.591861095019626,4.179567476408945,00-0030506,Travis,Kelce,T.Kelce,,,,,,,,,
2024,POST,20,00-0034383,D.Schultz,TE,TE,HOU,13772,8caec1b4-e0b6-4a84-b8c8-617d6e91ef6a,17349.0,47304.0,5001.0,,3117256.0,31107.0,,2136748.0,SchuDa00,dalton-schultz-1,12514.0,13198.0,487.0,31107.0,830523.0,19920.0,830523.0,Dalton Schultz,dalton schultz,4,4,63.0,0,0.0,0.0,51.0,12.0,3.0,6.244636,0,1.2352941,0.14285715,0.18888889,0.34650794,,,,,,,,,,,,,,,,,,,,,,,,,
2024,POST,20,00-0039065,S.LaPorta,TE,TE,DET,16214,3059f1e5-1871-4458-9e90-9b9917874c61,22978.0,,10859.0,,4430027.0,40064.0,,3124197.0,LaPoSa01,sam-laporta-1,17033.0,,1429.0,40064.0,0.0,,1168926.0,Sam LaPorta,sam laporta,6,7,51.0,1,0.0,0.0,29.0,22.0,3.0,1.5823992,0,1.7586207,0.17948718,0.08309455,0.32739696,Sam LaPorta,DET,7.5625,3.203121286212576,5.065714285714285,9.86068240593977,85.71428571428571,51.0,1.0,3.826666666666668,3.5966362142884614,0.23003045237820663,00-0039065,Sam,LaPorta,S.LaPorta,,,,,,,,,
2024,POST,20,00-0030061,Z.Ertz,TE,TE,WAS,11247,de3421f7-2147-4835-89a5-724e87bad463,11689.0,7816.0,1339.0,zachertz/2540158,15835.0,26658.0,,1685963.0,ErtzZa00,zach-ertz-1,8781.0,8409.0,305.0,26658.0,503177.0,14856.0,503177.0,Zach Ertz,zach ertz,5,5,28.0,1,0.0,0.0,22.0,6.0,2.0,5.26438,0,1.2727273,0.1724138,0.13017751,0.34974495,Zach Ertz,WAS,5.986666666666667,2.7411987732465977,4.4,13.445789023346787,100.0,28.0,1.0,1.3659999999999997,1.9379399099105854,-0.5719399099105857,00-0030061,Zachary,Ertz,Z.Ertz,,,,,,,,,
2024,POST,20,00-0036628,J.Bates,TE,TE,WAS,15344,3208880b-949f-4926-85eb-1940770550ea,22833.0,42275.0,7716.0,,4048228.0,33512.0,,2257291.0,BateJo00,john-bates-1,15289.0,,,33512.0,0.0,,944038.0,John Bates,john bates,1,2,20.0,0,0.0,0.0,17.0,3.0,1.0,1.8213143,0,1.1764706,0.06896552,0.10059172,0.17386247,,,,,,,,,,,,,,,,,,,,,,,,,
2024,POST,20,00-0036637,N.Gray,TE,TE,KC,15337,c97dfcb6-b999-476f-8487-f3848e92df17,19539.0,60878.0,7828.0,,4240472.0,33550.0,,2866903.0,GrayNo00,noah-gray-1,15459.0,,1059.0,33550.0,0.0,,1056981.0,Noah Gray,noah gray,3,3,13.0,0,0.0,0.0,10.0,3.0,0.0,-1.1404426,0,1.3,0.125,0.064935066,0.23295455,,,,,,,,,,,,,,,,,,,,,,,,,
2024,POST,20,00-0034970,I.Smith,TE,TE,HOU,14141,ed0e6a30-83d5-4f4b-bf49-f7ff80e21304,18610.0,42060.0,6126.0,,4040980.0,31882.0,,2257888.0,SmitIr01,irv-smith-jr-1,13583.0,14052.0,,31882.0,944428.0,20949.0,944428.0,Irv Smith,irv smith,1,1,2.0,0,0.0,0.0,2.0,0.0,0.0,-0.35957903,0,1.0,0.035714287,0.0074074073,0.058756612,,,,,,,,,,,,,,,,,,,,,,,,,
